500 4000 1500
5 25 13 6 12 24 13 5 23 9 5 13 11 11 19 18 18 21 11 17 7 19 21 6 16 8 22 5 7 18 17 13 8 17 11 18 15 19 20 19 18 17 21 23 23 9 11 15 12 5 12 14 23 9 24 11 12 11 12 9 9 6 17 18 7 20 22 5 15 6 8 8 23 21 23 7 11 22 12 21 6 22 18 21 13 6 24 22 24 21 21 19 11 20 21 17 12 22 25 21 6 23 15 16 14 25 13 13 25 17 10 14 10 24 8 14 20 21 15 16 24 10 8 21 12 12 13 16 17 7 19 7 5 11 13 17 16 8 14 8 25 6 16 9 16 24 17 8 23 8 12 23 7 16 19 14 23 25 14 23 25 15 22 19 22 17 6 11 5 6 17 22 7 23 22 9 11 18 18 8 22 21 17 18 5 8 18 18 23 6 10 15 24 14 5 13 23 21 11 19 20 20 10 17 23 14 7 10 19 13 10 21 13 15 6 20 6 8 10 15 9 24 6 16 11 17 17 24 7 22 9 7 22 12 25 14 15 18 7 24 25 21 6 5 25 23 11 11 9 9 7 18 13 22 24 10 21 22 12 6 11 24 19 13 11 17 24 20 22 17 17 25 18 17 6 9 6 13 13 23 7 18 5 25 17 7 7 13 15 21 16 7 22 13 8 22 21 8 13 22 14 6 22 10 11 18 6 16 11 24 22 25 25 5 25 15 12 17 17 21 7 13 17 13 19 5 9 22 21 25 16 12 5 5 5 7 7 17 12 22 11 6 15 17 24 7 22 13 15 14 16 25 21 17 12 8 18 19 9 21 12 8 12 17 19 14 10 24 24 20 21 12 15 18 7 9 10 8 20 7 20 15 17 5 13 12 22 16 24 16 20 21 8 7 7 19 12 17 11 5 21 5 14 22 11 13 17 24 10 24 20 25 25 8 11 23 9 8 22 21 7 15 8 23 5 16 8 23 9 11 14 11 7 6 21 10 7 24 24 23 16 10 19 6 16 15 25 20 22 5 23 5 16 15 24 23 22 18 9 8 20 11 8 17 25 6 11 19 11 10 11 23 18 13 9 12 12 21 20 13 25 18 20 9 19 18 25 8 22 22 12 23 14 8 13 23 16 25 6 6
3 18 12 17 6 5 14 13 11 3 6 6 12 11 4 17 10 5 3 6 11 5 4 5 10 20 18 7 9 10 19 8 9 12 13 8 14 6 6 5 3 10 10 17 7 10 12 7 18 5 9 17 14 11 9 5 7 9 13 3 4 20 14 3 20 18 4 7 11 14 20 12 3 7 18 19 7 3 19 5 19 19 7 15 15 5 18 6 18 9 3 9 4 9 13 3 5 14 16 4 16 7 8 20 9 16 14 8 16 8 10 6 20 18 8 16 3 5 16 12 17 17 8 16 9 11 16 4 9 18 3 9 7 17 3 4 20 9 8 6 11 11 7 15 20 6 10 13 15 10 4 10 8 19 11 13 15 15 13 3 16 4 10 6 12 17 9 17 18 10 4 6 8 5 3 5 14 8 7 17 20 11 9 15 12 9 4 3 12 7 7 20 3 10 3 8 3 18 7 10 17 12 3 10 5 15 20 16 19 6 9 5 16 8 18 15 4 13 9 3 3 19 13 15 3 8 5 7 11 6 16 9 14 19 9 15 20 8 4 7 12 4 10 12 16 12 5 4 5 11 7 18 15 6 8 20 6 5 10 20 13 17 7 10 5 6 11 17 20 9 15 3 12 12 11 14 4 16 19 15 16 16 7 18 17 20 5 19 8 19 4 16 15 8 18 5 4 3 12 14 3 19 20 8 9 11 3 11 12 7 4 8 12 3 8 6 20 4 16 19 10 15 15 15 17 9 14 8 10 11 17 9 5 4 20 8 15 5 9 11 16 4 16 19 11 5 4 12 8 12 11 18 14 3 15 9 6 20 20 8 19 9 3 8 7 16 4 7 10 17 9 15 11 8 4 11 8 14 9 9 7 18 5 18 20 19 11 13 20 7 19 17 6 8 8 7 6 17 7 13 20 12 3 10 13 16 3 19 16 10 13 14 11 3 16 19 5 4 16 18 5 20 15 10 8 6 14 7 16 13 10 11 12 11 10 11 10 13 16 17 7 13 13 12 14 19 5 17 15 17 5 4 9 13 11 11 3 5 11 17 20 19 19 3 5 12 17 13 11 11 9 3 16 3 18 15 3 12 3 12 7 4 5 12 10 12 14 13 6 17 10 6 20 11 20 7 12 18 16 12
1 9 2
198 493
1 15 2
227 411
1 4 2
421 430
1 14 2
492 112
1 2 2
50 114
1 15 2
417 193
1 5 2
407 196
1 5 2
337 42
1 6 2
3 192
1 10 2
357 362
1 10 2
66 319
1 14 2
216 464
1 14 2
225 307
1 14 2
263 243
1 12 2
102 224
1 8 2
334 37
1 5 2
222 444
1 2 2
33 325
1 10 2
172 94
1 13 2
391 335
1 6 2
477 103
1 12 2
129 309
1 3 2
5 195
1 5 2
419 358
1 14 2
307 181
1 6 2
310 300
1 3 2
196 277
1 11 2
36 450
1 8 2
272 35
1 6 2
41 257
1 7 2
58 423
1 14 2
81 402
1 13 2
429 157
1 5 2
263 105
1 9 2
463 367
1 8 2
248 491
1 7 2
255 481
1 13 2
227 27
1 6 2
306 27
1 3 2
17 102
1 11 2
264 30
1 13 2
103 233
1 4 2
248 40
1 4 2
212 451
1 12 2
449 478
1 13 2
311 423
1 15 2
235 399
1 5 2
90 329
1 6 2
328 493
1 12 2
384 466
1 12 2
215 370
1 11 2
216 56
1 6 2
83 19
1 6 2
388 129
1 5 2
148 145
1 5 2
1 485
1 6 2
274 313
1 6 2
131 343
1 10 2
137 468
1 5 2
448 230
1 10 2
295 288
1 3 2
308 359
1 6 2
425 8
1 2 2
308 475
1 9 2
372 46
1 4 2
381 342
1 6 2
486 428
1 12 2
390 408
1 3 2
282 390
1 15 2
50 269
1 15 2
47 190
1 8 2
81 244
1 14 2
18 91
1 15 2
54 26
1 14 2
38 154
1 7 2
139 80
1 3 2
248 367
1 4 2
148 223
1 6 2
466 114
1 12 2
413 271
1 3 2
176 346
1 5 2
465 327
1 3 2
235 421
1 8 2
60 278
1 11 2
247 96
1 14 2
191 329
1 5 2
276 343
1 11 2
470 133
1 6 2
241 193
1 3 2
111 334
1 9 2
195 493
1 4 2
218 193
1 8 2
169 95
1 15 2
371 486
1 11 2
344 402
1 6 2
88 79
1 13 2
160 477
1 13 2
77 163
1 3 2
114 310
1 5 2
341 376
1 8 2
205 458
1 3 2
176 332
1 15 2
232 485
1 11 2
312 0
1 10 2
141 312
1 9 2
55 168
1 13 2
232 90
1 2 2
76 407
1 3 2
476 221
1 10 2
108 462
1 5 2
293 329
1 11 2
336 308
1 12 2
115 328
1 15 2
315 26
1 3 2
302 413
1 10 2
420 208
1 8 2
329 282
1 12 2
468 215
1 13 2
259 325
1 15 2
332 359
1 14 2
251 101
1 10 2
149 258
1 8 2
78 203
1 6 2
465 485
1 3 2
182 42
1 7 2
147 137
1 5 2
166 29
1 5 2
476 417
1 14 2
208 66
1 11 2
228 439
1 8 2
490 46
1 9 2
310 132
1 6 2
28 158
1 12 2
314 421
1 15 2
174 414
1 10 2
274 401
1 11 2
79 394
1 6 2
170 364
1 3 2
236 63
1 2 2
392 118
1 14 2
239 162
1 8 2
194 450
1 5 2
317 406
1 13 2
102 440
1 14 2
266 168
1 4 2
252 453
1 15 2
296 249
1 8 2
117 0
1 12 2
104 480
1 4 2
59 17
1 14 2
130 352
1 4 2
393 475
1 4 2
36 338
1 5 2
35 373
1 7 2
38 85
1 9 2
26 435
1 12 2
79 307
1 6 2
271 61
1 9 2
366 481
1 12 2
4 362
1 12 2
130 452
1 7 2
485 411
1 5 2
342 311
1 6 2
425 267
1 14 2
346 451
1 7 2
63 430
1 5 2
290 222
1 11 2
314 189
1 8 2
183 25
1 13 2
345 390
1 13 2
49 413
1 5 2
338 337
1 2 2
427 176
1 5 2
154 379
1 7 2
322 293
1 10 2
190 72
1 2 2
177 410
1 12 2
374 113
1 14 2
349 79
1 4 2
222 78
1 13 2
422 331
1 12 2
141 346
1 10 2
120 28
1 8 2
216 355
1 9 2
29 37
1 4 2
228 30
1 15 2
237 480
1 13 2
285 173
1 7 2
69 299
1 12 2
4 412
1 6 2
275 116
1 2 2
483 3
1 14 2
100 359
1 2 2
384 431
1 12 2
35 414
1 15 2
427 495
1 2 2
382 7
1 5 2
399 403
1 11 2
72 135
1 12 2
101 357
1 3 2
40 464
1 11 2
443 151
1 9 2
229 149
1 5 2
466 482
1 2 2
9 334
1 10 2
226 56
1 15 2
343 191
1 14 2
433 399
1 13 2
480 317
1 3 2
207 398
1 4 2
439 159
1 13 2
267 213
1 13 2
361 50
1 7 2
353 260
1 3 2
106 489
1 8 2
214 81
1 12 2
109 336
1 8 2
303 159
1 13 2
401 9
1 13 2
9 328
1 2 2
178 482
1 4 2
191 100
1 10 2
211 184
1 13 2
419 356
1 12 2
135 370
1 9 2
489 287
1 5 2
57 91
1 10 2
431 206
1 2 2
22 99
1 13 2
387 358
1 15 2
243 370
1 3 2
434 436
1 14 2
265 77
1 15 2
479 339
1 13 2
76 69
1 13 2
274 450
1 7 2
108 195
1 12 2
481 267
1 8 2
349 33
1 5 2
171 256
1 8 2
201 233
1 7 2
418 416
1 2 2
238 223
1 10 2
353 257
1 3 2
250 295
1 9 2
333 198
1 6 2
478 184
1 11 2
147 73
1 10 2
319 210
1 4 2
249 482
1 15 2
396 117
1 10 2
421 257
1 6 2
226 390
1 12 2
331 59
1 13 2
195 325
1 4 2
417 468
1 7 2
461 413
1 4 2
121 249
1 6 2
471 340
1 7 2
342 261
1 8 2
329 107
1 3 2
129 309
1 13 2
149 350
1 2 2
263 238
1 5 2
24 304
1 7 2
331 465
1 5 2
444 15
1 3 2
332 397
1 10 2
289 151
1 4 2
332 85
1 3 2
255 274
1 4 2
327 205
1 13 2
479 138
1 12 2
423 252
1 15 2
339 363
1 13 2
282 230
1 2 2
448 310
1 10 2
283 35
1 7 2
331 438
1 11 2
112 450
1 6 2
48 438
1 10 2
384 398
1 3 2
176 451
1 8 2
243 219
1 5 2
296 21
1 7 2
321 269
1 7 2
186 207
1 13 2
282 388
1 13 2
296 219
1 9 2
410 398
1 5 2
152 424
1 13 2
360 486
1 2 2
366 224
1 8 2
321 417
1 7 2
34 308
1 14 2
176 426
1 3 2
144 357
1 12 2
491 476
1 9 2
339 410
1 11 2
475 150
1 9 2
231 88
1 12 2
206 374
1 3 2
421 481
1 8 2
470 405
1 4 2
15 10
1 14 2
128 398
1 6 2
369 224
1 7 2
421 256
1 13 2
406 331
1 11 2
265 67
1 3 2
267 90
1 14 2
90 370
1 15 2
108 292
1 11 2
40 141
1 3 2
184 394
1 5 2
20 451
1 10 2
165 272
1 7 2
8 271
1 12 2
28 456
1 2 2
21 347
1 8 2
266 141
1 7 2
454 17
1 6 2
253 14
1 6 2
65 220
1 5 2
87 378
1 15 2
286 304
1 13 2
234 132
1 15 2
157 376
1 2 2
338 463
1 9 2
49 412
1 8 2
455 192
1 3 2
436 37
1 3 2
160 36
1 15 2
294 363
1 9 2
365 352
1 4 2
384 119
1 12 2
392 240
1 6 2
267 375
1 4 2
97 175
1 7 2
464 96
1 11 2
150 477
1 11 2
201 240
1 2 2
27 147
1 10 2
178 253
1 7 2
417 49
1 8 2
157 416
1 8 2
185 171
1 8 2
384 183
1 14 2
269 468
1 13 2
230 44
1 13 2
326 0
1 11 2
13 259
1 5 2
287 338
1 15 2
227 450
1 8 2
39 90
1 8 2
370 307
1 2 2
271 220
1 5 2
171 477
1 9 2
307 271
1 9 2
39 307
1 7 2
201 125
1 15 2
381 468
1 7 2
362 227
1 5 2
366 55
1 6 2
60 468
1 10 2
399 221
1 2 2
256 72
1 9 2
61 410
1 3 2
242 23
1 9 2
479 152
1 15 2
393 334
1 2 2
465 151
1 14 2
290 197
1 5 2
105 165
1 8 2
429 274
1 10 2
458 92
1 9 2
125 42
1 11 2
32 471
1 9 2
489 74
1 11 2
227 300
1 11 2
232 281
1 11 2
150 492
1 7 2
461 114
1 15 2
441 178
1 9 2
414 374
1 3 2
217 30
1 7 2
469 497
1 14 2
193 357
1 11 2
58 370
1 13 2
359 124
1 13 2
168 159
1 10 2
120 375
1 15 2
147 78
1 9 2
11 180
1 3 2
281 1
1 7 2
413 182
1 4 2
248 155
1 5 2
66 36
1 6 2
410 91
1 13 2
420 358
1 7 2
198 478
1 8 2
392 7
1 13 2
433 422
1 10 2
90 8
1 15 2
84 291
1 13 2
263 77
1 10 2
245 442
1 11 2
367 67
1 7 2
417 98
1 11 2
7 359
1 4 2
433 13
1 11 2
157 347
1 8 2
440 168
1 3 2
414 487
1 9 2
163 54
1 4 2
423 153
1 2 2
96 433
1 6 2
164 371
1 7 2
317 134
1 5 2
416 56
1 8 2
288 182
1 10 2
438 102
1 3 2
44 453
1 11 2
71 306
1 15 2
260 174
1 14 2
201 41
1 2 2
23 195
1 10 2
413 374
1 15 2
449 342
1 15 2
468 172
1 15 2
180 267
1 8 2
440 123
1 5 2
329 490
1 9 2
103 393
1 9 2
79 253
1 8 2
35 139
1 7 2
25 75
1 6 2
386 314
1 3 2
291 101
1 15 2
181 158
1 14 2
238 389
1 6 2
359 102
1 7 2
423 281
1 5 2
58 229
1 9 2
471 282
1 9 2
102 317
1 10 2
44 236
1 4 2
152 364
1 15 2
476 57
1 11 2
287 284
1 12 2
325 104
1 11 2
427 226
1 15 2
422 338
1 10 2
150 210
1 2 2
165 433
1 14 2
19 227
1 5 2
170 375
1 2 2
114 413
1 5 2
162 486
1 3 2
283 152
1 14 2
384 123
1 7 2
297 389
1 6 2
361 72
1 13 2
349 270
1 15 2
384 381
1 3 2
368 190
1 10 2
386 289
1 15 2
236 235
1 9 2
455 178
1 10 2
299 467
1 12 2
189 229
1 13 2
312 112
1 3 2
437 72
1 6 2
365 141
1 5 2
216 219
1 14 2
470 40
1 8 2
153 111
1 12 2
144 228
1 8 2
28 225
1 10 2
309 149
1 10 2
210 486
1 3 2
6 324
1 7 2
369 499
1 6 2
65 408
1 12 2
487 436
1 4 2
227 218
1 4 2
323 496
1 15 2
488 176
1 11 2
265 292
1 3 2
55 165
1 7 2
226 400
1 5 2
306 132
1 3 2
223 113
1 13 2
147 331
1 13 2
483 239
1 4 2
295 134
1 14 2
97 174
1 12 2
94 314
1 9 2
308 100
1 11 2
265 0
1 8 2
225 360
1 2 2
127 282
1 6 2
379 441
1 7 2
101 177
1 6 2
30 495
1 7 2
152 79
1 11 2
243 473
1 10 2
61 332
1 8 2
175 84
1 8 2
3 477
1 3 2
96 142
1 7 2
300 165
1 12 2
400 213
1 14 2
377 342
1 2 2
289 239
1 6 2
253 301
1 2 2
399 96
1 6 2
383 398
1 10 2
249 310
1 7 2
419 92
1 6 2
416 425
1 8 2
185 210
1 13 2
333 414
1 2 2
13 218
1 11 2
199 32
1 15 2
200 158
1 14 2
345 490
1 3 2
244 474
1 5 2
62 70
1 9 2
404 58
1 6 2
51 97
1 4 2
18 125
1 11 2
56 2
1 13 2
217 170
1 15 2
278 133
1 13 2
242 203
1 14 2
368 18
1 8 2
114 109
1 2 2
248 374
1 11 2
293 123
1 13 2
443 15
1 14 2
499 375
1 9 2
426 360
1 6 2
145 321
1 15 2
130 305
1 12 2
270 279
1 12 2
269 202
1 9 2
221 472
1 10 2
444 427
1 8 2
472 87
1 3 2
299 378
1 7 2
81 97
1 2 2
287 450
1 7 2
202 322
1 3 2
319 370
1 5 2
26 392
1 11 2
302 345
1 7 2
11 473
1 8 2
68 32
1 10 2
112 22
1 15 2
217 475
1 13 2
14 381
1 4 2
128 333
1 2 2
261 489
1 6 2
281 194
1 15 2
298 273
1 3 2
209 15
1 9 2
15 479
1 9 2
162 93
1 15 2
328 103
1 8 2
349 69
1 7 2
302 216
1 14 2
102 114
1 11 2
488 225
1 13 2
364 438
1 12 2
264 255
1 5 2
216 107
1 5 2
234 243
1 7 2
78 258
1 8 2
19 168
1 11 2
203 116
1 3 2
462 405
1 11 2
391 197
1 12 2
314 108
1 15 2
152 157
1 3 2
55 241
1 9 2
481 0
1 4 2
84 373
1 9 2
153 384
1 9 2
167 382
1 10 2
397 310
1 11 2
4 488
1 9 2
289 395
1 8 2
350 61
1 15 2
262 1
1 6 2
284 192
1 2 2
136 267
1 7 2
488 413
1 5 2
269 291
1 14 2
284 261
1 11 2
67 170
1 15 2
264 179
1 12 2
145 460
1 8 2
280 65
1 2 2
336 423
1 12 2
373 38
1 4 2
288 299
1 14 2
422 155
1 7 2
257 404
1 5 2
376 472
1 14 2
32 202
1 11 2
424 268
1 2 2
456 259
1 10 2
384 415
1 5 2
331 372
1 4 2
473 141
1 14 2
396 368
1 6 2
241 393
1 12 2
437 135
1 11 2
115 120
1 5 2
341 479
1 11 2
121 395
1 8 2
460 190
1 7 2
18 388
1 2 2
474 499
1 8 2
453 362
1 4 2
252 345
1 9 2
141 245
1 10 2
496 206
1 14 2
22 6
1 2 2
135 460
1 2 2
238 143
1 9 2
279 116
1 9 2
323 325
1 5 2
233 389
1 6 2
387 80
1 3 2
476 438
1 8 2
397 177
1 5 2
467 321
1 11 2
69 93
1 12 2
340 272
1 10 2
282 438
1 10 2
311 440
1 13 2
464 394
1 9 2
492 81
1 4 2
488 31
1 12 2
2 292
1 4 2
299 143
1 4 2
261 345
1 13 2
20 16
1 13 2
56 175
1 3 2
218 217
1 10 2
262 373
1 14 2
163 494
1 8 2
448 362
1 12 2
77 304
1 13 2
53 361
1 12 2
155 338
1 15 2
243 450
1 9 2
272 317
1 15 2
199 230
1 13 2
244 246
1 6 2
467 363
1 11 2
260 481
1 3 2
39 2
1 7 2
140 375
1 3 2
308 46
1 14 2
349 369
1 9 2
160 174
1 2 2
498 335
1 10 2
442 274
1 12 2
54 234
1 14 2
179 336
1 13 2
336 402
1 6 2
39 339
1 2 2
262 285
1 9 2
296 20
1 12 2
366 149
1 11 2
367 331
1 9 2
310 319
1 3 2
266 163
1 3 2
257 299
1 8 2
272 71
1 3 2
308 382
1 6 2
465 225
1 14 2
79 17
1 9 2
453 386
1 3 2
2 235
1 4 2
146 204
1 14 2
337 341
1 2 2
423 288
1 9 2
205 218
1 3 2
210 423
1 7 2
187 410
1 14 2
338 223
1 3 2
52 294
1 3 2
113 456
1 9 2
74 274
1 6 2
73 5
1 3 2
211 212
1 2 2
306 408
1 13 2
2 383
1 12 2
18 162
1 13 2
155 300
1 14 2
213 181
1 2 2
168 270
1 3 2
58 101
1 4 2
267 144
1 8 2
243 309
1 8 2
37 46
1 9 2
121 184
1 5 2
300 332
1 9 2
384 408
1 7 2
422 330
1 3 2
346 459
1 3 2
488 288
1 8 2
393 152
1 11 2
281 209
1 12 2
245 477
1 12 2
447 133
1 15 2
258 288
1 13 2
35 139
1 3 2
118 129
1 2 2
371 370
1 6 2
356 47
1 5 2
476 252
1 2 2
159 30
1 4 2
393 30
1 3 2
422 39
1 7 2
126 401
1 10 2
251 200
1 14 2
37 34
1 14 2
436 112
1 6 2
347 55
1 12 2
307 416
1 5 2
35 373
1 2 2
347 303
1 12 2
153 134
1 15 2
4 419
1 14 2
375 177
1 13 2
34 229
1 2 2
25 347
1 11 2
135 81
1 8 2
175 159
1 7 2
16 50
1 3 2
438 162
1 2 2
310 64
1 6 2
81 428
1 13 2
295 44
1 2 2
294 150
1 14 2
376 65
1 8 2
118 137
1 13 2
140 55
1 10 2
297 317
1 6 2
230 225
1 11 2
236 215
1 12 2
281 232
1 8 2
147 361
1 11 2
138 97
1 3 2
152 177
1 5 2
253 350
1 15 2
453 281
1 2 2
499 116
1 4 2
150 115
1 5 2
119 190
1 6 2
456 32
1 13 2
230 411
1 2 2
455 191
1 8 2
478 391
1 2 2
214 216
1 2 2
362 355
1 7 2
118 381
1 15 2
73 213
1 10 2
355 448
1 13 2
245 313
1 14 2
137 216
1 3 2
357 146
1 10 2
413 464
1 8 2
424 182
1 15 2
217 128
1 5 2
225 473
1 10 2
6 317
1 13 2
100 294
1 15 2
162 399
1 14 2
213 497
1 7 2
450 143
1 6 2
335 150
1 7 2
340 255
1 14 2
307 108
1 15 2
42 132
1 7 2
289 69
1 15 2
270 45
1 11 2
475 87
1 6 2
437 42
1 13 2
455 451
1 12 2
242 436
1 9 2
370 47
1 7 2
269 290
1 6 2
319 3
1 7 2
337 281
1 11 2
52 104
1 14 2
198 351
1 15 2
480 229
1 11 2
392 31
1 5 2
361 177
1 12 2
488 83
1 14 2
354 214
1 14 2
159 497
1 7 2
45 263
1 13 2
477 146
1 15 2
479 43
1 10 2
487 283
1 4 2
267 180
1 8 2
310 183
1 12 2
222 137
1 14 2
391 270
1 9 2
195 283
1 4 2
325 109
1 15 2
227 477
1 12 2
301 2
1 13 2
368 451
1 13 2
393 211
1 8 2
108 402
1 3 2
291 412
1 11 2
49 492
1 2 2
217 44
1 9 2
244 368
1 6 2
100 161
1 6 2
318 369
1 3 2
64 252
1 6 2
35 347
1 2 2
498 19
1 15 2
260 281
1 3 2
198 232
1 11 2
378 237
1 8 2
38 474
1 6 2
368 222
1 5 2
58 400
1 13 2
112 449
1 2 2
435 489
1 10 2
475 482
1 7 2
453 212
1 5 2
62 211
1 3 2
135 291
1 5 2
476 196
1 10 2
427 345
1 15 2
450 280
1 8 2
121 50
1 11 2
423 192
1 12 2
368 143
1 11 2
108 418
1 8 2
382 310
1 12 2
465 330
1 2 2
370 355
1 7 2
385 241
1 10 2
347 313
1 6 2
269 4
1 6 2
98 139
1 6 2
437 409
1 12 2
427 182
1 7 2
137 102
1 2 2
71 237
1 3 2
183 158
1 12 2
381 464
1 9 2
358 391
1 12 2
352 168
1 4 2
18 155
1 13 2
463 486
1 6 2
337 415
1 8 2
62 492
1 15 2
165 71
1 10 2
281 431
1 7 2
92 227
1 8 2
39 212
1 5 2
452 59
1 12 2
401 319
1 9 2
231 304
1 2 2
323 388
1 3 2
182 340
1 11 2
122 351
1 5 2
26 377
1 15 2
322 329
1 11 2
226 195
1 3 2
70 392
1 11 2
376 248
1 8 2
348 112
1 13 2
68 223
1 13 2
375 411
1 15 2
127 38
1 5 2
118 80
1 3 2
117 280
1 2 2
414 439
1 4 2
465 84
1 13 2
153 212
1 7 2
188 92
1 10 2
120 469
1 5 2
236 147
1 5 2
436 286
1 8 2
72 343
1 11 2
306 433
1 8 2
193 45
1 6 2
142 163
1 13 2
428 320
1 11 2
218 3
1 4 2
91 260
1 10 2
451 64
1 13 2
404 293
1 12 2
111 371
1 11 2
179 85
1 12 2
462 193
1 5 2
14 108
1 15 2
220 348
1 7 2
405 449
1 6 2
72 137
1 6 2
1 364
1 5 2
58 432
1 13 2
224 75
1 12 2
290 75
1 4 2
469 301
1 15 2
485 250
1 9 2
321 368
1 15 2
187 359
1 10 2
118 276
1 7 2
126 435
1 12 2
289 229
1 3 2
400 219
1 3 2
318 188
1 14 2
114 321
1 14 2
431 497
1 2 2
407 439
1 7 2
373 30
1 2 2
0 256
1 4 2
449 109
1 6 2
188 429
1 8 2
367 495
1 11 2
308 333
1 13 2
165 409
1 6 2
308 411
1 3 2
167 498
1 4 2
281 246
1 3 2
403 46
1 9 2
9 301
1 8 2
282 31
1 14 2
278 9
1 8 2
60 182
1 9 2
231 79
1 6 2
492 83
1 4 2
287 491
1 6 2
334 30
1 3 2
476 413
1 7 2
472 125
1 14 2
454 0
1 6 2
79 382
1 15 2
97 236
1 14 2
196 370
1 8 2
443 436
1 9 2
403 428
1 14 2
127 251
1 8 2
37 57
1 9 2
251 18
1 14 2
149 41
1 7 2
499 116
1 15 2
440 275
1 4 2
276 376
1 10 2
318 69
1 2 2
326 463
1 10 2
84 191
1 4 2
100 61
1 5 2
381 437
1 13 2
197 176
1 2 2
231 35
1 11 2
82 276
1 11 2
152 367
1 3 2
265 181
1 11 2
92 39
1 8 2
395 285
1 12 2
173 109
1 8 2
31 265
1 7 2
254 333
1 13 2
240 23
1 10 2
3 118
1 11 2
95 166
1 12 2
342 322
1 5 2
192 98
1 8 2
340 439
1 10 2
479 391
1 9 2
268 55
1 3 2
116 126
1 15 2
78 355
1 5 2
222 60
1 12 2
437 14
1 7 2
376 277
1 12 2
106 30
1 9 2
315 435
1 13 2
385 440
1 11 2
333 414
1 14 2
101 263
1 7 2
130 212
1 14 2
199 43
1 3 2
25 442
1 8 2
133 497
1 9 2
371 170
1 6 2
446 246
1 6 2
444 451
1 3 2
259 444
1 6 2
447 318
1 3 2
200 30
1 10 2
174 161
1 9 2
343 448
1 13 2
458 498
1 3 2
414 489
1 2 2
65 419
1 3 2
67 499
1 4 2
11 351
1 4 2
369 313
1 10 2
97 317
1 6 2
233 343
1 9 2
446 353
1 10 2
145 302
1 15 2
367 427
1 15 2
390 40
1 5 2
149 238
1 11 2
338 246
1 3 2
246 372
1 7 2
221 164
1 9 2
241 416
1 11 2
433 272
1 3 2
109 114
1 7 2
363 55
1 14 2
371 285
1 4 2
175 313
1 2 2
378 105
1 8 2
336 388
1 13 2
36 22
1 3 2
339 67
1 8 2
313 225
1 8 2
297 445
1 2 2
376 50
1 14 2
425 318
1 3 2
94 60
1 13 2
189 303
1 15 2
167 146
1 11 2
255 125
1 11 2
7 164
1 7 2
0 327
1 7 2
470 434
1 11 2
396 253
1 13 2
466 158
1 14 2
464 398
1 14 2
93 320
1 11 2
128 4
1 4 2
59 342
1 14 2
339 279
1 8 2
56 409
1 12 2
168 446
1 2 2
93 444
1 8 2
167 429
1 3 2
36 323
1 9 2
188 281
1 13 2
23 415
1 5 2
77 460
1 10 2
63 364
1 8 2
385 150
1 5 2
180 413
1 3 2
24 426
1 4 2
84 294
1 9 2
409 221
1 6 2
315 234
1 10 2
170 207
1 12 2
214 413
1 3 2
444 463
1 7 2
90 235
1 6 2
419 56
1 2 2
30 316
1 8 2
290 224
1 9 2
183 23
1 2 2
253 215
1 6 2
130 43
1 3 2
148 180
1 9 2
264 271
1 6 2
13 4
1 7 2
424 47
1 10 2
58 56
1 12 2
138 483
1 2 2
153 9
1 14 2
204 238
1 4 2
124 310
1 12 2
178 128
1 12 2
293 63
1 3 2
467 453
1 12 2
400 85
1 5 2
299 499
1 14 2
319 103
1 10 2
435 47
1 8 2
131 125
1 15 2
434 470
1 5 2
18 143
1 8 2
375 402
1 9 2
34 282
1 8 2
108 91
1 13 2
354 334
1 15 2
392 203
1 15 2
192 118
1 4 2
64 61
1 13 2
27 294
1 11 2
173 288
1 2 2
51 305
1 4 2
369 162
1 6 2
103 211
1 10 2
219 156
1 12 2
169 167
1 13 2
237 481
1 13 2
234 238
1 5 2
436 438
1 4 2
184 25
1 11 2
278 113
1 6 2
340 341
1 10 2
436 317
1 7 2
90 408
1 2 2
333 35
1 11 2
406 78
1 12 2
188 173
1 11 2
298 97
1 12 2
150 350
1 9 2
496 143
1 8 2
33 320
1 4 2
432 309
1 10 2
100 46
1 2 2
224 146
1 11 2
277 29
1 4 2
147 326
1 7 2
19 435
1 2 2
276 472
1 2 2
168 483
1 7 2
325 115
1 3 2
79 175
1 4 2
215 432
1 8 2
222 457
1 12 2
200 382
1 3 2
119 277
1 5 2
223 59
1 10 2
267 307
1 11 2
69 458
1 13 2
200 176
1 7 2
181 108
1 2 2
124 353
1 15 2
55 445
1 2 2
116 476
1 11 2
250 159
1 14 2
154 28
1 12 2
468 352
1 7 2
451 286
1 15 2
210 53
1 12 2
248 172
1 5 2
493 384
1 3 2
79 131
1 8 2
298 80
1 8 2
322 248
1 3 2
4 332
1 13 2
224 58
1 6 2
373 338
1 6 2
256 55
1 11 2
368 39
1 10 2
117 362
1 8 2
307 203
1 13 2
207 388
1 5 2
264 386
1 11 2
137 73
1 6 2
436 379
1 7 2
148 401
1 4 2
354 187
1 6 2
172 352
1 13 2
143 13
1 11 2
495 224
1 12 2
452 239
1 2 2
215 458
1 15 2
270 338
1 4 2
218 285
1 10 2
237 269
1 8 2
461 346
1 6 2
58 440
1 14 2
110 409
1 6 2
164 200
1 9 2
475 232
1 12 2
268 189
1 5 2
11 396
1 7 2
117 220
1 14 2
430 377
1 7 2
415 350
1 4 2
308 274
1 11 2
257 391
1 10 2
208 162
1 12 2
307 478
1 6 2
499 316
1 14 2
46 283
1 2 2
220 242
1 6 2
355 193
1 2 2
365 267
1 9 2
314 277
1 8 2
25 431
1 13 2
67 249
1 11 2
33 100
1 3 2
295 131
1 14 2
57 416
1 9 2
146 65
1 2 2
353 308
1 7 2
212 92
1 11 2
416 285
1 15 2
448 364
1 8 2
34 226
1 2 2
232 460
1 13 2
293 279
1 3 2
472 121
1 13 2
208 203
1 14 2
259 308
1 4 2
304 182
1 15 2
238 487
1 2 2
345 156
1 8 2
349 165
1 2 2
226 363
1 9 2
179 215
1 10 2
119 178
1 13 2
377 208
1 8 2
309 364
1 8 2
170 418
1 12 2
438 316
1 14 2
497 76
1 15 2
432 444
1 3 2
220 246
1 2 2
159 442
1 10 2
351 64
1 6 2
206 373
1 7 2
315 468
1 8 2
410 148
1 13 2
222 146
1 8 2
89 73
1 5 2
386 311
1 6 2
244 128
1 11 2
231 269
1 5 2
14 402
1 3 2
238 65
1 10 2
354 260
1 14 2
54 141
1 9 2
406 155
1 4 2
74 24
1 8 2
400 407
1 2 2
447 206
1 6 2
440 256
1 9 2
479 183
1 12 2
7 244
1 3 2
93 491
1 5 2
280 220
1 13 2
39 377
1 6 2
362 29
1 15 2
35 477
1 10 2
158 330
1 13 2
491 96
1 8 2
92 346
1 4 2
382 294
1 10 2
416 124
1 9 2
340 83
1 7 2
442 450
1 9 2
379 244
1 12 2
343 482
1 13 2
488 497
1 10 2
333 305
1 6 2
488 184
1 13 2
217 101
1 5 2
429 248
1 5 2
252 208
1 11 2
44 145
1 10 2
244 247
1 11 2
293 206
1 7 2
52 466
1 3 2
277 450
1 11 2
111 241
1 2 2
180 231
1 14 2
442 223
1 4 2
438 68
1 2 2
288 15
1 14 2
464 271
1 15 2
416 159
1 9 2
25 316
1 4 2
84 423
1 15 2
252 225
1 7 2
492 299
1 6 2
80 370
1 4 2
122 138
1 4 2
170 30
1 7 2
256 352
1 2 2
110 56
1 6 2
58 396
1 8 2
60 345
1 6 2
280 94
1 4 2
351 73
1 7 2
277 143
1 8 2
352 65
1 11 2
85 11
1 6 2
339 378
1 2 2
208 427
1 2 2
292 312
1 3 2
83 361
1 6 2
424 93
1 8 2
422 166
1 2 2
428 386
1 11 2
307 402
1 5 2
247 161
1 9 2
478 495
1 6 2
46 312
1 4 2
251 268
1 5 2
337 260
1 12 2
356 218
1 7 2
487 351
1 10 2
160 122
1 4 2
94 206
1 7 2
207 134
1 15 2
99 127
1 8 2
223 257
1 10 2
221 249
1 12 2
460 52
1 4 2
187 324
1 14 2
201 361
1 5 2
1 129
1 13 2
304 352
1 7 2
27 265
1 11 2
302 328
1 5 2
118 144
1 8 2
333 171
1 2 2
474 21
1 3 2
357 398
1 9 2
221 125
1 2 2
231 165
1 6 2
241 347
1 15 2
41 452
1 11 2
196 169
1 12 2
226 213
1 4 2
321 286
1 7 2
230 246
1 6 2
471 67
1 14 2
440 27
1 7 2
36 378
1 4 2
441 362
1 14 2
273 391
1 5 2
33 74
1 15 2
117 344
1 9 2
446 264
1 6 2
215 99
1 4 2
478 186
1 15 2
37 28
1 10 2
430 159
1 8 2
86 167
1 6 2
411 195
1 10 2
97 247
1 2 2
369 371
1 15 2
393 54
1 11 2
100 447
1 12 2
389 454
1 7 2
161 81
1 12 2
466 194
1 3 2
0 311
1 11 2
184 75
1 15 2
1 343
1 9 2
414 487
1 14 2
38 261
1 14 2
457 398
1 11 2
425 410
1 4 2
261 494
1 15 2
410 202
1 10 2
84 0
1 13 2
374 293
1 11 2
414 231
1 9 2
495 129
1 13 2
227 388
1 10 2
143 409
1 3 2
339 248
1 6 2
30 278
1 5 2
460 472
1 11 2
438 190
1 12 2
46 15
1 9 2
187 220
1 14 2
419 122
1 15 2
395 216
1 11 2
120 358
1 7 2
407 433
1 4 2
200 48
1 11 2
186 136
1 12 2
363 50
1 10 2
392 264
1 15 2
396 120
1 4 2
41 338
1 14 2
134 386
1 11 2
18 455
1 7 2
489 161
1 2 2
310 412
1 15 2
291 378
1 7 2
91 195
1 9 2
261 458
1 3 2
456 483
1 2 2
213 390
1 5 2
386 212
1 6 2
354 348
1 8 2
78 69
1 12 2
275 80
1 7 2
148 158
1 9 2
35 227
1 9 2
131 405
1 3 2
121 356
1 9 2
311 223
1 2 2
415 472
1 3 2
51 258
1 2 2
116 422
1 14 2
323 308
1 14 2
367 37
1 7 2
328 438
1 15 2
290 499
1 7 2
437 43
1 11 2
230 228
1 12 2
231 482
1 13 2
75 307
1 14 2
363 201
1 8 2
389 404
1 2 2
303 211
1 9 2
90 21
1 8 2
453 195
1 3 2
127 400
1 15 2
111 436
1 3 2
66 170
1 4 2
218 348
1 8 2
2 246
1 3 2
163 257
1 14 2
165 80
1 15 2
459 45
1 11 2
78 23
1 2 2
267 159
1 5 2
443 172
1 2 2
291 339
1 12 2
170 69
1 11 2
460 31
1 4 2
110 472
1 8 2
304 204
1 8 2
223 242
1 7 2
258 443
1 14 2
40 328
1 5 2
222 424
1 2 2
85 295
1 13 2
74 303
1 7 2
193 408
1 6 2
327 169
1 5 2
312 446
1 6 2
349 131
1 6 2
102 195
1 15 2
175 173
1 9 2
364 152
1 4 2
174 390
1 13 2
376 163
1 12 2
446 331
1 10 2
41 327
1 7 2
94 177
1 2 2
266 174
1 2 2
143 19
1 8 2
2 43
1 10 2
122 59
1 4 2
262 33
1 4 2
359 77
1 2 2
222 4
1 8 2
319 193
1 10 2
127 154
1 5 2
445 85
1 3 2
483 93
1 5 2
268 424
1 12 2
477 297
1 13 2
151 353
1 10 2
409 149
1 9 2
83 443
1 9 2
459 84
1 12 2
181 304
1 6 2
118 165
1 11 2
325 13
1 15 2
77 312
1 2 2
60 371
1 15 2
103 172
1 10 2
177 154
1 8 2
283 179
1 10 2
11 417
1 9 2
94 253
1 8 2
50 248
1 5 2
387 264
1 8 2
462 182
1 15 2
440 183
1 10 2
201 217
1 15 2
464 125
1 6 2
376 251
1 14 2
480 450
1 4 2
25 439
1 10 2
396 368
1 14 2
173 378
1 10 2
223 255
1 5 2
298 491
1 9 2
172 355
1 6 2
114 16
1 2 2
300 193
1 4 2
353 136
1 4 2
263 411
1 3 2
395 436
1 14 2
128 166
1 5 2
250 391
1 13 2
62 496
1 12 2
60 288
1 12 2
84 176
1 14 2
268 363
1 5 2
287 252
1 12 2
127 320
1 2 2
26 238
1 2 2
157 274
1 10 2
449 107
1 11 2
149 108
1 7 2
383 314
1 4 2
268 288
1 6 2
131 394
1 5 2
461 287
1 5 2
476 22
1 11 2
74 107
1 15 2
339 87
1 14 2
419 295
1 10 2
483 286
1 9 2
214 305
1 6 2
20 461
1 8 2
51 489
1 2 2
101 324
1 15 2
95 52
1 6 2
222 406
1 7 2
350 225
1 4 2
326 50
1 11 2
217 59
1 5 2
476 244
1 4 2
382 218
1 2 2
499 178
1 6 2
284 339
1 9 2
459 287
1 12 2
63 480
1 6 2
269 38
1 8 2
0 115
1 11 2
246 239
1 3 2
115 200
1 5 2
227 14
1 11 2
96 429
1 10 2
126 479
1 8 2
187 237
1 9 2
254 476
1 6 2
441 416
1 2 2
400 335
1 9 2
298 420
1 10 2
133 336
1 10 2
407 398
1 6 2
421 218
1 5 2
226 179
1 13 2
457 207
1 5 2
165 487
1 7 2
287 265
1 8 2
410 63
1 3 2
54 66
1 4 2
327 410
1 9 2
375 38
1 3 2
176 208
1 9 2
68 236
1 11 2
339 439
1 12 2
315 149
1 2 2
265 199
1 7 2
95 115
1 12 2
284 36
1 12 2
174 195
1 6 2
468 416
1 3 2
87 180
1 12 2
341 3
1 6 2
264 462
1 8 2
238 374
1 11 2
317 361
1 15 2
172 464
1 11 2
435 340
1 11 2
191 494
1 3 2
253 188
1 15 2
335 156
1 6 2
289 317
1 13 2
101 474
1 4 2
205 418
1 14 2
177 100
1 4 2
7 78
1 4 2
98 475
1 7 2
280 427
1 7 2
421 95
1 5 2
106 32
1 2 2
109 448
1 8 2
210 331
1 6 2
478 202
1 5 2
64 248
1 15 2
40 409
1 9 2
221 489
1 15 2
105 243
1 12 2
5 240
1 14 2
23 46
1 2 2
55 378
1 6 2
197 14
1 7 2
231 19
1 4 2
368 189
1 8 2
351 251
1 14 2
205 366
1 15 2
184 2
1 15 2
84 458
1 7 2
157 382
1 6 2
57 171
1 8 2
194 457
1 9 2
292 239
1 11 2
20 392
1 10 2
50 439
1 5 2
266 349
1 15 2
473 277
1 13 2
55 406
1 10 2
34 88
1 5 2
14 342
1 11 2
299 386
1 7 2
31 141
1 3 2
334 199
1 12 2
349 332
1 4 2
291 273
1 3 2
253 372
1 13 2
377 110
1 9 2
79 213
1 4 2
130 260
1 14 2
185 222
1 15 2
221 318
1 2 2
27 166
1 3 2
11 181
1 3 2
430 150
1 8 2
498 72
1 12 2
19 481
1 8 2
343 11
1 6 2
244 104
1 14 2
7 48
1 10 2
278 148
1 13 2
269 162
1 5 2
271 189
1 7 2
55 267
1 6 2
117 16
1 6 2
72 319
1 7 2
397 35
1 11 2
416 241
1 2 2
335 153
1 12 2
348 190
1 15 2
373 424
1 5 2
348 312
1 12 2
207 262
1 14 2
457 397
1 12 2
425 70
1 4 2
371 248
1 11 2
82 346
1 4 2
73 229
1 14 2
435 470
1 14 2
77 295
1 15 2
287 204
1 3 2
38 321
1 11 2
184 97
1 12 2
264 272
1 14 2
399 262
1 11 2
194 135
1 15 2
394 352
1 4 2
83 164
1 6 2
90 382
1 2 2
233 356
1 10 2
354 358
1 4 2
205 2
1 11 2
415 480
1 6 2
188 354
1 10 2
238 50
1 4 2
225 285
1 15 2
242 67
1 6 2
432 385
1 14 2
441 87
1 4 2
308 309
1 7 2
298 387
1 5 2
433 234
1 14 2
318 251
1 5 2
43 143
1 8 2
29 263
1 7 2
208 446
1 5 2
95 441
1 3 2
22 190
1 11 2
11 303
1 4 2
239 467
1 4 2
166 50
1 14 2
87 304
1 15 2
221 121
1 6 2
318 11
1 2 2
274 493
1 8 2
461 312
1 4 2
416 404
1 2 2
251 482
1 5 2
392 152
1 13 2
45 478
1 11 2
332 239
1 5 2
455 96
1 8 2
405 200
1 14 2
350 392
1 5 2
271 116
1 4 2
369 217
1 2 2
89 441
1 7 2
108 368
1 6 2
481 207
1 8 2
200 163
1 15 2
68 121
1 5 2
27 264
1 2 2
178 380
1 14 2
115 232
1 6 2
165 279
1 14 2
128 51
1 3 2
492 388
1 8 2
208 280
1 2 2
278 174
1 13 2
484 73
1 9 2
113 472
1 10 2
318 183
1 6 2
176 441
1 14 2
139 59
1 8 2
130 490
1 15 2
57 487
1 14 2
406 187
1 12 2
305 279
1 11 2
18 137
1 14 2
49 405
1 4 2
335 125
1 9 2
399 103
1 5 2
34 304
1 3 2
202 486
1 6 2
29 220
1 13 2
476 174
1 6 2
278 435
1 9 2
239 266
1 6 2
160 262
1 15 2
40 234
1 11 2
439 29
1 2 2
183 36
1 11 2
220 483
1 3 2
379 314
1 14 2
339 477
1 9 2
456 191
1 11 2
247 133
1 13 2
170 257
1 6 2
131 496
1 5 2
328 141
1 15 2
489 264
1 9 2
440 1
1 14 2
375 45
1 12 2
163 416
1 13 2
477 53
1 8 2
134 210
1 8 2
72 52
1 11 2
369 158
1 5 2
251 24
1 4 2
5 301
1 14 2
196 285
1 5 2
55 142
1 13 2
131 63
1 10 2
322 152
1 2 2
112 418
1 3 2
351 308
1 10 2
386 488
1 10 2
147 409
1 7 2
74 473
1 6 2
352 403
1 2 2
54 129
1 2 2
124 456
1 10 2
499 408
1 13 2
476 43
1 9 2
15 128
1 10 2
350 69
1 15 2
292 95
1 6 2
127 202
1 9 2
365 45
1 9 2
73 122
1 13 2
277 241
1 3 2
121 292
1 5 2
440 137
1 10 2
420 381
1 9 2
227 184
1 3 2
349 186
1 2 2
94 48
1 10 2
464 413
1 8 2
365 476
1 15 2
49 148
1 14 2
409 218
1 12 2
498 404
1 4 2
272 184
1 2 2
458 192
1 13 2
486 171
1 15 2
357 163
1 4 2
368 57
1 15 2
372 371
1 6 2
422 136
1 12 2
44 47
1 11 2
344 36
1 4 2
234 488
1 9 2
352 264
1 11 2
129 109
1 13 2
409 15
1 5 2
424 146
1 15 2
261 164
1 3 2
169 396
1 7 2
458 61
1 15 2
238 130
1 5 2
43 10
1 6 2
95 134
1 6 2
498 356
1 13 2
72 71
1 15 2
189 23
1 8 2
414 209
1 9 2
60 183
1 12 2
406 452
1 8 2
122 128
1 14 2
205 207
1 9 2
20 231
1 10 2
171 484
1 12 2
486 499
1 6 2
430 166
1 2 2
485 225
1 13 2
106 372
1 14 2
149 417
1 3 2
225 421
1 11 2
178 489
1 3 2
162 455
1 10 2
28 424
1 13 2
92 43
1 3 2
68 422
1 15 2
437 236
1 12 2
490 282
1 12 2
354 196
1 6 2
258 18
1 8 2
476 271
1 7 2
183 11
1 15 2
323 242
1 4 2
411 106
1 2 2
238 27
1 4 2
14 141
1 8 2
418 132
1 2 2
302 192
1 9 2
213 399
1 13 2
416 495
1 5 2
77 443
1 10 2
451 94
1 14 2
126 450
1 2 2
459 201
1 13 2
488 99
1 13 2
34 18
1 12 2
299 284
1 11 2
53 334
1 2 2
246 137
1 13 2
193 142
1 9 2
0 352
1 2 2
222 235
1 10 2
405 493
1 10 2
315 106
1 10 2
461 63
1 2 2
237 427
1 14 2
233 435
1 11 2
195 334
1 10 2
103 337
1 13 2
255 376
1 14 2
29 279
1 7 2
146 432
1 3 2
425 202
1 9 2
0 87
1 3 2
143 268
1 11 2
307 181
1 7 2
205 70
1 8 2
459 20
1 7 2
484 113
1 14 2
318 71
1 11 2
166 317
1 6 2
132 102
1 5 2
159 272
1 3 2
85 393
1 2 2
42 468
1 7 2
169 279
1 12 2
304 203
1 4 2
388 69
1 13 2
17 112
1 6 2
321 313
1 2 2
439 396
1 5 2
12 99
1 7 2
292 18
1 11 2
136 170
1 13 2
84 449
1 10 2
473 11
1 10 2
311 163
1 8 2
246 191
1 5 2
418 28
1 13 2
30 19
1 9 2
399 22
1 13 2
335 494
1 6 2
58 323
1 2 2
29 308
1 10 2
24 321
1 14 2
283 394
1 11 2
34 437
1 11 2
347 432
1 14 2
326 274
1 6 2
6 74
1 11 2
389 463
1 4 2
158 88
1 11 2
269 448
1 5 2
385 76
1 3 2
327 307
1 8 2
140 105
1 9 2
5 268
1 3 2
421 250
1 8 2
112 461
1 9 2
136 31
1 10 2
390 468
1 6 2
446 421
1 14 2
306 213
1 11 2
54 339
1 4 2
349 17
1 11 2
178 0
1 15 2
54 220
1 4 2
152 431
1 12 2
317 128
1 14 2
316 183
1 4 2
56 75
1 4 2
290 188
1 9 2
95 304
1 11 2
158 139
1 5 2
12 321
1 9 2
293 368
1 10 2
375 445
1 9 2
435 404
1 8 2
462 345
1 9 2
402 73
1 14 2
41 367
1 15 2
465 317
1 5 2
110 428
1 10 2
403 90
1 6 2
81 216
1 14 2
39 316
1 7 2
463 32
1 11 2
304 251
1 2 2
179 478
1 11 2
265 84
1 14 2
125 294
1 2 2
214 286
1 12 2
2 53
1 13 2
377 209
1 5 2
450 231
1 4 2
99 62
1 8 2
180 268
1 9 2
266 124
1 9 2
53 284
1 3 2
491 118
1 3 2
492 118
1 12 2
352 375
1 15 2
75 254
1 7 2
478 128
1 12 2
484 289
1 4 2
490 280
1 15 2
113 447
1 7 2
274 457
1 5 2
275 389
1 6 2
434 1
1 2 2
319 437
1 3 2
219 401
1 7 2
25 298
1 9 2
495 172
1 6 2
122 341
1 10 2
198 36
1 15 2
258 267
1 13 2
165 490
1 14 2
123 253
1 15 2
284 145
1 8 2
274 93
1 15 2
36 344
1 2 2
402 87
1 10 2
101 177
1 10 2
330 194
1 13 2
36 91
1 10 2
432 233
1 14 2
359 278
1 11 2
280 194
1 15 2
433 186
1 6 2
408 238
1 2 2
317 171
1 11 2
85 460
1 14 2
162 474
1 15 2
28 492
1 5 2
311 92
1 10 2
216 227
1 10 2
82 478
1 5 2
161 368
1 2 2
417 155
1 4 2
220 15
1 14 2
208 285
1 2 2
368 188
1 14 2
239 223
1 15 2
37 376
1 11 2
157 484
1 12 2
300 3
1 4 2
65 468
1 8 2
170 71
1 4 2
83 350
1 12 2
403 101
1 5 2
308 46
1 4 2
469 76
1 13 2
444 354
1 15 2
310 174
1 3 2
320 129
1 8 2
369 344
1 5 2
272 162
1 11 2
405 270
1 10 2
309 451
1 5 2
293 280
1 11 2
159 206
1 8 2
24 178
1 13 2
252 30
1 8 2
174 265
1 12 2
264 478
1 10 2
13 179
1 11 2
265 393
1 3 2
310 269
1 3 2
105 334
1 3 2
311 450
1 15 2
350 171
1 13 2
419 264
1 13 2
442 272
1 6 2
384 218
1 6 2
245 374
1 12 2
334 183
1 13 2
429 477
1 11 2
133 311
1 9 2
168 138
1 5 2
207 240
1 11 2
150 170
1 2 2
419 349
1 7 2
414 379
1 10 2
262 255
1 4 2
368 253
1 3 2
409 220
1 7 2
61 406
1 9 2
170 168
1 7 2
239 326
1 9 2
483 485
1 5 2
480 496
1 13 2
471 206
1 2 2
230 129
1 3 2
121 314
1 5 2
401 389
1 10 2
374 286
1 3 2
398 347
1 10 2
148 68
1 8 2
165 361
1 8 2
261 249
1 4 2
234 401
1 10 2
418 234
1 15 2
269 58
1 13 2
395 1
1 14 2
431 342
1 9 2
427 66
1 9 2
467 490
1 13 2
112 99
1 4 2
135 66
1 14 2
279 146
1 14 2
258 280
1 9 2
254 441
1 15 2
102 381
1 6 2
110 357
1 10 2
323 380
1 8 2
44 478
1 14 2
248 392
1 11 2
2 447
1 15 2
338 345
1 10 2
279 13
1 9 2
165 227
1 13 2
455 435
1 6 2
491 204
1 9 2
52 327
1 3 2
314 243
1 13 2
138 256
1 10 2
369 391
1 13 2
204 10
1 13 2
154 237
1 14 2
263 413
1 11 2
141 202
1 6 2
428 477
1 7 2
415 221
1 11 2
252 423
1 5 2
421 231
1 2 2
107 187
1 10 2
423 362
1 4 2
409 69
1 9 2
15 362
1 9 2
268 328
1 13 2
154 7
1 3 2
92 9
1 6 2
206 58
1 15 2
444 261
1 12 2
185 474
1 15 2
10 52
1 8 2
159 13
1 6 2
261 205
1 15 2
105 493
1 12 2
214 368
1 9 2
173 124
1 14 2
250 59
1 11 2
153 9
1 14 2
260 54
1 7 2
447 219
1 3 2
151 342
1 13 2
355 490
1 8 2
271 334
1 3 2
56 14
1 7 2
374 107
1 8 2
3 11
1 6 2
121 10
1 15 2
191 324
1 7 2
233 339
1 8 2
246 85
1 5 2
65 88
1 12 2
115 470
1 8 2
163 445
1 12 2
132 156
1 3 2
69 383
1 9 2
255 358
1 15 2
63 4
1 9 2
309 335
1 4 2
367 180
1 8 2
461 395
1 6 2
62 240
1 8 2
361 377
1 12 2
313 213
1 9 2
282 89
1 4 2
391 260
1 14 2
119 280
1 12 2
124 69
1 8 2
80 108
1 14 2
281 62
1 9 2
204 87
1 9 2
12 472
1 3 2
317 16
1 10 2
328 253
1 5 2
67 130
1 13 2
199 94
1 9 2
139 258
1 7 2
428 367
1 15 2
329 440
1 4 2
64 367
1 15 2
271 85
1 2 2
40 51
1 6 2
206 479
1 14 2
109 35
1 3 2
335 72
1 2 2
377 6
1 12 2
18 491
1 13 2
312 291
1 12 2
416 253
1 2 2
302 41
1 2 2
272 120
1 2 2
294 256
1 8 2
235 456
1 12 2
143 261
1 10 2
379 152
1 2 2
32 148
1 4 2
211 339
1 4 2
290 371
1 8 2
172 222
1 3 2
75 14
1 5 2
207 73
1 10 2
414 354
1 7 2
308 16
1 5 2
347 283
1 3 2
168 39
1 6 2
352 477
1 2 2
239 44
1 13 2
426 47
1 10 2
370 373
1 8 2
90 427
1 13 2
417 418
1 13 2
134 194
1 3 2
244 444
1 15 2
268 280
1 9 2
341 324
1 12 2
439 184
1 15 2
298 74
1 7 2
17 279
1 10 2
168 185
1 7 2
263 184
1 4 2
201 35
1 11 2
131 25
1 3 2
292 254
1 12 2
227 344
1 13 2
100 68
1 6 2
373 443
1 4 2
286 13
1 10 2
327 239
1 3 2
7 412
1 15 2
113 363
1 10 2
193 443
1 6 2
313 439
1 11 2
147 209
1 6 2
30 44
1 13 2
258 10
1 11 2
47 282
1 8 2
90 309
1 10 2
472 180
1 3 2
260 111
1 14 2
357 465
1 12 2
168 279
1 11 2
339 316
1 10 2
136 181
1 5 2
167 322
1 12 2
80 353
1 4 2
197 94
1 14 2
223 461
1 8 2
196 338
1 12 2
313 407
1 5 2
389 451
1 12 2
48 320
1 2 2
132 410
1 4 2
309 294
1 4 2
164 304
1 9 2
78 164
1 9 2
198 423
1 7 2
436 490
1 2 2
121 415
1 8 2
326 12
1 3 2
241 235
1 13 2
66 230
1 4 2
73 161
1 15 2
352 304
1 9 2
426 158
1 3 2
486 193
1 12 2
242 211
1 5 2
427 445
1 11 2
414 372
1 3 2
437 96
1 7 2
354 496
1 6 2
458 72
1 2 2
395 255
1 12 2
491 238
1 10 2
128 307
1 9 2
227 494
1 4 2
77 233
1 7 2
13 297
1 7 2
219 397
1 4 2
497 91
1 10 2
18 429
1 2 2
201 140
1 2 2
329 11
1 9 2
371 426
1 5 2
87 111
1 13 2
471 335
1 4 2
211 48
1 2 2
363 201
1 8 2
326 19
1 8 2
156 412
1 15 2
6 60
1 6 2
241 381
1 2 2
469 454
1 5 2
251 66
1 2 2
408 326
1 12 2
436 47
1 10 2
392 312
1 8 2
331 362
1 11 2
189 409
1 5 2
435 256
1 6 2
218 271
1 14 2
271 95
1 5 2
291 183
1 12 2
423 194
1 8 2
87 457
1 14 2
195 284
1 11 2
221 252
1 11 2
467 250
1 2 2
405 414
1 2 2
14 269
1 12 2
1 461
1 14 2
190 209
1 8 2
447 425
1 2 2
140 108
1 4 2
318 453
1 8 2
410 419
1 9 2
155 284
1 7 2
193 370
1 15 2
313 476
1 8 2
358 6
1 12 2
180 445
1 9 2
37 243
1 4 2
85 159
1 3 2
33 4
1 15 2
114 205
1 9 2
282 430
1 6 2
102 113
1 15 2
44 374
1 11 2
106 489
1 4 2
478 137
1 9 2
359 161
1 5 2
92 229
1 2 2
236 2
1 11 2
70 43
1 7 2
254 182
1 4 2
73 152
1 2 2
466 164
1 11 2
179 46
1 12 2
364 110
1 10 2
109 240
1 12 2
284 478
1 4 2
291 484
1 4 2
42 132
1 12 2
250 125
1 14 2
402 306
1 9 2
450 89
1 13 2
143 270
1 12 2
7 478
1 6 2
462 136
1 3 2
491 377
1 5 2
335 22
1 5 2
465 0
1 14 2
269 239
1 8 2
334 118
1 4 2
376 263
1 8 2
155 475
1 15 2
205 391
1 11 2
341 233
1 13 2
217 465
1 4 2
362 264
1 2 2
67 70
1 14 2
99 461
1 7 2
161 72
1 4 2
498 392
1 5 2
118 208
1 11 2
477 492
1 10 2
21 301
1 12 2
51 291
1 9 2
74 319
1 13 2
60 357
1 13 2
83 390
1 4 2
121 326
1 11 2
38 122
1 9 2
65 188
1 2 2
417 322
1 12 2
229 398
1 15 2
173 87
1 7 2
215 294
1 13 2
366 429
1 7 2
261 7
1 15 2
63 309
1 10 2
152 399
1 7 2
407 238
1 15 2
437 183
1 4 2
198 263
1 14 2
446 462
1 9 2
379 240
1 3 2
217 220
1 4 2
366 32
1 6 2
212 95
1 10 2
379 258
1 10 2
162 331
1 12 2
39 458
1 6 2
452 294
1 5 2
227 403
1 12 2
112 44
1 15 2
289 124
1 13 2
129 264
1 2 2
84 256
1 4 2
451 90
1 14 2
436 341
1 13 2
239 117
1 7 2
379 129
1 6 2
68 240
1 4 2
2 85
1 5 2
154 447
1 7 2
95 474
1 13 2
223 338
1 5 2
188 124
1 14 2
83 75
1 14 2
234 363
1 10 2
189 254
1 3 2
227 72
1 3 2
474 212
1 4 2
201 101
1 10 2
223 271
1 15 2
239 347
1 12 2
191 278
1 10 2
24 366
1 11 2
469 200
1 4 2
240 407
1 5 2
11 397
1 2 2
378 254
1 2 2
215 244
1 5 2
471 124
1 7 2
238 206
1 14 2
475 156
1 10 2
190 84
1 15 2
113 249
1 2 2
30 474
1 7 2
50 76
1 9 2
324 337
1 12 2
175 487
1 3 2
102 497
1 9 2
51 71
1 14 2
499 204
1 4 2
367 71
1 9 2
35 281
1 2 2
328 123
1 3 2
194 140
1 7 2
388 24
1 7 2
484 443
1 13 2
392 197
1 10 2
168 456
1 3 2
345 396
1 11 2
161 187
1 15 2
337 13
1 5 2
401 123
1 2 2
358 0
1 3 2
331 407
1 11 2
66 263
1 2 2
218 54
1 7 2
86 401
1 12 2
199 141
1 9 2
1 488
1 10 2
157 137
1 12 2
343 260
1 4 2
75 108
1 3 2
226 482
1 15 2
327 51
1 8 2
468 334
1 12 2
330 177
1 11 2
212 74
1 12 2
459 412
1 9 2
24 390
1 8 2
489 326
1 15 2
382 104
1 4 2
327 391
1 4 2
82 436
1 4 2
260 152
1 15 2
326 84
1 9 2
374 61
1 7 2
152 20
1 3 2
493 185
1 12 2
379 89
1 13 2
485 334
1 7 2
478 38
1 13 2
205 470
1 4 2
181 8
1 7 2
347 459
1 2 2
359 495
1 13 2
408 342
1 2 2
401 172
1 11 2
189 235
1 8 2
14 330
1 13 2
142 95
1 10 2
55 280
1 5 2
332 475
1 6 2
120 73
1 3 2
432 160
1 7 2
185 289
1 4 2
352 342
1 5 2
185 359
1 12 2
30 137
1 12 2
192 296
1 11 2
380 248
1 13 2
87 485
1 15 2
403 259
1 6 2
134 303
1 7 2
262 439
1 11 2
161 238
1 10 2
193 158
1 5 2
95 191
1 11 2
109 497
1 11 2
285 75
1 6 2
73 263
1 2 2
249 426
1 5 2
408 474
1 14 2
56 423
1 13 2
314 171
1 8 2
261 184
1 10 2
64 355
1 12 2
167 330
1 15 2
89 124
1 10 2
470 34
1 7 2
185 202
1 13 2
350 193
1 13 2
161 207
1 8 2
292 278
1 15 2
465 38
1 13 2
136 67
1 5 2
209 150
1 3 2
470 203
1 4 2
189 291
1 11 2
147 284
1 8 2
11 42
1 13 2
301 254
1 14 2
204 394
1 9 2
284 442
1 14 2
15 413
1 7 2
233 313
1 7 2
283 138
1 2 2
183 159
1 3 2
118 147
1 13 2
421 306
1 15 2
162 377
1 11 2
71 162
1 15 2
485 57
1 12 2
490 496
1 4 2
25 143
1 5 2
411 82
1 15 2
492 265
1 15 2
214 80
1 8 2
118 278
1 7 2
83 321
1 12 2
129 87
1 13 2
468 149
1 9 2
182 321
1 13 2
83 225
1 13 2
22 169
1 7 2
26 46
1 5 2
444 180
1 4 2
140 158
1 2 2
367 452
1 10 2
206 100
1 10 2
478 409
1 11 2
97 135
1 9 2
6 223
1 15 2
449 306
1 10 2
277 222
1 14 2
307 338
1 13 2
247 343
1 4 2
166 97
1 10 2
476 167
1 2 2
447 100
1 14 2
179 427
1 4 2
76 1
1 13 2
69 36
1 8 2
470 272
1 12 2
424 10
1 10 2
182 353
1 2 2
246 373
1 9 2
110 374
1 13 2
444 28
1 3 2
266 381
1 11 2
47 138
1 7 2
6 254
1 7 2
319 359
1 13 2
320 179
1 13 2
21 421
1 6 2
495 417
1 5 2
135 356
1 15 2
216 412
1 8 2
352 91
1 3 2
475 118
1 15 2
370 215
1 14 2
268 240
1 8 2
35 65
1 3 2
216 237
1 9 2
436 98
1 10 2
73 224
1 7 2
220 373
1 3 2
109 240
1 14 2
265 161
1 13 2
292 388
1 7 2
422 282
1 11 2
156 26
1 4 2
109 376
1 9 2
392 328
1 13 2
125 320
1 7 2
349 94
1 12 2
380 126
1 8 2
299 268
1 11 2
168 42
1 15 2
268 383
1 5 2
207 209
1 3 2
302 368
1 7 2
377 210
1 6 2
430 451
1 15 2
447 12
1 7 2
230 293
1 9 2
119 324
1 12 2
453 337
1 11 2
1 427
1 4 2
139 251
1 3 2
399 24
1 4 2
268 159
1 5 2
374 252
1 5 2
112 17
1 15 2
375 243
1 7 2
190 414
1 3 2
204 221
1 4 2
201 112
1 8 2
232 496
1 3 2
238 451
1 5 2
469 15
1 6 2
304 338
1 4 2
473 201
1 13 2
343 174
1 13 2
194 187
1 7 2
43 252
1 14 2
447 266
1 7 2
383 480
1 12 2
152 354
1 8 2
189 422
1 10 2
382 70
1 5 2
13 279
1 9 2
366 33
1 6 2
181 393
1 13 2
103 437
1 10 2
15 350
1 14 2
469 465
1 5 2
281 201
1 12 2
271 123
1 13 2
91 15
1 15 2
433 357
1 6 2
41 459
1 13 2
151 494
1 12 2
204 70
1 10 2
244 133
1 4 2
47 452
1 11 2
347 192
1 15 2
297 36
1 7 2
481 10
1 6 2
369 435
1 9 2
48 470
1 12 2
154 126
1 2 2
93 333
1 12 2
192 54
1 6 2
66 169
1 3 2
339 315
1 10 2
262 266
1 11 2
363 335
1 8 2
231 8
1 11 2
441 344
1 2 2
280 134
1 14 2
65 53
1 12 2
1 420
1 13 2
310 241
1 7 2
64 121
1 10 2
430 121
1 9 2
499 109
1 3 2
12 395
1 11 2
436 174
1 10 2
214 333
1 14 2
293 142
1 12 2
201 214
1 4 2
122 499
1 4 2
141 478
1 9 2
453 306
1 3 2
245 58
1 5 2
234 177
1 3 2
428 213
1 4 2
326 71
1 10 2
314 88
1 7 2
344 304
1 13 2
248 213
1 4 2
247 276
1 10 2
251 345
1 4 2
209 374
1 3 2
357 445
1 10 2
21 454
1 12 2
176 1
1 7 2
435 486
1 12 2
241 489
1 5 2
333 307
1 5 2
446 4
1 11 2
360 82
1 14 2
485 400
1 11 2
16 77
1 10 2
73 60
1 6 2
409 118
1 5 2
440 103
1 6 2
49 136
1 13 2
195 206
1 9 2
220 314
1 12 2
426 433
1 10 2
166 340
1 11 2
205 482
1 15 2
335 236
1 14 2
245 482
1 8 2
467 254
1 13 2
272 69
1 4 2
40 351
1 6 2
22 223
1 13 2
342 125
1 8 2
127 248
1 3 2
436 295
1 11 2
468 40
1 5 2
121 269
1 14 2
357 432
1 13 2
307 87
1 7 2
176 169
1 13 2
242 116
1 3 2
143 242
1 11 2
83 266
1 12 2
203 432
1 13 2
93 360
1 9 2
79 422
1 8 2
158 30
1 15 2
443 367
1 3 2
401 402
1 6 2
217 139
1 9 2
70 383
1 11 2
256 196
1 5 2
158 280
1 4 2
463 12
1 11 2
143 62
1 4 2
220 132
1 14 2
354 306
1 3 2
397 60
1 5 2
35 358
1 2 2
36 228
1 4 2
434 334
1 14 2
356 298
1 14 2
391 419
1 14 2
158 141
1 11 2
96 99
1 15 2
183 247
1 15 2
157 421
1 7 2
381 438
1 15 2
176 331
1 7 2
35 476
1 8 2
386 475
1 12 2
377 50
1 11 2
379 328
1 10 2
150 365
1 8 2
5 464
1 4 2
272 153
1 4 2
224 36
1 10 2
450 67
1 5 2
362 225
1 10 2
148 249
1 10 2
7 140
1 6 2
468 21
1 15 2
36 104
1 10 2
128 17
1 14 2
189 276
1 13 2
88 4
1 10 2
259 51
1 11 2
100 371
1 5 2
355 395
1 14 2
24 328
1 2 2
97 15
1 10 2
460 87
1 15 2
388 258
1 15 2
50 250
1 15 2
176 277
1 3 2
104 23
1 9 2
10 14
1 3 2
204 315
1 7 2
324 43
1 4 2
388 98
1 11 2
1 33
1 13 2
454 68
1 11 2
3 297
1 7 2
393 287
1 3 2
64 371
1 4 2
158 266
1 12 2
102 160
1 7 2
189 79
1 6 2
43 458
1 9 2
395 216
1 9 2
399 371
1 2 2
470 243
1 15 2
221 134
1 7 2
253 97
1 8 2
277 39
1 12 2
369 98
1 14 2
373 3
1 7 2
463 412
1 4 2
95 306
1 9 2
428 54
1 4 2
177 414
1 13 2
116 101
1 3 2
454 297
1 5 2
437 287
1 4 2
282 355
1 8 2
426 254
1 5 2
289 126
1 6 2
2 189
1 3 2
34 391
1 3 2
84 20
1 10 2
325 496
1 12 2
480 51
1 5 2
421 130
1 5 2
347 111
1 8 2
171 166
1 13 2
474 366
1 7 2
201 450
1 12 2
103 159
1 9 2
166 73
1 9 2
279 230
1 13 2
261 18
1 11 2
82 137
1 10 2
82 154
1 10 2
427 223
1 7 2
321 407
1 11 2
293 271
1 7 2
368 398
1 6 2
39 74
1 12 2
304 92
1 11 2
56 47
1 11 2
446 27
1 5 2
112 319
1 7 2
330 96
1 2 2
307 211
1 6 2
487 444
1 3 2
61 245
1 10 2
138 240
1 9 2
102 248
1 14 2
137 103
1 5 2
43 300
1 4 2
11 317
1 2 2
415 380
1 4 2
289 99
1 9 2
122 262
1 11 2
252 319
1 12 2
69 49
1 6 2
267 498
1 13 2
126 476
1 13 2
378 258
1 5 2
212 315
1 8 2
339 488
1 4 2
357 14
1 13 2
121 284
1 10 2
60 153
1 12 2
22 247
1 8 2
498 95
1 2 2
360 326
1 6 2
175 380
1 13 2
27 290
1 7 2
224 301
1 11 2
180 112
1 12 2
390 289
1 2 2
189 415
1 3 2
188 244
1 6 2
134 74
1 11 2
153 343
1 15 2
60 138
1 15 2
228 96
1 3 2
347 86
1 3 2
388 22
1 9 2
188 294
1 11 2
346 479
1 10 2
23 288
1 5 2
261 233
1 6 2
370 475
1 9 2
70 442
1 9 2
104 446
1 5 2
190 431
1 6 2
82 262
1 4 2
157 322
1 11 2
457 62
1 8 2
221 84
1 14 2
233 235
1 8 2
361 308
1 3 2
424 479
1 4 2
401 25
1 3 2
164 497
1 11 2
320 126
1 9 2
142 79
1 4 2
377 302
1 5 2
125 464
1 11 2
45 475
1 2 2
119 125
1 10 2
351 384
1 2 2
211 410
1 12 2
106 71
1 9 2
65 437
1 9 2
439 379
1 13 2
248 180
1 15 2
300 316
1 11 2
336 35
1 9 2
408 99
1 13 2
225 78
1 6 2
261 223
1 12 2
10 289
1 6 2
214 44
1 14 2
346 441
1 8 2
476 214
1 7 2
246 436
1 11 2
211 374
1 8 2
301 308
1 3 2
492 198
1 15 2
16 485
1 11 2
439 117
1 4 2
27 486
1 14 2
375 451
1 11 2
30 347
1 3 2
442 279
1 2 2
398 423
1 8 2
58 449
1 15 2
212 417
1 8 2
83 420
1 2 2
488 175
1 8 2
396 477
1 15 2
275 127
1 2 2
60 88
1 7 2
306 387
1 10 2
134 410
1 8 2
72 467
1 10 2
428 470
1 13 2
38 267
1 5 2
235 211
1 3 2
61 10
1 3 2
62 125
1 13 2
108 387
1 14 2
72 271
1 6 2
355 452
1 12 2
167 128
1 11 2
310 345
1 13 2
340 172
1 7 2
82 446
1 15 2
453 43
1 11 2
154 472
1 8 2
158 28
1 6 2
109 37
1 10 2
361 377
1 4 2
88 152
1 4 2
387 238
1 4 2
194 348
1 8 2
366 112
1 6 2
436 10
1 11 2
439 47
1 13 2
25 324
1 11 2
36 444
1 14 2
10 122
1 11 2
173 466
1 4 2
439 209
1 10 2
358 190
1 15 2
447 17
1 8 2
23 326
1 8 2
109 382
1 5 2
103 263
1 3 2
496 155
1 12 2
23 268
1 12 2
239 444
1 4 2
154 117
1 7 2
75 390
1 3 2
235 141
1 9 2
129 481
1 13 2
268 121
1 14 2
205 498
1 2 2
289 435
1 5 2
221 247
1 5 2
132 264
1 2 2
57 163
1 8 2
89 92
1 6 2
167 193
1 12 2
385 346
1 4 2
403 344
1 14 2
184 349
1 10 2
356 185
1 7 2
268 406
1 4 2
197 266
1 7 2
162 399
1 7 2
260 353
1 3 2
445 135
1 12 2
476 166
1 15 2
399 36
1 6 2
12 171
1 10 2
341 456
1 11 2
333 399
1 13 2
257 27
1 10 2
21 252
1 6 2
58 153
1 13 2
12 119
1 11 2
126 297
1 5 2
386 284
1 5 2
485 296
1 11 2
20 419
1 4 2
408 480
1 2 2
175 149
1 9 2
48 338
1 9 2
97 196
1 14 2
333 269
1 7 2
488 408
1 5 2
313 85
1 8 2
298 162
1 5 2
178 411
1 9 2
95 166
1 9 2
10 21
1 6 2
233 46
1 3 2
350 208
1 2 2
138 432
1 9 2
59 242
1 15 2
489 288
1 14 2
70 471
1 3 2
47 153
1 12 2
146 273
1 2 2
458 51
1 2 2
199 422
1 7 2
306 153
1 6 2
290 304
1 4 2
183 140
1 8 2
125 20
1 13 2
472 223
1 13 2
74 55
1 4 2
94 446
1 6 2
419 23
1 11 2
107 435
1 5 2
213 15
1 15 2
65 251
1 9 2
381 229
1 4 2
339 266
1 8 2
399 356
1 5 2
79 119
1 13 2
222 117
1 11 2
316 335
1 14 2
93 76
1 3 2
212 280
1 5 2
56 340
1 3 2
171 342
1 14 2
65 8
1 5 2
201 322
1 3 2
428 55
1 4 2
192 95
1 5 2
414 370
1 4 2
268 147
1 2 2
405 13
1 12 2
442 450
1 7 2
142 478
1 10 2
131 397
1 2 2
442 420
1 14 2
242 10
1 5 2
64 248
1 9 2
60 184
1 4 2
413 227
1 14 2
403 488
1 8 2
325 292
1 10 2
190 394
1 2 2
92 120
1 9 2
377 458
1 4 2
71 5
1 4 2
319 241
1 12 2
317 466
1 12 2
188 411
1 2 2
107 441
1 6 2
465 269
1 7 2
366 148
1 2 2
190 113
1 14 2
169 157
1 4 2
50 207
1 13 2
57 390
1 13 2
336 99
1 11 2
487 100
1 10 2
335 375
1 9 2
175 402
1 5 2
116 420
1 5 2
492 81
1 10 2
185 302
1 12 2
289 389
1 6 2
467 132
1 15 2
411 214
1 6 2
457 244
1 2 2
485 486
1 2 2
398 76
1 10 2
221 451
1 14 2
324 38
1 6 2
74 175
1 3 2
261 88
1 4 2
182 181
1 3 2
225 332
1 2 2
297 410
1 15 2
208 432
1 11 2
447 367
1 8 2
496 376
1 9 2
338 267
1 13 2
221 144
1 15 2
172 396
1 15 2
392 22
1 11 2
176 17
1 11 2
172 87
1 3 2
445 217
1 15 2
375 372
1 7 2
32 212
1 11 2
465 365
1 15 2
324 23
1 3 2
141 165
1 7 2
143 194
1 9 2
11 1
1 11 2
458 217
1 2 2
122 384
1 10 2
423 218
1 9 2
331 388
1 2 2
76 197
1 7 2
447 141
1 15 2
305 454
1 13 2
417 453
1 6 2
183 231
1 3 2
161 9
1 15 2
376 162
1 8 2
115 350
1 5 2
467 170
1 2 2
499 408
1 15 2
232 179
1 12 2
489 283
1 6 2
168 323
1 12 2
337 377
1 12 2
343 407
1 8 2
415 486
1 15 2
406 124
1 12 2
5 212
1 12 2
483 311
1 12 2
177 188
1 11 2
55 497
1 14 2
236 117
1 8 2
366 405
1 7 2
108 24
1 5 2
11 268
1 9 2
347 273
1 12 2
266 334
1 7 2
305 82
1 9 2
129 117
1 7 2
75 215
1 12 2
59 37
1 3 2
88 452
1 11 2
399 266
1 9 2
240 485
1 7 2
169 280
1 14 2
214 431
1 4 2
347 180
1 15 2
226 294
1 7 2
326 200
1 9 2
216 171
1 10 2
442 438
1 10 2
191 482
1 15 2
389 80
1 10 2
416 51
1 5 2
496 173
1 12 2
481 154
1 10 2
484 62
1 13 2
325 17
1 14 2
339 260
1 8 2
16 20
1 6 2
279 464
1 12 2
122 149
1 10 2
375 430
1 3 2
305 411
1 11 2
424 131
1 3 2
412 44
1 14 2
306 89
1 13 2
493 11
1 15 2
5 23
1 7 2
69 320
1 2 2
251 216
1 3 2
34 410
1 9 2
256 470
1 3 2
408 68
1 2 2
177 44
1 12 2
407 399
1 10 2
318 277
1 4 2
483 195
1 6 2
406 96
1 13 2
88 165
1 12 2
422 27
1 4 2
6 283
1 13 2
242 28
1 13 2
282 322
1 12 2
233 186
1 14 2
343 345
1 10 2
101 158
1 9 2
24 459
1 14 2
191 417
1 10 2
455 355
1 8 2
237 48
1 9 2
433 171
1 13 2
343 309
1 7 2
242 447
1 8 2
199 446
1 7 2
184 394
1 7 2
66 133
1 6 2
300 491
1 13 2
153 206
1 3 2
427 134
1 13 2
250 264
1 5 2
487 455
1 9 2
447 154
1 10 2
55 124
1 12 2
237 333
1 13 2
99 86
1 13 2
46 453
1 8 2
273 498
1 13 2
195 325
1 9 2
34 481
1 15 2
346 93
1 12 2
498 39
1 15 2
423 416
1 2 2
336 199
1 10 2
380 403
1 15 2
309 431
1 7 2
488 335
1 10 2
443 367
1 13 2
35 266
1 13 2
410 3
1 12 2
164 243
1 6 2
233 4
1 9 2
140 350
1 12 2
53 200
1 7 2
448 279
1 7 2
315 330
1 13 2
361 25
1 4 2
271 67
1 5 2
124 201
1 11 2
154 188
1 2 2
133 173
1 7 2
369 120
1 9 2
434 337
1 13 2
392 373
1 2 2
148 488
1 14 2
434 477
1 2 2
212 200
1 7 2
348 87
1 13 2
31 148
1 7 2
431 69
1 6 2
280 457
1 5 2
424 64
1 5 2
9 131
1 6 2
162 274
1 13 2
160 483
1 8 2
181 31
1 2 2
455 88
1 9 2
199 348
1 8 2
105 373
1 12 2
188 88
1 11 2
148 279
1 13 2
433 203
1 14 2
297 405
1 9 2
39 41
1 14 2
54 399
1 9 2
374 475
1 15 2
250 142
1 11 2
476 417
1 4 2
165 160
1 13 2
312 131
1 2 2
10 444
1 13 2
122 418
1 14 2
161 67
1 13 2
125 430
1 3 2
226 61
1 9 2
365 64
1 12 2
142 494
1 7 2
282 142
1 4 2
40 439
1 9 2
142 50
1 10 2
94 147
1 9 2
22 36
1 7 2
310 327
1 5 2
215 411
1 9 2
392 229
1 5 2
268 372
1 8 2
372 57
1 14 2
306 117
1 6 2
202 100
1 10 2
66 136
1 3 2
141 410
1 9 2
13 459
1 2 2
92 252
1 5 2
282 242
1 12 2
19 317
1 15 2
480 120
1 4 2
189 10
1 10 2
432 269
1 6 2
303 425
1 4 2
324 128
1 8 2
446 49
1 15 2
327 185
1 13 2
37 255
1 15 2
315 121
1 7 2
214 140
1 7 2
343 77
1 7 2
320 172
1 9 2
47 430
1 13 2
137 58
1 2 2
37 245
1 7 2
431 129
1 11 2
240 446
1 4 2
497 198
1 6 2
446 323
1 13 2
277 5
1 8 2
106 487
1 10 2
264 291
1 7 2
387 415
1 3 2
9 35
1 13 2
28 183
1 14 2
394 361
1 6 2
225 379
1 12 2
420 231
1 15 2
292 105
1 8 2
228 477
1 6 2
485 16
1 9 2
466 79
1 13 2
36 230
1 6 2
392 138
1 9 2
483 229
1 12 2
331 100
1 4 2
299 468
1 11 2
250 161
1 3 2
142 150
1 12 2
491 55
1 7 2
48 474
1 12 2
207 213
1 6 2
26 355
1 9 2
464 213
1 2 2
300 142
1 11 2
164 310
1 3 2
487 77
1 5 2
353 438
1 4 2
149 469
1 4 2
307 30
1 3 2
174 384
1 13 2
194 430
1 11 2
219 288
1 13 2
264 185
1 11 2
96 389
1 13 2
7 304
1 3 2
49 148
1 2 2
489 84
1 8 2
327 443
1 10 2
243 298
1 4 2
198 242
1 9 2
99 241
1 3 2
32 57
1 14 2
55 59
1 12 2
137 305
1 7 2
111 474
1 3 2
158 39
1 7 2
346 426
1 6 2
145 436
1 5 2
253 147
1 4 2
289 263
1 12 2
69 113
1 15 2
367 349
1 9 2
402 216
1 9 2
325 60
1 8 2
391 413
1 10 2
382 57
1 15 2
343 415
1 10 2
378 447
1 14 2
183 144
1 6 2
201 184
1 4 2
136 283
1 7 2
389 42
1 12 2
8 337
1 4 2
353 384
1 12 2
7 499
1 15 2
146 94
1 5 2
241 334
1 7 2
477 310
1 14 2
198 187
1 11 2
124 403
1 7 2
401 475
1 4 2
320 209
1 3 2
146 389
1 13 2
52 148
1 13 2
456 140
1 14 2
36 126
1 9 2
53 247
1 8 2
306 363
1 4 2
109 437
1 4 2
243 446
1 15 2
394 493
1 3 2
367 295
1 4 2
177 423
1 14 2
381 60
1 11 2
181 334
1 6 2
70 214
1 13 2
264 392
1 11 2
489 141
1 8 2
420 217
1 9 2
389 54
1 13 2
303 359
1 3 2
60 356
1 2 2
335 394
1 9 2
281 135
1 10 2
156 284
1 12 2
270 136
1 3 2
0 130
1 5 2
301 198
1 2 2
449 359
1 7 2
146 369
1 14 2
336 375
1 10 2
468 139
1 14 2
205 311
1 5 2
349 268
1 6 2
366 158
1 6 2
493 422
1 2 2
183 370
1 11 2
398 247
1 5 2
379 99
1 8 2
496 145
1 3 2
29 328
1 12 2
359 418
1 9 2
478 72
1 10 2
241 450
1 7 2
405 95
1 15 2
1 230
1 9 2
411 423
1 3 2
21 265
1 6 2
256 354
1 5 2
188 431
1 2 2
257 466
1 12 2
446 334
1 5 2
121 39
1 5 2
177 447
1 5 2
204 138
1 13 2
63 75
1 12 2
117 71
1 2 2
124 45
1 6 2
493 84
1 12 2
265 459
1 7 2
191 203
1 13 2
293 47
1 10 2
444 243
1 9 2
198 128
1 3 2
83 162
1 15 2
387 202
1 12 2
416 2
1 7 2
334 418
1 3 2
126 323
1 2 2
210 146
1 4 2
448 75
1 4 2
328 401
1 5 2
152 255
1 3 2
158 190
1 3 2
270 133
1 3 2
209 165
1 11 2
2 198
1 11 2
229 366
1 10 2
99 233
1 4 2
90 37
1 11 2
480 343
1 15 2
103 213
1 7 2
338 153
1 4 2
103 329
1 14 2
430 275
1 11 2
130 160
1 3 2
446 314
1 11 2
192 245
1 14 2
44 233
1 15 2
183 475
1 2 2
138 65
1 9 2
5 155
1 6 2
70 347
1 8 2
32 264
1 6 2
218 98
1 13 2
62 96
1 14 2
349 365
1 14 2
465 271
1 14 2
378 76
1 8 2
72 346
1 9 2
271 158
1 11 2
178 366
1 3 2
58 53
1 13 2
62 277
1 2 2
441 256
1 7 2
101 212
1 6 2
113 386
1 4 2
2 387
1 6 2
213 2
1 8 2
407 382
1 10 2
49 62
1 6 2
129 77
1 6 2
89 239
1 3 2
241 335
1 13 2
130 384
1 3 2
256 69
1 11 2
13 403
1 2 2
312 133
1 12 2
20 135
1 12 2
141 152
1 15 2
493 465
1 14 2
363 95
1 12 2
470 315
1 3 2
98 293
1 9 2
51 220
1 12 2
412 407
1 5 2
268 429
1 2 2
36 386
1 11 2
370 194
1 14 2
31 499
1 7 2
233 18
1 4 2
49 406
1 10 2
123 443
1 11 2
222 97
1 6 2
36 7
1 8 2
420 299
1 4 2
355 85
1 6 2
183 103
1 5 2
393 124
1 7 2
242 281
1 9 2
442 447
1 13 2
369 335
1 9 2
308 141
1 12 2
463 22
1 10 2
115 483
1 9 2
85 20
1 5 2
77 104
1 7 2
197 439
1 6 2
375 189
1 8 2
443 288
1 6 2
468 385
1 8 2
475 96
1 6 2
205 297
1 8 2
174 476
1 3 2
338 399
1 4 2
386 87
1 4 2
324 70
1 7 2
235 119
1 11 2
418 416
1 9 2
36 448
1 2 2
28 7
1 11 2
376 195
1 2 2
475 452
1 11 2
248 122
1 9 2
203 493
1 14 2
185 53
1 8 2
222 324
1 8 2
258 33
1 7 2
458 265
1 13 2
386 72
1 4 2
459 379
1 12 2
373 401
1 3 2
41 283
1 6 2
447 239
1 2 2
411 5
1 10 2
271 353
1 8 2
405 167
1 13 2
442 326
1 12 2
84 71
1 10 2
321 230
1 12 2
75 292
1 11 2
129 496
1 4 2
442 91
1 12 2
225 493
1 10 2
146 364
1 5 2
274 484
1 15 2
352 212
1 6 2
484 144
1 4 2
352 369
1 12 2
173 385
1 11 2
127 148
1 5 2
97 56
1 5 2
431 227
1 7 2
419 472
1 10 2
64 331
1 4 2
431 402
1 5 2
107 174
1 3 2
284 306
1 3 2
423 449
1 15 2
19 56
1 12 2
332 492
1 12 2
382 216
1 5 2
484 111
1 11 2
320 353
1 11 2
354 343
1 15 2
69 276
1 8 2
175 483
1 8 2
298 124
1 8 2
401 452
1 4 2
86 316
1 12 2
284 369
1 9 2
450 369
1 11 2
277 67
1 8 2
102 369
1 10 2
360 364
1 10 2
463 24
1 4 2
453 247
1 4 2
346 492
1 10 2
227 306
1 7 2
475 13
1 8 2
234 115
1 12 2
146 373
1 14 2
219 276
1 10 2
130 380
1 15 2
0 11
1 4 2
398 348
1 8 2
67 1
1 13 2
65 75
1 15 2
303 32
1 11 2
484 7
1 3 2
267 100
1 8 2
268 442
1 11 2
190 246
1 3 2
453 437
1 7 2
90 482
1 9 2
181 274
1 14 2
453 152
1 11 2
246 486
1 2 2
293 90
1 14 2
498 466
1 3 2
361 210
1 7 2
187 315
1 14 2
229 343
1 3 2
218 436
1 12 2
367 480
1 6 2
396 91
1 3 2
145 36
1 8 2
354 378
1 6 2
293 270
1 11 2
303 347
1 15 2
48 268
1 13 2
184 12
1 5 2
152 478
1 9 2
351 142
1 14 2
39 234
1 11 2
154 83
1 5 2
77 367
1 6 2
274 179
1 6 2
441 117
1 13 2
54 358
1 5 2
225 175
1 12 2
431 383
1 11 2
398 371
1 11 2
148 330
1 12 2
297 417
1 13 2
441 93
1 5 2
9 340
1 4 2
71 327
1 8 2
82 195
1 2 2
205 130
1 11 2
71 36
1 2 2
265 160
1 3 2
36 439
1 11 2
349 80
1 9 2
238 311
1 12 2
274 465
1 3 2
491 280
1 8 2
333 317
1 5 2
167 138
1 9 2
39 209
1 7 2
213 257
1 2 2
153 401
1 14 2
342 431
1 6 2
87 147
1 10 2
456 273
1 10 2
359 214
1 11 2
210 488
1 7 2
157 297
1 5 2
217 416
1 2 2
13 377
1 10 2
370 65
1 6 2
482 266
1 3 2
84 340
1 15 2
31 149
1 5 2
258 60
1 14 2
22 140
1 10 2
115 316
1 3 2
355 487
1 2 2
96 342
1 12 2
56 75
1 2 2
484 372
1 4 2
321 198
1 5 2
152 489
1 7 2
455 250
1 13 2
433 164
1 8 2
273 425
1 5 2
338 22
1 2 2
25 438
1 2 2
297 289
1 9 2
367 235
1 3 2
94 41
1 12 2
435 304
1 7 2
400 379
1 9 2
151 446
1 11 2
170 146
1 11 2
80 475
1 5 2
155 359
1 9 2
476 91
1 8 2
176 43
1 15 2
74 258
1 4 2
129 242
1 12 2
393 147
1 11 2
449 283
1 3 2
443 473
1 15 2
398 145
1 2 2
60 318
1 2 2
451 180
1 13 2
192 410
1 5 2
149 115
1 14 2
56 451
1 14 2
440 317
1 14 2
427 214
1 6 2
349 402
1 15 2
180 90
1 4 2
79 105
1 9 2
18 198
1 2 2
174 149
1 13 2
224 490
1 10 2
1 498
1 8 2
110 472
1 11 2
354 493
1 11 2
185 493
1 6 2
150 400
1 12 2
480 475
1 4 2
272 103
1 7 2
406 84
1 5 2
405 195
1 8 2
97 64
1 3 2
121 385
1 3 2
353 117
1 3 2
146 343
1 7 2
72 79
1 11 2
39 454
1 10 2
458 56
1 15 2
381 105
1 15 2
400 118
1 2 2
322 41
1 10 2
495 360
1 13 2
124 8
1 8 2
420 179
1 13 2
340 128
1 11 2
477 174
1 12 2
395 351
1 13 2
370 351
1 12 2
176 371
1 3 2
441 212
1 7 2
122 36
1 6 2
45 111
1 10 2
330 205
1 12 2
23 105
1 10 2
26 249
1 12 2
307 451
1 10 2
189 262
1 7 2
50 347
1 4 2
27 83
1 13 2
188 368
1 9 2
281 383
1 15 2
135 375
1 15 2
276 351
1 5 2
19 103
1 5 2
469 312
1 7 2
73 466
1 10 2
27 172
1 8 2
126 179
1 10 2
84 292
1 7 2
159 245
1 3 2
68 390
1 9 2
459 429
1 11 2
69 338
1 8 2
220 90
1 14 2
18 224
1 9 2
124 17
1 9 2
145 235
1 13 2
74 63
1 11 2
353 28
1 8 2
483 118
1 4 2
251 252
1 15 2
410 484
1 9 2
399 102
1 4 2
129 386
1 3 2
63 206
1 7 2
53 491
1 4 2
483 102
1 15 2
390 205
1 11 2
489 48
1 2 2
460 331
1 7 2
422 201
1 9 2
1 159
1 11 2
74 432
1 11 2
196 265
1 2 2
56 488
1 15 2
253 14
1 2 2
354 215
1 2 2
48 271
1 7 2
203 367
1 5 2
109 419
1 4 2
455 149
1 7 2
154 61
1 12 2
55 363
1 10 2
315 388
1 8 2
365 115
1 11 2
351 176
1 6 2
119 136
1 11 2
444 414
1 4 2
27 180
1 7 2
179 412
1 4 2
348 83
1 4 2
478 182
1 7 2
451 263
1 14 2
165 25
1 2 2
376 96
1 9 2
221 477
1 7 2
259 283
1 14 2
44 210
1 7 2
422 474
1 6 2
319 255
1 3 2
415 26
1 14 2
200 224
1 2 2
313 69
1 12 2
51 242
1 6 2
50 3
1 7 2
13 118
1 7 2
170 256
1 8 2
310 335
1 3 2
228 495
1 14 2
476 58
1 4 2
376 259
1 14 2
476 497
1 8 2
390 133
1 8 2
395 67
1 11 2
248 297
1 3 2
21 419
1 11 2
472 141
1 2 2
378 349
1 15 2
497 498
1 14 2
444 224
1 15 2
347 285
1 13 2
198 309
1 12 2
11 106
1 7 2
238 226
1 6 2
398 18
1 6 2
436 141
1 7 2
277 397
1 3 2
348 385
1 9 2
361 355
1 7 2
295 486
1 4 2
400 104
1 2 2
199 363
1 11 2
67 48
1 11 2
187 85
1 2 2
313 115
1 12 2
247 219
1 7 2
489 294
1 15 2
418 271
1 2 2
495 466
1 14 2
53 26
1 9 2
145 100
1 3 2
129 221
1 10 2
499 411
1 6 2
360 68
1 8 2
113 480
1 9 2
23 71
1 7 2
208 20
1 11 2
381 4
1 3 2
146 392
1 12 2
370 96
1 10 2
297 243
1 4 2
292 67
1 8 2
15 290
1 9 2
203 154
1 9 2
3 46
1 3 2
28 88
1 6 2
494 311
1 7 2
419 70
1 15 2
371 243
1 5 2
267 79
1 13 2
157 55
1 12 2
443 80
1 15 2
50 301
1 14 2
281 499
1 2 2
416 328
1 12 2
128 72
1 5 2
331 148
1 4 2
468 257
1 12 2
162 292
1 2 2
171 312
1 8 2
216 12
1 3 2
426 228
1 9 2
394 399
1 12 2
144 300
1 5 2
28 285
1 4 2
262 34
1 10 2
130 200
1 10 2
409 15
1 14 2
157 60
1 13 2
84 141
1 9 2
451 399
1 15 2
64 278
1 8 2
473 82
1 3 2
273 92
1 10 2
39 96
1 10 2
22 234
1 14 2
169 45
1 12 2
32 81
1 5 2
388 262
1 4 2
42 180
1 11 2
109 23
1 11 2
358 470
1 10 2
469 353
1 6 2
85 278
1 14 2
24 269
1 9 2
318 163
1 5 2
173 287
1 14 2
232 431
1 3 2
207 129
1 4 2
276 186
1 13 2
40 357
1 2 2
228 155
1 12 2
260 256
1 8 2
126 298
1 8 2
314 254
1 13 2
400 413
1 15 2
78 445
1 11 2
326 285
1 2 2
306 126
1 3 2
442 217
1 11 2
130 184
1 7 2
351 454
1 2 2
412 414
1 15 2
214 5
1 10 2
101 34
1 5 2
402 70
1 10 2
108 458
1 4 2
69 348
1 4 2
330 83
1 15 2
267 38
1 15 2
456 479
1 8 2
393 457
1 11 2
406 345
1 12 2
122 329
1 2 2
179 249
1 11 2
236 361
1 15 2
64 460
1 5 2
163 84
1 3 2
345 199
1 8 2
24 33
1 6 2
397 123
1 8 2
65 175
1 8 2
318 325
1 11 2
34 344
1 7 2
121 10
1 2 2
320 121
1 9 2
415 367
1 7 2
24 414
1 15 2
273 277
1 11 2
332 498
1 5 2
433 139
1 12 2
155 74
1 6 2
489 106
1 4 2
386 104
1 13 2
448 456
1 5 2
399 470
1 10 2
179 250
1 4 2
296 310
1 7 2
462 468
1 2 2
335 498
1 3 2
202 451
1 15 2
482 365
1 11 2
433 399
1 15 2
122 138
1 2 2
149 153
1 3 2
36 478
1 9 2
44 447
1 12 2
386 18
1 2 2
197 304
1 9 2
291 400
1 6 2
114 76
1 13 2
343 321
1 5 2
216 194
1 8 2
283 56
1 6 2
104 111
1 5 2
109 85
1 9 2
339 161
1 9 2
135 300
1 15 2
309 412
1 14 2
395 68
1 11 2
323 489
1 5 2
395 286
1 4 2
324 385
1 7 2
438 194
1 15 2
343 40
1 10 2
88 184
1 14 2
11 230
1 8 2
384 329
1 11 2
82 109
1 15 2
92 479
1 11 2
127 90
1 3 2
166 265
1 12 2
346 471
1 9 2
14 154
1 8 2
262 242
1 14 2
23 307
1 11 2
244 88
1 2 2
179 176
1 9 2
411 198
1 13 2
342 385
1 4 2
135 488
1 13 2
266 202
1 7 2
273 368
1 10 2
110 498
1 11 2
94 162
1 2 2
180 61
1 3 2
413 409
1 6 2
177 346
1 11 2
1 485
1 14 2
303 223
1 15 2
345 121
1 3 2
76 295
1 10 2
311 371
1 6 2
442 289
1 14 2
10 365
1 6 2
417 40
1 12 2
170 68
1 14 2
431 229
1 12 2
404 235
1 8 2
438 0
1 11 2
334 123
1 10 2
387 390
1 5 2
17 96
