500 4000 1500
5 23 10 20 10 23 16 15 11 24 18 22 25 20 15 10 5 21 22 15 13 7 22 9 8 12 5 15 24 11 19 8 15 15 18 5 21 5 25 5 23 19 15 15 14 20 8 16 15 5 25 10 17 19 11 18 25 21 21 25 7 25 6 23 12 14 14 18 10 5 5 8 10 7 25 24 15 12 23 23 25 25 14 17 16 14 7 7 22 24 22 15 25 18 18 16 20 6 16 5 22 23 20 13 19 11 14 20 16 6 7 13 22 12 8 12 17 7 25 19 10 14 21 25 6 5 11 5 8 11 11 14 19 18 20 21 7 23 5 10 12 21 16 18 17 21 6 15 19 23 21 24 12 17 5 16 15 5 11 20 18 24 5 10 17 14 16 5 18 17 10 14 5 17 25 25 7 9 13 12 11 24 10 13 6 22 13 11 21 12 6 5 20 23 21 19 13 17 23 25 7 25 17 18 24 24 16 14 9 6 12 15 20 9 7 19 12 19 15 18 19 24 25 21 23 5 18 5 11 14 24 24 9 9 20 10 10 12 19 25 17 24 15 16 17 16 7 14 18 25 11 20 25 17 13 21 12 18 9 12 17 16 6 17 22 6 24 6 23 6 13 6 18 12 21 6 15 17 19 22 9 10 18 16 17 21 14 22 21 18 5 11 10 18 21 6 24 10 25 19 12 20 24 21 23 22 21 14 25 20 17 9 9 5 9 20 6 11 16 17 25 13 16 13 14 19 12 8 5 9 6 23 10 24 14 14 18 5 22 20 21 17 16 6 18 11 15 13 14 6 13 7 10 19 5 17 24 15 9 15 14 6 17 24 5 24 9 17 24 6 9 19 16 25 21 23 11 6 7 24 12 5 24 23 12 5 18 12 9 5 12 7 17 11 6 12 25 24 22 24 10 15 23 25 16 11 24 19 21 9 15 22 21 6 23 25 20 15 22 12 24 11 5 17 13 24 15 18 14 8 22 19 8 19 9 5 23 20 25 7 11 14 10 14 14 22 6 20 25 20 9 24 5 19 25 18 10 17 24 22 23 20 24 6 13 20 20 20 21 15 5 5 9 18 11 19 6 19 22 7 17 24 8 25 13 15 14 25 20 25 15 17 7 13 20 17 23 17 10 9
3 15 3 7 16 9 10 12 6 18 5 11 10 11 5 4 17 15 3 11 16 12 4 10 11 18 13 14 11 10 18 3 10 3 9 7 9 7 10 13 3 12 20 13 3 9 17 20 20 11 12 6 19 8 9 16 12 14 6 19 7 18 16 8 16 18 3 16 15 20 4 5 13 6 5 3 10 3 20 6 14 8 4 4 20 14 13 6 6 18 20 20 18 5 8 6 12 10 17 13 14 8 20 15 9 16 3 6 8 15 7 19 18 5 12 6 12 20 19 20 5 17 12 19 17 12 16 6 13 3 11 17 6 8 15 13 13 20 9 13 17 8 7 19 14 12 8 12 16 13 10 19 8 7 14 7 9 13 14 4 7 7 20 12 4 16 10 13 8 18 5 10 19 6 18 13 5 4 17 5 13 13 20 8 6 16 14 16 15 17 9 3 10 4 9 15 6 11 19 19 18 20 11 17 7 6 17 19 3 11 11 14 20 16 12 9 11 12 19 20 20 19 8 20 20 6 12 9 19 11 10 3 15 8 14 18 6 4 8 7 5 12 15 11 8 4 14 6 4 14 19 9 20 4 12 4 3 4 13 15 5 20 12 4 16 15 14 5 3 7 9 9 17 15 15 5 8 19 8 8 10 6 6 12 11 9 5 9 9 12 10 10 15 9 13 8 4 12 12 11 19 20 8 12 15 4 13 19 9 7 13 14 18 13 10 5 5 10 16 17 12 7 17 15 10 9 15 16 11 3 19 3 13 9 10 16 20 17 7 11 16 12 5 3 5 5 9 6 5 19 3 19 20 9 12 8 6 19 8 14 17 15 7 3 3 8 15 13 12 5 12 17 9 12 3 5 11 17 5 4 5 3 8 9 18 11 11 8 13 6 13 11 11 14 15 3 11 17 14 14 13 13 10 16 15 11 13 13 12 18 6 13 17 17 3 19 7 8 15 18 17 8 20 9 16 6 4 12 20 4 3 16 7 4 9 12 15 13 5 8 14 16 7 3 3 20 12 17 8 7 9 5 7 6 17 7 19 6 17 5 6 3 8 14 17 19 6 7 20 5 13 8 7 5 17 14 7 11 15 9 15 12 20 20 7 3 18 16 20 12 19 9 20 16 16 6 3 11 3 15
1 5 2
328 276
1 15 2
282 355
1 15 2
105 132
1 12 2
268 335
1 15 2
175 284
1 14 2
363 213
1 12 2
484 205
1 15 2
190 222
1 8 2
422 79
1 3 2
160 212
1 13 2
73 275
1 8 2
319 130
1 9 2
283 441
1 9 2
449 377
1 10 2
69 381
1 2 2
109 441
1 9 2
48 23
1 11 2
245 480
1 6 2
38 211
1 9 2
484 125
1 13 2
270 288
1 8 2
371 179
1 13 2
308 120
1 11 2
330 387
1 11 2
228 65
1 11 2
209 182
1 14 2
86 205
1 5 2
294 253
1 2 2
82 474
1 7 2
346 412
1 11 2
145 377
1 15 2
311 195
1 9 2
166 229
1 12 2
409 189
1 6 2
202 498
1 9 2
85 86
1 12 2
180 63
1 13 2
479 409
1 8 2
73 192
1 14 2
139 200
1 5 2
321 116
1 6 2
150 96
1 13 2
365 497
1 9 2
385 246
1 7 2
51 386
1 2 2
213 22
1 6 2
243 212
1 11 2
456 193
1 6 2
243 242
1 9 2
387 181
1 9 2
135 84
1 10 2
1 439
1 6 2
161 155
1 4 2
300 419
1 2 2
274 163
1 5 2
433 426
1 13 2
426 139
1 3 2
363 471
1 6 2
189 76
1 9 2
235 243
1 4 2
492 474
1 12 2
296 276
1 13 2
427 246
1 10 2
119 209
1 15 2
66 43
1 14 2
290 13
1 7 2
302 322
1 5 2
32 349
1 9 2
346 148
1 14 2
134 434
1 14 2
475 63
1 7 2
181 431
1 14 2
138 125
1 9 2
183 441
1 6 2
392 298
1 15 2
92 439
1 9 2
260 490
1 13 2
272 286
1 12 2
306 305
1 8 2
9 398
1 3 2
33 290
1 14 2
3 148
1 10 2
410 7
1 2 2
4 259
1 6 2
147 439
1 13 2
63 78
1 3 2
61 235
1 8 2
7 397
1 12 2
226 381
1 14 2
281 333
1 15 2
107 458
1 8 2
187 480
1 6 2
288 267
1 12 2
194 348
1 11 2
339 16
1 5 2
26 468
1 11 2
294 324
1 12 2
111 227
1 8 2
206 122
1 9 2
197 235
1 9 2
12 334
1 4 2
388 5
1 10 2
24 103
1 4 2
482 247
1 8 2
288 449
1 8 2
31 248
1 12 2
221 200
1 6 2
384 188
1 13 2
465 251
1 6 2
456 283
1 2 2
245 227
1 4 2
74 141
1 14 2
8 428
1 14 2
355 454
1 13 2
301 222
1 7 2
290 495
1 5 2
183 348
1 4 2
331 450
1 7 2
298 404
1 15 2
234 399
1 8 2
385 95
1 6 2
12 51
1 8 2
223 49
1 4 2
76 35
1 5 2
94 113
1 15 2
48 328
1 10 2
446 453
1 4 2
165 133
1 7 2
95 151
1 13 2
237 326
1 4 2
282 384
1 10 2
328 89
1 7 2
381 200
1 2 2
172 479
1 7 2
457 101
1 5 2
190 281
1 15 2
242 295
1 10 2
304 108
1 7 2
164 494
1 3 2
79 488
1 2 2
139 345
1 4 2
252 303
1 5 2
107 280
1 15 2
459 411
1 15 2
212 308
1 12 2
154 267
1 14 2
348 103
1 5 2
251 121
1 5 2
432 260
1 13 2
108 176
1 10 2
277 226
1 15 2
356 40
1 3 2
382 212
1 11 2
118 418
1 6 2
327 45
1 11 2
309 122
1 12 2
121 480
1 15 2
129 280
1 2 2
84 477
1 5 2
248 231
1 7 2
83 430
1 12 2
375 15
1 9 2
30 350
1 8 2
384 20
1 4 2
222 289
1 2 2
143 440
1 8 2
439 48
1 4 2
362 82
1 11 2
187 475
1 6 2
255 156
1 13 2
219 2
1 6 2
226 493
1 10 2
49 212
1 9 2
110 50
1 15 2
464 190
1 5 2
162 367
1 14 2
228 61
1 15 2
417 338
1 9 2
196 398
1 5 2
219 457
1 13 2
14 293
1 11 2
422 312
1 15 2
217 191
1 9 2
471 215
1 8 2
127 258
1 7 2
24 381
1 4 2
161 428
1 5 2
419 101
1 8 2
1 435
1 13 2
455 78
1 2 2
373 49
1 6 2
58 238
1 4 2
47 2
1 13 2
234 30
1 12 2
228 374
1 14 2
39 105
1 2 2
453 343
1 13 2
48 239
1 6 2
425 366
1 8 2
375 38
1 14 2
12 369
1 3 2
88 196
1 4 2
294 259
1 8 2
140 264
1 14 2
88 465
1 6 2
326 456
1 2 2
42 78
1 15 2
5 185
1 6 2
77 374
1 10 2
300 237
1 12 2
67 477
1 15 2
425 413
1 11 2
27 41
1 11 2
349 191
1 2 2
120 248
1 11 2
465 345
1 12 2
217 426
1 4 2
347 416
1 10 2
469 433
1 12 2
70 442
1 5 2
462 351
1 3 2
121 178
1 10 2
108 311
1 2 2
185 359
1 8 2
385 317
1 9 2
96 8
1 5 2
197 371
1 3 2
293 416
1 12 2
16 488
1 2 2
107 139
1 15 2
487 269
1 4 2
440 433
1 7 2
194 65
1 12 2
354 158
1 11 2
448 211
1 15 2
16 48
1 6 2
409 183
1 12 2
261 277
1 3 2
267 332
1 12 2
175 392
1 7 2
67 94
1 14 2
493 142
1 5 2
474 33
1 9 2
266 472
1 11 2
111 152
1 10 2
239 347
1 3 2
389 364
1 4 2
296 484
1 12 2
350 214
1 5 2
329 321
1 7 2
65 11
1 11 2
466 183
1 11 2
14 243
1 3 2
191 381
1 3 2
415 413
1 10 2
91 80
1 14 2
175 290
1 4 2
104 416
1 5 2
412 462
1 14 2
388 302
1 8 2
83 147
1 13 2
34 164
1 3 2
205 406
1 15 2
404 492
1 12 2
16 336
1 15 2
380 466
1 11 2
443 179
1 9 2
164 133
1 8 2
325 367
1 12 2
154 34
1 13 2
29 171
1 7 2
13 396
1 15 2
154 85
1 12 2
294 410
1 7 2
499 398
1 3 2
379 50
1 3 2
38 230
1 8 2
349 416
1 4 2
443 298
1 6 2
37 475
1 12 2
163 263
1 6 2
102 367
1 5 2
38 139
1 14 2
339 94
1 3 2
356 171
1 8 2
88 230
1 14 2
18 484
1 7 2
408 117
1 13 2
438 216
1 7 2
294 285
1 12 2
481 89
1 4 2
87 51
1 14 2
448 476
1 5 2
59 332
1 5 2
420 488
1 5 2
58 459
1 11 2
232 429
1 2 2
224 457
1 4 2
209 220
1 15 2
386 446
1 7 2
147 204
1 10 2
472 122
1 8 2
275 141
1 2 2
458 354
1 13 2
443 255
1 9 2
345 325
1 12 2
483 345
1 7 2
72 270
1 9 2
162 435
1 10 2
123 195
1 7 2
180 49
1 8 2
63 281
1 12 2
456 318
1 10 2
83 9
1 12 2
462 0
1 5 2
483 401
1 4 2
413 274
1 3 2
263 56
1 2 2
102 267
1 11 2
27 400
1 11 2
438 330
1 13 2
212 165
1 15 2
325 227
1 9 2
168 208
1 8 2
219 185
1 2 2
403 86
1 10 2
9 123
1 13 2
2 92
1 8 2
132 14
1 10 2
330 431
1 14 2
283 367
1 2 2
309 92
1 3 2
64 214
1 5 2
98 18
1 3 2
141 158
1 13 2
220 498
1 14 2
65 74
1 13 2
393 457
1 3 2
340 91
1 3 2
325 172
1 7 2
383 38
1 12 2
232 341
1 14 2
433 140
1 4 2
127 281
1 12 2
229 40
1 6 2
465 383
1 2 2
302 350
1 13 2
278 360
1 14 2
361 179
1 10 2
410 42
1 10 2
321 223
1 11 2
101 174
1 5 2
126 31
1 13 2
135 309
1 14 2
222 205
1 12 2
141 115
1 15 2
187 147
1 12 2
9 156
1 11 2
102 318
1 14 2
90 311
1 6 2
441 185
1 11 2
243 270
1 6 2
110 105
1 4 2
259 487
1 2 2
214 200
1 2 2
113 495
1 3 2
39 164
1 8 2
54 305
1 12 2
476 499
1 7 2
12 160
1 11 2
66 233
1 15 2
405 423
1 10 2
160 449
1 3 2
473 225
1 9 2
44 472
1 5 2
130 275
1 9 2
476 192
1 13 2
408 360
1 4 2
125 118
1 4 2
151 250
1 12 2
141 379
1 6 2
387 248
1 4 2
311 147
1 10 2
266 197
1 15 2
447 234
1 2 2
53 322
1 15 2
106 492
1 11 2
445 322
1 9 2
17 283
1 14 2
494 321
1 2 2
466 359
1 13 2
241 432
1 7 2
488 222
1 12 2
495 384
1 6 2
266 81
1 8 2
452 399
1 13 2
123 167
1 9 2
86 493
1 9 2
85 439
1 4 2
488 343
1 12 2
89 234
1 10 2
282 277
1 13 2
172 254
1 13 2
205 186
1 3 2
371 468
1 14 2
334 335
1 8 2
126 229
1 6 2
454 453
1 8 2
112 276
1 2 2
305 74
1 10 2
359 93
1 6 2
289 217
1 15 2
300 203
1 12 2
456 255
1 10 2
443 152
1 14 2
62 346
1 14 2
304 492
1 9 2
248 276
1 6 2
213 484
1 5 2
37 456
1 12 2
236 381
1 4 2
351 385
1 4 2
199 280
1 12 2
425 12
1 4 2
102 238
1 8 2
235 388
1 14 2
189 210
1 15 2
304 24
1 10 2
297 392
1 9 2
367 231
1 5 2
227 375
1 13 2
297 171
1 9 2
97 163
1 15 2
65 367
1 8 2
284 214
1 5 2
337 270
1 2 2
421 291
1 11 2
170 93
1 10 2
284 111
1 9 2
199 325
1 4 2
66 145
1 4 2
175 268
1 14 2
50 370
1 14 2
485 369
1 5 2
358 345
1 6 2
449 260
1 10 2
355 109
1 8 2
289 52
1 11 2
142 417
1 6 2
72 445
1 3 2
174 74
1 14 2
41 221
1 7 2
338 140
1 8 2
392 73
1 14 2
99 491
1 3 2
241 495
1 2 2
44 421
1 12 2
118 283
1 8 2
116 241
1 5 2
352 427
1 8 2
31 46
1 4 2
312 423
1 9 2
270 404
1 10 2
102 215
1 6 2
403 473
1 3 2
241 171
1 5 2
321 286
1 4 2
120 439
1 11 2
67 1
1 13 2
460 248
1 12 2
349 65
1 12 2
417 29
1 5 2
304 175
1 8 2
481 171
1 9 2
66 381
1 6 2
146 247
1 6 2
112 23
1 14 2
499 166
1 5 2
19 22
1 8 2
212 307
1 14 2
286 464
1 9 2
275 202
1 7 2
479 100
1 14 2
290 313
1 2 2
182 83
1 2 2
278 26
1 6 2
449 419
1 7 2
98 157
1 10 2
32 184
1 15 2
271 130
1 14 2
350 206
1 9 2
426 150
1 13 2
272 490
1 2 2
201 245
1 12 2
427 30
1 2 2
69 262
1 2 2
439 396
1 2 2
213 163
1 14 2
114 90
1 13 2
25 438
1 15 2
36 42
1 14 2
260 252
1 10 2
0 457
1 7 2
260 100
1 9 2
52 143
1 11 2
173 291
1 6 2
419 139
1 5 2
40 119
1 15 2
326 445
1 7 2
430 137
1 5 2
10 323
1 15 2
151 169
1 8 2
135 75
1 8 2
365 447
1 15 2
465 2
1 2 2
178 7
1 8 2
183 495
1 13 2
214 75
1 2 2
62 106
1 4 2
237 27
1 3 2
125 293
1 7 2
313 483
1 6 2
108 356
1 12 2
141 204
1 7 2
355 460
1 6 2
362 225
1 6 2
307 493
1 11 2
12 323
1 4 2
23 358
1 6 2
199 14
1 9 2
174 90
1 5 2
39 68
1 8 2
490 25
1 3 2
438 222
1 14 2
319 50
1 10 2
182 420
1 10 2
295 219
1 11 2
400 72
1 11 2
330 23
1 8 2
398 348
1 11 2
78 325
1 8 2
284 324
1 6 2
68 259
1 4 2
213 385
1 9 2
52 14
1 12 2
25 159
1 8 2
55 58
1 2 2
494 430
1 2 2
86 409
1 14 2
252 53
1 7 2
238 5
1 5 2
315 191
1 10 2
245 148
1 12 2
1 79
1 7 2
422 311
1 10 2
319 347
1 13 2
192 272
1 8 2
433 488
1 9 2
491 363
1 6 2
114 286
1 2 2
218 394
1 12 2
383 230
1 11 2
324 366
1 12 2
300 218
1 6 2
149 296
1 14 2
269 273
1 5 2
390 373
1 7 2
85 381
1 14 2
138 373
1 7 2
428 201
1 11 2
407 279
1 2 2
424 157
1 15 2
282 413
1 15 2
452 190
1 14 2
30 165
1 12 2
53 435
1 9 2
296 281
1 4 2
381 191
1 13 2
301 234
1 2 2
416 94
1 3 2
402 483
1 7 2
373 296
1 10 2
183 258
1 5 2
141 419
1 5 2
351 125
1 15 2
451 11
1 15 2
432 159
1 11 2
189 466
1 15 2
336 287
1 5 2
12 67
1 11 2
177 161
1 3 2
280 119
1 13 2
40 285
1 13 2
57 188
1 5 2
292 266
1 4 2
9 469
1 9 2
405 0
1 4 2
370 148
1 6 2
208 262
1 14 2
378 369
1 9 2
20 54
1 2 2
287 207
1 4 2
2 290
1 6 2
285 27
1 6 2
464 484
1 11 2
349 375
1 2 2
91 365
1 8 2
363 95
1 9 2
438 113
1 6 2
70 362
1 7 2
482 491
1 5 2
180 181
1 12 2
32 45
1 4 2
326 163
1 15 2
112 55
1 13 2
284 398
1 3 2
159 328
1 11 2
318 378
1 10 2
210 105
1 9 2
54 415
1 15 2
110 390
1 6 2
209 187
1 14 2
202 423
1 8 2
268 33
1 4 2
337 220
1 11 2
242 284
1 5 2
322 204
1 6 2
357 246
1 5 2
401 165
1 4 2
24 283
1 6 2
302 184
1 7 2
118 239
1 4 2
18 258
1 10 2
31 159
1 2 2
447 159
1 14 2
236 12
1 4 2
302 56
1 8 2
433 160
1 11 2
499 21
1 11 2
180 329
1 13 2
257 90
1 7 2
422 120
1 4 2
188 289
1 5 2
437 132
1 4 2
54 125
1 4 2
322 397
1 11 2
364 191
1 10 2
33 402
1 2 2
335 388
1 12 2
362 62
1 5 2
333 342
1 5 2
159 484
1 8 2
432 390
1 8 2
316 70
1 8 2
31 216
1 11 2
385 269
1 9 2
326 469
1 6 2
129 485
1 5 2
26 445
1 6 2
302 103
1 5 2
498 441
1 7 2
295 47
1 5 2
77 130
1 14 2
87 31
1 14 2
448 198
1 5 2
391 368
1 10 2
59 307
1 11 2
255 198
1 6 2
324 57
1 2 2
257 310
1 4 2
454 357
1 13 2
26 65
1 7 2
341 308
1 11 2
118 443
1 12 2
242 356
1 6 2
72 106
1 3 2
4 343
1 7 2
13 485
1 5 2
458 336
1 14 2
253 490
1 11 2
7 317
1 15 2
7 325
1 11 2
221 24
1 8 2
209 195
1 12 2
375 314
1 6 2
93 342
1 7 2
148 199
1 5 2
456 216
1 10 2
166 329
1 6 2
159 315
1 15 2
321 7
1 5 2
184 362
1 2 2
339 49
1 10 2
136 486
1 3 2
461 327
1 15 2
155 411
1 6 2
474 386
1 14 2
73 164
1 10 2
415 166
1 6 2
415 343
1 5 2
349 427
1 7 2
341 388
1 4 2
169 208
1 11 2
268 235
1 14 2
227 153
1 13 2
449 155
1 8 2
265 199
1 13 2
60 243
1 9 2
375 261
1 5 2
339 124
1 9 2
401 0
1 9 2
195 131
1 7 2
226 480
1 8 2
94 361
1 5 2
127 78
1 13 2
244 494
1 4 2
280 173
1 4 2
182 257
1 15 2
365 231
1 14 2
407 54
1 8 2
102 164
1 9 2
429 328
1 7 2
204 449
1 9 2
365 321
1 13 2
248 39
1 13 2
296 142
1 2 2
119 418
1 4 2
9 335
1 8 2
200 279
1 2 2
128 397
1 5 2
173 2
1 3 2
417 17
1 13 2
350 180
1 11 2
136 485
1 5 2
487 386
1 13 2
366 103
1 2 2
297 310
1 11 2
134 441
1 13 2
272 368
1 6 2
430 293
1 14 2
463 241
1 8 2
353 76
1 4 2
427 488
1 7 2
400 437
1 8 2
236 25
1 12 2
48 460
1 12 2
0 299
1 15 2
206 224
1 13 2
123 318
1 11 2
73 11
1 10 2
218 51
1 10 2
466 110
1 6 2
70 8
1 7 2
339 322
1 15 2
123 279
1 9 2
326 412
1 13 2
185 394
1 2 2
379 257
1 8 2
339 142
1 9 2
325 98
1 12 2
484 157
1 2 2
176 348
1 7 2
214 231
1 4 2
355 221
1 12 2
60 136
1 2 2
44 190
1 14 2
312 94
1 10 2
343 188
1 9 2
384 167
1 8 2
151 334
1 13 2
424 486
1 15 2
431 154
1 4 2
62 403
1 2 2
72 347
1 14 2
113 4
1 4 2
494 132
1 13 2
234 160
1 3 2
7 264
1 11 2
350 401
1 4 2
377 6
1 7 2
390 77
1 13 2
378 125
1 10 2
83 64
1 8 2
127 412
1 14 2
290 497
1 8 2
46 45
1 5 2
277 427
1 11 2
371 163
1 2 2
48 198
1 10 2
118 20
1 10 2
24 142
1 15 2
78 49
1 5 2
191 193
1 14 2
164 184
1 13 2
469 484
1 8 2
308 134
1 13 2
161 282
1 3 2
84 242
1 8 2
340 435
1 11 2
342 198
1 14 2
120 121
1 10 2
403 50
1 14 2
87 148
1 2 2
364 435
1 7 2
182 74
1 4 2
185 14
1 9 2
481 76
1 15 2
118 109
1 7 2
95 256
1 12 2
124 66
1 4 2
138 259
1 3 2
144 338
1 4 2
11 392
1 8 2
462 331
1 15 2
53 206
1 6 2
417 336
1 13 2
410 149
1 9 2
392 113
1 4 2
464 190
1 5 2
314 255
1 3 2
13 229
1 12 2
89 284
1 4 2
132 486
1 8 2
154 112
1 11 2
333 467
1 13 2
168 140
1 7 2
449 310
1 10 2
273 82
1 10 2
491 248
1 12 2
271 123
1 3 2
395 338
1 15 2
70 327
1 12 2
149 176
1 4 2
232 353
1 7 2
408 331
1 11 2
228 334
1 2 2
232 19
1 8 2
470 67
1 12 2
365 67
1 4 2
67 187
1 9 2
211 378
1 7 2
210 419
1 12 2
26 473
1 11 2
112 490
1 10 2
311 483
1 12 2
264 403
1 14 2
404 439
1 7 2
354 411
1 10 2
459 64
1 9 2
179 193
1 8 2
349 129
1 6 2
397 398
1 3 2
330 118
1 3 2
31 358
1 6 2
392 371
1 4 2
257 276
1 2 2
166 51
1 8 2
273 103
1 14 2
355 255
1 14 2
15 172
1 5 2
391 447
1 6 2
88 472
1 4 2
312 410
1 14 2
283 295
1 11 2
353 352
1 5 2
388 272
1 11 2
75 417
1 15 2
194 366
1 5 2
170 22
1 3 2
496 2
1 5 2
81 197
1 13 2
245 270
1 4 2
89 37
1 11 2
265 77
1 4 2
432 448
1 15 2
26 266
1 11 2
424 388
1 4 2
144 70
1 15 2
385 408
1 7 2
283 300
1 9 2
387 498
1 9 2
408 179
1 15 2
359 334
1 4 2
276 55
1 9 2
299 2
1 6 2
349 378
1 8 2
172 206
1 6 2
133 265
1 7 2
419 488
1 11 2
368 237
1 13 2
457 391
1 4 2
107 428
1 10 2
204 361
1 9 2
348 413
1 8 2
129 208
1 13 2
40 499
1 5 2
386 441
1 6 2
155 465
1 9 2
491 394
1 15 2
261 317
1 3 2
382 233
1 10 2
441 118
1 4 2
201 354
1 5 2
375 215
1 4 2
292 49
1 5 2
371 0
1 6 2
380 49
1 9 2
218 251
1 6 2
221 153
1 6 2
275 466
1 2 2
382 407
1 12 2
349 346
1 13 2
484 62
1 4 2
110 281
1 14 2
311 366
1 13 2
454 226
1 4 2
188 463
1 7 2
125 411
1 10 2
465 62
1 10 2
272 154
1 10 2
452 87
1 8 2
143 286
1 14 2
491 125
1 14 2
259 40
1 11 2
492 132
1 14 2
331 22
1 14 2
351 199
1 13 2
54 463
1 2 2
440 204
1 2 2
241 76
1 5 2
152 255
1 4 2
142 284
1 9 2
173 425
1 2 2
375 178
1 13 2
210 147
1 5 2
162 200
1 5 2
39 142
1 11 2
272 413
1 12 2
250 79
1 5 2
319 269
1 13 2
339 95
1 14 2
140 374
1 7 2
311 132
1 12 2
343 24
1 6 2
285 7
1 7 2
138 424
1 5 2
257 440
1 2 2
252 217
1 6 2
210 21
1 13 2
169 363
1 12 2
32 252
1 5 2
291 49
1 2 2
217 119
1 7 2
251 331
1 8 2
21 248
1 10 2
334 351
1 7 2
194 176
1 13 2
339 435
1 10 2
321 18
1 2 2
334 476
1 5 2
223 25
1 15 2
410 278
1 3 2
46 385
1 9 2
349 283
1 2 2
327 90
1 9 2
350 184
1 6 2
144 225
1 14 2
435 399
1 8 2
463 82
1 11 2
302 397
1 2 2
75 8
1 5 2
375 454
1 11 2
250 336
1 10 2
273 54
1 11 2
211 121
1 15 2
12 294
1 11 2
218 435
1 2 2
272 18
1 3 2
476 387
1 6 2
426 480
1 2 2
187 70
1 7 2
343 108
1 7 2
80 406
1 7 2
31 389
1 3 2
210 205
1 13 2
264 313
1 7 2
168 80
1 11 2
441 336
1 8 2
282 481
1 5 2
71 17
1 4 2
437 313
1 8 2
198 447
1 15 2
467 416
1 2 2
361 151
1 15 2
421 408
1 3 2
282 495
1 8 2
204 302
1 15 2
140 238
1 9 2
437 197
1 11 2
0 216
1 13 2
22 391
1 7 2
157 419
1 14 2
171 148
1 6 2
160 382
1 8 2
264 475
1 13 2
152 423
1 13 2
457 125
1 4 2
395 19
1 4 2
466 81
1 5 2
214 79
1 12 2
246 267
1 15 2
132 99
1 7 2
269 162
1 3 2
101 200
1 8 2
486 322
1 5 2
29 59
1 10 2
479 72
1 3 2
53 201
1 14 2
210 432
1 9 2
181 143
1 6 2
272 473
1 12 2
451 210
1 15 2
265 254
1 2 2
311 159
1 6 2
391 430
1 10 2
464 158
1 10 2
491 438
1 9 2
325 276
1 4 2
201 280
1 7 2
416 217
1 13 2
359 142
1 13 2
269 5
1 3 2
24 178
1 12 2
462 186
1 3 2
46 154
1 14 2
321 12
1 14 2
62 489
1 15 2
462 353
1 15 2
418 251
1 9 2
10 29
1 15 2
21 163
1 6 2
156 255
1 5 2
336 475
1 6 2
481 202
1 3 2
246 82
1 13 2
226 155
1 13 2
377 496
1 8 2
404 435
1 12 2
108 67
1 2 2
250 31
1 4 2
368 181
1 3 2
475 151
1 8 2
14 357
1 5 2
37 471
1 5 2
300 79
1 12 2
31 488
1 7 2
484 51
1 6 2
183 428
1 12 2
238 21
1 11 2
236 334
1 5 2
211 335
1 7 2
65 458
1 14 2
11 20
1 7 2
104 138
1 11 2
165 254
1 14 2
92 5
1 15 2
150 349
1 6 2
254 12
1 2 2
474 236
1 3 2
462 160
1 3 2
287 366
1 11 2
392 3
1 13 2
201 116
1 3 2
405 494
1 9 2
441 96
1 11 2
47 15
1 8 2
178 224
1 15 2
20 346
1 6 2
138 428
1 5 2
179 412
1 11 2
327 362
1 7 2
172 346
1 14 2
289 78
1 3 2
153 309
1 9 2
129 55
1 5 2
230 470
1 5 2
297 382
1 6 2
320 8
1 8 2
483 492
1 4 2
489 201
1 6 2
383 141
1 10 2
497 215
1 9 2
270 294
1 15 2
172 478
1 5 2
415 168
1 14 2
490 393
1 3 2
310 207
1 15 2
47 135
1 3 2
255 121
1 13 2
138 168
1 12 2
456 18
1 9 2
485 35
1 5 2
416 421
1 15 2
83 231
1 5 2
317 423
1 3 2
31 494
1 15 2
32 277
1 11 2
318 244
1 8 2
138 130
1 6 2
15 496
1 5 2
240 154
1 3 2
46 398
1 11 2
357 384
1 12 2
223 465
1 5 2
153 278
1 15 2
105 453
1 2 2
329 350
1 15 2
171 484
1 8 2
449 88
1 3 2
363 134
1 9 2
159 402
1 8 2
82 145
1 5 2
374 290
1 7 2
291 112
1 8 2
39 50
1 2 2
120 153
1 12 2
384 347
1 7 2
281 352
1 9 2
65 328
1 14 2
322 8
1 11 2
211 363
1 4 2
266 385
1 10 2
5 267
1 5 2
472 170
1 2 2
487 74
1 11 2
293 52
1 3 2
261 13
1 4 2
191 342
1 3 2
426 382
1 15 2
318 205
1 5 2
317 432
1 5 2
48 138
1 7 2
247 30
1 11 2
54 287
1 8 2
155 258
1 11 2
161 211
1 14 2
145 400
1 15 2
84 7
1 11 2
219 385
1 15 2
91 211
1 11 2
279 47
1 11 2
138 67
1 9 2
278 358
1 6 2
180 492
1 4 2
281 250
1 7 2
360 86
1 6 2
307 390
1 12 2
190 293
1 9 2
320 229
1 10 2
82 364
1 2 2
83 125
1 10 2
118 410
1 15 2
208 313
1 2 2
361 144
1 15 2
459 31
1 2 2
408 328
1 10 2
298 360
1 15 2
51 323
1 12 2
208 134
1 4 2
395 117
1 11 2
97 204
1 8 2
423 122
1 15 2
405 228
1 6 2
19 390
1 15 2
225 443
1 11 2
57 268
1 13 2
190 230
1 5 2
25 444
1 4 2
424 287
1 14 2
154 112
1 9 2
209 356
1 12 2
189 439
1 6 2
403 379
1 3 2
34 229
1 3 2
302 135
1 8 2
429 402
1 8 2
220 285
1 14 2
395 191
1 11 2
389 416
1 4 2
262 255
1 12 2
90 22
1 2 2
147 488
1 3 2
57 378
1 3 2
388 36
1 12 2
249 499
1 7 2
83 418
1 12 2
7 127
1 11 2
387 87
1 11 2
5 400
1 10 2
107 470
1 2 2
321 119
1 15 2
26 367
1 10 2
156 307
1 12 2
225 468
1 7 2
143 360
1 3 2
348 185
1 15 2
292 463
1 13 2
395 151
1 12 2
176 266
1 10 2
270 314
1 14 2
7 334
1 5 2
183 367
1 4 2
393 449
1 9 2
432 158
1 3 2
367 241
1 7 2
288 211
1 10 2
216 250
1 9 2
452 326
1 7 2
488 116
1 10 2
342 329
1 3 2
169 170
1 3 2
327 151
1 14 2
10 324
1 10 2
422 355
1 13 2
125 115
1 14 2
478 264
1 6 2
58 272
1 5 2
403 18
1 12 2
441 265
1 2 2
225 77
1 2 2
280 173
1 7 2
440 208
1 6 2
396 246
1 2 2
157 401
1 10 2
244 432
1 5 2
93 70
1 12 2
25 482
1 10 2
25 113
1 13 2
171 146
1 13 2
380 429
1 14 2
418 450
1 2 2
429 327
1 11 2
235 121
1 13 2
52 121
1 4 2
195 166
1 13 2
258 279
1 3 2
250 332
1 9 2
178 318
1 14 2
446 320
1 11 2
499 236
1 8 2
130 13
1 15 2
222 144
1 9 2
83 422
1 10 2
254 145
1 6 2
245 180
1 11 2
96 79
1 13 2
137 407
1 15 2
222 224
1 10 2
79 123
1 14 2
198 213
1 13 2
200 86
1 13 2
263 166
1 4 2
326 426
1 2 2
184 12
1 8 2
181 408
1 9 2
127 357
1 6 2
427 143
1 14 2
32 154
1 7 2
314 156
1 15 2
303 47
1 15 2
51 489
1 15 2
300 285
1 9 2
74 139
1 13 2
93 73
1 10 2
183 108
1 4 2
302 381
1 7 2
29 410
1 4 2
467 169
1 10 2
192 54
1 9 2
394 49
1 13 2
156 159
1 15 2
93 401
1 10 2
192 234
1 3 2
159 63
1 15 2
292 334
1 2 2
494 139
1 10 2
419 75
1 5 2
150 27
1 9 2
198 438
1 4 2
448 266
1 3 2
294 310
1 7 2
102 475
1 3 2
463 197
1 9 2
387 469
1 9 2
124 60
1 11 2
194 480
1 10 2
379 296
1 4 2
264 159
1 15 2
199 408
1 7 2
23 193
1 7 2
434 153
1 10 2
88 9
1 10 2
256 158
1 10 2
484 120
1 9 2
5 61
1 9 2
206 196
1 11 2
445 408
1 9 2
253 269
1 13 2
34 132
1 10 2
304 65
1 14 2
432 104
1 3 2
284 386
1 14 2
367 304
1 11 2
96 333
1 9 2
373 0
1 7 2
106 122
1 6 2
474 449
1 8 2
394 256
1 4 2
371 120
1 2 2
106 222
1 4 2
334 273
1 14 2
116 245
1 11 2
457 127
1 14 2
176 72
1 9 2
462 105
1 12 2
408 6
1 13 2
126 437
1 14 2
264 236
1 4 2
142 469
1 3 2
40 249
1 13 2
454 62
1 15 2
421 25
1 8 2
427 69
1 8 2
373 345
1 5 2
126 114
1 5 2
416 254
1 4 2
175 493
1 9 2
358 415
1 3 2
486 425
1 9 2
214 260
1 3 2
297 158
1 2 2
294 131
1 4 2
462 404
1 10 2
374 332
1 9 2
135 95
1 9 2
134 63
1 6 2
394 195
1 11 2
118 395
1 6 2
13 273
1 14 2
205 448
1 15 2
187 56
1 12 2
446 82
1 2 2
127 414
1 8 2
135 417
1 6 2
160 280
1 3 2
185 243
1 4 2
176 311
1 10 2
246 234
1 13 2
93 318
1 3 2
352 218
1 13 2
221 405
1 8 2
158 280
1 3 2
315 308
1 3 2
458 201
1 4 2
348 386
1 14 2
264 391
1 15 2
446 77
1 6 2
171 448
1 15 2
481 352
1 7 2
327 90
1 8 2
247 49
1 8 2
433 90
1 8 2
499 203
1 10 2
125 480
1 9 2
32 144
1 8 2
134 331
1 13 2
244 309
1 8 2
298 328
1 2 2
333 223
1 5 2
76 389
1 15 2
69 33
1 10 2
310 285
1 10 2
6 234
1 12 2
153 64
1 10 2
235 350
1 15 2
466 276
1 5 2
367 489
1 5 2
179 375
1 9 2
140 381
1 2 2
37 294
1 11 2
366 407
1 4 2
186 14
1 7 2
268 245
1 3 2
398 171
1 4 2
133 114
1 14 2
196 263
1 2 2
74 441
1 2 2
312 325
1 4 2
90 391
1 3 2
126 291
1 10 2
289 256
1 5 2
339 207
1 8 2
66 304
1 7 2
155 186
1 2 2
92 216
1 3 2
12 489
1 13 2
313 428
1 15 2
400 171
1 9 2
98 197
1 3 2
432 65
1 11 2
190 113
1 10 2
39 24
1 11 2
470 399
1 9 2
424 343
1 12 2
275 398
1 7 2
401 408
1 5 2
33 338
1 2 2
466 260
1 6 2
340 461
1 11 2
322 314
1 10 2
432 181
1 12 2
175 266
1 12 2
79 390
1 8 2
365 101
1 14 2
256 441
1 12 2
418 464
1 5 2
297 48
1 14 2
320 317
1 6 2
107 470
1 11 2
219 204
1 6 2
165 173
1 15 2
326 384
1 12 2
275 190
1 10 2
133 45
1 3 2
363 236
1 2 2
432 294
1 11 2
472 385
1 2 2
12 302
1 5 2
271 123
1 3 2
398 363
1 13 2
377 94
1 15 2
388 409
1 4 2
262 224
1 2 2
78 14
1 10 2
460 364
1 7 2
317 112
1 8 2
56 289
1 2 2
434 163
1 3 2
324 9
1 9 2
42 102
1 13 2
393 196
1 13 2
222 451
1 11 2
276 292
1 3 2
384 304
1 14 2
132 83
1 7 2
424 344
1 9 2
82 9
1 9 2
232 214
1 10 2
61 1
1 13 2
379 159
1 14 2
36 490
1 9 2
288 34
1 3 2
459 77
1 5 2
463 299
1 2 2
424 470
1 13 2
340 392
1 11 2
369 317
1 12 2
290 354
1 14 2
89 188
1 4 2
341 245
1 4 2
299 266
1 7 2
129 144
1 11 2
41 76
1 14 2
126 434
1 13 2
124 228
1 7 2
399 261
1 15 2
209 496
1 13 2
25 496
1 7 2
28 402
1 5 2
152 460
1 4 2
453 109
1 11 2
339 223
1 2 2
167 129
1 15 2
94 100
1 13 2
428 219
1 11 2
401 166
1 8 2
169 177
1 9 2
442 245
1 4 2
379 437
1 12 2
111 378
1 2 2
157 325
1 10 2
169 467
1 5 2
194 49
1 12 2
371 11
1 10 2
392 450
1 3 2
153 26
1 9 2
136 387
1 12 2
253 231
1 7 2
311 0
1 9 2
312 249
1 15 2
188 493
1 13 2
245 46
1 4 2
100 163
1 13 2
101 15
1 4 2
91 466
1 15 2
394 436
1 8 2
391 256
1 3 2
344 444
1 7 2
401 139
1 5 2
182 364
1 11 2
54 200
1 4 2
84 463
1 6 2
399 86
1 8 2
393 437
1 3 2
205 479
1 3 2
418 396
1 14 2
461 29
1 6 2
40 490
1 15 2
369 11
1 3 2
429 343
1 5 2
48 414
1 2 2
409 120
1 3 2
123 446
1 13 2
363 11
1 6 2
463 492
1 9 2
64 470
1 15 2
7 386
1 10 2
347 435
1 10 2
151 396
1 11 2
221 204
1 4 2
352 366
1 4 2
459 154
1 12 2
235 309
1 10 2
96 438
1 9 2
160 158
1 13 2
193 384
1 15 2
417 313
1 10 2
353 365
1 14 2
396 170
1 6 2
241 377
1 9 2
44 397
1 5 2
243 320
1 2 2
209 366
1 14 2
438 77
1 14 2
175 491
1 3 2
354 374
1 11 2
283 260
1 2 2
158 226
1 14 2
63 301
1 7 2
109 54
1 13 2
97 227
1 5 2
278 338
1 10 2
261 115
1 10 2
444 463
1 12 2
39 59
1 14 2
263 93
1 5 2
248 364
1 8 2
369 450
1 13 2
250 494
1 13 2
437 464
1 6 2
345 442
1 8 2
364 162
1 2 2
45 116
1 5 2
279 326
1 3 2
306 100
1 11 2
314 325
1 5 2
396 309
1 12 2
135 169
1 4 2
352 177
1 12 2
402 160
1 11 2
320 217
1 2 2
126 292
1 4 2
220 499
1 15 2
295 260
1 13 2
131 133
1 2 2
472 135
1 2 2
41 339
1 2 2
64 171
1 10 2
259 120
1 8 2
86 58
1 15 2
365 40
1 3 2
375 267
1 8 2
432 4
1 13 2
108 415
1 15 2
491 361
1 10 2
354 130
1 5 2
332 378
1 13 2
73 213
1 10 2
97 335
1 6 2
194 23
1 8 2
498 70
1 7 2
338 175
1 11 2
401 460
1 9 2
328 249
1 5 2
75 129
1 12 2
380 255
1 2 2
56 132
1 2 2
93 189
1 13 2
96 448
1 11 2
368 275
1 8 2
479 318
1 3 2
215 219
1 3 2
291 153
1 11 2
438 329
1 7 2
485 234
1 9 2
316 73
1 5 2
287 445
1 5 2
322 352
1 2 2
96 266
1 12 2
285 173
1 7 2
114 448
1 7 2
423 267
1 10 2
262 99
1 3 2
412 259
1 10 2
180 286
1 15 2
171 457
1 6 2
458 450
1 14 2
225 234
1 3 2
61 307
1 12 2
210 14
1 13 2
428 23
1 8 2
16 219
1 13 2
255 333
1 6 2
58 365
1 13 2
337 33
1 3 2
100 258
1 15 2
243 203
1 6 2
427 412
1 7 2
52 458
1 12 2
108 97
1 2 2
60 432
1 11 2
445 405
1 13 2
85 492
1 10 2
459 490
1 2 2
259 374
1 13 2
478 423
1 13 2
202 197
1 6 2
351 174
1 15 2
430 301
1 2 2
161 292
1 11 2
139 179
1 12 2
322 256
1 15 2
425 367
1 10 2
416 459
1 7 2
129 74
1 7 2
87 408
1 4 2
197 17
1 11 2
60 292
1 7 2
471 404
1 11 2
168 268
1 10 2
137 386
1 15 2
268 386
1 4 2
163 493
1 3 2
199 57
1 7 2
263 401
1 7 2
3 420
1 15 2
435 284
1 10 2
47 487
1 15 2
84 450
1 7 2
199 194
1 15 2
377 272
1 12 2
113 43
1 13 2
181 246
1 15 2
10 159
1 13 2
258 186
1 7 2
249 171
1 13 2
14 436
1 2 2
445 269
1 15 2
96 5
1 12 2
262 45
1 7 2
220 245
1 14 2
58 293
1 4 2
267 1
1 9 2
296 400
1 14 2
412 118
1 15 2
458 419
1 6 2
223 200
1 4 2
255 2
1 11 2
189 5
1 2 2
435 338
1 6 2
352 307
1 9 2
379 83
1 5 2
396 318
1 4 2
338 47
1 9 2
96 180
1 13 2
401 167
1 13 2
257 337
1 10 2
42 246
1 3 2
72 343
1 3 2
301 396
1 6 2
25 499
1 10 2
18 218
1 8 2
27 139
1 14 2
223 186
1 3 2
455 160
1 9 2
272 249
1 15 2
60 367
1 9 2
329 474
1 11 2
119 487
1 9 2
63 298
1 6 2
352 201
1 3 2
60 93
1 6 2
360 232
1 5 2
283 66
1 10 2
99 127
1 5 2
486 360
1 4 2
245 411
1 10 2
437 205
1 9 2
468 385
1 9 2
136 32
1 5 2
185 153
1 10 2
282 336
1 8 2
489 39
1 9 2
274 84
1 12 2
242 395
1 6 2
442 258
1 7 2
489 448
1 14 2
426 308
1 8 2
213 388
1 11 2
240 493
1 4 2
348 410
1 8 2
290 181
1 3 2
446 233
1 10 2
407 430
1 5 2
426 262
1 15 2
109 356
1 9 2
472 133
1 7 2
91 442
1 7 2
315 384
1 6 2
68 164
1 6 2
437 193
1 6 2
45 44
1 12 2
194 237
1 14 2
33 79
1 10 2
366 473
1 8 2
463 179
1 10 2
459 277
1 15 2
138 123
1 9 2
141 80
1 4 2
109 342
1 2 2
111 456
1 12 2
104 154
1 8 2
225 185
1 8 2
476 107
1 2 2
394 207
1 12 2
218 224
1 7 2
356 279
1 2 2
367 257
1 8 2
352 262
1 2 2
83 289
1 3 2
415 59
1 3 2
132 377
1 13 2
386 53
1 4 2
443 206
1 9 2
333 289
1 3 2
147 434
1 9 2
111 495
1 12 2
201 244
1 11 2
325 24
1 7 2
361 136
1 12 2
48 26
1 14 2
138 197
1 15 2
442 143
1 15 2
100 44
1 11 2
453 58
1 3 2
214 303
1 11 2
72 25
1 8 2
97 221
1 6 2
236 301
1 2 2
68 427
1 11 2
272 248
1 2 2
489 484
1 2 2
137 317
1 5 2
327 221
1 3 2
487 148
1 3 2
70 198
1 14 2
31 490
1 6 2
346 297
1 10 2
369 213
1 3 2
454 413
1 10 2
391 39
1 7 2
235 201
1 7 2
70 369
1 14 2
352 363
1 2 2
237 288
1 9 2
42 485
1 8 2
452 9
1 3 2
236 81
1 10 2
290 417
1 9 2
306 286
1 4 2
152 477
1 13 2
93 404
1 12 2
365 492
1 7 2
223 370
1 7 2
44 192
1 5 2
164 54
1 3 2
404 417
1 6 2
314 442
1 7 2
95 361
1 8 2
199 488
1 11 2
90 437
1 8 2
141 332
1 8 2
232 272
1 15 2
276 345
1 9 2
194 345
1 4 2
393 403
1 5 2
414 280
1 8 2
375 414
1 12 2
320 199
1 14 2
30 38
1 8 2
321 75
1 4 2
409 368
1 4 2
382 7
1 13 2
352 334
1 6 2
31 193
1 4 2
356 379
1 8 2
405 306
1 4 2
415 306
1 7 2
47 73
1 3 2
166 137
1 4 2
462 493
1 12 2
353 10
1 12 2
289 426
1 9 2
381 131
1 5 2
460 204
1 2 2
108 289
1 7 2
280 221
1 13 2
144 76
1 4 2
387 50
1 15 2
487 91
1 15 2
334 53
1 3 2
456 237
1 2 2
170 452
1 9 2
437 184
1 10 2
214 14
1 4 2
165 210
1 3 2
200 333
1 7 2
430 86
1 10 2
91 52
1 12 2
459 15
1 14 2
289 207
1 7 2
339 170
1 8 2
349 476
1 5 2
270 470
1 3 2
426 30
1 14 2
384 334
1 13 2
87 40
1 2 2
57 141
1 7 2
253 254
1 4 2
84 347
1 13 2
115 6
1 9 2
71 427
1 2 2
144 168
1 6 2
337 415
1 6 2
432 243
1 5 2
410 237
1 15 2
479 51
1 5 2
15 321
1 11 2
255 49
1 8 2
12 230
1 14 2
129 133
1 8 2
330 455
1 9 2
351 453
1 13 2
487 75
1 14 2
47 334
1 3 2
240 454
1 10 2
357 164
1 8 2
162 71
1 3 2
58 389
1 14 2
107 83
1 4 2
206 483
1 4 2
354 399
1 13 2
418 151
1 14 2
428 86
1 12 2
478 211
1 3 2
74 61
1 9 2
100 198
1 4 2
356 132
1 6 2
305 360
1 7 2
475 174
1 14 2
209 281
1 15 2
495 475
1 14 2
260 86
1 7 2
354 288
1 15 2
363 491
1 6 2
198 298
1 2 2
176 93
1 13 2
132 384
1 5 2
391 163
1 3 2
57 476
1 8 2
63 210
1 4 2
465 423
1 4 2
17 328
1 8 2
232 140
1 11 2
177 67
1 4 2
481 141
1 15 2
332 493
1 13 2
302 25
1 11 2
239 412
1 3 2
327 80
1 4 2
147 320
1 15 2
319 308
1 10 2
438 137
1 12 2
347 113
1 8 2
413 409
1 11 2
78 74
1 15 2
458 412
1 9 2
71 393
1 9 2
15 101
1 14 2
117 310
1 13 2
201 86
1 12 2
477 256
1 8 2
140 5
1 11 2
168 142
1 15 2
20 335
1 9 2
418 114
1 6 2
481 337
1 13 2
348 231
1 4 2
267 340
1 2 2
156 16
1 13 2
488 68
1 4 2
45 173
1 9 2
89 178
1 13 2
352 171
1 9 2
478 470
1 3 2
459 434
1 11 2
282 94
1 11 2
120 498
1 7 2
381 461
1 7 2
319 242
1 14 2
14 496
1 14 2
44 423
1 13 2
251 177
1 14 2
370 172
1 5 2
227 450
1 10 2
194 256
1 15 2
354 430
1 4 2
141 186
1 10 2
431 294
1 9 2
71 13
1 12 2
396 222
1 8 2
377 346
1 13 2
484 210
1 15 2
356 345
1 14 2
241 117
1 4 2
375 70
1 4 2
406 3
1 8 2
326 484
1 8 2
115 56
1 12 2
165 140
1 10 2
366 289
1 13 2
133 139
1 6 2
229 76
1 15 2
163 328
1 2 2
391 132
1 7 2
365 185
1 2 2
489 381
1 8 2
283 457
1 7 2
179 202
1 2 2
180 378
1 10 2
2 79
1 9 2
137 29
1 11 2
127 172
1 15 2
258 163
1 14 2
199 475
1 15 2
132 263
1 14 2
66 188
1 5 2
42 329
1 8 2
139 221
1 3 2
240 366
1 8 2
91 206
1 9 2
459 90
1 11 2
430 127
1 14 2
281 289
1 6 2
406 218
1 2 2
335 140
1 2 2
359 368
1 13 2
238 85
1 12 2
158 462
1 9 2
78 5
1 12 2
32 327
1 11 2
431 373
1 13 2
236 74
1 15 2
417 243
1 10 2
62 181
1 5 2
224 383
1 8 2
68 309
1 3 2
311 413
1 14 2
73 299
1 10 2
15 424
1 4 2
288 105
1 4 2
92 8
1 5 2
489 175
1 15 2
197 467
1 6 2
268 263
1 3 2
444 313
1 12 2
486 245
1 11 2
59 50
1 4 2
355 18
1 10 2
293 122
1 2 2
228 377
1 11 2
239 351
1 11 2
445 64
1 8 2
267 210
1 9 2
141 192
1 11 2
373 461
1 6 2
248 45
1 15 2
489 312
1 6 2
250 259
1 7 2
178 160
1 9 2
96 419
1 6 2
121 62
1 7 2
292 201
1 9 2
389 219
1 12 2
81 209
1 7 2
452 52
1 10 2
192 289
1 2 2
128 110
1 14 2
60 87
1 6 2
180 148
1 3 2
406 123
1 8 2
293 285
1 5 2
25 192
1 10 2
113 257
1 15 2
428 421
1 3 2
382 269
1 9 2
374 149
1 7 2
137 103
1 14 2
178 345
1 6 2
446 406
1 4 2
454 464
1 7 2
146 27
1 3 2
80 206
1 10 2
342 8
1 6 2
247 201
1 10 2
299 190
1 2 2
119 240
1 12 2
117 228
1 6 2
389 370
1 13 2
417 36
1 4 2
380 495
1 4 2
154 422
1 15 2
105 107
1 11 2
236 475
1 15 2
104 454
1 7 2
248 162
1 15 2
244 163
1 10 2
234 333
1 4 2
54 386
1 2 2
260 460
1 14 2
497 46
1 6 2
404 377
1 13 2
417 74
1 12 2
310 345
1 8 2
113 457
1 6 2
253 340
1 10 2
80 446
1 11 2
334 436
1 15 2
145 417
1 6 2
247 63
1 14 2
440 335
1 9 2
154 268
1 7 2
411 41
1 13 2
342 185
1 3 2
436 119
1 2 2
441 335
1 3 2
418 196
1 12 2
30 474
1 9 2
489 232
1 12 2
354 314
1 8 2
379 463
1 6 2
397 73
1 2 2
403 193
1 11 2
324 388
1 8 2
287 369
1 6 2
194 126
1 6 2
167 271
1 2 2
11 390
1 11 2
84 451
1 13 2
63 498
1 3 2
245 286
1 10 2
223 435
1 12 2
426 444
1 5 2
311 277
1 13 2
22 133
1 15 2
213 278
1 11 2
361 438
1 3 2
477 345
1 12 2
370 349
1 3 2
445 319
1 10 2
250 438
1 3 2
87 466
1 14 2
445 107
1 7 2
308 32
1 12 2
485 22
1 4 2
173 498
1 2 2
269 194
1 6 2
224 32
1 3 2
76 167
1 5 2
134 485
1 14 2
190 106
1 9 2
91 65
1 5 2
93 488
1 2 2
91 443
1 11 2
312 211
1 5 2
169 65
1 12 2
270 406
1 6 2
430 77
1 14 2
21 295
1 8 2
478 311
1 7 2
175 153
1 2 2
476 83
1 13 2
408 467
1 10 2
436 199
1 15 2
214 349
1 8 2
351 356
1 9 2
461 168
1 6 2
326 115
1 9 2
431 468
1 3 2
71 353
1 11 2
63 74
1 6 2
78 344
1 14 2
307 247
1 9 2
5 489
1 2 2
440 264
1 4 2
420 95
1 8 2
179 76
1 14 2
250 479
1 3 2
287 275
1 9 2
66 233
1 4 2
299 338
1 3 2
437 425
1 12 2
70 303
1 13 2
381 21
1 10 2
469 405
1 5 2
493 433
1 8 2
34 163
1 7 2
149 316
1 10 2
114 269
1 10 2
459 387
1 13 2
313 337
1 13 2
480 20
1 2 2
409 357
1 10 2
316 262
1 11 2
240 390
1 6 2
101 465
1 7 2
33 322
1 12 2
39 326
1 12 2
21 225
1 4 2
462 473
1 9 2
391 443
1 3 2
344 144
1 14 2
28 358
1 14 2
342 72
1 7 2
179 64
1 3 2
249 288
1 14 2
346 316
1 4 2
430 175
1 7 2
425 380
1 2 2
60 174
1 10 2
45 270
1 13 2
329 218
1 15 2
204 389
1 14 2
7 339
1 13 2
471 35
1 5 2
185 258
1 2 2
383 206
1 12 2
301 37
1 5 2
286 498
1 15 2
211 494
1 7 2
427 259
1 5 2
461 307
1 11 2
459 155
1 2 2
146 277
1 4 2
490 62
1 5 2
279 174
1 4 2
369 373
1 15 2
214 117
1 7 2
341 251
1 10 2
426 471
1 5 2
17 380
1 4 2
449 337
1 6 2
132 317
1 11 2
304 12
1 11 2
79 140
1 3 2
41 274
1 9 2
116 146
1 13 2
163 402
1 10 2
261 81
1 8 2
462 73
1 10 2
13 45
1 4 2
158 229
1 13 2
362 320
1 8 2
305 156
1 5 2
148 178
1 3 2
176 211
1 14 2
167 474
1 11 2
414 179
1 11 2
287 462
1 6 2
121 326
1 8 2
468 451
1 10 2
83 443
1 4 2
278 477
1 11 2
398 18
1 7 2
352 44
1 13 2
82 263
1 4 2
181 154
1 5 2
443 397
1 12 2
20 328
1 15 2
130 497
1 14 2
432 90
1 4 2
371 227
1 10 2
255 263
1 13 2
337 8
1 7 2
5 179
1 10 2
326 337
1 11 2
1 164
1 10 2
396 410
1 11 2
318 337
1 10 2
241 224
1 13 2
40 360
1 2 2
453 158
1 11 2
205 176
1 5 2
32 53
1 5 2
242 214
1 8 2
134 47
1 12 2
223 456
1 7 2
63 312
1 12 2
480 9
1 8 2
131 342
1 3 2
472 185
1 15 2
228 494
1 9 2
96 154
1 6 2
146 358
1 7 2
80 19
1 9 2
483 111
1 11 2
75 424
1 10 2
114 158
1 15 2
489 159
1 15 2
393 484
1 13 2
489 192
1 3 2
385 40
1 11 2
248 302
1 6 2
480 85
1 3 2
77 497
1 13 2
213 339
1 9 2
430 365
1 12 2
430 165
1 9 2
75 248
1 9 2
159 95
1 12 2
120 338
1 10 2
389 152
1 13 2
238 14
1 12 2
192 467
1 9 2
220 278
1 5 2
202 203
1 11 2
276 431
1 3 2
443 192
1 14 2
19 160
1 8 2
144 195
1 11 2
489 357
1 7 2
491 313
1 7 2
154 45
1 11 2
280 55
1 11 2
406 129
1 8 2
236 20
1 14 2
303 82
1 5 2
48 36
1 13 2
153 274
1 9 2
313 99
1 6 2
247 205
1 15 2
195 13
1 5 2
216 490
1 6 2
498 24
1 5 2
107 74
1 6 2
297 312
1 3 2
368 245
1 6 2
480 274
1 3 2
366 371
1 3 2
235 474
1 10 2
160 360
1 14 2
452 67
1 13 2
268 473
1 3 2
66 270
1 15 2
220 29
1 11 2
276 160
1 6 2
470 114
1 5 2
409 130
1 7 2
144 141
1 7 2
121 204
1 3 2
455 316
1 2 2
261 329
1 10 2
151 155
1 13 2
410 393
1 15 2
12 28
1 9 2
250 78
1 3 2
62 48
1 5 2
209 3
1 11 2
201 2
1 4 2
422 32
1 8 2
408 138
1 11 2
310 41
1 3 2
385 431
1 4 2
266 231
1 13 2
279 14
1 4 2
288 311
1 4 2
446 150
1 7 2
496 224
1 13 2
157 282
1 8 2
132 23
1 2 2
248 307
1 9 2
498 184
1 13 2
210 457
1 8 2
333 432
1 15 2
0 326
1 7 2
378 214
1 11 2
315 1
1 5 2
33 431
1 13 2
15 334
1 5 2
292 178
1 13 2
483 193
1 6 2
115 215
1 7 2
126 82
1 11 2
225 291
1 3 2
248 250
1 11 2
464 330
1 11 2
449 198
1 6 2
264 154
1 10 2
369 135
1 6 2
90 233
1 4 2
177 103
1 2 2
90 326
1 12 2
12 75
1 14 2
9 381
1 9 2
240 303
1 9 2
162 75
1 10 2
53 185
1 3 2
423 89
1 11 2
305 361
1 11 2
59 143
1 2 2
190 14
1 11 2
227 248
1 8 2
345 367
1 4 2
362 399
1 3 2
350 407
1 3 2
436 18
1 8 2
459 400
1 9 2
341 492
1 9 2
138 99
1 14 2
145 21
1 8 2
5 157
1 15 2
478 403
1 11 2
402 9
1 5 2
99 146
1 6 2
382 485
1 10 2
422 145
1 5 2
96 225
1 15 2
142 471
1 4 2
259 374
1 14 2
294 89
1 14 2
48 229
1 10 2
347 313
1 3 2
226 190
1 12 2
472 223
1 15 2
462 192
1 9 2
112 208
1 10 2
439 422
1 15 2
191 343
1 7 2
359 119
1 3 2
260 343
1 2 2
44 148
1 15 2
378 316
1 6 2
289 315
1 9 2
427 26
1 14 2
403 227
1 5 2
158 60
1 10 2
244 21
1 3 2
259 291
1 8 2
401 310
1 15 2
201 375
1 7 2
123 141
1 9 2
157 417
1 3 2
321 59
1 10 2
270 52
1 5 2
456 268
1 14 2
201 268
1 12 2
276 184
1 12 2
359 162
1 14 2
484 296
1 11 2
203 292
1 6 2
384 405
1 11 2
137 7
1 15 2
240 147
1 10 2
72 447
1 9 2
42 89
1 15 2
477 362
1 8 2
384 178
1 11 2
233 123
1 10 2
418 156
1 3 2
291 205
1 5 2
490 356
1 4 2
231 262
1 3 2
473 437
1 6 2
394 441
1 14 2
33 38
1 15 2
155 14
1 11 2
8 335
1 5 2
212 53
1 15 2
253 230
1 2 2
128 364
1 13 2
251 363
1 8 2
257 237
1 12 2
455 141
1 13 2
399 383
1 12 2
313 480
1 14 2
300 467
1 12 2
219 62
1 9 2
414 179
1 8 2
146 429
1 6 2
437 166
1 2 2
347 232
1 2 2
426 365
1 12 2
330 342
1 13 2
383 191
1 10 2
135 340
1 12 2
451 344
1 14 2
79 84
1 3 2
186 221
1 6 2
431 242
1 14 2
369 28
1 12 2
279 245
1 13 2
398 360
1 15 2
447 375
1 2 2
160 325
1 8 2
368 477
1 4 2
498 191
1 13 2
46 136
1 5 2
135 236
1 12 2
223 177
1 11 2
70 311
1 10 2
87 137
1 11 2
370 256
1 9 2
100 74
1 6 2
255 19
1 3 2
77 54
1 4 2
317 263
1 15 2
302 382
1 3 2
364 481
1 5 2
466 484
1 4 2
140 47
1 4 2
255 80
1 8 2
239 358
1 4 2
115 3
1 2 2
187 58
1 2 2
175 49
1 11 2
161 154
1 7 2
193 363
1 9 2
51 206
1 15 2
162 29
1 2 2
367 396
1 9 2
274 116
1 13 2
391 28
1 3 2
196 473
1 7 2
123 473
1 13 2
203 452
1 7 2
316 261
1 8 2
39 89
1 13 2
144 258
1 15 2
491 358
1 3 2
243 103
1 10 2
22 28
1 8 2
402 264
1 8 2
406 189
1 9 2
162 98
1 11 2
306 95
1 5 2
445 7
1 10 2
291 194
1 6 2
447 436
1 9 2
190 229
1 13 2
403 255
1 12 2
240 206
1 3 2
40 113
1 12 2
227 270
1 6 2
77 219
1 6 2
370 307
1 6 2
298 88
1 7 2
107 58
1 10 2
119 486
1 3 2
187 285
1 6 2
163 360
1 7 2
461 111
1 2 2
325 156
1 2 2
8 375
1 8 2
200 282
1 9 2
356 331
1 9 2
147 439
1 6 2
240 355
1 2 2
359 410
1 8 2
416 208
1 10 2
433 455
1 5 2
482 187
1 8 2
480 395
1 5 2
311 379
1 15 2
414 129
1 12 2
435 74
1 13 2
439 309
1 11 2
434 151
1 3 2
81 226
1 15 2
435 298
1 4 2
51 487
1 3 2
454 118
1 12 2
175 276
1 4 2
348 325
1 4 2
142 244
1 8 2
281 282
1 4 2
143 337
1 5 2
399 76
1 13 2
35 393
1 10 2
479 201
1 3 2
78 196
1 10 2
494 457
1 3 2
313 372
1 10 2
387 101
1 9 2
242 185
1 14 2
315 250
1 10 2
26 82
1 13 2
73 38
1 6 2
185 252
1 5 2
310 123
1 15 2
410 419
1 13 2
167 273
1 8 2
301 394
1 5 2
247 291
1 14 2
146 147
1 2 2
19 259
1 3 2
265 273
1 14 2
46 291
1 5 2
174 260
1 10 2
239 262
1 12 2
245 123
1 15 2
379 108
1 13 2
124 20
1 2 2
383 26
1 13 2
81 482
1 4 2
431 6
1 12 2
171 125
1 8 2
33 134
1 3 2
136 73
1 8 2
177 419
1 5 2
46 136
1 15 2
356 240
1 11 2
361 337
1 9 2
279 221
1 5 2
148 420
1 5 2
82 75
1 3 2
79 119
1 11 2
376 260
1 6 2
286 265
1 13 2
214 302
1 7 2
376 427
1 14 2
90 223
1 10 2
482 148
1 8 2
75 481
1 3 2
183 470
1 12 2
294 165
1 10 2
446 123
1 4 2
78 359
1 12 2
284 490
1 11 2
480 413
1 4 2
359 437
1 7 2
359 199
1 9 2
447 294
1 2 2
468 378
1 5 2
52 347
1 5 2
180 156
1 15 2
234 240
1 3 2
192 498
1 13 2
438 7
1 8 2
184 494
1 14 2
497 334
1 6 2
47 268
1 15 2
277 49
1 10 2
434 180
1 11 2
431 455
1 6 2
28 465
1 14 2
22 308
1 10 2
74 175
1 10 2
140 403
1 11 2
99 226
1 14 2
453 265
1 3 2
184 52
1 13 2
469 98
1 13 2
346 170
1 5 2
217 239
1 11 2
490 307
1 3 2
10 399
1 2 2
424 65
1 10 2
237 497
1 6 2
115 324
1 4 2
83 495
1 8 2
315 10
1 8 2
324 129
1 2 2
282 203
1 3 2
31 123
1 13 2
147 329
1 5 2
42 480
1 6 2
177 65
1 12 2
205 154
1 8 2
292 341
1 8 2
329 105
1 6 2
275 276
1 7 2
92 95
1 12 2
237 251
1 15 2
49 56
1 9 2
216 124
1 7 2
229 138
1 12 2
186 195
1 8 2
423 167
1 6 2
187 240
1 7 2
175 148
1 11 2
65 459
1 14 2
122 458
1 12 2
111 262
1 6 2
419 322
1 9 2
159 313
1 8 2
435 29
1 14 2
425 279
1 10 2
400 291
1 11 2
427 496
1 3 2
115 347
1 14 2
402 41
1 10 2
14 284
1 11 2
392 388
1 4 2
220 251
1 6 2
298 464
1 4 2
184 476
1 12 2
17 230
1 10 2
242 108
1 10 2
303 43
1 5 2
323 385
1 9 2
377 380
1 6 2
308 468
1 4 2
467 295
1 2 2
342 119
1 6 2
173 183
1 5 2
372 13
1 2 2
202 466
1 14 2
60 190
1 14 2
266 361
1 11 2
57 136
1 15 2
345 220
1 7 2
234 94
1 12 2
458 292
1 7 2
411 196
1 4 2
435 499
1 4 2
137 264
1 6 2
457 330
1 7 2
333 315
1 4 2
47 459
1 10 2
142 452
1 4 2
117 410
1 2 2
335 438
1 12 2
337 232
1 8 2
134 335
1 11 2
283 398
1 13 2
32 484
1 3 2
68 103
1 6 2
157 344
1 8 2
80 217
1 12 2
116 455
1 5 2
140 116
1 6 2
276 350
1 15 2
14 424
1 6 2
22 423
1 14 2
337 69
1 15 2
271 123
1 4 2
231 461
1 13 2
97 16
1 13 2
11 433
1 3 2
3 4
1 7 2
335 111
1 15 2
295 8
1 8 2
285 491
1 5 2
45 28
1 10 2
35 231
1 7 2
254 455
1 2 2
208 41
1 13 2
349 267
1 3 2
89 331
1 2 2
439 8
1 12 2
122 471
1 14 2
381 96
1 9 2
492 20
1 5 2
494 303
1 15 2
9 14
1 6 2
94 437
1 3 2
106 338
1 2 2
107 146
1 15 2
427 242
1 9 2
425 348
1 11 2
379 41
1 4 2
463 220
1 6 2
375 456
1 12 2
165 110
1 8 2
361 145
1 11 2
225 308
1 9 2
145 237
1 12 2
384 491
1 7 2
477 416
1 14 2
348 452
1 11 2
224 74
1 3 2
416 69
1 3 2
198 183
1 11 2
479 161
1 2 2
30 343
1 8 2
20 216
1 14 2
476 246
1 8 2
300 188
1 7 2
89 357
1 12 2
19 461
1 8 2
485 153
1 4 2
327 317
1 7 2
209 451
1 14 2
407 266
1 12 2
446 29
1 15 2
181 136
1 9 2
240 149
1 7 2
412 366
1 12 2
178 69
1 13 2
156 85
1 13 2
272 317
1 8 2
330 102
1 13 2
251 398
1 9 2
112 377
1 11 2
150 74
1 7 2
486 389
1 11 2
37 212
1 3 2
474 453
1 2 2
464 375
1 7 2
241 464
1 6 2
155 231
1 10 2
463 130
1 8 2
33 329
1 8 2
445 179
1 11 2
13 110
1 11 2
290 429
1 12 2
416 259
1 6 2
144 492
1 7 2
37 489
1 3 2
220 277
1 9 2
266 185
1 15 2
384 98
1 2 2
357 386
1 11 2
64 291
1 8 2
55 187
1 13 2
341 137
1 6 2
383 93
1 9 2
363 331
1 10 2
312 466
1 8 2
77 406
1 4 2
295 23
1 5 2
409 8
1 12 2
289 386
1 8 2
71 488
1 12 2
40 249
1 5 2
430 458
1 9 2
338 296
1 13 2
382 270
1 12 2
148 120
1 13 2
467 0
1 3 2
7 461
1 14 2
256 328
1 15 2
323 94
1 9 2
260 330
1 14 2
189 117
1 5 2
23 164
1 7 2
149 462
1 8 2
392 286
1 8 2
263 238
1 11 2
452 237
1 6 2
192 110
1 14 2
431 397
1 6 2
237 194
1 4 2
442 40
1 12 2
47 279
1 7 2
59 428
1 7 2
383 217
1 12 2
317 298
1 10 2
469 153
1 5 2
375 382
1 3 2
250 181
1 5 2
275 476
1 11 2
274 73
1 11 2
229 449
1 10 2
81 394
1 10 2
225 468
1 6 2
338 120
1 13 2
427 292
1 7 2
341 138
1 4 2
205 208
1 4 2
270 100
1 14 2
293 130
1 5 2
319 174
1 9 2
11 254
1 5 2
494 75
1 4 2
362 217
1 14 2
226 249
1 11 2
208 364
1 11 2
35 3
1 11 2
189 159
1 9 2
114 161
1 10 2
273 370
1 9 2
79 122
1 15 2
74 448
1 2 2
263 53
1 10 2
17 391
1 11 2
335 212
1 4 2
464 346
1 6 2
478 443
1 12 2
176 202
1 11 2
171 213
1 10 2
237 41
1 9 2
61 352
1 3 2
384 282
1 13 2
464 279
1 13 2
377 63
1 2 2
203 29
1 12 2
146 260
1 10 2
49 262
1 12 2
452 128
1 2 2
312 265
1 9 2
70 64
1 11 2
175 301
1 12 2
351 78
1 9 2
197 118
1 11 2
423 186
1 10 2
224 491
1 10 2
47 175
1 7 2
165 180
1 6 2
73 278
1 7 2
85 66
1 2 2
75 438
1 8 2
13 115
1 5 2
390 402
1 15 2
461 341
1 14 2
138 401
1 15 2
309 147
1 12 2
41 404
1 9 2
168 472
1 11 2
451 360
1 14 2
117 19
1 11 2
190 262
1 5 2
154 74
1 6 2
67 464
1 8 2
12 325
1 11 2
3 115
1 4 2
45 127
1 13 2
25 309
1 10 2
113 362
1 7 2
215 410
1 13 2
339 220
1 4 2
20 256
1 2 2
113 88
1 5 2
83 200
1 13 2
451 30
1 6 2
156 348
1 6 2
480 404
1 13 2
250 379
1 7 2
421 296
1 2 2
332 337
1 14 2
293 368
1 4 2
77 266
1 5 2
99 206
1 10 2
307 132
1 5 2
68 437
1 3 2
100 138
1 13 2
318 291
1 11 2
79 266
1 4 2
81 58
1 15 2
347 16
1 2 2
240 83
1 10 2
408 290
1 3 2
296 328
1 10 2
369 130
1 2 2
376 386
1 15 2
247 463
1 3 2
491 470
1 15 2
12 493
1 10 2
209 414
1 11 2
186 119
1 14 2
381 365
1 2 2
126 232
1 9 2
193 231
1 4 2
118 8
1 15 2
440 313
1 15 2
362 139
1 8 2
202 78
1 3 2
135 385
1 9 2
292 293
1 11 2
382 420
1 8 2
136 435
1 12 2
12 89
1 7 2
10 97
1 7 2
496 362
1 15 2
86 380
1 4 2
320 161
1 8 2
242 429
1 11 2
201 434
1 2 2
260 174
1 11 2
176 13
1 12 2
410 482
1 5 2
29 305
1 14 2
319 29
1 6 2
234 156
1 12 2
367 395
1 8 2
145 118
1 6 2
278 462
1 2 2
459 426
1 9 2
200 24
1 12 2
178 499
1 6 2
450 115
1 8 2
462 254
1 15 2
411 214
1 12 2
417 327
1 5 2
261 68
1 10 2
450 336
1 10 2
174 165
1 6 2
307 148
1 7 2
246 290
1 2 2
365 120
1 7 2
281 86
1 10 2
105 2
1 3 2
183 254
1 5 2
219 176
1 5 2
57 364
1 14 2
21 205
1 4 2
405 498
1 6 2
262 42
1 7 2
431 134
1 7 2
109 299
1 4 2
156 243
1 6 2
215 263
1 10 2
32 445
1 7 2
91 355
1 7 2
33 177
1 3 2
389 292
1 14 2
312 261
1 4 2
367 463
1 4 2
334 345
1 8 2
269 243
1 8 2
81 241
1 2 2
495 88
1 12 2
74 447
1 13 2
287 76
1 6 2
226 257
1 10 2
336 378
1 12 2
252 57
1 6 2
372 335
1 3 2
311 47
1 13 2
351 397
1 12 2
160 153
1 5 2
55 104
1 9 2
464 215
1 15 2
221 9
1 11 2
214 21
1 9 2
89 77
1 10 2
110 308
1 3 2
41 106
1 9 2
212 112
1 10 2
64 307
1 12 2
38 386
1 3 2
223 432
1 12 2
446 372
1 11 2
478 217
1 9 2
495 394
1 8 2
147 459
1 13 2
427 104
1 11 2
121 122
1 4 2
405 127
1 7 2
63 400
1 10 2
131 122
1 9 2
312 315
1 3 2
359 173
1 14 2
125 328
1 7 2
19 67
1 2 2
454 391
1 11 2
13 333
1 4 2
51 182
1 8 2
296 41
1 6 2
97 414
1 14 2
362 438
1 3 2
189 233
1 4 2
340 446
1 2 2
279 423
1 10 2
94 315
1 3 2
386 248
1 2 2
129 332
1 11 2
241 284
1 5 2
24 46
1 5 2
318 83
1 14 2
443 374
1 8 2
233 8
1 10 2
497 381
1 12 2
86 490
1 10 2
40 331
1 9 2
10 215
1 10 2
96 276
1 14 2
318 139
1 2 2
316 64
1 6 2
311 166
1 12 2
292 358
1 12 2
331 167
1 3 2
490 12
1 5 2
316 456
1 11 2
276 75
1 8 2
108 223
1 12 2
205 97
1 3 2
208 106
1 6 2
91 230
1 5 2
201 344
1 6 2
372 102
1 6 2
419 122
1 3 2
30 264
1 3 2
395 320
1 15 2
36 373
1 14 2
67 246
1 3 2
51 141
1 4 2
212 51
1 2 2
439 267
1 11 2
196 257
1 2 2
205 272
1 4 2
260 412
1 12 2
234 33
1 6 2
206 116
1 9 2
358 277
1 9 2
58 52
1 5 2
430 237
1 12 2
205 83
1 13 2
446 400
1 8 2
303 46
1 13 2
179 209
1 2 2
57 401
1 4 2
261 433
1 13 2
429 169
1 3 2
118 104
1 11 2
4 374
1 4 2
293 4
1 12 2
20 305
1 14 2
305 393
1 15 2
233 103
1 8 2
160 227
1 6 2
320 454
1 8 2
226 92
1 8 2
137 262
1 2 2
272 168
1 4 2
135 185
1 10 2
78 158
1 15 2
233 387
1 10 2
463 138
1 15 2
477 38
1 14 2
103 35
1 4 2
477 42
1 5 2
493 201
1 11 2
313 269
1 4 2
443 416
1 6 2
122 2
1 5 2
310 97
1 8 2
354 277
1 6 2
413 321
1 7 2
451 140
1 14 2
419 126
1 15 2
244 184
1 11 2
18 153
1 12 2
241 154
1 8 2
413 336
1 5 2
473 470
1 5 2
243 2
1 7 2
23 440
1 7 2
136 328
1 10 2
280 194
1 5 2
403 288
1 11 2
253 446
1 5 2
155 77
1 13 2
238 194
1 13 2
295 462
1 9 2
100 212
1 6 2
106 76
1 7 2
296 364
1 4 2
160 363
1 15 2
431 335
1 13 2
154 339
1 10 2
482 339
1 14 2
133 33
1 13 2
176 190
1 2 2
36 316
1 2 2
280 352
1 13 2
376 186
1 15 2
236 493
1 15 2
441 314
1 13 2
83 326
1 13 2
36 390
1 13 2
442 404
1 13 2
13 198
1 7 2
188 126
1 13 2
417 52
1 9 2
185 484
1 14 2
249 462
1 15 2
73 263
1 8 2
170 81
1 4 2
456 242
1 14 2
237 247
1 3 2
14 212
1 4 2
147 200
1 13 2
96 350
1 5 2
457 364
1 2 2
137 102
1 12 2
147 156
1 3 2
353 266
1 13 2
1 158
1 14 2
149 155
1 11 2
440 451
1 8 2
355 218
1 2 2
357 450
1 9 2
25 236
1 13 2
330 39
1 5 2
234 108
1 2 2
258 332
1 3 2
304 263
1 5 2
356 373
1 6 2
418 352
1 6 2
327 165
1 15 2
352 9
1 4 2
469 370
1 14 2
72 146
1 6 2
432 382
1 9 2
356 62
1 13 2
320 153
1 4 2
169 449
1 14 2
260 112
1 5 2
339 450
1 8 2
261 363
1 11 2
280 439
1 3 2
323 412
1 15 2
361 412
1 10 2
375 296
1 3 2
7 176
1 6 2
95 125
1 12 2
94 397
1 6 2
483 68
1 11 2
375 162
1 3 2
398 321
1 3 2
439 463
1 8 2
233 338
1 7 2
280 419
1 8 2
206 283
1 6 2
293 116
1 15 2
169 339
1 9 2
248 175
1 7 2
346 83
1 12 2
253 155
1 9 2
423 125
1 14 2
386 309
1 14 2
325 288
1 5 2
443 35
1 15 2
183 432
1 6 2
274 153
1 7 2
268 497
1 8 2
450 254
1 4 2
429 469
1 12 2
235 115
1 13 2
225 450
1 11 2
246 163
1 8 2
178 314
1 15 2
55 144
1 10 2
472 397
1 15 2
183 210
1 13 2
261 275
1 13 2
196 256
1 14 2
399 213
1 4 2
94 210
1 12 2
291 375
1 3 2
27 174
1 3 2
251 125
1 12 2
196 332
1 13 2
189 377
1 15 2
291 398
1 4 2
247 495
1 8 2
402 34
1 6 2
283 387
1 7 2
102 30
1 13 2
362 153
1 7 2
38 430
1 13 2
480 75
1 3 2
487 105
1 9 2
22 56
1 4 2
59 363
1 8 2
263 265
1 7 2
115 155
1 2 2
27 162
1 14 2
355 188
1 8 2
12 352
1 7 2
254 351
1 10 2
100 225
1 13 2
434 230
1 12 2
102 151
1 3 2
265 404
1 11 2
498 129
1 8 2
200 238
1 14 2
186 347
1 10 2
105 372
1 12 2
425 84
1 15 2
154 27
1 5 2
167 117
1 14 2
386 51
1 8 2
416 277
1 10 2
334 247
1 12 2
377 62
1 15 2
470 240
1 12 2
32 145
1 10 2
90 18
1 8 2
193 485
1 5 2
98 183
1 10 2
16 303
1 4 2
445 446
1 13 2
280 10
1 6 2
362 4
1 11 2
83 244
1 2 2
303 169
1 5 2
116 71
1 13 2
409 355
1 4 2
244 420
1 13 2
123 75
1 14 2
212 406
1 3 2
457 242
1 4 2
364 290
1 4 2
188 251
1 7 2
299 235
1 6 2
185 267
1 13 2
123 376
1 5 2
229 244
1 4 2
365 232
1 10 2
427 17
1 13 2
371 272
1 13 2
18 379
1 10 2
166 39
1 3 2
101 115
1 7 2
215 163
1 11 2
280 414
1 13 2
394 360
1 8 2
53 262
1 5 2
477 470
1 14 2
269 317
1 12 2
167 7
1 5 2
296 123
1 10 2
382 323
1 2 2
233 382
1 4 2
478 128
1 11 2
330 302
1 5 2
264 112
1 9 2
325 265
1 4 2
29 2
1 6 2
64 137
1 9 2
313 488
1 8 2
398 402
1 3 2
96 104
1 2 2
171 141
1 7 2
120 207
1 7 2
389 79
1 11 2
163 359
1 13 2
243 374
1 2 2
457 336
1 2 2
65 169
1 9 2
72 122
1 7 2
154 242
1 4 2
125 210
1 5 2
116 374
1 3 2
393 422
1 8 2
465 10
1 7 2
264 262
1 8 2
365 184
1 12 2
256 494
1 5 2
93 368
1 13 2
414 279
1 8 2
87 222
1 2 2
442 194
1 4 2
140 224
1 12 2
132 277
1 7 2
359 119
1 2 2
158 181
1 14 2
274 302
1 14 2
322 481
1 3 2
61 80
1 12 2
34 356
1 10 2
55 31
1 14 2
213 145
1 4 2
134 166
1 5 2
428 157
1 15 2
6 433
1 7 2
364 243
1 5 2
499 330
1 7 2
131 48
1 6 2
222 179
1 10 2
281 381
1 12 2
88 12
1 9 2
144 292
1 10 2
493 36
1 13 2
79 451
1 5 2
213 453
1 14 2
97 340
1 2 2
349 59
1 10 2
234 165
1 2 2
181 57
1 12 2
121 324
1 9 2
434 52
1 12 2
99 31
1 9 2
496 371
1 9 2
369 375
1 7 2
347 208
1 2 2
423 390
1 10 2
13 21
1 11 2
317 340
1 11 2
61 355
1 14 2
469 183
1 11 2
353 35
1 5 2
459 461
1 5 2
68 464
1 8 2
160 392
1 8 2
357 461
1 4 2
267 259
1 13 2
304 271
1 6 2
146 313
1 12 2
406 185
1 15 2
19 463
1 13 2
6 232
1 13 2
172 398
1 3 2
173 156
1 10 2
364 373
1 4 2
249 125
1 12 2
430 336
1 3 2
405 336
1 10 2
23 99
1 8 2
336 179
1 7 2
191 356
1 9 2
313 338
1 5 2
389 107
1 9 2
333 495
1 6 2
318 185
1 11 2
395 489
1 15 2
56 484
1 7 2
318 127
1 10 2
185 463
1 9 2
295 140
1 15 2
0 166
1 10 2
222 305
1 8 2
97 316
1 13 2
31 72
1 15 2
157 125
1 2 2
474 376
1 15 2
346 150
1 5 2
331 335
1 15 2
439 29
1 5 2
280 428
1 3 2
475 310
1 12 2
303 142
1 14 2
384 460
1 4 2
151 324
1 8 2
138 99
1 2 2
335 422
1 2 2
494 393
1 3 2
337 191
1 8 2
85 222
1 2 2
326 372
1 14 2
291 493
1 2 2
54 345
1 14 2
93 207
1 7 2
234 185
1 13 2
75 68
1 9 2
98 261
1 14 2
73 266
1 13 2
133 43
1 6 2
23 60
1 2 2
49 210
1 9 2
399 450
1 11 2
372 74
1 12 2
476 76
1 5 2
126 335
1 10 2
164 56
1 10 2
206 163
1 2 2
471 303
1 9 2
0 93
1 4 2
409 133
1 13 2
349 294
1 4 2
9 311
1 2 2
248 364
1 15 2
373 189
1 5 2
446 171
1 10 2
89 486
1 7 2
458 435
1 13 2
332 333
1 3 2
5 164
1 9 2
203 253
1 15 2
152 50
1 14 2
2 111
1 4 2
144 53
1 10 2
238 426
1 11 2
362 445
1 2 2
473 9
1 6 2
430 111
1 5 2
88 351
1 10 2
282 42
1 11 2
255 423
1 2 2
138 178
1 14 2
134 93
1 8 2
127 374
1 7 2
35 354
1 10 2
390 170
1 12 2
497 414
1 9 2
238 223
1 9 2
422 284
1 15 2
121 486
1 2 2
71 1
1 7 2
372 186
1 12 2
60 37
1 11 2
5 461
1 6 2
444 354
1 3 2
150 428
1 2 2
102 121
1 8 2
174 325
1 9 2
301 320
1 4 2
281 450
1 4 2
108 187
1 8 2
354 406
1 5 2
37 404
1 14 2
281 254
1 8 2
370 59
1 12 2
209 98
1 7 2
15 102
1 15 2
174 235
1 11 2
388 243
1 5 2
342 29
1 2 2
236 279
1 5 2
417 107
1 10 2
380 74
1 14 2
312 454
1 13 2
435 178
1 9 2
256 72
1 8 2
167 375
1 3 2
26 123
1 6 2
405 495
1 2 2
430 338
1 4 2
255 472
1 3 2
240 131
1 8 2
401 140
1 12 2
111 143
1 13 2
294 353
1 13 2
240 325
1 14 2
57 73
1 14 2
255 98
1 14 2
90 249
1 3 2
147 361
1 4 2
252 365
1 2 2
40 382
1 2 2
419 196
1 8 2
178 226
1 11 2
246 269
1 14 2
58 261
1 7 2
223 217
1 10 2
149 371
1 12 2
211 143
1 12 2
209 200
1 13 2
348 61
1 10 2
364 222
1 4 2
60 95
1 11 2
53 123
1 9 2
65 290
1 5 2
492 205
1 8 2
156 268
1 6 2
82 331
1 9 2
440 154
1 10 2
202 301
1 14 2
127 299
1 14 2
313 285
1 4 2
215 397
1 4 2
56 273
1 14 2
241 496
1 5 2
285 377
1 14 2
182 188
1 15 2
246 47
1 13 2
98 55
1 12 2
463 166
1 3 2
30 171
1 5 2
283 395
1 2 2
179 398
1 4 2
46 347
1 6 2
59 149
1 13 2
318 375
1 6 2
39 260
1 11 2
123 0
1 12 2
174 454
1 2 2
99 133
1 10 2
446 451
1 8 2
190 494
1 15 2
454 258
1 13 2
330 48
1 2 2
326 306
1 4 2
67 171
1 9 2
234 195
1 10 2
143 441
1 11 2
34 252
1 15 2
42 114
1 12 2
455 13
1 11 2
232 207
1 7 2
399 470
1 12 2
383 293
1 4 2
323 286
1 11 2
358 209
1 11 2
345 120
1 7 2
170 342
1 12 2
202 118
1 12 2
397 212
1 3 2
310 197
1 14 2
139 230
1 9 2
155 84
1 10 2
107 241
1 12 2
447 497
1 3 2
391 126
1 10 2
478 431
1 6 2
333 204
1 4 2
6 310
1 9 2
141 423
1 8 2
33 230
1 13 2
483 385
1 6 2
133 428
1 6 2
139 8
1 13 2
383 370
1 2 2
492 340
1 3 2
416 498
1 6 2
477 350
1 10 2
290 248
1 13 2
298 54
1 3 2
123 342
1 3 2
77 459
1 10 2
222 24
1 10 2
327 448
1 11 2
66 30
1 4 2
230 247
1 11 2
460 297
1 3 2
30 31
1 8 2
57 139
1 6 2
375 363
1 6 2
240 308
1 3 2
360 122
1 10 2
424 459
1 3 2
298 80
1 4 2
239 228
1 13 2
446 448
1 2 2
167 72
1 8 2
378 388
1 6 2
319 114
1 4 2
160 238
1 11 2
468 107
1 7 2
108 329
1 4 2
452 168
1 7 2
300 417
1 2 2
311 130
1 3 2
301 471
1 8 2
128 329
1 10 2
84 433
1 7 2
378 55
1 15 2
49 324
1 4 2
376 81
1 9 2
388 428
1 14 2
202 468
1 3 2
169 159
1 2 2
203 442
1 4 2
291 181
1 7 2
328 151
1 15 2
450 271
1 13 2
456 181
1 5 2
468 471
1 12 2
256 253
1 3 2
74 358
1 2 2
445 285
1 12 2
258 389
1 12 2
474 203
1 8 2
95 222
1 6 2
373 107
1 13 2
89 496
1 13 2
197 221
1 15 2
257 103
1 14 2
428 370
1 7 2
335 127
1 2 2
449 6
1 5 2
270 38
1 11 2
461 179
1 11 2
351 2
1 7 2
34 334
1 15 2
392 323
1 6 2
379 0
1 12 2
174 173
1 15 2
439 224
1 2 2
108 79
1 14 2
496 240
1 8 2
412 383
1 12 2
162 127
1 5 2
61 330
1 7 2
420 381
1 8 2
208 87
1 11 2
171 445
1 12 2
129 56
1 11 2
389 53
1 8 2
236 474
1 5 2
213 309
1 8 2
399 53
1 12 2
275 208
1 7 2
432 448
1 5 2
418 273
1 2 2
129 279
1 15 2
316 454
1 15 2
186 159
1 9 2
463 423
1 2 2
443 41
1 13 2
32 322
1 5 2
221 60
1 15 2
437 219
1 8 2
55 189
1 15 2
364 59
1 7 2
132 88
1 15 2
70 286
1 10 2
296 153
1 6 2
335 278
1 11 2
40 197
1 4 2
427 16
1 12 2
390 474
1 10 2
75 211
1 10 2
428 235
1 15 2
85 475
1 5 2
64 456
1 10 2
377 182
1 5 2
340 345
1 6 2
291 62
1 11 2
246 230
1 8 2
0 269
1 3 2
171 196
1 9 2
308 465
1 12 2
61 230
1 6 2
100 278
1 14 2
357 260
1 13 2
10 155
1 2 2
252 199
1 10 2
47 396
1 6 2
475 249
1 4 2
476 396
1 9 2
485 105
1 12 2
7 451
1 15 2
341 480
1 8 2
277 168
1 3 2
392 191
1 14 2
64 473
1 12 2
73 17
1 2 2
345 371
1 14 2
266 106
1 7 2
204 1
1 4 2
252 395
1 14 2
99 313
1 6 2
349 461
1 14 2
197 297
1 7 2
203 373
1 8 2
256 267
1 11 2
45 204
1 5 2
107 402
1 14 2
204 155
1 14 2
292 468
1 9 2
297 370
1 15 2
195 42
1 9 2
199 67
1 2 2
150 128
1 9 2
124 67
1 4 2
77 340
1 13 2
305 318
1 15 2
53 386
1 8 2
397 285
1 13 2
432 261
1 7 2
58 178
1 6 2
424 118
1 5 2
248 296
1 3 2
380 1
1 9 2
105 434
1 2 2
277 424
1 12 2
386 215
1 11 2
39 466
1 13 2
485 405
1 12 2
148 428
1 9 2
175 41
1 3 2
460 244
1 15 2
62 368
1 7 2
493 346
1 14 2
442 72
1 6 2
147 311
1 9 2
412 340
1 5 2
85 65
1 10 2
142 37
1 11 2
261 37
1 15 2
39 153
1 8 2
253 130
1 10 2
366 318
1 10 2
150 387
1 15 2
137 472
1 8 2
366 218
1 5 2
269 347
1 4 2
309 228
1 11 2
243 171
1 5 2
136 364
1 10 2
237 495
1 3 2
462 221
1 3 2
124 373
1 10 2
413 285
1 3 2
69 161
1 14 2
418 270
1 2 2
174 480
1 2 2
260 384
1 11 2
16 172
1 3 2
22 125
1 8 2
58 474
1 13 2
164 355
1 9 2
36 248
1 4 2
98 466
1 15 2
57 345
1 2 2
173 286
1 4 2
250 365
1 2 2
396 454
1 6 2
248 159
1 9 2
28 463
1 13 2
436 481
1 5 2
246 307
1 6 2
127 373
1 11 2
89 267
1 5 2
170 194
1 6 2
26 329
1 6 2
4 169
1 3 2
338 10
1 12 2
308 310
1 7 2
430 474
1 5 2
353 44
1 9 2
196 68
1 10 2
427 248
1 5 2
214 402
1 12 2
87 142
1 9 2
143 162
1 11 2
239 94
1 7 2
163 176
1 10 2
220 74
1 10 2
157 49
1 5 2
319 333
1 15 2
393 223
1 2 2
85 379
1 7 2
108 367
1 13 2
427 29
1 3 2
279 425
1 4 2
31 426
1 9 2
382 184
1 10 2
127 337
1 2 2
130 60
1 4 2
273 159
1 5 2
58 93
1 14 2
113 345
1 7 2
221 438
1 7 2
343 334
1 12 2
70 191
1 3 2
436 301
1 10 2
72 410
1 9 2
225 126
1 11 2
26 452
1 15 2
174 157
1 8 2
315 423
1 11 2
273 212
1 8 2
474 69
1 13 2
45 72
1 12 2
108 191
1 12 2
394 73
1 2 2
209 370
1 9 2
323 179
1 4 2
95 394
1 10 2
310 467
1 6 2
14 63
1 14 2
431 127
1 14 2
353 382
1 8 2
179 233
1 9 2
284 355
1 2 2
76 191
1 3 2
380 224
1 9 2
429 95
1 8 2
330 410
1 8 2
205 223
1 14 2
372 365
1 15 2
15 314
1 12 2
128 110
1 6 2
481 260
1 5 2
318 102
1 11 2
6 176
1 11 2
232 199
1 12 2
359 303
1 14 2
416 142
1 3 2
213 329
1 9 2
21 18
1 12 2
196 168
1 3 2
312 293
1 14 2
233 56
1 3 2
124 379
1 2 2
368 335
1 7 2
181 201
1 11 2
311 347
1 8 2
331 240
1 7 2
109 276
1 11 2
179 441
1 10 2
227 153
1 9 2
407 8
1 8 2
59 58
1 6 2
363 280
1 6 2
457 63
1 3 2
257 359
1 2 2
20 73
1 11 2
139 416
1 14 2
198 401
1 12 2
124 369
1 8 2
328 358
1 6 2
293 386
1 14 2
246 147
1 12 2
175 16
1 6 2
199 137
1 3 2
391 329
1 8 2
252 360
1 10 2
33 199
1 11 2
25 329
1 10 2
434 467
1 12 2
426 80
1 14 2
468 244
1 11 2
318 287
1 15 2
225 402
1 15 2
341 59
1 10 2
87 58
1 7 2
142 271
1 10 2
5 52
1 6 2
403 473
1 10 2
327 376
1 2 2
273 85
1 10 2
307 163
1 10 2
483 279
1 2 2
168 483
1 9 2
232 363
1 11 2
85 249
1 5 2
418 494
1 4 2
24 383
1 2 2
20 405
1 9 2
413 46
1 3 2
270 492
1 2 2
310 233
1 11 2
250 39
1 9 2
357 442
1 12 2
155 450
1 8 2
342 439
1 3 2
499 112
1 4 2
200 309
1 7 2
276 210
1 11 2
354 237
1 9 2
112 489
1 14 2
127 460
1 3 2
340 256
1 14 2
20 450
1 13 2
145 255
1 5 2
454 378
1 13 2
303 432
1 12 2
139 144
1 14 2
386 326
1 14 2
23 142
1 11 2
469 495
1 2 2
200 21
1 7 2
29 185
1 4 2
181 224
1 5 2
452 206
1 3 2
450 40
1 5 2
27 8
1 10 2
325 178
1 3 2
90 361
1 8 2
173 336
1 3 2
429 156
1 3 2
290 177
1 14 2
50 127
1 8 2
359 35
1 3 2
494 440
1 6 2
309 324
1 7 2
421 452
1 2 2
458 118
1 6 2
366 163
1 10 2
322 424
1 9 2
371 361
1 3 2
439 55
1 6 2
227 158
1 4 2
318 232
1 14 2
281 210
1 10 2
336 438
1 13 2
426 393
1 5 2
453 184
1 2 2
112 261
1 13 2
371 477
1 10 2
188 316
1 10 2
20 174
1 10 2
444 77
1 14 2
103 356
1 6 2
372 438
1 3 2
369 77
1 9 2
301 110
1 15 2
139 350
1 4 2
262 167
1 9 2
453 305
1 3 2
379 185
1 4 2
119 409
1 14 2
121 316
1 6 2
13 69
1 13 2
160 117
1 8 2
135 464
1 13 2
3 174
1 9 2
480 233
1 7 2
180 388
1 12 2
393 401
1 9 2
430 77
1 3 2
62 479
1 11 2
201 441
1 7 2
281 416
1 2 2
227 414
1 11 2
447 381
1 14 2
236 422
1 13 2
264 33
1 8 2
50 348
1 5 2
150 53
1 7 2
57 2
1 8 2
64 178
1 10 2
498 474
1 9 2
409 434
1 8 2
415 49
1 15 2
45 279
1 15 2
67 466
1 10 2
392 171
1 13 2
234 383
1 6 2
149 403
1 8 2
420 442
1 8 2
234 68
1 7 2
355 227
1 8 2
130 189
1 2 2
55 413
1 9 2
494 372
1 14 2
193 461
1 15 2
92 280
1 5 2
247 204
1 4 2
37 218
1 14 2
328 189
1 7 2
383 107
1 4 2
219 223
1 2 2
229 211
1 5 2
498 476
1 8 2
276 375
1 8 2
448 226
1 14 2
81 321
1 7 2
441 467
1 15 2
31 202
1 5 2
430 98
1 5 2
371 98
1 3 2
70 41
1 9 2
321 335
1 8 2
239 452
1 11 2
385 239
1 2 2
468 52
1 6 2
229 208
1 10 2
451 489
1 6 2
444 464
1 10 2
363 286
1 13 2
353 241
1 12 2
393 346
1 10 2
240 355
1 15 2
220 410
1 15 2
421 301
1 3 2
272 344
1 5 2
84 344
1 13 2
231 475
1 12 2
345 281
1 9 2
282 402
1 11 2
425 93
1 3 2
298 147
1 10 2
467 413
1 12 2
182 493
1 8 2
0 309
1 15 2
59 107
1 2 2
101 167
1 8 2
316 93
1 6 2
133 475
1 4 2
465 232
1 8 2
326 138
1 8 2
49 70
1 14 2
278 414
1 5 2
209 192
