500 4000 1500
11 6 21 13 9 24 6 21 12 25 16 12 15 18 16 15 13 15 23 11 15 5 22 15 13 14 14 11 16 19 21 24 21 22 8 13 19 20 22 12 18 5 13 10 11 11 21 21 10 11 9 8 5 14 9 18 15 17 21 16 19 15 6 18 19 25 11 18 9 19 25 15 20 20 10 11 6 12 10 11 21 13 14 11 24 15 8 10 16 23 25 18 7 13 15 15 25 24 14 10 17 7 9 22 16 10 14 20 15 13 25 7 19 18 16 13 6 18 12 11 18 16 9 11 17 5 25 8 18 8 21 17 12 23 8 16 7 6 17 7 6 5 25 25 11 12 22 10 24 24 6 18 16 10 25 21 13 22 18 16 11 17 18 25 15 22 21 25 5 14 10 18 11 25 9 11 23 6 5 9 9 14 12 6 11 13 8 19 19 11 13 16 19 22 15 9 7 11 10 19 18 21 15 10 20 25 20 10 6 6 24 21 14 19 10 11 25 20 12 10 15 25 7 17 14 16 13 23 10 19 20 6 7 21 5 18 13 9 9 22 5 22 6 22 17 21 12 19 17 20 24 17 25 19 22 20 20 10 7 16 5 9 12 10 23 22 19 11 22 7 14 23 11 6 11 21 10 6 12 6 22 15 25 15 5 7 19 19 8 12 9 24 20 18 16 15 20 25 19 18 12 5 12 25 11 13 8 16 20 6 25 23 12 23 8 21 14 18 9 23 7 6 8 21 23 18 18 23 15 14 18 17 24 21 25 10 5 25 13 6 10 12 20 20 18 16 7 11 11 17 21 8 13 17 15 24 10 25 14 24 16 16 19 15 25 7 20 14 8 13 6 22 25 24 22 25 10 14 6 19 24 9 15 20 14 14 11 15 6 7 7 18 21 9 10 15 22 13 21 12 20 24 25 12 16 25 14 19 7 19 9 21 11 19 18 15 19 12 18 24 7 15 23 13 13 16 25 17 19 22 17 13 15 5 8 14 24 8 11 15 5 12 22 7 6 6 6 7 17 17 6 20 21 18 15 5 21 11 25 16 16 5 14 24 9 13 14 7 22 10 23 14 17 6 11 25 6 15 17 21 25 23 15 5 22 19 6 7 18 22 11 22 12 19 16 18 21 19 14 7
3 9 20 11 10 6 9 16 10 13 18 10 19 18 19 9 3 14 15 20 16 16 18 13 20 17 8 15 8 11 11 17 16 4 18 20 15 8 7 20 9 8 16 7 16 13 3 9 13 19 18 18 5 6 20 19 8 14 14 14 5 19 8 17 3 13 17 7 4 8 14 19 17 7 10 3 19 9 15 20 16 7 4 12 7 13 4 8 4 15 13 19 10 9 9 14 18 8 3 8 18 16 11 9 18 9 20 9 6 20 13 19 8 7 18 5 17 20 15 12 15 15 19 12 6 14 18 14 13 9 4 14 8 17 14 17 4 15 19 20 16 14 18 15 12 10 8 7 16 13 8 3 8 13 5 5 10 8 13 3 15 16 10 9 15 7 13 14 14 20 17 19 14 17 19 20 8 7 8 20 20 3 15 13 20 4 19 6 11 5 7 8 14 18 9 10 20 18 15 14 9 5 18 3 9 19 4 7 5 4 15 20 18 10 19 7 6 7 5 10 12 13 5 7 13 8 8 20 7 18 9 4 17 20 17 12 12 15 9 14 4 9 4 19 15 20 12 15 5 19 20 11 5 11 3 5 15 12 14 19 6 7 12 11 17 14 17 8 9 14 8 15 8 18 14 7 19 11 20 5 4 14 12 10 11 11 11 20 14 20 14 11 5 3 7 6 19 4 19 10 8 13 9 20 18 4 10 10 7 6 10 11 6 7 8 10 8 20 9 4 17 20 14 17 14 11 5 11 7 16 17 3 12 4 18 20 10 16 7 15 4 10 10 13 14 5 18 13 20 10 15 19 3 7 17 10 8 13 5 3 4 13 4 15 10 18 13 17 18 9 15 15 5 8 10 19 9 7 4 13 4 10 17 4 13 20 10 11 7 19 3 8 19 10 20 19 20 19 4 3 13 6 5 17 4 4 6 17 14 7 9 16 20 8 3 19 6 14 13 13 7 20 3 9 11 7 9 10 8 10 12 17 12 10 7 16 10 8 4 11 17 13 12 5 12 12 6 15 19 7 12 5 11 9 5 15 14 4 16 3 11 4 9 6 3 8 14 16 16 16 20 16 3 11 20 11 16 17 9 13 9 5 16 6 3 16 11 12 14 6 10 12 8 9 18 17 8 14 11 13
1 2 2
238 322
1 4 2
26 368
1 11 2
87 432
1 11 2
94 426
1 3 2
316 439
1 3 2
44 352
1 15 2
87 316
1 14 2
433 120
1 7 2
11 244
1 11 2
38 115
1 15 2
219 234
1 6 2
360 30
1 3 2
55 455
1 14 2
239 165
1 8 2
129 3
1 6 2
453 185
1 2 2
224 335
1 7 2
401 455
1 8 2
6 359
1 4 2
398 157
1 4 2
411 261
1 8 2
89 43
1 6 2
319 17
1 7 2
99 354
1 5 2
275 429
1 6 2
41 452
1 11 2
212 252
1 2 2
76 310
1 13 2
61 108
1 15 2
214 195
1 12 2
97 444
1 5 2
476 385
1 3 2
3 443
1 5 2
236 171
1 4 2
327 6
1 12 2
349 4
1 6 2
104 253
1 10 2
381 328
1 12 2
131 261
1 7 2
418 465
1 5 2
311 224
1 13 2
24 352
1 3 2
30 277
1 13 2
378 177
1 15 2
481 432
1 15 2
236 22
1 14 2
29 304
1 3 2
451 412
1 15 2
178 63
1 9 2
285 98
1 11 2
437 303
1 6 2
385 432
1 7 2
376 413
1 4 2
213 385
1 4 2
54 490
1 14 2
210 416
1 13 2
436 162
1 12 2
327 65
1 9 2
385 80
1 12 2
363 388
1 15 2
251 18
1 14 2
131 329
1 5 2
255 444
1 4 2
82 36
1 10 2
466 334
1 11 2
22 265
1 7 2
45 382
1 9 2
270 314
1 7 2
376 246
1 14 2
410 315
1 13 2
426 446
1 10 2
245 387
1 10 2
34 364
1 12 2
391 457
1 9 2
372 255
1 12 2
83 384
1 8 2
445 407
1 15 2
466 409
1 14 2
320 116
1 15 2
434 193
1 2 2
75 466
1 5 2
363 93
1 15 2
71 184
1 13 2
40 58
1 12 2
105 405
1 3 2
441 150
1 12 2
312 87
1 8 2
486 428
1 10 2
335 315
1 9 2
14 107
1 10 2
351 71
1 4 2
339 395
1 13 2
77 236
1 2 2
483 294
1 15 2
267 466
1 7 2
64 136
1 5 2
282 76
1 14 2
36 198
1 7 2
57 372
1 14 2
14 145
1 4 2
289 288
1 14 2
333 178
1 7 2
256 163
1 4 2
56 353
1 11 2
264 370
1 7 2
292 17
1 3 2
350 175
1 3 2
289 414
1 4 2
375 79
1 2 2
163 230
1 14 2
22 92
1 2 2
241 441
1 6 2
353 431
1 7 2
362 59
1 15 2
417 151
1 15 2
39 120
1 11 2
206 4
1 9 2
404 20
1 14 2
172 15
1 6 2
464 199
1 8 2
113 327
1 8 2
5 374
1 6 2
73 204
1 9 2
406 51
1 8 2
253 386
1 2 2
346 123
1 7 2
222 278
1 14 2
25 438
1 5 2
374 169
1 12 2
2 372
1 13 2
273 461
1 8 2
3 419
1 12 2
256 156
1 14 2
287 245
1 12 2
0 148
1 3 2
228 386
1 6 2
154 217
1 2 2
76 445
1 9 2
437 105
1 8 2
348 436
1 11 2
239 33
1 8 2
166 427
1 14 2
201 341
1 11 2
68 34
1 12 2
397 157
1 7 2
98 358
1 15 2
11 98
1 7 2
69 166
1 2 2
121 257
1 6 2
292 191
1 14 2
128 196
1 14 2
290 303
1 7 2
155 246
1 6 2
219 421
1 13 2
384 250
1 5 2
437 212
1 9 2
140 99
1 8 2
210 449
1 2 2
278 167
1 10 2
151 204
1 11 2
51 20
1 9 2
322 196
1 15 2
161 474
1 2 2
230 227
1 15 2
263 324
1 10 2
281 426
1 5 2
63 301
1 3 2
42 98
1 2 2
135 12
1 13 2
377 47
1 13 2
236 329
1 10 2
337 13
1 9 2
1 416
1 8 2
138 94
1 8 2
138 144
1 7 2
328 385
1 11 2
309 109
1 5 2
398 489
1 14 2
358 36
1 15 2
152 442
1 11 2
161 329
1 11 2
408 216
1 13 2
51 377
1 12 2
220 43
1 14 2
396 88
1 11 2
154 90
1 2 2
498 168
1 5 2
254 352
1 12 2
65 484
1 13 2
281 182
1 12 2
196 203
1 15 2
108 133
1 8 2
381 1
1 10 2
163 481
1 11 2
432 462
1 14 2
447 150
1 5 2
392 90
1 14 2
247 472
1 11 2
67 411
1 13 2
169 492
1 3 2
55 404
1 11 2
274 246
1 7 2
13 5
1 15 2
209 158
1 7 2
97 287
1 14 2
419 413
1 14 2
43 93
1 9 2
85 207
1 9 2
206 484
1 13 2
77 383
1 14 2
490 46
1 12 2
321 129
1 7 2
368 10
1 10 2
454 28
1 9 2
223 60
1 14 2
328 7
1 14 2
188 273
1 6 2
338 352
1 15 2
477 483
1 15 2
83 42
1 7 2
122 113
1 11 2
240 257
1 8 2
164 428
1 9 2
318 53
1 12 2
494 485
1 5 2
73 68
1 10 2
407 319
1 5 2
281 364
1 4 2
329 91
1 12 2
225 486
1 6 2
439 319
1 8 2
307 343
1 7 2
256 216
1 9 2
22 65
1 9 2
198 17
1 8 2
195 83
1 10 2
154 331
1 5 2
488 182
1 8 2
191 32
1 11 2
225 241
1 15 2
188 2
1 15 2
177 341
1 12 2
467 16
1 14 2
133 280
1 15 2
54 393
1 14 2
343 363
1 2 2
194 133
1 9 2
123 294
1 5 2
263 135
1 15 2
327 64
1 2 2
240 221
1 14 2
489 365
1 12 2
378 394
1 14 2
456 220
1 10 2
159 406
1 13 2
334 118
1 15 2
493 131
1 12 2
89 323
1 14 2
480 73
1 12 2
369 449
1 15 2
462 114
1 6 2
465 108
1 13 2
165 125
1 2 2
182 167
1 3 2
308 46
1 10 2
171 131
1 7 2
18 130
1 8 2
206 270
1 12 2
349 20
1 8 2
263 171
1 9 2
5 258
1 7 2
398 65
1 4 2
260 300
1 2 2
116 435
1 9 2
64 423
1 10 2
96 386
1 6 2
259 450
1 8 2
456 140
1 3 2
421 484
1 5 2
364 158
1 12 2
23 200
1 4 2
214 173
1 2 2
88 9
1 4 2
194 244
1 13 2
472 136
1 5 2
272 116
1 3 2
40 282
1 13 2
484 75
1 5 2
367 466
1 12 2
413 125
1 6 2
311 470
1 10 2
151 311
1 2 2
433 495
1 7 2
300 393
1 11 2
306 349
1 4 2
117 164
1 11 2
83 188
1 14 2
167 262
1 15 2
74 59
1 9 2
223 451
1 7 2
386 228
1 8 2
395 313
1 10 2
255 103
1 10 2
379 258
1 9 2
483 300
1 6 2
324 361
1 13 2
421 370
1 11 2
396 46
1 2 2
37 275
1 12 2
299 467
1 10 2
193 55
1 3 2
57 361
1 5 2
269 368
1 12 2
352 30
1 13 2
182 45
1 4 2
313 108
1 13 2
330 479
1 5 2
481 213
1 13 2
487 41
1 13 2
11 108
1 9 2
428 190
1 2 2
327 1
1 6 2
2 154
1 2 2
288 156
1 10 2
202 86
1 6 2
302 94
1 3 2
53 120
1 2 2
333 364
1 7 2
314 323
1 8 2
205 240
1 2 2
61 413
1 10 2
266 370
1 2 2
457 267
1 9 2
34 304
1 2 2
185 372
1 12 2
389 16
1 2 2
191 410
1 8 2
254 306
1 3 2
382 73
1 5 2
7 278
1 11 2
221 49
1 9 2
55 327
1 10 2
307 453
1 3 2
306 467
1 13 2
144 491
1 6 2
358 370
1 13 2
433 384
1 3 2
5 233
1 5 2
317 263
1 14 2
42 243
1 3 2
210 317
1 12 2
175 139
1 7 2
402 77
1 6 2
194 282
1 11 2
30 427
1 12 2
92 160
1 3 2
180 160
1 2 2
452 77
1 7 2
177 271
1 13 2
312 280
1 14 2
88 14
1 11 2
136 38
1 2 2
194 365
1 6 2
65 63
1 3 2
305 370
1 5 2
343 191
1 15 2
52 369
1 4 2
113 14
1 9 2
240 225
1 5 2
365 248
1 13 2
38 286
1 5 2
479 488
1 13 2
290 108
1 7 2
8 268
1 2 2
275 62
1 5 2
224 456
1 2 2
469 124
1 14 2
148 364
1 9 2
463 234
1 4 2
356 441
1 11 2
117 303
1 5 2
428 51
1 3 2
148 393
1 15 2
218 189
1 4 2
207 281
1 5 2
167 154
1 6 2
487 224
1 2 2
396 258
1 10 2
47 90
1 3 2
115 344
1 6 2
387 302
1 11 2
400 317
1 11 2
160 88
1 4 2
498 417
1 11 2
249 220
1 14 2
185 422
1 15 2
128 300
1 2 2
475 21
1 5 2
330 391
1 12 2
342 56
1 14 2
276 194
1 15 2
433 94
1 3 2
317 127
1 2 2
126 134
1 2 2
356 496
1 15 2
276 50
1 12 2
311 60
1 6 2
164 369
1 4 2
384 257
1 11 2
236 283
1 5 2
355 44
1 13 2
311 35
1 15 2
429 304
1 9 2
355 87
1 11 2
257 215
1 3 2
479 288
1 5 2
360 203
1 4 2
392 360
1 6 2
454 469
1 15 2
288 153
1 12 2
180 77
1 12 2
109 225
1 6 2
113 48
1 12 2
9 132
1 10 2
415 406
1 12 2
221 447
1 10 2
468 188
1 2 2
146 442
1 4 2
461 346
1 7 2
299 479
1 14 2
140 205
1 9 2
449 325
1 7 2
82 345
1 13 2
34 491
1 9 2
22 263
1 12 2
121 294
1 7 2
172 95
1 15 2
420 311
1 6 2
473 259
1 7 2
303 345
1 6 2
283 432
1 9 2
441 234
1 9 2
25 326
1 7 2
156 134
1 12 2
259 249
1 15 2
440 424
1 5 2
65 182
1 13 2
133 9
1 9 2
20 130
1 2 2
444 79
1 6 2
116 209
1 7 2
246 459
1 9 2
363 454
1 11 2
382 490
1 7 2
252 66
1 13 2
269 309
1 15 2
362 472
1 13 2
113 487
1 6 2
366 217
1 13 2
449 368
1 10 2
27 268
1 11 2
329 346
1 8 2
154 110
1 5 2
26 461
1 15 2
149 425
1 10 2
257 285
1 8 2
113 241
1 9 2
76 414
1 8 2
171 118
1 5 2
317 137
1 10 2
45 70
1 11 2
73 113
1 14 2
482 197
1 12 2
270 263
1 4 2
474 273
1 6 2
485 16
1 12 2
160 290
1 9 2
289 282
1 6 2
427 459
1 3 2
148 120
1 14 2
230 34
1 15 2
490 137
1 7 2
455 320
1 15 2
211 47
1 2 2
325 178
1 14 2
23 211
1 3 2
307 440
1 14 2
255 434
1 11 2
223 422
1 2 2
241 210
1 11 2
114 28
1 11 2
386 45
1 2 2
291 81
1 4 2
360 479
1 10 2
380 27
1 10 2
491 159
1 8 2
115 426
1 9 2
158 359
1 7 2
137 148
1 6 2
39 211
1 12 2
59 228
1 3 2
79 355
1 2 2
321 226
1 14 2
328 340
1 3 2
389 248
1 15 2
154 169
1 6 2
38 411
1 11 2
170 21
1 14 2
38 378
1 5 2
30 473
1 5 2
284 141
1 4 2
390 66
1 8 2
196 343
1 9 2
14 336
1 8 2
199 232
1 5 2
425 460
1 2 2
384 373
1 13 2
476 250
1 2 2
227 53
1 8 2
271 113
1 2 2
250 407
1 2 2
39 363
1 2 2
355 74
1 14 2
264 161
1 11 2
277 46
1 8 2
445 306
1 4 2
429 37
1 14 2
197 19
1 13 2
210 408
1 12 2
88 480
1 15 2
424 489
1 2 2
297 124
1 3 2
492 140
1 13 2
208 92
1 15 2
6 293
1 3 2
78 52
1 3 2
402 182
1 10 2
401 56
1 6 2
78 7
1 14 2
267 99
1 8 2
165 217
1 11 2
411 473
1 5 2
466 427
1 5 2
112 63
1 4 2
418 30
1 14 2
53 36
1 10 2
32 478
1 5 2
4 425
1 11 2
261 304
1 12 2
167 74
1 12 2
93 318
1 12 2
235 53
1 9 2
127 123
1 7 2
157 231
1 4 2
94 402
1 8 2
60 404
1 3 2
102 50
1 4 2
179 303
1 7 2
118 359
1 7 2
399 118
1 11 2
290 285
1 2 2
209 177
1 11 2
456 193
1 9 2
206 342
1 14 2
496 342
1 5 2
242 316
1 11 2
495 140
1 12 2
349 26
1 8 2
184 287
1 9 2
371 235
1 11 2
38 29
1 2 2
325 151
1 15 2
254 348
1 12 2
258 18
1 8 2
96 41
1 2 2
282 406
1 6 2
393 390
1 12 2
303 111
1 4 2
313 459
1 7 2
14 132
1 15 2
498 375
1 9 2
198 255
1 13 2
104 47
1 13 2
348 209
1 9 2
88 67
1 3 2
271 475
1 9 2
218 73
1 11 2
241 190
1 14 2
321 144
1 11 2
155 8
1 6 2
253 68
1 14 2
301 302
1 14 2
231 464
1 8 2
325 469
1 12 2
483 170
1 13 2
31 223
1 12 2
189 483
1 7 2
269 232
1 6 2
294 260
1 6 2
117 122
1 6 2
172 153
1 13 2
3 154
1 8 2
486 174
1 4 2
312 499
1 12 2
453 219
1 11 2
6 104
1 8 2
92 425
1 3 2
427 42
1 13 2
392 301
1 4 2
37 319
1 11 2
144 267
1 7 2
155 10
1 4 2
95 39
1 13 2
79 19
1 12 2
318 189
1 3 2
406 227
1 14 2
475 168
1 2 2
144 347
1 3 2
284 410
1 15 2
292 224
1 3 2
300 45
1 15 2
59 375
1 13 2
276 485
1 10 2
265 21
1 10 2
309 345
1 5 2
286 211
1 4 2
351 392
1 12 2
199 78
1 5 2
389 150
1 7 2
179 468
1 15 2
452 16
1 9 2
439 442
1 5 2
108 356
1 12 2
493 317
1 12 2
483 256
1 12 2
469 77
1 9 2
420 198
1 6 2
345 477
1 15 2
296 412
1 8 2
273 219
1 12 2
258 7
1 4 2
285 205
1 7 2
493 6
1 4 2
188 369
1 7 2
17 83
1 6 2
61 300
1 3 2
468 404
1 13 2
419 215
1 5 2
446 461
1 5 2
114 286
1 5 2
283 117
1 10 2
0 314
1 4 2
305 494
1 10 2
406 80
1 3 2
73 89
1 4 2
357 369
1 7 2
472 333
1 7 2
457 244
1 7 2
494 131
1 7 2
256 14
1 10 2
460 368
1 3 2
354 434
1 5 2
411 249
1 13 2
495 411
1 2 2
420 481
1 10 2
385 279
1 14 2
125 233
1 13 2
134 40
1 10 2
297 277
1 11 2
342 3
1 8 2
50 319
1 3 2
331 213
1 8 2
245 83
1 11 2
284 475
1 4 2
63 61
1 15 2
292 488
1 9 2
460 57
1 14 2
26 296
1 8 2
359 142
1 8 2
365 64
1 3 2
388 233
1 8 2
10 307
1 15 2
461 299
1 10 2
21 450
1 5 2
180 368
1 9 2
293 352
1 11 2
218 200
1 9 2
241 361
1 2 2
380 474
1 11 2
284 99
1 6 2
276 427
1 13 2
294 392
1 7 2
2 28
1 15 2
193 255
1 9 2
354 379
1 10 2
298 6
1 8 2
127 108
1 13 2
264 108
1 12 2
229 402
1 6 2
462 342
1 11 2
95 15
1 13 2
426 220
1 5 2
65 54
1 4 2
226 363
1 12 2
248 330
1 13 2
52 276
1 6 2
460 293
1 2 2
429 334
1 4 2
214 233
1 5 2
448 357
1 14 2
449 291
1 2 2
275 232
1 7 2
428 196
1 11 2
371 318
1 15 2
277 66
1 12 2
57 99
1 15 2
365 127
1 9 2
462 192
1 14 2
484 487
1 5 2
268 418
1 13 2
200 2
1 12 2
346 305
1 2 2
247 477
1 6 2
252 274
1 12 2
419 280
1 2 2
491 216
1 13 2
215 39
1 9 2
266 33
1 8 2
155 454
1 2 2
156 104
1 12 2
430 188
1 5 2
468 207
1 15 2
66 334
1 6 2
495 496
1 8 2
261 289
1 15 2
128 107
1 8 2
408 161
1 12 2
393 213
1 13 2
386 211
1 9 2
313 281
1 12 2
369 441
1 10 2
379 256
1 9 2
60 84
1 14 2
281 337
1 2 2
449 49
1 11 2
396 38
1 3 2
101 382
1 6 2
430 408
1 8 2
113 92
1 14 2
219 451
1 11 2
428 274
1 9 2
217 151
1 15 2
262 36
1 13 2
94 469
1 12 2
372 380
1 12 2
371 375
1 4 2
290 154
1 6 2
406 230
1 5 2
71 178
1 10 2
6 216
1 15 2
375 25
1 2 2
201 311
1 9 2
64 354
1 9 2
130 492
1 9 2
473 172
1 13 2
96 222
1 7 2
321 211
1 9 2
363 291
1 10 2
483 434
1 6 2
375 138
1 10 2
259 231
1 10 2
72 474
1 8 2
470 343
1 11 2
379 72
1 3 2
479 398
1 6 2
197 420
1 6 2
178 1
1 14 2
269 214
1 4 2
391 374
1 5 2
451 334
1 11 2
93 431
1 14 2
157 340
1 15 2
40 478
1 5 2
225 354
1 4 2
395 185
1 8 2
115 313
1 10 2
31 429
1 10 2
330 233
1 10 2
259 42
1 4 2
109 453
1 11 2
462 73
1 3 2
176 216
1 10 2
48 281
1 6 2
54 47
1 13 2
377 55
1 9 2
224 105
1 8 2
89 423
1 9 2
297 84
1 4 2
45 424
1 9 2
219 277
1 7 2
495 6
1 9 2
105 437
1 10 2
236 305
1 6 2
452 31
1 13 2
79 245
1 14 2
295 168
1 11 2
458 237
1 10 2
142 205
1 2 2
421 67
1 8 2
483 257
1 5 2
297 121
1 13 2
148 309
1 6 2
79 144
1 4 2
199 465
1 12 2
219 87
1 2 2
417 336
1 9 2
79 240
1 6 2
495 256
1 13 2
241 154
1 13 2
393 472
1 9 2
475 216
1 10 2
39 182
1 8 2
403 120
1 3 2
347 248
1 9 2
263 15
1 10 2
49 140
1 14 2
403 200
1 10 2
98 471
1 7 2
110 268
1 9 2
147 301
1 4 2
48 63
1 12 2
328 97
1 12 2
451 359
1 2 2
201 92
1 3 2
238 111
1 12 2
11 37
1 14 2
382 257
1 14 2
287 488
1 7 2
191 303
1 3 2
193 450
1 11 2
49 404
1 11 2
342 473
1 5 2
250 323
1 8 2
162 424
1 15 2
236 88
1 13 2
481 112
1 15 2
173 309
1 3 2
425 21
1 5 2
353 157
1 11 2
488 320
1 8 2
396 123
1 12 2
154 176
1 8 2
455 108
1 7 2
154 494
1 4 2
195 497
1 3 2
408 437
1 12 2
190 347
1 10 2
474 167
1 10 2
279 333
1 4 2
285 367
1 8 2
270 360
1 10 2
467 19
1 10 2
162 200
1 10 2
330 133
1 15 2
212 342
1 14 2
157 491
1 15 2
16 444
1 4 2
148 320
1 13 2
440 439
1 12 2
321 287
1 13 2
227 132
1 11 2
52 269
1 13 2
295 32
1 2 2
191 364
1 10 2
165 245
1 4 2
247 394
1 9 2
490 407
1 14 2
315 214
1 8 2
50 269
1 14 2
296 52
1 3 2
9 154
1 7 2
100 116
1 4 2
243 380
1 14 2
391 38
1 3 2
314 434
1 4 2
322 448
1 13 2
129 373
1 4 2
157 359
1 4 2
328 78
1 3 2
176 184
1 15 2
221 44
1 13 2
78 227
1 10 2
145 181
1 13 2
467 43
1 7 2
79 484
1 13 2
45 187
1 10 2
4 147
1 3 2
69 352
1 8 2
362 395
1 8 2
221 481
1 12 2
335 92
1 7 2
393 259
1 15 2
238 350
1 14 2
473 235
1 3 2
415 439
1 8 2
416 486
1 10 2
409 90
1 4 2
138 470
1 4 2
53 13
1 10 2
406 192
1 3 2
123 31
1 10 2
409 400
1 12 2
20 10
1 10 2
483 94
1 11 2
426 253
1 3 2
24 98
1 3 2
8 370
1 2 2
234 437
1 4 2
73 338
1 12 2
333 234
1 11 2
294 422
1 10 2
257 185
1 7 2
280 324
1 6 2
382 227
1 9 2
102 219
1 9 2
454 350
1 12 2
495 311
1 13 2
73 87
1 15 2
79 76
1 10 2
266 452
1 7 2
150 216
1 2 2
232 476
1 8 2
202 220
1 12 2
188 476
1 6 2
21 200
1 13 2
470 350
1 2 2
469 86
1 2 2
187 439
1 6 2
219 174
1 8 2
128 62
1 15 2
214 311
1 6 2
463 416
1 13 2
371 473
1 7 2
455 344
1 9 2
64 385
1 8 2
238 146
1 7 2
484 202
1 14 2
229 303
1 4 2
420 89
1 6 2
446 196
1 15 2
42 397
1 7 2
42 225
1 9 2
298 469
1 7 2
310 373
1 5 2
117 86
1 11 2
271 478
1 6 2
294 391
1 7 2
212 313
1 5 2
341 313
1 9 2
410 50
1 11 2
363 155
1 6 2
406 316
1 7 2
23 400
1 4 2
91 188
1 6 2
478 323
1 3 2
351 342
1 14 2
213 447
1 6 2
452 202
1 3 2
307 51
1 11 2
350 404
1 5 2
286 48
1 2 2
0 232
1 13 2
362 106
1 4 2
63 479
1 9 2
232 111
1 9 2
266 170
1 3 2
206 158
1 9 2
189 164
1 2 2
431 123
1 11 2
105 275
1 15 2
252 397
1 3 2
355 443
1 9 2
105 475
1 15 2
256 83
1 3 2
29 162
1 7 2
404 338
1 4 2
203 385
1 10 2
384 281
1 4 2
414 387
1 5 2
284 211
1 5 2
429 247
1 5 2
468 94
1 10 2
253 123
1 12 2
247 26
1 5 2
167 206
1 12 2
0 50
1 15 2
186 41
1 11 2
46 122
1 7 2
400 38
1 7 2
369 403
1 14 2
447 428
1 6 2
438 82
1 15 2
280 64
1 8 2
347 320
1 12 2
461 28
1 5 2
106 424
1 6 2
383 63
1 8 2
390 8
1 15 2
297 147
1 2 2
138 206
1 2 2
141 337
1 10 2
409 142
1 10 2
475 369
1 12 2
272 438
1 6 2
70 441
1 11 2
361 134
1 12 2
29 451
1 4 2
380 144
1 7 2
333 44
1 3 2
201 176
1 9 2
112 65
1 3 2
63 204
1 4 2
390 477
1 11 2
6 298
1 11 2
341 74
1 5 2
29 203
1 14 2
95 217
1 7 2
23 396
1 10 2
165 431
1 8 2
447 359
1 11 2
161 389
1 14 2
195 337
1 2 2
370 78
1 10 2
148 399
1 6 2
354 232
1 6 2
456 182
1 14 2
8 487
1 4 2
67 400
1 8 2
487 98
1 6 2
138 246
1 12 2
243 404
1 5 2
146 24
1 4 2
214 282
1 3 2
57 190
1 11 2
163 475
1 6 2
37 425
1 13 2
189 353
1 10 2
287 174
1 15 2
479 316
1 4 2
452 401
1 15 2
467 66
1 7 2
200 114
1 2 2
392 265
1 6 2
464 31
1 2 2
205 401
1 11 2
302 340
1 3 2
479 270
1 15 2
422 296
1 3 2
443 488
1 12 2
485 288
1 11 2
496 433
1 14 2
479 258
1 2 2
11 416
1 12 2
174 28
1 5 2
30 349
1 5 2
215 31
1 2 2
240 302
1 15 2
182 208
1 11 2
310 327
1 9 2
307 23
1 9 2
429 318
1 8 2
226 285
1 5 2
370 132
1 13 2
369 49
1 12 2
105 445
1 9 2
419 133
1 14 2
75 361
1 9 2
29 11
1 6 2
322 341
1 15 2
471 117
1 15 2
206 11
1 8 2
53 439
1 11 2
346 159
1 5 2
139 75
1 13 2
372 70
1 5 2
68 272
1 15 2
433 143
1 14 2
214 86
1 5 2
122 462
1 14 2
0 158
1 12 2
274 36
1 8 2
97 309
1 11 2
376 193
1 9 2
124 296
1 14 2
387 55
1 14 2
271 425
1 2 2
482 478
1 3 2
368 269
1 9 2
298 53
1 8 2
490 11
1 11 2
180 357
1 10 2
472 21
1 14 2
299 80
1 12 2
123 99
1 9 2
465 126
1 13 2
126 10
1 7 2
468 39
1 5 2
188 122
1 8 2
343 458
1 8 2
14 16
1 8 2
282 26
1 8 2
269 377
1 6 2
0 105
1 12 2
268 1
1 9 2
309 112
1 5 2
87 432
1 6 2
292 36
1 5 2
353 1
1 8 2
297 355
1 3 2
208 471
1 12 2
46 83
1 9 2
397 458
1 14 2
450 251
1 9 2
13 215
1 8 2
347 155
1 12 2
256 36
1 12 2
281 424
1 15 2
448 176
1 6 2
338 37
1 3 2
321 62
1 7 2
254 51
1 15 2
295 285
1 15 2
172 128
1 13 2
458 220
1 9 2
480 322
1 14 2
337 122
1 6 2
19 232
1 12 2
279 177
1 11 2
124 311
1 11 2
178 363
1 9 2
105 383
1 11 2
432 6
1 4 2
256 46
1 7 2
263 257
1 6 2
266 282
1 3 2
319 297
1 10 2
150 95
1 6 2
137 233
1 8 2
303 415
1 14 2
143 426
1 12 2
134 91
1 7 2
13 254
1 6 2
22 222
1 9 2
89 4
1 6 2
308 186
1 5 2
20 447
1 14 2
232 140
1 13 2
427 230
1 10 2
48 431
1 7 2
449 65
1 13 2
259 433
1 5 2
238 224
1 13 2
409 414
1 7 2
235 463
1 13 2
202 183
1 7 2
294 399
1 9 2
67 65
1 5 2
497 35
1 11 2
283 11
1 9 2
446 127
1 7 2
313 442
1 4 2
467 481
1 2 2
59 103
1 3 2
115 257
1 7 2
1 251
1 15 2
490 481
1 12 2
231 329
1 2 2
247 175
1 6 2
450 466
1 6 2
418 393
1 9 2
381 120
1 10 2
9 352
1 2 2
197 20
1 13 2
109 129
1 13 2
241 387
1 10 2
336 157
1 13 2
185 131
1 13 2
324 453
1 6 2
163 141
1 10 2
161 166
1 11 2
117 232
1 8 2
104 283
1 2 2
113 97
1 8 2
61 14
1 14 2
492 278
1 9 2
42 197
1 3 2
481 469
1 11 2
114 372
1 9 2
457 15
1 3 2
121 409
1 2 2
371 407
1 8 2
124 371
1 6 2
292 267
1 15 2
71 162
1 2 2
248 227
1 10 2
28 424
1 9 2
426 136
1 3 2
261 66
1 5 2
399 157
1 3 2
243 72
1 4 2
274 409
1 5 2
453 465
1 15 2
486 425
1 11 2
115 289
1 5 2
119 341
1 2 2
153 47
1 10 2
130 66
1 5 2
433 81
1 9 2
303 264
1 14 2
139 443
1 14 2
284 330
1 8 2
446 222
1 15 2
173 110
1 4 2
40 416
1 15 2
129 152
1 9 2
284 435
1 15 2
0 159
1 15 2
116 405
1 12 2
44 283
1 8 2
332 182
1 12 2
292 320
1 4 2
106 110
1 3 2
69 150
1 6 2
40 328
1 11 2
273 293
1 10 2
117 267
1 4 2
125 177
1 5 2
495 465
1 12 2
445 404
1 9 2
185 312
1 7 2
166 320
1 4 2
49 363
1 2 2
160 432
1 13 2
127 331
1 8 2
165 226
1 2 2
447 198
1 9 2
127 233
1 3 2
220 236
1 10 2
117 151
1 6 2
250 330
1 3 2
275 27
1 11 2
417 329
1 11 2
27 153
1 6 2
258 309
1 11 2
468 65
1 3 2
372 132
1 10 2
115 484
1 5 2
77 203
1 3 2
178 269
1 13 2
101 411
1 13 2
185 403
1 6 2
424 172
1 6 2
77 82
1 7 2
235 476
1 6 2
458 387
1 14 2
465 165
1 2 2
414 10
1 15 2
145 210
1 5 2
427 180
1 2 2
430 356
1 2 2
88 358
1 3 2
395 46
1 13 2
13 312
1 15 2
450 242
1 9 2
263 232
1 11 2
19 482
1 11 2
489 315
1 11 2
40 336
1 2 2
368 361
1 12 2
102 435
1 10 2
106 195
1 2 2
113 283
1 9 2
197 389
1 13 2
147 404
1 10 2
454 378
1 14 2
348 203
1 7 2
148 342
1 8 2
467 203
1 5 2
71 128
1 6 2
69 192
1 5 2
349 446
1 7 2
20 367
1 2 2
193 73
1 11 2
282 130
1 3 2
76 263
1 4 2
340 270
1 11 2
426 439
1 4 2
423 49
1 8 2
370 328
1 13 2
31 157
1 12 2
134 332
1 11 2
265 38
1 3 2
477 362
1 12 2
124 232
1 8 2
476 318
1 15 2
118 187
1 15 2
492 356
1 2 2
234 173
1 2 2
409 313
1 6 2
427 11
1 9 2
222 65
1 8 2
62 20
1 12 2
214 175
1 7 2
176 432
1 9 2
341 48
1 15 2
93 252
1 3 2
90 16
1 11 2
299 22
1 9 2
135 174
1 4 2
72 308
1 9 2
223 301
1 10 2
311 194
1 12 2
28 220
1 10 2
382 154
1 14 2
30 80
1 11 2
452 30
1 3 2
183 333
1 9 2
31 444
1 9 2
461 96
1 6 2
226 385
1 4 2
98 26
1 4 2
94 261
1 10 2
175 215
1 4 2
399 489
1 6 2
294 373
1 13 2
126 377
1 4 2
466 370
1 5 2
92 49
1 10 2
231 459
1 9 2
317 391
1 7 2
77 381
1 6 2
432 206
1 3 2
82 99
1 7 2
409 153
1 2 2
455 208
1 5 2
135 220
1 14 2
64 211
1 7 2
49 475
1 11 2
85 352
1 12 2
348 366
1 8 2
15 60
1 2 2
207 28
1 3 2
181 464
1 15 2
71 94
1 12 2
397 32
1 6 2
90 372
1 7 2
89 65
1 6 2
481 405
1 13 2
149 168
1 9 2
15 310
1 5 2
198 453
1 6 2
118 195
1 15 2
101 107
1 2 2
108 245
1 4 2
94 233
1 15 2
3 365
1 14 2
227 377
1 5 2
243 10
1 4 2
268 249
1 12 2
195 236
1 9 2
193 8
1 15 2
242 278
1 7 2
252 81
1 10 2
29 466
1 7 2
40 54
1 6 2
290 26
1 7 2
251 149
1 7 2
152 135
1 7 2
189 239
1 12 2
332 381
1 13 2
436 224
1 9 2
157 254
1 9 2
237 425
1 12 2
114 275
1 12 2
121 158
1 14 2
122 44
1 4 2
35 443
1 3 2
355 287
1 2 2
329 170
1 6 2
376 393
1 4 2
142 380
1 8 2
481 32
1 2 2
194 141
1 15 2
31 337
1 5 2
310 441
1 6 2
39 8
1 9 2
301 118
1 3 2
416 428
1 15 2
151 359
1 6 2
418 398
1 14 2
135 139
1 3 2
347 85
1 12 2
99 404
1 12 2
446 322
1 14 2
100 77
1 14 2
427 337
1 3 2
383 188
1 4 2
147 162
1 3 2
197 38
1 15 2
364 18
1 14 2
87 154
1 4 2
393 332
1 3 2
99 427
1 5 2
445 15
1 8 2
201 3
1 8 2
401 367
1 14 2
414 227
1 9 2
207 222
1 5 2
109 444
1 5 2
263 82
1 5 2
182 132
1 11 2
114 324
1 6 2
48 174
1 11 2
56 393
1 12 2
345 54
1 8 2
66 492
1 12 2
237 174
1 9 2
404 455
1 7 2
473 228
1 12 2
180 5
1 4 2
200 318
1 9 2
416 315
1 5 2
126 221
1 2 2
381 400
1 3 2
492 271
1 8 2
152 216
1 8 2
160 303
1 8 2
126 253
1 5 2
280 56
1 14 2
302 442
1 7 2
91 250
1 2 2
338 124
1 7 2
361 16
1 14 2
269 427
1 9 2
325 38
1 11 2
472 442
1 15 2
137 108
1 9 2
419 195
1 10 2
123 480
1 7 2
93 459
1 6 2
399 216
1 15 2
177 355
1 8 2
83 213
1 6 2
253 143
1 9 2
434 4
1 7 2
350 341
1 12 2
200 297
1 2 2
446 339
1 8 2
315 202
1 2 2
216 230
1 8 2
473 498
1 2 2
486 190
1 11 2
484 126
1 6 2
419 16
1 15 2
222 392
1 14 2
157 377
1 2 2
53 332
1 15 2
129 289
1 14 2
337 145
1 5 2
162 108
1 8 2
314 146
1 10 2
234 73
1 14 2
474 237
1 7 2
228 389
1 13 2
334 97
1 12 2
36 450
1 6 2
321 325
1 11 2
349 162
1 8 2
200 204
1 14 2
396 163
1 3 2
223 240
1 15 2
50 2
1 5 2
195 175
1 4 2
204 218
1 12 2
161 305
1 15 2
72 396
1 10 2
245 29
1 3 2
139 182
1 4 2
202 472
1 11 2
256 83
1 7 2
296 17
1 11 2
459 491
1 15 2
454 68
1 15 2
471 437
1 6 2
410 354
1 9 2
208 75
1 6 2
131 38
1 2 2
210 400
1 8 2
33 59
1 13 2
163 292
1 15 2
198 381
1 4 2
41 446
1 11 2
317 69
1 10 2
352 284
1 7 2
65 174
1 2 2
221 31
1 8 2
272 385
1 15 2
329 462
1 15 2
265 308
1 15 2
239 195
1 13 2
415 15
1 9 2
202 286
1 15 2
199 435
1 11 2
302 162
1 15 2
460 179
1 15 2
44 273
1 12 2
219 2
1 5 2
151 68
1 14 2
446 29
1 12 2
392 233
1 8 2
416 273
1 4 2
109 73
1 14 2
212 419
1 3 2
434 248
1 14 2
29 339
1 9 2
378 395
1 2 2
267 153
1 15 2
96 246
1 6 2
215 152
1 10 2
357 329
1 10 2
453 155
1 2 2
494 455
1 5 2
88 89
1 11 2
7 35
1 13 2
440 384
1 14 2
24 457
1 2 2
121 405
1 5 2
365 309
1 6 2
248 48
1 15 2
2 78
1 15 2
494 28
1 13 2
461 209
1 3 2
239 253
1 10 2
337 365
1 3 2
153 229
1 2 2
201 202
1 7 2
385 38
1 2 2
163 53
1 4 2
38 33
1 7 2
26 452
1 3 2
294 409
1 13 2
25 409
1 9 2
54 152
1 3 2
337 399
1 9 2
395 3
1 10 2
236 100
1 6 2
472 264
1 5 2
441 150
1 5 2
243 396
1 6 2
118 14
1 4 2
271 31
1 5 2
357 419
1 13 2
305 57
1 8 2
191 384
1 12 2
324 11
1 12 2
87 107
1 15 2
61 252
1 8 2
494 346
1 12 2
120 394
1 8 2
158 227
1 14 2
231 94
1 10 2
418 194
1 2 2
128 188
1 12 2
446 176
1 14 2
219 338
1 12 2
268 112
1 11 2
179 386
1 6 2
28 480
1 13 2
83 377
1 12 2
425 485
1 7 2
192 466
1 11 2
256 83
1 12 2
26 131
1 14 2
149 213
1 12 2
233 442
1 10 2
8 104
1 15 2
343 322
1 10 2
134 73
1 11 2
249 486
1 9 2
141 308
1 13 2
127 162
1 13 2
403 432
1 6 2
369 26
1 14 2
66 447
1 15 2
5 113
1 2 2
220 404
1 15 2
466 314
1 11 2
64 232
1 11 2
47 335
1 14 2
408 115
1 9 2
414 357
1 2 2
18 159
1 13 2
319 56
1 14 2
442 297
1 13 2
450 402
1 4 2
219 304
1 10 2
216 8
1 13 2
306 178
1 7 2
209 359
1 6 2
118 236
1 7 2
50 126
1 10 2
446 70
1 10 2
284 299
1 8 2
50 119
1 11 2
28 205
1 4 2
85 138
1 11 2
273 435
1 8 2
175 418
1 9 2
287 469
1 7 2
408 308
1 11 2
43 197
1 15 2
232 404
1 9 2
152 413
1 8 2
161 186
1 14 2
180 390
1 2 2
8 77
1 5 2
198 177
1 2 2
148 285
1 9 2
347 364
1 10 2
278 27
1 8 2
297 11
1 14 2
139 185
1 15 2
303 214
1 5 2
354 270
1 7 2
460 242
1 8 2
392 448
1 6 2
356 249
1 13 2
310 311
1 12 2
393 188
1 2 2
208 33
1 11 2
146 144
1 5 2
243 28
1 14 2
103 458
1 7 2
45 166
1 13 2
499 57
1 14 2
461 41
1 14 2
175 355
1 6 2
111 206
1 14 2
411 258
1 3 2
379 436
1 7 2
308 439
1 15 2
389 75
1 12 2
148 380
1 7 2
481 461
1 7 2
37 229
1 10 2
51 234
1 10 2
447 158
1 4 2
32 392
1 8 2
0 142
1 4 2
187 426
1 8 2
454 381
1 7 2
441 74
1 3 2
284 433
1 8 2
473 344
1 6 2
459 448
1 11 2
163 345
1 15 2
18 234
1 9 2
318 133
1 5 2
357 284
1 5 2
1 193
1 8 2
256 77
1 10 2
178 78
1 7 2
499 326
1 12 2
472 389
1 7 2
109 200
1 6 2
208 224
1 4 2
248 436
1 4 2
493 432
1 2 2
294 321
1 8 2
319 321
1 10 2
383 141
1 10 2
453 154
1 2 2
248 347
1 12 2
54 113
1 11 2
249 237
1 13 2
473 295
1 11 2
328 172
1 7 2
77 153
1 8 2
439 157
1 8 2
318 301
1 14 2
490 424
1 2 2
5 64
1 14 2
263 391
1 10 2
358 195
1 14 2
198 3
1 11 2
318 142
1 5 2
233 448
1 10 2
62 353
1 3 2
469 77
1 11 2
332 75
1 12 2
294 427
1 8 2
41 95
1 6 2
161 289
1 3 2
438 341
1 11 2
179 139
1 2 2
203 397
1 2 2
348 352
1 4 2
116 183
1 12 2
219 382
1 8 2
36 451
1 10 2
140 274
1 11 2
27 165
1 5 2
352 270
1 11 2
169 399
1 9 2
181 41
1 10 2
112 451
1 14 2
58 442
1 3 2
49 146
1 3 2
5 322
1 11 2
202 476
1 12 2
118 20
1 15 2
239 481
1 2 2
499 259
1 3 2
282 264
1 10 2
389 129
1 9 2
36 46
1 9 2
29 115
1 10 2
280 311
1 4 2
35 67
1 7 2
484 28
1 10 2
402 60
1 5 2
426 251
1 12 2
452 220
1 4 2
407 70
1 2 2
415 48
1 6 2
379 218
1 11 2
325 348
1 14 2
252 3
1 8 2
488 471
1 2 2
134 286
1 11 2
226 48
1 3 2
264 145
1 4 2
459 100
1 11 2
200 303
1 15 2
280 123
1 11 2
438 155
1 2 2
231 14
1 8 2
75 141
1 13 2
413 36
1 11 2
168 260
1 13 2
289 222
1 8 2
257 164
1 12 2
42 139
1 12 2
105 306
1 7 2
262 439
1 4 2
0 187
1 15 2
46 15
1 13 2
222 12
1 11 2
180 236
1 11 2
184 482
1 13 2
421 215
1 9 2
319 201
1 12 2
23 5
1 4 2
379 339
1 10 2
62 259
1 4 2
217 466
1 4 2
142 296
1 12 2
259 133
1 3 2
277 196
1 9 2
184 420
1 8 2
252 92
1 2 2
382 142
1 5 2
131 29
1 10 2
336 361
1 9 2
105 207
1 6 2
232 45
1 14 2
168 33
1 5 2
417 234
1 11 2
443 268
1 4 2
81 268
1 12 2
153 139
1 9 2
3 319
1 6 2
266 15
1 3 2
481 132
1 15 2
347 129
1 8 2
365 156
1 14 2
444 376
1 12 2
44 380
1 15 2
397 39
1 9 2
396 37
1 14 2
37 255
1 3 2
457 44
1 4 2
127 374
1 3 2
49 352
1 11 2
257 133
1 12 2
467 297
1 2 2
148 67
1 7 2
23 389
1 2 2
367 83
1 6 2
433 87
1 4 2
240 420
1 14 2
463 172
1 2 2
210 188
1 5 2
61 33
1 13 2
106 10
1 8 2
52 292
1 4 2
56 267
1 5 2
318 86
1 14 2
473 397
1 3 2
484 341
1 15 2
472 449
1 11 2
83 492
1 13 2
280 265
1 2 2
204 88
1 11 2
30 368
1 10 2
390 89
1 12 2
68 10
1 10 2
470 120
1 12 2
348 428
1 15 2
290 477
1 12 2
303 278
1 10 2
81 487
1 4 2
495 488
1 14 2
15 63
1 10 2
116 278
1 6 2
436 401
1 2 2
335 241
1 15 2
120 422
1 6 2
450 311
1 15 2
373 163
1 4 2
95 319
1 13 2
215 248
1 12 2
157 124
1 8 2
483 499
1 12 2
347 462
1 13 2
452 162
1 4 2
26 98
1 10 2
158 488
1 11 2
269 113
1 11 2
264 98
1 10 2
296 81
1 9 2
372 170
1 12 2
327 197
1 5 2
330 64
1 10 2
335 282
1 9 2
267 461
1 9 2
181 428
1 5 2
96 178
1 5 2
152 102
1 11 2
433 237
1 6 2
270 417
1 2 2
117 245
1 9 2
404 64
1 8 2
426 79
1 8 2
244 55
1 2 2
380 346
1 15 2
317 159
1 13 2
458 462
1 3 2
437 122
1 12 2
425 416
1 14 2
447 215
1 15 2
367 220
1 15 2
227 467
1 7 2
439 297
1 4 2
205 260
1 11 2
156 151
1 2 2
368 225
1 10 2
359 247
1 13 2
462 233
1 7 2
19 424
1 6 2
76 291
1 9 2
155 482
1 10 2
61 40
1 8 2
305 414
1 13 2
474 35
1 15 2
207 339
1 8 2
344 270
1 15 2
188 191
1 7 2
133 24
1 7 2
495 314
1 8 2
151 20
1 13 2
340 310
1 14 2
107 65
1 5 2
92 116
1 4 2
457 382
1 10 2
491 364
1 2 2
418 17
1 14 2
436 9
1 13 2
388 212
1 3 2
60 162
1 7 2
378 155
1 12 2
421 123
1 14 2
247 74
1 2 2
325 185
1 7 2
255 419
1 6 2
286 62
1 8 2
79 30
1 14 2
46 111
1 10 2
440 472
1 11 2
499 497
1 6 2
377 210
1 11 2
152 136
1 12 2
251 482
1 13 2
187 307
1 15 2
53 482
1 3 2
213 212
1 12 2
268 367
1 3 2
380 92
1 11 2
205 370
1 6 2
354 47
1 3 2
184 259
1 12 2
326 145
1 15 2
324 188
1 11 2
13 271
1 13 2
361 383
1 9 2
353 187
1 14 2
407 119
1 5 2
8 167
1 5 2
104 12
1 6 2
445 278
1 10 2
242 8
1 2 2
497 482
1 8 2
329 60
1 13 2
45 171
1 5 2
8 408
1 14 2
133 22
1 12 2
330 168
1 3 2
11 19
1 15 2
491 316
1 7 2
249 84
1 4 2
499 185
1 4 2
293 319
1 6 2
127 143
1 10 2
109 481
1 6 2
274 35
1 8 2
146 248
1 9 2
173 206
1 8 2
441 297
1 4 2
385 15
1 15 2
57 428
1 7 2
148 307
1 12 2
443 445
1 10 2
16 267
1 5 2
3 232
1 14 2
137 232
1 12 2
268 40
1 8 2
304 439
1 5 2
239 435
1 12 2
22 450
1 4 2
150 319
1 5 2
103 418
1 3 2
389 433
1 9 2
261 69
1 15 2
365 61
1 5 2
142 454
1 10 2
391 124
1 7 2
148 226
1 9 2
156 135
1 14 2
483 324
1 3 2
31 53
1 3 2
341 224
1 10 2
228 294
1 7 2
380 84
1 12 2
140 441
1 4 2
361 95
1 2 2
382 354
1 9 2
416 257
1 14 2
100 193
1 12 2
454 191
1 11 2
305 290
1 5 2
353 38
1 5 2
150 498
1 2 2
495 272
1 15 2
263 184
1 8 2
69 241
1 2 2
267 181
1 2 2
445 76
1 12 2
63 285
1 13 2
413 406
1 3 2
375 203
1 12 2
99 190
1 8 2
379 307
1 9 2
153 264
1 15 2
133 192
1 3 2
427 374
1 4 2
288 117
1 9 2
493 263
1 13 2
24 201
1 6 2
364 306
1 2 2
336 15
1 8 2
297 469
1 3 2
308 382
1 7 2
286 389
1 4 2
246 7
1 13 2
468 47
1 6 2
430 229
1 4 2
59 410
1 3 2
148 42
1 9 2
298 282
1 8 2
359 300
1 2 2
401 385
1 9 2
73 485
1 4 2
311 160
1 8 2
231 432
1 8 2
456 340
1 9 2
291 25
1 14 2
385 403
1 10 2
291 199
1 8 2
146 315
1 11 2
376 136
1 8 2
140 294
1 2 2
200 422
1 8 2
213 229
1 13 2
242 438
1 13 2
455 26
1 15 2
211 482
1 12 2
89 101
1 12 2
131 156
1 10 2
251 319
1 7 2
319 159
1 3 2
34 452
1 11 2
47 70
1 11 2
239 53
1 5 2
34 348
1 12 2
371 442
1 3 2
445 135
1 3 2
66 82
1 9 2
55 93
1 7 2
236 413
1 8 2
364 386
1 12 2
242 440
1 11 2
344 385
1 12 2
157 438
1 2 2
496 138
1 8 2
163 86
1 7 2
120 405
1 4 2
341 228
1 5 2
177 218
1 7 2
430 192
1 7 2
39 142
1 13 2
243 484
1 10 2
484 253
1 3 2
452 296
1 2 2
463 470
1 5 2
79 198
1 8 2
152 345
1 14 2
71 44
1 11 2
173 391
1 3 2
55 75
1 3 2
56 346
1 4 2
389 452
1 9 2
344 471
1 3 2
319 354
1 10 2
115 445
1 13 2
491 376
1 5 2
145 242
1 15 2
83 316
1 5 2
481 287
1 8 2
346 358
1 14 2
68 23
1 2 2
164 83
1 5 2
43 252
1 14 2
346 201
1 12 2
375 396
1 10 2
46 160
1 15 2
478 180
1 8 2
50 312
1 14 2
16 179
1 14 2
377 420
1 8 2
116 431
1 5 2
412 227
1 4 2
385 93
1 3 2
347 348
1 15 2
148 379
1 8 2
420 487
1 9 2
377 2
1 15 2
360 43
1 12 2
402 262
1 7 2
487 460
1 13 2
300 279
1 11 2
445 210
1 4 2
204 388
1 10 2
309 317
1 5 2
78 126
1 3 2
467 342
1 11 2
470 414
1 11 2
115 64
1 11 2
171 284
1 7 2
442 326
1 7 2
354 444
1 11 2
387 337
1 4 2
452 402
1 15 2
152 71
1 6 2
12 265
1 14 2
390 355
1 14 2
376 213
1 3 2
460 197
1 11 2
496 46
1 7 2
170 401
1 10 2
45 331
1 9 2
190 98
1 14 2
324 451
1 2 2
328 294
1 2 2
74 487
1 15 2
362 311
1 4 2
230 45
1 5 2
469 352
1 2 2
358 388
1 9 2
92 105
1 15 2
477 143
1 11 2
397 229
1 4 2
377 247
1 7 2
433 238
1 9 2
223 495
1 10 2
247 485
1 11 2
304 166
1 14 2
21 129
1 13 2
115 313
1 5 2
204 367
1 9 2
427 136
1 13 2
443 163
1 4 2
376 481
1 14 2
414 313
1 13 2
92 178
1 7 2
471 8
1 14 2
5 476
1 13 2
340 288
1 15 2
376 342
1 4 2
143 159
1 3 2
231 149
1 14 2
244 39
1 14 2
291 120
1 3 2
59 360
1 4 2
140 377
1 7 2
215 413
1 10 2
99 178
1 14 2
237 299
1 12 2
201 338
1 11 2
166 458
1 8 2
142 424
1 2 2
334 189
1 4 2
461 446
1 10 2
220 404
1 2 2
193 95
1 2 2
406 338
1 2 2
361 2
1 6 2
384 333
1 14 2
390 477
1 8 2
63 241
1 12 2
63 486
1 7 2
329 181
1 5 2
117 74
1 15 2
151 387
1 2 2
488 89
1 5 2
206 310
1 15 2
190 229
1 15 2
289 364
1 3 2
60 386
1 9 2
276 164
1 10 2
127 221
1 4 2
133 414
1 2 2
383 433
1 10 2
219 111
1 3 2
246 277
1 4 2
219 137
1 8 2
327 354
1 4 2
187 135
1 5 2
453 310
1 10 2
116 92
1 8 2
161 13
1 4 2
252 219
1 10 2
5 483
1 6 2
282 355
1 2 2
143 24
1 9 2
269 498
1 4 2
142 28
1 9 2
193 400
1 9 2
164 421
1 14 2
417 455
1 15 2
470 395
1 15 2
186 147
1 4 2
302 66
1 5 2
92 48
1 7 2
295 468
1 3 2
0 458
1 11 2
210 463
1 12 2
401 129
1 8 2
383 101
1 9 2
376 364
1 7 2
412 248
1 8 2
82 358
1 11 2
468 165
1 10 2
5 257
1 3 2
295 276
1 8 2
399 154
1 9 2
10 435
1 7 2
310 359
1 15 2
39 193
1 2 2
338 10
1 12 2
38 390
1 8 2
498 489
1 14 2
296 468
1 9 2
6 81
1 10 2
45 391
1 13 2
171 434
1 10 2
176 184
1 15 2
321 431
1 12 2
312 391
1 7 2
76 406
1 9 2
7 77
1 10 2
481 62
1 7 2
370 39
1 6 2
241 49
1 8 2
63 118
1 8 2
458 340
1 9 2
121 174
1 3 2
322 292
1 3 2
354 95
1 2 2
129 127
1 13 2
133 443
1 2 2
368 327
1 7 2
436 433
1 13 2
208 300
1 11 2
226 28
1 11 2
448 148
1 7 2
8 399
1 9 2
409 294
1 4 2
164 359
1 5 2
140 447
1 4 2
56 383
1 10 2
147 344
1 4 2
315 183
1 4 2
141 414
1 11 2
379 223
1 8 2
231 204
1 7 2
30 316
1 6 2
454 287
1 14 2
128 449
1 8 2
330 39
1 4 2
131 261
1 13 2
475 470
1 6 2
108 333
1 11 2
11 234
1 5 2
390 499
1 8 2
164 495
1 4 2
149 180
1 10 2
486 377
1 13 2
35 267
1 13 2
203 290
1 2 2
29 346
1 15 2
254 10
1 11 2
83 474
1 10 2
490 173
1 3 2
295 491
1 4 2
207 325
1 13 2
273 224
1 13 2
30 490
1 4 2
258 455
1 15 2
233 67
1 13 2
265 266
1 13 2
328 492
1 10 2
211 199
1 14 2
39 160
1 13 2
484 464
1 8 2
430 189
1 13 2
307 82
1 3 2
299 498
1 2 2
1 44
1 10 2
317 56
1 7 2
161 83
1 4 2
446 471
1 5 2
58 369
1 4 2
358 111
1 6 2
405 12
1 2 2
82 338
1 15 2
96 193
1 5 2
407 328
1 3 2
480 119
1 15 2
132 495
1 3 2
388 268
1 8 2
107 55
1 10 2
246 60
1 10 2
220 478
1 10 2
443 177
1 8 2
329 240
1 8 2
406 181
1 3 2
411 351
1 2 2
307 88
1 7 2
119 216
1 4 2
275 366
1 12 2
467 215
1 8 2
326 354
1 15 2
199 440
1 7 2
254 495
1 2 2
260 496
1 3 2
440 484
1 13 2
130 64
1 8 2
191 474
1 10 2
460 118
1 7 2
487 224
1 3 2
1 285
1 3 2
150 419
1 5 2
344 219
1 6 2
104 117
1 12 2
73 147
1 15 2
131 160
1 11 2
335 148
1 5 2
324 235
1 2 2
171 403
1 10 2
93 401
1 12 2
46 155
1 13 2
116 103
1 8 2
124 303
1 2 2
217 363
1 12 2
329 389
1 5 2
235 61
1 15 2
167 246
1 10 2
185 200
1 3 2
383 6
1 11 2
103 70
1 3 2
53 483
1 10 2
424 289
1 10 2
400 45
1 11 2
395 365
1 3 2
235 118
1 8 2
484 124
1 4 2
143 216
1 10 2
387 317
1 6 2
416 234
1 11 2
99 440
1 9 2
395 47
1 10 2
249 175
1 15 2
197 201
1 11 2
42 180
1 9 2
247 329
1 15 2
152 17
1 4 2
435 198
1 5 2
309 169
1 11 2
217 122
1 6 2
61 159
1 4 2
421 349
1 6 2
186 210
1 15 2
165 249
1 13 2
159 312
1 15 2
165 144
1 10 2
390 364
1 4 2
252 121
1 15 2
102 395
1 10 2
93 380
1 4 2
340 214
1 6 2
413 67
1 7 2
31 32
1 7 2
266 397
1 12 2
436 156
1 15 2
341 371
1 2 2
76 136
1 2 2
92 49
1 11 2
44 84
1 11 2
147 372
1 2 2
157 166
1 4 2
202 317
1 15 2
131 63
1 14 2
314 36
1 8 2
356 426
1 12 2
498 438
1 7 2
56 408
1 3 2
359 169
1 15 2
340 423
1 15 2
224 388
1 8 2
302 331
1 2 2
241 219
1 4 2
198 485
1 6 2
324 144
1 11 2
220 367
1 7 2
155 34
1 12 2
357 432
1 3 2
315 471
1 8 2
43 128
1 2 2
186 411
1 13 2
16 385
1 2 2
443 381
1 11 2
70 415
1 12 2
14 290
1 9 2
383 123
1 14 2
255 107
1 8 2
403 283
1 12 2
316 227
1 2 2
470 329
1 11 2
492 488
1 3 2
90 205
1 9 2
418 213
1 14 2
213 315
1 4 2
327 36
1 9 2
273 312
1 12 2
60 183
1 9 2
273 276
1 12 2
459 236
1 3 2
55 474
1 8 2
350 35
1 11 2
139 337
1 10 2
179 397
1 12 2
374 43
1 8 2
331 120
1 9 2
285 290
1 7 2
177 39
1 7 2
453 187
1 14 2
233 216
1 13 2
222 51
1 2 2
395 499
1 2 2
29 374
1 13 2
249 294
1 15 2
69 417
1 3 2
133 26
1 2 2
223 61
1 2 2
217 35
1 8 2
217 461
1 10 2
78 332
1 13 2
357 196
1 8 2
66 445
1 3 2
204 396
1 14 2
18 181
1 5 2
378 50
1 5 2
47 410
1 2 2
112 332
1 10 2
39 121
1 4 2
227 426
1 8 2
256 263
1 15 2
465 159
1 2 2
157 280
1 13 2
16 86
1 4 2
292 70
1 8 2
139 494
1 2 2
70 245
1 9 2
295 430
1 6 2
118 244
1 7 2
451 351
1 7 2
316 280
1 15 2
247 52
1 5 2
497 165
1 12 2
332 258
1 10 2
72 307
1 12 2
27 411
1 8 2
289 5
1 13 2
453 413
1 4 2
240 368
1 10 2
12 348
1 2 2
169 185
1 12 2
453 236
1 10 2
19 94
1 2 2
347 172
1 11 2
99 187
1 10 2
243 307
1 8 2
357 157
1 8 2
45 326
1 8 2
429 150
1 6 2
257 470
1 10 2
219 183
1 8 2
137 240
1 2 2
289 438
1 10 2
118 413
1 12 2
203 429
1 5 2
98 315
1 12 2
44 490
1 14 2
19 472
1 10 2
102 177
1 14 2
245 153
1 11 2
441 204
1 2 2
271 217
1 11 2
102 169
1 4 2
236 381
1 14 2
461 370
1 6 2
424 412
1 2 2
224 227
1 13 2
189 408
1 6 2
397 404
1 14 2
362 165
1 9 2
333 405
1 7 2
136 370
1 4 2
328 240
1 12 2
154 318
1 4 2
159 113
1 15 2
53 247
1 15 2
53 411
1 14 2
468 192
1 15 2
358 343
1 9 2
381 222
1 4 2
14 243
1 15 2
26 441
1 6 2
341 441
1 7 2
197 345
1 2 2
276 164
1 6 2
154 160
1 13 2
35 50
1 6 2
25 497
1 15 2
130 156
1 11 2
309 457
1 8 2
491 368
1 5 2
272 475
1 14 2
414 109
1 11 2
215 96
1 10 2
98 57
1 7 2
279 415
1 7 2
87 108
1 7 2
9 67
1 7 2
365 292
1 8 2
273 384
1 13 2
225 83
1 12 2
202 6
1 6 2
251 111
1 4 2
63 233
1 7 2
203 415
1 10 2
492 422
1 10 2
466 384
1 7 2
418 186
1 3 2
316 200
1 10 2
49 50
1 9 2
469 315
1 11 2
331 38
1 11 2
433 285
1 6 2
475 241
1 4 2
73 114
1 13 2
111 405
1 13 2
170 181
1 5 2
319 208
1 4 2
441 147
1 15 2
88 268
1 13 2
407 68
1 8 2
443 485
1 6 2
420 288
1 10 2
134 392
1 15 2
148 226
1 9 2
21 254
1 7 2
388 198
1 10 2
356 475
1 7 2
121 323
1 3 2
363 85
1 14 2
290 254
1 12 2
232 361
1 13 2
457 314
1 10 2
124 136
1 11 2
276 491
1 5 2
374 232
1 10 2
79 65
1 6 2
161 198
1 5 2
1 366
1 5 2
74 261
1 2 2
119 292
1 3 2
20 335
1 2 2
118 238
1 8 2
33 48
1 2 2
147 135
1 4 2
489 81
1 9 2
299 450
1 13 2
427 85
1 3 2
417 452
1 4 2
463 179
1 12 2
263 13
1 5 2
62 79
1 9 2
178 263
1 5 2
92 454
1 2 2
147 165
1 10 2
415 138
1 5 2
233 325
1 3 2
261 449
1 3 2
105 154
1 5 2
321 425
1 4 2
463 308
1 7 2
78 283
1 9 2
443 335
1 10 2
326 458
1 15 2
287 105
1 14 2
279 423
1 14 2
445 395
1 13 2
361 72
1 9 2
331 19
1 10 2
165 486
1 2 2
281 111
1 2 2
51 266
1 8 2
410 496
1 8 2
16 57
1 15 2
174 363
1 10 2
57 383
1 15 2
266 445
1 3 2
175 466
1 2 2
348 289
1 4 2
424 175
1 10 2
97 481
1 8 2
126 233
1 8 2
364 87
1 7 2
18 166
1 2 2
210 119
1 13 2
438 19
1 15 2
93 241
1 2 2
328 256
1 2 2
240 379
1 10 2
75 276
1 7 2
239 107
1 2 2
28 334
1 6 2
78 389
1 14 2
435 150
1 15 2
118 231
1 14 2
372 49
1 11 2
38 294
1 4 2
32 454
1 15 2
70 131
1 10 2
329 365
1 12 2
61 34
1 9 2
172 46
1 10 2
246 150
1 12 2
125 492
1 2 2
349 136
1 12 2
499 357
1 11 2
79 360
1 11 2
157 357
1 10 2
306 474
1 8 2
182 447
1 13 2
180 91
1 6 2
499 254
1 15 2
62 394
1 6 2
77 5
1 14 2
179 353
1 2 2
180 323
1 5 2
431 30
1 5 2
419 322
1 7 2
1 304
1 10 2
369 140
1 10 2
163 378
1 11 2
276 200
1 8 2
471 327
1 5 2
386 161
1 8 2
231 126
1 7 2
256 46
1 8 2
165 224
1 2 2
497 215
1 7 2
257 66
1 9 2
145 172
1 13 2
395 293
1 14 2
204 22
1 4 2
141 435
1 2 2
115 273
1 7 2
337 477
1 3 2
240 174
1 7 2
164 429
1 8 2
151 322
1 7 2
13 248
1 2 2
64 242
1 8 2
63 21
1 8 2
305 31
1 8 2
298 225
1 13 2
212 292
1 2 2
5 161
1 10 2
276 495
1 3 2
183 388
1 5 2
240 330
1 4 2
205 258
1 9 2
211 144
1 11 2
403 205
1 6 2
340 190
1 9 2
310 298
1 13 2
367 334
1 6 2
24 57
1 6 2
425 403
1 12 2
324 185
1 15 2
443 189
1 13 2
389 440
1 15 2
122 391
1 4 2
307 396
1 5 2
252 427
1 15 2
158 240
1 2 2
498 440
1 2 2
481 393
1 8 2
381 99
1 6 2
381 340
1 15 2
414 460
1 6 2
163 443
1 13 2
226 328
1 5 2
263 305
1 11 2
193 242
1 7 2
276 456
1 9 2
88 109
1 4 2
57 174
1 13 2
119 484
1 10 2
374 352
1 12 2
128 48
1 11 2
349 86
1 14 2
24 267
1 15 2
272 298
1 6 2
411 318
1 6 2
109 101
1 9 2
344 496
1 3 2
236 370
1 12 2
334 354
1 6 2
462 314
1 10 2
125 2
1 2 2
390 271
1 12 2
395 121
1 10 2
323 26
1 3 2
65 92
1 9 2
100 120
1 9 2
307 458
1 2 2
468 68
1 13 2
377 444
1 14 2
148 432
1 9 2
228 81
1 14 2
124 61
1 5 2
235 451
1 9 2
387 478
1 7 2
169 342
1 6 2
338 392
1 14 2
400 87
1 13 2
340 268
1 4 2
4 3
1 5 2
386 306
1 9 2
495 304
1 11 2
423 177
1 6 2
392 65
1 13 2
350 352
1 8 2
180 467
1 10 2
393 191
1 5 2
289 328
1 7 2
120 26
1 12 2
244 206
1 6 2
460 338
1 5 2
271 481
1 8 2
90 19
1 8 2
76 367
1 6 2
14 115
1 13 2
426 473
1 13 2
130 70
1 6 2
111 128
1 14 2
494 82
1 3 2
251 105
1 8 2
302 310
1 6 2
72 292
1 4 2
264 379
1 11 2
8 355
1 7 2
353 160
1 7 2
354 289
1 11 2
486 181
1 10 2
143 141
1 6 2
499 189
1 7 2
181 401
1 7 2
326 283
1 3 2
483 391
1 2 2
273 408
1 11 2
237 293
1 5 2
10 127
1 6 2
312 350
1 13 2
233 48
1 3 2
222 410
1 8 2
273 348
1 4 2
295 484
1 15 2
387 91
1 14 2
4 214
1 4 2
284 383
1 8 2
417 61
1 15 2
58 272
1 9 2
131 189
1 8 2
198 268
1 14 2
20 248
1 5 2
252 53
1 11 2
195 193
1 8 2
329 41
1 3 2
9 84
1 6 2
321 106
1 5 2
36 377
1 13 2
449 459
1 8 2
461 398
1 10 2
421 60
1 12 2
256 394
1 12 2
120 490
1 12 2
63 355
1 14 2
442 1
1 15 2
316 42
1 5 2
468 258
1 14 2
379 95
1 4 2
351 442
1 13 2
240 263
1 12 2
410 175
1 3 2
261 213
1 15 2
179 136
1 2 2
37 10
1 2 2
358 143
1 6 2
210 413
1 4 2
373 483
1 9 2
271 141
1 7 2
495 3
1 6 2
63 349
1 14 2
67 435
1 11 2
265 126
1 11 2
325 392
1 15 2
396 217
1 5 2
347 442
1 14 2
219 356
1 11 2
425 363
1 6 2
353 157
1 8 2
451 306
1 11 2
429 426
1 8 2
149 240
1 7 2
233 343
1 14 2
275 386
1 2 2
79 123
1 8 2
7 23
1 9 2
197 186
1 2 2
355 429
1 15 2
64 141
1 12 2
32 399
1 9 2
24 371
1 6 2
158 180
1 13 2
101 393
1 8 2
325 106
1 13 2
107 225
1 12 2
485 356
1 4 2
310 264
1 8 2
288 352
1 15 2
315 477
1 5 2
145 55
1 4 2
452 476
1 2 2
225 414
1 14 2
223 322
1 10 2
495 407
1 11 2
196 173
1 7 2
423 236
1 9 2
123 451
1 12 2
116 361
1 5 2
8 259
1 5 2
289 269
1 12 2
405 308
1 10 2
132 289
1 10 2
159 372
1 15 2
315 28
1 8 2
224 220
1 11 2
315 203
1 9 2
301 2
1 13 2
130 77
1 11 2
331 34
1 9 2
102 332
1 12 2
389 208
1 15 2
160 31
1 9 2
6 473
1 11 2
215 463
1 4 2
149 304
1 4 2
146 314
1 9 2
448 181
1 8 2
406 413
1 2 2
136 12
1 15 2
81 113
1 11 2
318 283
1 7 2
199 451
1 3 2
241 120
1 11 2
367 454
1 4 2
186 142
1 6 2
273 345
1 4 2
357 38
1 5 2
100 361
1 8 2
442 360
1 6 2
42 221
1 8 2
21 29
1 9 2
269 364
1 10 2
174 413
1 9 2
429 199
1 3 2
386 78
1 12 2
10 265
1 7 2
71 422
1 13 2
240 83
1 10 2
358 37
1 5 2
237 222
1 6 2
478 312
1 4 2
172 303
1 8 2
473 323
1 14 2
360 239
1 12 2
482 339
1 7 2
206 19
1 12 2
339 427
1 8 2
20 0
1 5 2
305 97
1 4 2
293 215
1 2 2
390 48
1 12 2
425 174
1 13 2
435 282
1 7 2
121 131
1 7 2
245 287
1 10 2
287 296
1 15 2
415 186
1 12 2
328 327
1 13 2
310 226
1 4 2
181 80
1 10 2
318 267
1 14 2
336 499
1 14 2
397 477
1 3 2
401 395
1 8 2
377 261
1 7 2
214 95
1 2 2
373 5
1 14 2
460 11
1 5 2
240 487
1 12 2
323 54
1 11 2
294 346
1 12 2
403 58
1 11 2
396 357
1 7 2
120 276
1 2 2
459 351
1 7 2
237 308
1 6 2
304 21
1 13 2
85 208
1 2 2
402 307
1 6 2
497 223
1 12 2
390 495
1 11 2
277 312
1 8 2
282 471
1 4 2
488 34
1 8 2
397 499
1 10 2
210 426
1 10 2
49 256
1 7 2
329 44
1 10 2
159 471
1 5 2
379 481
1 6 2
132 266
1 9 2
464 196
1 2 2
404 494
1 15 2
7 154
1 14 2
48 312
1 8 2
304 142
1 8 2
352 6
1 10 2
291 460
1 10 2
228 329
1 9 2
17 28
1 6 2
123 155
1 8 2
350 16
1 5 2
162 167
1 13 2
317 403
1 7 2
67 425
1 2 2
33 445
1 8 2
130 496
1 5 2
416 310
1 7 2
273 143
1 8 2
454 27
1 8 2
244 326
1 13 2
454 458
1 3 2
286 162
1 6 2
133 447
1 8 2
59 474
1 5 2
110 382
1 3 2
362 474
1 3 2
409 185
1 2 2
103 226
1 12 2
89 336
1 10 2
257 38
1 5 2
365 94
1 4 2
72 69
1 4 2
93 84
1 3 2
261 342
1 6 2
352 152
1 11 2
212 113
1 14 2
237 159
1 11 2
242 119
1 2 2
268 103
1 7 2
373 271
1 3 2
266 165
1 2 2
448 169
1 2 2
447 313
1 2 2
202 192
1 5 2
202 302
1 12 2
72 67
1 11 2
181 191
1 13 2
323 206
1 9 2
30 215
1 11 2
298 47
1 12 2
177 149
1 4 2
375 347
1 6 2
37 268
1 6 2
103 336
1 15 2
377 133
1 10 2
474 67
1 5 2
326 75
1 3 2
140 80
1 7 2
393 232
1 8 2
471 367
1 5 2
39 28
1 11 2
264 154
1 11 2
243 8
1 15 2
99 118
1 11 2
28 42
1 8 2
410 432
1 6 2
55 282
1 2 2
347 16
1 13 2
148 17
1 10 2
52 275
1 7 2
236 90
1 4 2
256 191
1 6 2
224 124
1 8 2
224 495
1 10 2
452 453
1 4 2
445 381
1 2 2
173 157
1 9 2
372 318
1 11 2
11 163
1 8 2
265 9
1 11 2
17 443
1 12 2
314 145
1 11 2
327 408
1 8 2
214 311
1 13 2
394 373
1 10 2
308 318
1 3 2
363 297
1 7 2
354 126
1 6 2
269 125
1 13 2
368 134
1 3 2
357 324
1 9 2
477 370
1 2 2
375 289
1 7 2
278 375
1 7 2
13 263
1 14 2
264 280
1 4 2
250 391
1 8 2
436 468
1 14 2
272 346
1 14 2
381 281
1 2 2
246 296
1 6 2
274 178
1 9 2
490 173
1 9 2
365 423
1 13 2
24 387
1 11 2
305 187
1 6 2
448 174
1 5 2
467 375
1 4 2
41 442
1 6 2
201 481
1 9 2
17 73
1 13 2
429 119
1 12 2
293 42
1 15 2
363 468
1 10 2
370 330
1 12 2
92 12
1 5 2
438 120
1 2 2
12 471
1 2 2
465 206
1 14 2
361 330
1 11 2
471 344
1 6 2
89 490
1 4 2
347 9
1 7 2
235 256
1 15 2
23 74
1 15 2
199 361
1 7 2
330 348
1 12 2
365 220
1 11 2
91 304
1 14 2
303 182
1 14 2
374 166
1 10 2
440 378
1 2 2
428 223
1 12 2
242 97
1 3 2
399 70
1 11 2
237 420
1 3 2
184 366
1 14 2
164 433
1 7 2
108 179
1 10 2
244 445
1 15 2
235 94
1 12 2
206 353
1 7 2
350 173
1 15 2
269 95
1 12 2
55 395
1 4 2
451 488
1 6 2
54 318
1 3 2
68 156
1 9 2
165 250
1 15 2
468 326
1 13 2
15 66
1 7 2
93 221
1 11 2
15 247
1 3 2
402 475
1 7 2
465 44
1 15 2
51 233
1 12 2
352 476
1 9 2
86 415
1 10 2
157 9
1 10 2
113 419
1 9 2
394 413
1 9 2
271 202
1 6 2
473 471
1 3 2
92 0
1 8 2
333 485
1 15 2
386 89
1 3 2
455 361
1 13 2
250 357
1 11 2
349 94
1 12 2
424 234
1 11 2
312 246
1 12 2
136 459
1 6 2
344 145
1 13 2
268 469
1 14 2
441 5
1 3 2
223 403
1 4 2
54 69
1 10 2
240 178
1 2 2
91 215
1 6 2
488 148
1 3 2
268 257
1 8 2
281 308
1 11 2
432 483
1 15 2
90 168
1 12 2
67 31
1 15 2
369 2
1 15 2
349 374
1 6 2
377 74
1 11 2
344 230
1 7 2
232 410
1 8 2
62 292
1 4 2
178 341
1 7 2
213 327
1 13 2
403 199
1 11 2
204 173
1 2 2
74 178
1 3 2
74 94
1 6 2
255 152
1 3 2
153 484
1 4 2
374 324
1 8 2
15 339
1 2 2
202 211
1 8 2
29 307
1 2 2
361 121
1 3 2
482 6
1 11 2
202 496
1 6 2
356 128
1 6 2
126 453
1 11 2
424 32
1 5 2
167 178
1 2 2
457 103
1 8 2
79 446
1 7 2
55 43
1 12 2
351 205
1 15 2
229 285
1 9 2
67 69
1 3 2
351 104
1 5 2
189 204
1 12 2
83 170
1 8 2
215 21
1 9 2
482 187
1 10 2
343 305
1 11 2
492 494
1 6 2
165 52
1 15 2
288 350
1 6 2
313 141
1 5 2
228 120
1 3 2
313 165
1 11 2
26 41
1 15 2
374 463
1 3 2
499 72
1 12 2
138 153
1 4 2
461 281
1 11 2
148 362
1 14 2
425 251
1 15 2
198 31
1 8 2
297 268
1 14 2
238 43
1 8 2
457 267
1 14 2
323 190
1 2 2
107 210
1 14 2
204 464
1 13 2
63 405
1 15 2
333 122
1 15 2
420 139
1 11 2
25 446
1 8 2
408 224
1 2 2
142 137
1 10 2
228 444
1 7 2
353 373
1 3 2
493 186
1 7 2
205 89
1 14 2
183 12
1 11 2
248 29
1 12 2
96 105
1 8 2
360 42
1 3 2
29 208
1 14 2
276 83
1 6 2
84 23
1 7 2
237 412
1 5 2
48 163
1 13 2
269 118
1 5 2
352 249
1 8 2
481 284
1 10 2
353 16
1 12 2
396 173
1 7 2
122 8
1 5 2
231 73
1 5 2
222 413
1 14 2
446 419
1 15 2
417 410
1 8 2
86 88
1 5 2
289 92
1 6 2
221 251
1 6 2
472 417
1 15 2
409 185
1 6 2
49 373
1 14 2
131 18
1 8 2
267 392
1 6 2
475 178
1 11 2
144 148
1 9 2
355 313
1 7 2
4 9
1 3 2
81 465
1 3 2
67 144
1 12 2
401 164
1 2 2
90 144
1 2 2
276 15
1 12 2
384 374
1 2 2
97 259
1 9 2
47 378
1 12 2
142 67
1 4 2
141 339
1 3 2
177 365
1 15 2
35 91
1 14 2
291 49
1 12 2
120 40
1 10 2
67 273
1 3 2
263 120
1 13 2
52 261
1 14 2
74 155
1 10 2
101 188
1 10 2
115 27
1 12 2
255 394
1 13 2
166 147
1 2 2
10 379
1 5 2
433 345
1 6 2
293 495
1 7 2
348 409
1 2 2
361 44
1 4 2
270 357
1 11 2
356 309
1 15 2
497 195
1 9 2
435 423
1 13 2
296 376
1 10 2
332 47
1 5 2
163 168
1 4 2
46 21
1 10 2
298 108
1 11 2
130 426
1 5 2
280 349
1 5 2
430 468
1 8 2
24 464
1 11 2
371 367
1 3 2
131 312
1 10 2
474 123
1 6 2
108 474
1 10 2
470 118
1 9 2
499 434
1 2 2
409 185
1 12 2
203 267
1 5 2
81 303
1 9 2
224 124
1 11 2
115 374
1 6 2
467 187
1 2 2
158 129
1 2 2
325 339
1 13 2
369 304
1 8 2
297 256
1 4 2
275 166
1 7 2
6 89
1 3 2
22 476
1 5 2
421 399
1 2 2
158 102
1 3 2
441 365
1 14 2
128 308
1 7 2
460 305
1 12 2
477 392
1 12 2
280 188
1 12 2
290 130
1 6 2
2 310
1 10 2
447 202
1 14 2
382 236
1 8 2
492 143
1 8 2
126 27
1 12 2
122 233
1 13 2
440 439
1 12 2
67 254
1 10 2
334 219
1 8 2
211 302
1 7 2
370 189
1 9 2
485 181
1 5 2
319 158
1 9 2
487 197
1 9 2
485 278
1 15 2
145 286
1 11 2
448 144
1 3 2
460 12
1 15 2
261 167
1 7 2
404 416
1 14 2
298 292
1 9 2
210 348
1 5 2
94 16
1 10 2
236 445
1 15 2
317 266
1 3 2
222 424
1 13 2
341 249
1 2 2
79 51
1 6 2
349 245
1 10 2
255 162
1 14 2
476 101
1 15 2
372 321
1 3 2
92 85
1 6 2
420 61
1 5 2
175 384
1 13 2
403 432
1 11 2
25 201
1 6 2
56 485
1 8 2
233 315
1 5 2
53 305
1 3 2
40 397
1 8 2
388 212
1 5 2
423 326
1 14 2
458 98
1 3 2
230 345
1 10 2
220 16
1 9 2
268 300
1 5 2
153 263
1 8 2
82 6
1 10 2
321 459
1 2 2
86 415
1 12 2
191 410
1 7 2
365 4
1 12 2
22 173
1 10 2
205 297
1 4 2
196 433
1 10 2
471 326
1 13 2
68 32
1 4 2
341 221
1 5 2
493 486
1 12 2
435 472
1 15 2
356 183
1 15 2
95 353
1 4 2
349 218
1 15 2
256 230
1 13 2
176 303
1 2 2
289 16
1 4 2
481 117
1 6 2
145 462
1 12 2
443 492
1 13 2
150 225
1 9 2
67 409
1 14 2
143 14
1 14 2
48 238
1 13 2
201 46
1 9 2
198 466
1 2 2
15 175
1 15 2
289 335
1 3 2
460 443
1 9 2
321 248
1 11 2
132 241
1 2 2
383 317
1 4 2
294 264
1 15 2
220 42
1 12 2
235 92
1 4 2
409 72
1 10 2
195 406
1 15 2
88 2
1 9 2
7 307
1 5 2
299 161
1 11 2
24 298
1 11 2
287 125
1 14 2
399 348
1 13 2
265 190
1 15 2
71 336
1 5 2
319 147
1 9 2
209 55
1 10 2
371 126
1 8 2
309 89
1 8 2
325 202
1 4 2
493 327
1 12 2
488 279
1 6 2
401 254
1 12 2
483 208
1 8 2
100 113
1 12 2
142 395
1 8 2
55 472
1 4 2
1 121
1 8 2
90 42
1 13 2
484 420
1 12 2
311 289
1 13 2
177 157
1 9 2
141 371
1 3 2
152 465
1 13 2
41 236
1 5 2
387 2
1 6 2
117 261
1 6 2
260 325
1 3 2
76 296
1 12 2
380 385
1 13 2
323 277
1 13 2
133 424
1 6 2
280 121
1 6 2
372 307
1 2 2
473 142
1 11 2
300 283
1 2 2
436 335
1 12 2
205 357
1 9 2
444 8
1 2 2
424 343
1 12 2
433 396
1 7 2
159 5
1 10 2
405 446
1 5 2
250 55
1 4 2
382 269
1 3 2
399 366
1 3 2
209 457
1 11 2
266 202
1 4 2
224 445
1 5 2
273 377
1 15 2
386 71
1 11 2
54 73
1 14 2
54 199
1 13 2
361 396
1 4 2
484 234
1 15 2
265 368
1 5 2
287 81
1 11 2
431 176
1 15 2
263 1
1 5 2
336 454
1 6 2
456 491
1 2 2
492 235
1 14 2
84 64
1 9 2
242 392
1 12 2
93 50
1 14 2
271 57
1 13 2
276 305
1 11 2
50 200
1 7 2
12 171
1 13 2
167 58
1 8 2
312 177
1 15 2
423 477
1 8 2
387 316
1 11 2
480 301
1 5 2
321 457
1 15 2
274 332
1 8 2
119 423
1 10 2
130 302
1 11 2
310 89
1 14 2
57 95
1 11 2
391 132
1 10 2
475 424
1 2 2
166 412
1 9 2
170 220
1 5 2
58 278
1 15 2
317 2
1 8 2
98 392
1 6 2
218 100
1 7 2
481 271
1 11 2
218 452
1 2 2
430 47
1 7 2
441 178
1 2 2
194 33
1 15 2
291 164
1 13 2
253 9
1 3 2
19 393
1 13 2
436 250
1 8 2
483 68
1 2 2
320 329
1 9 2
337 443
1 3 2
455 253
1 4 2
426 140
1 9 2
248 96
1 11 2
94 263
1 13 2
253 166
1 4 2
337 236
1 6 2
12 304
1 8 2
42 247
1 6 2
99 259
1 4 2
363 486
1 3 2
62 491
1 13 2
420 183
1 11 2
58 53
1 9 2
476 466
1 2 2
92 337
1 15 2
46 457
1 7 2
302 58
1 12 2
216 434
1 9 2
70 253
1 2 2
298 417
1 10 2
374 326
1 8 2
280 343
1 13 2
121 462
1 8 2
332 137
1 12 2
371 310
1 15 2
455 51
1 7 2
375 461
1 11 2
412 398
1 5 2
40 207
1 8 2
412 251
1 4 2
221 213
1 5 2
276 26
1 13 2
129 272
1 9 2
328 2
1 7 2
253 287
1 15 2
292 417
1 2 2
116 419
1 13 2
394 152
1 2 2
3 299
1 5 2
427 156
1 6 2
197 368
1 8 2
451 336
1 2 2
395 483
1 8 2
201 283
1 3 2
170 85
1 12 2
447 157
1 12 2
166 126
1 15 2
458 48
1 4 2
21 493
1 2 2
400 429
1 4 2
227 412
1 4 2
85 137
1 5 2
473 470
1 14 2
247 154
1 4 2
205 226
1 8 2
97 231
1 8 2
230 95
1 9 2
317 364
1 9 2
72 233
1 4 2
349 83
1 3 2
266 363
1 11 2
377 255
1 4 2
238 309
1 11 2
159 452
1 8 2
421 255
1 4 2
211 261
1 9 2
370 433
1 11 2
108 462
1 15 2
77 498
1 6 2
384 235
1 2 2
392 450
1 5 2
251 450
1 6 2
95 305
1 14 2
310 301
1 3 2
284 242
1 9 2
385 329
1 4 2
277 54
1 6 2
325 82
1 6 2
383 478
1 9 2
166 369
1 7 2
206 467
1 2 2
72 8
1 10 2
487 263
1 13 2
159 473
1 14 2
332 329
1 11 2
463 167
1 7 2
44 253
1 11 2
300 463
1 12 2
30 494
1 13 2
13 15
1 6 2
461 382
1 10 2
368 393
1 11 2
262 229
1 8 2
451 164
1 11 2
318 428
1 13 2
306 403
1 5 2
463 58
1 13 2
411 154
1 10 2
100 106
1 6 2
99 477
1 10 2
304 201
1 3 2
15 406
1 13 2
92 3
1 12 2
198 330
1 6 2
79 295
1 9 2
139 306
1 11 2
291 88
1 13 2
362 388
1 3 2
416 398
1 10 2
492 121
1 7 2
284 382
1 7 2
165 275
1 13 2
448 68
1 14 2
216 371
1 7 2
75 180
1 9 2
490 146
1 12 2
314 77
1 3 2
303 255
1 13 2
286 346
1 9 2
150 496
1 2 2
267 41
1 5 2
113 462
1 6 2
237 79
1 15 2
72 441
1 14 2
168 413
1 15 2
374 241
1 14 2
98 254
1 14 2
356 465
1 9 2
85 204
1 11 2
224 390
1 7 2
275 388
1 14 2
90 40
1 12 2
220 449
1 4 2
209 28
1 9 2
375 400
1 15 2
306 314
1 13 2
125 383
1 14 2
13 64
1 9 2
226 493
1 12 2
94 138
1 5 2
111 113
1 12 2
129 407
1 5 2
232 127
1 9 2
461 354
1 3 2
154 157
1 12 2
67 222
1 8 2
410 42
1 4 2
179 204
1 12 2
220 486
1 9 2
373 30
1 15 2
338 336
1 7 2
88 433
1 8 2
404 53
1 7 2
47 5
1 12 2
21 413
1 3 2
81 498
1 10 2
30 114
1 15 2
245 78
1 15 2
494 364
1 8 2
23 227
1 12 2
215 386
1 5 2
26 139
1 3 2
90 436
1 6 2
111 412
1 2 2
10 114
1 14 2
187 376
1 5 2
57 364
1 9 2
388 318
1 15 2
236 188
1 5 2
128 182
1 3 2
455 354
1 3 2
102 368
1 8 2
173 409
1 12 2
80 82
1 9 2
207 67
1 11 2
122 65
1 13 2
47 103
1 9 2
230 468
1 14 2
435 25
1 3 2
405 322
1 14 2
68 98
1 9 2
203 444
1 2 2
274 227
1 5 2
224 249
1 4 2
67 28
1 10 2
43 381
1 2 2
388 375
1 11 2
464 445
1 11 2
408 479
1 11 2
372 121
1 10 2
359 145
1 4 2
90 144
1 4 2
380 172
1 12 2
243 355
1 15 2
271 172
1 12 2
495 452
1 5 2
284 382
1 15 2
194 38
1 10 2
143 51
1 6 2
201 121
1 8 2
124 400
1 10 2
441 421
1 4 2
22 302
1 8 2
452 199
1 13 2
176 298
1 14 2
292 397
1 2 2
19 220
1 3 2
217 169
1 5 2
88 164
1 7 2
197 492
1 9 2
307 220
1 3 2
475 286
1 8 2
325 175
1 14 2
63 123
1 4 2
67 350
1 12 2
298 379
1 2 2
164 266
1 3 2
156 332
1 9 2
320 174
1 3 2
444 238
1 5 2
462 175
1 4 2
467 44
1 7 2
274 347
1 12 2
212 107
1 13 2
288 274
1 15 2
142 42
1 14 2
310 336
1 7 2
353 456
1 10 2
33 155
1 14 2
431 123
1 14 2
143 496
1 12 2
463 256
1 10 2
180 237
1 2 2
424 167
1 7 2
136 217
1 2 2
292 123
1 14 2
132 27
1 6 2
134 173
1 13 2
488 312
1 6 2
322 455
1 11 2
117 281
1 7 2
201 487
1 4 2
122 127
1 12 2
102 350
1 2 2
212 315
1 8 2
175 34
1 8 2
383 298
1 15 2
1 246
1 13 2
221 314
1 5 2
266 79
1 13 2
250 25
1 4 2
113 35
1 4 2
379 454
1 13 2
44 435
1 15 2
277 455
1 9 2
117 391
1 10 2
165 226
1 2 2
482 362
1 14 2
404 360
1 12 2
81 2
1 6 2
432 194
1 4 2
447 320
1 3 2
289 52
1 2 2
17 174
1 3 2
99 174
1 15 2
205 297
1 6 2
280 66
1 11 2
120 483
1 3 2
482 311
1 3 2
59 160
1 13 2
307 65
1 6 2
243 187
1 5 2
249 208
1 10 2
181 457
1 2 2
171 202
1 2 2
414 249
1 15 2
450 207
1 5 2
294 83
1 13 2
375 100
1 15 2
380 393
1 9 2
150 409
1 2 2
344 450
1 5 2
61 74
1 15 2
84 47
1 15 2
242 491
1 12 2
254 366
1 6 2
101 23
1 13 2
313 268
1 6 2
19 460
1 12 2
364 202
1 13 2
326 419
1 13 2
279 136
1 13 2
255 226
1 10 2
423 319
1 14 2
323 214
1 5 2
222 188
1 3 2
421 407
1 6 2
406 250
1 15 2
87 124
1 15 2
47 28
1 15 2
147 121
1 9 2
123 310
1 8 2
402 33
1 12 2
132 296
1 7 2
3 64
1 3 2
449 189
1 15 2
12 58
1 12 2
488 172
1 15 2
214 152
1 14 2
163 381
1 8 2
27 483
1 6 2
207 177
1 13 2
70 53
1 2 2
100 110
1 11 2
43 169
1 14 2
84 76
1 6 2
3 131
1 15 2
266 277
1 10 2
237 408
1 4 2
453 332
1 2 2
116 110
1 7 2
327 14
1 11 2
67 360
1 13 2
12 345
1 13 2
155 468
1 9 2
486 209
1 6 2
422 179
1 3 2
13 79
1 3 2
447 309
1 8 2
147 211
1 8 2
392 254
1 9 2
308 319
1 13 2
55 364
1 12 2
477 300
1 3 2
420 443
1 7 2
151 426
1 15 2
142 489
1 9 2
111 261
1 8 2
499 176
1 15 2
321 407
1 6 2
309 239
1 6 2
143 112
1 8 2
223 357
1 13 2
24 303
1 15 2
372 283
1 11 2
126 446
1 15 2
229 10
1 9 2
228 203
1 4 2
98 83
1 7 2
37 222
1 2 2
359 395
1 7 2
184 471
1 3 2
422 489
1 11 2
7 165
1 8 2
396 419
1 11 2
27 215
1 11 2
389 120
1 5 2
17 432
1 2 2
391 297
1 9 2
484 491
1 14 2
391 416
1 9 2
368 75
1 10 2
413 0
1 3 2
328 466
1 13 2
137 386
1 2 2
21 200
1 11 2
198 379
1 9 2
16 131
1 4 2
93 118
1 12 2
50 338
1 8 2
160 375
1 7 2
52 176
1 3 2
141 122
1 4 2
418 302
1 10 2
130 403
1 4 2
293 420
1 15 2
358 223
1 14 2
446 167
1 2 2
297 201
1 12 2
118 199
1 5 2
441 434
1 15 2
125 56
1 3 2
401 20
1 12 2
405 159
1 9 2
311 344
1 8 2
278 116
1 6 2
354 388
1 9 2
130 499
1 9 2
439 386
1 10 2
81 111
1 6 2
450 194
1 13 2
73 314
1 12 2
394 320
1 6 2
202 184
1 5 2
277 130
1 8 2
46 199
1 3 2
160 260
1 13 2
131 19
1 11 2
184 469
1 2 2
115 135
1 15 2
252 426
1 7 2
107 12
1 8 2
261 62
1 12 2
487 349
1 5 2
479 212
1 8 2
449 116
1 13 2
344 19
1 4 2
98 64
1 10 2
272 238
1 12 2
406 475
1 9 2
433 42
1 9 2
234 284
1 2 2
343 123
1 14 2
464 82
1 8 2
169 271
1 7 2
6 294
1 5 2
11 433
1 7 2
317 473
1 6 2
447 14
1 5 2
124 471
1 2 2
7 415
1 3 2
441 128
1 7 2
99 457
1 8 2
57 113
1 7 2
226 154
1 5 2
463 373
1 6 2
296 495
1 8 2
76 272
1 5 2
345 54
1 12 2
395 143
1 15 2
262 205
1 4 2
411 303
1 14 2
37 26
1 6 2
126 291
1 4 2
65 467
1 2 2
148 380
1 6 2
300 1
1 11 2
155 10
1 15 2
85 262
1 14 2
494 169
1 13 2
266 307
1 3 2
142 482
1 6 2
318 104
1 2 2
253 16
1 14 2
138 476
1 15 2
147 157
1 13 2
110 166
1 8 2
382 210
1 10 2
253 448
1 15 2
453 221
1 4 2
110 440
1 13 2
98 393
1 14 2
191 205
1 8 2
148 386
1 6 2
200 430
1 15 2
314 356
1 8 2
403 198
1 4 2
57 104
1 4 2
284 462
1 15 2
337 21
1 2 2
267 66
1 13 2
440 94
1 4 2
49 460
1 10 2
446 76
1 10 2
329 141
1 3 2
64 118
1 12 2
144 266
1 12 2
35 201
1 3 2
413 135
1 7 2
457 180
1 2 2
418 61
1 2 2
65 22
1 14 2
182 98
1 3 2
40 170
1 3 2
464 343
1 13 2
1 492
1 6 2
232 76
1 4 2
73 341
1 9 2
190 348
1 8 2
457 249
1 4 2
251 461
1 9 2
299 316
1 13 2
255 326
1 11 2
282 7
1 14 2
448 6
1 13 2
262 0
1 8 2
473 16
1 15 2
368 160
1 8 2
212 319
1 9 2
100 349
1 2 2
90 112
1 7 2
326 485
1 15 2
13 370
1 9 2
247 179
1 5 2
220 117
1 5 2
218 217
1 15 2
238 227
1 9 2
452 459
1 12 2
446 22
1 12 2
406 322
1 15 2
248 160
1 11 2
347 22
1 5 2
457 486
1 5 2
111 145
1 13 2
79 359
1 11 2
349 174
1 6 2
402 43
1 12 2
256 244
1 11 2
107 113
1 15 2
48 143
1 3 2
110 88
1 8 2
236 176
1 9 2
460 189
1 8 2
99 329
1 7 2
351 85
1 10 2
48 433
1 15 2
188 187
1 6 2
193 114
1 3 2
22 440
1 12 2
92 324
1 7 2
86 195
1 3 2
399 436
1 3 2
330 491
1 10 2
268 233
1 13 2
390 325
1 11 2
48 348
1 12 2
137 322
1 8 2
422 232
1 3 2
441 359
1 5 2
437 436
1 8 2
346 482
1 4 2
332 453
1 13 2
434 335
1 3 2
282 398
1 15 2
66 335
1 3 2
415 300
1 6 2
370 30
1 14 2
405 390
1 8 2
1 214
1 3 2
461 117
1 3 2
480 216
1 14 2
281 452
