500 4000 1500
23 11 16 12 9 12 8 8 10 7 24 15 25 20 22 22 9 18 14 11 15 14 7 21 5 19 8 25 9 6 19 17 19 25 11 17 13 14 25 17 15 19 17 14 24 16 17 25 23 24 5 11 19 5 10 22 14 12 14 11 12 22 11 22 13 12 6 14 9 24 19 25 8 13 17 16 10 9 15 11 13 19 18 7 15 5 23 12 11 21 20 14 13 22 19 5 20 15 8 25 9 5 17 18 25 18 24 22 18 8 8 8 23 18 25 14 14 23 7 15 18 21 11 14 16 5 9 18 21 19 9 15 23 25 8 6 15 6 22 6 22 11 17 17 12 23 8 19 14 11 20 13 16 11 7 9 24 20 18 24 14 21 25 16 10 25 6 11 5 23 10 12 21 9 9 25 22 13 21 19 10 6 18 18 24 24 20 25 10 19 21 12 10 20 23 20 19 22 13 20 6 6 16 6 5 6 22 5 10 5 16 11 22 16 16 12 17 22 5 16 5 10 14 11 12 17 9 16 8 15 13 13 8 25 6 15 5 17 7 14 22 6 5 15 13 21 22 16 23 9 13 24 19 14 13 22 6 10 6 23 18 6 15 18 5 17 15 7 16 10 22 8 14 23 5 24 9 8 23 24 13 24 18 9 18 14 16 10 14 24 14 23 16 6 6 22 18 22 9 19 20 15 9 7 19 12 22 9 6 8 22 6 23 19 25 20 23 20 16 21 5 13 10 11 22 15 6 25 8 20 10 19 16 17 16 5 8 11 7 7 19 5 11 11 5 6 9 25 5 18 20 10 5 21 16 18 8 17 17 16 20 22 16 8 7 19 14 6 17 6 22 6 24 19 12 15 19 21 23 25 20 25 12 17 5 23 5 22 22 11 17 5 20 8 19 16 13 7 7 25 10 25 6 13 8 17 17 24 13 21 13 23 9 25 14 21 14 6 9 21 19 10 13 25 21 13 11 17 23 11 23 21 12 5 9 25 16 22 14 6 22 23 10 8 24 8 18 21 15 20 6 24 20 9 23 5 20 13 20 18 25 23 16 20 24 17 7 7 20 16 7 18 10 23 7 18 14 11 5 24 8 11 25 15 10 14 6 13 24 19 14 19 10 7 21 20 14 23 11 5
3 15 10 4 12 17 11 12 4 7 8 17 12 19 20 10 8 7 6 16 10 3 5 14 15 16 5 10 11 6 19 6 12 3 12 19 5 12 4 6 4 17 15 11 6 12 17 19 5 12 19 10 16 4 4 5 4 4 10 10 9 3 14 15 7 3 10 11 14 19 19 5 20 12 12 17 14 12 8 17 9 11 4 7 3 3 15 9 8 3 15 17 5 14 20 11 7 12 14 14 12 10 10 17 5 5 13 19 16 20 15 16 11 19 17 7 6 12 5 6 18 14 20 6 15 14 12 13 7 15 19 19 14 17 9 19 14 19 17 19 14 17 13 16 17 18 9 6 17 16 7 9 9 7 20 15 7 18 12 11 5 15 3 19 15 10 9 13 7 19 6 5 10 10 9 6 4 10 3 14 6 14 8 7 9 18 11 3 6 6 18 19 8 15 16 18 10 7 10 6 20 12 19 11 11 6 15 6 9 17 18 4 9 4 9 9 9 8 20 9 14 6 8 13 10 8 15 16 3 8 19 20 9 18 4 18 7 8 8 11 14 20 18 7 19 19 17 20 8 12 17 6 3 19 18 16 9 17 13 16 11 12 13 12 13 4 20 13 14 9 11 9 16 12 6 6 15 20 3 15 13 3 16 16 4 13 6 16 5 19 3 11 20 12 6 20 9 19 8 11 13 19 5 6 20 10 11 9 9 20 15 15 13 18 17 13 20 15 12 9 3 11 9 14 15 19 14 3 3 5 16 14 19 10 20 3 19 19 3 6 5 3 12 13 6 14 17 12 3 11 16 8 14 8 4 16 19 13 10 8 7 18 5 18 7 19 4 7 14 17 14 7 4 8 11 17 20 18 11 7 16 18 6 5 8 14 7 5 13 13 17 13 13 10 13 12 16 11 13 14 8 11 7 20 9 7 13 19 5 19 10 18 18 9 4 10 17 18 5 11 6 12 4 12 19 14 16 5 17 8 13 17 8 13 8 6 3 20 9 7 5 9 5 5 7 15 14 3 12 13 19 7 6 20 20 20 17 20 3 12 16 10 17 4 16 4 4 17 17 8 20 9 4 15 20 13 13 18 10 11 6 13 9 15 9 17 10 6 14 9 19 3 8 7 20 8 6 9 5 15
1 8 2
232 474
1 15 2
425 357
1 9 2
30 128
1 15 2
71 486
1 2 2
363 347
1 15 2
296 344
1 10 2
474 350
1 6 2
282 105
1 2 2
225 488
1 9 2
316 261
1 10 2
48 422
1 11 2
156 190
1 11 2
443 472
1 13 2
340 287
1 5 2
397 236
1 3 2
352 110
1 11 2
113 263
1 12 2
474 441
1 2 2
298 96
1 7 2
376 236
1 9 2
210 372
1 2 2
440 363
1 7 2
213 30
1 3 2
32 455
1 2 2
21 247
1 5 2
57 366
1 10 2
234 95
1 2 2
300 9
1 4 2
430 391
1 14 2
160 77
1 2 2
18 167
1 10 2
87 260
1 2 2
332 377
1 13 2
112 37
1 3 2
71 326
1 5 2
76 318
1 15 2
301 21
1 2 2
142 372
1 15 2
246 137
1 14 2
392 225
1 12 2
2 253
1 2 2
284 207
1 12 2
258 453
1 6 2
326 309
1 6 2
157 9
1 6 2
242 366
1 13 2
221 267
1 11 2
234 394
1 5 2
495 177
1 3 2
206 356
1 3 2
487 309
1 4 2
117 315
1 11 2
4 384
1 8 2
326 24
1 9 2
473 7
1 4 2
170 382
1 10 2
5 79
1 2 2
123 395
1 10 2
370 463
1 14 2
468 407
1 4 2
421 88
1 14 2
390 242
1 12 2
221 366
1 9 2
472 72
1 7 2
324 336
1 14 2
10 305
1 15 2
437 243
1 5 2
413 104
1 5 2
433 255
1 4 2
336 427
1 4 2
489 79
1 8 2
369 275
1 10 2
375 160
1 13 2
380 285
1 8 2
219 0
1 7 2
372 291
1 8 2
263 39
1 12 2
97 463
1 7 2
144 335
1 10 2
104 224
1 15 2
414 441
1 4 2
61 275
1 5 2
245 49
1 10 2
146 306
1 15 2
194 240
1 8 2
342 314
1 5 2
406 251
1 4 2
188 492
1 7 2
173 105
1 13 2
353 329
1 3 2
294 52
1 4 2
344 245
1 5 2
284 424
1 3 2
65 451
1 9 2
307 291
1 10 2
435 65
1 13 2
451 256
1 7 2
363 288
1 8 2
88 150
1 12 2
206 18
1 2 2
190 159
1 12 2
6 23
1 15 2
191 162
1 11 2
448 102
1 10 2
497 224
1 9 2
294 53
1 11 2
433 390
1 7 2
202 288
1 14 2
438 122
1 8 2
156 83
1 14 2
100 272
1 10 2
149 116
1 2 2
156 325
1 8 2
214 168
1 12 2
110 206
1 14 2
265 145
1 14 2
355 15
1 7 2
11 135
1 3 2
165 303
1 12 2
373 87
1 2 2
29 18
1 10 2
37 159
1 7 2
152 313
1 4 2
404 208
1 3 2
427 49
1 2 2
180 172
1 13 2
29 273
1 11 2
389 461
1 5 2
35 197
1 5 2
229 256
1 7 2
288 497
1 8 2
213 134
1 10 2
476 82
1 11 2
461 44
1 12 2
85 231
1 9 2
268 237
1 8 2
408 482
1 13 2
45 432
1 3 2
436 238
1 13 2
227 485
1 2 2
213 202
1 6 2
468 407
1 15 2
298 128
1 5 2
298 59
1 15 2
472 442
1 12 2
362 212
1 12 2
192 34
1 10 2
435 86
1 13 2
106 171
1 14 2
224 125
1 6 2
220 387
1 2 2
265 134
1 12 2
431 6
1 10 2
371 161
1 4 2
468 169
1 13 2
82 380
1 13 2
253 128
1 4 2
0 98
1 6 2
393 67
1 5 2
204 122
1 4 2
495 214
1 8 2
336 499
1 11 2
387 433
1 4 2
427 270
1 2 2
327 68
1 14 2
63 345
1 11 2
13 485
1 9 2
83 97
1 10 2
174 53
1 2 2
351 459
1 10 2
391 299
1 4 2
471 120
1 14 2
117 156
1 8 2
226 168
1 4 2
323 52
1 6 2
144 341
1 4 2
328 396
1 15 2
132 425
1 2 2
210 76
1 7 2
154 106
1 8 2
449 236
1 9 2
179 187
1 4 2
400 103
1 7 2
18 135
1 3 2
388 175
1 10 2
4 101
1 4 2
336 223
1 15 2
272 424
1 10 2
459 293
1 11 2
280 42
1 8 2
307 473
1 9 2
51 477
1 7 2
18 466
1 11 2
385 180
1 3 2
147 120
1 13 2
312 392
1 12 2
143 450
1 14 2
5 430
1 13 2
339 106
1 5 2
66 4
1 6 2
21 156
1 2 2
436 7
1 3 2
65 308
1 14 2
290 191
1 5 2
199 156
1 7 2
172 132
1 3 2
137 89
1 10 2
74 498
1 4 2
323 101
1 2 2
80 388
1 10 2
320 185
1 8 2
64 36
1 12 2
158 334
1 6 2
206 86
1 15 2
382 33
1 7 2
90 422
1 13 2
349 52
1 4 2
166 387
1 15 2
221 90
1 11 2
193 283
1 3 2
477 495
1 8 2
312 98
1 9 2
425 57
1 13 2
461 114
1 15 2
443 392
1 2 2
367 124
1 2 2
288 99
1 13 2
184 465
1 10 2
468 400
1 12 2
417 311
1 10 2
89 415
1 5 2
54 223
1 3 2
334 137
1 2 2
325 203
1 14 2
230 176
1 4 2
195 344
1 12 2
283 484
1 4 2
444 373
1 7 2
314 332
1 2 2
38 342
1 4 2
242 377
1 14 2
397 74
1 3 2
486 481
1 15 2
293 107
1 6 2
355 318
1 4 2
475 436
1 3 2
292 54
1 4 2
422 79
1 15 2
180 250
1 10 2
418 119
1 13 2
372 231
1 6 2
146 34
1 5 2
283 314
1 9 2
144 228
1 12 2
404 408
1 4 2
204 227
1 14 2
217 52
1 9 2
145 211
1 6 2
477 490
1 10 2
358 142
1 10 2
204 72
1 15 2
83 275
1 7 2
230 152
1 3 2
408 343
1 14 2
251 5
1 3 2
47 30
1 10 2
273 395
1 7 2
260 426
1 9 2
296 56
1 5 2
115 102
1 12 2
332 490
1 7 2
343 164
1 2 2
161 317
1 13 2
5 168
1 7 2
4 169
1 15 2
344 218
1 8 2
231 468
1 4 2
275 44
1 9 2
399 68
1 13 2
49 478
1 7 2
107 55
1 9 2
290 207
1 3 2
158 467
1 8 2
273 35
1 7 2
455 465
1 4 2
434 66
1 13 2
139 32
1 5 2
256 124
1 12 2
166 412
1 4 2
16 55
1 9 2
339 361
1 6 2
230 452
1 11 2
330 473
1 9 2
241 472
1 11 2
113 372
1 7 2
116 197
1 5 2
192 46
1 3 2
15 378
1 5 2
275 122
1 6 2
457 437
1 15 2
138 258
1 4 2
51 463
1 15 2
187 364
1 13 2
345 445
1 3 2
6 364
1 11 2
130 64
1 10 2
21 414
1 12 2
478 120
1 5 2
347 15
1 12 2
332 278
1 4 2
145 372
1 5 2
384 487
1 8 2
181 294
1 11 2
379 257
1 11 2
5 236
1 2 2
256 85
1 2 2
336 485
1 12 2
390 243
1 10 2
450 489
1 8 2
415 371
1 9 2
363 300
1 4 2
418 243
1 13 2
423 455
1 8 2
179 466
1 12 2
435 451
1 2 2
284 131
1 4 2
393 470
1 5 2
352 315
1 5 2
496 304
1 5 2
295 138
1 4 2
318 369
1 8 2
217 334
1 4 2
132 163
1 12 2
399 95
1 6 2
338 439
1 14 2
398 15
1 13 2
401 323
1 10 2
36 362
1 4 2
156 344
1 4 2
402 92
1 8 2
18 237
1 13 2
263 456
1 15 2
420 412
1 7 2
373 37
1 12 2
180 490
1 15 2
5 52
1 9 2
220 313
1 14 2
359 11
1 8 2
313 93
1 9 2
390 397
1 11 2
126 222
1 13 2
300 108
1 3 2
235 263
1 5 2
258 403
1 2 2
312 273
1 14 2
317 24
1 9 2
83 419
1 10 2
413 462
1 10 2
209 117
1 14 2
191 468
1 8 2
446 108
1 4 2
319 438
1 2 2
489 217
1 8 2
463 277
1 12 2
104 291
1 15 2
341 474
1 7 2
351 317
1 11 2
246 494
1 9 2
137 323
1 5 2
486 311
1 12 2
330 274
1 2 2
190 442
1 4 2
119 496
1 9 2
224 369
1 13 2
39 294
1 4 2
37 433
1 6 2
356 15
1 10 2
201 291
1 7 2
348 272
1 13 2
86 203
1 7 2
165 311
1 4 2
109 285
1 2 2
312 374
1 14 2
76 252
1 13 2
316 202
1 6 2
352 450
1 3 2
459 482
1 11 2
108 155
1 3 2
255 331
1 11 2
369 460
1 2 2
361 311
1 8 2
389 411
1 9 2
377 393
1 13 2
63 2
1 11 2
237 408
1 12 2
265 342
1 2 2
50 295
1 9 2
152 258
1 2 2
465 143
1 9 2
282 328
1 2 2
182 277
1 7 2
0 358
1 14 2
50 69
1 5 2
195 185
1 14 2
106 260
1 4 2
327 102
1 12 2
47 102
1 10 2
8 425
1 6 2
292 220
1 15 2
401 391
1 7 2
147 365
1 14 2
110 426
1 15 2
178 309
1 2 2
116 147
1 5 2
128 249
1 9 2
281 106
1 11 2
328 355
1 13 2
278 108
1 13 2
58 443
1 15 2
459 238
1 9 2
246 28
1 8 2
355 58
1 7 2
362 183
1 3 2
215 395
1 14 2
453 448
1 15 2
395 43
1 11 2
258 303
1 13 2
151 426
1 12 2
291 458
1 9 2
397 181
1 7 2
135 227
1 7 2
136 159
1 10 2
144 491
1 9 2
169 469
1 10 2
225 481
1 3 2
326 198
1 10 2
361 416
1 14 2
70 209
1 8 2
187 441
1 5 2
196 58
1 7 2
253 244
1 15 2
359 424
1 9 2
324 342
1 12 2
324 79
1 8 2
0 245
1 5 2
105 65
1 7 2
36 361
1 4 2
384 70
1 6 2
342 183
1 15 2
66 267
1 3 2
90 422
1 5 2
324 211
1 4 2
18 91
1 14 2
236 247
1 12 2
361 238
1 2 2
142 355
1 12 2
273 475
1 2 2
140 436
1 9 2
9 234
1 10 2
193 157
1 11 2
367 179
1 15 2
335 198
1 4 2
434 131
1 11 2
260 239
1 10 2
289 298
1 8 2
222 326
1 13 2
144 482
1 2 2
6 150
1 3 2
204 431
1 8 2
308 16
1 14 2
497 17
1 12 2
390 1
1 13 2
133 118
1 12 2
124 417
1 5 2
309 234
1 12 2
81 391
1 9 2
469 463
1 7 2
97 342
1 7 2
59 125
1 6 2
412 480
1 10 2
166 18
1 4 2
173 34
1 7 2
370 278
1 11 2
233 204
1 13 2
483 34
1 2 2
430 439
1 15 2
412 158
1 11 2
459 442
1 13 2
304 208
1 8 2
312 220
1 3 2
261 494
1 8 2
391 154
1 15 2
166 492
1 7 2
287 83
1 2 2
236 317
1 9 2
66 380
1 7 2
361 181
1 6 2
477 39
1 4 2
453 322
1 14 2
440 106
1 6 2
421 397
1 14 2
493 146
1 8 2
306 98
1 13 2
440 282
1 11 2
46 144
1 2 2
121 13
1 2 2
145 56
1 9 2
170 242
1 7 2
420 24
1 10 2
213 476
1 3 2
398 83
1 12 2
434 318
1 2 2
385 273
1 11 2
232 104
1 13 2
122 149
1 2 2
415 473
1 12 2
385 373
1 9 2
47 1
1 15 2
13 468
1 2 2
73 29
1 6 2
488 360
1 9 2
261 302
1 13 2
249 414
1 6 2
363 81
1 7 2
203 219
1 11 2
269 311
1 8 2
259 67
1 12 2
401 47
1 13 2
46 163
1 12 2
464 183
1 2 2
116 58
1 6 2
337 285
1 9 2
117 84
1 13 2
183 479
1 11 2
424 173
1 2 2
168 134
1 13 2
429 155
1 7 2
391 386
1 8 2
390 128
1 7 2
170 182
1 9 2
268 29
1 14 2
8 129
1 6 2
127 116
1 7 2
392 189
1 11 2
60 26
1 11 2
241 121
1 2 2
199 237
1 8 2
233 447
1 8 2
373 5
1 2 2
203 405
1 15 2
242 323
1 5 2
236 36
1 11 2
314 152
1 9 2
123 234
1 6 2
49 226
1 14 2
290 225
1 12 2
202 488
1 11 2
137 291
1 14 2
84 287
1 3 2
359 289
1 13 2
125 328
1 3 2
295 428
1 15 2
136 197
1 12 2
416 263
1 12 2
300 367
1 2 2
475 221
1 3 2
245 424
1 10 2
284 240
1 4 2
20 409
1 13 2
443 258
1 4 2
24 469
1 2 2
337 239
1 3 2
98 187
1 4 2
326 241
1 8 2
314 9
1 11 2
362 169
1 9 2
118 485
1 12 2
249 466
1 14 2
17 359
1 12 2
63 3
1 13 2
122 309
1 5 2
18 84
1 2 2
434 332
1 9 2
431 315
1 5 2
464 232
1 11 2
382 156
1 8 2
77 280
1 5 2
451 73
1 13 2
408 85
1 12 2
178 77
1 15 2
222 75
1 10 2
447 246
1 8 2
434 324
1 7 2
22 157
1 4 2
145 297
1 10 2
403 440
1 10 2
21 437
1 7 2
386 243
1 12 2
394 0
1 9 2
474 329
1 6 2
320 436
1 7 2
66 203
1 5 2
126 362
1 9 2
358 124
1 7 2
299 444
1 10 2
16 367
1 4 2
180 371
1 14 2
359 251
1 15 2
320 142
1 12 2
80 318
1 4 2
93 226
1 5 2
264 275
1 13 2
110 492
1 9 2
480 408
1 6 2
290 173
1 3 2
144 403
1 7 2
433 395
1 3 2
405 18
1 12 2
20 383
1 8 2
482 363
1 10 2
457 126
1 7 2
212 31
1 7 2
191 159
1 7 2
215 44
1 6 2
462 55
1 14 2
217 401
1 10 2
255 333
1 10 2
102 314
1 4 2
37 459
1 7 2
206 184
1 9 2
416 437
1 7 2
170 263
1 14 2
219 313
1 12 2
418 120
1 11 2
51 277
1 3 2
483 285
1 11 2
77 145
1 4 2
36 398
1 4 2
417 208
1 5 2
0 67
1 14 2
111 3
1 7 2
5 313
1 3 2
238 98
1 4 2
213 148
1 2 2
333 168
1 9 2
487 277
1 12 2
63 420
1 10 2
193 64
1 15 2
278 433
1 3 2
240 141
1 2 2
69 271
1 15 2
152 68
1 2 2
420 267
1 15 2
139 54
1 8 2
58 221
1 8 2
466 15
1 13 2
64 390
1 14 2
223 28
1 9 2
405 436
1 6 2
241 469
1 11 2
233 191
1 8 2
331 420
1 2 2
333 79
1 3 2
376 467
1 3 2
134 178
1 11 2
476 106
1 7 2
254 115
1 4 2
64 246
1 11 2
82 221
1 8 2
495 482
1 10 2
103 87
1 12 2
135 443
1 2 2
392 381
1 9 2
313 142
1 10 2
175 19
1 13 2
371 195
1 8 2
77 35
1 14 2
334 87
1 11 2
383 218
1 4 2
446 381
1 3 2
311 219
1 2 2
227 262
1 6 2
363 143
1 5 2
198 399
1 15 2
274 249
1 10 2
324 351
1 9 2
13 109
1 15 2
360 192
1 5 2
322 259
1 4 2
0 470
1 2 2
386 42
1 4 2
143 439
1 8 2
179 486
1 7 2
146 443
1 6 2
118 297
1 3 2
328 372
1 13 2
199 180
1 14 2
289 90
1 13 2
186 104
1 5 2
14 421
1 8 2
326 481
1 4 2
124 210
1 5 2
451 172
1 5 2
321 380
1 15 2
193 34
1 6 2
202 190
1 6 2
338 285
1 6 2
482 309
1 6 2
464 272
1 2 2
348 468
1 3 2
285 374
1 9 2
264 195
1 3 2
426 303
1 10 2
352 63
1 4 2
95 255
1 14 2
15 415
1 4 2
239 232
1 4 2
201 175
1 14 2
370 116
1 11 2
496 236
1 9 2
349 202
1 11 2
59 227
1 9 2
299 432
1 2 2
2 478
1 12 2
379 267
1 7 2
319 462
1 3 2
487 435
1 2 2
285 492
1 8 2
327 381
1 2 2
359 325
1 8 2
222 99
1 8 2
270 477
1 9 2
249 452
1 4 2
108 181
1 4 2
200 215
1 3 2
1 431
1 13 2
86 218
1 9 2
421 386
1 14 2
3 320
1 9 2
130 21
1 3 2
365 58
1 11 2
490 98
1 2 2
131 337
1 14 2
176 430
1 5 2
277 60
1 9 2
125 449
1 14 2
497 301
1 12 2
10 259
1 14 2
300 35
1 14 2
18 446
1 11 2
451 203
1 2 2
388 277
1 15 2
360 169
1 10 2
110 171
1 10 2
54 469
1 11 2
188 29
1 11 2
492 332
1 2 2
459 179
1 15 2
245 101
1 3 2
68 417
1 2 2
459 224
1 4 2
432 171
1 15 2
386 284
1 15 2
109 219
1 12 2
125 111
1 13 2
240 87
1 10 2
138 83
1 14 2
399 228
1 4 2
461 106
1 13 2
257 392
1 13 2
456 333
1 7 2
249 244
1 3 2
191 5
1 4 2
140 203
1 5 2
143 396
1 13 2
153 39
1 14 2
406 150
1 9 2
277 306
1 15 2
379 318
1 15 2
144 254
1 14 2
324 177
1 8 2
434 263
1 5 2
312 280
1 10 2
55 189
1 7 2
267 347
1 12 2
125 51
1 6 2
447 351
1 11 2
4 489
1 7 2
256 156
1 10 2
300 457
1 8 2
320 77
1 6 2
105 388
1 10 2
211 64
1 3 2
489 197
1 7 2
425 89
1 10 2
136 195
1 15 2
328 248
1 14 2
321 276
1 4 2
482 313
1 10 2
12 64
1 9 2
155 245
1 8 2
151 136
1 6 2
204 58
1 7 2
27 203
1 3 2
38 373
1 5 2
196 84
1 13 2
372 194
1 5 2
128 38
1 8 2
61 24
1 14 2
371 275
1 6 2
74 280
1 10 2
431 125
1 10 2
116 194
1 8 2
349 439
1 11 2
439 40
1 9 2
50 126
1 5 2
362 307
1 12 2
7 413
1 5 2
117 304
1 10 2
55 96
1 4 2
327 316
1 8 2
269 477
1 7 2
335 175
1 6 2
235 43
1 12 2
223 6
1 13 2
448 34
1 4 2
402 296
1 10 2
232 58
1 6 2
461 171
1 12 2
62 383
1 15 2
453 59
1 14 2
101 384
1 7 2
9 12
1 4 2
428 154
1 7 2
298 403
1 4 2
326 495
1 7 2
287 229
1 12 2
222 364
1 12 2
148 272
1 8 2
341 211
1 4 2
346 264
1 5 2
213 277
1 2 2
212 371
1 3 2
219 241
1 11 2
45 96
1 14 2
183 372
1 8 2
46 394
1 9 2
441 266
1 11 2
446 246
1 12 2
50 253
1 12 2
339 451
1 10 2
121 22
1 14 2
250 4
1 4 2
14 39
1 13 2
344 83
1 11 2
337 65
1 9 2
320 440
1 14 2
46 255
1 8 2
261 23
1 10 2
306 224
1 7 2
195 472
1 2 2
67 158
1 7 2
435 225
1 12 2
419 383
1 3 2
175 259
1 11 2
156 419
1 12 2
6 229
1 6 2
158 161
1 3 2
282 197
1 2 2
223 407
1 13 2
241 85
1 15 2
491 437
1 5 2
86 261
1 15 2
59 43
1 8 2
215 25
1 11 2
377 88
1 11 2
432 166
1 14 2
105 374
1 11 2
246 432
1 6 2
249 100
1 4 2
316 196
1 6 2
62 339
1 5 2
113 230
1 6 2
325 167
1 5 2
173 247
1 4 2
477 269
1 13 2
161 498
1 11 2
267 195
1 10 2
492 457
1 12 2
392 318
1 6 2
317 270
1 6 2
241 54
1 2 2
332 440
1 14 2
37 293
1 4 2
150 204
1 8 2
463 213
1 3 2
196 406
1 14 2
203 62
1 13 2
300 228
1 2 2
164 126
1 4 2
383 162
1 14 2
401 97
1 7 2
102 393
1 9 2
186 243
1 8 2
335 26
1 10 2
51 9
1 12 2
359 307
1 10 2
232 472
1 8 2
93 473
1 9 2
26 62
1 8 2
467 138
1 8 2
399 75
1 13 2
156 431
1 3 2
308 23
1 14 2
409 232
1 15 2
463 307
1 9 2
69 246
1 4 2
31 108
1 12 2
34 215
1 5 2
241 290
1 8 2
97 21
1 14 2
293 181
1 4 2
371 395
1 2 2
115 157
1 11 2
86 164
1 6 2
493 60
1 10 2
483 328
1 9 2
348 303
1 5 2
147 38
1 3 2
368 311
1 13 2
197 127
1 4 2
155 17
1 13 2
286 28
1 10 2
38 63
1 11 2
38 303
1 8 2
15 34
1 2 2
88 14
1 13 2
131 114
1 8 2
110 358
1 12 2
382 475
1 14 2
371 291
1 3 2
13 368
1 7 2
107 234
1 3 2
352 156
1 9 2
477 152
1 4 2
492 64
1 12 2
349 237
1 7 2
38 41
1 11 2
206 347
1 5 2
348 438
1 8 2
394 83
1 6 2
290 351
1 6 2
78 168
1 13 2
307 231
1 8 2
174 180
1 11 2
136 360
1 6 2
238 283
1 4 2
495 149
1 10 2
256 77
1 14 2
351 372
1 6 2
377 141
1 14 2
129 363
1 12 2
78 257
1 13 2
160 301
1 5 2
280 461
1 10 2
348 424
1 15 2
60 149
1 13 2
263 147
1 4 2
93 363
1 8 2
77 79
1 11 2
131 270
1 12 2
42 120
1 12 2
116 236
1 9 2
114 405
1 7 2
113 125
1 4 2
275 321
1 7 2
239 333
1 13 2
27 38
1 2 2
448 491
1 15 2
469 466
1 7 2
50 397
1 6 2
381 106
1 14 2
355 381
1 8 2
390 372
1 4 2
319 346
1 8 2
140 26
1 8 2
425 153
1 4 2
199 117
1 14 2
93 324
1 6 2
306 170
1 8 2
264 212
1 15 2
459 308
1 3 2
116 349
1 6 2
458 333
1 9 2
170 100
1 5 2
345 107
1 10 2
246 20
1 3 2
312 470
1 4 2
123 194
1 7 2
120 413
1 4 2
58 96
1 8 2
431 346
1 13 2
102 39
1 5 2
23 115
1 13 2
99 127
1 7 2
161 482
1 12 2
183 443
1 7 2
123 253
1 5 2
133 187
1 7 2
135 161
1 7 2
402 306
1 2 2
59 449
1 15 2
354 20
1 11 2
339 91
1 5 2
490 356
1 8 2
304 102
1 11 2
134 91
1 9 2
485 47
1 14 2
0 79
1 8 2
316 272
1 15 2
254 437
1 12 2
494 227
1 12 2
481 280
1 12 2
199 305
1 13 2
36 141
1 11 2
359 373
1 15 2
31 9
1 6 2
135 451
1 15 2
455 273
1 15 2
415 405
1 6 2
467 112
1 7 2
268 308
1 14 2
1 213
1 14 2
120 372
1 6 2
415 284
1 4 2
315 211
1 14 2
356 141
1 3 2
187 486
1 9 2
98 403
1 4 2
474 49
1 11 2
233 126
1 4 2
34 457
1 8 2
209 387
1 8 2
304 82
1 14 2
349 94
1 13 2
454 489
1 7 2
12 271
1 8 2
283 437
1 13 2
8 454
1 5 2
432 361
1 7 2
366 178
1 6 2
346 235
1 13 2
374 181
1 2 2
354 181
1 6 2
160 317
1 10 2
33 208
1 5 2
48 7
1 13 2
286 448
1 15 2
363 306
1 5 2
149 116
1 7 2
385 408
1 13 2
82 426
1 5 2
415 357
1 6 2
73 63
1 6 2
256 435
1 14 2
484 43
1 11 2
165 109
1 13 2
147 490
1 7 2
20 392
1 2 2
492 82
1 10 2
339 262
1 2 2
494 157
1 12 2
81 424
1 13 2
399 267
1 12 2
39 9
1 7 2
167 293
1 3 2
246 186
1 11 2
129 219
1 12 2
147 151
1 2 2
6 440
1 6 2
437 159
1 4 2
319 225
1 3 2
121 343
1 2 2
377 125
1 8 2
47 272
1 10 2
340 93
1 12 2
28 328
1 11 2
7 475
1 5 2
55 23
1 5 2
34 139
1 10 2
269 358
1 10 2
173 380
1 5 2
477 90
1 10 2
54 36
1 7 2
476 184
1 4 2
226 413
1 14 2
24 366
1 12 2
415 1
1 4 2
84 190
1 7 2
312 38
1 15 2
103 299
1 13 2
350 290
1 8 2
118 473
1 9 2
159 439
1 13 2
95 288
1 13 2
266 197
1 8 2
442 350
1 8 2
421 428
1 2 2
262 289
1 11 2
486 110
1 12 2
399 436
1 12 2
7 401
1 3 2
87 84
1 3 2
326 436
1 2 2
411 433
1 10 2
170 252
1 8 2
419 469
1 4 2
492 74
1 13 2
191 5
1 7 2
154 453
1 11 2
462 14
1 2 2
134 223
1 10 2
82 209
1 11 2
289 297
1 5 2
144 257
1 14 2
308 335
1 5 2
207 197
1 14 2
53 157
1 2 2
8 455
1 6 2
174 238
1 6 2
60 490
1 4 2
348 50
1 2 2
422 363
1 14 2
460 92
1 9 2
262 151
1 8 2
311 253
1 7 2
228 24
1 2 2
359 73
1 15 2
377 0
1 5 2
157 21
1 4 2
320 349
1 2 2
83 312
1 12 2
437 186
1 12 2
232 497
1 15 2
60 458
1 6 2
245 123
1 9 2
498 463
1 8 2
424 392
1 4 2
7 245
1 8 2
362 477
1 5 2
137 278
1 12 2
393 441
1 14 2
117 186
1 7 2
331 33
1 14 2
457 230
1 7 2
174 376
1 2 2
348 495
1 14 2
383 266
1 2 2
470 288
1 14 2
452 378
1 2 2
339 128
1 5 2
223 452
1 8 2
107 366
1 9 2
19 330
1 3 2
299 221
1 10 2
256 241
1 4 2
336 122
1 15 2
268 297
1 7 2
242 43
1 11 2
411 3
1 5 2
319 230
1 9 2
231 316
1 2 2
187 375
1 4 2
47 250
1 2 2
293 195
1 14 2
28 100
1 3 2
475 410
1 14 2
442 348
1 12 2
198 21
1 5 2
397 222
1 6 2
183 253
1 11 2
204 253
1 8 2
22 240
1 13 2
92 245
1 10 2
437 176
1 7 2
82 163
1 12 2
250 315
1 10 2
190 2
1 15 2
85 0
1 3 2
279 377
1 2 2
240 102
1 2 2
445 19
1 8 2
36 26
1 9 2
262 436
1 13 2
356 83
1 3 2
114 64
1 10 2
379 0
1 2 2
66 290
1 8 2
199 453
1 14 2
153 148
1 4 2
238 463
1 12 2
216 199
1 4 2
107 78
1 14 2
273 495
1 14 2
466 490
1 6 2
104 284
1 6 2
380 498
1 12 2
207 16
1 13 2
141 387
1 2 2
260 417
1 7 2
391 448
1 8 2
290 92
1 3 2
272 453
1 8 2
52 423
1 8 2
302 182
1 11 2
272 309
1 5 2
235 45
1 5 2
340 216
1 3 2
94 453
1 7 2
292 355
1 15 2
462 276
1 4 2
66 121
1 15 2
439 498
1 9 2
281 335
1 2 2
140 256
1 13 2
3 126
1 7 2
98 361
1 15 2
413 276
1 5 2
362 315
1 9 2
346 364
1 5 2
344 129
1 12 2
340 131
1 2 2
254 252
1 5 2
38 134
1 4 2
143 74
1 15 2
231 162
1 10 2
120 268
1 15 2
463 402
1 5 2
57 198
1 14 2
134 333
1 10 2
345 429
1 11 2
66 161
1 12 2
314 183
1 11 2
34 83
1 6 2
354 361
1 15 2
336 170
1 2 2
82 231
1 9 2
197 347
1 6 2
432 324
1 3 2
246 170
1 9 2
338 94
1 9 2
292 359
1 11 2
429 239
1 7 2
230 241
1 4 2
399 108
1 4 2
374 151
1 11 2
184 205
1 8 2
179 237
1 15 2
324 330
1 5 2
385 211
1 15 2
438 123
1 3 2
30 42
1 10 2
499 213
1 7 2
268 114
1 3 2
74 350
1 13 2
92 61
1 10 2
7 236
1 9 2
295 327
1 15 2
51 323
1 8 2
30 332
1 4 2
416 151
1 12 2
175 198
1 2 2
28 113
1 11 2
283 73
1 9 2
472 291
1 5 2
74 361
1 6 2
44 340
1 7 2
486 34
1 3 2
328 338
1 12 2
278 436
1 10 2
47 433
1 13 2
375 458
1 12 2
495 162
1 7 2
163 329
1 7 2
0 215
1 4 2
425 421
1 9 2
292 231
1 14 2
26 159
1 6 2
67 237
1 7 2
62 111
1 15 2
36 373
1 12 2
230 468
1 10 2
315 210
1 6 2
235 384
1 3 2
210 346
1 13 2
314 217
1 10 2
334 421
1 12 2
111 381
1 8 2
156 251
1 13 2
6 393
1 3 2
350 324
1 15 2
207 64
1 6 2
172 442
1 2 2
442 60
1 11 2
240 158
1 12 2
39 222
1 12 2
332 447
1 2 2
40 213
1 10 2
473 236
1 3 2
253 6
1 8 2
420 70
1 8 2
299 454
1 3 2
306 40
1 10 2
485 474
1 10 2
474 116
1 14 2
59 419
1 2 2
345 365
1 4 2
402 176
1 13 2
483 476
1 13 2
7 436
1 14 2
136 338
1 13 2
177 179
1 5 2
444 470
1 5 2
314 127
1 15 2
218 426
1 10 2
250 470
1 13 2
130 50
1 2 2
210 439
1 9 2
415 77
1 15 2
9 360
1 6 2
492 72
1 6 2
386 179
1 14 2
471 44
1 3 2
67 294
1 11 2
1 340
1 13 2
142 14
1 8 2
34 342
1 15 2
115 245
1 12 2
437 446
1 8 2
211 62
1 6 2
92 58
1 4 2
339 377
1 15 2
348 372
1 5 2
47 53
1 11 2
52 321
1 10 2
307 223
1 5 2
196 333
1 3 2
84 216
1 12 2
80 467
1 2 2
494 450
1 10 2
120 70
1 3 2
49 19
1 9 2
241 325
1 3 2
310 191
1 2 2
489 173
1 11 2
429 342
1 2 2
69 75
1 4 2
481 472
1 7 2
45 485
1 2 2
104 350
1 12 2
131 156
1 15 2
378 137
1 4 2
269 346
1 11 2
15 275
1 15 2
496 408
1 2 2
33 321
1 4 2
373 446
1 13 2
315 116
1 9 2
362 457
1 9 2
301 193
1 15 2
39 287
1 7 2
314 275
1 8 2
45 173
1 6 2
423 431
1 10 2
121 407
1 9 2
143 220
1 12 2
241 350
1 8 2
285 198
1 14 2
378 69
1 15 2
59 453
1 10 2
234 138
1 15 2
250 100
1 6 2
76 69
1 10 2
85 386
1 15 2
364 119
1 12 2
465 456
1 6 2
218 439
1 13 2
341 489
1 2 2
376 88
1 4 2
188 363
1 10 2
411 410
1 3 2
499 430
1 14 2
78 81
1 8 2
479 104
1 7 2
453 26
1 7 2
35 403
1 4 2
391 282
1 12 2
328 368
1 8 2
192 353
1 5 2
466 393
1 14 2
14 185
1 5 2
165 130
1 3 2
492 165
1 6 2
38 69
1 7 2
361 339
1 6 2
342 27
1 6 2
301 145
1 6 2
192 274
1 4 2
5 1
1 2 2
267 302
1 2 2
8 121
1 7 2
424 492
1 4 2
485 334
1 10 2
80 91
1 2 2
219 57
1 2 2
151 78
1 7 2
284 23
1 3 2
81 487
1 2 2
289 210
1 11 2
232 181
1 15 2
394 473
1 6 2
281 76
1 4 2
426 66
1 9 2
49 362
1 15 2
257 270
1 15 2
3 149
1 13 2
138 240
1 3 2
220 82
1 4 2
261 137
1 15 2
66 308
1 7 2
374 272
1 12 2
315 196
1 11 2
154 191
1 15 2
81 189
1 2 2
223 318
1 9 2
448 158
1 7 2
194 476
1 9 2
26 358
1 11 2
172 466
1 14 2
475 496
1 14 2
237 120
1 14 2
244 33
1 6 2
158 264
1 4 2
76 0
1 3 2
301 495
1 6 2
447 147
1 10 2
83 346
1 4 2
118 48
1 10 2
0 181
1 9 2
333 150
1 15 2
68 48
1 13 2
487 375
1 13 2
173 456
1 10 2
274 178
1 4 2
261 300
1 14 2
416 241
1 5 2
486 198
1 6 2
107 152
1 13 2
330 146
1 13 2
333 420
1 12 2
466 105
1 12 2
198 55
1 11 2
223 333
1 5 2
353 192
1 14 2
94 95
1 13 2
319 337
1 9 2
357 35
1 15 2
449 468
1 7 2
292 318
1 3 2
400 383
1 5 2
290 233
1 8 2
106 385
1 9 2
30 441
1 4 2
58 195
1 8 2
81 257
1 10 2
387 337
1 3 2
179 460
1 4 2
87 266
1 14 2
234 427
1 13 2
276 326
1 14 2
429 344
1 13 2
259 281
1 5 2
435 421
1 7 2
248 186
1 12 2
76 52
1 9 2
22 382
1 15 2
272 378
1 5 2
152 498
1 14 2
31 446
1 13 2
161 456
1 2 2
320 143
1 5 2
74 306
1 5 2
231 21
1 5 2
363 364
1 7 2
179 116
1 9 2
122 162
1 9 2
244 68
1 5 2
142 224
1 10 2
94 320
1 12 2
461 427
1 13 2
262 24
1 3 2
194 10
1 5 2
16 295
1 12 2
267 79
1 10 2
170 247
1 10 2
349 48
1 11 2
82 343
1 8 2
204 485
1 10 2
451 105
1 7 2
322 164
1 6 2
80 127
1 3 2
352 62
1 13 2
345 406
1 5 2
468 279
1 10 2
363 70
1 15 2
403 255
1 9 2
441 272
1 12 2
51 275
1 4 2
420 221
1 15 2
443 280
1 11 2
479 344
1 15 2
103 300
1 14 2
471 439
1 4 2
317 222
1 8 2
485 70
1 15 2
457 268
1 7 2
81 368
1 2 2
23 496
1 7 2
274 112
1 8 2
382 211
1 5 2
462 196
1 8 2
327 46
1 13 2
351 381
1 14 2
144 117
1 7 2
246 205
1 12 2
376 478
1 7 2
173 77
1 8 2
121 171
1 9 2
468 464
1 12 2
357 44
1 11 2
287 408
1 8 2
26 399
1 9 2
259 265
1 11 2
402 348
1 10 2
420 110
1 2 2
363 418
1 11 2
216 286
1 12 2
152 167
1 5 2
474 192
1 11 2
287 28
1 10 2
160 212
1 4 2
459 31
1 10 2
230 384
1 13 2
41 197
1 9 2
461 340
1 15 2
76 244
1 10 2
274 314
1 6 2
296 13
1 4 2
172 338
1 15 2
279 485
1 9 2
16 475
1 9 2
290 423
1 7 2
422 75
1 15 2
51 48
1 10 2
308 413
1 2 2
96 49
1 4 2
28 112
1 15 2
192 342
1 11 2
148 161
1 3 2
303 212
1 15 2
321 25
1 14 2
50 258
1 2 2
331 446
1 8 2
197 492
1 14 2
70 110
1 13 2
40 136
1 11 2
413 128
1 14 2
241 312
1 11 2
137 420
1 2 2
143 479
1 3 2
134 189
1 5 2
10 117
1 6 2
418 491
1 4 2
454 402
1 2 2
264 291
1 8 2
33 255
1 8 2
233 216
1 9 2
172 30
1 11 2
5 283
1 2 2
190 180
1 5 2
288 487
1 6 2
338 199
1 13 2
433 245
1 13 2
436 200
1 2 2
23 57
1 13 2
149 232
1 10 2
489 186
1 7 2
114 465
1 2 2
289 352
1 14 2
423 192
1 11 2
224 194
1 5 2
371 163
1 2 2
475 370
1 7 2
488 96
1 2 2
462 449
1 12 2
388 477
1 9 2
93 258
1 14 2
3 491
1 13 2
306 253
1 14 2
6 171
1 5 2
283 402
1 7 2
44 142
1 15 2
456 265
1 8 2
125 386
1 15 2
355 447
1 7 2
483 237
1 4 2
246 197
1 5 2
406 211
1 12 2
313 325
1 12 2
433 216
1 15 2
135 133
1 4 2
108 35
1 2 2
354 412
1 3 2
423 98
1 6 2
172 328
1 9 2
275 180
1 12 2
160 63
1 14 2
132 412
1 8 2
4 160
1 10 2
2 266
1 10 2
52 388
1 13 2
195 434
1 8 2
134 196
1 3 2
97 30
1 2 2
49 288
1 4 2
49 474
1 13 2
19 41
1 13 2
459 172
1 6 2
484 321
1 10 2
234 173
1 13 2
472 122
1 8 2
499 111
1 6 2
484 114
1 9 2
181 359
1 5 2
255 129
1 6 2
177 454
1 3 2
468 342
1 13 2
377 136
1 13 2
306 324
1 13 2
286 148
1 12 2
339 179
1 11 2
280 0
1 7 2
218 187
1 13 2
54 425
1 9 2
407 111
1 2 2
337 96
1 8 2
238 402
1 6 2
459 302
1 12 2
470 263
1 4 2
172 359
1 8 2
58 202
1 11 2
367 390
1 9 2
260 251
1 13 2
349 477
1 15 2
216 133
1 2 2
5 429
1 4 2
222 3
1 15 2
353 433
1 9 2
12 338
1 8 2
308 115
1 11 2
264 359
1 8 2
79 308
1 15 2
6 77
1 8 2
72 205
1 13 2
477 47
1 11 2
312 167
1 12 2
184 30
1 6 2
23 74
1 3 2
181 406
1 8 2
277 432
1 10 2
182 401
1 2 2
189 388
1 5 2
235 48
1 4 2
173 107
1 5 2
108 319
1 13 2
457 327
1 3 2
385 207
1 7 2
231 270
1 15 2
381 77
1 8 2
60 11
1 14 2
126 72
1 7 2
248 146
1 13 2
14 1
1 3 2
83 15
1 8 2
26 288
1 7 2
117 421
1 6 2
338 84
1 9 2
26 36
1 2 2
275 203
1 11 2
478 391
1 10 2
400 237
1 14 2
357 150
1 4 2
485 360
1 8 2
271 15
1 4 2
213 223
1 10 2
331 429
1 2 2
358 410
1 8 2
253 312
1 15 2
5 121
1 13 2
44 125
1 13 2
421 35
1 12 2
471 301
1 6 2
222 485
1 9 2
347 311
1 7 2
254 244
1 12 2
227 392
1 14 2
433 426
1 10 2
268 391
1 14 2
68 177
1 6 2
473 231
1 5 2
17 231
1 8 2
177 165
1 15 2
401 345
1 11 2
293 229
1 7 2
94 60
1 3 2
92 290
1 15 2
93 217
1 2 2
81 348
1 4 2
426 378
1 8 2
334 3
1 4 2
472 136
1 9 2
374 136
1 6 2
53 77
1 4 2
370 452
1 10 2
488 370
1 10 2
126 153
1 11 2
206 102
1 9 2
355 478
1 6 2
146 309
1 10 2
132 443
1 5 2
136 467
1 10 2
474 5
1 15 2
65 483
1 2 2
374 242
1 12 2
416 133
1 12 2
269 476
1 4 2
295 398
1 13 2
469 269
1 15 2
312 459
1 2 2
114 479
1 11 2
303 396
1 10 2
317 285
1 11 2
134 317
1 11 2
173 338
1 11 2
164 309
1 10 2
162 182
1 4 2
492 113
1 9 2
187 5
1 7 2
65 87
1 12 2
11 327
1 14 2
236 364
1 2 2
255 228
1 2 2
202 375
1 2 2
267 382
1 15 2
280 260
1 4 2
455 179
1 5 2
229 345
1 6 2
100 328
1 12 2
488 165
1 15 2
392 14
1 4 2
176 195
1 2 2
365 5
1 7 2
246 209
1 5 2
403 376
1 7 2
17 285
1 13 2
355 189
1 7 2
388 30
1 8 2
409 343
1 8 2
447 375
1 9 2
485 171
1 2 2
409 299
1 7 2
462 171
1 12 2
378 355
1 12 2
160 266
1 3 2
25 276
1 2 2
430 322
1 13 2
469 48
1 14 2
470 388
1 15 2
296 184
1 10 2
192 202
1 7 2
345 227
1 10 2
3 451
1 13 2
243 403
1 2 2
18 227
1 11 2
210 437
1 8 2
484 339
1 11 2
241 406
1 3 2
276 108
1 2 2
477 483
1 4 2
118 372
1 5 2
34 182
1 9 2
12 242
1 5 2
385 359
1 14 2
228 111
1 8 2
301 445
1 6 2
69 300
1 8 2
204 191
1 3 2
215 452
1 10 2
357 167
1 2 2
191 75
1 12 2
384 221
1 5 2
97 173
1 12 2
224 357
1 11 2
216 410
1 7 2
328 398
1 11 2
35 60
1 10 2
202 492
1 3 2
274 464
1 4 2
60 241
1 2 2
462 205
1 12 2
246 446
1 13 2
129 479
1 11 2
173 445
1 15 2
174 276
1 12 2
39 161
1 10 2
356 383
1 8 2
193 117
1 13 2
444 41
1 3 2
189 38
1 9 2
365 154
1 4 2
434 167
1 9 2
0 297
1 2 2
201 265
1 15 2
483 156
1 9 2
174 34
1 9 2
456 455
1 11 2
424 85
1 5 2
492 69
1 8 2
274 212
1 13 2
405 152
1 8 2
106 285
1 14 2
39 59
1 13 2
473 331
1 15 2
442 431
1 11 2
77 328
1 9 2
147 381
1 6 2
458 358
1 5 2
306 92
1 15 2
214 111
1 7 2
400 130
1 2 2
281 306
1 9 2
81 402
1 10 2
287 474
1 2 2
179 213
1 2 2
95 114
1 4 2
222 79
1 10 2
376 66
1 4 2
298 411
1 10 2
104 244
1 15 2
319 397
1 9 2
168 172
1 6 2
101 180
1 10 2
369 202
1 14 2
11 446
1 12 2
127 477
1 12 2
236 455
1 13 2
55 59
1 12 2
336 205
1 7 2
143 223
1 3 2
235 396
1 2 2
211 282
1 13 2
236 187
1 10 2
85 414
1 3 2
259 113
1 2 2
368 280
1 5 2
171 216
1 4 2
37 497
1 9 2
360 375
1 15 2
278 213
1 11 2
404 357
1 9 2
490 355
1 7 2
89 474
1 5 2
462 370
1 11 2
167 447
1 10 2
390 469
1 9 2
115 327
1 12 2
223 402
1 13 2
249 99
1 11 2
441 162
1 9 2
304 173
1 6 2
295 65
1 14 2
182 477
1 8 2
145 495
1 3 2
116 213
1 10 2
240 280
1 2 2
288 209
1 7 2
468 377
1 3 2
321 64
1 12 2
129 418
1 7 2
12 3
1 9 2
13 290
1 8 2
72 167
1 8 2
27 414
1 7 2
74 26
1 13 2
238 438
1 5 2
195 78
1 14 2
147 333
1 12 2
312 350
1 3 2
489 142
1 3 2
475 249
1 2 2
236 127
1 5 2
192 370
1 8 2
151 372
1 7 2
382 6
1 13 2
164 259
1 13 2
97 432
1 6 2
386 326
1 12 2
15 425
1 13 2
143 125
1 15 2
480 427
1 9 2
309 417
1 7 2
380 422
1 2 2
397 288
1 12 2
25 459
1 14 2
475 207
1 6 2
444 385
1 2 2
51 231
1 14 2
162 457
1 11 2
74 216
1 14 2
231 50
1 10 2
45 103
1 6 2
330 91
1 9 2
123 465
1 7 2
391 50
1 9 2
317 227
1 12 2
31 398
1 14 2
229 342
1 12 2
157 207
1 13 2
234 129
1 12 2
154 449
1 8 2
48 111
1 14 2
273 343
1 13 2
365 364
1 8 2
69 39
1 15 2
26 109
1 5 2
212 273
1 2 2
251 167
1 9 2
92 59
1 10 2
356 344
1 9 2
168 447
1 10 2
109 468
1 12 2
418 239
1 9 2
342 11
1 2 2
493 372
1 10 2
132 235
1 8 2
61 177
1 7 2
174 465
1 12 2
371 246
1 2 2
437 42
1 3 2
281 352
1 5 2
14 422
1 4 2
78 117
1 14 2
248 14
1 14 2
24 468
1 10 2
425 108
1 6 2
387 152
1 7 2
388 209
1 3 2
474 297
1 9 2
293 218
1 3 2
175 376
1 11 2
263 450
1 3 2
216 260
1 4 2
338 432
1 14 2
169 233
1 10 2
210 33
1 2 2
223 250
1 14 2
105 146
1 4 2
306 230
1 12 2
109 205
1 4 2
109 31
1 5 2
476 378
1 7 2
358 201
1 7 2
440 202
1 8 2
239 434
1 8 2
122 484
1 9 2
167 21
1 8 2
295 325
1 9 2
309 275
1 9 2
208 95
1 13 2
150 388
1 5 2
241 77
1 15 2
403 256
1 3 2
184 492
1 5 2
274 198
1 11 2
194 300
1 7 2
126 37
1 13 2
320 406
1 7 2
168 27
1 2 2
218 44
1 10 2
44 195
1 8 2
92 159
1 15 2
175 373
1 5 2
276 40
1 4 2
249 414
1 3 2
380 298
1 8 2
89 361
1 14 2
22 97
1 14 2
428 148
1 11 2
63 105
1 14 2
210 30
1 14 2
27 240
1 4 2
99 103
1 13 2
177 321
1 9 2
134 104
1 3 2
426 109
1 2 2
76 461
1 4 2
189 45
1 14 2
150 194
1 11 2
148 112
1 3 2
189 479
1 10 2
32 268
1 3 2
169 408
1 9 2
170 2
1 12 2
308 214
1 9 2
25 322
1 14 2
290 139
1 6 2
135 95
1 7 2
396 100
1 2 2
378 291
1 10 2
183 277
1 12 2
148 218
1 11 2
387 284
1 2 2
437 324
1 14 2
220 430
1 3 2
125 52
1 15 2
273 140
1 4 2
91 38
1 6 2
214 90
1 13 2
303 433
1 4 2
52 222
1 13 2
106 56
1 12 2
410 492
1 10 2
199 237
1 15 2
408 421
1 12 2
155 202
1 9 2
147 416
1 4 2
361 102
1 12 2
319 145
1 13 2
96 491
1 8 2
350 491
1 2 2
420 81
1 9 2
319 313
1 11 2
151 42
1 13 2
106 165
1 4 2
62 492
1 14 2
423 453
1 7 2
9 326
1 15 2
307 360
1 5 2
66 288
1 7 2
17 309
1 9 2
238 140
1 11 2
220 471
1 5 2
318 213
1 8 2
400 139
1 3 2
319 449
1 8 2
247 189
1 13 2
209 224
1 6 2
152 141
1 3 2
348 389
1 7 2
265 23
1 12 2
125 303
1 2 2
290 51
1 9 2
344 295
1 7 2
267 418
1 11 2
325 367
1 15 2
379 134
1 10 2
296 375
1 13 2
137 471
1 7 2
350 32
1 13 2
162 194
1 4 2
6 157
1 14 2
208 297
1 6 2
354 460
1 4 2
422 380
1 2 2
53 471
1 7 2
66 270
1 6 2
442 467
1 5 2
165 133
1 12 2
280 471
1 6 2
42 389
1 6 2
199 366
1 12 2
116 160
1 5 2
32 100
1 7 2
445 397
1 15 2
333 403
1 12 2
254 44
1 2 2
241 457
1 13 2
258 230
1 11 2
42 370
1 7 2
36 389
1 8 2
325 252
1 7 2
181 340
1 11 2
273 175
1 5 2
72 287
1 5 2
64 244
1 15 2
488 228
1 6 2
152 327
1 15 2
332 226
1 6 2
258 33
1 12 2
294 327
1 14 2
176 265
1 14 2
68 220
1 13 2
47 125
1 12 2
34 362
1 7 2
376 78
1 13 2
231 199
1 5 2
207 290
1 5 2
33 139
1 13 2
202 373
1 13 2
54 206
1 7 2
318 247
1 9 2
333 387
1 8 2
260 146
1 12 2
462 371
1 9 2
399 465
1 7 2
493 68
1 3 2
485 132
1 12 2
232 432
1 3 2
279 430
1 10 2
414 149
1 10 2
202 76
1 6 2
23 132
1 3 2
126 276
1 5 2
137 71
1 15 2
9 212
1 11 2
51 344
1 2 2
87 371
1 7 2
400 43
1 5 2
120 407
1 10 2
316 368
1 13 2
327 7
1 3 2
159 130
1 8 2
477 197
1 9 2
275 347
1 10 2
1 48
1 12 2
112 184
1 13 2
477 46
1 6 2
163 54
1 15 2
348 339
1 11 2
388 470
1 9 2
391 144
1 9 2
462 434
1 6 2
115 87
1 9 2
225 415
1 7 2
356 107
1 8 2
199 328
1 2 2
29 45
1 15 2
229 331
1 5 2
366 265
1 6 2
9 462
1 14 2
221 22
1 4 2
34 406
1 7 2
201 335
1 13 2
398 96
1 7 2
386 280
1 2 2
72 336
1 5 2
299 8
1 15 2
328 315
1 12 2
390 457
1 11 2
284 107
1 6 2
423 288
1 2 2
382 177
1 2 2
120 452
1 4 2
488 35
1 3 2
417 481
1 4 2
297 490
1 14 2
115 144
1 5 2
243 144
1 9 2
47 85
1 2 2
252 216
1 9 2
71 104
1 9 2
30 446
1 11 2
77 431
1 3 2
308 224
1 12 2
215 123
1 6 2
470 22
1 14 2
68 23
1 9 2
114 383
1 15 2
430 321
1 2 2
498 134
1 13 2
310 56
1 3 2
57 499
1 11 2
447 321
1 2 2
158 408
1 15 2
149 402
1 10 2
152 231
1 8 2
142 485
1 11 2
216 244
1 14 2
468 494
1 7 2
265 302
1 9 2
446 71
1 15 2
49 191
1 5 2
209 236
1 12 2
196 402
1 3 2
175 312
1 13 2
313 230
1 12 2
367 118
1 10 2
320 201
1 11 2
225 493
1 4 2
364 186
1 6 2
215 136
1 7 2
399 294
1 10 2
330 192
1 3 2
443 343
1 4 2
212 493
1 2 2
116 254
1 2 2
30 312
1 7 2
363 397
1 8 2
259 152
1 15 2
329 149
1 13 2
390 457
1 7 2
309 69
1 2 2
176 175
1 3 2
103 57
1 10 2
482 346
1 7 2
299 182
1 2 2
326 28
1 4 2
345 263
1 11 2
159 231
1 5 2
226 96
1 14 2
161 481
1 11 2
24 226
1 15 2
141 331
1 9 2
266 273
1 9 2
207 438
1 11 2
148 127
1 10 2
257 230
1 8 2
286 475
1 15 2
180 474
1 8 2
253 153
1 13 2
198 90
1 10 2
103 487
1 3 2
449 355
1 10 2
333 296
1 8 2
490 48
1 13 2
363 301
1 5 2
348 258
1 14 2
262 44
1 3 2
316 207
1 10 2
345 379
1 15 2
306 487
1 2 2
25 42
1 14 2
363 452
1 13 2
36 154
1 2 2
492 292
1 9 2
248 280
1 7 2
166 159
1 14 2
246 451
1 2 2
243 368
1 8 2
118 162
1 7 2
267 173
1 10 2
399 159
1 10 2
349 466
1 10 2
323 181
1 15 2
367 19
1 8 2
292 91
1 15 2
413 455
1 4 2
328 10
1 11 2
400 14
1 11 2
164 43
1 13 2
12 346
1 2 2
123 280
1 14 2
189 355
1 9 2
64 430
1 10 2
216 95
1 15 2
141 255
1 6 2
83 390
1 13 2
320 457
1 3 2
272 27
1 11 2
194 204
1 3 2
40 372
1 6 2
355 308
1 11 2
49 22
1 11 2
429 25
1 4 2
495 13
1 8 2
407 95
1 9 2
233 442
1 5 2
81 91
1 5 2
375 402
1 3 2
276 402
1 12 2
252 466
1 6 2
203 213
1 8 2
456 428
1 3 2
179 213
1 3 2
253 482
1 10 2
482 100
1 4 2
486 420
1 13 2
219 300
1 13 2
22 143
1 7 2
202 467
1 11 2
171 46
1 15 2
126 184
1 7 2
349 79
1 4 2
434 292
1 13 2
408 158
1 7 2
310 393
1 7 2
63 368
1 14 2
188 381
1 15 2
219 464
1 2 2
381 251
1 14 2
294 260
1 12 2
85 310
1 15 2
402 234
1 2 2
54 307
1 7 2
201 295
1 4 2
490 469
1 2 2
282 116
1 7 2
139 235
1 15 2
78 446
1 10 2
436 114
1 6 2
338 244
1 9 2
70 473
1 10 2
415 165
1 14 2
318 439
1 12 2
395 445
1 5 2
167 411
1 4 2
206 268
1 11 2
83 250
1 11 2
77 71
1 8 2
90 196
1 15 2
181 173
1 11 2
465 22
1 11 2
245 99
1 8 2
415 284
1 15 2
73 55
1 13 2
271 468
1 7 2
40 305
1 5 2
478 221
1 13 2
281 148
1 11 2
210 225
1 7 2
169 93
1 6 2
456 2
1 14 2
184 366
1 15 2
17 366
1 12 2
32 71
1 9 2
180 263
1 13 2
362 179
1 13 2
57 181
1 10 2
436 71
1 10 2
208 152
1 11 2
117 32
1 4 2
363 306
1 13 2
253 155
1 3 2
52 334
1 3 2
384 375
1 7 2
421 84
1 4 2
1 349
1 3 2
259 484
1 5 2
337 223
1 3 2
341 382
1 11 2
431 245
1 13 2
242 265
1 6 2
198 393
1 8 2
33 74
1 11 2
96 265
1 11 2
169 324
1 11 2
43 20
1 13 2
436 419
1 10 2
293 189
1 6 2
184 261
1 6 2
152 445
1 13 2
419 229
1 15 2
398 450
1 11 2
140 427
1 8 2
20 67
1 2 2
497 190
1 14 2
16 166
1 10 2
31 440
1 11 2
379 38
1 13 2
183 468
1 10 2
184 235
1 12 2
122 358
1 7 2
288 176
1 7 2
226 223
1 15 2
94 253
1 5 2
261 204
1 8 2
391 89
1 10 2
160 418
1 13 2
47 147
1 7 2
390 40
1 4 2
268 404
1 10 2
115 414
1 15 2
59 390
1 4 2
486 21
1 15 2
429 67
1 4 2
168 403
1 6 2
152 435
1 8 2
212 262
1 7 2
278 445
1 5 2
477 413
1 4 2
230 295
1 3 2
259 72
1 4 2
108 332
1 15 2
62 257
1 9 2
166 77
1 3 2
63 132
1 9 2
441 493
1 9 2
93 151
1 2 2
52 274
1 13 2
26 53
1 3 2
165 239
1 6 2
495 118
1 9 2
480 394
1 13 2
175 7
1 5 2
278 176
1 4 2
287 489
1 4 2
224 414
1 12 2
381 162
1 11 2
91 405
1 6 2
64 224
1 11 2
276 376
1 6 2
293 198
1 2 2
178 474
1 9 2
346 350
1 4 2
374 266
1 7 2
257 32
1 13 2
48 250
1 3 2
195 202
1 3 2
401 235
1 7 2
344 140
1 4 2
439 351
1 5 2
383 356
1 5 2
430 297
1 8 2
294 401
1 9 2
114 95
1 5 2
215 227
1 11 2
419 374
1 7 2
369 138
1 15 2
59 258
1 6 2
309 228
1 4 2
57 481
1 9 2
81 342
1 15 2
395 158
1 13 2
307 241
1 6 2
35 222
1 11 2
112 199
1 13 2
304 497
1 7 2
468 53
1 5 2
214 408
1 10 2
139 272
1 3 2
439 73
1 4 2
175 205
1 12 2
492 288
1 3 2
135 482
1 14 2
404 481
1 4 2
93 333
1 2 2
78 144
1 12 2
344 450
1 15 2
180 122
1 9 2
399 97
1 2 2
435 327
1 13 2
236 444
1 6 2
333 382
1 13 2
50 79
1 14 2
136 397
1 10 2
93 416
1 7 2
74 61
1 5 2
22 76
1 14 2
363 208
1 5 2
352 271
1 6 2
336 20
1 15 2
70 390
1 11 2
380 373
1 5 2
114 151
1 9 2
112 124
1 12 2
368 132
1 9 2
379 335
1 6 2
115 312
1 14 2
316 412
1 6 2
340 407
1 9 2
418 391
1 14 2
66 74
1 8 2
315 82
1 5 2
91 178
1 2 2
303 180
1 15 2
382 186
1 7 2
229 150
1 3 2
334 473
1 5 2
111 355
1 11 2
386 193
1 6 2
191 367
1 6 2
72 256
1 6 2
292 122
1 5 2
498 198
1 13 2
51 467
1 8 2
335 270
1 2 2
176 121
1 10 2
456 249
1 15 2
286 209
1 9 2
467 217
1 4 2
6 160
1 8 2
89 27
1 15 2
42 478
1 10 2
300 218
1 12 2
201 191
1 8 2
89 29
1 12 2
483 152
1 11 2
148 389
1 5 2
168 349
1 8 2
82 393
1 6 2
493 366
1 14 2
313 383
1 13 2
99 107
1 9 2
203 258
1 5 2
59 271
1 11 2
76 74
1 7 2
427 379
1 11 2
300 479
1 2 2
480 351
1 2 2
30 211
1 2 2
24 283
1 6 2
292 299
1 6 2
446 217
1 10 2
479 496
1 15 2
200 107
1 3 2
54 438
1 9 2
237 497
1 9 2
384 194
1 8 2
174 32
1 15 2
394 411
1 15 2
349 167
1 8 2
260 221
1 13 2
307 407
1 11 2
30 298
1 3 2
186 399
1 9 2
238 137
1 5 2
435 72
1 10 2
478 244
1 7 2
438 379
1 14 2
199 367
1 7 2
211 488
1 9 2
366 469
1 3 2
420 63
1 13 2
395 379
1 7 2
128 256
1 2 2
208 370
1 11 2
416 305
1 8 2
248 262
1 9 2
10 431
1 14 2
30 429
1 10 2
498 253
1 4 2
85 272
1 9 2
322 230
1 13 2
413 62
1 12 2
262 283
1 7 2
13 24
1 15 2
376 105
1 6 2
479 462
1 11 2
187 87
1 15 2
113 96
1 9 2
95 109
1 4 2
311 326
1 3 2
435 130
1 2 2
143 205
1 6 2
378 283
1 2 2
182 174
1 6 2
310 283
1 12 2
328 442
1 13 2
126 398
1 7 2
369 145
1 8 2
456 220
1 3 2
492 367
1 15 2
253 381
1 7 2
326 231
1 10 2
366 305
1 8 2
24 248
1 2 2
360 356
1 11 2
421 64
1 11 2
477 176
1 7 2
458 74
1 5 2
340 287
1 6 2
225 285
1 2 2
200 57
1 2 2
30 388
1 13 2
378 303
1 8 2
297 451
1 7 2
474 439
1 7 2
438 251
1 9 2
286 33
1 3 2
2 105
1 8 2
4 283
1 5 2
179 249
1 8 2
75 251
1 8 2
430 272
1 11 2
110 98
1 7 2
290 389
1 2 2
166 244
1 5 2
49 252
1 12 2
346 299
1 7 2
401 268
1 10 2
0 339
1 2 2
213 490
1 10 2
403 470
1 15 2
25 35
1 12 2
232 452
1 8 2
422 348
1 11 2
164 132
1 3 2
197 310
1 7 2
388 424
1 11 2
354 343
1 3 2
165 390
1 11 2
367 322
1 9 2
175 292
1 15 2
353 100
1 14 2
108 132
1 14 2
56 175
1 4 2
204 334
1 4 2
436 151
1 3 2
126 114
1 12 2
153 123
1 11 2
419 98
1 4 2
470 52
1 12 2
18 121
1 8 2
335 304
1 4 2
21 480
1 9 2
465 463
1 9 2
130 27
1 15 2
301 146
1 14 2
122 94
1 11 2
476 428
1 6 2
172 278
1 15 2
102 203
1 14 2
255 73
1 8 2
18 105
1 3 2
366 132
1 3 2
274 215
1 2 2
206 217
1 5 2
495 65
1 7 2
78 296
1 14 2
272 115
1 9 2
39 371
1 6 2
275 5
1 14 2
151 358
1 8 2
161 294
1 13 2
79 39
1 4 2
480 153
1 12 2
123 145
1 9 2
452 281
1 6 2
243 110
1 13 2
134 291
1 15 2
259 203
1 8 2
47 165
1 11 2
372 354
1 2 2
109 166
1 11 2
462 69
1 10 2
433 142
1 4 2
144 274
1 12 2
225 373
1 9 2
185 239
1 3 2
313 1
1 5 2
463 137
1 15 2
311 423
1 3 2
241 263
1 5 2
218 498
1 11 2
24 446
1 12 2
397 108
1 14 2
433 259
1 2 2
413 35
1 7 2
377 242
1 2 2
499 449
1 9 2
205 8
1 3 2
109 277
1 5 2
249 489
1 15 2
44 211
1 5 2
347 298
1 15 2
395 370
1 3 2
247 136
1 3 2
52 451
1 9 2
357 39
1 6 2
179 197
1 4 2
308 3
1 11 2
23 232
1 8 2
34 388
1 8 2
420 325
1 14 2
127 389
1 10 2
358 189
1 3 2
50 344
1 14 2
218 326
1 3 2
380 260
1 11 2
360 214
1 6 2
151 432
1 10 2
318 46
1 6 2
411 66
1 12 2
72 250
1 12 2
256 135
1 6 2
373 478
1 5 2
333 412
1 15 2
250 239
1 7 2
236 166
1 7 2
101 479
1 10 2
426 116
1 6 2
387 147
1 11 2
347 383
1 13 2
89 119
1 14 2
69 485
1 3 2
381 262
1 6 2
249 143
1 7 2
160 261
1 5 2
374 435
1 8 2
82 137
1 2 2
26 130
1 6 2
168 253
1 9 2
96 252
1 9 2
46 247
1 15 2
224 32
1 8 2
175 347
1 7 2
481 349
1 5 2
260 219
1 12 2
491 453
1 4 2
39 418
1 14 2
110 244
1 3 2
359 185
1 11 2
190 209
1 11 2
180 361
1 5 2
245 339
1 6 2
129 263
1 13 2
345 122
1 4 2
413 379
1 8 2
462 179
1 9 2
330 184
1 11 2
291 498
1 14 2
17 337
1 3 2
115 315
1 15 2
401 257
1 7 2
134 226
1 10 2
262 272
1 8 2
87 55
1 12 2
384 459
1 2 2
29 206
1 6 2
394 185
1 7 2
496 432
1 2 2
440 281
1 15 2
386 383
1 14 2
76 297
1 7 2
354 156
1 14 2
8 10
1 7 2
294 336
1 12 2
197 10
1 5 2
42 155
1 8 2
401 309
1 15 2
390 224
1 10 2
101 291
1 9 2
272 452
1 11 2
11 240
1 3 2
389 489
1 3 2
257 330
1 12 2
493 359
1 4 2
236 191
1 12 2
357 0
1 7 2
394 182
1 11 2
443 434
1 12 2
43 398
1 13 2
278 141
1 9 2
427 243
1 10 2
481 122
1 9 2
465 318
1 12 2
104 339
1 5 2
380 47
1 13 2
143 323
1 9 2
128 11
1 13 2
200 105
1 15 2
224 342
1 10 2
486 17
1 11 2
15 101
1 4 2
489 448
1 11 2
378 160
1 10 2
62 411
1 11 2
243 273
1 12 2
419 444
1 7 2
445 54
1 9 2
455 237
1 8 2
360 246
1 2 2
493 435
1 3 2
321 360
1 9 2
208 187
1 7 2
137 283
1 7 2
227 379
1 8 2
30 360
1 12 2
327 124
1 15 2
356 252
1 11 2
466 253
1 12 2
363 167
1 14 2
251 273
1 15 2
127 279
1 15 2
152 251
1 11 2
103 227
1 12 2
3 356
1 11 2
129 81
1 15 2
320 236
1 5 2
230 117
1 10 2
289 191
1 6 2
88 470
1 8 2
72 365
1 13 2
284 283
1 8 2
481 197
1 7 2
54 302
1 4 2
272 37
1 13 2
302 22
1 13 2
301 8
1 10 2
474 434
1 10 2
22 363
1 8 2
451 365
1 3 2
418 458
1 10 2
489 271
1 5 2
138 210
1 13 2
406 192
1 13 2
95 197
1 5 2
20 354
1 12 2
496 471
1 11 2
95 4
1 7 2
258 250
1 12 2
35 305
1 8 2
347 100
1 8 2
101 28
1 15 2
131 123
1 13 2
365 4
1 9 2
83 177
1 2 2
251 179
1 5 2
42 470
1 10 2
454 88
1 14 2
74 467
1 12 2
202 281
1 4 2
76 294
1 11 2
226 91
1 9 2
195 482
1 9 2
31 489
1 7 2
108 88
1 9 2
178 12
1 12 2
30 127
1 14 2
91 9
1 13 2
399 386
1 14 2
22 408
1 5 2
231 373
1 13 2
178 252
1 4 2
118 23
1 3 2
232 386
1 15 2
403 114
1 11 2
11 105
1 2 2
471 309
1 11 2
308 244
1 12 2
444 330
1 10 2
431 285
1 11 2
472 110
1 8 2
335 161
1 4 2
18 13
1 12 2
238 167
1 14 2
40 95
1 2 2
136 369
1 5 2
297 421
1 6 2
422 89
1 13 2
383 327
1 12 2
19 116
1 8 2
170 88
1 14 2
331 318
1 5 2
212 420
1 9 2
391 377
1 4 2
177 207
1 7 2
5 46
1 11 2
347 115
1 12 2
237 426
1 14 2
468 120
1 3 2
339 265
1 9 2
168 296
1 6 2
429 2
1 14 2
197 49
1 7 2
116 155
1 2 2
200 43
1 4 2
139 33
1 4 2
18 146
1 9 2
438 377
1 8 2
440 359
1 4 2
87 321
1 7 2
22 181
1 8 2
364 439
1 10 2
159 38
1 12 2
133 103
1 5 2
199 279
1 13 2
133 2
1 13 2
284 430
1 8 2
400 444
1 14 2
61 161
1 6 2
350 228
1 5 2
346 276
1 15 2
375 371
1 4 2
201 169
1 10 2
105 395
1 13 2
311 265
1 2 2
209 297
1 13 2
413 249
1 2 2
102 125
1 15 2
286 183
1 6 2
108 51
1 13 2
223 182
1 14 2
482 193
1 8 2
150 323
1 7 2
452 84
1 3 2
422 495
1 11 2
338 122
1 12 2
16 469
1 15 2
261 443
1 3 2
440 425
1 5 2
110 249
1 14 2
343 236
1 5 2
309 326
1 11 2
484 306
1 14 2
457 65
1 9 2
310 145
1 12 2
483 217
1 7 2
287 326
1 15 2
187 43
1 4 2
357 80
1 3 2
292 226
1 9 2
122 429
1 15 2
473 154
1 14 2
79 291
1 13 2
81 224
1 14 2
81 444
1 4 2
233 93
1 9 2
122 294
1 13 2
157 364
1 9 2
86 285
1 2 2
369 83
1 4 2
227 469
1 5 2
28 494
1 9 2
139 247
1 2 2
249 214
1 9 2
423 123
1 3 2
149 142
1 11 2
220 291
1 9 2
247 79
1 12 2
478 172
1 5 2
184 226
1 15 2
45 488
1 9 2
236 461
1 14 2
253 124
1 14 2
489 379
1 4 2
16 211
1 10 2
119 179
1 6 2
12 461
1 14 2
33 393
1 6 2
161 345
1 7 2
143 402
1 12 2
391 285
1 13 2
428 263
1 12 2
315 341
1 2 2
411 396
1 3 2
438 135
1 7 2
135 173
1 11 2
246 393
1 8 2
393 21
1 5 2
5 466
1 9 2
458 427
1 13 2
357 144
1 5 2
264 424
1 4 2
412 136
1 12 2
446 454
1 12 2
159 239
1 13 2
305 43
1 9 2
342 348
1 2 2
58 405
1 4 2
496 174
1 11 2
345 280
1 13 2
370 82
1 6 2
187 387
1 15 2
449 198
1 14 2
24 338
1 7 2
400 139
1 12 2
37 456
1 9 2
219 439
1 12 2
150 355
1 13 2
45 303
1 3 2
336 441
1 13 2
238 72
1 2 2
118 50
1 2 2
129 52
1 8 2
330 285
1 3 2
195 231
1 3 2
300 234
1 10 2
352 326
1 6 2
248 498
1 5 2
326 446
1 5 2
164 358
1 5 2
302 0
1 14 2
290 135
1 7 2
194 205
1 15 2
406 215
1 5 2
126 269
1 6 2
388 278
1 9 2
478 430
1 4 2
39 285
1 3 2
406 421
1 8 2
3 189
1 3 2
358 11
1 15 2
112 285
1 12 2
145 264
1 7 2
147 408
1 13 2
403 317
1 10 2
275 422
1 5 2
163 173
1 2 2
379 432
1 15 2
399 106
1 5 2
40 456
1 8 2
373 178
1 7 2
47 471
1 14 2
109 186
1 8 2
179 402
1 11 2
43 170
1 13 2
284 416
1 2 2
253 201
1 8 2
496 114
1 9 2
425 179
1 4 2
242 253
1 10 2
484 428
1 8 2
183 482
1 14 2
368 142
1 10 2
439 62
1 4 2
231 89
1 11 2
243 205
1 2 2
95 399
1 7 2
490 433
1 15 2
434 40
1 7 2
30 58
1 12 2
473 29
1 15 2
235 230
1 3 2
235 155
1 2 2
88 167
1 14 2
363 175
1 13 2
83 267
1 14 2
314 50
1 2 2
160 280
1 14 2
413 484
1 3 2
349 183
1 7 2
186 119
1 2 2
213 24
1 14 2
225 116
1 7 2
254 116
1 9 2
384 270
1 5 2
72 38
1 2 2
224 496
1 2 2
122 486
1 3 2
32 64
1 6 2
153 168
1 6 2
169 268
1 2 2
137 225
1 4 2
331 287
1 4 2
199 435
1 4 2
403 331
1 9 2
190 35
1 12 2
147 132
1 9 2
4 414
1 15 2
180 126
1 3 2
282 488
1 5 2
356 194
1 14 2
7 375
1 10 2
328 459
1 5 2
265 4
1 5 2
119 372
1 2 2
165 72
1 12 2
338 374
1 8 2
17 134
1 6 2
368 181
1 11 2
366 329
1 15 2
487 304
1 2 2
242 250
1 11 2
441 71
1 5 2
488 92
1 3 2
194 177
1 9 2
158 416
1 10 2
63 271
1 9 2
181 457
1 10 2
483 150
1 15 2
167 361
1 15 2
40 393
1 12 2
256 493
1 7 2
216 98
1 15 2
253 313
1 14 2
295 417
1 3 2
190 356
1 2 2
210 483
1 2 2
336 82
1 8 2
11 357
1 11 2
415 369
1 11 2
196 478
1 15 2
210 97
1 13 2
46 98
1 9 2
462 136
1 14 2
4 356
1 3 2
248 390
1 7 2
431 284
1 9 2
209 480
1 9 2
362 219
1 12 2
407 69
1 8 2
38 190
1 13 2
204 352
1 12 2
495 135
1 3 2
461 91
1 5 2
46 246
1 14 2
320 153
1 15 2
124 62
1 12 2
292 368
1 9 2
328 78
1 15 2
323 319
1 14 2
321 487
1 12 2
468 304
1 13 2
453 55
1 4 2
22 258
1 15 2
204 455
1 8 2
134 234
1 14 2
230 251
1 2 2
132 337
1 4 2
193 447
1 13 2
325 479
1 9 2
305 137
1 6 2
172 93
1 2 2
300 276
1 12 2
474 468
1 13 2
339 491
1 5 2
198 385
1 12 2
407 361
1 8 2
119 57
1 5 2
47 271
1 13 2
154 336
1 6 2
460 119
1 3 2
255 247
1 12 2
85 223
1 6 2
108 44
1 12 2
421 189
1 4 2
89 300
1 11 2
416 35
1 13 2
376 39
1 7 2
66 11
1 12 2
480 73
1 6 2
55 201
1 8 2
236 351
1 13 2
146 185
1 11 2
11 400
1 5 2
433 484
1 2 2
470 67
1 3 2
163 476
1 5 2
171 445
1 10 2
495 330
1 5 2
304 67
1 13 2
336 45
1 11 2
182 125
1 11 2
396 116
1 11 2
59 29
1 2 2
411 281
1 14 2
263 323
1 11 2
484 359
1 12 2
136 452
1 15 2
457 362
1 10 2
441 59
1 12 2
119 19
1 4 2
346 383
1 2 2
397 105
1 15 2
33 337
1 7 2
477 496
1 13 2
316 11
1 4 2
177 99
1 13 2
23 35
1 3 2
421 469
1 3 2
101 426
1 15 2
6 148
1 10 2
26 426
1 7 2
479 394
1 14 2
404 390
1 2 2
344 193
1 6 2
227 405
1 2 2
21 275
1 14 2
223 234
1 13 2
170 286
1 11 2
4 213
1 3 2
0 185
1 5 2
52 91
1 14 2
115 460
1 2 2
284 85
1 3 2
373 163
1 8 2
327 11
1 9 2
481 13
1 14 2
436 384
1 2 2
433 318
1 6 2
379 244
1 3 2
232 461
1 2 2
474 16
1 4 2
112 232
1 4 2
92 38
1 7 2
129 411
1 12 2
311 117
1 11 2
480 168
1 9 2
461 228
1 4 2
317 284
1 3 2
365 434
1 6 2
181 471
1 15 2
434 232
1 2 2
72 235
1 6 2
254 405
1 9 2
314 51
1 13 2
165 10
1 2 2
261 327
1 10 2
123 266
1 5 2
85 187
1 9 2
202 179
1 7 2
144 230
1 8 2
193 276
1 15 2
265 486
1 11 2
63 65
1 5 2
78 356
1 2 2
275 493
1 14 2
493 395
1 12 2
192 64
1 9 2
401 199
1 4 2
200 225
1 14 2
375 498
1 13 2
252 310
1 12 2
46 138
1 3 2
362 180
1 5 2
128 197
1 8 2
238 128
1 10 2
389 117
1 10 2
491 384
1 9 2
426 75
1 4 2
289 136
1 14 2
426 288
1 3 2
166 383
1 6 2
222 0
1 6 2
491 476
1 11 2
362 195
1 14 2
402 269
1 10 2
31 18
1 9 2
367 444
1 3 2
18 445
1 14 2
158 474
1 8 2
280 289
1 14 2
197 453
1 10 2
99 413
1 11 2
256 445
1 5 2
421 303
1 7 2
121 140
1 6 2
230 5
1 4 2
488 359
1 12 2
127 328
1 12 2
426 267
1 2 2
475 470
1 12 2
180 429
1 10 2
323 96
1 9 2
306 131
1 7 2
135 347
1 14 2
498 245
1 12 2
406 416
1 3 2
3 96
1 4 2
342 499
1 8 2
406 86
1 6 2
292 212
1 12 2
17 80
1 12 2
116 179
1 2 2
476 193
1 4 2
240 160
1 10 2
190 158
1 15 2
10 239
1 8 2
344 461
1 7 2
266 218
1 9 2
25 199
1 15 2
271 191
1 15 2
302 58
1 4 2
50 190
1 15 2
162 330
1 7 2
241 69
1 15 2
334 236
1 15 2
415 35
1 5 2
402 302
1 11 2
387 431
1 3 2
153 349
1 8 2
11 213
1 12 2
409 441
1 10 2
301 134
1 11 2
237 21
1 10 2
134 257
1 11 2
357 325
1 10 2
391 135
1 7 2
458 384
1 12 2
436 466
1 5 2
345 458
1 6 2
29 2
1 5 2
456 460
1 2 2
106 204
1 5 2
356 252
1 13 2
12 394
1 8 2
238 129
1 13 2
406 393
1 12 2
27 80
1 15 2
407 219
1 7 2
428 200
1 8 2
132 358
1 14 2
84 162
1 11 2
163 166
1 9 2
311 102
1 15 2
183 449
1 11 2
343 69
1 14 2
440 419
1 12 2
208 334
1 10 2
191 354
1 2 2
183 218
1 4 2
233 7
1 3 2
249 405
1 9 2
53 163
1 11 2
480 152
1 8 2
120 160
1 10 2
221 398
1 9 2
352 383
1 10 2
337 372
1 6 2
313 101
1 4 2
439 80
1 5 2
146 79
1 12 2
433 458
1 2 2
447 388
1 15 2
108 321
1 13 2
482 64
1 13 2
248 55
1 3 2
455 180
1 13 2
415 239
1 4 2
455 496
1 10 2
273 381
1 3 2
305 101
1 2 2
166 91
1 12 2
396 160
1 10 2
396 12
1 11 2
273 95
1 2 2
260 416
1 2 2
152 362
1 13 2
182 192
1 11 2
310 347
1 3 2
166 388
1 13 2
81 142
1 13 2
170 401
1 6 2
449 221
1 8 2
474 225
1 8 2
215 337
1 6 2
414 40
1 13 2
422 152
1 15 2
339 11
1 9 2
479 177
1 6 2
161 113
1 9 2
354 97
1 6 2
87 233
1 9 2
80 239
1 3 2
330 422
1 9 2
93 92
1 13 2
350 469
1 5 2
416 313
1 12 2
413 113
1 10 2
481 129
1 10 2
191 461
1 11 2
59 189
1 5 2
337 317
1 13 2
459 330
1 9 2
327 168
1 7 2
149 93
1 11 2
437 55
1 14 2
122 346
1 6 2
285 410
1 12 2
187 379
1 8 2
235 447
1 10 2
423 80
1 8 2
84 347
1 2 2
63 453
1 8 2
316 375
1 7 2
94 104
1 9 2
76 235
1 5 2
105 371
1 12 2
151 482
1 6 2
337 225
1 4 2
369 110
1 4 2
392 342
1 8 2
257 165
1 3 2
116 321
1 10 2
475 424
1 3 2
106 192
1 12 2
187 27
1 7 2
13 251
1 2 2
413 159
1 15 2
156 132
1 10 2
389 14
1 2 2
257 432
1 11 2
442 451
1 10 2
91 367
1 15 2
158 289
1 13 2
3 247
1 9 2
251 364
1 12 2
370 338
1 7 2
56 358
1 2 2
411 318
1 6 2
341 194
1 2 2
224 199
1 11 2
307 43
1 4 2
225 449
1 3 2
158 222
1 2 2
443 479
1 6 2
461 425
1 14 2
41 280
1 10 2
12 52
1 8 2
205 312
1 2 2
240 141
1 9 2
104 157
1 12 2
196 2
1 5 2
159 59
1 12 2
462 270
1 6 2
444 211
1 13 2
212 84
1 8 2
244 45
1 13 2
176 405
1 5 2
349 60
1 11 2
101 42
1 2 2
248 383
1 4 2
194 356
1 14 2
339 332
1 2 2
236 400
1 6 2
482 184
1 10 2
170 125
1 2 2
351 145
1 5 2
0 160
1 14 2
269 120
1 12 2
314 230
1 9 2
333 225
1 14 2
100 329
1 7 2
304 137
1 15 2
359 458
1 6 2
480 497
1 8 2
342 358
1 11 2
39 318
1 4 2
35 442
1 15 2
293 493
1 9 2
419 57
1 12 2
174 396
1 13 2
75 80
1 4 2
205 380
1 11 2
272 41
1 2 2
26 447
1 2 2
340 463
1 14 2
429 301
1 10 2
405 224
1 14 2
54 95
1 4 2
152 443
1 8 2
312 376
1 6 2
300 289
1 15 2
120 483
1 12 2
10 144
1 4 2
118 161
1 12 2
6 470
1 15 2
29 140
1 2 2
91 11
1 2 2
228 416
1 4 2
327 425
1 11 2
91 30
1 10 2
110 174
1 3 2
95 9
1 4 2
232 132
1 10 2
332 167
1 13 2
58 113
1 8 2
347 348
1 12 2
14 246
1 15 2
237 437
1 4 2
131 312
1 4 2
75 67
1 9 2
8 71
1 12 2
114 442
1 6 2
447 259
1 9 2
226 458
1 13 2
262 328
1 7 2
419 70
1 6 2
226 296
1 7 2
203 230
1 10 2
395 37
1 5 2
181 271
1 5 2
187 214
1 4 2
118 127
1 6 2
421 375
1 8 2
469 163
1 2 2
387 252
1 11 2
267 121
1 12 2
258 85
1 6 2
390 40
1 15 2
114 291
1 5 2
346 153
1 6 2
4 283
1 2 2
206 64
1 2 2
78 382
1 4 2
421 93
1 12 2
25 162
1 12 2
372 181
1 14 2
248 198
1 14 2
455 415
1 9 2
297 398
1 14 2
420 218
1 11 2
190 258
1 9 2
425 88
1 14 2
171 358
1 9 2
491 448
1 7 2
350 132
1 14 2
287 260
1 6 2
7 447
1 15 2
450 144
1 15 2
161 435
1 12 2
82 141
1 15 2
378 387
1 3 2
95 197
1 13 2
103 471
1 3 2
352 145
1 2 2
177 190
1 8 2
330 407
1 10 2
48 320
1 10 2
238 394
1 13 2
273 493
1 11 2
92 167
1 8 2
232 361
1 6 2
153 51
1 11 2
150 200
1 9 2
177 138
1 7 2
442 406
1 14 2
441 250
1 3 2
16 408
1 4 2
273 450
1 2 2
88 152
1 6 2
198 116
1 14 2
97 117
1 4 2
235 258
1 8 2
293 459
1 4 2
125 107
1 14 2
163 59
1 14 2
386 137
1 7 2
361 262
1 5 2
437 215
1 15 2
317 141
1 8 2
132 168
1 10 2
278 449
1 10 2
351 110
1 2 2
413 291
1 4 2
82 479
1 7 2
397 195
1 2 2
377 347
1 12 2
430 149
1 5 2
208 17
1 14 2
52 64
1 2 2
351 79
1 11 2
367 320
1 6 2
454 380
1 15 2
134 77
1 12 2
94 306
1 14 2
345 254
1 14 2
184 56
1 5 2
283 215
1 6 2
199 163
1 15 2
498 294
1 14 2
15 204
1 2 2
62 437
1 11 2
95 57
1 14 2
400 440
1 6 2
43 312
1 11 2
341 331
1 8 2
256 226
1 7 2
432 387
1 4 2
437 329
1 4 2
133 353
1 3 2
121 356
1 7 2
488 456
1 8 2
350 434
1 5 2
168 375
1 7 2
262 138
1 4 2
176 444
1 6 2
204 288
1 8 2
367 313
1 4 2
229 280
1 11 2
322 416
1 10 2
325 477
1 14 2
323 184
1 6 2
240 145
1 13 2
469 448
1 9 2
261 208
1 2 2
329 115
1 2 2
11 295
1 9 2
135 264
1 9 2
210 376
1 12 2
125 33
1 6 2
96 493
1 7 2
145 7
1 13 2
277 172
1 8 2
51 476
1 7 2
243 343
1 10 2
63 311
1 4 2
316 277
1 7 2
329 433
1 9 2
289 184
1 2 2
489 25
1 5 2
24 241
1 4 2
220 46
1 6 2
294 222
1 12 2
326 182
1 7 2
451 303
1 4 2
260 432
1 5 2
150 86
1 6 2
153 423
1 6 2
319 13
1 14 2
62 256
1 5 2
392 400
1 7 2
446 232
1 8 2
148 290
1 13 2
349 353
1 3 2
283 129
1 12 2
107 120
1 9 2
146 444
1 10 2
30 13
1 8 2
331 375
1 4 2
314 94
1 10 2
397 20
1 10 2
246 342
1 7 2
371 229
1 13 2
119 333
1 9 2
101 168
1 6 2
404 302
1 11 2
45 74
1 11 2
252 229
1 7 2
58 354
1 15 2
106 3
1 13 2
56 354
1 9 2
172 78
1 4 2
426 348
1 13 2
396 43
1 10 2
100 62
1 11 2
232 191
1 4 2
117 50
1 13 2
339 304
1 15 2
119 392
1 14 2
350 98
1 3 2
94 289
1 5 2
351 238
1 9 2
418 445
1 3 2
270 37
1 8 2
132 489
1 12 2
354 65
1 15 2
458 393
1 13 2
151 341
1 6 2
108 207
1 4 2
93 258
1 14 2
25 469
1 10 2
220 156
1 4 2
87 234
1 5 2
432 468
1 4 2
12 367
1 13 2
256 56
1 9 2
36 384
1 7 2
281 65
1 12 2
374 69
1 13 2
368 270
1 5 2
252 278
1 11 2
88 474
1 10 2
322 15
1 14 2
85 68
1 13 2
373 50
1 3 2
452 459
1 9 2
65 442
1 9 2
57 298
1 13 2
13 87
1 3 2
309 98
1 11 2
61 66
1 6 2
185 281
1 2 2
185 103
1 12 2
308 456
1 7 2
349 214
1 10 2
187 188
1 10 2
208 4
1 3 2
411 225
1 8 2
209 319
1 5 2
461 493
1 5 2
488 279
1 6 2
12 35
1 2 2
199 366
1 10 2
96 62
1 2 2
288 93
1 14 2
53 324
1 7 2
433 319
1 13 2
299 345
1 7 2
207 46
1 3 2
65 244
1 13 2
148 51
1 12 2
362 265
1 13 2
310 333
1 7 2
246 257
1 5 2
119 31
1 9 2
497 119
1 5 2
222 203
1 9 2
441 327
1 6 2
75 410
1 9 2
301 390
1 11 2
60 123
1 4 2
0 233
1 9 2
23 387
1 9 2
419 180
1 14 2
237 481
1 15 2
409 232
1 11 2
10 147
1 6 2
305 493
1 8 2
418 233
1 9 2
274 319
1 7 2
308 167
1 12 2
218 70
1 9 2
478 65
1 15 2
150 277
1 13 2
460 230
1 13 2
461 39
1 9 2
423 130
1 12 2
196 463
1 4 2
429 198
1 14 2
311 235
1 2 2
176 285
1 4 2
491 246
1 11 2
363 163
1 3 2
86 173
1 8 2
317 434
1 6 2
479 214
1 5 2
437 260
1 3 2
130 259
1 6 2
316 299
1 13 2
251 483
1 9 2
414 299
1 12 2
308 453
1 7 2
446 237
1 12 2
476 80
1 13 2
131 344
1 13 2
351 226
1 8 2
91 94
1 3 2
213 349
1 15 2
337 3
1 10 2
386 163
1 4 2
113 85
1 11 2
307 324
1 5 2
205 81
1 2 2
343 455
1 4 2
491 341
1 4 2
388 136
1 12 2
87 493
1 10 2
407 196
1 12 2
261 116
1 13 2
39 427
1 8 2
126 279
1 5 2
204 287
1 13 2
460 497
1 7 2
175 466
1 3 2
240 479
1 2 2
148 143
1 12 2
403 357
1 6 2
432 110
1 6 2
346 136
1 2 2
141 192
1 12 2
356 132
1 15 2
419 399
1 14 2
83 65
1 3 2
12 222
1 3 2
55 115
1 11 2
0 72
1 12 2
270 329
1 5 2
416 471
1 7 2
278 447
1 13 2
431 298
1 11 2
322 214
1 10 2
211 82
1 12 2
498 304
1 12 2
37 82
1 2 2
122 207
1 15 2
247 81
1 7 2
311 306
1 4 2
186 374
1 8 2
377 56
1 15 2
84 304
1 2 2
413 302
1 14 2
185 375
1 5 2
61 379
1 10 2
84 107
1 12 2
8 412
1 5 2
415 94
1 5 2
9 452
1 2 2
303 112
1 14 2
216 395
1 9 2
164 476
1 7 2
327 282
1 7 2
222 416
1 11 2
67 8
1 9 2
64 238
1 15 2
281 368
1 8 2
60 166
1 14 2
31 114
1 11 2
369 414
1 10 2
62 116
1 6 2
63 133
1 8 2
322 470
1 5 2
321 489
1 14 2
18 53
1 7 2
61 96
1 7 2
466 156
1 8 2
138 377
1 2 2
20 243
1 13 2
289 169
1 3 2
457 346
1 5 2
397 81
1 11 2
178 380
1 14 2
261 413
1 11 2
140 458
1 11 2
423 235
1 14 2
208 114
1 15 2
9 182
1 9 2
292 23
1 11 2
38 127
1 11 2
352 316
1 8 2
293 484
1 5 2
124 163
1 15 2
25 327
1 15 2
92 66
1 2 2
308 313
1 11 2
339 368
1 2 2
176 18
1 12 2
464 11
1 9 2
14 140
1 11 2
69 334
1 9 2
422 193
1 11 2
178 15
1 7 2
349 98
1 4 2
336 463
1 2 2
130 308
1 3 2
422 32
1 5 2
490 27
1 5 2
350 113
1 7 2
468 405
1 2 2
209 314
1 3 2
257 384
1 7 2
111 48
1 5 2
477 112
1 6 2
252 221
1 13 2
175 204
1 9 2
286 150
1 11 2
126 106
1 5 2
121 285
1 6 2
489 347
1 4 2
377 23
1 14 2
463 107
1 2 2
426 462
1 6 2
43 189
1 8 2
70 226
1 15 2
297 263
1 2 2
23 0
1 3 2
325 457
1 11 2
250 248
1 6 2
75 378
1 8 2
158 332
1 4 2
133 161
1 7 2
350 262
1 15 2
435 279
1 8 2
62 15
1 8 2
137 151
1 14 2
142 240
1 6 2
213 148
1 11 2
274 84
1 12 2
167 398
1 11 2
141 192
1 6 2
142 28
1 12 2
170 335
1 4 2
184 169
1 14 2
119 19
1 6 2
234 341
1 9 2
111 291
1 11 2
90 121
1 3 2
61 336
1 12 2
297 398
1 14 2
20 361
1 14 2
398 102
1 15 2
127 373
1 13 2
292 174
1 13 2
478 38
1 15 2
125 236
1 6 2
34 445
1 7 2
449 419
1 6 2
231 179
1 10 2
33 86
1 10 2
151 211
1 3 2
467 204
1 8 2
73 325
1 13 2
113 69
1 8 2
319 394
1 15 2
152 248
1 8 2
417 119
1 15 2
412 227
1 13 2
200 320
1 8 2
61 94
1 11 2
164 205
1 10 2
161 422
1 2 2
335 166
1 11 2
266 385
1 12 2
193 213
1 10 2
47 210
1 3 2
49 179
1 8 2
360 474
1 15 2
42 201
1 10 2
376 130
1 11 2
422 297
1 2 2
289 381
1 7 2
69 419
1 11 2
286 22
1 4 2
400 31
1 12 2
295 477
1 6 2
5 239
1 12 2
477 158
1 6 2
100 120
1 6 2
394 62
1 10 2
283 269
1 15 2
270 332
1 13 2
30 169
1 2 2
383 312
1 13 2
93 169
1 13 2
310 499
1 3 2
150 479
1 10 2
467 202
1 5 2
260 166
1 13 2
398 10
1 12 2
377 435
1 3 2
312 165
1 4 2
434 142
1 5 2
407 428
1 6 2
415 164
1 5 2
154 24
1 9 2
468 166
1 15 2
255 28
1 6 2
403 42
1 7 2
263 54
1 11 2
50 279
1 7 2
139 62
1 3 2
410 365
1 7 2
163 129
1 11 2
324 69
1 15 2
319 246
1 14 2
250 412
1 14 2
469 365
1 12 2
80 459
1 5 2
301 394
1 13 2
344 422
1 3 2
45 352
1 6 2
241 464
1 15 2
32 444
1 15 2
436 7
1 12 2
164 408
1 14 2
397 3
1 6 2
186 309
1 13 2
416 131
1 4 2
444 34
1 13 2
97 13
1 15 2
473 122
1 7 2
421 211
1 8 2
316 193
1 14 2
248 236
1 13 2
242 436
1 11 2
392 459
1 15 2
113 266
1 12 2
91 279
1 6 2
391 386
1 10 2
102 141
1 12 2
177 345
1 10 2
172 164
1 10 2
483 155
1 3 2
327 304
1 7 2
368 184
1 8 2
235 192
1 9 2
181 453
1 13 2
350 55
1 3 2
128 82
1 9 2
23 247
1 4 2
154 444
1 8 2
381 294
1 9 2
11 476
1 6 2
205 178
1 14 2
331 308
1 5 2
106 282
1 10 2
492 74
1 4 2
470 75
1 6 2
64 387
1 2 2
123 349
1 10 2
418 262
1 13 2
428 108
1 10 2
199 217
1 6 2
425 259
1 9 2
312 345
1 15 2
382 470
1 12 2
373 381
1 11 2
342 257
1 2 2
158 363
