500 4000 1500
22 11 18 9 25 12 24 20 9 18 11 12 15 18 17 11 6 5 22 20 20 7 22 10 25 14 22 20 12 5 20 9 14 9 9 6 17 7 22 6 16 6 19 9 19 21 6 5 10 7 12 10 10 13 5 10 25 9 22 14 11 9 21 15 22 17 8 25 25 13 5 24 14 16 6 10 11 5 9 14 6 16 6 22 20 6 16 25 25 14 17 16 13 23 21 24 24 7 10 8 20 16 22 17 12 10 22 6 24 19 8 14 20 13 24 20 19 6 21 19 21 16 23 22 6 5 18 25 17 11 15 21 24 22 12 13 11 17 25 15 13 15 8 21 17 16 8 21 8 8 24 6 8 13 10 21 19 6 17 7 19 7 14 22 15 13 11 22 10 10 9 10 18 25 23 11 25 15 9 7 5 24 13 20 24 17 8 20 7 11 18 16 11 14 20 10 24 6 20 23 16 6 10 14 6 13 16 24 9 5 15 9 19 19 16 9 19 9 25 24 13 24 18 8 23 10 7 12 21 20 10 13 25 7 7 10 18 6 15 11 20 10 17 21 25 16 14 25 10 12 8 7 5 8 22 23 22 8 19 8 9 22 18 12 12 13 12 14 23 16 21 8 19 19 6 13 14 20 24 10 12 16 6 14 9 8 25 24 8 7 14 18 15 25 14 21 21 17 12 20 15 12 10 25 19 23 12 21 7 12 16 12 11 22 14 21 23 22 7 12 12 25 11 17 7 6 18 11 21 5 6 6 22 21 11 25 16 21 11 8 23 17 6 14 20 23 11 6 24 11 22 17 18 22 5 5 5 8 16 7 11 21 18 8 10 12 13 21 11 13 25 24 9 5 16 22 11 17 12 22 25 7 19 24 14 6 13 24 25 25 23 11 11 21 25 25 10 25 18 15 19 12 17 21 13 23 14 11 25 13 5 23 17 10 11 24 22 8 20 9 12 13 6 16 16 24 13 15 25 11 20 18 8 6 9 11 23 12 21 13 18 18 23 10 15 5 21 12 8 18 20 21 24 11 9 10 9 18 14 25 22 13 9 23 23 25 19 12 17 10 11 11 19 21 20 23 11 12 9 10 20 25 25 19 12 16 22 13 7 5 9 7 20 23 18 8 14 18 17 14
3 10 7 3 16 9 13 17 7 17 7 9 8 5 11 10 11 7 6 18 17 8 5 6 14 11 18 20 6 17 13 9 5 3 8 18 4 5 9 16 13 7 18 18 9 5 3 4 5 5 20 13 13 12 6 20 3 20 10 4 12 9 3 20 14 3 4 12 18 8 7 20 18 9 11 8 12 18 14 20 19 16 4 4 9 16 10 17 10 6 15 8 9 16 11 10 20 14 12 12 13 3 16 15 7 12 13 12 12 18 3 10 6 12 15 6 16 15 8 6 17 6 7 9 19 4 7 19 11 9 12 20 13 11 16 17 6 13 7 20 9 4 18 7 3 10 11 7 3 5 17 6 11 16 6 11 6 4 7 8 10 5 12 11 12 8 11 15 12 4 3 4 4 9 10 16 3 7 19 11 16 7 14 12 12 10 13 4 18 10 13 19 10 18 12 19 15 6 8 12 14 18 6 20 5 3 16 3 6 4 20 8 3 11 11 8 16 12 9 12 11 9 4 4 19 14 16 6 12 9 17 16 16 14 5 13 15 11 10 7 14 15 13 5 12 9 3 5 16 13 14 20 9 18 5 3 15 13 14 5 4 18 14 18 8 17 19 13 5 20 13 13 4 10 4 9 5 14 5 8 12 5 6 20 9 6 15 3 4 5 11 13 3 11 5 7 18 8 6 9 11 10 16 19 15 4 3 15 8 7 16 13 11 4 10 15 16 17 16 16 7 13 10 15 11 6 3 7 19 5 7 20 11 9 13 19 7 5 11 20 6 20 11 7 17 13 7 15 15 20 19 20 20 4 11 15 9 13 9 3 10 4 16 6 4 15 13 18 7 7 4 19 9 16 17 20 19 9 4 4 19 18 11 10 3 13 18 19 8 3 15 15 5 17 14 9 18 17 20 3 15 18 11 12 4 8 5 17 13 10 3 13 3 4 7 10 19 8 3 8 10 14 11 20 20 13 9 6 17 4 7 3 17 19 4 17 10 13 18 9 9 9 8 11 7 15 9 10 15 6 6 9 8 13 15 20 8 10 10 5 3 7 19 14 20 16 10 10 8 8 6 20 12 6 8 8 15 20 11 19 19 9 18 9 8 5 4 19 14 17 11 11 8 17 12 4 18 8 17 13
1 13 2
383 248
1 3 2
441 437
1 4 2
247 174
1 6 2
456 428
1 4 2
49 78
1 6 2
124 315
1 11 2
258 216
1 15 2
460 270
1 14 2
26 174
1 2 2
418 35
1 6 2
132 150
1 14 2
83 243
1 7 2
47 247
1 12 2
309 481
1 6 2
290 417
1 7 2
320 220
1 7 2
121 225
1 10 2
167 26
1 11 2
17 265
1 13 2
458 304
1 7 2
58 157
1 3 2
341 134
1 14 2
425 262
1 11 2
104 22
1 8 2
357 153
1 15 2
358 191
1 13 2
158 252
1 6 2
258 380
1 4 2
336 475
1 8 2
9 461
1 12 2
23 338
1 6 2
82 350
1 10 2
439 45
1 9 2
55 240
1 9 2
158 300
1 13 2
227 420
1 15 2
62 449
1 8 2
383 392
1 4 2
128 495
1 7 2
230 266
1 12 2
419 460
1 15 2
184 247
1 12 2
390 192
1 5 2
261 279
1 12 2
401 275
1 2 2
177 298
1 5 2
146 317
1 5 2
297 386
1 14 2
120 18
1 4 2
88 454
1 7 2
336 3
1 3 2
305 409
1 8 2
253 60
1 3 2
401 1
1 11 2
349 488
1 13 2
197 169
1 3 2
59 189
1 9 2
354 300
1 7 2
95 229
1 13 2
434 428
1 15 2
77 152
1 5 2
291 404
1 3 2
159 160
1 15 2
150 246
1 14 2
72 365
1 12 2
205 390
1 2 2
294 78
1 9 2
364 106
1 8 2
69 82
1 11 2
52 1
1 11 2
453 37
1 11 2
120 118
1 13 2
149 80
1 9 2
114 470
1 14 2
152 77
1 14 2
241 389
1 4 2
388 230
1 13 2
92 322
1 15 2
53 91
1 9 2
492 116
1 10 2
228 28
1 2 2
272 195
1 13 2
166 258
1 10 2
222 167
1 12 2
371 447
1 2 2
108 378
1 4 2
224 306
1 10 2
28 484
1 7 2
274 246
1 3 2
419 247
1 14 2
220 475
1 5 2
299 324
1 9 2
417 13
1 3 2
286 101
1 10 2
437 72
1 7 2
270 92
1 9 2
141 236
1 12 2
38 314
1 6 2
371 164
1 11 2
389 168
1 12 2
156 276
1 9 2
119 225
1 6 2
78 98
1 10 2
346 281
1 5 2
84 231
1 11 2
423 446
1 11 2
224 387
1 7 2
233 479
1 8 2
314 142
1 7 2
274 232
1 7 2
225 122
1 5 2
130 399
1 11 2
264 328
1 3 2
310 315
1 12 2
292 150
1 9 2
450 274
1 11 2
160 256
1 4 2
226 481
1 2 2
104 242
1 12 2
126 450
1 3 2
121 142
1 7 2
430 4
1 15 2
235 30
1 8 2
179 212
1 14 2
424 443
1 7 2
448 90
1 2 2
111 492
1 6 2
478 486
1 14 2
454 361
1 3 2
278 33
1 9 2
282 332
1 5 2
240 294
1 10 2
353 24
1 13 2
313 139
1 14 2
467 181
1 2 2
94 168
1 13 2
171 224
1 12 2
492 255
1 11 2
253 348
1 10 2
253 448
1 11 2
245 323
1 12 2
366 25
1 3 2
90 148
1 10 2
90 281
1 13 2
362 354
1 8 2
82 151
1 7 2
289 496
1 10 2
230 143
1 12 2
409 478
1 10 2
486 1
1 2 2
432 67
1 5 2
355 246
1 7 2
410 182
1 4 2
464 487
1 5 2
111 314
1 12 2
187 47
1 11 2
199 282
1 2 2
68 396
1 13 2
302 56
1 9 2
23 324
1 3 2
403 70
1 11 2
355 146
1 8 2
363 119
1 2 2
89 223
1 11 2
134 66
1 4 2
157 471
1 14 2
349 360
1 7 2
440 90
1 13 2
386 304
1 15 2
278 108
1 6 2
382 166
1 3 2
475 202
1 5 2
219 96
1 4 2
135 400
1 4 2
362 119
1 10 2
38 315
1 9 2
158 170
1 6 2
373 2
1 8 2
335 27
1 6 2
238 165
1 8 2
358 263
1 6 2
19 246
1 9 2
396 386
1 6 2
65 319
1 11 2
395 134
1 4 2
35 315
1 15 2
271 469
1 7 2
330 416
1 4 2
319 67
1 6 2
85 4
1 14 2
270 267
1 11 2
458 58
1 2 2
240 190
1 4 2
55 249
1 13 2
216 404
1 11 2
176 206
1 7 2
287 66
1 2 2
56 7
1 3 2
469 77
1 4 2
180 341
1 9 2
137 276
1 9 2
399 148
1 5 2
286 325
1 6 2
21 265
1 7 2
198 111
1 4 2
105 24
1 3 2
153 119
1 7 2
364 38
1 4 2
428 466
1 3 2
314 469
1 8 2
267 161
1 3 2
263 436
1 8 2
224 341
1 9 2
403 56
1 5 2
231 95
1 3 2
138 150
1 2 2
422 456
1 6 2
493 95
1 2 2
29 232
1 12 2
491 201
1 14 2
395 445
1 13 2
15 155
1 5 2
444 211
1 13 2
0 370
1 5 2
277 204
1 13 2
497 296
1 15 2
242 221
1 8 2
181 275
1 10 2
180 375
1 15 2
164 83
1 6 2
120 351
1 12 2
80 409
1 9 2
291 344
1 8 2
88 494
1 3 2
481 167
1 4 2
446 270
1 14 2
267 383
1 10 2
76 287
1 4 2
244 74
1 9 2
48 306
1 5 2
391 444
1 14 2
138 11
1 5 2
351 78
1 5 2
250 354
1 14 2
81 65
1 12 2
466 112
1 3 2
460 440
1 11 2
178 158
1 13 2
405 258
1 3 2
452 286
1 5 2
28 264
1 11 2
378 124
1 8 2
29 223
1 15 2
4 14
1 9 2
21 424
1 9 2
466 19
1 14 2
68 235
1 10 2
335 110
1 3 2
254 223
1 12 2
52 20
1 6 2
434 285
1 13 2
207 372
1 11 2
439 361
1 8 2
62 5
1 7 2
82 53
1 14 2
471 88
1 4 2
174 266
1 4 2
257 84
1 15 2
470 28
1 12 2
454 439
1 6 2
207 316
1 6 2
106 423
1 10 2
23 471
1 7 2
287 417
1 11 2
99 352
1 3 2
93 224
1 8 2
426 163
1 10 2
91 249
1 4 2
314 214
1 12 2
386 289
1 13 2
193 245
1 13 2
491 58
1 9 2
196 141
1 12 2
206 284
1 11 2
468 307
1 8 2
448 212
1 2 2
13 154
1 9 2
291 205
1 15 2
155 477
1 14 2
326 412
1 12 2
8 392
1 4 2
423 495
1 7 2
412 56
1 6 2
388 228
1 15 2
460 84
1 11 2
41 252
1 8 2
457 101
1 3 2
19 71
1 4 2
119 315
1 8 2
16 136
1 5 2
182 331
1 5 2
130 485
1 2 2
206 290
1 2 2
464 247
1 5 2
162 399
1 9 2
2 156
1 6 2
323 307
1 11 2
249 321
1 4 2
288 458
1 3 2
333 269
1 15 2
70 491
1 8 2
361 169
1 9 2
441 92
1 14 2
259 93
1 12 2
190 340
1 11 2
175 298
1 6 2
6 203
1 5 2
319 272
1 7 2
334 269
1 4 2
475 120
1 3 2
398 97
1 5 2
301 256
1 13 2
29 3
1 14 2
149 186
1 9 2
397 118
1 6 2
81 133
1 11 2
464 66
1 5 2
57 256
1 13 2
499 30
1 5 2
443 254
1 14 2
279 180
1 12 2
10 135
1 7 2
481 84
1 13 2
243 130
1 10 2
32 286
1 3 2
180 314
1 13 2
432 51
1 12 2
396 247
1 6 2
289 383
1 8 2
465 14
1 14 2
236 365
1 11 2
349 85
1 13 2
281 155
1 11 2
36 242
1 13 2
400 441
1 5 2
184 245
1 7 2
140 67
1 7 2
421 115
1 2 2
314 55
1 12 2
217 487
1 5 2
240 254
1 5 2
494 214
1 3 2
141 78
1 7 2
99 12
1 2 2
474 312
1 2 2
10 104
1 11 2
106 114
1 10 2
497 267
1 4 2
287 363
1 14 2
309 139
1 7 2
275 18
1 2 2
194 180
1 4 2
50 144
1 3 2
210 316
1 5 2
292 40
1 3 2
220 12
1 14 2
139 25
1 12 2
161 84
1 14 2
149 398
1 13 2
98 221
1 15 2
208 138
1 9 2
227 176
1 10 2
349 204
1 11 2
135 160
1 3 2
303 458
1 4 2
250 359
1 7 2
351 325
1 6 2
421 457
1 5 2
86 23
1 3 2
225 437
1 10 2
34 177
1 13 2
496 478
1 14 2
27 413
1 12 2
29 305
1 13 2
388 84
1 15 2
480 458
1 13 2
50 178
1 3 2
340 25
1 6 2
409 137
1 6 2
185 227
1 6 2
416 337
1 11 2
334 483
1 4 2
313 419
1 6 2
299 411
1 13 2
115 274
1 14 2
229 171
1 10 2
242 9
1 3 2
495 235
1 10 2
415 446
1 13 2
190 182
1 12 2
138 95
1 6 2
119 347
1 8 2
42 357
1 6 2
181 468
1 7 2
272 328
1 14 2
199 212
1 8 2
55 274
1 4 2
140 77
1 12 2
331 236
1 11 2
399 116
1 10 2
254 174
1 8 2
77 279
1 15 2
118 131
1 8 2
459 209
1 11 2
296 398
1 2 2
259 95
1 12 2
497 267
1 3 2
340 362
1 12 2
93 216
1 3 2
368 95
1 2 2
298 242
1 10 2
194 311
1 2 2
239 330
1 13 2
396 264
1 11 2
434 276
1 4 2
407 469
1 13 2
28 460
1 11 2
274 48
1 11 2
281 348
1 5 2
458 117
1 7 2
495 315
1 5 2
271 89
1 11 2
463 85
1 6 2
43 5
1 2 2
130 427
1 5 2
150 440
1 3 2
58 154
1 7 2
356 115
1 13 2
420 383
1 11 2
377 245
1 2 2
166 394
1 15 2
386 86
1 9 2
235 253
1 15 2
463 39
1 8 2
16 26
1 11 2
224 437
1 10 2
199 18
1 15 2
148 94
1 6 2
397 172
1 14 2
146 85
1 8 2
108 355
1 10 2
398 288
1 15 2
468 91
1 13 2
377 437
1 14 2
62 364
1 9 2
301 419
1 3 2
327 330
1 9 2
182 329
1 8 2
101 309
1 14 2
403 406
1 5 2
387 188
1 3 2
147 322
1 7 2
306 180
1 7 2
354 138
1 14 2
404 59
1 10 2
29 385
1 3 2
395 255
1 4 2
418 53
1 13 2
395 387
1 4 2
249 44
1 3 2
26 127
1 10 2
367 302
1 10 2
485 93
1 9 2
1 87
1 6 2
437 204
1 12 2
372 162
1 6 2
449 483
1 2 2
477 138
1 11 2
243 242
1 12 2
5 20
1 15 2
251 66
1 14 2
296 488
1 9 2
121 51
1 6 2
261 328
1 8 2
134 258
1 2 2
68 271
1 14 2
303 400
1 12 2
131 167
1 7 2
323 255
1 8 2
154 492
1 8 2
50 415
1 10 2
225 70
1 8 2
298 344
1 7 2
311 272
1 7 2
219 148
1 2 2
309 161
1 9 2
426 6
1 6 2
193 340
1 4 2
65 463
1 10 2
378 79
1 13 2
459 162
1 3 2
310 74
1 9 2
279 465
1 2 2
77 296
1 7 2
90 275
1 3 2
57 493
1 11 2
462 397
1 8 2
172 427
1 5 2
116 438
1 14 2
284 293
1 11 2
332 389
1 10 2
474 184
1 4 2
132 145
1 3 2
496 344
1 4 2
323 170
1 4 2
194 56
1 13 2
37 323
1 14 2
355 298
1 12 2
281 89
1 4 2
280 44
1 11 2
345 126
1 11 2
7 321
1 10 2
164 277
1 12 2
311 33
1 11 2
354 16
1 11 2
337 5
1 12 2
196 109
1 3 2
250 119
1 13 2
424 145
1 2 2
249 51
1 8 2
304 178
1 6 2
97 158
1 8 2
198 257
1 12 2
375 322
1 7 2
66 443
1 5 2
81 497
1 11 2
151 137
1 12 2
59 315
1 11 2
492 328
1 11 2
280 175
1 14 2
308 272
1 15 2
112 155
1 5 2
1 465
1 14 2
215 326
1 13 2
443 366
1 12 2
432 425
1 8 2
326 304
1 11 2
130 296
1 15 2
344 295
1 2 2
109 381
1 7 2
398 463
1 11 2
168 92
1 12 2
66 108
1 12 2
94 359
1 15 2
430 475
1 8 2
348 429
1 15 2
425 296
1 15 2
64 40
1 8 2
435 128
1 11 2
440 17
1 15 2
161 207
1 3 2
404 273
1 12 2
9 452
1 7 2
204 320
1 4 2
100 371
1 11 2
175 279
1 4 2
359 306
1 7 2
372 312
1 7 2
140 434
1 12 2
258 224
1 5 2
465 260
1 13 2
252 117
1 8 2
158 65
1 7 2
56 143
1 6 2
422 479
1 11 2
270 179
1 5 2
446 308
1 7 2
68 298
1 7 2
352 171
1 10 2
86 334
1 3 2
334 497
1 4 2
56 291
1 3 2
116 92
1 14 2
349 460
1 9 2
198 312
1 6 2
382 446
1 15 2
336 392
1 8 2
123 51
1 9 2
190 485
1 5 2
11 303
1 5 2
436 204
1 7 2
27 319
1 13 2
57 326
1 5 2
193 81
1 8 2
42 159
1 3 2
137 203
1 2 2
242 17
1 5 2
58 147
1 9 2
405 220
1 5 2
229 332
1 9 2
346 381
1 14 2
250 362
1 12 2
436 337
1 10 2
72 358
1 15 2
476 20
1 8 2
53 242
1 13 2
374 73
1 5 2
264 280
1 5 2
431 323
1 6 2
236 39
1 14 2
181 397
1 7 2
98 105
1 6 2
362 230
1 14 2
474 343
1 13 2
126 0
1 15 2
185 242
1 11 2
291 361
1 6 2
201 375
1 11 2
108 306
1 14 2
38 209
1 3 2
351 352
1 4 2
353 427
1 5 2
469 135
1 6 2
56 145
1 14 2
440 77
1 12 2
24 457
1 4 2
358 64
1 9 2
457 21
1 15 2
481 112
1 2 2
38 217
1 11 2
273 453
1 8 2
172 454
1 6 2
155 394
1 6 2
332 24
1 14 2
346 338
1 8 2
12 297
1 4 2
151 78
1 7 2
471 226
1 10 2
397 280
1 4 2
305 448
1 3 2
346 54
1 3 2
428 168
1 5 2
435 245
1 15 2
228 255
1 13 2
164 259
1 6 2
220 324
1 5 2
498 495
1 11 2
295 328
1 15 2
225 442
1 6 2
102 331
1 8 2
404 115
1 12 2
289 323
1 12 2
114 456
1 5 2
250 399
1 2 2
395 262
1 9 2
307 136
1 5 2
406 28
1 4 2
172 399
1 6 2
343 227
1 7 2
88 90
1 13 2
299 356
1 7 2
228 332
1 8 2
232 405
1 8 2
5 253
1 13 2
160 378
1 12 2
55 237
1 6 2
176 285
1 4 2
136 304
1 10 2
80 392
1 15 2
41 247
1 12 2
37 45
1 15 2
27 242
1 5 2
343 471
1 5 2
225 249
1 10 2
163 218
1 7 2
136 314
1 10 2
79 287
1 9 2
223 189
1 13 2
277 194
1 4 2
266 29
1 6 2
288 222
1 12 2
132 5
1 2 2
172 346
1 13 2
196 50
1 13 2
212 420
1 10 2
184 246
1 3 2
114 404
1 10 2
269 11
1 15 2
364 409
1 6 2
377 174
1 9 2
77 78
1 10 2
171 268
1 13 2
477 499
1 6 2
151 368
1 6 2
421 236
1 14 2
130 400
1 15 2
61 430
1 12 2
140 174
1 7 2
65 449
1 5 2
301 38
1 8 2
87 356
1 3 2
47 209
1 10 2
64 256
1 15 2
39 26
1 15 2
290 4
1 7 2
149 368
1 14 2
218 76
1 9 2
280 288
1 10 2
96 150
1 10 2
361 157
1 11 2
391 373
1 15 2
190 274
1 10 2
268 441
1 2 2
444 123
1 10 2
477 330
1 15 2
276 311
1 2 2
71 139
1 11 2
174 19
1 12 2
223 128
1 9 2
249 19
1 15 2
11 357
1 5 2
363 211
1 8 2
34 102
1 12 2
86 181
1 10 2
452 354
1 12 2
34 295
1 3 2
244 401
1 2 2
123 248
1 7 2
8 116
1 2 2
257 336
1 7 2
1 401
1 5 2
178 452
1 2 2
490 173
1 14 2
437 352
1 3 2
226 453
1 13 2
363 275
1 13 2
40 355
1 5 2
34 468
1 3 2
49 107
1 3 2
284 192
1 8 2
13 182
1 5 2
103 258
1 2 2
291 347
1 9 2
425 134
1 6 2
470 270
1 3 2
432 353
1 10 2
236 390
1 12 2
478 390
1 13 2
438 364
1 7 2
191 5
1 14 2
329 229
1 12 2
251 392
1 3 2
238 133
1 7 2
380 253
1 10 2
288 472
1 5 2
458 259
1 12 2
386 20
1 6 2
43 410
1 11 2
96 185
1 7 2
29 100
1 12 2
177 129
1 9 2
485 293
1 4 2
252 411
1 15 2
157 131
1 11 2
248 453
1 4 2
69 119
1 11 2
469 157
1 8 2
418 487
1 10 2
160 476
1 5 2
310 360
1 11 2
241 100
1 14 2
303 425
1 5 2
10 294
1 2 2
112 376
1 5 2
125 156
1 6 2
33 283
1 7 2
276 79
1 15 2
80 153
1 2 2
408 473
1 10 2
68 18
1 4 2
207 169
1 10 2
332 336
1 2 2
348 389
1 8 2
484 345
1 9 2
230 488
1 6 2
364 215
1 13 2
404 225
1 12 2
95 457
1 12 2
153 495
1 4 2
413 304
1 4 2
14 11
1 4 2
178 346
1 9 2
325 253
1 15 2
68 170
1 10 2
404 326
1 2 2
73 342
1 2 2
95 438
1 14 2
60 23
1 5 2
390 333
1 3 2
256 185
1 7 2
202 369
1 15 2
247 441
1 2 2
132 400
1 4 2
127 337
1 2 2
173 139
1 2 2
278 202
1 9 2
300 306
1 8 2
167 390
1 5 2
400 366
1 14 2
170 23
1 10 2
207 139
1 5 2
301 387
1 12 2
291 41
1 2 2
144 23
1 14 2
309 16
1 10 2
27 105
1 13 2
195 264
1 15 2
378 437
1 13 2
22 14
1 14 2
159 220
1 10 2
196 83
1 13 2
260 131
1 15 2
78 461
1 12 2
207 21
1 13 2
216 479
1 11 2
370 65
1 6 2
82 391
1 8 2
441 424
1 9 2
89 122
1 11 2
160 20
1 12 2
213 80
1 9 2
334 336
1 13 2
162 355
1 15 2
398 126
1 4 2
24 309
1 4 2
473 67
1 14 2
75 341
1 13 2
64 350
1 5 2
349 235
1 15 2
353 473
1 10 2
435 379
1 7 2
162 286
1 3 2
212 44
1 13 2
346 58
1 5 2
177 24
1 3 2
60 473
1 10 2
366 342
1 8 2
97 392
1 10 2
232 173
1 9 2
98 274
1 7 2
421 233
1 12 2
102 272
1 11 2
432 461
1 11 2
23 470
1 12 2
189 197
1 11 2
446 90
1 4 2
276 340
1 13 2
5 302
1 6 2
253 43
1 5 2
335 365
1 2 2
114 213
1 10 2
136 234
1 4 2
441 437
1 3 2
262 258
1 6 2
493 193
1 3 2
289 263
1 3 2
122 116
1 6 2
239 23
1 7 2
184 375
1 12 2
488 68
1 10 2
90 158
1 3 2
386 126
1 2 2
451 376
1 14 2
362 372
1 8 2
449 22
1 4 2
178 359
1 9 2
353 399
1 2 2
421 310
1 11 2
412 308
1 9 2
94 163
1 3 2
199 377
1 12 2
400 463
1 3 2
421 427
1 8 2
381 159
1 6 2
21 61
1 12 2
382 72
1 14 2
88 327
1 6 2
108 442
1 14 2
81 459
1 6 2
11 70
1 9 2
497 472
1 6 2
330 249
1 14 2
248 38
1 12 2
63 218
1 7 2
174 306
1 13 2
206 40
1 2 2
115 390
1 14 2
387 155
1 5 2
462 154
1 11 2
260 380
1 2 2
334 311
1 3 2
230 4
1 11 2
229 310
1 13 2
468 116
1 15 2
305 418
1 9 2
60 481
1 14 2
312 457
1 9 2
32 401
1 12 2
329 453
1 3 2
235 445
1 8 2
107 410
1 10 2
261 233
1 11 2
166 210
1 7 2
170 397
1 9 2
456 313
1 8 2
186 61
1 4 2
216 71
1 8 2
425 341
1 10 2
397 107
1 13 2
454 132
1 4 2
254 381
1 13 2
130 299
1 7 2
227 47
1 11 2
151 31
1 7 2
115 139
1 13 2
299 250
1 15 2
148 76
1 3 2
136 405
1 12 2
221 402
1 13 2
373 391
1 6 2
386 448
1 15 2
317 190
1 8 2
94 185
1 7 2
248 485
1 14 2
337 136
1 7 2
250 364
1 9 2
103 372
1 7 2
252 64
1 8 2
403 19
1 13 2
266 132
1 3 2
278 412
1 15 2
449 225
1 13 2
52 313
1 9 2
230 260
1 6 2
183 399
1 12 2
61 324
1 3 2
486 218
1 14 2
236 107
1 6 2
404 73
1 10 2
68 203
1 4 2
409 388
1 10 2
358 451
1 9 2
127 294
1 12 2
474 341
1 4 2
168 341
1 15 2
293 336
1 2 2
86 260
1 6 2
432 193
1 4 2
141 459
1 2 2
332 54
1 12 2
64 349
1 5 2
107 52
1 4 2
81 338
1 3 2
389 183
1 14 2
103 84
1 7 2
286 365
1 12 2
324 152
1 15 2
460 445
1 5 2
62 435
1 15 2
481 486
1 15 2
49 56
1 9 2
229 296
1 4 2
69 342
1 14 2
12 476
1 10 2
434 68
1 4 2
4 270
1 5 2
82 487
1 15 2
99 161
1 13 2
438 174
1 12 2
469 333
1 2 2
174 229
1 12 2
49 430
1 15 2
274 7
1 5 2
151 435
1 6 2
348 113
1 6 2
358 422
1 4 2
313 495
1 5 2
383 482
1 8 2
407 26
1 8 2
470 10
1 3 2
396 499
1 12 2
140 141
1 3 2
186 229
1 8 2
338 261
1 3 2
350 275
1 5 2
157 262
1 7 2
299 230
1 3 2
229 173
1 5 2
146 182
1 7 2
301 453
1 14 2
108 330
1 10 2
470 297
1 13 2
121 104
1 4 2
276 386
1 12 2
424 391
1 14 2
326 453
1 3 2
388 251
1 2 2
327 263
1 4 2
470 320
1 6 2
88 206
1 15 2
219 18
1 14 2
217 259
1 5 2
261 80
1 9 2
193 97
1 11 2
242 321
1 8 2
393 314
1 14 2
232 447
1 9 2
7 375
1 7 2
280 473
1 13 2
136 337
1 7 2
162 237
1 3 2
168 20
1 10 2
477 34
1 12 2
18 375
1 3 2
260 390
1 10 2
106 208
1 14 2
234 94
1 12 2
337 32
1 14 2
19 29
1 5 2
164 16
1 4 2
247 442
1 10 2
148 216
1 6 2
219 183
1 3 2
341 101
1 15 2
365 488
1 4 2
448 350
1 14 2
283 11
1 7 2
439 62
1 5 2
345 304
1 5 2
443 41
1 13 2
182 19
1 12 2
387 74
1 12 2
220 312
1 9 2
311 292
1 2 2
229 21
1 7 2
155 75
1 10 2
125 318
1 12 2
357 485
1 4 2
494 243
1 12 2
103 362
1 12 2
376 368
1 15 2
175 16
1 2 2
25 324
1 11 2
65 212
1 6 2
446 188
1 3 2
105 449
1 11 2
37 71
1 8 2
386 103
1 13 2
247 77
1 8 2
256 63
1 4 2
487 141
1 3 2
115 456
1 3 2
232 424
1 7 2
15 355
1 2 2
317 128
1 5 2
455 58
1 4 2
393 321
1 10 2
44 174
1 12 2
388 203
1 6 2
405 479
1 3 2
45 479
1 10 2
499 108
1 3 2
68 96
1 15 2
238 170
1 6 2
369 179
1 13 2
267 247
1 14 2
147 351
1 11 2
216 143
1 8 2
397 47
1 6 2
102 40
1 14 2
40 135
1 12 2
357 43
1 6 2
42 226
1 2 2
317 491
1 9 2
285 131
1 4 2
64 185
1 6 2
302 463
1 12 2
281 315
1 9 2
315 185
1 2 2
243 48
1 9 2
354 1
1 9 2
334 350
1 13 2
311 19
1 8 2
367 100
1 7 2
347 316
1 14 2
349 200
1 6 2
241 254
1 10 2
470 413
1 13 2
379 123
1 3 2
260 290
1 6 2
429 327
1 7 2
104 252
1 10 2
209 464
1 7 2
337 126
1 6 2
100 115
1 15 2
158 186
1 12 2
36 47
1 8 2
288 427
1 3 2
415 325
1 11 2
8 69
1 3 2
214 240
1 7 2
378 365
1 8 2
349 300
1 13 2
412 231
1 13 2
332 473
1 3 2
384 348
1 10 2
302 126
1 13 2
232 246
1 7 2
315 397
1 2 2
1 246
1 5 2
10 472
1 5 2
481 203
1 3 2
282 294
1 5 2
251 259
1 13 2
498 141
1 7 2
373 202
1 3 2
310 249
1 8 2
117 439
1 12 2
317 415
1 9 2
189 30
1 7 2
464 475
1 13 2
309 120
1 5 2
218 271
1 14 2
201 473
1 2 2
190 224
1 4 2
391 14
1 4 2
168 399
1 6 2
191 118
1 6 2
399 431
1 7 2
464 439
1 6 2
404 236
1 2 2
11 445
1 4 2
296 192
1 13 2
344 499
1 14 2
132 291
1 5 2
243 91
1 9 2
31 112
1 12 2
327 268
1 3 2
233 355
1 5 2
210 8
1 8 2
283 124
1 8 2
423 117
1 5 2
297 86
1 14 2
378 429
1 9 2
190 465
1 3 2
330 416
1 15 2
220 184
1 5 2
155 276
1 3 2
430 432
1 6 2
357 292
1 11 2
400 306
1 6 2
103 342
1 6 2
114 66
1 14 2
120 443
1 5 2
478 57
1 3 2
205 47
1 5 2
412 414
1 3 2
130 152
1 10 2
170 450
1 4 2
227 6
1 3 2
99 52
1 8 2
308 433
1 4 2
5 166
1 10 2
47 96
1 9 2
138 33
1 10 2
111 340
1 8 2
427 482
1 13 2
373 408
1 3 2
350 65
1 5 2
337 364
1 14 2
331 85
1 7 2
150 310
1 10 2
494 93
1 4 2
135 491
1 5 2
369 40
1 6 2
146 255
1 11 2
68 348
1 15 2
169 81
1 4 2
243 145
1 7 2
256 496
1 10 2
76 321
1 9 2
218 332
1 3 2
180 242
1 11 2
360 82
1 15 2
60 117
1 12 2
196 447
1 11 2
475 401
1 12 2
396 487
1 14 2
40 356
1 15 2
108 128
1 9 2
255 117
1 12 2
57 342
1 3 2
195 448
1 8 2
388 10
1 11 2
403 273
1 6 2
457 272
1 8 2
233 225
1 15 2
11 40
1 9 2
451 244
1 7 2
257 333
1 9 2
497 202
1 15 2
210 387
1 12 2
460 223
1 7 2
311 440
1 5 2
244 88
1 15 2
426 158
1 8 2
169 484
1 6 2
200 251
1 11 2
259 191
1 5 2
274 254
1 7 2
310 168
1 11 2
192 452
1 3 2
46 99
1 14 2
184 168
1 9 2
24 212
1 6 2
215 113
1 4 2
481 242
1 3 2
86 237
1 6 2
51 69
1 2 2
241 188
1 7 2
439 384
1 7 2
14 328
1 4 2
286 168
1 3 2
271 260
1 5 2
370 382
1 12 2
437 296
1 13 2
115 214
1 4 2
145 420
1 14 2
100 485
1 12 2
73 125
1 8 2
355 18
1 4 2
292 224
1 3 2
106 104
1 6 2
494 296
1 15 2
28 98
1 9 2
263 186
1 6 2
350 49
1 3 2
457 314
1 2 2
381 305
1 11 2
153 179
1 5 2
294 192
1 7 2
333 154
1 3 2
463 136
1 13 2
461 283
1 5 2
270 130
1 10 2
409 411
1 5 2
39 393
1 10 2
302 83
1 4 2
162 340
1 15 2
153 311
1 3 2
192 113
1 6 2
416 382
1 10 2
375 335
1 9 2
447 497
1 4 2
144 162
1 12 2
414 479
1 14 2
383 376
1 3 2
26 466
1 14 2
380 381
1 8 2
429 69
1 11 2
300 231
1 7 2
174 440
1 6 2
456 177
1 9 2
12 303
1 8 2
449 356
1 14 2
441 487
1 8 2
349 269
1 7 2
477 311
1 11 2
361 280
1 9 2
285 317
1 12 2
5 193
1 8 2
198 370
1 2 2
447 440
1 11 2
112 406
1 14 2
310 17
1 4 2
449 97
1 5 2
14 18
1 9 2
255 71
1 9 2
338 267
1 2 2
82 104
1 12 2
456 358
1 6 2
90 494
1 10 2
253 415
1 3 2
58 198
1 14 2
397 182
1 9 2
459 276
1 11 2
7 485
1 14 2
305 193
1 15 2
134 149
1 3 2
294 244
1 11 2
36 375
1 11 2
59 332
1 4 2
211 398
1 3 2
391 406
1 14 2
303 318
1 8 2
461 101
1 6 2
196 483
1 11 2
469 79
1 8 2
213 428
1 14 2
335 144
1 6 2
294 121
1 10 2
321 172
1 5 2
122 351
1 3 2
323 172
1 14 2
479 332
1 9 2
87 210
1 3 2
173 86
1 12 2
357 314
1 11 2
304 478
1 8 2
485 341
1 11 2
92 85
1 6 2
490 429
1 5 2
420 345
1 10 2
105 97
1 4 2
281 222
1 6 2
481 382
1 4 2
428 239
1 13 2
300 245
1 8 2
419 471
1 12 2
381 374
1 8 2
225 247
1 6 2
219 32
1 13 2
122 370
1 2 2
49 91
1 10 2
301 484
1 10 2
49 405
1 3 2
110 190
1 9 2
328 172
1 7 2
419 132
1 7 2
498 107
1 4 2
184 70
1 14 2
315 440
1 7 2
239 168
1 6 2
107 277
1 7 2
123 308
1 6 2
20 284
1 11 2
97 291
1 14 2
85 124
1 2 2
100 43
1 2 2
264 111
1 8 2
281 245
1 3 2
348 31
1 9 2
63 113
1 13 2
372 75
1 2 2
144 348
1 15 2
437 129
1 13 2
360 16
1 2 2
207 64
1 10 2
77 347
1 6 2
27 189
1 15 2
318 128
1 14 2
279 208
1 3 2
164 457
1 10 2
102 149
1 7 2
429 477
1 7 2
410 351
1 9 2
159 119
1 12 2
499 100
1 14 2
79 155
1 3 2
177 283
1 2 2
488 313
1 13 2
451 106
1 7 2
114 424
1 11 2
259 431
1 8 2
326 73
1 10 2
261 31
1 3 2
103 199
1 7 2
363 259
1 2 2
458 203
1 12 2
60 240
1 13 2
275 310
1 11 2
101 419
1 12 2
259 445
1 6 2
407 113
1 13 2
55 292
1 5 2
372 170
1 5 2
363 57
1 13 2
243 0
1 10 2
305 247
1 14 2
460 148
1 2 2
189 361
1 5 2
43 245
1 9 2
322 204
1 3 2
66 225
1 13 2
345 131
1 12 2
288 187
1 2 2
91 57
1 5 2
155 368
1 15 2
255 25
1 11 2
210 449
1 10 2
186 71
1 2 2
188 246
1 11 2
249 423
1 7 2
17 60
1 3 2
263 33
1 8 2
2 262
1 11 2
456 53
1 6 2
213 276
1 3 2
78 328
1 11 2
156 234
1 3 2
112 451
1 8 2
449 114
1 9 2
497 452
1 9 2
241 250
1 7 2
465 202
1 9 2
399 290
1 7 2
35 107
1 12 2
340 217
1 5 2
408 278
1 5 2
163 295
1 7 2
47 189
1 9 2
383 79
1 9 2
410 141
1 15 2
71 380
1 15 2
410 171
1 4 2
296 355
1 8 2
199 489
1 3 2
489 51
1 14 2
42 369
1 11 2
477 294
1 6 2
344 404
1 12 2
451 227
1 3 2
87 114
1 4 2
146 26
1 13 2
137 85
1 2 2
120 366
1 10 2
104 495
1 13 2
212 144
1 8 2
112 344
1 4 2
224 208
1 10 2
282 254
1 14 2
27 246
1 12 2
237 168
1 6 2
12 499
1 2 2
365 243
1 10 2
395 250
1 7 2
320 36
1 2 2
414 282
1 3 2
470 451
1 8 2
182 427
1 13 2
217 26
1 13 2
139 478
1 11 2
320 8
1 12 2
428 434
1 9 2
238 277
1 2 2
62 376
1 13 2
484 104
1 7 2
213 324
1 2 2
105 212
1 2 2
31 440
1 3 2
325 498
1 11 2
3 95
1 6 2
433 311
1 7 2
23 123
1 9 2
254 26
1 13 2
209 259
1 10 2
483 418
1 11 2
207 382
1 8 2
166 80
1 2 2
34 78
1 12 2
471 271
1 12 2
329 245
1 10 2
323 187
1 4 2
343 90
1 13 2
172 395
1 4 2
78 193
1 13 2
359 20
1 14 2
271 77
1 15 2
264 314
1 10 2
315 187
1 4 2
310 339
1 7 2
34 492
1 14 2
427 124
1 10 2
204 123
1 11 2
420 60
1 9 2
118 17
1 5 2
207 492
1 3 2
35 463
1 7 2
326 207
1 14 2
376 385
1 9 2
262 57
1 8 2
151 53
1 13 2
126 464
1 8 2
405 323
1 13 2
374 471
1 14 2
176 141
1 6 2
351 307
1 7 2
34 480
1 5 2
92 415
1 8 2
128 340
1 11 2
135 246
1 15 2
239 345
1 14 2
452 402
1 8 2
275 262
1 9 2
282 122
1 15 2
16 40
1 3 2
289 260
1 14 2
20 351
1 12 2
412 163
1 6 2
77 154
1 11 2
238 26
1 5 2
187 182
1 10 2
119 60
1 15 2
326 394
1 7 2
25 452
1 7 2
269 394
1 12 2
460 352
1 9 2
409 80
1 9 2
15 418
1 5 2
50 196
1 13 2
417 220
1 15 2
395 271
1 4 2
3 173
1 5 2
447 482
1 5 2
190 358
1 14 2
203 16
1 7 2
74 486
1 6 2
269 387
1 13 2
453 196
1 2 2
162 411
1 14 2
424 302
1 15 2
470 271
1 6 2
121 279
1 11 2
178 208
1 5 2
444 466
1 10 2
188 3
1 7 2
362 446
1 11 2
47 146
1 4 2
418 394
1 7 2
34 233
1 5 2
417 339
1 10 2
274 245
1 9 2
353 252
1 13 2
169 252
1 5 2
347 140
1 14 2
150 116
1 7 2
122 279
1 2 2
395 266
1 6 2
226 230
1 5 2
60 177
1 8 2
495 286
1 8 2
346 238
1 9 2
86 259
1 12 2
306 248
1 14 2
175 410
1 13 2
376 153
1 7 2
449 190
1 15 2
54 42
1 4 2
332 424
1 11 2
42 106
1 13 2
283 498
1 8 2
389 173
1 14 2
339 389
1 10 2
348 393
1 5 2
294 403
1 12 2
431 310
1 10 2
478 203
1 4 2
200 489
1 6 2
396 447
1 8 2
106 110
1 14 2
52 18
1 5 2
101 398
1 8 2
426 475
1 6 2
86 118
1 3 2
47 296
1 3 2
354 440
1 11 2
416 356
1 14 2
126 184
1 14 2
66 321
1 8 2
343 39
1 15 2
405 175
1 5 2
470 212
1 5 2
209 462
1 2 2
219 303
1 13 2
374 228
1 4 2
62 235
1 12 2
215 121
1 12 2
185 223
1 12 2
111 233
1 13 2
45 36
1 4 2
295 416
1 12 2
4 488
1 11 2
275 78
1 11 2
390 482
1 6 2
49 322
1 5 2
163 252
1 13 2
29 469
1 12 2
194 74
1 7 2
372 85
1 10 2
216 420
1 6 2
398 330
1 10 2
465 251
1 11 2
372 342
1 4 2
22 1
1 10 2
337 129
1 13 2
485 48
1 9 2
39 412
1 11 2
72 30
1 10 2
357 252
1 12 2
241 483
1 13 2
423 445
1 11 2
40 462
1 11 2
96 48
1 8 2
332 396
1 11 2
393 389
1 10 2
42 397
1 3 2
407 487
1 10 2
280 115
1 10 2
367 407
1 5 2
137 152
1 15 2
338 194
1 6 2
112 168
1 2 2
338 307
1 14 2
483 99
1 7 2
498 218
1 6 2
3 98
1 12 2
121 105
1 14 2
10 339
1 15 2
84 35
1 4 2
384 11
1 6 2
345 239
1 7 2
382 57
1 13 2
285 476
1 11 2
400 209
1 7 2
82 205
1 10 2
266 493
1 6 2
243 44
1 5 2
64 462
1 13 2
264 127
1 12 2
284 273
1 5 2
142 356
1 9 2
128 224
1 2 2
267 76
1 5 2
419 413
1 6 2
319 289
1 12 2
99 442
1 12 2
42 45
1 11 2
461 267
1 3 2
492 187
1 9 2
394 200
1 13 2
200 21
1 15 2
145 260
1 6 2
113 266
1 8 2
187 418
1 12 2
190 105
1 8 2
315 92
1 15 2
124 116
1 4 2
124 442
1 12 2
180 151
1 8 2
67 360
1 15 2
265 138
1 5 2
291 225
1 8 2
202 436
1 2 2
427 97
1 13 2
188 111
1 11 2
176 38
1 5 2
3 490
1 5 2
46 323
1 2 2
453 77
1 6 2
258 6
1 6 2
15 16
1 6 2
422 284
1 12 2
234 0
1 9 2
108 89
1 3 2
287 266
1 9 2
252 53
1 9 2
255 193
1 10 2
191 428
1 6 2
328 240
1 10 2
475 248
1 10 2
19 73
1 3 2
81 35
1 3 2
84 48
1 10 2
427 177
1 10 2
426 488
1 13 2
270 279
1 11 2
141 327
1 13 2
123 382
1 3 2
285 464
1 7 2
322 42
1 11 2
347 60
1 8 2
103 231
1 15 2
134 44
1 6 2
61 89
1 15 2
56 488
1 3 2
234 144
1 6 2
107 475
1 10 2
446 455
1 6 2
498 407
1 3 2
444 18
1 12 2
246 119
1 11 2
291 204
1 15 2
481 236
1 12 2
52 104
1 7 2
169 151
1 5 2
411 78
1 11 2
37 269
1 11 2
423 217
1 2 2
235 465
1 4 2
189 410
1 5 2
428 293
1 15 2
362 283
1 12 2
466 494
1 10 2
332 180
1 8 2
495 249
1 2 2
440 225
1 6 2
329 62
1 6 2
161 76
1 6 2
296 180
1 12 2
256 117
1 2 2
394 389
1 13 2
343 329
1 13 2
145 268
1 5 2
410 117
1 2 2
153 179
1 15 2
64 371
1 14 2
290 209
1 8 2
114 487
1 10 2
256 26
1 11 2
479 345
1 3 2
57 379
1 13 2
32 113
1 9 2
323 78
1 2 2
317 330
1 15 2
243 265
1 11 2
459 202
1 15 2
432 217
1 9 2
144 141
1 11 2
320 478
1 5 2
17 383
1 5 2
498 414
1 13 2
71 393
1 12 2
466 150
1 8 2
294 423
1 2 2
136 204
1 10 2
220 441
1 5 2
480 317
1 2 2
374 275
1 4 2
299 295
1 12 2
204 334
1 8 2
331 142
1 3 2
208 482
1 7 2
154 183
1 3 2
163 204
1 12 2
401 311
1 12 2
1 115
1 14 2
399 243
1 5 2
22 340
1 12 2
379 285
1 13 2
186 37
1 3 2
337 105
1 13 2
366 491
1 13 2
259 125
1 9 2
297 223
1 8 2
334 126
1 9 2
439 453
1 13 2
478 129
1 8 2
360 45
1 6 2
213 34
1 5 2
380 189
1 14 2
158 449
1 13 2
482 41
1 7 2
120 123
1 9 2
22 386
1 7 2
80 491
1 8 2
174 111
1 4 2
105 149
1 12 2
389 63
1 4 2
27 91
1 9 2
448 416
1 3 2
321 397
1 11 2
127 51
1 6 2
194 131
1 10 2
423 318
1 3 2
492 397
1 4 2
377 455
1 14 2
235 491
1 2 2
212 87
1 2 2
393 201
1 14 2
431 28
1 9 2
22 143
1 8 2
152 250
1 7 2
280 308
1 15 2
304 357
1 10 2
22 260
1 5 2
453 253
1 13 2
290 458
1 12 2
422 470
1 15 2
388 457
1 10 2
430 461
1 15 2
298 469
1 3 2
217 434
1 6 2
371 368
1 14 2
51 485
1 9 2
143 131
1 15 2
171 16
1 12 2
77 117
1 5 2
434 171
1 6 2
349 176
1 10 2
159 448
1 13 2
344 413
1 3 2
161 240
1 9 2
292 205
1 12 2
475 407
1 13 2
131 177
1 15 2
238 65
1 15 2
199 349
1 7 2
370 32
1 14 2
185 371
1 11 2
212 441
1 7 2
226 144
1 11 2
239 83
1 3 2
480 373
1 5 2
439 179
1 2 2
188 84
1 3 2
37 464
1 5 2
339 266
1 13 2
245 54
1 3 2
232 330
1 9 2
72 189
1 13 2
4 403
1 4 2
389 152
1 11 2
246 386
1 14 2
460 142
1 10 2
46 73
1 13 2
333 322
1 13 2
163 32
1 4 2
264 76
1 7 2
83 117
1 13 2
7 79
1 5 2
114 265
1 15 2
333 105
1 11 2
268 37
1 7 2
358 373
1 6 2
69 71
1 7 2
183 267
1 2 2
279 17
1 14 2
453 439
1 14 2
59 49
1 7 2
308 32
1 14 2
411 223
1 3 2
160 288
1 6 2
204 278
1 10 2
389 153
1 11 2
495 228
1 12 2
438 127
1 15 2
111 143
1 11 2
470 368
1 13 2
277 159
1 5 2
44 213
1 14 2
223 61
1 10 2
471 104
1 4 2
403 478
1 7 2
178 95
1 9 2
167 334
1 10 2
435 167
1 9 2
323 12
1 9 2
463 350
1 9 2
382 408
1 15 2
134 300
1 13 2
298 143
1 8 2
449 205
1 4 2
3 433
1 3 2
313 254
1 12 2
23 131
1 7 2
138 255
1 7 2
124 163
1 15 2
424 27
1 5 2
65 34
1 5 2
55 62
1 7 2
380 79
1 2 2
42 315
1 15 2
493 183
1 3 2
56 458
1 3 2
365 28
1 6 2
479 113
1 5 2
458 492
1 2 2
249 357
1 4 2
165 100
1 9 2
488 413
1 14 2
26 107
1 14 2
51 313
1 12 2
483 71
1 2 2
260 15
1 3 2
342 357
1 13 2
210 343
1 11 2
462 318
1 10 2
53 405
1 13 2
434 198
1 9 2
202 259
1 6 2
409 329
1 3 2
254 87
1 7 2
138 91
1 12 2
401 164
1 3 2
404 478
1 12 2
426 107
1 10 2
136 369
1 13 2
234 404
1 7 2
209 158
1 15 2
9 116
1 15 2
60 172
1 6 2
139 343
1 14 2
174 304
1 15 2
9 86
1 6 2
424 270
1 7 2
362 341
1 15 2
391 228
1 14 2
161 153
1 3 2
259 89
1 4 2
148 87
1 12 2
354 225
1 11 2
229 429
1 3 2
200 134
1 10 2
459 467
1 6 2
415 295
1 8 2
36 74
1 12 2
53 127
1 10 2
487 467
1 15 2
432 493
1 2 2
409 234
1 5 2
268 224
1 9 2
214 78
1 10 2
395 175
1 5 2
314 6
1 4 2
404 393
1 13 2
322 463
1 7 2
44 76
1 4 2
77 362
1 14 2
221 281
1 8 2
88 95
1 9 2
85 169
1 15 2
125 236
1 9 2
165 191
1 10 2
282 192
1 4 2
69 299
1 3 2
311 323
1 2 2
14 151
1 11 2
156 151
1 4 2
471 189
1 10 2
483 430
1 4 2
361 258
1 12 2
327 80
1 3 2
369 220
1 4 2
449 143
1 14 2
0 449
1 14 2
292 358
1 9 2
311 63
1 6 2
436 301
1 2 2
205 35
1 5 2
0 234
1 4 2
132 480
1 10 2
266 161
1 3 2
289 474
1 9 2
234 329
1 6 2
276 234
1 4 2
321 399
1 3 2
487 450
1 7 2
151 161
1 15 2
166 20
1 12 2
154 65
1 15 2
292 223
1 13 2
184 448
1 7 2
203 481
1 14 2
347 168
1 4 2
390 317
1 2 2
482 443
1 9 2
136 213
1 14 2
422 197
1 13 2
391 195
1 14 2
159 194
1 6 2
351 68
1 10 2
382 450
1 2 2
265 195
1 8 2
439 120
1 11 2
493 234
1 15 2
275 55
1 9 2
253 422
1 4 2
471 363
1 7 2
390 433
1 12 2
254 206
1 12 2
432 100
1 7 2
271 1
1 3 2
93 57
1 3 2
254 261
1 15 2
229 343
1 4 2
478 179
1 6 2
6 443
1 6 2
182 47
1 4 2
59 307
1 6 2
132 5
1 3 2
401 333
1 9 2
249 120
1 15 2
166 64
1 10 2
498 461
1 4 2
450 348
1 14 2
392 441
1 11 2
79 407
1 7 2
28 71
1 8 2
82 479
1 4 2
332 278
1 11 2
44 29
1 10 2
109 72
1 9 2
142 457
1 12 2
492 50
1 2 2
498 286
1 13 2
472 389
1 10 2
107 271
1 7 2
172 348
1 2 2
177 251
1 12 2
173 242
1 10 2
263 174
1 11 2
496 106
1 8 2
425 326
1 11 2
196 61
1 9 2
281 256
1 7 2
363 104
1 7 2
148 435
1 9 2
289 237
1 14 2
364 165
1 7 2
214 116
1 7 2
351 211
1 11 2
410 101
1 9 2
206 436
1 15 2
267 312
1 11 2
188 300
1 6 2
247 391
1 8 2
413 427
1 2 2
17 481
1 15 2
67 448
1 6 2
276 237
1 12 2
458 340
1 7 2
354 490
1 3 2
63 211
1 13 2
96 339
1 13 2
207 354
1 15 2
344 455
1 9 2
1 94
1 3 2
125 274
1 4 2
417 174
1 5 2
427 361
1 9 2
109 136
1 4 2
499 174
1 14 2
280 288
1 13 2
470 263
1 14 2
228 389
1 2 2
422 301
1 5 2
136 129
1 4 2
1 431
1 5 2
309 2
1 4 2
401 115
1 14 2
342 332
1 10 2
435 457
1 9 2
125 65
1 11 2
197 56
1 10 2
446 410
1 3 2
168 169
1 10 2
25 134
1 9 2
464 388
1 8 2
498 118
1 8 2
305 331
1 4 2
378 70
1 9 2
410 60
1 9 2
69 276
1 3 2
353 469
1 3 2
452 298
1 7 2
417 91
1 14 2
289 109
1 3 2
145 274
1 8 2
199 331
1 13 2
117 107
1 13 2
183 395
1 3 2
399 268
1 7 2
8 179
1 15 2
291 349
1 11 2
459 383
1 14 2
98 185
1 9 2
257 199
1 3 2
87 81
1 6 2
231 32
1 15 2
273 413
1 11 2
103 172
1 5 2
415 440
1 3 2
315 121
1 6 2
278 52
1 8 2
360 65
1 12 2
290 321
1 2 2
356 3
1 6 2
110 346
1 15 2
216 129
1 2 2
466 487
1 6 2
268 327
1 8 2
153 110
1 6 2
238 171
1 10 2
282 151
1 10 2
259 425
1 5 2
192 392
1 2 2
111 385
1 14 2
135 33
1 13 2
68 219
1 13 2
182 131
1 4 2
78 321
1 12 2
310 495
1 7 2
133 21
1 15 2
10 99
1 14 2
465 172
1 12 2
402 196
1 15 2
353 332
1 9 2
46 341
1 5 2
396 275
1 10 2
242 161
1 15 2
246 10
1 13 2
494 126
1 10 2
253 479
1 9 2
438 204
1 14 2
436 321
1 9 2
457 27
1 14 2
111 38
1 10 2
454 119
1 5 2
209 194
1 7 2
441 392
1 2 2
394 432
1 10 2
155 145
1 3 2
297 293
1 8 2
23 234
1 9 2
190 153
1 15 2
419 396
1 10 2
298 79
1 13 2
317 160
1 8 2
384 68
1 8 2
124 182
1 15 2
441 444
1 4 2
289 306
1 15 2
147 72
1 12 2
184 147
1 13 2
406 40
1 7 2
448 341
1 10 2
387 106
1 12 2
47 210
1 15 2
0 106
1 6 2
239 305
1 5 2
360 207
1 9 2
411 300
1 4 2
173 445
1 2 2
258 145
1 6 2
384 470
1 14 2
254 488
1 6 2
22 153
1 8 2
17 64
1 4 2
306 187
1 8 2
362 371
1 15 2
200 246
1 2 2
52 421
1 14 2
190 466
1 13 2
168 470
1 15 2
426 126
1 13 2
358 450
1 11 2
174 433
1 2 2
53 344
1 5 2
479 469
1 11 2
419 89
1 14 2
193 128
1 15 2
486 402
1 8 2
226 394
1 9 2
233 379
1 8 2
148 216
1 15 2
106 409
1 11 2
11 191
1 8 2
475 327
1 6 2
293 336
1 6 2
209 470
1 13 2
309 116
1 7 2
107 492
1 6 2
137 372
1 11 2
1 337
1 6 2
227 482
1 6 2
481 126
1 13 2
50 158
1 9 2
409 497
1 9 2
119 290
1 3 2
486 448
1 2 2
319 418
1 7 2
407 391
1 5 2
445 258
1 13 2
108 223
1 9 2
364 289
1 3 2
108 312
1 4 2
367 287
1 14 2
365 173
1 10 2
63 321
1 13 2
363 398
1 10 2
494 318
1 2 2
172 31
1 11 2
245 172
1 13 2
479 69
1 2 2
145 260
1 9 2
64 0
1 12 2
427 276
1 14 2
427 113
1 4 2
416 399
1 4 2
470 24
1 13 2
214 129
1 2 2
98 143
1 7 2
319 291
1 6 2
347 462
1 15 2
50 265
1 12 2
196 216
1 6 2
455 392
1 5 2
451 481
1 7 2
190 268
1 14 2
29 156
1 5 2
431 70
1 10 2
80 393
1 14 2
382 117
1 5 2
455 160
1 12 2
117 284
1 6 2
391 269
1 4 2
331 59
1 8 2
396 305
1 2 2
177 172
1 9 2
94 498
1 3 2
226 355
1 7 2
229 243
1 10 2
443 470
1 9 2
355 389
1 15 2
418 154
1 12 2
318 270
1 15 2
227 160
1 9 2
158 141
1 8 2
178 246
1 10 2
264 391
1 13 2
477 193
1 12 2
395 459
1 15 2
104 476
1 5 2
170 353
1 7 2
184 492
1 4 2
264 62
1 14 2
314 218
1 6 2
125 323
1 8 2
196 29
1 4 2
288 225
1 11 2
492 67
1 14 2
329 308
1 12 2
201 378
1 7 2
241 231
1 10 2
114 471
1 10 2
5 96
1 15 2
221 77
1 9 2
366 381
1 7 2
181 287
1 11 2
441 122
1 14 2
397 416
1 4 2
249 268
1 9 2
36 417
1 8 2
63 437
1 7 2
253 22
1 14 2
296 433
1 6 2
30 297
1 12 2
17 315
1 5 2
480 221
1 12 2
90 198
1 13 2
163 368
1 7 2
26 325
1 4 2
431 273
1 2 2
308 322
1 2 2
480 165
1 15 2
197 424
1 15 2
245 476
1 10 2
411 104
1 14 2
263 206
1 13 2
0 272
1 2 2
139 74
1 13 2
144 99
1 2 2
42 401
1 6 2
425 422
1 15 2
254 294
1 13 2
59 238
1 13 2
463 216
1 2 2
166 102
1 2 2
325 246
1 4 2
337 318
1 11 2
150 287
1 6 2
479 286
1 9 2
230 289
1 6 2
264 494
1 8 2
61 214
1 6 2
335 307
1 15 2
211 180
1 6 2
98 118
1 2 2
471 228
1 2 2
116 0
1 12 2
178 105
1 2 2
10 85
1 5 2
228 146
1 6 2
163 49
1 11 2
30 481
1 9 2
247 413
1 6 2
29 48
1 13 2
391 86
1 8 2
173 204
1 8 2
284 267
1 5 2
274 235
1 6 2
336 151
1 2 2
109 260
1 10 2
317 426
1 14 2
68 376
1 10 2
109 133
1 14 2
204 108
1 2 2
366 66
1 8 2
383 237
1 11 2
115 369
1 11 2
120 434
1 3 2
478 286
1 5 2
167 339
1 5 2
383 142
1 2 2
98 144
1 3 2
419 220
1 9 2
87 420
1 13 2
488 204
1 7 2
135 185
1 2 2
255 495
1 14 2
181 365
1 9 2
108 382
1 12 2
0 206
1 9 2
420 377
1 14 2
40 143
1 14 2
35 149
1 8 2
128 278
1 9 2
415 68
1 2 2
435 327
1 4 2
10 320
1 5 2
231 329
1 4 2
422 437
1 6 2
36 121
1 2 2
43 384
1 11 2
438 394
1 2 2
4 175
1 5 2
366 33
1 12 2
84 465
1 13 2
240 328
1 8 2
450 349
1 14 2
267 98
1 2 2
351 14
1 11 2
452 429
1 7 2
199 453
1 7 2
252 206
1 5 2
19 240
1 13 2
407 94
1 14 2
13 489
1 14 2
386 33
1 10 2
208 345
1 12 2
391 19
1 10 2
146 294
1 8 2
67 396
1 11 2
153 258
1 2 2
440 174
1 15 2
412 133
1 5 2
14 313
1 8 2
21 136
1 12 2
82 369
1 4 2
415 99
1 12 2
29 406
1 13 2
392 276
1 5 2
367 392
1 3 2
250 189
1 4 2
400 425
1 4 2
85 276
1 15 2
386 204
1 14 2
286 78
1 12 2
179 24
1 6 2
138 339
1 11 2
7 73
1 6 2
269 213
1 9 2
37 457
1 15 2
348 32
1 3 2
464 22
1 7 2
382 243
1 2 2
463 195
1 8 2
345 489
1 9 2
193 99
1 3 2
139 180
1 3 2
369 265
1 11 2
9 19
1 3 2
163 115
1 5 2
490 284
1 5 2
492 296
1 4 2
16 80
1 7 2
99 324
1 6 2
453 243
1 13 2
101 264
1 5 2
281 442
1 6 2
243 403
1 7 2
437 140
1 11 2
418 462
1 10 2
368 62
1 7 2
214 491
1 12 2
152 164
1 10 2
299 288
1 11 2
111 141
1 5 2
425 197
1 6 2
259 284
1 10 2
489 64
1 9 2
228 231
1 7 2
116 428
1 2 2
441 443
1 8 2
333 359
1 4 2
47 125
1 11 2
433 170
1 8 2
435 102
1 3 2
170 172
1 6 2
370 489
1 13 2
361 491
1 3 2
46 23
1 2 2
39 259
1 2 2
101 248
1 5 2
484 111
1 3 2
475 162
1 4 2
204 302
1 3 2
482 320
1 4 2
422 253
1 8 2
78 341
1 10 2
393 39
1 10 2
364 441
1 15 2
288 410
1 15 2
238 337
1 8 2
49 219
1 9 2
129 472
1 14 2
476 13
1 6 2
209 370
1 13 2
283 323
1 14 2
161 413
1 7 2
299 367
1 5 2
163 55
1 11 2
399 125
1 6 2
97 444
1 13 2
98 64
1 3 2
3 497
1 8 2
406 481
1 9 2
269 361
1 12 2
302 195
1 8 2
426 22
1 7 2
344 385
1 12 2
348 55
1 2 2
329 443
1 13 2
445 356
1 2 2
318 415
1 14 2
139 272
1 8 2
373 363
1 4 2
446 266
1 4 2
122 52
1 4 2
117 403
1 5 2
285 347
1 6 2
70 410
1 5 2
26 123
1 5 2
193 72
1 12 2
283 152
1 9 2
190 145
1 8 2
356 342
1 8 2
444 65
1 10 2
399 466
1 9 2
391 137
1 2 2
165 276
1 14 2
90 154
1 10 2
247 253
1 15 2
463 457
1 15 2
368 135
1 6 2
313 340
1 5 2
481 201
1 8 2
341 187
1 6 2
52 409
1 4 2
466 252
1 10 2
101 31
1 7 2
432 86
1 4 2
141 185
1 12 2
85 170
1 15 2
329 77
1 10 2
378 430
1 4 2
417 59
1 8 2
101 331
1 12 2
179 494
1 11 2
480 42
1 12 2
315 108
1 4 2
62 202
1 10 2
180 293
1 11 2
182 282
1 12 2
357 472
1 9 2
216 100
1 8 2
55 337
1 15 2
214 433
1 10 2
158 87
1 8 2
275 466
1 6 2
335 348
1 7 2
245 1
1 10 2
179 211
1 8 2
234 434
1 5 2
157 20
1 6 2
384 323
1 15 2
393 404
1 8 2
318 377
1 5 2
489 57
1 14 2
48 419
1 4 2
101 386
1 3 2
2 141
1 8 2
450 24
1 6 2
304 229
1 6 2
156 422
1 4 2
378 363
1 2 2
131 76
1 4 2
313 147
1 14 2
427 87
1 4 2
320 18
1 7 2
383 18
1 8 2
26 67
1 3 2
278 89
1 9 2
2 119
1 9 2
130 120
1 6 2
227 121
1 14 2
118 441
1 15 2
73 6
1 3 2
108 442
1 11 2
288 72
1 6 2
196 439
1 9 2
196 351
1 3 2
377 267
1 2 2
90 459
1 10 2
43 298
1 7 2
331 154
1 15 2
151 121
1 15 2
381 36
1 3 2
308 336
1 3 2
161 189
1 14 2
384 77
1 7 2
97 55
1 12 2
141 406
1 7 2
476 487
1 2 2
13 382
1 3 2
241 468
1 10 2
445 333
1 6 2
120 472
1 5 2
147 390
1 9 2
312 300
1 15 2
211 47
1 9 2
191 71
1 11 2
471 69
1 10 2
83 96
1 12 2
465 212
1 2 2
139 33
1 11 2
303 188
1 6 2
286 362
1 2 2
71 231
1 14 2
371 412
1 14 2
285 277
1 8 2
299 213
1 4 2
344 351
1 13 2
312 112
1 14 2
386 288
1 7 2
251 431
1 10 2
33 81
1 8 2
152 73
1 2 2
457 71
1 4 2
428 353
1 5 2
433 183
1 11 2
35 377
1 13 2
236 487
1 4 2
154 138
1 9 2
69 14
1 3 2
20 217
1 13 2
231 84
1 12 2
60 306
1 3 2
162 27
1 3 2
404 335
1 14 2
128 135
1 11 2
481 438
1 2 2
71 380
1 3 2
280 229
1 10 2
38 74
1 2 2
162 176
1 15 2
325 337
1 15 2
120 244
1 14 2
120 477
1 15 2
341 192
1 3 2
277 489
1 3 2
100 392
1 2 2
354 40
1 10 2
445 355
1 14 2
174 487
1 9 2
83 148
1 7 2
279 427
1 2 2
358 366
1 12 2
347 474
1 9 2
403 228
1 7 2
76 363
1 10 2
126 398
1 5 2
201 403
1 10 2
277 347
1 10 2
427 473
1 5 2
489 71
1 12 2
162 103
1 10 2
86 459
1 8 2
410 222
1 7 2
314 8
1 7 2
317 269
1 10 2
33 402
1 14 2
195 201
1 10 2
339 119
1 10 2
154 475
1 15 2
165 86
1 5 2
144 242
1 7 2
331 152
1 5 2
488 170
1 6 2
123 134
1 14 2
261 258
1 14 2
52 466
1 3 2
267 318
1 9 2
281 138
1 8 2
314 116
1 12 2
361 219
1 9 2
1 450
1 14 2
304 171
1 3 2
430 424
1 13 2
447 132
1 14 2
169 228
1 7 2
253 108
1 3 2
490 386
1 14 2
464 8
1 12 2
272 373
1 5 2
228 135
1 12 2
272 270
1 13 2
320 49
1 10 2
289 377
1 2 2
471 329
1 8 2
16 319
1 3 2
322 250
1 9 2
357 340
1 13 2
276 354
1 15 2
472 250
1 10 2
318 270
1 9 2
79 175
1 10 2
18 209
1 11 2
197 100
1 4 2
88 496
1 15 2
492 26
1 11 2
165 465
1 14 2
442 348
1 3 2
48 201
1 10 2
459 259
1 12 2
30 80
1 3 2
41 428
1 6 2
386 188
1 8 2
310 165
1 6 2
150 336
1 10 2
15 65
1 4 2
14 187
1 13 2
216 328
1 7 2
164 84
1 14 2
366 213
1 10 2
353 419
1 6 2
332 366
1 6 2
257 88
1 13 2
57 497
1 12 2
475 421
1 13 2
170 361
1 14 2
167 363
1 2 2
496 160
1 15 2
127 285
1 8 2
127 298
1 2 2
94 406
1 3 2
116 378
1 11 2
59 303
1 7 2
263 290
1 3 2
226 36
1 10 2
435 85
1 2 2
306 309
1 9 2
367 79
1 8 2
379 254
1 10 2
303 126
1 9 2
88 29
1 6 2
255 127
1 7 2
34 340
1 8 2
71 361
1 9 2
311 446
1 14 2
441 351
1 12 2
103 4
1 12 2
249 158
1 2 2
290 39
1 5 2
215 313
1 10 2
476 272
1 3 2
375 495
1 15 2
228 372
1 11 2
53 252
1 4 2
61 439
1 13 2
433 174
1 6 2
198 237
1 15 2
255 336
1 11 2
252 247
1 3 2
274 383
1 8 2
273 135
1 3 2
385 88
1 5 2
170 66
1 13 2
462 107
1 11 2
372 405
1 15 2
292 151
1 13 2
199 45
1 8 2
489 64
1 3 2
383 140
1 7 2
433 125
1 7 2
147 249
1 5 2
344 452
1 14 2
70 361
1 11 2
260 37
1 7 2
421 246
1 11 2
174 115
1 7 2
10 120
1 3 2
262 55
1 12 2
30 195
1 15 2
48 322
1 8 2
489 167
1 4 2
97 8
1 3 2
375 93
1 15 2
171 200
1 7 2
258 132
1 9 2
188 100
1 6 2
148 420
1 5 2
111 235
1 12 2
216 356
1 5 2
69 387
1 4 2
255 102
1 11 2
214 288
1 7 2
126 442
1 8 2
258 335
1 7 2
436 307
1 8 2
442 249
1 9 2
46 50
1 14 2
423 266
1 8 2
497 388
1 3 2
213 400
1 5 2
324 334
1 6 2
400 74
1 11 2
363 425
1 7 2
94 160
1 3 2
363 430
1 12 2
226 112
1 3 2
387 185
1 6 2
122 2
1 14 2
330 172
1 5 2
125 201
1 6 2
473 201
1 7 2
140 190
1 7 2
133 327
1 2 2
53 236
1 11 2
245 252
1 13 2
209 388
1 5 2
210 450
1 11 2
283 270
1 6 2
182 162
1 13 2
314 119
1 4 2
97 85
1 9 2
281 454
1 12 2
238 208
1 13 2
388 321
1 11 2
481 203
1 12 2
361 120
1 15 2
302 460
1 12 2
321 149
1 7 2
169 58
1 2 2
426 254
1 3 2
151 119
1 14 2
269 181
1 10 2
70 197
1 8 2
7 188
1 5 2
130 498
1 8 2
415 228
1 13 2
280 72
1 3 2
150 161
1 5 2
341 96
1 10 2
311 441
1 11 2
301 263
1 6 2
259 277
1 8 2
85 167
1 6 2
154 253
1 12 2
29 429
1 9 2
341 400
1 9 2
169 321
1 15 2
141 143
1 11 2
245 149
1 14 2
54 158
1 7 2
259 454
1 14 2
392 217
1 7 2
433 448
1 5 2
256 429
1 12 2
281 445
1 2 2
163 373
1 6 2
349 120
1 3 2
125 307
1 10 2
167 260
1 12 2
317 460
1 9 2
272 395
1 9 2
308 43
1 13 2
62 21
1 11 2
211 332
1 11 2
291 8
1 11 2
250 450
1 9 2
185 158
1 9 2
266 144
1 3 2
348 17
1 5 2
100 39
1 9 2
23 486
1 11 2
364 482
1 4 2
194 470
1 7 2
85 303
1 9 2
416 12
1 10 2
489 245
1 4 2
4 415
1 4 2
8 36
1 10 2
174 17
1 4 2
242 461
1 4 2
393 10
1 12 2
329 461
1 10 2
27 497
1 11 2
192 22
1 6 2
396 166
1 7 2
428 136
1 4 2
434 478
1 2 2
299 227
1 4 2
8 447
1 15 2
319 399
1 5 2
222 394
1 12 2
285 107
1 8 2
236 359
1 5 2
197 310
1 6 2
266 307
1 14 2
149 358
1 12 2
367 57
1 8 2
389 24
1 6 2
137 246
1 15 2
9 163
1 10 2
271 484
1 15 2
182 243
1 10 2
323 187
1 12 2
192 314
1 3 2
87 175
1 5 2
463 101
1 2 2
360 451
1 11 2
222 230
1 12 2
435 102
1 8 2
302 25
1 13 2
288 102
1 6 2
320 35
1 5 2
130 164
1 8 2
445 374
1 7 2
392 5
1 9 2
13 223
1 14 2
199 368
1 4 2
263 77
1 4 2
311 437
1 3 2
265 187
1 3 2
439 327
1 13 2
23 390
1 14 2
393 302
1 3 2
433 206
1 9 2
235 40
1 12 2
291 170
1 10 2
375 226
1 6 2
440 47
1 14 2
399 485
1 6 2
372 56
1 5 2
30 473
1 14 2
25 86
1 10 2
321 499
1 10 2
149 380
1 9 2
10 328
1 10 2
209 243
1 2 2
239 497
1 9 2
56 348
1 9 2
496 404
1 10 2
394 0
1 5 2
215 182
1 12 2
354 209
1 4 2
200 44
1 9 2
409 469
1 4 2
216 46
1 3 2
268 243
1 6 2
114 179
1 11 2
346 81
1 5 2
401 308
1 9 2
430 184
1 6 2
313 44
1 12 2
472 243
1 9 2
383 444
1 9 2
312 250
1 15 2
242 186
1 14 2
134 108
1 11 2
272 39
1 13 2
160 21
1 13 2
444 289
1 6 2
493 279
1 11 2
54 30
1 4 2
365 226
1 14 2
118 77
1 15 2
389 437
1 6 2
477 366
1 6 2
145 146
1 9 2
461 162
1 12 2
102 61
1 6 2
486 308
1 5 2
261 404
1 13 2
462 11
1 13 2
269 9
1 10 2
267 116
1 4 2
192 315
1 11 2
249 419
1 8 2
26 62
1 14 2
317 369
1 2 2
276 394
1 4 2
7 466
1 9 2
63 9
1 5 2
106 399
1 8 2
62 482
1 15 2
472 328
1 12 2
137 118
1 11 2
131 439
1 6 2
465 477
1 13 2
137 484
1 3 2
404 426
1 6 2
203 383
1 15 2
174 430
1 14 2
192 393
1 9 2
374 138
1 14 2
31 332
1 10 2
114 198
1 8 2
427 101
1 13 2
242 485
1 7 2
212 17
1 7 2
172 238
1 8 2
122 375
1 11 2
18 165
1 7 2
479 21
1 11 2
445 12
1 14 2
312 59
1 10 2
354 201
1 8 2
486 451
1 12 2
19 241
1 5 2
277 246
1 6 2
354 166
1 11 2
447 350
1 5 2
273 110
1 15 2
377 92
1 4 2
437 12
1 8 2
5 219
1 13 2
194 144
1 13 2
262 386
1 8 2
325 314
1 2 2
2 307
1 3 2
333 163
1 10 2
174 364
1 5 2
340 434
1 9 2
140 454
1 15 2
275 244
1 13 2
254 444
1 12 2
326 117
1 10 2
285 250
1 12 2
270 110
1 15 2
457 22
1 4 2
484 133
1 9 2
151 496
1 9 2
468 188
1 8 2
463 357
1 3 2
455 382
1 10 2
314 209
1 7 2
427 189
1 11 2
386 234
1 7 2
165 342
1 11 2
265 430
1 13 2
406 3
1 14 2
478 89
1 6 2
5 96
1 8 2
444 245
1 4 2
462 376
1 7 2
481 113
1 14 2
200 414
1 2 2
8 494
1 5 2
353 129
1 14 2
481 444
1 14 2
129 288
1 11 2
231 382
1 6 2
417 462
1 14 2
350 401
1 7 2
275 450
1 7 2
434 385
1 11 2
178 344
1 8 2
66 395
1 6 2
81 347
1 7 2
56 302
1 6 2
401 342
1 4 2
219 207
1 8 2
110 107
1 15 2
224 436
1 2 2
345 460
1 15 2
177 170
1 12 2
199 84
1 11 2
324 259
1 11 2
366 302
1 12 2
37 188
1 7 2
175 387
1 6 2
203 57
1 13 2
458 275
1 7 2
200 246
1 9 2
353 402
1 15 2
3 156
1 4 2
232 494
1 14 2
119 394
1 3 2
194 50
1 3 2
277 122
1 5 2
423 352
1 13 2
6 11
1 2 2
409 217
1 8 2
426 336
1 6 2
324 134
1 13 2
131 442
1 6 2
9 413
1 15 2
82 383
1 8 2
27 462
1 12 2
347 353
1 10 2
424 23
1 12 2
294 173
1 13 2
148 462
1 7 2
422 398
1 13 2
293 76
1 2 2
103 60
1 15 2
282 300
1 15 2
350 462
1 7 2
111 350
1 10 2
425 160
1 9 2
198 369
1 9 2
356 225
1 12 2
477 427
1 15 2
354 440
1 11 2
374 315
1 8 2
497 358
1 7 2
130 406
1 11 2
373 336
1 14 2
139 345
1 10 2
495 293
1 12 2
179 451
1 5 2
134 231
1 9 2
338 243
1 2 2
269 123
1 2 2
233 188
1 7 2
19 89
1 8 2
474 279
1 7 2
285 296
1 11 2
466 295
1 12 2
9 409
1 11 2
288 29
1 12 2
352 345
1 9 2
430 63
1 11 2
323 213
1 9 2
94 410
1 10 2
188 204
1 4 2
206 337
1 10 2
154 142
1 2 2
169 370
1 4 2
115 388
1 4 2
455 346
1 11 2
129 173
1 8 2
381 216
1 9 2
184 456
1 5 2
373 40
1 15 2
367 131
1 2 2
197 489
1 5 2
48 130
1 7 2
451 220
1 2 2
60 332
1 10 2
42 155
1 12 2
446 58
1 12 2
283 427
1 5 2
492 228
1 9 2
277 359
1 13 2
301 410
1 4 2
346 107
1 13 2
71 154
1 4 2
85 358
1 14 2
481 496
1 4 2
431 77
1 8 2
404 433
1 8 2
202 499
1 5 2
212 81
1 5 2
145 373
1 12 2
344 470
1 7 2
91 88
1 12 2
36 433
1 15 2
202 488
1 10 2
332 177
1 11 2
221 300
1 5 2
404 24
1 12 2
175 340
1 15 2
138 83
1 12 2
143 130
1 5 2
359 272
1 3 2
265 110
1 14 2
180 148
1 4 2
381 483
1 5 2
189 446
1 13 2
126 159
1 12 2
341 32
1 12 2
283 304
1 11 2
478 274
1 14 2
287 113
1 6 2
134 458
1 10 2
21 64
1 7 2
375 66
1 3 2
193 302
1 2 2
445 368
1 12 2
316 115
1 2 2
266 258
1 2 2
69 84
1 14 2
117 192
1 4 2
23 327
1 12 2
40 187
1 9 2
341 144
1 15 2
156 339
1 5 2
489 211
1 6 2
56 297
1 8 2
58 47
1 3 2
315 472
1 7 2
55 24
1 9 2
86 164
1 10 2
362 29
1 8 2
388 329
1 13 2
53 252
1 8 2
269 203
1 5 2
192 64
1 8 2
53 373
1 8 2
8 396
1 13 2
254 355
1 14 2
71 28
1 13 2
487 457
1 6 2
154 455
1 15 2
302 31
1 7 2
227 171
1 8 2
390 491
1 12 2
12 355
1 3 2
420 456
1 3 2
375 426
1 12 2
167 465
1 3 2
314 162
1 12 2
63 191
1 11 2
403 399
1 15 2
153 233
1 15 2
50 188
1 15 2
277 60
1 5 2
94 99
1 3 2
272 45
1 10 2
207 151
1 8 2
203 226
1 12 2
334 374
1 14 2
401 165
1 11 2
401 47
1 10 2
368 154
1 4 2
423 132
1 12 2
497 2
1 13 2
389 187
1 15 2
110 399
1 7 2
188 134
1 8 2
153 248
1 11 2
130 149
1 12 2
48 295
1 14 2
26 195
1 2 2
66 233
1 11 2
254 10
1 2 2
130 107
1 9 2
128 195
1 15 2
392 275
1 9 2
84 435
1 3 2
473 121
1 9 2
426 15
1 7 2
71 436
1 14 2
74 133
1 11 2
399 421
1 11 2
289 413
1 2 2
489 270
1 14 2
25 320
1 5 2
281 357
1 4 2
186 87
1 14 2
14 166
1 5 2
204 342
1 13 2
308 31
1 6 2
259 281
1 6 2
350 475
1 11 2
96 452
1 9 2
83 434
1 10 2
383 265
1 4 2
200 65
1 7 2
85 456
1 4 2
46 9
1 15 2
265 17
1 10 2
300 133
1 5 2
444 195
1 3 2
455 163
1 2 2
422 427
1 10 2
421 468
1 13 2
300 495
1 14 2
38 142
1 9 2
228 432
1 8 2
27 333
1 7 2
183 418
1 12 2
232 116
1 10 2
444 39
1 2 2
498 126
1 8 2
411 336
1 15 2
321 495
1 15 2
59 177
1 8 2
445 323
1 13 2
176 200
1 15 2
449 413
1 3 2
328 333
1 12 2
136 465
1 15 2
186 314
1 8 2
462 173
1 5 2
494 455
1 15 2
437 218
1 15 2
400 42
1 9 2
22 73
1 12 2
343 275
1 10 2
327 73
1 10 2
404 116
1 10 2
99 237
1 7 2
233 195
1 6 2
291 466
1 10 2
258 252
1 4 2
54 190
1 5 2
376 112
1 10 2
57 473
1 4 2
251 110
1 15 2
481 275
1 6 2
432 288
1 6 2
395 404
1 5 2
465 453
1 6 2
232 363
1 4 2
353 257
1 5 2
113 413
1 2 2
274 430
1 5 2
451 129
1 3 2
282 447
1 9 2
167 201
1 4 2
65 485
1 6 2
165 31
1 5 2
401 135
1 15 2
492 265
1 14 2
413 167
1 13 2
284 174
1 6 2
329 413
1 7 2
430 493
1 7 2
206 342
1 10 2
446 347
1 7 2
452 11
1 11 2
116 260
1 3 2
59 327
1 7 2
237 233
1 4 2
384 443
1 8 2
122 454
1 3 2
126 29
1 13 2
81 428
1 11 2
463 120
1 7 2
116 162
1 13 2
282 134
1 12 2
367 87
1 9 2
142 111
1 2 2
315 475
1 2 2
61 231
1 2 2
497 146
1 2 2
420 76
1 5 2
296 318
1 9 2
157 100
1 11 2
303 311
1 8 2
51 12
1 10 2
266 249
1 8 2
19 425
1 5 2
209 301
1 10 2
465 126
1 3 2
8 251
1 15 2
263 100
1 3 2
374 289
1 11 2
217 345
1 4 2
47 491
1 7 2
341 449
1 7 2
253 325
1 3 2
191 272
1 3 2
41 363
1 5 2
266 167
1 9 2
141 497
1 11 2
102 407
1 8 2
37 290
1 11 2
184 383
1 5 2
131 454
1 3 2
478 155
1 3 2
167 23
1 2 2
172 495
1 8 2
395 331
1 3 2
491 317
1 9 2
218 464
1 6 2
77 367
1 2 2
178 212
1 7 2
196 488
1 7 2
86 201
1 14 2
412 456
1 9 2
351 278
1 4 2
214 5
1 4 2
266 431
1 9 2
206 31
1 11 2
218 211
1 7 2
230 201
1 5 2
249 213
1 10 2
243 323
1 6 2
356 98
1 13 2
270 485
1 14 2
81 427
1 5 2
2 89
1 7 2
275 241
1 7 2
12 96
1 13 2
325 193
1 10 2
470 196
1 13 2
457 331
1 5 2
249 121
1 7 2
287 421
1 12 2
120 321
1 12 2
452 31
1 7 2
303 165
1 6 2
171 256
1 12 2
392 90
1 10 2
286 322
1 3 2
284 413
1 14 2
222 123
1 3 2
449 211
1 4 2
482 168
1 5 2
24 447
1 12 2
471 410
1 10 2
76 144
1 9 2
238 331
1 6 2
432 199
1 11 2
214 357
1 3 2
243 221
1 7 2
262 388
1 7 2
463 426
1 5 2
349 157
1 12 2
120 340
1 13 2
216 309
1 4 2
170 282
1 11 2
484 142
1 10 2
147 399
1 4 2
251 315
1 12 2
318 122
1 14 2
464 276
1 10 2
200 283
1 13 2
110 372
1 6 2
68 133
1 8 2
73 444
1 6 2
180 358
1 9 2
275 428
1 11 2
475 456
1 5 2
17 83
1 4 2
246 287
1 15 2
455 235
1 11 2
109 64
1 15 2
39 385
1 14 2
296 478
1 7 2
63 441
1 2 2
433 82
1 13 2
484 17
1 12 2
376 39
1 10 2
42 75
1 10 2
276 308
1 9 2
464 262
1 12 2
26 40
1 11 2
355 197
1 9 2
348 335
1 7 2
433 323
1 11 2
365 131
1 3 2
194 264
1 14 2
337 232
1 5 2
393 99
1 10 2
318 67
1 10 2
395 192
1 11 2
146 435
1 11 2
370 227
1 3 2
332 160
1 15 2
471 427
1 5 2
453 236
1 8 2
399 153
1 10 2
346 109
1 4 2
198 236
1 3 2
186 469
1 6 2
215 202
1 12 2
43 156
1 11 2
7 57
1 12 2
179 308
1 15 2
382 100
1 4 2
295 101
1 5 2
139 401
1 13 2
12 320
1 11 2
287 409
1 7 2
454 233
1 14 2
367 495
1 5 2
223 129
1 13 2
445 314
1 14 2
174 29
1 4 2
160 409
1 11 2
241 249
1 2 2
454 133
1 5 2
143 359
1 11 2
174 358
1 10 2
130 168
1 5 2
224 445
1 9 2
262 327
1 7 2
51 389
1 9 2
28 87
1 6 2
294 241
1 3 2
379 243
1 7 2
186 11
1 15 2
166 266
1 5 2
484 310
1 9 2
423 98
1 11 2
209 204
1 4 2
187 328
1 14 2
169 246
1 6 2
133 172
1 4 2
171 141
1 10 2
441 35
1 8 2
182 163
1 9 2
20 155
1 8 2
11 235
1 15 2
238 157
1 6 2
103 140
1 11 2
395 285
1 11 2
416 220
1 9 2
29 473
1 12 2
68 422
1 3 2
1 304
1 9 2
214 425
1 13 2
248 491
1 3 2
122 244
1 15 2
246 260
1 4 2
339 435
1 11 2
107 141
1 14 2
0 317
1 6 2
348 86
1 5 2
384 14
1 2 2
309 56
1 3 2
416 130
1 6 2
356 244
1 13 2
346 425
1 15 2
383 347
1 4 2
149 167
1 11 2
384 342
1 8 2
36 65
1 8 2
432 284
1 7 2
299 97
1 2 2
240 459
1 14 2
449 83
1 7 2
271 96
1 15 2
195 489
1 4 2
402 372
1 5 2
437 111
1 15 2
343 147
1 9 2
26 147
1 4 2
377 138
1 15 2
49 467
1 13 2
376 298
1 7 2
90 210
1 3 2
285 202
1 9 2
489 405
1 7 2
99 3
1 10 2
321 172
1 13 2
480 107
1 5 2
403 222
1 7 2
466 178
1 14 2
162 55
1 15 2
101 291
1 11 2
477 351
1 11 2
161 24
1 6 2
130 293
1 8 2
491 4
1 9 2
305 156
1 3 2
457 381
1 8 2
202 120
1 6 2
346 356
1 7 2
54 441
1 11 2
445 29
1 8 2
399 487
1 6 2
23 11
1 13 2
281 255
1 13 2
487 470
1 10 2
109 212
1 14 2
405 51
1 4 2
379 451
1 7 2
47 282
1 2 2
324 393
1 6 2
348 229
1 8 2
432 448
1 15 2
307 316
1 6 2
246 393
1 13 2
342 343
1 14 2
459 11
1 4 2
264 371
1 4 2
435 44
1 5 2
444 400
1 3 2
453 325
1 13 2
289 112
1 15 2
191 352
1 6 2
25 150
1 3 2
347 352
1 12 2
356 470
1 9 2
390 330
1 15 2
45 433
1 14 2
90 63
1 7 2
38 189
1 6 2
79 319
1 12 2
221 209
1 8 2
427 128
1 4 2
247 406
1 13 2
245 488
1 7 2
36 458
1 10 2
166 302
1 6 2
191 224
1 7 2
156 130
1 7 2
264 19
1 10 2
18 214
1 8 2
491 42
1 7 2
201 354
1 3 2
203 89
1 12 2
284 38
1 14 2
347 171
1 8 2
389 165
1 7 2
262 194
1 8 2
482 441
1 7 2
126 490
1 7 2
263 25
1 5 2
390 379
1 11 2
483 67
1 3 2
247 291
1 13 2
120 103
1 6 2
117 192
1 14 2
360 37
1 3 2
45 20
1 8 2
113 401
1 10 2
152 99
1 6 2
266 228
1 12 2
380 106
1 11 2
386 66
1 6 2
49 153
1 7 2
54 341
1 11 2
430 48
1 7 2
194 224
1 6 2
79 154
1 8 2
386 88
1 8 2
173 143
1 4 2
386 384
1 12 2
293 43
1 12 2
312 496
1 12 2
294 387
1 9 2
322 473
1 13 2
44 170
1 12 2
372 49
1 3 2
267 146
1 6 2
11 104
1 4 2
21 403
1 7 2
1 270
1 13 2
47 107
1 4 2
317 292
1 12 2
170 92
1 14 2
402 84
1 12 2
33 114
1 11 2
410 313
1 10 2
429 52
1 8 2
400 36
1 12 2
360 19
1 14 2
393 352
1 3 2
237 397
1 8 2
21 255
1 2 2
430 50
1 12 2
17 282
1 9 2
220 353
1 7 2
304 281
1 6 2
491 375
1 9 2
428 261
1 4 2
436 306
1 4 2
402 92
1 8 2
196 408
1 13 2
237 88
1 15 2
454 253
1 13 2
418 44
1 14 2
490 11
1 9 2
291 70
1 3 2
202 392
1 15 2
151 306
1 4 2
285 16
1 12 2
415 175
1 13 2
30 159
1 12 2
426 199
1 10 2
219 100
1 4 2
218 400
1 9 2
401 399
1 10 2
216 412
1 14 2
77 267
1 13 2
247 177
1 11 2
109 267
1 5 2
319 258
1 9 2
37 165
1 10 2
473 397
1 10 2
179 218
1 3 2
358 93
1 14 2
190 94
1 14 2
148 315
1 6 2
332 416
1 14 2
467 134
1 10 2
400 111
1 10 2
440 278
1 11 2
458 34
1 3 2
109 28
1 4 2
189 341
1 4 2
250 21
1 11 2
167 199
1 8 2
468 153
1 5 2
30 21
1 3 2
289 355
1 10 2
198 125
1 2 2
437 2
1 12 2
106 100
1 8 2
258 334
1 10 2
497 416
1 5 2
80 123
1 14 2
2 218
1 14 2
91 219
1 5 2
364 492
1 2 2
343 430
1 3 2
94 272
1 10 2
417 433
1 5 2
125 390
1 5 2
338 125
1 15 2
489 59
1 8 2
449 347
1 4 2
421 401
1 8 2
281 244
1 2 2
145 331
1 2 2
182 380
1 10 2
393 470
1 15 2
464 400
1 12 2
476 64
1 8 2
120 11
1 7 2
186 230
1 10 2
445 145
1 7 2
104 225
1 6 2
491 281
1 6 2
132 392
1 8 2
373 6
1 3 2
312 192
1 13 2
16 38
1 4 2
44 161
1 6 2
473 435
1 10 2
315 482
1 13 2
375 446
1 3 2
420 333
1 7 2
399 216
1 6 2
204 335
1 5 2
147 426
1 4 2
443 180
1 14 2
456 260
1 9 2
360 432
1 7 2
346 35
1 7 2
386 272
1 15 2
293 186
1 12 2
189 95
1 4 2
273 179
1 4 2
133 341
1 12 2
374 18
1 4 2
349 87
1 7 2
335 323
1 6 2
289 351
1 15 2
258 278
1 14 2
202 399
1 2 2
102 463
1 10 2
242 451
1 12 2
183 152
1 9 2
361 200
1 11 2
389 87
1 3 2
359 360
1 9 2
169 397
1 6 2
479 233
1 5 2
131 347
1 6 2
90 269
1 5 2
176 14
1 8 2
316 18
1 7 2
292 30
1 14 2
455 496
1 5 2
316 368
1 13 2
442 289
1 10 2
260 154
1 13 2
269 248
1 5 2
456 188
1 8 2
34 427
1 7 2
187 128
1 3 2
239 435
1 8 2
334 489
1 6 2
411 319
1 15 2
97 346
1 13 2
461 237
1 7 2
247 433
1 10 2
173 499
1 15 2
332 252
1 4 2
110 248
1 5 2
442 409
1 9 2
434 175
1 10 2
117 316
1 2 2
140 452
1 3 2
309 440
1 14 2
464 178
1 6 2
366 469
1 14 2
286 366
1 4 2
278 168
1 7 2
388 84
1 3 2
195 312
1 15 2
13 113
1 3 2
290 61
1 3 2
442 71
1 13 2
288 44
1 7 2
329 47
1 9 2
36 81
1 4 2
290 71
1 10 2
152 85
1 14 2
482 54
1 10 2
46 224
1 12 2
208 312
1 11 2
233 272
1 8 2
219 473
1 15 2
25 380
1 6 2
211 78
1 3 2
261 84
1 4 2
456 392
1 2 2
379 192
1 9 2
375 35
1 8 2
302 343
1 13 2
264 243
1 5 2
329 478
1 9 2
222 137
1 4 2
323 412
1 11 2
13 437
1 7 2
218 182
1 2 2
31 466
1 10 2
256 8
1 14 2
391 358
1 15 2
298 2
1 14 2
307 38
1 3 2
185 119
1 7 2
370 105
1 7 2
49 418
1 13 2
93 123
1 8 2
20 471
1 2 2
105 72
1 13 2
278 173
1 8 2
231 54
1 12 2
70 422
1 3 2
447 27
1 3 2
487 35
1 12 2
388 71
1 12 2
355 350
1 4 2
457 243
1 3 2
323 263
1 6 2
467 9
1 8 2
1 3
1 14 2
474 62
1 12 2
260 442
1 15 2
2 349
1 2 2
157 488
1 9 2
93 286
1 5 2
428 3
1 2 2
134 142
1 3 2
412 250
1 13 2
84 213
1 13 2
208 467
1 8 2
413 215
1 6 2
319 226
1 2 2
418 469
1 13 2
243 466
1 13 2
486 445
1 4 2
484 109
1 4 2
59 20
1 4 2
240 61
1 4 2
452 232
1 7 2
487 301
1 4 2
62 372
1 4 2
327 16
1 3 2
203 183
1 9 2
109 29
1 10 2
371 275
1 2 2
298 42
1 15 2
34 24
1 7 2
138 83
1 2 2
304 71
1 3 2
24 404
1 11 2
384 390
1 13 2
323 314
1 5 2
364 42
1 5 2
203 37
1 14 2
33 489
1 4 2
388 22
1 12 2
216 322
1 7 2
75 434
1 4 2
27 115
1 3 2
419 337
1 8 2
434 307
1 10 2
268 21
1 6 2
220 228
1 8 2
475 217
1 11 2
297 388
1 6 2
479 402
1 6 2
65 130
1 5 2
38 464
1 5 2
401 408
1 5 2
222 436
1 8 2
314 378
1 15 2
382 286
1 13 2
163 457
1 8 2
494 250
1 15 2
135 239
1 5 2
492 173
1 12 2
103 403
1 12 2
492 115
1 10 2
308 195
1 8 2
25 61
1 3 2
35 392
1 5 2
191 163
1 5 2
265 110
1 14 2
80 434
1 12 2
24 70
1 4 2
83 122
1 7 2
306 144
1 12 2
130 3
1 8 2
180 209
1 15 2
32 388
1 3 2
61 217
1 5 2
358 149
1 8 2
171 57
1 4 2
452 295
1 14 2
307 149
1 6 2
166 77
1 2 2
356 400
1 8 2
272 336
1 12 2
137 304
1 6 2
429 186
1 7 2
195 456
1 2 2
65 474
1 9 2
380 336
1 2 2
373 379
1 2 2
251 258
1 2 2
45 131
1 4 2
30 189
1 2 2
35 216
1 9 2
203 365
1 8 2
233 318
1 13 2
479 75
1 5 2
162 380
1 6 2
244 326
1 9 2
433 198
1 5 2
30 478
1 4 2
312 483
1 5 2
93 249
1 6 2
59 222
1 14 2
194 385
1 3 2
229 224
1 12 2
109 461
1 12 2
114 292
1 14 2
174 317
1 6 2
451 465
1 9 2
225 426
1 8 2
435 361
1 7 2
297 368
1 14 2
10 350
1 15 2
148 249
1 5 2
52 272
1 7 2
407 179
1 10 2
482 101
1 11 2
396 283
1 9 2
58 333
1 7 2
479 272
1 10 2
82 14
1 14 2
472 290
1 13 2
389 333
1 15 2
393 190
1 14 2
245 477
1 10 2
102 399
1 13 2
295 383
1 7 2
381 486
1 5 2
394 28
1 4 2
127 377
1 2 2
94 172
1 10 2
324 263
1 8 2
466 98
1 4 2
319 102
1 9 2
411 45
1 6 2
452 86
1 9 2
411 312
1 8 2
61 256
1 15 2
215 25
1 12 2
286 368
1 8 2
215 65
1 7 2
129 272
1 2 2
317 256
1 11 2
52 180
1 7 2
73 305
1 3 2
230 292
1 6 2
297 124
1 9 2
403 265
1 15 2
342 109
1 7 2
20 170
1 4 2
133 101
1 2 2
360 55
1 10 2
219 44
1 3 2
367 93
1 4 2
76 434
1 8 2
372 82
1 6 2
234 210
1 4 2
332 83
1 13 2
215 383
1 5 2
439 85
1 4 2
450 248
1 8 2
435 170
1 14 2
281 156
1 13 2
71 183
1 9 2
232 234
1 10 2
283 146
1 6 2
186 418
1 2 2
474 210
1 14 2
348 452
1 9 2
215 445
1 10 2
277 285
1 8 2
234 48
1 7 2
465 260
1 10 2
464 128
1 4 2
242 50
1 13 2
179 453
1 3 2
385 214
1 14 2
8 195
1 6 2
84 103
1 6 2
464 66
1 8 2
427 243
1 5 2
430 308
1 3 2
165 349
1 7 2
316 483
1 6 2
80 121
1 6 2
413 348
1 8 2
7 219
1 5 2
119 328
1 11 2
72 286
1 7 2
233 5
1 11 2
64 270
1 3 2
439 155
1 8 2
45 128
1 15 2
300 20
1 8 2
228 144
1 14 2
338 69
1 2 2
288 4
1 3 2
396 25
1 10 2
165 114
1 5 2
482 290
1 11 2
198 350
1 4 2
154 423
1 10 2
101 381
1 15 2
263 499
1 5 2
387 87
1 2 2
485 44
1 7 2
416 306
1 14 2
207 423
1 13 2
215 226
1 10 2
477 139
1 12 2
367 21
1 9 2
329 478
1 8 2
475 74
1 2 2
407 345
1 12 2
189 426
1 2 2
112 442
1 13 2
90 384
1 11 2
386 301
1 3 2
59 414
1 6 2
299 479
1 9 2
88 80
1 8 2
253 230
1 2 2
454 498
1 2 2
143 476
1 2 2
35 327
1 9 2
379 463
1 6 2
169 79
