500 4000 1500
8 9 5 8 9 8 16 25 14 15 21 20 21 9 25 16 10 9 11 14 16 11 6 18 18 17 24 9 12 5 19 6 7 17 9 20 18 21 11 16 18 24 14 24 12 24 6 22 14 9 13 7 8 14 8 8 9 25 6 13 21 8 12 24 15 20 18 11 24 15 13 15 16 22 5 14 18 16 21 23 5 13 20 6 19 10 15 6 18 23 21 19 22 5 23 11 15 24 21 18 11 8 10 9 5 16 13 9 10 15 24 9 20 7 15 20 8 8 15 7 6 19 21 8 18 13 5 20 16 8 9 21 17 15 25 24 19 16 16 11 18 20 16 13 20 25 23 18 25 18 20 6 16 18 19 9 17 18 6 9 8 10 25 19 13 14 22 20 11 13 22 11 24 17 19 21 13 18 12 12 15 21 13 10 12 20 13 25 21 17 22 25 18 14 24 16 23 19 22 25 15 12 18 13 22 25 14 18 13 14 19 16 25 18 24 16 6 16 23 8 15 9 12 11 25 5 19 18 21 14 16 7 6 13 17 22 24 10 15 13 8 10 24 14 10 24 21 18 11 15 20 20 21 18 10 18 23 8 23 25 9 16 17 10 23 13 8 6 13 11 24 11 21 15 21 14 10 19 22 24 13 18 21 23 17 21 24 21 9 7 17 8 8 10 23 19 18 25 25 25 24 22 22 7 7 8 12 17 6 23 12 14 19 18 18 5 21 22 19 10 22 15 10 6 10 15 5 16 7 19 24 13 23 9 11 24 9 7 14 25 25 14 6 24 6 5 17 9 9 12 10 20 14 17 13 13 5 9 6 23 15 7 20 12 19 21 5 22 20 7 20 15 5 11 15 23 6 25 19 11 24 10 15 6 13 18 25 25 14 14 25 10 14 21 23 13 15 10 24 8 24 21 23 25 7 12 19 8 17 6 7 11 10 15 8 13 8 6 21 22 13 12 24 24 23 20 24 19 6 24 10 24 25 10 11 23 25 18 22 5 14 18 9 24 21 23 23 24 13 21 21 14 15 8 15 18 13 17 8 14 21 22 16 17 5 12 13 11 14 12 13 12 5 13 19 11 25 19 21 6 13 21 13 5 17 23 7 8 14 21 6 5 5 10 5 20 23 20 8 14
3 16 10 11 20 10 9 5 19 11 4 16 6 16 3 10 5 20 19 8 16 11 20 16 17 9 19 18 3 14 7 10 9 5 20 16 7 18 16 4 9 8 14 9 12 19 10 16 20 4 6 4 13 20 4 6 3 7 6 19 20 15 4 3 16 13 3 15 6 18 17 6 19 13 11 20 18 19 5 19 11 12 17 12 18 14 7 14 3 16 7 20 4 13 18 11 19 9 17 19 6 7 8 14 3 12 9 20 3 16 20 5 13 15 4 8 20 5 6 16 5 9 10 19 17 8 8 10 8 9 18 11 18 14 7 15 3 16 16 15 3 4 10 19 15 19 10 8 13 14 6 9 16 13 10 5 20 3 7 13 17 16 13 19 12 12 4 16 15 15 4 11 8 10 20 4 8 7 10 9 9 19 7 20 16 15 11 15 20 11 9 8 15 18 18 20 16 10 9 17 12 12 15 7 3 4 10 15 16 11 16 20 15 11 15 19 8 9 6 14 5 18 19 8 18 10 18 19 6 15 13 9 7 14 9 15 6 12 3 4 19 4 13 4 16 19 10 17 9 15 4 13 14 5 8 6 16 6 12 4 15 4 13 9 15 15 5 13 5 15 6 17 13 14 8 12 3 15 16 5 3 12 5 13 20 17 14 14 18 3 11 8 4 16 20 11 7 3 7 12 15 13 6 15 10 16 3 13 6 5 4 19 9 6 9 19 14 11 18 8 4 14 8 12 14 8 20 10 8 20 17 20 8 4 16 19 19 3 4 18 8 9 17 10 6 16 5 10 14 15 14 9 8 7 12 20 7 3 6 19 4 5 15 3 7 19 19 15 17 17 14 6 3 4 16 5 15 11 4 9 14 14 8 7 15 15 15 3 20 11 5 7 5 12 9 3 8 10 9 16 6 16 6 10 15 16 19 3 7 20 20 10 12 7 12 8 6 19 14 4 18 6 16 17 9 17 20 5 13 14 8 4 8 6 10 3 20 8 7 15 16 6 20 8 13 9 14 15 14 14 17 13 11 13 17 5 7 4 12 6 15 15 19 12 5 4 11 18 13 9 8 16 3 10 18 19 16 14 6 15 10 14 17 18 3 12 7 3 17 19 10 19 12 7 12 3 11 8 5 12
1 2 2
55 354
1 3 2
444 237
1 13 2
357 294
1 6 2
499 49
1 3 2
484 305
1 15 2
499 256
1 9 2
163 226
1 10 2
469 268
1 12 2
58 309
1 5 2
61 336
1 2 2
461 42
1 4 2
409 57
1 3 2
64 4
1 2 2
281 117
1 8 2
495 408
1 9 2
240 152
1 5 2
122 73
1 7 2
476 413
1 15 2
231 417
1 15 2
363 324
1 13 2
32 228
1 14 2
417 15
1 4 2
135 47
1 6 2
382 268
1 13 2
203 176
1 5 2
162 8
1 13 2
186 289
1 6 2
490 63
1 4 2
93 482
1 2 2
32 203
1 7 2
212 310
1 14 2
29 236
1 9 2
169 197
1 3 2
90 216
1 12 2
393 304
1 4 2
19 341
1 15 2
349 350
1 11 2
306 373
1 15 2
243 13
1 13 2
34 185
1 3 2
32 90
1 13 2
319 190
1 4 2
100 118
1 13 2
197 142
1 10 2
473 280
1 12 2
184 124
1 8 2
180 200
1 10 2
138 5
1 5 2
337 30
1 5 2
157 161
1 7 2
213 391
1 8 2
25 42
1 3 2
194 410
1 6 2
152 240
1 5 2
109 151
1 4 2
3 412
1 9 2
27 130
1 8 2
425 60
1 8 2
323 465
1 4 2
113 105
1 5 2
214 174
1 4 2
273 481
1 2 2
486 308
1 13 2
297 24
1 13 2
89 27
1 3 2
459 433
1 7 2
213 101
1 12 2
463 343
1 9 2
9 289
1 15 2
171 57
1 14 2
429 350
1 2 2
165 178
1 5 2
288 80
1 12 2
456 231
1 14 2
225 136
1 6 2
266 317
1 12 2
430 304
1 3 2
82 485
1 4 2
395 62
1 15 2
177 131
1 14 2
86 486
1 12 2
311 146
1 5 2
433 293
1 10 2
145 55
1 2 2
230 178
1 7 2
401 466
1 11 2
274 421
1 6 2
252 250
1 13 2
207 188
1 15 2
417 185
1 9 2
88 413
1 13 2
251 246
1 14 2
253 455
1 10 2
402 491
1 7 2
249 149
1 13 2
219 296
1 14 2
304 24
1 4 2
261 171
1 10 2
43 250
1 5 2
238 391
1 5 2
410 340
1 14 2
482 56
1 11 2
466 302
1 14 2
56 404
1 2 2
247 434
1 14 2
303 444
1 9 2
193 312
1 2 2
18 167
1 9 2
159 356
1 15 2
62 40
1 8 2
45 284
1 11 2
386 93
1 11 2
257 379
1 10 2
52 180
1 2 2
227 354
1 10 2
97 343
1 3 2
210 305
1 13 2
8 155
1 5 2
27 413
1 3 2
425 14
1 12 2
408 460
1 8 2
66 252
1 13 2
388 266
1 6 2
456 344
1 12 2
407 116
1 4 2
182 42
1 2 2
214 95
1 9 2
310 205
1 8 2
119 265
1 5 2
262 452
1 11 2
394 199
1 2 2
305 468
1 8 2
77 52
1 3 2
82 128
1 6 2
231 189
1 15 2
100 276
1 8 2
251 386
1 7 2
196 311
1 4 2
292 60
1 6 2
72 24
1 14 2
308 331
1 5 2
156 366
1 12 2
27 414
1 3 2
34 156
1 12 2
300 411
1 6 2
174 221
1 10 2
199 371
1 8 2
248 73
1 13 2
193 137
1 9 2
499 167
1 10 2
58 443
1 9 2
458 140
1 14 2
25 68
1 12 2
337 31
1 13 2
482 36
1 7 2
291 321
1 7 2
277 247
1 14 2
299 231
1 6 2
439 436
1 13 2
66 110
1 3 2
254 485
1 12 2
359 408
1 5 2
223 369
1 10 2
27 0
1 10 2
74 293
1 13 2
349 88
1 6 2
92 425
1 10 2
454 360
1 4 2
339 312
1 13 2
136 132
1 6 2
58 392
1 15 2
438 194
1 10 2
363 17
1 8 2
442 423
1 13 2
434 53
1 2 2
244 166
1 11 2
387 109
1 11 2
50 377
1 5 2
227 125
1 8 2
210 148
1 4 2
369 182
1 2 2
321 382
1 10 2
130 199
1 6 2
369 291
1 14 2
415 52
1 13 2
157 40
1 11 2
275 3
1 2 2
353 488
1 9 2
498 320
1 10 2
137 338
1 11 2
363 239
1 2 2
281 368
1 9 2
369 454
1 11 2
402 469
1 13 2
386 116
1 10 2
282 443
1 2 2
139 255
1 15 2
13 101
1 13 2
216 186
1 6 2
257 331
1 15 2
22 379
1 8 2
175 377
1 12 2
418 225
1 6 2
306 157
1 5 2
203 62
1 11 2
333 267
1 3 2
432 118
1 5 2
360 219
1 11 2
281 274
1 13 2
217 442
1 10 2
220 143
1 8 2
188 167
1 14 2
382 236
1 9 2
368 121
1 7 2
430 446
1 12 2
225 380
1 11 2
111 71
1 2 2
495 423
1 8 2
147 424
1 9 2
305 281
1 14 2
306 156
1 3 2
495 53
1 2 2
259 306
1 11 2
90 258
1 5 2
427 243
1 6 2
354 461
1 9 2
321 143
1 3 2
220 176
1 6 2
241 226
1 2 2
96 314
1 15 2
161 51
1 13 2
263 93
1 8 2
441 406
1 4 2
153 469
1 4 2
327 366
1 14 2
170 111
1 6 2
60 38
1 9 2
6 188
1 4 2
291 456
1 11 2
249 139
1 14 2
203 234
1 13 2
435 389
1 6 2
12 182
1 10 2
364 316
1 8 2
66 1
1 3 2
425 410
1 10 2
405 303
1 11 2
143 35
1 8 2
73 43
1 14 2
228 94
1 12 2
161 306
1 6 2
227 438
1 12 2
123 28
1 4 2
227 55
1 13 2
134 494
1 13 2
238 124
1 13 2
184 145
1 5 2
316 63
1 3 2
411 244
1 7 2
297 79
1 10 2
389 94
1 12 2
347 147
1 12 2
490 462
1 4 2
483 487
1 15 2
310 258
1 13 2
351 488
1 14 2
373 455
1 12 2
229 10
1 2 2
309 463
1 14 2
259 116
1 11 2
389 331
1 5 2
361 499
1 9 2
377 154
1 14 2
204 496
1 14 2
440 424
1 4 2
8 139
1 15 2
355 213
1 6 2
151 168
1 6 2
263 0
1 5 2
472 426
1 2 2
157 347
1 15 2
321 43
1 8 2
408 180
1 8 2
454 301
1 15 2
37 97
1 10 2
448 455
1 15 2
447 56
1 3 2
0 78
1 2 2
33 290
1 11 2
118 63
1 12 2
43 138
1 11 2
198 301
1 8 2
147 219
1 7 2
332 127
1 2 2
286 16
1 6 2
213 217
1 2 2
391 305
1 10 2
54 487
1 8 2
19 251
1 8 2
451 241
1 15 2
253 285
1 5 2
193 62
1 6 2
124 88
1 10 2
257 142
1 13 2
249 87
1 5 2
483 463
1 7 2
476 116
1 8 2
146 286
1 11 2
40 492
1 8 2
317 164
1 7 2
96 251
1 8 2
284 211
1 6 2
30 242
1 4 2
41 441
1 13 2
485 40
1 5 2
235 423
1 2 2
409 99
1 6 2
439 237
1 3 2
31 214
1 10 2
216 283
1 8 2
5 82
1 3 2
421 328
1 8 2
51 374
1 15 2
393 469
1 14 2
215 493
1 8 2
471 115
1 12 2
167 320
1 2 2
438 462
1 8 2
270 386
1 12 2
186 70
1 4 2
314 134
1 2 2
298 185
1 6 2
307 159
1 13 2
472 147
1 8 2
139 269
1 14 2
450 371
1 3 2
446 83
1 3 2
138 394
1 4 2
253 435
1 13 2
489 165
1 8 2
451 389
1 10 2
429 4
1 7 2
496 390
1 12 2
160 249
1 7 2
56 242
1 15 2
77 194
1 9 2
375 294
1 12 2
335 39
1 13 2
302 439
1 15 2
366 259
1 6 2
350 152
1 8 2
391 180
1 8 2
53 304
1 7 2
369 43
1 12 2
58 350
1 5 2
395 102
1 9 2
267 261
1 10 2
126 462
1 6 2
351 274
1 8 2
333 167
1 4 2
496 66
1 7 2
434 364
1 14 2
384 443
1 11 2
121 292
1 5 2
4 129
1 15 2
19 288
1 10 2
131 232
1 13 2
109 206
1 5 2
319 383
1 5 2
271 62
1 2 2
303 347
1 3 2
84 395
1 7 2
356 339
1 9 2
492 449
1 15 2
284 218
1 11 2
279 171
1 7 2
468 395
1 13 2
221 195
1 5 2
414 393
1 15 2
440 262
1 4 2
157 369
1 12 2
440 318
1 10 2
479 304
1 3 2
319 11
1 13 2
482 124
1 8 2
113 181
1 10 2
213 269
1 6 2
484 112
1 7 2
257 240
1 15 2
15 450
1 12 2
101 475
1 9 2
72 214
1 3 2
192 404
1 7 2
450 131
1 12 2
293 246
1 13 2
376 125
1 6 2
381 10
1 4 2
336 251
1 11 2
379 80
1 15 2
151 497
1 11 2
10 239
1 13 2
63 276
1 15 2
276 329
1 12 2
474 21
1 4 2
485 177
1 6 2
23 300
1 4 2
360 367
1 4 2
34 253
1 11 2
5 278
1 6 2
397 59
1 9 2
39 220
1 15 2
125 415
1 2 2
107 448
1 13 2
362 47
1 4 2
188 495
1 4 2
462 186
1 9 2
292 390
1 7 2
476 434
1 15 2
374 35
1 2 2
197 459
1 13 2
267 36
1 6 2
58 347
1 13 2
56 445
1 4 2
303 444
1 15 2
482 416
1 12 2
60 479
1 15 2
39 437
1 9 2
458 339
1 4 2
52 261
1 2 2
142 482
1 15 2
355 16
1 10 2
347 79
1 9 2
334 58
1 4 2
328 422
1 3 2
422 436
1 8 2
22 288
1 7 2
440 130
1 10 2
385 436
1 12 2
67 16
1 12 2
115 272
1 3 2
293 368
1 5 2
40 263
1 2 2
336 84
1 10 2
466 215
1 13 2
372 224
1 14 2
397 182
1 10 2
290 2
1 9 2
330 401
1 5 2
479 299
1 4 2
129 472
1 3 2
5 154
1 3 2
117 15
1 9 2
375 384
1 7 2
242 203
1 13 2
166 128
1 5 2
465 282
1 5 2
117 233
1 7 2
22 309
1 5 2
197 23
1 14 2
456 232
1 8 2
346 119
1 4 2
358 107
1 2 2
116 58
1 8 2
169 419
1 6 2
4 492
1 15 2
158 185
1 8 2
111 283
1 2 2
4 403
1 13 2
166 327
1 3 2
201 105
1 7 2
434 280
1 6 2
15 441
1 15 2
328 182
1 13 2
241 78
1 2 2
336 402
1 2 2
460 125
1 3 2
388 317
1 4 2
55 144
1 6 2
49 215
1 4 2
423 58
1 3 2
333 123
1 15 2
354 309
1 13 2
167 71
1 11 2
365 358
1 6 2
351 405
1 11 2
238 181
1 6 2
320 30
1 7 2
134 448
1 6 2
333 100
1 6 2
53 392
1 11 2
320 200
1 13 2
79 221
1 6 2
362 112
1 15 2
115 77
1 8 2
376 193
1 14 2
240 82
1 4 2
164 244
1 8 2
338 201
1 6 2
8 335
1 8 2
471 235
1 4 2
346 471
1 12 2
76 275
1 5 2
299 37
1 12 2
406 305
1 6 2
133 482
1 8 2
85 92
1 10 2
264 381
1 7 2
449 317
1 7 2
58 172
1 11 2
3 388
1 10 2
67 231
1 2 2
229 489
1 2 2
57 222
1 6 2
247 309
1 4 2
276 140
1 12 2
62 245
1 11 2
398 423
1 5 2
338 62
1 14 2
111 101
1 3 2
383 198
1 14 2
111 441
1 7 2
115 495
1 13 2
207 395
1 9 2
286 191
1 10 2
225 186
1 15 2
467 293
1 9 2
240 416
1 12 2
350 455
1 8 2
452 188
1 3 2
446 330
1 6 2
152 167
1 9 2
82 469
1 5 2
47 179
1 4 2
376 409
1 10 2
353 30
1 13 2
103 88
1 6 2
494 252
1 8 2
350 337
1 5 2
455 301
1 14 2
353 238
1 13 2
175 393
1 11 2
341 92
1 15 2
224 463
1 6 2
419 467
1 3 2
257 488
1 10 2
430 327
1 2 2
270 152
1 11 2
186 144
1 2 2
245 470
1 10 2
458 191
1 7 2
100 344
1 11 2
487 146
1 8 2
492 342
1 11 2
246 421
1 4 2
38 361
1 15 2
277 191
1 3 2
111 200
1 2 2
474 432
1 8 2
410 165
1 15 2
266 75
1 11 2
255 199
1 14 2
333 420
1 11 2
492 209
1 11 2
483 461
1 11 2
207 110
1 4 2
260 243
1 2 2
219 312
1 3 2
59 214
1 7 2
447 205
1 4 2
444 497
1 6 2
195 35
1 7 2
28 123
1 5 2
443 414
1 10 2
98 4
1 2 2
154 224
1 11 2
178 348
1 9 2
390 42
1 6 2
349 298
1 14 2
473 351
1 4 2
83 246
1 9 2
198 491
1 5 2
227 210
1 12 2
202 210
1 6 2
398 318
1 9 2
292 329
1 7 2
144 57
1 14 2
318 383
1 14 2
10 102
1 10 2
254 276
1 13 2
52 251
1 7 2
266 373
1 6 2
467 365
1 2 2
149 310
1 7 2
460 412
1 10 2
266 291
1 3 2
491 75
1 6 2
43 7
1 6 2
176 107
1 4 2
326 495
1 15 2
119 319
1 7 2
403 378
1 6 2
479 101
1 10 2
79 473
1 7 2
107 239
1 12 2
222 22
1 3 2
336 475
1 6 2
22 132
1 4 2
367 259
1 2 2
328 247
1 2 2
124 91
1 14 2
444 107
1 13 2
194 496
1 6 2
449 170
1 10 2
102 475
1 8 2
335 432
1 8 2
318 58
1 13 2
376 343
1 14 2
468 482
1 8 2
4 17
1 3 2
299 253
1 4 2
190 63
1 9 2
48 81
1 4 2
120 291
1 5 2
144 329
1 3 2
323 427
1 9 2
423 153
1 14 2
282 34
1 13 2
336 331
1 13 2
7 367
1 6 2
185 89
1 2 2
443 291
1 11 2
347 49
1 7 2
364 204
1 11 2
376 457
1 15 2
98 229
1 2 2
128 416
1 6 2
268 215
1 9 2
321 224
1 3 2
431 483
1 12 2
362 62
1 13 2
312 19
1 3 2
368 199
1 12 2
274 327
1 6 2
240 125
1 13 2
314 417
1 15 2
69 140
1 11 2
225 239
1 5 2
246 339
1 15 2
407 122
1 5 2
360 345
1 4 2
104 312
1 13 2
314 492
1 15 2
476 487
1 11 2
53 33
1 9 2
99 322
1 9 2
118 399
1 10 2
67 434
1 9 2
315 415
1 8 2
475 355
1 4 2
117 304
1 14 2
65 247
1 11 2
44 362
1 2 2
88 89
1 8 2
313 445
1 12 2
14 309
1 15 2
275 224
1 7 2
231 424
1 9 2
397 80
1 15 2
313 304
1 5 2
375 461
1 4 2
341 207
1 15 2
137 188
1 8 2
102 267
1 14 2
157 22
1 11 2
185 359
1 8 2
340 205
1 4 2
71 55
1 2 2
453 404
1 5 2
19 175
1 6 2
481 257
1 7 2
274 174
1 6 2
204 493
1 12 2
476 123
1 9 2
382 156
1 2 2
283 234
1 15 2
205 252
1 13 2
323 293
1 14 2
401 338
1 2 2
405 402
1 11 2
262 375
1 6 2
308 135
1 8 2
184 409
1 12 2
430 0
1 13 2
257 2
1 4 2
184 178
1 7 2
13 343
1 14 2
448 399
1 7 2
367 347
1 3 2
48 492
1 15 2
420 440
1 8 2
45 254
1 4 2
463 6
1 5 2
391 100
1 2 2
93 350
1 11 2
247 222
1 12 2
478 218
1 7 2
136 218
1 10 2
53 192
1 10 2
223 230
1 13 2
274 125
1 14 2
219 185
1 3 2
405 213
1 5 2
375 243
1 8 2
8 390
1 8 2
99 104
1 4 2
204 29
1 10 2
460 167
1 10 2
37 454
1 6 2
487 301
1 5 2
280 327
1 5 2
121 203
1 13 2
312 318
1 2 2
56 43
1 5 2
31 459
1 8 2
57 138
1 8 2
350 493
1 15 2
92 452
1 11 2
454 401
1 10 2
149 264
1 8 2
65 232
1 8 2
128 188
1 4 2
450 53
1 6 2
301 414
1 4 2
455 282
1 10 2
448 296
1 5 2
462 190
1 4 2
73 303
1 2 2
61 90
1 7 2
222 424
1 13 2
262 50
1 14 2
70 9
1 3 2
424 374
1 10 2
31 179
1 11 2
348 187
1 8 2
81 266
1 9 2
176 393
1 7 2
486 275
1 6 2
408 302
1 7 2
132 199
1 4 2
469 16
1 12 2
136 429
1 13 2
261 156
1 15 2
395 278
1 2 2
452 82
1 11 2
349 17
1 4 2
27 213
1 3 2
143 209
1 6 2
66 419
1 12 2
75 95
1 10 2
83 211
1 2 2
316 286
1 6 2
330 285
1 4 2
428 343
1 9 2
157 369
1 6 2
450 106
1 2 2
219 0
1 2 2
488 73
1 8 2
146 63
1 14 2
223 115
1 3 2
392 489
1 15 2
469 312
1 3 2
279 120
1 15 2
478 174
1 12 2
325 448
1 9 2
419 176
1 11 2
334 494
1 10 2
279 406
1 8 2
281 68
1 9 2
234 343
1 11 2
358 275
1 15 2
128 293
1 13 2
68 123
1 12 2
57 242
1 13 2
455 408
1 11 2
354 305
1 5 2
154 6
1 13 2
298 93
1 14 2
219 453
1 5 2
305 81
1 3 2
356 314
1 10 2
104 196
1 7 2
498 327
1 7 2
114 76
1 10 2
392 55
1 6 2
281 163
1 10 2
342 367
1 14 2
104 60
1 13 2
335 110
1 11 2
346 30
1 11 2
463 0
1 6 2
144 10
1 7 2
474 186
1 12 2
472 47
1 8 2
134 238
1 3 2
363 424
1 14 2
337 395
1 12 2
460 417
1 2 2
350 480
1 9 2
138 387
1 3 2
359 229
1 2 2
11 83
1 9 2
86 257
1 14 2
249 351
1 12 2
340 283
1 13 2
281 284
1 7 2
400 464
1 6 2
454 43
1 12 2
395 292
1 9 2
216 10
1 8 2
197 123
1 6 2
346 401
1 14 2
87 305
1 6 2
102 106
1 3 2
125 284
1 5 2
237 185
1 2 2
208 93
1 14 2
332 229
1 13 2
461 288
1 5 2
50 97
1 10 2
192 155
1 10 2
104 94
1 7 2
248 407
1 10 2
248 254
1 7 2
2 92
1 15 2
189 253
1 7 2
328 27
1 12 2
422 157
1 15 2
170 198
1 2 2
336 429
1 14 2
356 459
1 10 2
351 13
1 15 2
126 86
1 6 2
183 425
1 12 2
375 207
1 7 2
151 489
1 15 2
303 496
1 5 2
303 263
1 8 2
263 467
1 11 2
140 193
1 2 2
289 107
1 13 2
125 241
1 2 2
49 290
1 4 2
163 43
1 10 2
285 146
1 14 2
182 367
1 15 2
69 456
1 12 2
34 181
1 13 2
448 435
1 4 2
338 25
1 2 2
289 435
1 8 2
125 292
1 5 2
409 132
1 5 2
288 61
1 10 2
346 132
1 4 2
0 260
1 10 2
434 480
1 11 2
0 408
1 12 2
55 132
1 13 2
293 436
1 2 2
497 292
1 4 2
109 340
1 15 2
347 259
1 11 2
177 356
1 8 2
356 127
1 15 2
403 31
1 6 2
187 198
1 9 2
128 472
1 5 2
162 53
1 13 2
482 388
1 11 2
209 349
1 15 2
343 302
1 14 2
442 105
1 2 2
118 329
1 6 2
247 107
1 2 2
200 386
1 2 2
311 488
1 13 2
423 37
1 13 2
25 201
1 9 2
71 455
1 13 2
334 322
1 11 2
108 256
1 9 2
204 299
1 6 2
206 489
1 4 2
155 230
1 11 2
351 139
1 13 2
121 199
1 12 2
105 30
1 4 2
2 430
1 8 2
183 243
1 2 2
9 390
1 6 2
331 384
1 13 2
29 236
1 2 2
211 429
1 8 2
89 356
1 9 2
134 401
1 6 2
173 476
1 7 2
353 442
1 6 2
418 394
1 13 2
237 494
1 6 2
497 343
1 2 2
246 313
1 11 2
100 346
1 8 2
494 465
1 6 2
27 127
1 12 2
42 172
1 4 2
109 67
1 7 2
274 176
1 7 2
320 82
1 12 2
104 217
1 6 2
215 351
1 6 2
262 492
1 10 2
458 149
1 2 2
159 175
1 5 2
449 41
1 3 2
157 234
1 6 2
390 224
1 14 2
214 30
1 5 2
335 68
1 9 2
498 470
1 12 2
487 232
1 15 2
296 308
1 9 2
299 472
1 14 2
458 294
1 13 2
365 337
1 11 2
296 74
1 6 2
411 204
1 14 2
362 464
1 10 2
7 126
1 2 2
52 206
1 6 2
139 420
1 6 2
264 239
1 15 2
30 130
1 2 2
253 338
1 5 2
207 79
1 13 2
166 4
1 7 2
74 188
1 2 2
456 467
1 2 2
353 134
1 15 2
435 456
1 15 2
374 41
1 3 2
321 495
1 7 2
81 470
1 5 2
306 473
1 3 2
380 474
1 15 2
302 44
1 11 2
154 64
1 6 2
15 46
1 7 2
405 414
1 4 2
339 365
1 10 2
5 248
1 13 2
301 25
1 6 2
445 290
1 9 2
443 277
1 11 2
13 255
1 9 2
257 82
1 12 2
214 144
1 5 2
468 335
1 9 2
292 281
1 10 2
331 127
1 13 2
60 101
1 13 2
395 477
1 15 2
259 311
1 8 2
496 80
1 11 2
265 428
1 14 2
105 57
1 11 2
233 21
1 5 2
268 197
1 7 2
401 260
1 7 2
331 39
1 11 2
56 325
1 4 2
70 385
1 13 2
101 247
1 11 2
145 252
1 10 2
451 324
1 10 2
313 55
1 5 2
199 281
1 6 2
23 455
1 15 2
264 132
1 3 2
399 165
1 11 2
488 249
1 10 2
198 149
1 8 2
30 125
1 3 2
407 280
1 3 2
343 393
1 2 2
337 371
1 14 2
73 215
1 13 2
192 195
1 14 2
21 147
1 14 2
313 272
1 2 2
439 175
1 12 2
369 406
1 8 2
235 99
1 15 2
436 83
1 12 2
328 154
1 6 2
136 299
1 11 2
189 273
1 9 2
342 460
1 2 2
269 328
1 8 2
98 398
1 6 2
301 338
1 11 2
290 341
1 10 2
198 150
1 4 2
435 384
1 6 2
271 231
1 4 2
363 353
1 7 2
21 201
1 15 2
19 354
1 13 2
95 413
1 12 2
379 388
1 10 2
437 301
1 6 2
152 343
1 12 2
430 4
1 7 2
58 32
1 6 2
145 189
1 7 2
286 90
1 15 2
395 2
1 12 2
144 211
1 9 2
252 109
1 3 2
334 454
1 7 2
10 432
1 6 2
284 311
1 14 2
186 324
1 5 2
262 273
1 7 2
197 303
1 10 2
39 337
1 5 2
450 353
1 11 2
425 370
1 4 2
192 49
1 4 2
59 367
1 7 2
469 157
1 11 2
143 138
1 3 2
12 444
1 12 2
179 98
1 12 2
407 241
1 15 2
22 129
1 15 2
458 111
1 8 2
103 236
1 5 2
301 307
1 8 2
383 129
1 12 2
14 125
1 6 2
107 52
1 9 2
158 212
1 2 2
230 193
1 13 2
316 127
1 8 2
421 411
1 11 2
440 154
1 5 2
465 59
1 5 2
464 294
1 9 2
127 81
1 11 2
334 472
1 3 2
315 458
1 5 2
205 361
1 4 2
198 196
1 6 2
262 164
1 13 2
38 489
1 9 2
474 489
1 9 2
309 234
1 12 2
426 399
1 15 2
147 467
1 4 2
145 297
1 3 2
375 87
1 2 2
7 285
1 2 2
487 113
1 13 2
298 70
1 10 2
364 471
1 3 2
476 439
1 13 2
66 297
1 7 2
105 395
1 9 2
424 111
1 7 2
307 146
1 2 2
230 398
1 10 2
411 232
1 8 2
94 486
1 15 2
129 395
1 4 2
58 496
1 11 2
95 386
1 15 2
382 482
1 11 2
86 277
1 2 2
150 211
1 6 2
489 173
1 9 2
179 171
1 11 2
212 429
1 5 2
54 5
1 14 2
236 462
1 13 2
92 112
1 13 2
339 353
1 10 2
382 219
1 14 2
162 294
1 13 2
319 5
1 9 2
491 129
1 9 2
478 281
1 8 2
9 420
1 15 2
475 50
1 14 2
284 164
1 6 2
239 403
1 7 2
61 339
1 11 2
227 283
1 13 2
210 64
1 13 2
202 489
1 9 2
458 17
1 4 2
373 33
1 15 2
434 94
1 4 2
0 333
1 15 2
108 251
1 13 2
383 88
1 6 2
488 414
1 4 2
93 419
1 3 2
27 490
1 8 2
120 342
1 9 2
193 447
1 3 2
458 459
1 15 2
481 313
1 9 2
48 473
1 9 2
364 107
1 9 2
354 240
1 12 2
122 202
1 3 2
370 16
1 7 2
484 390
1 5 2
190 387
1 14 2
12 439
1 11 2
31 426
1 11 2
27 440
1 3 2
128 130
1 4 2
169 95
1 5 2
434 62
1 8 2
312 94
1 9 2
7 400
1 3 2
222 329
1 8 2
2 10
1 10 2
131 299
1 13 2
198 443
1 2 2
240 286
1 5 2
295 207
1 14 2
39 409
1 7 2
180 148
1 10 2
489 324
1 13 2
371 244
1 8 2
8 169
1 9 2
154 142
1 10 2
440 116
1 14 2
427 252
1 11 2
315 440
1 5 2
27 424
1 2 2
338 130
1 3 2
60 26
1 5 2
73 433
1 10 2
423 245
1 7 2
195 233
1 9 2
144 60
1 13 2
404 255
1 7 2
450 240
1 3 2
441 96
1 13 2
377 477
1 13 2
190 131
1 14 2
244 376
1 8 2
280 287
1 7 2
210 318
1 13 2
46 101
1 15 2
294 429
1 13 2
50 370
1 10 2
468 216
1 2 2
227 460
1 7 2
107 7
1 8 2
467 67
1 13 2
195 2
1 6 2
83 433
1 10 2
428 439
1 3 2
123 165
1 5 2
66 449
1 7 2
299 295
1 5 2
82 222
1 3 2
477 125
1 8 2
29 247
1 13 2
402 111
1 5 2
337 28
1 9 2
107 496
1 12 2
233 371
1 7 2
415 195
1 14 2
407 283
1 11 2
82 20
1 14 2
236 48
1 7 2
201 327
1 6 2
195 59
1 8 2
44 215
1 7 2
90 348
1 6 2
99 235
1 11 2
456 122
1 4 2
385 352
1 6 2
66 103
1 4 2
359 484
1 11 2
97 240
1 13 2
411 362
1 9 2
168 73
1 9 2
197 55
1 10 2
365 244
1 2 2
313 88
1 3 2
209 189
1 3 2
66 431
1 10 2
385 485
1 8 2
230 263
1 7 2
57 270
1 10 2
14 74
1 3 2
87 306
1 9 2
445 312
1 3 2
8 324
1 2 2
177 457
1 3 2
290 169
1 9 2
384 275
1 6 2
198 421
1 6 2
119 101
1 2 2
295 395
1 12 2
224 122
1 15 2
143 410
1 14 2
263 494
1 11 2
415 421
1 11 2
300 254
1 5 2
39 40
1 10 2
68 294
1 6 2
98 441
1 2 2
245 256
1 12 2
42 77
1 3 2
302 116
1 3 2
439 469
1 12 2
237 484
1 7 2
427 314
1 2 2
351 412
1 14 2
166 237
1 13 2
116 114
1 7 2
238 430
1 11 2
376 388
1 9 2
406 223
1 10 2
77 297
1 8 2
282 164
1 15 2
208 327
1 12 2
12 468
1 12 2
223 232
1 10 2
453 85
1 3 2
491 476
1 10 2
379 175
1 5 2
172 440
1 7 2
155 131
1 12 2
325 201
1 14 2
418 254
1 6 2
476 426
1 9 2
145 370
1 7 2
275 217
1 6 2
279 124
1 11 2
401 69
1 13 2
348 29
1 12 2
383 138
1 6 2
447 142
1 5 2
238 482
1 5 2
33 281
1 6 2
166 317
1 11 2
479 214
1 11 2
490 6
1 12 2
82 408
1 11 2
34 451
1 8 2
339 11
1 15 2
201 308
1 13 2
440 480
1 8 2
31 333
1 10 2
37 469
1 9 2
418 461
1 2 2
166 337
1 12 2
459 328
1 12 2
255 175
1 10 2
403 303
1 15 2
95 252
1 10 2
256 478
1 2 2
337 71
1 14 2
311 319
1 7 2
320 236
1 15 2
436 106
1 2 2
214 363
1 7 2
262 331
1 8 2
388 45
1 9 2
50 289
1 6 2
144 265
1 5 2
491 497
1 7 2
424 92
1 7 2
217 92
1 14 2
492 198
1 9 2
146 319
1 2 2
150 254
1 10 2
80 418
1 10 2
453 445
1 15 2
405 230
1 4 2
76 296
1 8 2
332 339
1 9 2
331 82
1 10 2
263 396
1 15 2
259 175
1 2 2
124 342
1 3 2
299 117
1 8 2
265 45
1 9 2
471 1
1 4 2
181 194
1 10 2
85 352
1 6 2
264 423
1 6 2
137 201
1 11 2
305 475
1 13 2
307 433
1 15 2
281 187
1 13 2
17 225
1 13 2
193 46
1 13 2
293 442
1 15 2
347 154
1 8 2
401 184
1 10 2
65 207
1 7 2
278 109
1 7 2
467 400
1 14 2
453 480
1 2 2
90 326
1 3 2
116 447
1 7 2
30 169
1 3 2
219 222
1 7 2
163 174
1 8 2
67 253
1 6 2
211 484
1 2 2
226 40
1 6 2
485 315
1 13 2
229 123
1 5 2
171 309
1 3 2
401 336
1 11 2
32 170
1 10 2
285 177
1 10 2
389 199
1 14 2
117 197
1 6 2
4 124
1 3 2
105 216
1 6 2
371 291
1 9 2
309 126
1 9 2
43 247
1 14 2
309 304
1 14 2
109 199
1 3 2
44 241
1 9 2
47 266
1 4 2
475 198
1 6 2
385 443
1 15 2
78 355
1 2 2
466 224
1 10 2
428 310
1 14 2
283 29
1 8 2
441 128
1 14 2
161 238
1 6 2
52 393
1 14 2
393 423
1 5 2
483 171
1 10 2
415 33
1 7 2
375 25
1 5 2
162 87
1 6 2
441 385
1 3 2
318 476
1 13 2
444 462
1 6 2
402 451
1 10 2
482 20
1 11 2
380 471
1 7 2
118 63
1 8 2
148 262
1 2 2
453 383
1 5 2
356 54
1 4 2
115 101
1 15 2
172 197
1 15 2
436 181
1 4 2
283 403
1 8 2
94 420
1 9 2
423 308
1 14 2
365 327
1 3 2
134 430
1 9 2
238 461
1 11 2
179 468
1 10 2
218 212
1 5 2
300 22
1 9 2
149 206
1 7 2
290 461
1 8 2
421 434
1 4 2
153 58
1 5 2
291 415
1 6 2
16 180
1 6 2
302 93
1 10 2
182 464
1 3 2
288 96
1 8 2
447 342
1 2 2
114 35
1 12 2
300 327
1 11 2
498 177
1 11 2
174 418
1 12 2
253 495
1 5 2
262 207
1 7 2
444 228
1 13 2
126 382
1 4 2
68 446
1 15 2
477 153
1 6 2
14 136
1 6 2
384 219
1 13 2
418 85
1 7 2
454 282
1 5 2
158 11
1 14 2
453 396
1 4 2
409 400
1 2 2
340 350
1 12 2
275 220
1 3 2
251 190
1 3 2
158 90
1 9 2
161 468
1 9 2
160 32
1 6 2
111 121
1 6 2
490 404
1 8 2
203 465
1 9 2
81 311
1 7 2
258 182
1 15 2
328 240
1 6 2
21 228
1 4 2
125 338
1 14 2
160 407
1 13 2
341 23
1 3 2
314 226
1 4 2
136 435
1 13 2
488 286
1 7 2
404 28
1 7 2
271 183
1 2 2
124 327
1 3 2
158 38
1 14 2
381 272
1 2 2
467 459
1 12 2
85 130
1 11 2
219 395
1 3 2
412 117
1 4 2
318 423
1 3 2
350 204
1 2 2
177 152
1 5 2
464 198
1 9 2
399 124
1 13 2
100 326
1 3 2
435 168
1 11 2
246 399
1 4 2
70 306
1 15 2
111 284
1 6 2
87 195
1 5 2
346 13
1 9 2
104 173
1 10 2
322 183
1 14 2
229 409
1 13 2
368 170
1 8 2
411 9
1 14 2
420 97
1 11 2
414 15
1 8 2
11 476
1 6 2
395 360
1 2 2
298 385
1 9 2
264 379
1 5 2
435 362
1 11 2
127 50
1 14 2
381 197
1 7 2
49 384
1 13 2
40 30
1 2 2
313 178
1 13 2
349 429
1 5 2
399 141
1 10 2
102 321
1 5 2
128 173
1 9 2
328 421
1 5 2
193 67
1 13 2
217 387
1 10 2
273 314
1 13 2
364 284
1 3 2
34 490
1 4 2
78 314
1 3 2
318 260
1 6 2
52 256
1 15 2
29 410
1 11 2
143 46
1 6 2
285 29
1 4 2
254 364
1 14 2
187 482
1 14 2
149 406
1 8 2
242 116
1 8 2
332 255
1 13 2
147 301
1 9 2
287 45
1 9 2
475 114
1 15 2
269 114
1 7 2
452 332
1 11 2
132 279
1 8 2
16 435
1 12 2
450 420
1 5 2
50 320
1 12 2
15 315
1 13 2
344 483
1 9 2
0 146
1 11 2
129 488
1 2 2
51 188
1 12 2
398 420
1 8 2
462 26
1 3 2
489 474
1 8 2
412 378
1 5 2
461 270
1 14 2
104 310
1 3 2
27 438
1 2 2
183 494
1 9 2
127 281
1 6 2
213 296
1 13 2
452 231
1 8 2
91 21
1 12 2
304 283
1 5 2
243 392
1 6 2
111 464
1 6 2
381 468
1 7 2
147 355
1 4 2
364 358
1 14 2
154 304
1 2 2
256 248
1 4 2
50 319
1 13 2
252 152
1 9 2
252 213
1 10 2
358 251
1 7 2
41 133
1 14 2
496 448
1 7 2
442 127
1 8 2
495 354
1 2 2
294 462
1 5 2
144 60
1 7 2
6 495
1 13 2
311 379
1 15 2
229 85
1 5 2
404 242
1 7 2
449 235
1 9 2
447 105
1 14 2
116 366
1 2 2
454 287
1 13 2
260 174
1 7 2
281 37
1 15 2
384 219
1 14 2
494 112
1 15 2
309 27
1 4 2
278 142
1 13 2
453 154
1 4 2
455 74
1 4 2
230 498
1 7 2
235 214
1 7 2
151 459
1 4 2
36 90
1 15 2
161 338
1 15 2
388 329
1 12 2
271 47
1 12 2
422 123
1 2 2
228 85
1 6 2
61 210
1 3 2
53 121
1 3 2
306 451
1 7 2
345 383
1 5 2
129 497
1 11 2
443 478
1 8 2
233 441
1 13 2
0 323
1 5 2
165 477
1 14 2
178 163
1 15 2
370 431
1 10 2
493 112
1 12 2
63 439
1 15 2
354 102
1 5 2
172 274
1 9 2
78 361
1 13 2
303 120
1 11 2
4 81
1 2 2
288 63
1 6 2
406 141
1 7 2
80 438
1 8 2
224 488
1 4 2
14 272
1 5 2
142 185
1 8 2
21 261
1 15 2
434 444
1 6 2
326 178
1 8 2
409 182
1 10 2
192 236
1 8 2
3 294
1 12 2
56 47
1 7 2
169 6
1 10 2
93 185
1 12 2
234 292
1 9 2
209 289
1 3 2
337 308
1 2 2
5 432
1 9 2
244 15
1 10 2
97 196
1 4 2
491 198
1 13 2
434 316
1 7 2
429 348
1 2 2
261 43
1 12 2
143 28
1 5 2
302 238
1 7 2
245 57
1 13 2
490 254
1 5 2
138 99
1 12 2
253 190
1 7 2
113 103
1 9 2
156 62
1 2 2
152 139
1 9 2
1 247
1 11 2
401 218
1 9 2
168 226
1 15 2
275 170
1 6 2
122 7
1 9 2
240 132
1 15 2
102 235
1 6 2
191 215
1 14 2
354 339
1 7 2
474 87
1 8 2
264 268
1 14 2
420 211
1 11 2
233 284
1 13 2
334 208
1 10 2
329 17
1 2 2
90 492
1 13 2
158 230
1 5 2
356 473
1 14 2
230 39
1 13 2
430 371
1 2 2
423 117
1 13 2
158 248
1 13 2
162 23
1 10 2
329 215
1 3 2
468 138
1 8 2
32 57
1 3 2
422 291
1 8 2
435 347
1 14 2
348 462
1 4 2
189 121
1 7 2
334 207
1 7 2
380 206
1 8 2
28 43
1 8 2
303 95
1 15 2
292 331
1 9 2
453 293
1 5 2
133 214
1 15 2
156 177
1 10 2
250 260
1 11 2
490 439
1 13 2
472 379
1 14 2
326 271
1 15 2
380 336
1 3 2
265 321
1 5 2
171 30
1 3 2
285 306
1 4 2
430 363
1 15 2
168 221
1 4 2
25 320
1 2 2
33 40
1 10 2
93 164
1 5 2
136 416
1 9 2
67 411
1 14 2
311 127
1 2 2
331 300
1 5 2
5 191
1 4 2
330 365
1 7 2
93 340
1 8 2
381 63
1 12 2
300 168
1 10 2
374 153
1 4 2
412 471
1 8 2
143 216
1 2 2
263 351
1 3 2
365 1
1 5 2
242 70
1 12 2
209 418
1 8 2
185 63
1 12 2
318 224
1 10 2
366 488
1 15 2
322 383
1 4 2
135 19
1 2 2
165 167
1 9 2
84 233
1 9 2
176 29
1 2 2
345 125
1 3 2
493 224
1 13 2
250 257
1 4 2
265 438
1 6 2
384 276
1 8 2
155 487
1 2 2
253 242
1 10 2
417 93
1 10 2
149 415
1 5 2
108 5
1 4 2
251 196
1 2 2
121 379
1 9 2
427 0
1 4 2
461 336
1 15 2
291 3
1 2 2
194 336
1 13 2
428 411
1 10 2
243 382
1 11 2
386 394
1 15 2
183 323
1 6 2
20 106
1 14 2
261 201
1 14 2
148 188
1 11 2
173 454
1 14 2
153 288
1 13 2
0 80
1 14 2
82 48
1 14 2
378 481
1 8 2
230 234
1 6 2
461 11
1 2 2
99 25
1 9 2
264 429
1 13 2
9 126
1 14 2
54 492
1 2 2
292 249
1 10 2
348 360
1 8 2
346 14
1 5 2
435 254
1 2 2
358 337
1 10 2
417 111
1 4 2
247 352
1 4 2
89 369
1 12 2
436 310
1 12 2
139 153
1 7 2
102 410
1 15 2
326 117
1 6 2
457 405
1 15 2
64 495
1 8 2
473 399
1 4 2
386 131
1 14 2
131 261
1 15 2
11 118
1 6 2
371 241
1 9 2
455 84
1 3 2
418 397
1 11 2
385 201
1 2 2
263 171
1 6 2
5 341
1 9 2
234 422
1 6 2
426 409
1 6 2
63 407
1 8 2
146 149
1 13 2
240 91
1 13 2
307 20
1 13 2
98 190
1 15 2
173 238
1 13 2
392 426
1 8 2
456 18
1 15 2
222 4
1 5 2
42 392
1 9 2
116 78
1 11 2
404 54
1 9 2
237 120
1 9 2
14 174
1 11 2
312 126
1 11 2
442 416
1 3 2
376 312
1 10 2
181 400
1 15 2
308 464
1 11 2
272 61
1 7 2
38 34
1 3 2
290 54
1 6 2
76 89
1 6 2
40 19
1 7 2
107 164
1 13 2
111 341
1 8 2
117 202
1 10 2
76 120
1 3 2
433 66
1 4 2
338 388
1 12 2
106 302
1 2 2
135 460
1 6 2
21 364
1 11 2
15 382
1 11 2
488 418
1 8 2
187 50
1 8 2
311 309
1 14 2
451 348
1 8 2
7 22
1 15 2
216 207
1 7 2
221 378
1 11 2
432 106
1 15 2
386 226
1 6 2
198 477
1 12 2
53 470
1 6 2
291 238
1 7 2
145 373
1 15 2
346 223
1 2 2
33 76
1 12 2
322 231
1 12 2
280 103
1 5 2
61 177
1 11 2
473 282
1 7 2
278 212
1 2 2
442 237
1 11 2
83 34
1 13 2
135 238
1 9 2
103 286
1 11 2
360 495
1 9 2
138 165
1 14 2
264 180
1 7 2
434 193
1 6 2
168 61
1 9 2
176 427
1 5 2
204 364
1 15 2
298 31
1 11 2
0 219
1 2 2
204 16
1 6 2
393 70
1 10 2
210 237
1 4 2
421 58
1 6 2
476 442
1 6 2
420 167
1 11 2
4 116
1 2 2
435 316
1 7 2
167 344
1 7 2
309 25
1 5 2
356 282
1 6 2
391 218
1 3 2
56 200
1 13 2
405 336
1 15 2
199 26
1 5 2
277 367
1 11 2
244 427
1 14 2
313 124
1 2 2
292 181
1 9 2
332 383
1 7 2
282 33
1 2 2
80 154
1 14 2
25 298
1 12 2
201 305
1 6 2
412 117
1 10 2
203 113
1 15 2
107 453
1 14 2
268 444
1 8 2
155 161
1 6 2
440 80
1 8 2
234 267
1 10 2
464 336
1 15 2
18 186
1 6 2
27 197
1 5 2
277 163
1 12 2
104 22
1 3 2
289 457
1 12 2
110 38
1 7 2
87 394
1 3 2
478 53
1 14 2
479 480
1 2 2
319 256
1 9 2
306 92
1 10 2
105 217
1 9 2
137 279
1 5 2
321 428
1 14 2
157 301
1 9 2
343 373
1 3 2
234 494
1 8 2
397 384
1 5 2
300 205
1 12 2
83 494
1 3 2
197 235
1 14 2
497 478
1 6 2
401 134
1 4 2
14 113
1 6 2
387 249
1 3 2
102 248
1 8 2
15 69
1 15 2
309 69
1 15 2
115 393
1 10 2
322 66
1 9 2
190 56
1 2 2
28 418
1 2 2
145 498
1 6 2
271 38
1 14 2
64 416
1 13 2
331 28
1 15 2
119 319
1 11 2
162 113
1 9 2
234 467
1 4 2
168 37
1 3 2
311 173
1 10 2
178 397
1 7 2
151 349
1 11 2
171 364
1 12 2
114 452
1 3 2
0 232
1 9 2
65 156
1 14 2
366 132
1 12 2
368 91
1 9 2
435 456
1 11 2
433 387
1 10 2
447 40
1 2 2
436 151
1 15 2
292 228
1 11 2
443 407
1 3 2
188 107
1 10 2
264 19
1 12 2
111 155
1 3 2
105 156
1 2 2
216 14
1 2 2
104 376
1 5 2
429 141
1 5 2
170 201
1 9 2
87 480
1 8 2
286 467
1 15 2
312 115
1 14 2
287 491
1 7 2
236 424
1 4 2
296 409
1 9 2
215 321
1 8 2
456 6
1 4 2
469 101
1 5 2
6 211
1 14 2
183 399
1 4 2
100 0
1 3 2
482 296
1 9 2
168 23
1 14 2
42 104
1 4 2
315 57
1 12 2
231 72
1 7 2
133 257
1 3 2
421 19
1 11 2
439 322
1 5 2
17 37
1 3 2
61 46
1 9 2
401 305
1 8 2
147 35
1 3 2
318 378
1 8 2
281 372
1 14 2
435 32
1 6 2
214 426
1 12 2
204 414
1 7 2
284 487
1 15 2
146 25
1 2 2
437 166
1 5 2
0 43
1 11 2
20 328
1 12 2
433 117
1 12 2
100 408
1 10 2
42 173
1 8 2
148 408
1 10 2
10 87
1 13 2
399 216
1 4 2
495 460
1 11 2
304 36
1 11 2
48 358
1 13 2
486 237
1 9 2
276 455
1 10 2
490 377
1 12 2
297 290
1 11 2
42 361
1 8 2
246 83
1 6 2
26 397
1 7 2
126 55
1 15 2
379 426
1 12 2
264 71
1 3 2
116 183
1 13 2
299 284
1 14 2
108 432
1 3 2
206 33
1 14 2
317 28
1 4 2
167 364
1 7 2
445 456
1 11 2
81 163
1 4 2
396 170
1 6 2
124 421
1 10 2
4 315
1 9 2
76 379
1 15 2
370 479
1 12 2
298 284
1 12 2
201 52
1 5 2
31 66
1 2 2
192 158
1 7 2
456 285
1 14 2
254 282
1 3 2
288 7
1 13 2
18 194
1 2 2
77 371
1 13 2
154 21
1 2 2
25 201
1 14 2
40 165
1 11 2
451 252
1 14 2
28 228
1 4 2
143 486
1 13 2
230 46
1 4 2
268 10
1 9 2
103 399
1 4 2
176 62
1 11 2
97 111
1 13 2
498 497
1 3 2
15 209
1 9 2
146 335
1 10 2
105 74
1 13 2
318 414
1 4 2
297 107
1 8 2
105 256
1 5 2
308 369
1 6 2
55 24
1 8 2
211 149
1 11 2
302 311
1 6 2
252 473
1 2 2
461 297
1 2 2
411 373
1 15 2
210 269
1 4 2
178 331
1 7 2
55 390
1 4 2
57 203
1 14 2
481 457
1 10 2
0 396
1 2 2
429 249
1 4 2
103 204
1 5 2
335 76
1 14 2
57 174
1 12 2
266 357
1 8 2
336 285
1 6 2
416 314
1 8 2
307 395
1 8 2
58 160
1 8 2
349 56
1 3 2
162 364
1 15 2
256 330
1 3 2
143 214
1 10 2
485 499
1 3 2
376 116
1 9 2
190 441
1 3 2
98 80
1 6 2
278 242
1 11 2
251 83
1 7 2
54 412
1 11 2
232 86
1 4 2
400 129
1 3 2
457 145
1 2 2
174 172
1 15 2
208 463
1 2 2
343 452
1 2 2
359 496
1 10 2
204 270
1 9 2
26 188
1 14 2
137 40
1 6 2
330 74
1 3 2
249 158
1 11 2
450 409
1 8 2
79 427
1 15 2
329 443
1 4 2
467 61
1 7 2
58 44
1 10 2
64 193
1 8 2
265 296
1 4 2
373 278
1 10 2
129 431
1 14 2
282 222
1 13 2
369 420
1 5 2
429 249
1 6 2
252 302
1 12 2
321 317
1 6 2
380 168
1 8 2
38 385
1 15 2
214 208
1 13 2
468 207
1 5 2
37 70
1 9 2
252 452
1 12 2
312 195
1 11 2
60 495
1 12 2
412 248
1 3 2
455 260
1 13 2
47 156
1 10 2
132 107
1 15 2
394 270
1 15 2
204 302
1 6 2
124 296
1 3 2
477 467
1 15 2
460 63
1 4 2
238 488
1 14 2
56 395
1 9 2
354 342
1 5 2
49 467
1 13 2
479 304
1 11 2
316 123
1 4 2
277 209
1 6 2
137 326
1 2 2
128 303
1 4 2
58 345
1 15 2
449 102
1 9 2
12 292
1 15 2
265 301
1 10 2
393 335
1 12 2
233 168
1 3 2
207 149
1 11 2
188 29
1 4 2
140 203
1 5 2
136 294
1 14 2
268 140
1 9 2
31 391
1 14 2
268 450
1 11 2
474 354
1 11 2
179 394
1 5 2
3 499
1 7 2
156 202
1 4 2
319 426
1 12 2
153 307
1 12 2
146 119
1 5 2
172 35
1 14 2
302 372
1 15 2
450 152
1 5 2
491 371
1 12 2
365 333
1 10 2
217 436
1 2 2
136 56
1 5 2
498 372
1 9 2
251 498
1 12 2
401 370
1 11 2
13 466
1 6 2
331 282
1 2 2
204 176
1 5 2
213 110
1 12 2
302 94
1 11 2
227 242
1 14 2
250 193
1 9 2
306 41
1 12 2
21 274
1 9 2
262 129
1 8 2
465 111
1 12 2
84 96
1 9 2
420 334
1 7 2
430 87
1 8 2
196 305
1 15 2
290 5
1 11 2
455 312
1 12 2
247 95
1 10 2
25 79
1 8 2
472 237
1 8 2
408 146
1 3 2
349 125
1 6 2
483 289
1 5 2
230 231
1 8 2
151 136
1 7 2
413 206
1 13 2
168 74
1 14 2
368 488
1 11 2
45 207
1 8 2
238 248
1 12 2
160 181
1 15 2
373 354
1 15 2
286 434
1 2 2
1 307
1 8 2
43 307
1 2 2
54 446
1 14 2
148 450
1 8 2
344 263
1 9 2
386 49
1 3 2
363 38
1 10 2
94 192
1 4 2
21 10
1 14 2
186 30
1 2 2
328 315
1 14 2
341 254
1 6 2
143 30
1 12 2
333 127
1 14 2
485 169
1 6 2
202 254
1 2 2
419 308
1 15 2
52 44
1 4 2
26 225
1 7 2
420 422
1 14 2
297 3
1 13 2
367 496
1 11 2
132 169
1 15 2
415 214
1 14 2
61 154
1 14 2
481 217
1 13 2
2 379
1 4 2
358 430
1 12 2
39 409
1 4 2
356 417
1 2 2
188 481
1 6 2
197 427
1 7 2
161 322
1 8 2
65 197
1 7 2
50 221
1 15 2
359 281
1 4 2
316 322
1 12 2
92 412
1 13 2
482 77
1 13 2
277 161
1 10 2
385 76
1 10 2
398 372
1 4 2
431 176
1 13 2
64 312
1 12 2
396 46
1 10 2
195 62
1 4 2
396 245
1 10 2
309 35
1 4 2
222 340
1 13 2
328 39
1 4 2
194 386
1 14 2
144 403
1 12 2
187 213
1 7 2
27 466
1 12 2
265 249
1 3 2
76 43
1 2 2
131 385
1 12 2
76 238
1 2 2
368 130
1 10 2
29 297
1 5 2
136 172
1 12 2
88 327
1 3 2
260 499
1 13 2
76 490
1 15 2
71 349
1 10 2
186 163
1 15 2
404 2
1 7 2
18 444
1 11 2
194 10
1 13 2
483 4
1 7 2
85 498
1 10 2
90 134
1 2 2
61 35
1 13 2
469 231
1 12 2
95 486
1 13 2
171 448
1 13 2
475 112
1 11 2
283 329
1 6 2
26 129
1 2 2
101 192
1 9 2
379 279
1 5 2
427 291
1 2 2
447 375
1 8 2
410 378
1 5 2
158 326
1 13 2
458 447
1 10 2
107 230
1 10 2
204 342
1 13 2
278 57
1 4 2
304 1
1 2 2
337 180
1 12 2
395 267
1 9 2
78 294
1 2 2
99 149
1 11 2
141 451
1 6 2
252 350
1 3 2
220 298
1 6 2
351 202
1 3 2
249 138
1 8 2
51 282
1 10 2
488 298
1 10 2
139 318
1 5 2
480 186
1 13 2
309 87
1 3 2
482 69
1 13 2
300 157
1 10 2
146 277
1 8 2
497 54
1 9 2
161 105
1 5 2
492 245
1 13 2
115 38
1 5 2
86 91
1 15 2
337 30
1 14 2
101 81
1 14 2
33 496
1 12 2
80 320
1 6 2
284 217
1 14 2
391 172
1 13 2
244 99
1 6 2
296 117
1 7 2
233 426
1 9 2
438 271
1 13 2
415 428
1 12 2
466 327
1 2 2
217 26
1 10 2
113 404
1 6 2
378 371
1 7 2
204 184
1 7 2
435 235
1 7 2
400 262
1 3 2
461 46
1 9 2
100 62
1 2 2
354 121
1 12 2
150 378
1 13 2
222 388
1 2 2
316 53
1 10 2
359 111
1 5 2
465 376
1 7 2
17 429
1 12 2
363 409
1 7 2
475 206
1 9 2
318 40
1 10 2
209 356
1 8 2
301 447
1 5 2
9 239
1 5 2
108 384
1 2 2
438 318
1 3 2
193 3
1 5 2
173 333
1 7 2
152 196
1 5 2
348 158
1 3 2
94 81
1 5 2
417 458
1 6 2
85 185
1 10 2
21 379
1 2 2
190 97
1 15 2
263 209
1 11 2
422 438
1 2 2
256 94
1 6 2
335 126
1 7 2
169 482
1 2 2
304 455
1 6 2
395 454
1 6 2
381 287
1 10 2
492 349
1 4 2
14 123
1 2 2
436 160
1 9 2
344 212
1 15 2
39 251
1 14 2
403 56
1 9 2
214 357
1 5 2
478 461
1 9 2
149 194
1 2 2
208 55
1 3 2
311 39
1 9 2
273 86
1 3 2
495 354
1 3 2
99 154
1 8 2
93 136
1 4 2
238 11
1 14 2
490 269
1 12 2
347 263
1 15 2
437 75
1 10 2
0 108
1 14 2
397 301
1 7 2
99 262
1 5 2
168 104
1 10 2
31 10
1 6 2
327 81
1 12 2
210 495
1 5 2
144 299
1 11 2
79 256
1 6 2
475 146
1 11 2
238 498
1 11 2
472 370
1 2 2
468 395
1 7 2
165 30
1 7 2
82 270
1 3 2
114 181
1 5 2
31 221
1 7 2
243 88
1 10 2
106 97
1 13 2
441 402
1 12 2
118 247
1 11 2
137 135
1 14 2
202 254
1 13 2
71 407
1 11 2
405 204
1 9 2
160 449
1 6 2
314 77
1 11 2
116 56
1 12 2
228 80
1 8 2
83 47
1 9 2
41 243
1 13 2
102 227
1 13 2
46 155
1 14 2
221 69
1 5 2
158 263
1 6 2
297 432
1 10 2
70 477
1 15 2
54 267
1 5 2
155 491
1 12 2
444 317
1 3 2
327 457
1 5 2
335 206
1 15 2
385 169
1 4 2
125 326
1 9 2
235 490
1 9 2
162 353
1 13 2
456 292
1 13 2
23 155
1 11 2
153 31
1 4 2
289 471
1 4 2
439 404
1 4 2
41 302
1 12 2
254 27
1 4 2
424 194
1 10 2
165 434
1 4 2
142 407
1 15 2
395 114
1 15 2
193 188
1 10 2
444 54
1 12 2
51 385
1 13 2
157 423
1 15 2
72 5
1 7 2
407 117
1 2 2
280 129
1 12 2
117 291
1 12 2
436 289
1 15 2
290 327
1 15 2
4 473
1 6 2
352 457
1 4 2
63 288
1 11 2
298 262
1 10 2
298 472
1 2 2
422 11
1 2 2
312 466
1 15 2
209 295
1 11 2
418 140
1 13 2
229 472
1 14 2
329 23
1 5 2
0 268
1 12 2
296 117
1 10 2
93 428
1 15 2
356 143
1 6 2
398 156
1 8 2
139 459
1 9 2
247 318
1 13 2
143 110
1 8 2
395 10
1 13 2
370 31
1 11 2
195 338
1 10 2
208 66
1 14 2
176 213
1 4 2
104 12
1 3 2
436 310
1 13 2
391 57
1 7 2
421 268
1 13 2
47 251
1 2 2
21 464
1 13 2
57 8
1 2 2
441 106
1 5 2
237 471
1 15 2
236 266
1 12 2
127 195
1 15 2
239 26
1 12 2
482 173
1 2 2
397 483
1 7 2
460 391
1 8 2
428 194
1 6 2
345 233
1 9 2
123 296
1 14 2
90 266
1 2 2
440 400
1 6 2
264 399
1 14 2
195 62
1 15 2
384 223
1 13 2
243 139
1 4 2
47 177
1 2 2
152 340
1 11 2
299 4
1 15 2
160 110
1 8 2
123 415
1 11 2
67 222
1 6 2
212 68
1 11 2
370 256
1 12 2
318 364
1 10 2
25 415
1 15 2
335 248
1 9 2
2 321
1 12 2
8 385
1 6 2
281 335
1 8 2
349 399
1 5 2
339 262
1 12 2
425 146
1 2 2
362 159
1 13 2
31 218
1 10 2
140 467
1 3 2
155 441
1 6 2
251 352
1 12 2
166 141
1 5 2
280 75
1 5 2
499 219
1 11 2
462 366
1 7 2
91 430
1 13 2
0 200
1 11 2
51 179
1 2 2
76 302
1 14 2
61 365
1 12 2
389 135
1 9 2
430 54
1 12 2
427 84
1 2 2
287 47
1 11 2
298 342
1 2 2
282 276
1 11 2
217 30
1 13 2
317 312
1 7 2
92 371
1 11 2
14 417
1 5 2
157 340
1 14 2
363 431
1 2 2
21 106
1 12 2
213 7
1 9 2
146 148
1 12 2
413 379
1 3 2
332 464
1 2 2
110 484
1 10 2
19 117
1 6 2
30 68
1 15 2
329 428
1 15 2
118 449
1 11 2
40 288
1 9 2
492 192
1 12 2
290 433
1 11 2
240 210
1 4 2
471 310
1 12 2
108 188
1 6 2
205 162
1 2 2
412 77
1 3 2
169 160
1 2 2
202 492
1 7 2
222 432
1 2 2
26 366
1 3 2
416 202
1 13 2
318 204
1 9 2
173 469
1 14 2
354 471
1 3 2
91 253
1 7 2
416 80
1 7 2
414 87
1 3 2
337 26
1 10 2
285 288
1 15 2
154 103
1 14 2
213 326
1 5 2
229 52
1 13 2
54 93
1 11 2
50 484
1 14 2
54 324
1 15 2
315 29
1 12 2
105 301
1 15 2
173 292
1 13 2
477 369
1 13 2
271 24
1 9 2
358 498
1 8 2
226 444
1 15 2
442 171
1 14 2
188 437
1 8 2
11 280
1 6 2
59 94
1 14 2
298 132
1 14 2
458 389
1 11 2
227 203
1 14 2
113 242
1 7 2
321 107
1 4 2
390 273
1 10 2
426 345
1 9 2
177 149
1 3 2
133 325
1 13 2
253 336
1 2 2
377 482
1 13 2
365 265
1 5 2
436 408
1 3 2
184 127
1 13 2
174 56
1 6 2
451 77
1 14 2
345 409
1 7 2
327 105
1 2 2
386 393
1 3 2
60 272
1 15 2
9 234
1 14 2
360 190
1 13 2
246 38
1 9 2
237 337
1 12 2
320 441
1 8 2
196 395
1 11 2
340 463
1 3 2
137 228
1 5 2
173 325
1 8 2
22 162
1 9 2
131 403
1 15 2
238 498
1 10 2
50 64
1 12 2
48 154
1 3 2
53 116
1 9 2
485 328
1 13 2
223 414
1 3 2
170 67
1 12 2
366 397
1 7 2
170 346
1 10 2
427 284
1 3 2
469 38
1 14 2
212 229
1 12 2
388 489
1 7 2
450 367
1 13 2
284 145
1 4 2
312 447
1 4 2
136 21
1 15 2
143 432
1 10 2
78 435
1 9 2
155 462
1 6 2
420 209
1 9 2
406 213
1 9 2
385 143
1 7 2
152 241
1 3 2
201 411
1 12 2
135 227
1 10 2
363 474
1 8 2
220 343
1 4 2
463 87
1 15 2
182 43
1 2 2
389 255
1 13 2
91 104
1 13 2
319 466
1 2 2
320 314
1 13 2
36 133
1 7 2
42 232
1 3 2
117 54
1 3 2
149 79
1 14 2
417 289
1 8 2
39 383
1 4 2
281 240
1 4 2
94 436
1 2 2
362 113
1 10 2
305 58
1 5 2
178 180
1 2 2
473 143
1 11 2
111 175
1 8 2
66 34
1 13 2
84 60
1 14 2
189 71
1 10 2
488 431
1 8 2
426 100
1 11 2
421 400
1 3 2
365 165
1 11 2
424 157
1 12 2
491 186
1 10 2
125 278
1 10 2
50 112
1 13 2
382 59
1 6 2
342 112
1 2 2
450 71
1 2 2
461 97
1 6 2
4 202
1 6 2
477 387
1 12 2
373 40
1 7 2
122 253
1 4 2
66 225
1 5 2
143 15
1 13 2
212 341
1 11 2
261 100
1 2 2
332 338
1 4 2
31 485
1 13 2
136 176
1 15 2
487 362
1 7 2
370 123
1 14 2
122 477
1 15 2
296 394
1 5 2
384 175
1 13 2
83 267
1 8 2
2 285
1 8 2
161 448
1 12 2
464 460
1 9 2
144 445
1 10 2
429 128
1 13 2
104 237
1 14 2
223 461
1 8 2
287 102
1 12 2
439 435
1 3 2
441 99
1 9 2
374 476
1 3 2
412 138
1 14 2
427 389
1 12 2
195 453
1 14 2
278 339
1 10 2
248 142
1 11 2
83 494
1 7 2
454 22
1 14 2
20 346
1 14 2
146 109
1 4 2
328 492
1 13 2
441 415
1 7 2
339 149
1 9 2
42 32
1 10 2
347 254
1 14 2
200 95
1 14 2
127 194
1 6 2
295 69
1 4 2
119 23
1 8 2
59 391
1 3 2
463 48
1 11 2
175 233
1 6 2
486 269
1 6 2
109 210
1 12 2
128 93
1 10 2
203 356
1 3 2
471 186
1 2 2
319 219
1 5 2
366 490
1 14 2
495 6
1 9 2
266 495
1 4 2
159 278
1 8 2
456 207
1 6 2
248 111
1 7 2
338 470
1 15 2
143 212
1 10 2
108 21
1 7 2
319 320
1 5 2
234 283
1 8 2
334 178
1 15 2
158 7
1 13 2
489 495
1 3 2
358 424
1 12 2
486 18
1 14 2
480 413
1 4 2
326 339
1 9 2
405 10
1 4 2
497 235
1 7 2
421 427
1 9 2
332 307
1 15 2
232 340
1 9 2
368 457
1 3 2
191 125
1 13 2
219 74
1 11 2
351 384
1 10 2
124 97
1 10 2
302 265
1 13 2
465 126
1 13 2
310 213
1 11 2
405 119
1 12 2
373 492
1 4 2
454 348
1 4 2
242 263
1 5 2
488 498
1 8 2
93 282
1 13 2
62 140
1 4 2
4 39
1 14 2
7 347
1 10 2
295 205
1 4 2
311 35
1 7 2
194 88
1 8 2
243 181
1 5 2
119 144
1 11 2
5 67
1 13 2
174 4
1 2 2
43 185
1 10 2
453 214
1 15 2
483 398
1 14 2
382 167
1 7 2
58 241
1 11 2
113 343
1 10 2
473 448
1 6 2
362 417
1 12 2
480 244
1 14 2
372 271
1 4 2
407 96
1 11 2
487 433
1 14 2
192 226
1 2 2
227 445
1 5 2
308 163
1 7 2
44 386
1 14 2
42 377
1 10 2
326 178
1 12 2
37 332
1 7 2
422 93
1 6 2
19 223
1 6 2
34 319
1 14 2
447 339
1 8 2
499 494
1 3 2
71 438
1 7 2
325 301
1 15 2
114 473
1 8 2
363 187
1 9 2
264 36
1 13 2
402 7
1 11 2
66 408
1 9 2
93 265
1 9 2
376 366
1 7 2
37 236
1 11 2
321 128
1 13 2
109 358
1 2 2
152 101
1 4 2
152 180
1 7 2
11 489
1 8 2
296 92
1 3 2
285 427
1 15 2
364 110
1 3 2
324 467
1 8 2
386 103
1 3 2
113 331
1 7 2
156 267
1 15 2
94 337
1 4 2
191 328
1 13 2
465 139
1 2 2
18 392
1 8 2
419 477
1 5 2
442 446
1 10 2
227 486
1 3 2
48 346
1 10 2
472 290
1 10 2
121 493
1 2 2
288 230
1 10 2
467 428
1 9 2
95 326
1 2 2
419 108
1 13 2
398 182
1 13 2
83 185
1 10 2
328 195
1 15 2
173 171
1 3 2
395 138
1 10 2
210 365
1 9 2
123 445
1 6 2
362 128
1 7 2
267 331
1 13 2
498 71
1 2 2
168 71
1 14 2
430 489
1 4 2
332 169
1 11 2
252 454
1 5 2
324 489
1 9 2
369 96
1 5 2
308 158
1 11 2
142 344
1 6 2
178 22
1 15 2
180 449
1 9 2
420 392
1 11 2
357 430
1 6 2
217 388
1 15 2
3 237
1 2 2
208 184
1 6 2
369 397
1 11 2
393 134
1 7 2
85 458
1 13 2
58 453
1 4 2
79 102
1 15 2
281 300
1 12 2
396 49
1 11 2
296 271
1 10 2
82 236
1 7 2
206 2
1 7 2
309 407
1 2 2
262 81
1 3 2
209 375
1 5 2
389 488
1 10 2
403 385
1 13 2
484 62
1 5 2
155 409
1 6 2
172 369
1 5 2
393 73
1 9 2
127 463
1 5 2
166 94
1 9 2
64 228
1 4 2
479 222
1 4 2
59 394
1 2 2
303 117
1 5 2
433 6
1 10 2
119 298
1 6 2
90 55
1 7 2
276 134
1 4 2
332 403
1 12 2
447 36
1 7 2
153 327
1 12 2
257 415
1 8 2
424 128
1 12 2
323 47
1 3 2
184 350
1 8 2
452 359
1 9 2
410 271
1 11 2
28 476
1 7 2
264 147
1 12 2
37 251
1 12 2
462 270
1 6 2
5 190
1 13 2
340 345
1 13 2
3 50
1 11 2
458 76
1 8 2
116 130
1 11 2
307 240
1 10 2
371 48
1 4 2
389 422
1 15 2
335 477
1 9 2
396 318
1 5 2
280 120
1 15 2
88 303
1 5 2
124 304
1 2 2
64 55
1 5 2
480 334
1 5 2
405 311
1 4 2
123 370
1 8 2
230 201
1 15 2
89 37
1 10 2
480 434
1 5 2
34 467
1 2 2
90 209
1 9 2
105 341
1 4 2
317 104
1 5 2
372 320
1 8 2
73 44
1 3 2
107 221
1 4 2
155 285
1 9 2
95 381
1 8 2
193 154
1 9 2
1 385
1 12 2
183 326
1 14 2
80 165
1 12 2
93 38
1 8 2
143 240
1 15 2
346 336
1 13 2
416 143
1 10 2
478 494
1 14 2
74 81
1 14 2
374 20
1 13 2
56 355
1 7 2
146 294
1 12 2
168 383
1 8 2
174 468
1 8 2
269 81
1 15 2
369 253
1 10 2
291 132
1 11 2
9 96
1 15 2
287 293
1 15 2
386 365
1 4 2
81 444
1 9 2
207 391
1 9 2
487 394
1 7 2
389 130
1 8 2
203 130
1 4 2
355 201
1 8 2
126 6
1 13 2
247 198
1 13 2
251 482
1 10 2
45 325
1 4 2
15 302
1 7 2
246 442
1 15 2
123 251
1 7 2
455 261
1 8 2
91 183
1 7 2
231 207
1 7 2
481 247
1 12 2
428 468
1 13 2
396 270
1 7 2
85 259
1 15 2
259 50
1 4 2
279 416
1 12 2
58 62
1 9 2
168 227
1 12 2
126 394
1 3 2
132 207
1 12 2
221 268
1 13 2
11 400
1 13 2
206 478
1 9 2
175 364
1 6 2
324 499
1 6 2
231 93
1 12 2
135 94
1 10 2
230 161
1 7 2
330 345
1 6 2
166 250
1 12 2
316 454
1 9 2
471 340
1 11 2
159 336
1 5 2
279 385
1 9 2
450 9
1 15 2
252 373
1 14 2
298 224
1 9 2
232 288
1 5 2
147 35
1 2 2
491 233
1 3 2
49 225
1 14 2
479 419
1 5 2
65 322
1 9 2
222 86
1 6 2
454 98
1 5 2
40 192
1 12 2
0 145
1 13 2
495 371
1 6 2
82 94
1 14 2
154 395
1 2 2
186 270
1 13 2
325 92
1 8 2
289 172
1 15 2
282 210
1 14 2
277 388
1 9 2
29 289
1 12 2
111 258
1 3 2
248 259
1 5 2
203 370
1 5 2
298 184
1 2 2
159 370
1 11 2
344 414
1 3 2
260 176
1 6 2
363 235
1 10 2
454 448
1 10 2
322 379
1 3 2
194 497
1 2 2
225 120
1 2 2
131 401
1 3 2
322 57
1 9 2
19 472
1 6 2
316 409
1 5 2
155 299
1 11 2
411 254
1 10 2
313 228
1 6 2
395 33
1 13 2
53 422
1 6 2
32 214
1 7 2
207 308
1 6 2
0 104
1 14 2
262 380
1 5 2
427 163
1 8 2
2 451
1 7 2
153 51
1 13 2
357 373
1 4 2
36 48
1 6 2
265 381
1 4 2
261 134
1 2 2
120 497
1 11 2
256 340
1 14 2
499 389
1 12 2
445 217
1 9 2
449 475
1 2 2
480 230
1 7 2
1 107
1 7 2
207 5
1 12 2
347 98
1 13 2
108 479
1 14 2
94 238
1 15 2
84 14
1 10 2
428 475
1 13 2
287 410
1 7 2
34 114
1 7 2
471 17
1 4 2
338 211
1 3 2
153 474
1 8 2
20 217
1 9 2
408 422
1 7 2
99 385
1 6 2
391 322
1 4 2
316 497
1 10 2
169 119
1 2 2
496 491
1 14 2
324 0
1 10 2
182 242
1 11 2
268 136
1 12 2
145 89
1 14 2
407 454
1 15 2
256 1
1 3 2
83 320
1 11 2
41 295
1 2 2
40 344
1 5 2
97 306
1 11 2
384 9
1 9 2
445 161
1 9 2
46 1
1 13 2
235 441
1 6 2
226 39
1 3 2
268 150
1 15 2
82 292
1 3 2
411 425
1 6 2
112 444
1 9 2
102 89
1 5 2
143 444
1 2 2
51 357
1 14 2
120 123
1 5 2
265 288
1 12 2
427 482
1 12 2
350 388
1 12 2
383 474
1 6 2
47 163
1 11 2
144 462
1 15 2
50 399
1 4 2
321 201
1 10 2
20 358
1 14 2
479 56
1 4 2
304 444
1 6 2
435 1
1 7 2
194 177
1 6 2
173 87
1 10 2
478 148
1 7 2
258 454
1 15 2
124 78
1 10 2
338 127
1 13 2
358 453
1 14 2
344 208
1 8 2
256 282
1 8 2
434 292
1 6 2
49 380
1 7 2
370 153
1 9 2
43 494
1 14 2
396 340
1 15 2
393 208
1 13 2
152 1
1 9 2
210 306
1 6 2
320 18
1 3 2
445 160
1 14 2
215 422
1 4 2
1 115
1 3 2
214 106
1 13 2
450 402
1 6 2
414 445
1 10 2
413 38
1 7 2
88 230
1 2 2
474 244
1 5 2
0 404
1 13 2
197 169
1 7 2
116 446
1 5 2
210 139
1 15 2
206 462
1 6 2
137 240
1 5 2
474 336
1 12 2
122 461
1 14 2
18 225
1 3 2
107 54
1 14 2
260 299
1 9 2
50 14
1 7 2
494 1
1 2 2
483 57
1 13 2
158 83
1 3 2
2 475
1 13 2
67 204
1 6 2
238 121
1 11 2
57 248
1 14 2
199 56
1 12 2
262 148
1 9 2
106 8
1 3 2
478 45
1 7 2
231 420
1 11 2
166 371
1 15 2
200 471
1 5 2
432 199
1 10 2
186 273
1 2 2
177 112
1 4 2
154 46
1 5 2
28 257
1 8 2
372 300
1 11 2
300 7
1 4 2
224 45
1 14 2
12 164
1 6 2
341 27
1 7 2
43 345
1 11 2
493 277
1 3 2
36 61
1 3 2
257 368
1 13 2
87 221
1 5 2
37 334
1 15 2
47 30
1 9 2
459 252
1 10 2
487 343
1 2 2
276 439
1 9 2
105 221
1 14 2
219 463
1 12 2
183 89
1 9 2
164 50
1 11 2
328 81
1 12 2
488 314
1 14 2
45 42
1 14 2
134 178
1 7 2
468 464
1 14 2
241 34
1 7 2
392 67
1 8 2
289 252
1 10 2
375 221
1 5 2
223 303
1 10 2
373 272
1 15 2
456 484
1 4 2
180 423
1 13 2
282 252
1 8 2
189 86
1 11 2
394 104
1 15 2
283 170
1 5 2
357 197
1 2 2
121 376
1 9 2
339 479
1 4 2
420 494
1 4 2
76 171
1 8 2
67 404
1 12 2
232 347
1 5 2
101 214
1 14 2
180 72
1 11 2
371 356
1 9 2
293 170
1 14 2
49 112
1 13 2
382 403
1 13 2
274 115
1 5 2
9 242
1 14 2
129 391
1 7 2
13 58
1 8 2
61 93
1 15 2
24 362
1 10 2
417 317
1 4 2
225 328
1 12 2
183 293
1 10 2
204 261
1 14 2
283 178
1 12 2
363 368
1 14 2
361 251
1 15 2
15 289
1 12 2
331 316
1 7 2
81 345
1 5 2
16 197
1 7 2
48 127
1 2 2
475 251
1 15 2
356 263
1 2 2
300 123
1 9 2
362 429
1 14 2
339 410
1 10 2
409 107
1 13 2
113 441
1 2 2
475 406
1 3 2
466 388
1 14 2
454 22
1 14 2
213 316
1 2 2
33 345
1 12 2
425 476
1 7 2
117 174
1 4 2
85 324
1 14 2
458 84
1 6 2
387 303
1 7 2
367 207
1 13 2
490 353
1 11 2
269 56
1 12 2
171 27
1 9 2
316 327
1 2 2
149 276
1 7 2
188 270
1 3 2
471 454
1 8 2
481 70
1 14 2
306 456
1 13 2
444 123
1 7 2
86 330
1 8 2
18 359
1 12 2
318 322
1 2 2
339 174
1 3 2
229 105
1 7 2
204 187
1 13 2
230 130
1 6 2
453 103
1 3 2
490 11
1 12 2
459 204
1 6 2
19 225
1 12 2
293 167
1 5 2
489 475
1 3 2
350 412
1 11 2
302 151
1 9 2
298 122
1 3 2
410 27
1 9 2
84 11
1 6 2
306 165
1 13 2
343 394
1 8 2
461 202
1 10 2
476 194
1 13 2
286 232
1 2 2
217 209
1 13 2
402 310
1 5 2
106 298
1 7 2
423 494
1 12 2
466 322
1 3 2
85 195
1 5 2
207 111
1 9 2
397 377
1 2 2
272 117
1 5 2
252 90
1 5 2
471 186
1 6 2
165 478
1 4 2
473 60
1 3 2
258 140
1 11 2
449 82
1 10 2
373 405
1 3 2
307 85
1 5 2
234 103
1 6 2
32 492
1 4 2
388 242
1 12 2
246 98
1 15 2
230 420
1 14 2
197 224
1 5 2
66 5
1 14 2
213 1
1 15 2
255 270
1 2 2
44 241
1 11 2
248 20
1 8 2
87 485
1 10 2
371 399
1 3 2
0 11
1 10 2
390 310
1 6 2
284 188
1 7 2
143 390
1 15 2
220 365
1 4 2
423 130
1 8 2
387 104
1 12 2
250 122
1 14 2
2 318
1 7 2
363 256
1 2 2
272 424
1 9 2
252 288
1 13 2
479 493
1 14 2
279 390
1 7 2
230 193
1 11 2
14 221
1 7 2
323 94
1 9 2
326 289
1 5 2
496 175
1 11 2
384 272
1 12 2
182 28
1 4 2
459 279
1 2 2
220 71
1 5 2
277 31
1 13 2
97 292
1 10 2
47 247
1 3 2
485 73
1 4 2
188 15
1 9 2
160 489
1 4 2
65 311
1 12 2
339 471
1 4 2
397 334
1 13 2
437 452
1 7 2
121 49
1 4 2
95 378
1 5 2
27 87
1 9 2
170 293
1 13 2
285 134
1 15 2
175 44
1 8 2
412 418
1 13 2
369 441
1 13 2
465 202
1 5 2
25 380
1 9 2
251 128
1 5 2
201 470
1 4 2
276 53
1 7 2
334 472
1 12 2
234 122
1 14 2
184 416
1 11 2
42 399
1 8 2
172 434
1 11 2
86 146
1 5 2
346 409
1 8 2
311 485
1 8 2
368 225
1 10 2
191 33
1 9 2
9 27
1 11 2
215 391
1 4 2
385 77
1 10 2
251 317
1 15 2
56 338
1 8 2
191 251
1 13 2
224 451
1 2 2
220 221
1 7 2
2 399
1 6 2
245 53
1 2 2
336 151
1 15 2
483 464
1 5 2
217 36
1 4 2
168 417
1 13 2
57 11
1 6 2
363 148
1 9 2
266 311
1 11 2
209 449
1 2 2
31 402
1 8 2
166 143
1 3 2
278 412
1 5 2
321 194
1 11 2
97 8
1 11 2
441 247
1 2 2
96 8
1 9 2
467 125
1 8 2
398 481
1 14 2
16 160
1 9 2
378 129
1 7 2
335 45
1 4 2
313 114
1 5 2
293 403
1 3 2
196 57
1 14 2
123 112
1 9 2
194 213
1 3 2
277 410
1 2 2
80 351
1 10 2
413 119
1 11 2
410 203
1 6 2
10 217
1 4 2
219 246
1 4 2
236 159
1 10 2
292 222
1 13 2
95 494
1 6 2
155 458
1 13 2
461 56
1 10 2
112 431
1 11 2
297 411
1 6 2
307 218
1 5 2
408 323
1 4 2
69 334
1 15 2
461 245
1 5 2
280 197
1 5 2
369 56
1 3 2
274 388
1 12 2
91 246
1 11 2
58 84
1 15 2
20 40
1 6 2
30 481
1 7 2
129 442
1 13 2
110 400
1 14 2
11 62
1 11 2
420 325
1 15 2
175 247
1 7 2
295 133
1 11 2
484 408
1 7 2
10 215
1 14 2
377 492
1 7 2
109 356
1 7 2
372 313
1 6 2
386 44
1 9 2
494 253
1 6 2
230 353
1 14 2
208 86
1 5 2
196 477
1 5 2
218 85
1 6 2
485 280
1 7 2
390 228
1 10 2
2 87
1 2 2
118 172
1 10 2
413 383
1 10 2
88 173
1 11 2
410 14
1 5 2
477 32
1 14 2
437 246
1 4 2
382 223
1 3 2
300 496
1 14 2
408 307
1 7 2
41 411
1 5 2
469 370
1 8 2
236 188
1 14 2
423 123
1 10 2
18 183
1 3 2
44 85
1 10 2
316 91
1 3 2
131 75
1 10 2
80 400
1 13 2
118 165
1 15 2
148 414
1 5 2
215 286
1 11 2
39 423
1 10 2
491 361
1 2 2
188 135
1 4 2
234 149
1 6 2
240 489
1 7 2
337 393
1 2 2
351 300
1 6 2
262 69
1 13 2
8 360
1 8 2
383 467
1 5 2
440 284
1 7 2
2 217
1 2 2
57 290
1 7 2
48 14
1 9 2
345 408
1 4 2
104 230
1 9 2
319 163
1 4 2
22 38
1 14 2
275 436
1 8 2
106 162
1 6 2
117 77
1 11 2
218 464
1 4 2
228 172
1 12 2
151 307
1 6 2
444 274
1 7 2
413 78
1 6 2
342 399
1 13 2
13 407
1 12 2
327 280
1 12 2
137 157
1 10 2
442 364
1 4 2
325 446
1 9 2
368 463
1 8 2
137 106
1 12 2
73 349
1 3 2
186 202
1 10 2
343 415
1 15 2
479 124
1 2 2
89 227
1 9 2
207 274
1 12 2
219 233
1 9 2
119 116
1 14 2
106 209
1 2 2
280 397
1 11 2
392 158
1 13 2
448 200
1 2 2
317 413
1 13 2
169 362
1 5 2
480 460
1 15 2
436 424
1 8 2
468 69
1 9 2
152 142
1 2 2
103 368
1 15 2
233 416
1 8 2
214 8
1 3 2
347 471
1 2 2
400 386
1 2 2
493 422
1 6 2
377 129
1 2 2
254 19
1 12 2
349 253
1 10 2
314 229
1 15 2
150 127
1 14 2
482 110
1 2 2
138 239
1 10 2
74 347
1 15 2
32 292
1 4 2
313 9
1 9 2
270 204
1 4 2
117 82
1 8 2
456 483
1 14 2
301 451
1 15 2
76 92
1 13 2
91 298
1 12 2
175 352
1 5 2
324 194
1 5 2
295 2
1 3 2
98 79
1 8 2
312 303
1 6 2
315 9
1 3 2
324 118
1 8 2
437 280
1 6 2
357 406
1 9 2
51 160
1 2 2
252 427
1 12 2
319 3
1 4 2
217 274
1 7 2
191 416
1 14 2
49 478
1 11 2
253 66
1 10 2
36 375
1 5 2
169 336
1 3 2
22 53
1 3 2
17 218
1 3 2
337 355
1 5 2
450 430
1 13 2
310 341
1 12 2
297 354
1 11 2
357 392
1 10 2
139 380
1 9 2
372 147
1 8 2
422 158
1 8 2
75 362
1 10 2
353 61
1 13 2
213 106
1 4 2
214 144
1 2 2
268 338
1 11 2
402 103
1 11 2
231 201
1 7 2
475 25
1 10 2
127 72
1 5 2
211 482
1 4 2
253 83
1 13 2
271 263
1 14 2
98 219
1 9 2
214 60
1 9 2
444 19
1 2 2
489 227
1 15 2
141 491
1 8 2
104 200
1 15 2
154 494
1 2 2
270 358
1 15 2
60 326
1 2 2
76 427
1 12 2
233 186
1 11 2
165 130
1 2 2
405 422
1 7 2
96 67
1 5 2
428 358
1 10 2
430 147
1 3 2
142 354
1 7 2
0 317
1 3 2
28 181
1 5 2
261 245
1 13 2
386 134
1 4 2
73 140
1 15 2
233 2
1 10 2
254 380
1 15 2
439 139
1 8 2
180 183
1 10 2
413 341
1 4 2
40 30
1 4 2
242 168
1 7 2
59 499
1 10 2
439 345
1 10 2
456 183
1 5 2
143 105
1 13 2
136 178
1 6 2
222 342
1 3 2
315 198
1 11 2
62 421
1 10 2
292 126
1 11 2
338 223
1 5 2
27 243
1 5 2
308 80
1 9 2
382 363
1 11 2
206 11
1 10 2
121 136
1 2 2
453 230
1 9 2
18 9
1 2 2
317 146
1 10 2
379 373
1 9 2
419 383
1 10 2
444 211
1 5 2
393 446
1 5 2
86 237
1 7 2
94 238
1 2 2
384 279
1 15 2
488 52
1 12 2
405 418
1 6 2
177 303
1 2 2
280 10
1 2 2
190 345
1 3 2
25 383
1 2 2
153 432
1 7 2
415 145
1 12 2
393 92
1 8 2
475 119
1 6 2
224 229
1 5 2
88 73
1 10 2
476 198
1 9 2
451 28
1 4 2
250 110
1 15 2
176 326
1 9 2
322 340
1 9 2
195 19
1 10 2
492 122
1 15 2
325 294
1 2 2
115 19
1 6 2
99 52
1 4 2
145 158
1 13 2
343 143
1 14 2
191 487
1 13 2
6 374
1 15 2
101 189
1 10 2
151 313
1 4 2
186 5
1 6 2
259 449
1 12 2
469 459
1 4 2
295 184
1 5 2
40 358
1 14 2
295 78
1 3 2
133 170
1 12 2
94 268
1 7 2
34 262
1 7 2
427 482
1 7 2
66 427
1 10 2
342 0
1 13 2
359 442
1 11 2
100 389
1 8 2
23 370
1 4 2
463 28
1 15 2
166 125
1 9 2
226 142
1 6 2
258 77
1 10 2
181 361
1 5 2
164 298
1 9 2
227 277
1 13 2
331 14
1 13 2
397 90
1 13 2
330 3
1 15 2
428 322
1 13 2
278 270
1 3 2
56 91
1 15 2
236 20
1 5 2
128 27
1 8 2
256 231
1 14 2
273 172
1 2 2
43 224
1 3 2
154 103
1 9 2
114 380
1 12 2
60 328
1 15 2
367 91
1 9 2
387 396
1 6 2
122 29
1 14 2
198 76
1 13 2
166 195
1 7 2
408 83
1 3 2
326 443
1 6 2
242 206
1 5 2
470 13
1 8 2
207 448
1 13 2
317 111
1 15 2
457 93
1 2 2
294 368
1 14 2
150 305
1 7 2
357 248
1 4 2
279 50
1 11 2
249 52
1 12 2
31 493
1 2 2
368 16
1 14 2
41 22
1 12 2
403 29
1 9 2
421 339
1 7 2
484 70
1 2 2
226 144
1 5 2
168 329
1 2 2
24 472
1 7 2
270 126
1 10 2
243 289
1 4 2
211 285
1 14 2
463 478
1 13 2
435 382
1 13 2
57 484
1 15 2
215 69
1 7 2
445 474
1 6 2
207 232
1 7 2
321 439
1 7 2
229 83
1 6 2
460 15
1 5 2
152 391
1 15 2
111 493
1 4 2
232 358
1 10 2
256 84
1 12 2
472 190
1 12 2
435 372
1 6 2
330 115
1 6 2
24 171
1 5 2
31 195
1 11 2
181 129
1 12 2
432 406
1 2 2
243 170
1 2 2
434 470
1 4 2
316 434
1 5 2
396 31
1 2 2
2 32
1 4 2
477 37
1 10 2
69 240
1 15 2
474 390
1 13 2
446 83
1 11 2
57 321
1 11 2
498 64
1 15 2
165 230
1 2 2
420 327
1 13 2
181 213
1 13 2
283 472
1 3 2
167 188
1 14 2
473 120
1 14 2
402 418
1 14 2
408 51
1 8 2
182 356
1 6 2
373 69
1 6 2
367 347
1 4 2
53 485
1 14 2
61 161
1 3 2
454 2
1 8 2
328 444
1 14 2
440 233
1 4 2
242 233
1 2 2
274 470
1 9 2
40 212
1 3 2
340 231
1 4 2
69 122
1 11 2
56 468
1 7 2
360 465
1 8 2
417 325
1 6 2
322 182
1 13 2
387 375
1 15 2
162 309
1 2 2
179 283
1 12 2
476 306
1 4 2
256 343
1 15 2
317 67
1 13 2
180 449
1 13 2
350 393
1 2 2
145 239
1 8 2
455 186
1 13 2
309 411
1 10 2
471 398
1 15 2
183 328
1 6 2
189 65
1 13 2
257 218
1 13 2
346 133
1 13 2
181 415
1 14 2
7 303
1 8 2
342 272
1 15 2
129 460
1 7 2
98 184
1 5 2
339 447
1 4 2
121 270
1 14 2
11 360
1 6 2
489 456
1 14 2
120 172
1 15 2
36 293
1 4 2
225 411
1 4 2
83 218
1 15 2
362 328
1 6 2
206 444
1 13 2
252 311
1 11 2
474 290
1 11 2
290 323
1 13 2
194 334
1 7 2
412 289
1 9 2
414 81
1 5 2
433 468
1 7 2
370 312
1 12 2
75 223
1 2 2
431 451
1 13 2
257 42
1 7 2
345 68
1 11 2
300 118
1 2 2
230 67
1 8 2
469 61
1 15 2
102 112
1 9 2
499 200
1 8 2
150 411
1 13 2
239 311
1 10 2
343 145
1 14 2
31 231
1 8 2
373 450
1 12 2
291 257
1 4 2
79 0
1 11 2
205 450
1 15 2
41 166
1 8 2
468 148
1 8 2
243 356
1 7 2
467 422
1 14 2
27 224
1 13 2
449 200
1 14 2
341 33
1 8 2
416 155
1 14 2
85 8
1 10 2
30 450
1 12 2
36 164
1 13 2
157 63
1 6 2
360 407
1 11 2
236 375
1 8 2
293 106
1 10 2
383 485
1 7 2
418 188
1 3 2
133 84
1 4 2
146 466
1 4 2
373 77
1 15 2
270 322
1 7 2
48 468
1 3 2
359 269
1 11 2
348 161
1 15 2
376 367
1 2 2
168 26
1 5 2
235 191
1 7 2
122 266
1 11 2
75 211
1 8 2
2 176
1 9 2
354 62
1 8 2
235 77
1 6 2
31 360
1 12 2
339 155
1 8 2
467 286
1 3 2
280 418
1 15 2
65 196
1 3 2
177 170
1 8 2
77 79
1 4 2
299 108
1 3 2
13 106
1 7 2
182 413
1 5 2
286 61
1 9 2
215 24
1 13 2
61 404
1 12 2
107 241
1 4 2
170 241
1 10 2
99 65
1 12 2
55 179
1 13 2
457 2
1 3 2
379 86
1 5 2
13 499
1 9 2
40 383
1 11 2
277 401
1 5 2
236 296
1 6 2
235 455
1 4 2
239 328
1 7 2
223 249
1 12 2
50 356
1 10 2
399 377
1 7 2
57 325
1 4 2
180 209
1 6 2
159 315
1 10 2
293 107
1 11 2
315 299
1 15 2
444 69
1 7 2
34 73
1 2 2
412 303
1 10 2
236 17
1 5 2
367 197
1 3 2
188 24
1 3 2
172 364
1 15 2
117 77
1 10 2
329 305
1 9 2
11 422
1 11 2
120 270
1 8 2
413 245
1 9 2
337 214
1 9 2
160 243
1 8 2
210 29
1 5 2
58 250
1 4 2
276 201
1 15 2
237 378
1 3 2
258 400
1 8 2
10 53
1 12 2
143 38
1 5 2
314 0
1 8 2
335 204
1 8 2
131 27
1 6 2
302 377
1 5 2
403 20
1 9 2
316 386
1 5 2
8 238
1 4 2
99 404
1 15 2
471 448
1 9 2
338 157
1 11 2
363 197
1 11 2
244 436
1 7 2
56 6
1 3 2
495 377
1 5 2
442 266
1 4 2
247 424
1 7 2
305 238
1 2 2
426 93
1 15 2
64 149
1 8 2
218 20
1 13 2
93 483
1 14 2
167 431
1 2 2
297 348
1 10 2
77 392
1 2 2
127 24
1 12 2
121 126
1 6 2
339 165
1 10 2
307 474
1 5 2
463 152
1 3 2
23 455
1 5 2
385 368
1 13 2
280 467
1 2 2
104 78
1 13 2
368 222
1 4 2
215 291
1 13 2
480 379
1 5 2
107 147
1 6 2
272 114
1 8 2
213 77
1 13 2
89 182
1 5 2
22 283
1 12 2
344 289
1 2 2
163 67
1 14 2
204 84
1 9 2
263 229
1 7 2
258 431
1 10 2
451 205
1 7 2
463 225
1 10 2
198 353
1 11 2
47 12
1 14 2
143 23
1 7 2
247 135
1 14 2
313 422
1 8 2
353 459
1 12 2
381 486
1 7 2
213 187
1 8 2
83 78
1 14 2
50 360
1 15 2
224 357
1 12 2
474 84
1 7 2
8 443
1 12 2
476 471
1 4 2
353 35
1 9 2
259 413
1 3 2
453 229
1 5 2
68 495
1 14 2
79 49
1 11 2
83 130
1 3 2
340 333
1 10 2
134 370
1 5 2
95 85
1 3 2
146 372
1 10 2
15 199
1 3 2
102 35
1 6 2
54 114
1 3 2
359 345
1 6 2
44 9
1 4 2
155 74
1 11 2
390 432
1 3 2
283 273
1 5 2
281 137
1 12 2
16 341
1 15 2
291 192
1 13 2
37 431
1 12 2
77 497
1 4 2
71 210
1 7 2
208 125
1 7 2
142 354
1 15 2
459 410
1 3 2
159 11
1 11 2
372 46
1 14 2
214 156
1 9 2
121 210
1 6 2
448 20
1 12 2
38 48
1 7 2
296 204
1 6 2
209 386
1 12 2
173 235
1 10 2
58 327
1 10 2
167 157
1 15 2
422 82
1 2 2
189 196
1 14 2
26 296
1 3 2
470 220
1 10 2
408 208
1 11 2
248 314
1 3 2
355 74
1 12 2
173 221
1 4 2
496 146
1 2 2
492 322
1 9 2
230 479
1 5 2
30 447
1 6 2
374 181
1 7 2
451 46
1 6 2
426 388
1 13 2
335 128
