500 4000 1500
6 15 20 9 23 7 19 24 19 16 20 24 6 10 25 11 24 14 18 18 6 18 21 15 20 14 9 22 25 20 23 19 24 8 6 8 25 9 8 19 10 10 8 21 9 17 11 11 24 10 19 17 5 23 19 23 15 5 7 20 12 23 23 11 20 12 6 19 11 25 12 20 9 18 16 22 11 19 16 14 23 21 9 10 23 19 22 20 8 18 24 10 16 20 23 15 25 19 9 24 13 13 6 16 8 25 22 22 7 24 13 25 7 23 20 12 6 19 11 10 11 17 20 23 10 23 16 13 7 5 14 18 19 14 21 21 21 23 18 20 14 22 25 9 22 23 8 8 19 24 16 24 17 12 12 11 20 17 7 13 14 14 19 16 15 7 11 16 18 6 12 14 13 17 11 18 18 19 18 6 11 14 6 11 10 13 5 17 25 5 12 20 25 20 11 23 21 9 13 20 16 11 10 12 9 12 10 20 11 24 23 11 14 20 16 22 25 23 10 13 23 25 21 22 10 8 16 9 24 8 10 7 16 6 23 20 21 7 10 25 10 12 14 8 18 11 23 17 5 14 6 14 7 20 12 14 9 8 8 21 10 7 15 25 9 16 7 21 17 20 6 5 17 11 18 24 9 19 7 19 16 15 24 20 5 16 8 21 13 24 6 15 17 11 17 15 13 12 12 11 24 18 11 13 14 16 10 21 17 16 12 13 10 14 17 16 13 19 19 22 13 14 18 24 22 23 6 22 19 14 14 22 23 19 25 12 13 12 8 15 12 24 5 5 23 8 13 14 6 21 20 17 21 9 19 11 12 12 5 19 25 12 8 19 12 25 17 5 6 8 15 8 9 7 25 21 24 21 24 25 14 7 6 18 14 13 18 15 23 12 8 23 7 24 20 23 9 8 6 20 5 24 12 19 13 21 17 20 25 25 23 19 18 17 10 11 8 23 14 16 8 23 21 25 20 20 16 17 21 21 5 12 7 9 9 6 24 22 10 6 10 24 25 7 15 23 11 13 10 14 23 13 23 6 16 10 15 13 12 8 20 22 9 10 19 20 18 16 8 12 18 18 6 19 22 21 11 20 9 23 25 22 16 22 20 21 6 8 23 25 6 8 20 20 21 11 7 16 18 8
3 19 5 7 20 7 9 10 10 13 6 6 15 14 5 19 14 16 3 19 11 14 10 17 16 12 17 20 3 18 11 9 10 8 6 19 20 3 9 9 19 17 8 20 11 10 14 11 3 3 7 6 13 4 9 11 11 8 19 11 10 19 3 16 7 14 19 20 15 18 5 15 5 12 3 14 4 9 16 17 11 15 12 12 13 18 12 14 16 9 3 11 9 4 9 8 3 20 7 14 10 14 11 15 3 12 19 5 18 20 6 8 6 9 3 6 20 20 20 9 12 9 19 5 19 15 20 12 13 8 16 15 6 5 12 19 19 16 8 9 3 8 17 6 12 10 13 20 14 3 14 10 7 3 7 6 17 18 14 11 17 7 13 4 9 12 7 4 4 20 5 14 7 12 14 9 17 5 13 13 20 14 20 14 16 15 4 7 3 13 8 6 15 18 15 12 20 6 16 8 16 6 10 3 11 8 15 16 6 12 6 16 10 13 19 5 4 5 6 20 12 3 3 5 3 3 14 16 13 3 5 15 15 13 5 12 9 6 5 7 4 15 16 15 20 5 20 16 3 11 9 3 3 3 4 3 17 9 15 7 14 12 16 7 12 19 12 17 15 11 17 6 17 3 4 5 5 7 19 17 15 4 16 10 4 17 7 19 5 9 15 7 6 7 20 4 8 16 19 9 11 3 19 17 20 15 17 5 15 11 6 14 14 5 6 20 10 9 15 4 20 10 19 16 15 7 14 10 5 7 5 14 5 5 20 6 6 7 12 17 5 9 13 20 19 16 20 6 12 9 20 4 10 17 19 9 7 17 13 3 16 10 12 17 16 17 3 4 7 15 9 13 17 18 6 4 5 13 8 6 12 5 15 5 7 17 13 3 13 8 7 13 4 13 16 4 20 18 12 3 10 14 17 13 12 12 4 12 4 8 12 3 16 18 7 8 15 4 17 3 12 9 18 12 7 6 12 20 3 14 15 15 9 17 5 17 17 13 11 15 19 17 12 3 20 5 14 13 4 8 8 3 7 5 20 5 15 12 7 7 11 19 8 15 7 14 5 14 11 14 17 15 3 7 8 15 3 5 9 17 16 14 7 3 7 3 4 4 8 7 10 12 10 18 18 16 3 11 15 20
1 8 2
15 244
1 13 2
261 249
1 3 2
121 402
1 14 2
305 69
1 9 2
491 493
1 12 2
446 177
1 14 2
416 120
1 8 2
315 476
1 4 2
129 492
1 9 2
336 313
1 6 2
90 214
1 11 2
319 123
1 7 2
110 426
1 13 2
318 128
1 8 2
151 247
1 13 2
108 413
1 11 2
9 209
1 7 2
132 4
1 14 2
112 121
1 6 2
191 291
1 11 2
495 23
1 14 2
311 290
1 7 2
156 149
1 9 2
239 457
1 4 2
474 59
1 5 2
273 85
1 11 2
143 401
1 8 2
371 278
1 12 2
92 277
1 15 2
299 461
1 11 2
68 455
1 10 2
230 71
1 11 2
228 325
1 4 2
76 261
1 10 2
201 42
1 2 2
181 445
1 5 2
44 313
1 5 2
332 371
1 13 2
277 439
1 7 2
13 349
1 6 2
253 324
1 9 2
241 289
1 3 2
473 468
1 11 2
378 161
1 10 2
253 154
1 13 2
115 145
1 10 2
303 14
1 14 2
378 179
1 4 2
341 91
1 9 2
344 219
1 3 2
399 163
1 2 2
259 255
1 7 2
488 249
1 13 2
115 225
1 8 2
214 465
1 3 2
349 330
1 15 2
208 323
1 11 2
166 189
1 9 2
3 73
1 13 2
171 314
1 12 2
237 310
1 2 2
237 24
1 9 2
222 134
1 10 2
338 343
1 3 2
371 326
1 13 2
204 188
1 14 2
392 190
1 3 2
427 222
1 12 2
265 111
1 5 2
17 145
1 14 2
235 272
1 5 2
475 62
1 8 2
348 447
1 13 2
445 124
1 3 2
39 154
1 4 2
263 205
1 11 2
309 79
1 12 2
247 274
1 14 2
215 87
1 6 2
217 471
1 7 2
237 312
1 15 2
200 184
1 9 2
302 439
1 4 2
142 328
1 10 2
457 252
1 6 2
256 302
1 8 2
464 241
1 13 2
311 465
1 2 2
3 240
1 11 2
39 309
1 2 2
100 246
1 2 2
382 216
1 12 2
2 161
1 14 2
160 259
1 14 2
125 141
1 3 2
36 484
1 12 2
137 446
1 11 2
467 64
1 9 2
393 50
1 8 2
61 181
1 11 2
293 425
1 5 2
484 67
1 6 2
52 394
1 2 2
443 23
1 10 2
327 110
1 4 2
494 238
1 3 2
497 344
1 3 2
391 10
1 8 2
401 117
1 14 2
213 409
1 5 2
247 228
1 2 2
282 426
1 14 2
12 105
1 9 2
257 196
1 12 2
116 154
1 15 2
357 41
1 15 2
291 55
1 13 2
462 107
1 5 2
72 50
1 6 2
158 346
1 7 2
80 221
1 8 2
208 312
1 7 2
241 188
1 9 2
438 10
1 10 2
360 474
1 13 2
176 27
1 15 2
50 11
1 8 2
27 13
1 14 2
356 166
1 3 2
54 360
1 7 2
103 250
1 2 2
50 60
1 3 2
128 445
1 8 2
485 202
1 10 2
313 374
1 9 2
411 128
1 8 2
261 443
1 10 2
436 446
1 4 2
18 235
1 8 2
126 465
1 12 2
198 360
1 6 2
123 462
1 2 2
163 461
1 12 2
472 410
1 2 2
283 468
1 15 2
260 407
1 7 2
16 102
1 9 2
20 467
1 8 2
332 470
1 14 2
233 119
1 6 2
106 448
1 2 2
230 403
1 6 2
273 216
1 10 2
287 342
1 9 2
394 368
1 15 2
303 123
1 6 2
79 353
1 8 2
20 220
1 13 2
150 173
1 8 2
408 96
1 9 2
380 472
1 12 2
348 307
1 7 2
426 110
1 3 2
259 107
1 6 2
387 284
1 5 2
388 266
1 15 2
294 274
1 7 2
11 287
1 11 2
213 220
1 9 2
191 306
1 12 2
87 94
1 5 2
292 61
1 9 2
491 40
1 2 2
351 14
1 8 2
497 381
1 7 2
409 72
1 15 2
484 169
1 7 2
288 252
1 11 2
175 18
1 14 2
332 296
1 9 2
228 421
1 3 2
339 415
1 3 2
246 428
1 11 2
385 422
1 2 2
266 114
1 4 2
223 258
1 10 2
278 294
1 10 2
363 444
1 11 2
397 427
1 6 2
186 350
1 14 2
85 199
1 14 2
286 408
1 13 2
317 40
1 13 2
394 313
1 4 2
339 489
1 4 2
249 422
1 7 2
294 93
1 8 2
243 278
1 12 2
187 441
1 3 2
384 488
1 7 2
485 65
1 9 2
79 26
1 15 2
288 355
1 4 2
339 161
1 10 2
361 33
1 13 2
433 31
1 13 2
144 384
1 14 2
294 265
1 9 2
351 43
1 4 2
375 333
1 13 2
446 406
1 10 2
113 7
1 3 2
285 393
1 14 2
432 204
1 3 2
315 217
1 5 2
54 235
1 2 2
265 390
1 5 2
207 413
1 11 2
112 232
1 12 2
343 434
1 12 2
18 379
1 4 2
141 205
1 3 2
402 196
1 9 2
16 344
1 5 2
469 443
1 12 2
166 422
1 13 2
191 113
1 7 2
7 101
1 13 2
316 393
1 13 2
59 77
1 10 2
16 141
1 7 2
185 119
1 7 2
496 29
1 3 2
45 56
1 6 2
339 7
1 11 2
44 313
1 7 2
46 436
1 4 2
447 394
1 7 2
436 476
1 13 2
277 248
1 15 2
387 376
1 15 2
237 479
1 10 2
236 32
1 4 2
200 162
1 12 2
433 240
1 5 2
11 239
1 2 2
16 73
1 7 2
189 185
1 12 2
371 238
1 15 2
302 386
1 8 2
104 49
1 2 2
87 385
1 11 2
32 153
1 13 2
414 287
1 13 2
45 86
1 7 2
163 335
1 15 2
79 160
1 5 2
62 65
1 13 2
311 233
1 2 2
330 67
1 7 2
40 295
1 8 2
170 145
1 15 2
113 137
1 11 2
142 211
1 6 2
470 465
1 11 2
196 338
1 3 2
424 235
1 10 2
399 37
1 8 2
492 180
1 7 2
31 10
1 9 2
240 184
1 14 2
21 205
1 3 2
182 92
1 2 2
398 495
1 15 2
0 243
1 7 2
42 328
1 14 2
361 352
1 13 2
268 143
1 10 2
228 475
1 9 2
136 65
1 2 2
90 343
1 7 2
352 413
1 14 2
15 207
1 8 2
81 396
1 7 2
446 239
1 15 2
52 291
1 13 2
118 226
1 3 2
438 157
1 6 2
301 321
1 10 2
58 314
1 8 2
457 64
1 11 2
252 261
1 5 2
277 392
1 6 2
195 472
1 9 2
262 30
1 8 2
293 304
1 4 2
240 413
1 14 2
466 432
1 7 2
11 276
1 15 2
389 221
1 6 2
144 389
1 5 2
36 276
1 2 2
433 359
1 11 2
97 143
1 3 2
208 144
1 5 2
40 413
1 15 2
322 204
1 13 2
283 80
1 3 2
83 383
1 14 2
68 231
1 14 2
486 390
1 7 2
48 104
1 3 2
419 279
1 5 2
178 498
1 4 2
285 157
1 3 2
328 488
1 9 2
236 5
1 12 2
442 272
1 15 2
473 466
1 12 2
188 419
1 12 2
264 47
1 8 2
65 409
1 13 2
96 182
1 13 2
261 214
1 3 2
68 131
1 14 2
92 190
1 15 2
222 363
1 5 2
116 27
1 4 2
19 173
1 2 2
429 7
1 2 2
70 414
1 3 2
43 185
1 8 2
365 457
1 9 2
110 228
1 14 2
352 479
1 3 2
75 136
1 11 2
26 377
1 3 2
183 245
1 6 2
79 284
1 3 2
76 377
1 9 2
196 417
1 13 2
276 332
1 2 2
458 21
1 4 2
164 228
1 4 2
354 322
1 6 2
264 34
1 15 2
79 103
1 13 2
174 487
1 6 2
488 494
1 5 2
84 468
1 9 2
252 346
1 10 2
349 367
1 3 2
122 428
1 11 2
144 272
1 15 2
14 124
1 14 2
43 378
1 15 2
215 21
1 5 2
349 88
1 15 2
12 413
1 15 2
201 449
1 3 2
135 313
1 6 2
166 59
1 5 2
86 376
1 13 2
52 84
1 6 2
78 451
1 9 2
378 319
1 15 2
148 235
1 8 2
289 47
1 15 2
8 475
1 9 2
207 146
1 13 2
85 281
1 7 2
411 350
1 10 2
490 454
1 6 2
233 211
1 8 2
202 288
1 4 2
6 122
1 8 2
82 436
1 13 2
195 30
1 9 2
148 84
1 8 2
133 35
1 14 2
327 159
1 12 2
240 331
1 15 2
43 456
1 14 2
89 100
1 5 2
13 487
1 9 2
38 452
1 7 2
117 318
1 3 2
452 385
1 2 2
185 92
1 6 2
376 239
1 8 2
400 81
1 9 2
161 44
1 12 2
433 178
1 8 2
229 168
1 12 2
413 62
1 14 2
105 454
1 7 2
489 365
1 8 2
12 255
1 6 2
31 437
1 14 2
169 295
1 5 2
493 6
1 12 2
152 305
1 4 2
171 5
1 10 2
456 248
1 14 2
156 189
1 7 2
14 377
1 13 2
318 490
1 8 2
210 454
1 14 2
112 424
1 13 2
40 32
1 4 2
269 14
1 12 2
485 142
1 4 2
26 267
1 9 2
275 181
1 9 2
49 282
1 13 2
110 372
1 3 2
131 125
1 7 2
210 37
1 2 2
75 431
1 10 2
493 25
1 11 2
387 163
1 8 2
286 311
1 5 2
11 233
1 14 2
326 132
1 11 2
170 50
1 8 2
322 334
1 14 2
396 172
1 5 2
23 6
1 10 2
138 235
1 14 2
6 435
1 11 2
243 471
1 3 2
463 472
1 7 2
458 495
1 6 2
363 480
1 4 2
254 274
1 14 2
35 267
1 7 2
144 106
1 6 2
182 219
1 13 2
224 27
1 6 2
105 79
1 13 2
134 449
1 4 2
443 441
1 15 2
221 194
1 10 2
108 462
1 3 2
37 404
1 3 2
456 247
1 7 2
469 456
1 6 2
96 155
1 15 2
449 187
1 13 2
270 229
1 13 2
269 180
1 7 2
340 444
1 15 2
93 398
1 3 2
313 200
1 3 2
110 164
1 6 2
93 450
1 15 2
198 304
1 7 2
62 248
1 11 2
371 467
1 10 2
318 245
1 3 2
22 172
1 10 2
206 205
1 2 2
186 409
1 6 2
472 494
1 10 2
429 206
1 10 2
266 272
1 13 2
99 34
1 15 2
392 275
1 14 2
48 286
1 6 2
358 209
1 13 2
126 129
1 9 2
265 234
1 6 2
261 400
1 2 2
401 164
1 6 2
335 109
1 5 2
320 10
1 6 2
126 98
1 15 2
474 83
1 10 2
47 155
1 13 2
54 141
1 14 2
69 58
1 6 2
388 2
1 6 2
135 321
1 9 2
128 121
1 11 2
267 53
1 3 2
473 256
1 3 2
450 265
1 5 2
248 130
1 10 2
276 115
1 6 2
416 280
1 3 2
130 364
1 10 2
454 31
1 10 2
252 128
1 13 2
268 41
1 2 2
203 397
1 13 2
11 264
1 3 2
442 144
1 9 2
376 132
1 6 2
340 154
1 10 2
401 314
1 3 2
175 470
1 3 2
30 83
1 14 2
369 478
1 14 2
351 243
1 12 2
341 496
1 9 2
192 137
1 14 2
324 48
1 3 2
243 462
1 3 2
86 410
1 12 2
294 188
1 12 2
92 145
1 11 2
108 291
1 2 2
2 445
1 9 2
297 310
1 14 2
218 242
1 14 2
245 55
1 14 2
211 498
1 6 2
236 33
1 10 2
162 22
1 14 2
264 480
1 10 2
136 481
1 11 2
460 411
1 2 2
446 133
1 8 2
288 141
1 9 2
39 91
1 8 2
478 211
1 11 2
227 382
1 11 2
490 377
1 6 2
80 243
1 11 2
272 160
1 14 2
214 238
1 6 2
349 372
1 4 2
463 430
1 14 2
116 496
1 7 2
388 244
1 12 2
272 50
1 12 2
402 13
1 14 2
131 362
1 8 2
364 137
1 8 2
68 66
1 3 2
74 219
1 15 2
421 59
1 9 2
412 224
1 11 2
257 476
1 14 2
218 423
1 13 2
349 75
1 14 2
47 498
1 10 2
394 103
1 7 2
457 373
1 13 2
42 163
1 14 2
390 346
1 10 2
380 82
1 4 2
353 22
1 7 2
10 277
1 2 2
265 60
1 8 2
159 355
1 7 2
108 338
1 3 2
128 50
1 7 2
469 48
1 9 2
243 209
1 14 2
63 93
1 8 2
402 366
1 4 2
223 66
1 14 2
151 340
1 5 2
69 290
1 13 2
195 293
1 15 2
467 256
1 2 2
254 264
1 13 2
384 18
1 12 2
453 42
1 9 2
308 109
1 7 2
42 137
1 12 2
301 398
1 11 2
95 41
1 11 2
150 136
1 4 2
116 126
1 14 2
18 370
1 11 2
455 128
1 5 2
169 151
1 3 2
171 487
1 6 2
24 437
1 9 2
417 464
1 15 2
256 31
1 9 2
346 93
1 10 2
319 270
1 4 2
452 445
1 14 2
287 197
1 12 2
462 173
1 14 2
59 232
1 4 2
393 106
1 4 2
124 267
1 8 2
38 413
1 3 2
429 409
1 10 2
402 86
1 5 2
362 132
1 6 2
231 258
1 13 2
415 478
1 10 2
76 494
1 8 2
210 139
1 14 2
202 284
1 4 2
418 260
1 7 2
156 194
1 3 2
176 80
1 2 2
81 357
1 11 2
251 390
1 10 2
77 438
1 2 2
386 161
1 4 2
161 302
1 14 2
361 122
1 10 2
306 405
1 15 2
495 355
1 12 2
162 301
1 5 2
231 143
1 3 2
358 150
1 10 2
156 238
1 7 2
248 382
1 2 2
448 141
1 11 2
72 388
1 4 2
479 211
1 4 2
391 192
1 9 2
461 362
1 11 2
338 430
1 9 2
89 100
1 5 2
136 140
1 7 2
425 126
1 3 2
129 255
1 11 2
51 440
1 13 2
357 448
1 4 2
422 364
1 6 2
301 120
1 15 2
165 100
1 7 2
408 336
1 9 2
405 354
1 8 2
20 208
1 14 2
268 148
1 2 2
485 77
1 4 2
133 63
1 14 2
192 289
1 15 2
219 307
1 11 2
427 225
1 14 2
430 359
1 5 2
13 449
1 15 2
387 323
1 3 2
497 385
1 12 2
360 333
1 8 2
98 387
1 4 2
272 31
1 6 2
305 269
1 6 2
360 274
1 9 2
50 100
1 12 2
290 131
1 6 2
179 345
1 3 2
141 274
1 3 2
44 51
1 9 2
126 329
1 10 2
134 414
1 9 2
32 94
1 9 2
38 386
1 10 2
157 212
1 7 2
25 362
1 13 2
389 333
1 6 2
485 416
1 9 2
84 401
1 15 2
23 299
1 8 2
408 282
1 2 2
496 452
1 14 2
61 493
1 3 2
49 211
1 11 2
340 125
1 12 2
140 88
1 7 2
209 41
1 14 2
352 73
1 5 2
275 8
1 15 2
337 159
1 11 2
174 395
1 15 2
402 234
1 15 2
93 422
1 14 2
51 38
1 8 2
179 294
1 11 2
1 83
1 12 2
416 172
1 5 2
73 422
1 10 2
310 65
1 10 2
286 254
1 14 2
50 80
1 13 2
276 163
1 6 2
8 3
1 15 2
13 203
1 8 2
442 199
1 14 2
213 372
1 14 2
447 75
1 7 2
411 169
1 4 2
306 108
1 12 2
369 450
1 15 2
405 17
1 13 2
366 159
1 5 2
186 20
1 9 2
465 95
1 5 2
207 422
1 10 2
32 378
1 6 2
443 335
1 15 2
6 392
1 11 2
429 35
1 11 2
62 313
1 2 2
411 6
1 3 2
329 291
1 14 2
229 114
1 7 2
307 200
1 7 2
303 33
1 7 2
390 455
1 2 2
476 5
1 2 2
486 148
1 12 2
121 202
1 3 2
329 253
1 9 2
322 299
1 5 2
11 115
1 7 2
328 455
1 7 2
149 346
1 8 2
154 280
1 6 2
11 18
1 3 2
318 488
1 2 2
297 9
1 13 2
364 53
1 13 2
100 75
1 13 2
217 332
1 7 2
320 141
1 7 2
309 306
1 15 2
433 426
1 10 2
278 345
1 14 2
188 82
1 8 2
21 381
1 15 2
98 29
1 15 2
351 348
1 5 2
15 221
1 8 2
457 124
1 7 2
65 383
1 7 2
304 422
1 7 2
235 462
1 4 2
81 278
1 3 2
278 201
1 13 2
70 493
1 8 2
129 235
1 11 2
316 294
1 2 2
466 218
1 13 2
207 53
1 15 2
160 59
1 7 2
397 269
1 11 2
463 344
1 2 2
231 321
1 8 2
351 447
1 4 2
6 470
1 4 2
321 78
1 7 2
356 340
1 14 2
44 240
1 4 2
457 144
1 11 2
288 265
1 5 2
266 34
1 10 2
172 318
1 14 2
77 196
1 7 2
433 320
1 4 2
127 274
1 14 2
141 185
1 15 2
74 177
1 12 2
393 305
1 7 2
49 269
1 3 2
326 21
1 9 2
412 91
1 9 2
31 420
1 6 2
128 234
1 8 2
334 34
1 10 2
33 326
1 11 2
149 166
1 10 2
366 475
1 6 2
186 149
1 7 2
14 266
1 5 2
249 376
1 13 2
426 189
1 7 2
196 91
1 5 2
436 204
1 3 2
13 374
1 12 2
247 323
1 8 2
322 296
1 12 2
148 374
1 9 2
111 103
1 10 2
298 440
1 8 2
56 187
1 8 2
46 274
1 2 2
58 350
1 10 2
189 16
1 5 2
82 277
1 9 2
256 483
1 9 2
439 1
1 13 2
256 219
1 13 2
368 132
1 6 2
92 266
1 3 2
181 2
1 5 2
452 424
1 9 2
160 411
1 10 2
439 450
1 14 2
257 169
1 15 2
287 448
1 12 2
354 11
1 5 2
126 394
1 13 2
312 303
1 15 2
171 12
1 13 2
155 122
1 13 2
104 9
1 5 2
171 110
1 10 2
7 198
1 13 2
48 148
1 4 2
244 245
1 10 2
89 333
1 11 2
149 223
1 3 2
353 48
1 10 2
383 355
1 14 2
29 121
1 6 2
30 457
1 11 2
252 302
1 12 2
156 289
1 12 2
448 288
1 12 2
367 351
1 8 2
407 414
1 8 2
430 142
1 9 2
496 264
1 9 2
240 478
1 11 2
290 181
1 10 2
55 369
1 13 2
447 229
1 14 2
173 336
1 15 2
367 106
1 5 2
12 197
1 5 2
264 488
1 5 2
380 187
1 2 2
96 399
1 12 2
155 397
1 14 2
256 414
1 5 2
320 477
1 6 2
309 111
1 4 2
313 387
1 9 2
378 459
1 11 2
487 23
1 7 2
201 372
1 10 2
246 493
1 10 2
208 170
1 7 2
220 36
1 6 2
68 440
1 6 2
146 390
1 11 2
474 263
1 15 2
168 277
1 7 2
394 421
1 8 2
100 404
1 8 2
9 266
1 13 2
481 365
1 4 2
248 198
1 11 2
9 385
1 4 2
195 397
1 3 2
143 185
1 13 2
365 66
1 5 2
286 202
1 10 2
480 226
1 10 2
214 397
1 10 2
358 336
1 11 2
17 208
1 4 2
164 268
1 3 2
246 302
1 5 2
88 144
1 9 2
435 446
1 10 2
38 153
1 15 2
182 324
1 3 2
423 80
1 9 2
96 251
1 15 2
436 82
1 3 2
25 88
1 7 2
211 31
1 5 2
329 78
1 13 2
104 223
1 15 2
116 389
1 3 2
328 270
1 2 2
389 113
1 5 2
266 56
1 12 2
483 234
1 9 2
442 165
1 3 2
459 381
1 13 2
122 253
1 3 2
191 272
1 6 2
441 118
1 12 2
306 478
1 5 2
430 265
1 8 2
218 140
1 3 2
450 76
1 9 2
254 248
1 15 2
408 55
1 11 2
257 460
1 15 2
313 12
1 7 2
116 281
1 10 2
180 389
1 2 2
21 457
1 15 2
130 329
1 5 2
320 392
1 14 2
437 244
1 8 2
387 408
1 9 2
44 212
1 9 2
28 108
1 2 2
267 451
1 15 2
321 76
1 7 2
478 234
1 10 2
5 267
1 5 2
423 270
1 5 2
227 114
1 5 2
2 50
1 12 2
280 367
1 13 2
32 246
1 14 2
480 404
1 13 2
55 231
1 11 2
352 2
1 9 2
113 71
1 12 2
350 201
1 5 2
142 237
1 14 2
310 450
1 6 2
488 86
1 15 2
483 493
1 8 2
427 420
1 4 2
335 372
1 2 2
202 146
1 14 2
82 351
1 3 2
347 249
1 5 2
131 135
1 10 2
248 20
1 4 2
52 301
1 2 2
360 476
1 15 2
61 456
1 8 2
29 269
1 7 2
356 117
1 5 2
64 23
1 13 2
278 380
1 6 2
59 192
1 14 2
23 27
1 11 2
384 119
1 14 2
49 225
1 7 2
317 275
1 3 2
76 426
1 10 2
493 70
1 15 2
407 341
1 14 2
160 407
1 7 2
129 86
1 5 2
371 448
1 15 2
481 374
1 13 2
106 68
1 8 2
48 322
1 2 2
64 494
1 15 2
249 381
1 4 2
45 431
1 6 2
377 222
1 7 2
401 339
1 13 2
431 89
1 15 2
183 176
1 2 2
421 452
1 15 2
25 470
1 9 2
439 480
1 7 2
79 27
1 10 2
255 467
1 14 2
254 92
1 7 2
319 241
1 2 2
169 156
1 3 2
316 460
1 12 2
458 425
1 8 2
318 392
1 5 2
165 350
1 9 2
356 373
1 13 2
235 19
1 11 2
350 408
1 8 2
242 251
1 15 2
135 94
1 8 2
384 389
1 6 2
263 171
1 6 2
408 147
1 15 2
133 480
1 4 2
109 230
1 8 2
34 481
1 15 2
248 52
1 9 2
475 193
1 3 2
45 65
1 15 2
364 61
1 11 2
14 2
1 4 2
474 35
1 4 2
121 111
1 7 2
430 484
1 11 2
146 338
1 5 2
408 410
1 4 2
418 26
1 10 2
263 288
1 4 2
391 51
1 8 2
366 190
1 8 2
397 364
1 9 2
314 255
1 14 2
112 378
1 13 2
331 84
1 4 2
183 454
1 6 2
156 259
1 4 2
227 475
1 2 2
245 44
1 7 2
98 134
1 7 2
464 23
1 8 2
486 320
1 5 2
357 11
1 6 2
221 9
1 10 2
97 115
1 14 2
468 2
1 7 2
101 439
1 10 2
155 317
1 2 2
439 39
1 5 2
393 490
1 2 2
433 265
1 2 2
412 43
1 5 2
227 397
1 3 2
100 167
1 14 2
191 17
1 5 2
228 74
1 3 2
173 66
1 6 2
202 253
1 9 2
3 366
1 15 2
183 198
1 8 2
479 381
1 3 2
213 68
1 15 2
21 206
1 9 2
146 152
1 13 2
274 27
1 14 2
306 224
1 2 2
426 39
1 4 2
232 498
1 15 2
441 312
1 11 2
89 313
1 3 2
157 229
1 14 2
171 17
1 2 2
262 286
1 5 2
51 409
1 8 2
335 401
1 2 2
473 322
1 7 2
422 179
1 5 2
423 21
1 8 2
357 290
1 9 2
211 419
1 5 2
452 116
1 12 2
48 373
1 7 2
144 106
1 11 2
178 308
1 13 2
247 314
1 11 2
218 244
1 15 2
389 229
1 2 2
32 322
1 4 2
9 260
1 15 2
216 313
1 10 2
495 273
1 7 2
121 38
1 3 2
228 403
1 3 2
115 110
1 4 2
480 353
1 9 2
216 43
1 13 2
194 51
1 7 2
310 218
1 10 2
398 288
1 13 2
14 451
1 5 2
484 115
1 2 2
189 233
1 4 2
301 206
1 7 2
232 86
1 2 2
400 268
1 13 2
254 252
1 4 2
116 495
1 9 2
399 35
1 15 2
78 464
1 5 2
187 167
1 9 2
189 7
1 7 2
329 384
1 7 2
457 234
1 14 2
168 415
1 5 2
53 188
1 6 2
375 8
1 2 2
50 307
1 9 2
484 475
1 12 2
394 331
1 13 2
192 30
1 9 2
48 92
1 4 2
360 170
1 9 2
103 94
1 7 2
437 78
1 4 2
55 275
1 13 2
140 190
1 9 2
446 309
1 11 2
101 319
1 5 2
114 239
1 8 2
273 475
1 4 2
440 339
1 4 2
488 229
1 7 2
144 310
1 5 2
458 261
1 11 2
148 70
1 4 2
471 253
1 15 2
430 250
1 10 2
377 104
1 7 2
168 27
1 13 2
322 325
1 13 2
122 298
1 10 2
499 435
1 12 2
45 132
1 9 2
177 206
1 3 2
193 393
1 7 2
236 270
1 11 2
216 52
1 11 2
276 346
1 4 2
403 361
1 8 2
7 67
1 13 2
486 127
1 8 2
70 457
1 15 2
92 270
1 4 2
402 344
1 10 2
384 168
1 7 2
142 89
1 10 2
56 376
1 6 2
414 433
1 11 2
132 316
1 6 2
116 282
1 5 2
99 116
1 3 2
272 156
1 8 2
339 315
1 11 2
314 23
1 13 2
212 87
1 13 2
161 426
1 13 2
441 138
1 4 2
320 248
1 9 2
246 495
1 6 2
356 272
1 3 2
238 64
1 10 2
260 295
1 9 2
287 330
1 10 2
238 461
1 3 2
364 147
1 10 2
229 107
1 7 2
314 226
1 9 2
244 433
1 4 2
290 388
1 12 2
280 129
1 14 2
219 313
1 10 2
209 230
1 8 2
378 139
1 12 2
165 437
1 10 2
376 332
1 10 2
379 325
1 8 2
141 494
1 8 2
124 164
1 14 2
251 33
1 12 2
271 36
1 10 2
23 152
1 9 2
387 247
1 5 2
174 439
1 9 2
116 161
1 4 2
123 256
1 7 2
28 388
1 5 2
348 380
1 12 2
421 283
1 15 2
300 408
1 7 2
12 386
1 11 2
438 279
1 4 2
413 256
1 9 2
251 97
1 10 2
43 52
1 9 2
168 84
1 7 2
338 203
1 9 2
470 231
1 3 2
345 338
1 6 2
251 228
1 13 2
302 58
1 3 2
161 246
1 11 2
447 161
1 15 2
294 215
1 15 2
130 336
1 4 2
83 55
1 14 2
310 120
1 5 2
165 189
1 8 2
288 183
1 12 2
29 300
1 14 2
466 489
1 2 2
197 125
1 10 2
479 299
1 15 2
391 468
1 13 2
203 122
1 7 2
142 383
1 6 2
137 436
1 6 2
484 168
1 7 2
184 448
1 4 2
471 432
1 3 2
291 159
1 11 2
319 268
1 4 2
128 306
1 8 2
430 442
1 6 2
55 255
1 6 2
123 57
1 15 2
419 196
1 3 2
404 45
1 9 2
150 93
1 8 2
394 43
1 14 2
279 380
1 5 2
165 17
1 3 2
200 75
1 8 2
453 176
1 14 2
442 225
1 4 2
239 61
1 7 2
488 53
1 4 2
280 233
1 7 2
161 30
1 2 2
434 227
1 4 2
134 262
1 6 2
300 201
1 11 2
170 63
1 14 2
161 428
1 2 2
382 337
1 6 2
310 96
1 7 2
384 374
1 9 2
348 181
1 14 2
48 333
1 5 2
448 440
1 8 2
384 334
1 6 2
435 86
1 13 2
374 4
1 4 2
495 221
1 7 2
460 261
1 4 2
139 314
1 12 2
186 233
1 7 2
330 73
1 14 2
216 441
1 13 2
62 463
1 11 2
225 428
1 12 2
266 363
1 11 2
333 221
1 12 2
494 408
1 10 2
404 43
1 6 2
301 237
1 4 2
350 377
1 3 2
455 321
1 12 2
203 471
1 6 2
211 203
1 8 2
149 234
1 5 2
124 256
1 15 2
405 425
1 8 2
202 254
1 8 2
416 31
1 6 2
46 326
1 7 2
452 352
1 2 2
157 86
1 5 2
11 106
1 7 2
234 272
1 4 2
318 275
1 12 2
341 176
1 3 2
27 128
1 12 2
26 165
1 11 2
66 81
1 2 2
387 221
1 9 2
85 418
1 14 2
23 269
1 12 2
94 414
1 15 2
33 490
1 11 2
490 417
1 2 2
228 149
1 4 2
100 165
1 2 2
34 162
1 2 2
304 84
1 8 2
258 90
1 10 2
57 346
1 9 2
395 290
1 11 2
142 151
1 2 2
275 240
1 3 2
398 275
1 14 2
204 317
1 9 2
446 54
1 7 2
387 445
1 14 2
335 275
1 12 2
413 463
1 12 2
193 419
1 5 2
100 334
1 11 2
20 480
1 5 2
89 460
1 10 2
65 245
1 3 2
292 103
1 7 2
156 346
1 8 2
479 491
1 5 2
235 358
1 13 2
438 78
1 5 2
74 417
1 15 2
390 281
1 2 2
328 194
1 14 2
33 41
1 9 2
155 490
1 2 2
277 26
1 12 2
198 72
1 11 2
33 231
1 2 2
404 173
1 12 2
348 108
1 5 2
136 345
1 8 2
259 193
1 4 2
131 248
1 4 2
253 483
1 4 2
30 460
1 9 2
33 343
1 8 2
475 381
1 10 2
333 403
1 12 2
373 450
1 10 2
184 264
1 14 2
282 397
1 13 2
8 169
1 10 2
191 41
1 7 2
41 128
1 14 2
52 226
1 8 2
3 197
1 6 2
313 187
1 7 2
74 482
1 9 2
447 321
1 6 2
298 297
1 12 2
362 473
1 12 2
229 69
1 5 2
249 318
1 9 2
69 314
1 13 2
458 420
1 11 2
63 369
1 11 2
355 409
1 5 2
451 352
1 12 2
175 200
1 6 2
328 236
1 14 2
331 189
1 15 2
468 282
1 13 2
440 487
1 10 2
364 111
1 14 2
221 13
1 13 2
443 30
1 10 2
426 96
1 10 2
310 166
1 10 2
202 474
1 8 2
229 63
1 4 2
12 384
1 10 2
310 452
1 4 2
373 194
1 7 2
148 418
1 11 2
426 96
1 9 2
160 74
1 7 2
332 226
1 14 2
264 52
1 6 2
92 238
1 10 2
420 402
1 4 2
314 81
1 9 2
63 219
1 5 2
451 70
1 4 2
114 387
1 11 2
14 147
1 12 2
332 123
1 10 2
153 19
1 10 2
440 329
1 14 2
318 54
1 11 2
407 424
1 2 2
67 451
1 6 2
8 248
1 7 2
160 127
1 14 2
383 215
1 5 2
394 278
1 4 2
113 358
1 8 2
401 29
1 2 2
431 337
1 3 2
333 36
1 5 2
317 321
1 6 2
121 378
1 3 2
270 132
1 11 2
62 43
1 6 2
496 211
1 9 2
114 75
1 12 2
111 350
1 3 2
223 407
1 15 2
221 102
1 11 2
27 268
1 9 2
375 196
1 7 2
5 11
1 12 2
97 337
1 2 2
84 400
1 7 2
224 299
1 4 2
454 184
1 3 2
42 433
1 8 2
218 194
1 8 2
221 228
1 5 2
253 460
1 7 2
139 297
1 3 2
313 240
1 3 2
468 346
1 11 2
443 323
1 7 2
159 238
1 13 2
46 247
1 2 2
40 216
1 15 2
292 282
1 6 2
420 283
1 6 2
224 187
1 14 2
278 233
1 7 2
10 245
1 4 2
230 97
1 5 2
468 342
1 5 2
477 316
1 14 2
250 296
1 8 2
423 134
1 7 2
72 224
1 10 2
202 400
1 2 2
379 336
1 7 2
441 3
1 13 2
225 442
1 6 2
172 133
1 3 2
328 265
1 13 2
253 97
1 13 2
332 359
1 9 2
332 177
1 14 2
103 409
1 3 2
491 224
1 10 2
42 395
1 13 2
22 276
1 4 2
69 94
1 13 2
451 89
1 15 2
229 495
1 11 2
369 414
1 9 2
231 422
1 5 2
257 401
1 15 2
15 295
1 6 2
330 266
1 7 2
390 369
1 8 2
17 179
1 6 2
131 56
1 4 2
428 198
1 11 2
274 74
1 2 2
140 113
1 4 2
282 29
1 11 2
150 234
1 8 2
197 491
1 9 2
215 393
1 14 2
294 414
1 14 2
307 2
1 2 2
95 389
1 7 2
19 178
1 5 2
0 55
1 4 2
363 247
1 8 2
100 22
1 3 2
187 496
1 13 2
108 163
1 3 2
345 31
1 13 2
89 256
1 9 2
412 235
1 15 2
431 82
1 14 2
464 301
1 12 2
166 264
1 8 2
16 347
1 9 2
32 356
1 13 2
76 202
1 10 2
434 50
1 3 2
465 84
1 3 2
267 236
1 7 2
263 55
1 2 2
215 404
1 2 2
451 9
1 7 2
271 344
1 14 2
232 214
1 4 2
174 334
1 9 2
39 368
1 8 2
317 177
1 6 2
100 416
1 5 2
85 188
1 14 2
486 455
1 3 2
228 454
1 5 2
94 325
1 10 2
47 175
1 3 2
231 149
1 10 2
203 450
1 2 2
484 276
1 6 2
406 421
1 9 2
123 2
1 13 2
35 105
1 14 2
72 228
1 9 2
214 393
1 14 2
70 429
1 7 2
384 222
1 14 2
202 467
1 3 2
93 367
1 4 2
79 255
1 14 2
470 5
1 5 2
364 493
1 15 2
236 132
1 8 2
128 258
1 11 2
17 54
1 8 2
74 462
1 12 2
61 248
1 7 2
93 37
1 3 2
442 456
1 12 2
72 323
1 4 2
42 120
1 14 2
437 402
1 9 2
148 471
1 5 2
489 233
1 2 2
348 41
1 11 2
159 312
1 6 2
473 281
1 3 2
318 27
1 14 2
95 113
1 6 2
219 105
1 2 2
71 330
1 12 2
217 10
1 2 2
261 237
1 11 2
163 188
1 4 2
258 224
1 6 2
329 358
1 4 2
373 33
1 6 2
25 242
1 12 2
283 391
1 15 2
409 275
1 9 2
353 437
1 15 2
341 197
1 11 2
477 259
1 14 2
301 257
1 9 2
217 3
1 11 2
377 493
1 8 2
376 19
1 5 2
470 150
1 2 2
118 13
1 2 2
198 293
1 12 2
175 260
1 2 2
432 446
1 15 2
189 142
1 2 2
489 359
1 9 2
132 175
1 5 2
379 63
1 13 2
179 266
1 5 2
230 182
1 14 2
297 135
1 4 2
156 63
1 12 2
295 342
1 12 2
238 47
1 5 2
385 440
1 5 2
122 96
1 12 2
98 301
1 2 2
421 394
1 15 2
166 294
1 11 2
267 347
1 9 2
142 25
1 6 2
1 95
1 14 2
7 177
1 6 2
451 349
1 7 2
436 91
1 15 2
419 354
1 5 2
13 21
1 10 2
75 219
1 6 2
331 389
1 9 2
416 220
1 14 2
343 128
1 6 2
148 70
1 14 2
190 497
1 7 2
316 201
1 13 2
253 467
1 13 2
129 484
1 15 2
22 108
1 6 2
309 494
1 14 2
489 186
1 11 2
309 223
1 12 2
384 56
1 3 2
168 447
1 7 2
379 419
1 5 2
33 323
1 8 2
11 245
1 4 2
253 131
1 8 2
332 402
1 2 2
178 350
1 14 2
408 378
1 13 2
339 423
1 8 2
491 30
1 11 2
133 4
1 2 2
225 23
1 2 2
270 407
1 8 2
369 324
1 12 2
203 280
1 4 2
491 295
1 12 2
298 4
1 14 2
377 492
1 15 2
436 290
1 6 2
145 385
1 2 2
294 166
1 13 2
245 89
1 2 2
272 198
1 5 2
210 251
1 10 2
181 37
1 2 2
360 196
1 14 2
63 111
1 15 2
206 315
1 9 2
67 471
1 10 2
287 213
1 7 2
419 339
1 2 2
129 383
1 12 2
407 190
1 2 2
347 29
1 9 2
319 259
1 9 2
135 106
1 11 2
234 417
1 3 2
97 93
1 3 2
455 6
1 8 2
448 70
1 9 2
204 65
1 8 2
227 189
1 14 2
53 457
1 2 2
417 267
1 10 2
243 67
1 12 2
418 60
1 12 2
359 100
1 5 2
86 323
1 7 2
49 133
1 10 2
179 425
1 14 2
65 50
1 2 2
257 416
1 9 2
370 22
1 5 2
96 136
1 7 2
0 54
1 14 2
339 359
1 12 2
261 349
1 12 2
11 380
1 11 2
486 225
1 13 2
64 144
1 12 2
26 57
1 11 2
159 312
1 2 2
348 182
1 5 2
72 429
1 10 2
58 494
1 2 2
143 20
1 3 2
436 428
1 4 2
364 176
1 2 2
322 160
1 13 2
417 198
1 11 2
191 428
1 15 2
158 375
1 3 2
247 498
1 6 2
124 59
1 3 2
474 257
1 9 2
390 281
1 8 2
466 147
1 14 2
404 30
1 7 2
406 134
1 6 2
79 443
1 2 2
223 405
1 12 2
109 403
1 12 2
451 49
1 5 2
437 359
1 8 2
418 222
1 5 2
329 495
1 10 2
483 56
1 3 2
402 461
1 9 2
21 456
1 7 2
455 75
1 11 2
53 327
1 9 2
194 41
1 7 2
222 437
1 3 2
396 403
1 10 2
357 289
1 11 2
23 181
1 11 2
454 207
1 11 2
227 350
1 6 2
496 321
1 10 2
427 133
1 15 2
243 425
1 3 2
189 153
1 3 2
405 411
1 10 2
472 430
1 9 2
347 276
1 3 2
19 316
1 10 2
134 415
1 15 2
262 271
1 5 2
296 152
1 5 2
380 269
1 3 2
246 0
1 2 2
413 346
1 12 2
263 294
1 8 2
450 78
1 5 2
157 35
1 2 2
267 387
1 5 2
83 306
1 10 2
188 183
1 13 2
210 281
1 10 2
287 64
1 3 2
443 136
1 8 2
119 294
1 9 2
231 317
1 7 2
286 376
1 7 2
126 144
1 4 2
426 270
1 5 2
239 283
1 13 2
86 54
1 3 2
245 485
1 11 2
123 345
1 5 2
137 463
1 11 2
375 310
1 2 2
106 235
1 15 2
105 135
1 7 2
392 441
1 13 2
480 293
1 7 2
442 284
1 15 2
304 397
1 8 2
276 95
1 5 2
348 166
1 13 2
31 71
1 15 2
63 217
1 3 2
192 125
1 5 2
30 5
1 3 2
448 265
1 11 2
489 498
1 2 2
372 305
1 5 2
275 277
1 2 2
479 433
1 6 2
328 408
1 6 2
28 374
1 12 2
6 458
1 12 2
360 49
1 6 2
418 358
1 11 2
138 242
1 3 2
274 190
1 9 2
136 144
1 4 2
277 246
1 3 2
286 94
1 14 2
291 267
1 6 2
279 150
1 15 2
395 416
1 5 2
159 127
1 3 2
177 36
1 7 2
229 353
1 5 2
320 236
1 8 2
458 117
1 12 2
366 466
1 5 2
35 372
1 4 2
84 281
1 14 2
273 239
1 4 2
214 324
1 2 2
486 388
1 13 2
270 188
1 9 2
196 62
1 2 2
341 395
1 2 2
301 404
1 14 2
462 341
1 7 2
39 320
1 7 2
312 240
1 14 2
12 334
1 14 2
54 208
1 3 2
491 412
1 9 2
66 7
1 2 2
139 171
1 13 2
10 420
1 9 2
159 252
1 10 2
309 131
1 10 2
488 409
1 5 2
216 298
1 14 2
434 427
1 14 2
60 256
1 9 2
314 431
1 14 2
453 288
1 12 2
495 362
1 6 2
204 278
1 3 2
149 226
1 7 2
184 111
1 12 2
209 170
1 6 2
380 104
1 10 2
473 430
1 14 2
302 17
1 14 2
415 74
1 3 2
91 451
1 8 2
272 302
1 3 2
267 156
1 4 2
439 408
1 3 2
385 218
1 10 2
107 410
1 10 2
59 489
1 7 2
42 100
1 3 2
413 172
1 11 2
78 392
1 14 2
166 24
1 8 2
29 392
1 6 2
224 95
1 12 2
363 249
1 2 2
56 428
1 5 2
39 427
1 4 2
372 198
1 8 2
5 315
1 6 2
101 1
1 11 2
388 396
1 10 2
267 250
1 7 2
11 114
1 8 2
305 380
1 9 2
408 76
1 4 2
18 406
1 14 2
295 33
1 9 2
9 120
1 8 2
86 243
1 7 2
49 107
1 6 2
491 19
1 13 2
126 198
1 13 2
145 200
1 15 2
277 153
1 2 2
235 482
1 3 2
207 430
1 13 2
50 37
1 10 2
78 304
1 2 2
219 270
1 15 2
263 146
1 3 2
201 56
1 10 2
393 11
1 8 2
117 241
1 3 2
70 380
1 7 2
115 15
1 6 2
219 24
1 6 2
3 78
1 15 2
394 242
1 6 2
396 466
1 8 2
374 264
1 15 2
410 215
1 13 2
167 142
1 2 2
444 39
1 11 2
139 394
1 10 2
226 212
1 7 2
31 37
1 14 2
321 167
1 8 2
18 449
1 2 2
72 268
1 10 2
134 409
1 8 2
41 136
1 3 2
327 116
1 8 2
253 334
1 15 2
347 300
1 8 2
434 444
1 4 2
424 19
1 3 2
244 430
1 12 2
10 141
1 13 2
350 413
1 14 2
285 71
1 11 2
28 332
1 10 2
38 452
1 4 2
208 296
1 8 2
102 442
1 10 2
45 300
1 15 2
347 452
1 13 2
41 389
1 4 2
372 430
1 11 2
100 299
1 12 2
399 245
1 13 2
181 432
1 3 2
14 118
1 6 2
493 364
1 7 2
312 281
1 12 2
226 16
1 4 2
314 306
1 7 2
48 352
1 5 2
489 394
1 11 2
413 293
1 3 2
256 318
1 13 2
337 425
1 5 2
452 226
1 12 2
457 150
1 15 2
382 211
1 3 2
454 386
1 13 2
185 380
1 2 2
8 145
1 12 2
399 476
1 7 2
322 33
1 3 2
227 421
1 13 2
38 58
1 14 2
59 431
1 8 2
429 171
1 11 2
82 88
1 11 2
418 251
1 14 2
467 79
1 13 2
323 358
1 7 2
288 331
1 8 2
349 230
1 4 2
206 281
1 15 2
270 427
1 12 2
492 432
1 2 2
247 242
1 3 2
462 434
1 3 2
234 92
1 9 2
33 154
1 8 2
141 58
1 7 2
451 121
1 7 2
492 54
1 12 2
169 61
1 8 2
377 14
1 2 2
290 417
1 8 2
356 136
1 14 2
127 434
1 7 2
2 394
1 12 2
402 272
1 4 2
237 448
1 14 2
200 62
1 13 2
310 464
1 2 2
378 176
1 12 2
409 394
1 5 2
176 161
1 2 2
337 446
1 7 2
9 75
1 7 2
42 167
1 4 2
483 105
1 11 2
63 245
1 4 2
485 349
1 14 2
318 77
1 4 2
487 173
1 9 2
177 0
1 12 2
145 419
1 13 2
157 349
1 10 2
323 89
1 7 2
115 257
1 7 2
350 5
1 4 2
488 383
1 10 2
326 178
1 6 2
7 448
1 7 2
198 296
1 7 2
149 447
1 3 2
371 455
1 14 2
219 237
1 4 2
255 38
1 15 2
479 61
1 13 2
399 17
1 5 2
401 135
1 8 2
189 167
1 5 2
244 209
1 10 2
266 478
1 12 2
477 380
1 11 2
457 171
1 5 2
32 166
1 3 2
78 475
1 15 2
450 116
1 7 2
335 53
1 11 2
300 186
1 11 2
62 334
1 8 2
457 333
1 11 2
120 394
1 14 2
99 350
1 8 2
474 70
1 9 2
388 130
1 5 2
496 462
1 7 2
3 280
1 7 2
471 400
1 3 2
100 227
1 5 2
349 251
1 13 2
258 439
1 6 2
69 17
1 3 2
375 1
1 14 2
140 470
1 2 2
351 177
1 9 2
237 34
1 14 2
448 428
1 10 2
346 263
1 11 2
23 146
1 15 2
117 138
1 13 2
421 365
1 12 2
467 115
1 9 2
220 145
1 7 2
439 380
1 4 2
283 235
1 12 2
264 257
1 14 2
21 429
1 12 2
72 362
1 15 2
358 363
1 2 2
228 216
1 10 2
45 54
1 11 2
304 379
1 7 2
421 36
1 2 2
433 106
1 6 2
233 53
1 13 2
289 59
1 13 2
185 343
1 6 2
245 152
1 7 2
112 368
1 3 2
264 162
1 10 2
194 90
1 11 2
427 201
1 13 2
443 43
1 7 2
311 181
1 13 2
327 58
1 5 2
255 207
1 3 2
474 268
1 15 2
178 222
1 8 2
392 114
1 8 2
450 319
1 7 2
175 95
1 9 2
446 246
1 9 2
403 220
1 3 2
52 389
1 10 2
159 376
1 15 2
330 368
1 14 2
107 119
1 5 2
468 191
1 13 2
199 114
1 12 2
243 341
1 9 2
471 396
1 11 2
247 240
1 12 2
12 466
1 3 2
187 377
1 13 2
195 111
1 15 2
299 106
1 3 2
410 182
1 10 2
189 137
1 10 2
299 160
1 15 2
40 53
1 8 2
479 89
1 8 2
170 287
1 8 2
78 184
1 9 2
449 277
1 3 2
246 95
1 13 2
281 297
1 10 2
362 227
1 13 2
335 337
1 2 2
224 273
1 8 2
167 282
1 4 2
235 65
1 6 2
189 413
1 6 2
10 199
1 6 2
424 288
1 6 2
207 214
1 11 2
487 435
1 2 2
394 304
1 4 2
465 220
1 7 2
268 385
1 15 2
77 23
1 4 2
391 287
1 9 2
193 412
1 3 2
29 492
1 13 2
301 74
1 4 2
204 296
1 3 2
330 302
1 14 2
271 206
1 11 2
409 166
1 11 2
385 481
1 3 2
432 275
1 8 2
53 322
1 8 2
488 474
1 2 2
334 204
1 4 2
352 207
1 7 2
409 348
1 6 2
208 136
1 9 2
353 24
1 4 2
283 126
1 12 2
39 411
1 13 2
411 76
1 15 2
185 207
1 5 2
275 380
1 4 2
144 307
1 8 2
339 426
1 13 2
439 126
1 12 2
413 231
1 12 2
466 117
1 6 2
109 140
1 5 2
496 400
1 6 2
158 154
1 10 2
51 455
1 5 2
171 331
1 3 2
490 142
1 12 2
458 313
1 12 2
417 156
1 4 2
165 486
1 5 2
207 250
1 5 2
258 4
1 2 2
399 128
1 9 2
433 387
1 11 2
252 97
1 2 2
387 433
1 7 2
280 475
1 9 2
336 130
1 2 2
409 117
1 11 2
371 335
1 5 2
20 363
1 11 2
444 336
1 9 2
234 62
1 3 2
121 249
1 10 2
330 265
1 10 2
152 437
1 2 2
177 170
1 12 2
360 466
1 6 2
226 109
1 13 2
168 393
1 3 2
287 301
1 13 2
125 32
1 3 2
188 269
1 14 2
169 470
1 13 2
151 368
1 3 2
285 74
1 6 2
426 273
1 15 2
480 184
1 11 2
319 73
1 11 2
377 172
1 14 2
344 319
1 4 2
368 434
1 12 2
1 92
1 2 2
463 279
1 3 2
496 340
1 14 2
54 470
1 7 2
106 71
1 8 2
18 389
1 3 2
370 200
1 3 2
444 10
1 10 2
131 239
1 5 2
482 84
1 4 2
236 207
1 6 2
255 296
1 13 2
194 51
1 7 2
88 296
1 4 2
386 243
1 11 2
84 305
1 7 2
48 186
1 6 2
134 304
1 15 2
168 379
1 15 2
451 120
1 4 2
197 363
1 5 2
323 126
1 7 2
243 17
1 9 2
1 316
1 14 2
286 50
1 15 2
405 364
1 13 2
354 280
1 4 2
410 113
1 10 2
388 123
1 6 2
272 27
1 13 2
371 5
1 5 2
311 110
1 14 2
216 487
1 15 2
97 18
1 9 2
355 465
1 2 2
372 379
1 15 2
214 438
1 7 2
202 78
1 2 2
9 402
1 4 2
11 406
1 5 2
201 483
1 3 2
89 152
1 3 2
244 42
1 14 2
481 49
1 3 2
245 145
1 5 2
409 199
1 11 2
134 220
1 7 2
366 424
1 9 2
373 12
1 2 2
418 150
1 10 2
1 150
1 5 2
78 25
1 3 2
431 456
1 14 2
376 121
1 5 2
204 19
1 14 2
368 409
1 11 2
171 195
1 5 2
292 48
1 8 2
199 225
1 3 2
238 376
1 14 2
64 105
1 9 2
107 321
1 9 2
486 353
1 8 2
409 173
1 9 2
114 200
1 15 2
231 236
1 15 2
79 250
1 4 2
311 323
1 4 2
247 117
1 13 2
59 406
1 13 2
493 395
1 10 2
87 28
1 4 2
143 267
1 4 2
99 269
1 13 2
161 224
1 2 2
188 133
1 13 2
374 443
1 15 2
198 478
1 5 2
340 318
1 2 2
371 454
1 5 2
348 495
1 11 2
455 417
1 7 2
484 108
1 13 2
180 392
1 10 2
114 118
1 13 2
256 50
1 4 2
55 474
1 6 2
142 147
1 5 2
72 492
1 9 2
481 214
1 15 2
69 265
1 6 2
384 189
1 9 2
289 197
1 12 2
256 209
1 15 2
337 482
1 3 2
251 277
1 2 2
396 11
1 8 2
68 318
1 9 2
166 260
1 4 2
212 483
1 7 2
5 480
1 12 2
222 163
1 13 2
88 280
1 4 2
348 282
1 8 2
275 188
1 14 2
311 52
1 9 2
216 201
1 12 2
392 349
1 14 2
294 34
1 11 2
140 98
1 2 2
394 489
1 8 2
417 131
1 9 2
48 56
1 5 2
465 14
1 12 2
157 9
1 13 2
14 382
1 14 2
432 352
1 13 2
362 485
1 12 2
244 497
1 9 2
195 462
1 13 2
171 437
1 7 2
399 92
1 8 2
457 492
1 10 2
314 337
1 11 2
337 28
1 6 2
273 124
1 6 2
87 285
1 3 2
273 172
1 13 2
219 114
1 9 2
398 455
1 3 2
70 486
1 3 2
217 124
1 11 2
311 235
1 9 2
162 173
1 15 2
184 469
1 12 2
435 330
1 6 2
366 360
1 10 2
178 235
1 12 2
133 187
1 14 2
27 99
1 5 2
465 316
1 4 2
488 233
1 8 2
210 490
1 13 2
12 153
1 5 2
372 96
1 6 2
39 412
1 10 2
222 445
1 11 2
327 291
1 10 2
47 2
1 10 2
337 492
1 6 2
240 50
1 3 2
298 467
1 4 2
67 476
1 10 2
104 64
1 8 2
318 449
1 13 2
160 283
1 10 2
2 174
1 9 2
108 475
1 4 2
475 5
1 2 2
413 69
1 11 2
173 150
1 12 2
94 26
1 10 2
113 8
1 4 2
168 88
1 2 2
445 338
1 12 2
216 315
1 9 2
418 324
1 8 2
52 166
1 4 2
83 311
1 15 2
206 202
1 6 2
261 366
1 5 2
113 264
1 3 2
473 470
1 15 2
37 229
1 10 2
206 199
1 10 2
426 495
1 9 2
216 436
1 11 2
246 190
1 5 2
388 326
1 3 2
410 384
1 8 2
192 58
1 6 2
346 370
1 8 2
284 30
1 2 2
344 78
1 2 2
44 273
1 15 2
484 181
1 6 2
165 403
1 6 2
305 470
1 12 2
284 211
1 10 2
381 95
1 11 2
271 240
1 2 2
41 229
1 13 2
300 452
1 2 2
62 441
1 13 2
437 279
1 3 2
120 388
1 3 2
85 225
1 11 2
75 92
1 7 2
479 225
1 10 2
127 155
1 14 2
218 134
1 7 2
448 229
1 14 2
308 447
1 13 2
158 64
1 8 2
380 331
1 9 2
214 444
1 9 2
455 481
1 13 2
248 419
1 13 2
94 421
1 15 2
464 80
1 4 2
394 247
1 9 2
440 110
1 15 2
450 263
1 5 2
403 426
1 10 2
393 97
1 9 2
397 233
1 12 2
50 445
1 10 2
319 260
1 14 2
291 265
1 14 2
13 443
1 7 2
163 375
1 15 2
465 420
1 11 2
434 30
1 2 2
317 47
1 10 2
266 320
1 4 2
319 57
1 7 2
69 75
1 10 2
328 263
1 3 2
39 246
1 15 2
168 20
1 12 2
253 471
1 11 2
200 97
1 10 2
378 79
1 9 2
293 409
1 12 2
48 470
1 8 2
491 264
1 3 2
406 279
1 8 2
226 364
1 5 2
83 133
1 7 2
141 294
1 13 2
59 162
1 7 2
251 92
1 10 2
421 328
1 14 2
87 330
1 7 2
253 3
1 7 2
81 298
1 7 2
113 218
1 12 2
209 76
1 15 2
123 485
1 7 2
196 192
1 4 2
241 426
1 5 2
399 359
1 15 2
361 483
1 10 2
484 184
1 12 2
394 424
1 14 2
404 441
1 5 2
461 305
1 6 2
382 369
1 11 2
71 177
1 2 2
305 162
1 14 2
480 130
1 15 2
345 35
1 11 2
154 401
1 2 2
222 443
1 3 2
326 250
1 11 2
257 475
1 2 2
491 160
1 11 2
160 20
1 12 2
84 75
1 5 2
385 269
1 14 2
455 484
1 9 2
384 266
1 3 2
264 465
1 13 2
61 222
1 3 2
38 70
1 12 2
431 99
1 9 2
309 410
1 3 2
407 170
1 9 2
40 34
1 10 2
472 123
1 11 2
86 121
1 13 2
134 57
1 14 2
0 275
1 14 2
273 136
1 9 2
297 249
1 5 2
177 288
1 7 2
336 463
1 2 2
499 65
1 6 2
293 116
1 11 2
332 17
1 5 2
184 233
1 9 2
267 336
1 8 2
152 423
1 9 2
72 148
1 14 2
434 31
1 5 2
30 412
1 8 2
361 293
1 10 2
243 75
1 7 2
394 289
1 6 2
58 222
1 12 2
361 307
1 8 2
350 435
1 11 2
103 386
1 9 2
77 419
1 14 2
360 467
1 9 2
319 381
1 14 2
458 143
1 3 2
160 140
1 11 2
261 175
1 10 2
433 58
1 2 2
384 225
1 10 2
272 219
1 5 2
455 210
1 4 2
405 275
1 7 2
403 430
1 6 2
432 388
1 8 2
365 169
1 7 2
283 434
1 2 2
82 94
1 2 2
253 233
1 15 2
439 18
1 4 2
293 31
1 15 2
331 365
1 7 2
306 112
1 7 2
138 166
1 2 2
434 14
1 11 2
473 310
1 9 2
239 407
1 8 2
9 111
1 10 2
191 341
1 8 2
369 446
1 12 2
263 300
1 6 2
474 448
1 10 2
265 477
1 7 2
73 305
1 2 2
156 69
1 5 2
114 186
1 12 2
55 47
1 2 2
105 77
1 9 2
282 369
1 10 2
365 8
1 5 2
14 495
1 3 2
6 49
1 15 2
158 80
1 10 2
30 189
1 9 2
297 37
1 7 2
314 423
1 15 2
213 134
1 9 2
244 93
1 8 2
171 38
1 13 2
55 149
1 5 2
13 230
1 5 2
6 15
1 6 2
81 416
1 5 2
381 424
1 8 2
11 379
1 4 2
15 322
1 2 2
38 273
1 6 2
271 458
1 14 2
424 482
1 4 2
183 184
1 2 2
147 8
1 10 2
352 251
1 13 2
52 292
1 11 2
440 424
1 2 2
44 341
1 10 2
46 19
1 10 2
452 218
1 13 2
266 228
1 2 2
128 292
1 10 2
352 33
1 4 2
436 120
1 8 2
378 328
1 11 2
433 479
1 2 2
16 374
1 11 2
121 162
1 7 2
30 424
1 3 2
66 93
1 12 2
124 9
1 11 2
496 251
1 8 2
339 240
1 2 2
254 346
1 2 2
38 69
1 13 2
0 273
1 8 2
50 377
1 5 2
322 404
1 13 2
222 122
1 7 2
89 267
1 14 2
499 363
1 13 2
209 262
1 8 2
303 338
1 10 2
215 297
1 12 2
302 152
1 11 2
203 421
1 11 2
235 226
1 15 2
478 394
1 4 2
441 134
1 9 2
192 466
1 8 2
341 325
1 10 2
15 324
1 14 2
411 395
1 2 2
173 107
1 3 2
171 311
1 2 2
282 92
1 15 2
248 244
1 4 2
4 121
1 4 2
37 13
1 15 2
247 36
1 8 2
173 329
1 12 2
159 271
1 10 2
38 126
1 12 2
97 30
1 7 2
208 469
1 9 2
426 403
1 9 2
336 235
1 5 2
368 167
1 13 2
407 404
1 11 2
406 462
1 11 2
307 312
1 13 2
235 19
1 3 2
23 327
1 5 2
336 469
1 5 2
482 436
1 13 2
437 107
1 15 2
346 167
1 14 2
135 435
1 9 2
408 54
1 7 2
104 210
1 6 2
111 444
1 13 2
0 122
1 8 2
457 192
1 4 2
143 348
1 6 2
230 97
1 7 2
361 303
1 8 2
204 13
1 9 2
186 97
1 12 2
455 358
1 11 2
109 271
1 5 2
389 24
1 11 2
239 180
1 6 2
159 57
1 15 2
110 43
1 13 2
45 378
1 2 2
38 460
1 11 2
438 79
1 3 2
306 413
1 3 2
281 286
1 7 2
279 298
1 9 2
279 114
1 7 2
368 179
1 6 2
66 336
1 15 2
267 292
1 3 2
195 493
1 13 2
233 255
1 9 2
281 397
1 3 2
212 437
1 2 2
170 41
1 9 2
30 495
1 2 2
457 40
1 11 2
380 273
1 2 2
471 175
1 14 2
445 452
1 4 2
417 408
1 15 2
486 319
1 12 2
92 172
1 7 2
401 242
1 2 2
416 19
1 6 2
171 110
1 12 2
322 334
1 6 2
66 377
1 4 2
441 323
1 10 2
442 271
1 9 2
54 269
1 4 2
388 211
1 4 2
450 234
1 4 2
158 465
1 3 2
298 302
1 6 2
113 225
1 3 2
46 161
1 8 2
304 124
1 15 2
91 346
1 8 2
276 389
1 11 2
494 338
1 4 2
373 455
1 3 2
431 84
1 2 2
426 249
1 7 2
395 376
1 2 2
231 349
1 3 2
179 269
1 5 2
368 78
1 3 2
331 178
1 2 2
340 30
1 6 2
217 455
1 3 2
239 345
1 13 2
204 333
1 10 2
234 253
1 7 2
146 435
1 2 2
397 305
1 2 2
365 480
1 12 2
10 160
1 2 2
100 468
1 7 2
157 494
1 9 2
275 389
1 10 2
268 157
1 7 2
284 81
1 14 2
438 387
1 6 2
106 392
1 5 2
394 75
1 5 2
83 465
1 13 2
192 75
1 13 2
23 331
1 7 2
471 413
1 15 2
188 474
1 11 2
372 240
1 9 2
230 133
1 5 2
170 298
1 2 2
319 73
1 15 2
79 404
1 8 2
281 295
1 3 2
475 277
1 11 2
324 150
1 5 2
194 371
1 3 2
353 33
1 4 2
25 425
1 8 2
239 436
1 5 2
415 293
1 12 2
439 190
1 11 2
465 91
1 6 2
13 321
1 10 2
392 5
1 5 2
149 445
1 13 2
296 33
1 14 2
472 53
1 15 2
137 93
1 15 2
481 381
1 6 2
199 220
1 10 2
379 70
1 13 2
267 133
1 2 2
439 39
1 12 2
383 237
1 2 2
439 221
1 9 2
320 476
1 8 2
34 378
1 11 2
391 198
1 15 2
314 376
1 4 2
269 14
1 9 2
27 15
1 5 2
410 84
1 3 2
42 144
1 5 2
75 336
1 11 2
346 307
1 15 2
3 375
1 15 2
440 421
1 8 2
0 288
1 6 2
193 8
1 4 2
110 273
1 11 2
94 64
1 11 2
258 324
1 2 2
369 164
1 6 2
153 39
1 5 2
341 329
1 7 2
96 249
1 14 2
472 204
1 9 2
482 393
1 5 2
15 186
1 11 2
188 42
1 12 2
353 377
1 13 2
438 13
1 6 2
381 102
1 6 2
193 175
1 13 2
181 334
1 8 2
194 41
1 14 2
425 341
1 4 2
318 89
1 9 2
279 434
1 4 2
209 486
1 8 2
436 435
1 6 2
175 461
1 13 2
167 495
1 2 2
412 400
1 5 2
355 419
1 4 2
112 129
1 3 2
337 265
1 14 2
14 493
1 8 2
293 479
1 4 2
223 257
1 15 2
40 48
1 6 2
378 397
1 12 2
291 385
1 15 2
7 330
1 8 2
238 257
1 15 2
49 153
1 2 2
492 348
1 11 2
35 330
1 3 2
206 194
1 13 2
394 45
1 12 2
342 98
1 10 2
129 13
1 3 2
208 321
1 4 2
312 471
1 9 2
138 341
1 2 2
302 274
1 10 2
319 372
1 7 2
348 165
1 10 2
125 86
1 5 2
16 346
1 7 2
156 74
1 3 2
92 3
1 11 2
424 54
1 10 2
368 192
1 13 2
490 421
1 12 2
247 4
1 2 2
418 362
1 12 2
341 52
1 11 2
55 159
1 4 2
66 48
1 10 2
438 453
1 12 2
398 173
1 5 2
118 411
1 14 2
409 113
1 13 2
380 392
1 11 2
268 191
1 14 2
59 492
1 15 2
247 424
1 10 2
280 84
1 13 2
198 412
1 9 2
82 143
1 13 2
224 250
1 2 2
284 415
1 6 2
380 188
1 3 2
313 401
1 5 2
397 237
1 5 2
292 42
1 6 2
81 224
1 11 2
438 237
1 3 2
19 288
1 11 2
401 183
1 6 2
215 280
1 4 2
181 69
1 14 2
134 419
1 10 2
118 478
1 7 2
64 92
1 8 2
28 164
1 10 2
462 431
1 7 2
429 321
1 7 2
487 492
1 15 2
112 78
1 15 2
296 362
1 15 2
118 461
1 13 2
51 419
1 5 2
104 3
1 15 2
195 496
1 4 2
489 9
1 7 2
397 309
1 14 2
355 427
1 10 2
365 280
1 15 2
269 11
1 2 2
474 382
1 6 2
388 108
1 7 2
355 13
1 2 2
437 478
1 2 2
164 142
1 12 2
332 328
1 11 2
46 367
1 6 2
240 245
1 4 2
467 253
1 6 2
437 328
1 15 2
297 472
1 2 2
452 191
1 10 2
194 478
1 12 2
407 129
1 3 2
415 57
1 14 2
148 81
1 9 2
36 487
1 13 2
13 331
1 15 2
182 302
1 14 2
490 317
1 4 2
235 121
1 2 2
492 209
1 13 2
372 57
1 5 2
225 386
1 11 2
194 273
1 11 2
177 195
1 15 2
140 420
1 10 2
134 228
1 2 2
175 58
1 7 2
181 188
1 11 2
131 80
1 8 2
252 134
1 12 2
132 458
1 6 2
366 265
1 5 2
492 204
1 8 2
74 235
1 14 2
70 75
1 10 2
362 204
1 6 2
47 376
1 11 2
407 410
1 2 2
58 357
1 8 2
280 144
1 14 2
154 18
1 7 2
384 116
1 9 2
491 267
1 15 2
132 452
1 13 2
92 224
1 7 2
301 12
1 8 2
44 137
1 14 2
92 198
1 15 2
417 113
1 8 2
186 192
1 6 2
279 308
1 2 2
66 327
1 11 2
398 255
1 10 2
484 214
1 12 2
108 433
1 14 2
246 117
1 9 2
43 96
1 5 2
182 339
1 15 2
119 282
1 13 2
145 11
1 4 2
442 189
1 2 2
13 449
1 15 2
287 424
1 13 2
412 309
1 10 2
228 31
1 5 2
87 386
1 9 2
489 293
1 6 2
35 101
1 4 2
324 8
1 10 2
44 330
1 4 2
195 248
1 5 2
259 263
1 4 2
312 251
1 15 2
138 315
1 3 2
12 233
1 8 2
439 293
1 9 2
238 116
1 11 2
217 56
1 5 2
291 452
1 5 2
17 432
1 2 2
442 391
1 14 2
309 58
1 11 2
237 380
1 6 2
334 257
1 15 2
417 469
1 4 2
171 37
1 12 2
195 174
1 15 2
360 207
1 2 2
462 91
1 15 2
385 379
1 7 2
99 435
1 4 2
469 312
1 5 2
378 371
1 2 2
405 305
1 6 2
380 346
1 5 2
198 40
1 7 2
149 434
1 6 2
366 79
1 9 2
49 134
1 3 2
58 468
1 15 2
188 433
1 6 2
304 489
1 5 2
489 126
1 10 2
160 94
1 8 2
342 469
1 12 2
429 59
1 5 2
334 115
1 11 2
169 332
1 2 2
307 416
1 6 2
299 492
1 13 2
86 14
1 14 2
380 162
1 15 2
373 390
1 2 2
464 172
1 9 2
357 467
1 15 2
337 370
1 13 2
10 54
1 10 2
168 306
1 3 2
224 495
1 8 2
284 311
1 8 2
377 375
1 13 2
80 176
1 2 2
487 400
1 12 2
453 157
1 3 2
215 229
1 7 2
109 292
1 3 2
61 395
1 8 2
489 494
1 14 2
454 361
1 11 2
122 23
1 12 2
344 393
1 9 2
53 99
1 7 2
382 482
1 5 2
285 286
1 14 2
382 100
1 14 2
9 132
1 12 2
86 389
1 14 2
473 220
1 13 2
483 331
1 7 2
250 267
1 11 2
403 19
1 3 2
406 120
1 5 2
363 350
1 6 2
189 128
1 13 2
308 437
1 14 2
369 69
1 6 2
12 424
1 13 2
488 417
1 7 2
121 33
1 3 2
47 172
1 10 2
365 305
1 9 2
430 20
1 3 2
432 59
1 15 2
405 161
1 14 2
168 299
1 14 2
324 483
1 14 2
27 168
1 2 2
175 374
1 11 2
217 397
1 10 2
108 274
1 8 2
150 445
1 3 2
469 60
1 10 2
70 247
1 5 2
97 459
1 8 2
373 308
1 9 2
199 398
1 5 2
153 320
1 3 2
402 388
1 8 2
214 134
1 9 2
16 339
1 10 2
171 345
1 3 2
55 174
1 8 2
391 53
1 10 2
194 258
1 10 2
83 261
1 5 2
240 61
1 4 2
193 261
1 3 2
174 23
1 5 2
170 141
1 10 2
166 408
1 6 2
343 443
1 9 2
26 242
1 12 2
74 453
1 11 2
55 50
1 13 2
163 335
1 4 2
232 479
1 7 2
446 225
1 11 2
214 277
1 11 2
218 141
1 3 2
221 91
1 7 2
409 213
1 5 2
457 205
1 11 2
114 147
1 15 2
96 57
1 9 2
75 116
1 15 2
354 430
1 13 2
351 221
1 5 2
411 170
1 14 2
73 210
1 9 2
93 59
1 6 2
84 58
1 7 2
129 86
1 7 2
70 321
1 14 2
463 58
1 7 2
335 483
1 14 2
341 401
1 3 2
78 304
1 6 2
140 270
1 6 2
286 119
1 10 2
407 86
1 13 2
336 146
1 3 2
452 110
1 2 2
252 381
1 6 2
389 47
1 5 2
236 44
1 13 2
248 419
1 9 2
305 306
1 14 2
110 195
1 4 2
263 338
1 3 2
66 9
1 8 2
180 63
1 10 2
292 218
1 11 2
296 115
1 6 2
167 134
1 5 2
135 71
1 9 2
254 278
1 4 2
436 454
1 12 2
339 206
1 13 2
486 61
1 15 2
269 203
1 14 2
487 399
1 4 2
131 148
1 9 2
356 419
1 6 2
188 286
1 3 2
86 51
1 6 2
63 484
1 11 2
252 322
1 15 2
226 231
1 10 2
471 441
1 14 2
2 103
1 8 2
402 123
1 5 2
117 71
1 13 2
204 456
1 3 2
425 290
1 2 2
189 311
1 13 2
118 179
1 9 2
453 97
1 12 2
77 310
1 5 2
285 397
1 7 2
396 134
1 10 2
110 303
1 15 2
346 388
1 2 2
496 226
1 14 2
269 19
1 3 2
255 276
1 7 2
208 154
1 13 2
0 379
1 8 2
231 456
1 12 2
190 252
1 10 2
266 151
1 11 2
125 477
1 3 2
348 73
1 15 2
37 231
1 12 2
54 191
1 10 2
484 180
1 13 2
498 202
1 10 2
238 279
1 2 2
37 115
1 10 2
151 230
1 6 2
240 256
1 8 2
311 112
1 11 2
292 361
1 3 2
307 260
1 10 2
135 197
1 12 2
448 226
1 10 2
185 341
1 7 2
140 12
1 4 2
334 37
1 13 2
376 99
1 14 2
325 148
1 12 2
190 189
1 5 2
102 303
1 15 2
229 220
1 11 2
237 270
1 11 2
197 103
1 3 2
348 153
1 11 2
299 114
1 11 2
446 478
1 2 2
342 58
1 4 2
464 172
1 11 2
359 43
1 8 2
1 182
1 11 2
398 471
1 14 2
128 183
1 15 2
471 423
1 7 2
162 291
1 11 2
350 213
1 3 2
288 184
1 8 2
147 317
1 14 2
268 301
1 2 2
359 194
1 7 2
151 208
1 4 2
52 447
1 15 2
180 82
1 4 2
392 139
1 12 2
272 437
1 10 2
392 111
1 12 2
109 57
1 8 2
3 45
1 4 2
362 463
1 2 2
226 282
1 9 2
226 399
1 7 2
257 497
1 13 2
468 377
1 13 2
166 221
1 5 2
48 218
1 14 2
28 79
1 6 2
36 494
1 6 2
464 316
1 15 2
443 38
1 4 2
211 85
1 12 2
74 328
1 15 2
9 480
1 10 2
187 463
1 12 2
166 112
1 8 2
262 499
1 12 2
178 15
1 7 2
134 330
1 4 2
224 68
1 12 2
86 392
1 4 2
135 487
1 2 2
223 256
1 4 2
156 161
1 14 2
228 35
1 15 2
310 179
1 12 2
366 68
1 10 2
379 307
1 3 2
127 490
1 11 2
227 169
1 15 2
76 219
1 8 2
46 308
1 10 2
425 101
1 9 2
197 401
1 10 2
165 188
1 9 2
360 47
1 2 2
116 274
1 14 2
60 395
1 6 2
382 232
1 14 2
438 178
1 12 2
291 75
1 6 2
480 352
1 7 2
179 320
1 6 2
228 362
1 8 2
233 395
1 11 2
30 297
1 7 2
162 237
1 11 2
71 401
1 9 2
86 7
1 14 2
210 67
1 8 2
488 132
1 2 2
93 98
1 9 2
69 150
1 12 2
281 306
1 7 2
168 223
1 8 2
34 333
1 3 2
312 476
1 13 2
20 294
1 3 2
227 18
1 11 2
205 69
1 3 2
342 321
1 13 2
348 108
1 14 2
126 321
1 8 2
447 330
1 3 2
26 178
1 3 2
385 239
1 14 2
139 413
1 5 2
81 401
1 10 2
166 225
1 15 2
299 232
1 14 2
352 14
1 8 2
431 75
1 6 2
450 155
1 13 2
275 405
1 7 2
431 297
1 6 2
205 186
1 9 2
455 470
1 7 2
289 222
1 2 2
141 346
1 8 2
340 87
1 7 2
270 173
1 11 2
217 345
1 6 2
148 411
1 11 2
215 296
1 6 2
154 418
1 6 2
281 294
1 6 2
218 460
1 7 2
290 326
1 7 2
153 349
1 3 2
265 192
1 15 2
446 343
1 11 2
321 164
1 14 2
229 293
1 9 2
431 283
1 10 2
11 60
1 3 2
206 253
1 11 2
266 300
1 13 2
367 448
1 10 2
391 365
1 8 2
154 142
1 14 2
434 199
1 13 2
87 434
1 4 2
47 241
1 6 2
121 335
1 4 2
465 314
1 7 2
200 353
1 2 2
386 68
1 2 2
94 62
1 10 2
136 29
1 15 2
396 408
1 6 2
386 153
1 15 2
333 478
1 7 2
249 473
1 6 2
67 282
1 13 2
228 349
1 2 2
176 126
1 12 2
444 321
1 13 2
490 120
1 3 2
239 217
1 15 2
297 131
1 15 2
127 90
1 12 2
308 288
1 13 2
445 301
1 13 2
134 184
1 5 2
35 21
1 8 2
160 136
1 10 2
31 60
1 9 2
356 56
1 7 2
420 118
1 8 2
384 358
1 14 2
430 297
1 4 2
246 204
1 12 2
43 442
1 11 2
451 277
1 11 2
431 400
1 12 2
49 220
1 5 2
22 478
1 13 2
271 291
1 13 2
25 307
1 8 2
495 148
1 10 2
338 479
1 15 2
78 349
1 9 2
195 63
1 4 2
228 312
1 3 2
60 414
1 13 2
387 109
1 2 2
312 462
1 10 2
28 489
1 3 2
432 414
1 13 2
124 432
1 12 2
351 272
1 14 2
192 270
1 5 2
383 116
1 14 2
52 359
1 7 2
474 275
1 8 2
343 91
1 14 2
195 316
1 2 2
308 322
1 10 2
4 294
1 10 2
32 154
1 8 2
317 444
1 8 2
100 119
1 8 2
247 139
1 13 2
101 172
1 4 2
423 150
1 10 2
266 293
1 12 2
495 283
1 2 2
42 172
1 9 2
348 388
1 2 2
242 190
1 4 2
403 38
1 11 2
426 231
1 14 2
101 430
1 9 2
452 389
1 14 2
152 104
1 7 2
337 395
1 12 2
395 65
1 11 2
96 2
1 8 2
16 497
1 7 2
128 272
1 15 2
295 193
1 3 2
232 238
1 6 2
74 253
1 10 2
447 227
1 9 2
81 88
1 5 2
102 147
1 14 2
366 452
1 7 2
273 172
1 14 2
108 260
1 5 2
36 200
1 14 2
366 379
1 14 2
209 307
1 13 2
354 68
1 12 2
145 77
1 5 2
369 289
1 2 2
384 317
1 2 2
232 50
1 3 2
242 100
1 8 2
152 115
1 14 2
196 390
1 15 2
467 53
1 6 2
362 405
1 15 2
425 211
1 11 2
183 489
1 6 2
368 49
1 13 2
452 284
1 6 2
222 422
1 2 2
248 63
1 13 2
466 401
1 13 2
48 333
1 14 2
31 487
1 6 2
199 171
1 5 2
272 172
1 5 2
202 260
1 7 2
101 176
1 2 2
21 452
1 3 2
154 221
1 10 2
223 116
1 5 2
152 384
1 2 2
442 453
1 14 2
499 432
1 13 2
28 387
1 12 2
306 304
1 7 2
188 26
1 13 2
227 279
1 14 2
80 216
1 15 2
359 51
1 15 2
238 146
1 13 2
305 133
1 10 2
310 302
1 7 2
418 163
1 4 2
157 407
1 10 2
292 424
1 10 2
284 41
1 15 2
356 203
1 7 2
21 475
1 6 2
310 31
1 13 2
402 253
1 2 2
406 385
1 11 2
78 488
1 2 2
354 446
1 15 2
116 261
1 9 2
116 335
1 8 2
282 165
1 12 2
256 59
1 14 2
321 33
1 9 2
373 95
1 10 2
364 160
1 2 2
130 127
1 14 2
89 384
1 9 2
44 103
1 10 2
351 198
1 3 2
151 487
1 5 2
421 120
1 12 2
457 244
1 10 2
480 283
1 12 2
269 424
1 6 2
183 25
1 10 2
477 264
1 5 2
498 193
1 13 2
476 71
1 11 2
152 169
1 9 2
8 164
1 7 2
329 13
1 8 2
229 492
1 10 2
286 217
1 10 2
65 370
1 3 2
259 110
1 8 2
224 30
1 12 2
120 99
1 7 2
103 268
1 6 2
303 440
1 10 2
37 101
1 2 2
108 439
1 4 2
114 50
1 4 2
101 438
1 8 2
496 290
1 14 2
262 211
1 8 2
240 259
1 14 2
150 156
1 4 2
277 105
1 9 2
244 263
1 14 2
92 117
1 11 2
224 19
1 9 2
292 467
1 9 2
291 155
1 5 2
480 447
1 12 2
385 4
1 12 2
432 236
1 15 2
441 79
1 10 2
223 247
1 6 2
33 282
1 5 2
320 34
1 9 2
267 483
1 10 2
197 216
1 10 2
300 472
1 13 2
143 465
1 4 2
354 458
1 13 2
58 413
1 12 2
446 64
1 7 2
91 202
1 12 2
483 282
1 11 2
47 220
1 15 2
188 125
1 6 2
35 422
1 10 2
190 72
1 12 2
244 262
1 10 2
394 399
1 14 2
137 421
1 6 2
393 359
1 13 2
284 394
1 10 2
112 145
1 2 2
273 497
1 10 2
368 7
1 14 2
141 300
1 2 2
35 34
1 8 2
461 168
1 7 2
475 193
1 8 2
370 371
1 11 2
25 70
1 7 2
184 267
1 6 2
498 438
1 15 2
369 399
1 9 2
127 210
1 12 2
196 384
1 9 2
86 481
1 4 2
315 155
1 3 2
213 392
1 4 2
226 231
1 4 2
129 8
1 9 2
356 406
1 9 2
313 363
1 5 2
177 298
1 5 2
283 428
1 6 2
485 316
1 6 2
206 324
1 14 2
375 348
1 10 2
484 22
1 9 2
442 157
1 5 2
350 410
1 13 2
352 436
1 9 2
218 287
1 11 2
271 198
1 14 2
248 375
1 2 2
32 205
1 6 2
93 1
1 6 2
211 464
1 14 2
103 414
1 10 2
375 66
1 15 2
99 410
1 15 2
418 457
1 6 2
97 175
1 5 2
75 94
1 9 2
331 376
1 8 2
59 249
1 3 2
99 42
1 9 2
242 398
1 12 2
235 274
1 7 2
41 431
1 3 2
486 239
1 3 2
329 356
1 8 2
471 63
1 2 2
272 187
1 6 2
353 71
1 5 2
0 405
1 8 2
80 62
1 4 2
89 419
1 12 2
29 270
1 7 2
7 300
1 15 2
127 369
1 2 2
82 321
1 15 2
391 377
1 3 2
446 489
1 12 2
411 137
1 12 2
403 486
1 15 2
80 149
1 8 2
190 27
1 8 2
25 72
1 7 2
366 388
1 7 2
270 128
1 14 2
119 118
1 14 2
283 164
1 8 2
450 91
1 15 2
153 284
1 12 2
58 85
1 14 2
84 406
1 6 2
428 195
1 10 2
397 319
1 6 2
18 27
1 15 2
200 480
1 3 2
174 69
1 4 2
159 498
1 11 2
383 379
1 4 2
14 72
1 3 2
434 304
1 6 2
105 354
1 15 2
220 59
1 8 2
203 31
1 8 2
118 140
1 15 2
439 391
1 11 2
315 166
1 7 2
76 23
1 12 2
318 83
1 6 2
181 253
1 13 2
471 44
1 14 2
495 89
1 11 2
22 16
1 10 2
134 352
1 14 2
358 400
1 6 2
339 98
1 4 2
99 14
1 15 2
148 59
1 9 2
176 311
1 12 2
398 122
1 2 2
2 21
1 13 2
162 142
1 6 2
95 348
1 5 2
371 9
1 15 2
428 32
1 5 2
386 330
1 8 2
174 421
1 10 2
157 216
1 12 2
99 453
1 10 2
265 456
1 11 2
420 441
1 15 2
237 441
1 4 2
53 470
1 13 2
155 473
1 15 2
208 476
1 10 2
326 154
1 14 2
228 148
1 15 2
296 427
1 10 2
33 335
1 3 2
355 337
1 9 2
160 279
1 9 2
449 325
1 2 2
462 329
1 4 2
468 112
1 8 2
333 161
1 15 2
451 53
1 8 2
77 273
1 7 2
172 437
1 4 2
493 51
1 3 2
64 95
1 9 2
383 382
1 10 2
101 39
1 8 2
231 92
1 15 2
315 254
1 8 2
181 288
1 5 2
366 235
1 4 2
209 271
1 5 2
90 222
1 6 2
392 451
1 11 2
284 209
1 2 2
241 333
1 8 2
437 494
1 14 2
323 278
1 6 2
83 288
1 12 2
89 22
1 10 2
411 321
1 6 2
177 376
1 15 2
392 122
1 5 2
367 434
1 3 2
91 87
1 14 2
194 435
1 8 2
105 182
1 9 2
244 480
1 4 2
268 74
1 6 2
99 482
1 11 2
471 190
1 8 2
497 391
1 11 2
275 25
1 6 2
252 55
1 10 2
2 409
1 10 2
277 467
1 6 2
318 51
1 11 2
195 26
1 8 2
435 88
1 3 2
16 342
1 7 2
304 181
1 9 2
60 335
1 3 2
429 66
1 7 2
439 479
1 4 2
283 293
1 2 2
82 306
1 6 2
129 147
1 9 2
385 169
1 4 2
174 253
1 3 2
479 496
1 7 2
341 14
1 13 2
244 397
1 8 2
446 288
1 15 2
124 327
1 13 2
416 204
1 15 2
494 376
1 15 2
67 84
1 6 2
179 186
1 9 2
365 381
1 4 2
273 282
1 13 2
364 213
1 10 2
471 180
1 7 2
115 148
1 13 2
211 134
1 2 2
10 171
1 2 2
393 26
1 12 2
221 85
1 6 2
101 394
1 3 2
418 279
1 12 2
159 13
1 10 2
277 104
1 10 2
148 421
1 12 2
77 84
1 15 2
421 149
1 11 2
492 88
1 9 2
476 421
1 3 2
374 468
1 13 2
66 120
1 3 2
361 350
1 4 2
424 172
1 6 2
171 358
1 2 2
227 255
1 9 2
275 468
1 10 2
431 3
1 7 2
218 5
1 8 2
100 97
1 4 2
467 61
1 8 2
7 203
1 2 2
83 340
1 12 2
57 8
1 4 2
76 14
1 6 2
266 130
1 3 2
219 40
1 10 2
19 323
1 5 2
263 176
1 11 2
161 465
1 3 2
382 39
1 7 2
448 166
1 6 2
285 44
1 4 2
345 291
1 5 2
383 330
1 13 2
309 18
1 2 2
13 477
1 3 2
484 460
1 15 2
490 289
1 15 2
370 275
1 13 2
119 429
1 7 2
97 299
1 5 2
45 200
1 14 2
379 387
1 15 2
415 204
1 9 2
495 489
1 15 2
128 406
1 11 2
80 398
1 14 2
415 382
1 8 2
162 498
1 6 2
340 150
1 3 2
258 293
1 4 2
497 491
1 9 2
44 480
1 11 2
14 498
1 10 2
57 136
1 7 2
139 210
1 7 2
479 499
1 8 2
163 112
1 2 2
59 336
1 8 2
492 258
1 12 2
264 342
1 10 2
398 441
1 10 2
481 331
1 6 2
481 162
1 9 2
473 276
1 12 2
71 306
1 2 2
358 126
1 8 2
388 55
1 9 2
144 357
1 9 2
401 254
1 15 2
457 472
1 4 2
23 247
1 14 2
466 464
1 12 2
135 438
1 13 2
80 395
1 15 2
100 59
1 11 2
62 365
1 15 2
211 439
1 8 2
353 190
1 5 2
258 432
1 11 2
464 328
1 15 2
175 458
1 15 2
199 95
1 4 2
139 90
1 14 2
113 285
1 2 2
419 422
1 5 2
92 37
1 13 2
438 425
1 9 2
321 96
1 6 2
257 297
1 6 2
174 378
1 10 2
284 422
1 5 2
316 259
1 2 2
372 431
1 10 2
180 412
1 4 2
77 32
1 3 2
470 317
1 11 2
375 95
1 10 2
107 170
1 14 2
83 165
1 13 2
438 66
1 4 2
384 189
1 3 2
417 112
1 12 2
303 437
1 9 2
98 381
1 9 2
153 93
1 10 2
312 480
1 2 2
68 405
1 13 2
38 148
1 8 2
91 242
1 14 2
282 5
1 9 2
454 173
1 9 2
271 100
1 12 2
482 248
1 6 2
405 162
1 5 2
361 59
1 12 2
183 295
1 11 2
495 482
1 9 2
55 189
1 14 2
68 175
1 8 2
250 169
1 12 2
109 178
1 3 2
454 405
1 8 2
338 134
1 8 2
452 16
1 5 2
330 25
1 7 2
325 129
1 10 2
469 488
1 14 2
333 166
1 14 2
20 166
1 14 2
201 303
1 2 2
350 40
1 12 2
430 400
1 5 2
167 222
1 12 2
212 76
1 6 2
98 99
1 5 2
242 90
1 5 2
434 158
1 13 2
477 433
1 6 2
322 286
1 2 2
108 385
1 12 2
5 337
1 9 2
248 496
1 4 2
79 40
1 4 2
87 9
1 5 2
77 268
1 5 2
307 336
1 15 2
249 333
1 4 2
374 23
1 7 2
255 459
1 8 2
265 195
1 10 2
282 314
1 13 2
393 154
1 11 2
394 65
1 3 2
140 35
1 10 2
86 409
1 15 2
146 190
1 11 2
208 436
1 12 2
138 201
1 9 2
156 229
1 6 2
385 355
1 6 2
305 284
1 10 2
450 130
1 6 2
107 283
1 11 2
99 388
1 13 2
84 220
1 14 2
197 234
1 2 2
370 188
1 14 2
165 32
1 2 2
142 386
1 15 2
196 401
1 15 2
293 388
1 3 2
234 105
1 13 2
72 445
1 12 2
229 370
1 11 2
392 224
1 3 2
208 126
1 9 2
263 9
1 15 2
237 92
1 8 2
109 77
1 8 2
454 326
1 14 2
41 497
1 5 2
263 232
1 10 2
25 347
1 4 2
385 376
1 4 2
17 230
1 7 2
276 277
1 8 2
146 479
1 14 2
90 230
1 15 2
184 20
1 3 2
237 368
1 13 2
346 211
1 9 2
271 314
1 6 2
53 395
1 13 2
219 166
1 12 2
60 429
1 3 2
357 181
1 6 2
402 205
1 7 2
175 240
1 15 2
251 167
1 15 2
309 351
1 10 2
475 416
1 9 2
77 209
1 5 2
287 445
1 6 2
316 188
1 2 2
473 56
1 3 2
388 247
1 8 2
121 470
1 14 2
469 289
1 2 2
492 148
1 14 2
169 290
1 9 2
354 312
1 2 2
211 346
1 2 2
497 499
1 14 2
449 112
1 4 2
409 58
1 3 2
153 34
1 3 2
229 81
1 15 2
282 90
1 14 2
378 357
1 4 2
383 227
1 13 2
497 72
1 12 2
458 4
1 5 2
167 397
1 13 2
141 1
1 6 2
456 483
1 9 2
130 155
1 11 2
11 297
1 9 2
444 211
1 14 2
276 285
1 15 2
205 387
1 12 2
373 354
1 2 2
128 476
1 4 2
389 452
1 7 2
347 441
1 3 2
257 100
1 7 2
338 0
1 12 2
93 232
1 12 2
134 458
1 7 2
127 355
1 13 2
388 103
1 4 2
36 124
1 5 2
200 65
1 9 2
120 478
1 13 2
497 161
1 10 2
282 266
1 14 2
402 162
1 4 2
419 201
1 7 2
255 357
1 4 2
181 461
1 3 2
317 89
1 9 2
185 387
1 10 2
356 33
1 10 2
314 409
1 7 2
110 310
1 9 2
98 61
1 5 2
386 467
1 15 2
483 301
1 7 2
400 13
1 11 2
32 289
1 13 2
157 470
1 4 2
137 234
1 3 2
453 259
1 13 2
61 231
1 8 2
190 430
1 15 2
343 128
1 4 2
327 108
1 5 2
61 160
1 7 2
449 389
1 10 2
359 377
1 3 2
79 358
1 5 2
180 374
1 11 2
250 361
1 8 2
31 106
1 6 2
137 182
1 3 2
162 263
1 13 2
255 138
1 8 2
145 348
1 9 2
442 403
1 8 2
492 148
1 8 2
475 212
1 7 2
74 343
1 12 2
27 277
1 5 2
306 97
1 8 2
388 294
1 12 2
277 208
1 5 2
456 179
1 14 2
53 149
1 6 2
450 491
1 6 2
158 356
1 13 2
236 131
1 12 2
226 51
1 6 2
321 420
1 3 2
441 230
1 12 2
57 220
1 14 2
375 358
1 5 2
310 246
1 2 2
269 266
1 12 2
494 489
1 5 2
262 71
1 6 2
336 297
1 8 2
138 48
1 7 2
103 330
1 11 2
119 172
1 15 2
29 164
1 6 2
96 299
1 8 2
343 374
1 5 2
264 30
1 4 2
103 48
1 4 2
392 19
1 4 2
19 474
1 7 2
228 180
1 7 2
279 286
1 7 2
74 314
1 10 2
274 103
1 7 2
216 343
1 10 2
157 24
1 6 2
20 481
1 3 2
123 415
1 9 2
49 485
1 2 2
445 130
1 11 2
262 340
1 9 2
88 129
1 14 2
306 245
1 3 2
237 284
1 7 2
346 489
1 6 2
487 277
1 11 2
95 378
1 14 2
161 478
1 8 2
287 134
1 10 2
244 307
1 10 2
342 229
1 9 2
202 163
1 8 2
265 329
1 11 2
390 298
1 12 2
231 198
1 6 2
225 96
1 11 2
338 469
1 5 2
381 357
1 10 2
7 90
1 12 2
352 211
1 14 2
430 180
1 2 2
319 465
1 9 2
24 76
1 2 2
395 415
1 12 2
332 291
1 4 2
251 150
1 14 2
1 375
1 5 2
407 392
1 15 2
109 134
1 8 2
430 18
1 7 2
389 182
1 3 2
61 379
1 12 2
361 467
1 6 2
442 435
1 6 2
348 396
1 4 2
195 169
1 4 2
109 304
1 13 2
37 295
1 3 2
223 294
1 13 2
397 152
1 14 2
455 83
1 14 2
325 343
1 3 2
482 44
1 8 2
11 68
1 8 2
185 113
1 5 2
309 208
1 11 2
8 28
1 10 2
73 388
1 12 2
215 269
1 11 2
117 216
1 10 2
26 445
1 12 2
183 480
1 5 2
263 108
1 11 2
56 350
1 10 2
111 99
1 7 2
334 117
1 7 2
280 84
1 13 2
181 160
1 7 2
142 377
1 3 2
399 236
1 14 2
490 184
1 4 2
55 471
1 12 2
238 434
1 10 2
300 295
1 12 2
43 18
1 15 2
70 271
1 12 2
464 476
1 7 2
137 19
1 12 2
108 311
1 6 2
278 476
1 3 2
437 330
1 7 2
23 314
1 3 2
120 160
1 3 2
412 40
1 4 2
94 481
1 12 2
308 310
1 12 2
93 205
1 15 2
377 174
1 9 2
362 3
1 7 2
352 151
1 5 2
265 465
1 6 2
301 171
1 12 2
192 389
1 15 2
33 316
1 14 2
246 97
1 6 2
158 259
1 10 2
459 266
1 15 2
341 86
1 11 2
328 253
1 9 2
174 89
1 2 2
320 380
1 12 2
427 439
1 13 2
106 98
1 10 2
179 192
1 7 2
419 99
1 12 2
32 378
1 14 2
70 354
1 4 2
221 81
1 9 2
399 262
1 14 2
95 155
1 11 2
130 150
1 4 2
219 349
1 4 2
94 445
1 10 2
16 314
1 7 2
403 120
1 9 2
120 486
1 11 2
82 463
1 15 2
97 281
1 12 2
438 282
1 14 2
309 122
1 14 2
433 78
1 14 2
128 8
1 9 2
275 231
1 7 2
36 8
1 5 2
121 176
