500 4000 1500
24 10 12 22 17 25 25 7 5 10 20 11 17 8 10 11 25 21 13 18 8 12 23 23 16 16 14 7 6 10 23 11 14 19 24 6 9 15 10 22 11 19 18 10 10 11 14 7 18 13 11 23 22 12 6 21 18 7 7 23 20 14 6 13 9 23 13 16 15 15 20 12 8 23 13 22 7 16 15 19 10 23 25 13 6 19 17 22 22 23 18 14 5 17 24 17 10 23 16 14 10 7 20 20 12 18 19 14 11 5 18 20 12 9 12 18 7 17 18 6 13 19 8 9 24 21 22 24 21 9 15 14 10 5 18 9 10 16 22 15 5 16 7 14 7 9 22 23 5 8 16 7 13 12 20 19 16 17 11 14 18 12 17 7 13 7 25 6 22 16 5 22 10 11 22 20 22 24 21 20 9 7 22 23 24 8 6 21 22 19 13 17 12 6 6 22 11 21 16 22 20 19 12 11 11 15 12 9 15 22 11 12 17 23 18 22 9 10 15 15 13 6 22 22 17 6 10 8 14 5 17 8 24 12 11 23 18 13 18 8 23 9 22 9 15 20 20 7 19 15 5 22 14 12 23 7 19 17 22 14 14 25 23 18 13 12 17 6 20 18 17 18 24 25 25 19 15 16 22 13 9 21 5 11 8 10 9 21 6 5 5 5 8 9 18 18 24 6 7 11 25 19 11 11 19 6 6 24 23 25 10 16 14 8 23 6 25 18 21 15 11 16 8 21 21 15 14 19 19 11 20 15 17 23 9 12 6 21 14 14 7 19 24 5 8 22 22 22 9 9 8 14 11 11 18 22 18 25 6 21 5 13 25 24 20 25 21 17 18 13 21 21 9 7 5 22 11 17 24 15 22 19 23 11 12 14 10 11 18 21 14 6 25 14 17 6 20 9 16 17 21 5 25 10 6 13 9 10 19 6 17 13 6 23 7 7 25 8 17 12 10 10 13 6 13 16 25 16 7 7 24 16 22 7 17 7 20 9 5 16 23 6 20 15 13 9 19 11 5 13 9 19 10 15 18 24 22 24 20 17 13 13 8 17 15 9 18 11 20 20 23 14 17 14 16 11 11 24 17 22 19 5 21 13 5 19 14 9 19 20 23 22 7 8 24 10 22 10 8 19
3 11 19 12 14 6 17 9 7 7 8 18 13 18 5 7 8 3 5 20 20 17 11 9 6 11 6 11 18 16 13 13 14 15 8 10 7 13 9 12 13 15 10 7 12 5 6 8 20 8 12 6 8 12 19 6 11 7 7 19 16 19 9 7 7 20 8 14 10 8 20 14 3 17 9 13 8 5 6 7 3 14 20 8 4 17 13 5 18 9 17 18 16 4 19 17 15 12 19 13 3 17 5 16 13 11 6 15 5 9 6 15 20 18 4 13 5 8 18 5 6 18 7 8 18 15 18 16 4 5 3 14 12 12 4 4 20 15 16 20 18 8 7 3 8 17 18 10 6 14 15 5 3 8 15 7 10 20 9 13 7 12 9 13 20 13 15 7 17 3 16 7 14 6 16 12 4 19 6 13 14 8 17 20 16 12 18 14 3 16 16 18 6 15 10 3 19 11 9 12 10 18 7 7 17 11 8 12 3 16 20 9 18 5 6 17 15 18 3 15 4 11 7 12 6 12 4 20 18 15 6 9 18 9 7 18 4 8 10 20 14 6 20 3 5 16 5 9 17 10 7 17 17 5 13 11 19 18 16 19 18 18 13 19 9 18 13 20 12 9 12 20 12 15 3 12 4 14 8 13 7 12 17 5 9 6 15 16 12 16 5 19 19 14 14 8 5 13 20 8 11 9 19 19 9 15 20 16 20 5 9 17 13 10 9 12 10 5 20 10 17 14 9 20 9 18 3 15 4 16 5 15 4 3 9 8 14 15 15 19 14 19 11 16 11 5 17 13 12 7 5 20 10 5 19 15 5 17 6 19 20 4 4 16 10 6 8 17 20 14 18 12 16 19 6 16 13 16 18 17 10 8 4 8 18 18 12 5 3 20 18 9 8 6 16 19 20 3 7 15 3 7 6 15 18 15 8 6 10 18 10 17 4 3 17 19 18 6 15 12 6 9 10 4 7 11 11 7 7 6 5 12 11 16 14 11 3 3 19 20 18 8 8 19 20 15 13 10 10 16 7 17 10 10 3 10 11 11 19 6 8 16 11 8 13 10 4 13 9 15 8 5 14 18 4 19 12 5 7 11 3 13 14 3 12 14 18 4 16 20 10 15 18 6 8 13 9 18 14 17
1 9 2
414 358
1 2 2
249 51
1 12 2
315 191
1 4 2
7 189
1 12 2
423 173
1 8 2
438 210
1 11 2
108 478
1 9 2
365 475
1 10 2
480 433
1 14 2
105 271
1 6 2
480 227
1 14 2
124 140
1 11 2
353 448
1 8 2
154 446
1 14 2
420 323
1 7 2
491 255
1 4 2
103 404
1 14 2
273 191
1 11 2
484 84
1 2 2
214 235
1 14 2
488 375
1 15 2
422 217
1 7 2
377 13
1 10 2
41 150
1 2 2
355 301
1 13 2
278 308
1 7 2
97 16
1 7 2
197 218
1 15 2
34 485
1 8 2
3 266
1 2 2
172 352
1 14 2
196 102
1 3 2
316 178
1 11 2
289 408
1 6 2
233 480
1 7 2
403 280
1 12 2
149 144
1 3 2
376 453
1 11 2
488 282
1 11 2
334 205
1 13 2
137 232
1 8 2
69 490
1 4 2
209 215
1 14 2
240 391
1 10 2
28 93
1 4 2
26 67
1 15 2
119 224
1 11 2
35 434
1 8 2
6 187
1 4 2
353 337
1 14 2
14 288
1 2 2
344 423
1 4 2
287 245
1 3 2
399 483
1 12 2
488 222
1 7 2
414 9
1 13 2
472 333
1 8 2
197 3
1 4 2
5 331
1 11 2
498 469
1 11 2
493 85
1 12 2
477 331
1 9 2
411 158
1 10 2
188 26
1 14 2
424 223
1 9 2
281 94
1 2 2
217 86
1 11 2
84 361
1 13 2
93 102
1 6 2
115 286
1 15 2
89 351
1 5 2
101 351
1 8 2
360 150
1 9 2
233 145
1 15 2
474 283
1 5 2
150 455
1 9 2
383 290
1 14 2
222 190
1 3 2
175 118
1 15 2
16 253
1 14 2
292 473
1 3 2
379 141
1 9 2
331 455
1 15 2
264 262
1 13 2
112 301
1 14 2
180 144
1 2 2
292 338
1 15 2
434 254
1 10 2
261 330
1 8 2
36 15
1 12 2
280 396
1 10 2
264 210
1 13 2
152 380
1 6 2
137 341
1 6 2
181 336
1 4 2
227 245
1 3 2
299 186
1 2 2
350 285
1 14 2
140 222
1 5 2
139 295
1 7 2
221 32
1 2 2
357 14
1 7 2
69 71
1 13 2
394 301
1 5 2
466 190
1 15 2
197 371
1 8 2
456 338
1 2 2
468 126
1 3 2
315 245
1 7 2
140 284
1 15 2
73 311
1 6 2
473 466
1 6 2
388 139
1 6 2
460 280
1 14 2
422 154
1 4 2
108 100
1 15 2
46 67
1 6 2
77 21
1 12 2
394 65
1 3 2
194 391
1 12 2
460 150
1 4 2
286 30
1 4 2
225 351
1 4 2
19 146
1 9 2
65 339
1 12 2
259 221
1 11 2
207 439
1 7 2
23 377
1 9 2
140 12
1 5 2
348 409
1 8 2
187 162
1 3 2
303 64
1 13 2
268 15
1 8 2
378 78
1 8 2
103 486
1 2 2
291 357
1 6 2
191 427
1 7 2
241 317
1 7 2
94 450
1 12 2
395 378
1 3 2
388 399
1 7 2
406 285
1 13 2
435 231
1 4 2
250 235
1 13 2
77 282
1 4 2
494 413
1 2 2
397 163
1 9 2
438 336
1 5 2
164 73
1 15 2
456 472
1 2 2
215 227
1 2 2
258 193
1 14 2
137 398
1 6 2
225 220
1 6 2
470 495
1 14 2
332 292
1 7 2
364 327
1 9 2
425 367
1 2 2
185 499
1 2 2
223 201
1 3 2
448 445
1 13 2
207 277
1 14 2
343 28
1 11 2
219 90
1 15 2
19 471
1 9 2
133 125
1 7 2
189 494
1 3 2
153 218
1 7 2
165 454
1 8 2
422 37
1 11 2
416 42
1 7 2
313 35
1 13 2
168 98
1 7 2
329 493
1 2 2
315 358
1 9 2
236 3
1 3 2
188 130
1 3 2
380 378
1 3 2
80 447
1 9 2
16 432
1 5 2
110 214
1 6 2
295 186
1 13 2
203 404
1 10 2
391 449
1 13 2
496 469
1 11 2
165 99
1 8 2
470 323
1 6 2
256 172
1 11 2
44 395
1 13 2
239 357
1 8 2
56 243
1 3 2
123 340
1 7 2
182 389
1 5 2
389 31
1 9 2
474 188
1 4 2
481 490
1 12 2
199 319
1 3 2
208 228
1 4 2
447 98
1 7 2
471 368
1 14 2
452 296
1 11 2
491 345
1 2 2
169 413
1 15 2
352 13
1 12 2
108 245
1 7 2
467 303
1 11 2
342 321
1 4 2
412 343
1 10 2
313 361
1 10 2
318 161
1 4 2
234 309
1 6 2
200 51
1 7 2
200 145
1 3 2
16 131
1 8 2
447 103
1 8 2
392 84
1 9 2
65 379
1 14 2
162 40
1 4 2
368 186
1 4 2
238 399
1 8 2
343 433
1 13 2
97 246
1 3 2
197 368
1 10 2
373 298
1 5 2
146 3
1 8 2
74 96
1 8 2
395 250
1 4 2
204 242
1 11 2
32 422
1 14 2
359 198
1 15 2
108 367
1 10 2
72 292
1 11 2
58 443
1 12 2
376 185
1 7 2
244 137
1 10 2
29 289
1 11 2
214 171
1 4 2
153 498
1 6 2
435 67
1 8 2
168 342
1 12 2
138 66
1 9 2
184 171
1 9 2
422 279
1 11 2
264 350
1 8 2
399 225
1 13 2
495 426
1 12 2
325 153
1 7 2
12 470
1 11 2
8 215
1 4 2
76 236
1 9 2
316 366
1 4 2
95 470
1 10 2
377 272
1 6 2
48 411
1 7 2
249 458
1 10 2
223 399
1 9 2
246 21
1 8 2
440 426
1 11 2
450 407
1 7 2
491 36
1 13 2
57 207
1 10 2
410 241
1 11 2
451 488
1 4 2
411 105
1 11 2
239 385
1 14 2
344 20
1 9 2
81 265
1 8 2
62 492
1 14 2
435 104
1 12 2
82 142
1 2 2
43 308
1 12 2
92 485
1 6 2
30 153
1 2 2
369 248
1 9 2
5 340
1 6 2
49 218
1 15 2
24 182
1 15 2
55 440
1 14 2
49 225
1 13 2
152 58
1 3 2
127 320
1 11 2
151 222
1 7 2
403 22
1 3 2
191 437
1 5 2
172 465
1 5 2
450 169
1 10 2
213 378
1 7 2
187 33
1 8 2
171 298
1 15 2
321 89
1 7 2
88 387
1 8 2
348 394
1 3 2
202 247
1 2 2
326 93
1 9 2
347 121
1 10 2
148 202
1 11 2
374 310
1 2 2
278 487
1 6 2
430 473
1 8 2
414 63
1 8 2
34 351
1 14 2
78 218
1 15 2
362 2
1 14 2
283 489
1 14 2
291 140
1 12 2
25 292
1 5 2
38 309
1 9 2
73 364
1 2 2
112 216
1 14 2
213 77
1 3 2
354 441
1 6 2
351 316
1 14 2
156 496
1 4 2
124 499
1 9 2
168 149
1 6 2
98 94
1 12 2
243 120
1 12 2
319 402
1 5 2
129 205
1 10 2
59 412
1 12 2
315 234
1 14 2
406 451
1 10 2
237 24
1 2 2
384 419
1 14 2
402 464
1 2 2
219 402
1 3 2
440 302
1 5 2
351 304
1 15 2
244 104
1 15 2
402 192
1 11 2
335 44
1 13 2
467 188
1 9 2
270 271
1 14 2
302 479
1 10 2
301 265
1 12 2
136 317
1 7 2
45 250
1 12 2
243 346
1 10 2
392 5
1 6 2
453 276
1 11 2
437 121
1 10 2
196 166
1 7 2
468 230
1 10 2
300 135
1 5 2
23 287
1 7 2
191 42
1 9 2
309 262
1 9 2
446 281
1 7 2
56 487
1 10 2
399 465
1 3 2
86 24
1 10 2
329 412
1 13 2
263 191
1 10 2
111 245
1 11 2
458 118
1 8 2
443 129
1 12 2
92 461
1 2 2
26 475
1 5 2
258 366
1 3 2
143 150
1 4 2
469 338
1 10 2
247 297
1 15 2
348 463
1 10 2
463 219
1 8 2
55 494
1 9 2
367 425
1 7 2
149 160
1 6 2
148 310
1 10 2
489 427
1 15 2
463 373
1 4 2
332 7
1 5 2
277 396
1 13 2
220 15
1 6 2
122 55
1 7 2
159 151
1 2 2
394 119
1 12 2
299 160
1 2 2
353 19
1 7 2
44 472
1 12 2
288 146
1 14 2
57 197
1 14 2
402 102
1 7 2
388 223
1 9 2
124 215
1 15 2
52 367
1 9 2
362 57
1 9 2
359 467
1 8 2
151 424
1 14 2
190 410
1 8 2
310 293
1 4 2
240 273
1 2 2
163 67
1 13 2
95 112
1 11 2
474 319
1 6 2
255 286
1 10 2
263 334
1 6 2
127 140
1 11 2
101 457
1 2 2
356 180
1 7 2
333 429
1 7 2
68 484
1 4 2
405 432
1 3 2
124 424
1 8 2
15 249
1 10 2
405 201
1 4 2
175 312
1 12 2
155 320
1 4 2
215 381
1 7 2
368 162
1 8 2
425 238
1 6 2
496 322
1 11 2
1 225
1 10 2
165 409
1 10 2
29 475
1 12 2
437 273
1 13 2
384 272
1 11 2
108 10
1 14 2
41 42
1 7 2
122 94
1 3 2
253 62
1 7 2
74 336
1 2 2
14 455
1 13 2
435 196
1 12 2
94 320
1 6 2
374 290
1 4 2
498 80
1 6 2
424 437
1 2 2
366 292
1 4 2
82 21
1 6 2
41 149
1 10 2
121 323
1 11 2
255 140
1 5 2
247 366
1 7 2
337 85
1 8 2
298 27
1 4 2
328 118
1 7 2
417 300
1 3 2
247 494
1 15 2
350 157
1 8 2
287 117
1 14 2
203 106
1 5 2
365 186
1 6 2
321 60
1 10 2
13 346
1 11 2
82 443
1 11 2
64 376
1 14 2
398 202
1 8 2
401 55
1 13 2
227 389
1 5 2
288 347
1 3 2
80 451
1 11 2
465 49
1 15 2
139 72
1 4 2
488 48
1 11 2
238 333
1 15 2
406 494
1 10 2
26 305
1 3 2
416 307
1 9 2
104 365
1 6 2
197 221
1 12 2
189 429
1 3 2
285 222
1 12 2
75 351
1 4 2
355 54
1 13 2
268 12
1 3 2
455 91
1 9 2
258 462
1 4 2
295 179
1 2 2
482 351
1 4 2
380 300
1 10 2
480 118
1 12 2
474 232
1 2 2
136 109
1 2 2
2 447
1 10 2
267 460
1 15 2
231 201
1 4 2
156 303
1 15 2
132 147
1 6 2
333 249
1 2 2
65 458
1 3 2
453 226
1 2 2
299 267
1 3 2
278 488
1 10 2
438 292
1 8 2
377 216
1 10 2
343 419
1 14 2
177 191
1 2 2
324 218
1 3 2
162 240
1 3 2
346 309
1 10 2
231 398
1 3 2
340 166
1 9 2
144 389
1 11 2
391 378
1 4 2
80 499
1 2 2
220 311
1 3 2
21 382
1 13 2
24 169
1 10 2
472 323
1 6 2
202 454
1 6 2
65 115
1 13 2
363 68
1 3 2
89 275
1 3 2
166 90
1 4 2
423 55
1 10 2
433 203
1 5 2
427 433
1 5 2
324 361
1 13 2
470 357
1 2 2
184 344
1 8 2
494 291
1 11 2
207 363
1 14 2
297 215
1 15 2
284 201
1 8 2
343 92
1 13 2
138 486
1 7 2
411 41
1 3 2
245 283
1 15 2
192 146
1 8 2
356 236
1 10 2
61 80
1 2 2
116 330
1 10 2
51 9
1 11 2
490 326
1 4 2
366 375
1 7 2
249 40
1 10 2
193 123
1 12 2
326 384
1 2 2
92 99
1 10 2
427 402
1 12 2
463 392
1 14 2
80 156
1 8 2
3 275
1 8 2
217 392
1 2 2
395 355
1 4 2
10 41
1 3 2
152 218
1 10 2
75 214
1 11 2
295 282
1 13 2
352 81
1 13 2
460 199
1 7 2
175 461
1 15 2
198 322
1 11 2
298 260
1 14 2
236 387
1 2 2
192 140
1 7 2
11 40
1 12 2
214 263
1 15 2
437 384
1 12 2
129 439
1 9 2
491 129
1 5 2
375 471
1 14 2
53 395
1 9 2
495 446
1 3 2
422 389
1 14 2
219 188
1 6 2
203 498
1 15 2
264 128
1 9 2
215 415
1 7 2
15 203
1 8 2
227 367
1 8 2
181 58
1 3 2
422 263
1 11 2
241 365
1 12 2
421 44
1 15 2
325 176
1 7 2
93 67
1 15 2
85 116
1 6 2
332 391
1 7 2
277 16
1 12 2
457 124
1 3 2
387 334
1 2 2
132 487
1 3 2
62 384
1 4 2
44 234
1 7 2
226 444
1 2 2
302 426
1 14 2
138 44
1 12 2
224 458
1 3 2
292 206
1 4 2
53 29
1 6 2
369 181
1 2 2
57 131
1 10 2
478 465
1 10 2
362 233
1 5 2
329 216
1 9 2
208 255
1 9 2
74 301
1 5 2
296 260
1 13 2
312 470
1 14 2
67 388
1 8 2
85 259
1 6 2
258 495
1 8 2
198 443
1 4 2
144 3
1 8 2
470 150
1 8 2
417 183
1 5 2
134 290
1 3 2
234 29
1 4 2
438 153
1 15 2
351 418
1 2 2
395 115
1 4 2
250 188
1 6 2
185 189
1 4 2
330 88
1 2 2
258 396
1 4 2
366 210
1 12 2
417 278
1 12 2
176 19
1 2 2
158 222
1 8 2
413 97
1 14 2
490 127
1 2 2
126 355
1 12 2
484 144
1 8 2
67 492
1 12 2
235 217
1 12 2
464 249
1 9 2
11 157
1 5 2
154 431
1 8 2
383 471
1 10 2
465 461
1 8 2
253 95
1 9 2
180 350
1 5 2
404 119
1 10 2
228 124
1 13 2
356 448
1 6 2
139 78
1 8 2
477 324
1 10 2
299 443
1 4 2
7 60
1 4 2
4 488
1 15 2
231 329
1 10 2
129 270
1 9 2
65 28
1 9 2
274 450
1 2 2
468 304
1 15 2
25 95
1 6 2
375 335
1 14 2
124 310
1 6 2
122 182
1 4 2
260 207
1 5 2
242 10
1 2 2
388 20
1 4 2
136 302
1 3 2
342 324
1 6 2
95 89
1 6 2
37 320
1 7 2
90 302
1 8 2
374 401
1 8 2
424 313
1 6 2
222 424
1 4 2
119 217
1 5 2
325 451
1 13 2
290 459
1 11 2
191 76
1 15 2
322 143
1 10 2
477 249
1 6 2
355 383
1 11 2
280 28
1 2 2
338 29
1 4 2
294 85
1 6 2
105 15
1 11 2
464 74
1 13 2
100 118
1 4 2
293 204
1 12 2
351 58
1 7 2
282 92
1 11 2
47 391
1 3 2
259 494
1 8 2
465 178
1 3 2
97 69
1 3 2
471 322
1 5 2
122 38
1 7 2
125 152
1 7 2
409 397
1 12 2
43 287
1 10 2
318 421
1 12 2
180 465
1 4 2
166 455
1 15 2
93 408
1 14 2
89 329
1 7 2
207 234
1 12 2
489 365
1 7 2
61 276
1 15 2
285 312
1 11 2
495 15
1 5 2
239 386
1 6 2
159 268
1 3 2
426 427
1 7 2
269 295
1 9 2
90 495
1 7 2
397 488
1 4 2
356 36
1 4 2
298 12
1 11 2
71 434
1 4 2
6 59
1 11 2
154 381
1 7 2
440 137
1 9 2
140 341
1 11 2
410 127
1 13 2
295 326
1 7 2
493 474
1 13 2
104 485
1 14 2
126 363
1 6 2
329 159
1 8 2
443 180
1 11 2
343 59
1 7 2
218 255
1 12 2
146 407
1 5 2
79 14
1 13 2
59 29
1 15 2
316 115
1 14 2
343 211
1 14 2
450 465
1 4 2
186 17
1 5 2
91 324
1 13 2
425 44
1 7 2
104 16
1 9 2
336 27
1 8 2
158 444
1 11 2
17 109
1 5 2
314 351
1 12 2
142 188
1 3 2
411 11
1 8 2
235 53
1 14 2
24 70
1 8 2
85 36
1 6 2
367 119
1 15 2
471 358
1 13 2
406 124
1 9 2
83 208
1 6 2
236 48
1 10 2
483 102
1 13 2
258 224
1 9 2
182 44
1 13 2
477 430
1 5 2
441 473
1 10 2
489 429
1 3 2
347 168
1 8 2
359 390
1 7 2
480 474
1 9 2
396 25
1 12 2
132 103
1 2 2
424 69
1 14 2
291 198
1 10 2
168 449
1 8 2
45 442
1 11 2
385 124
1 4 2
129 78
1 7 2
399 24
1 13 2
260 170
1 6 2
228 342
1 9 2
358 56
1 3 2
242 28
1 13 2
110 356
1 7 2
452 272
1 15 2
261 450
1 8 2
154 212
1 6 2
201 401
1 7 2
374 288
1 13 2
284 240
1 4 2
236 215
1 7 2
111 319
1 7 2
176 179
1 2 2
194 470
1 2 2
23 342
1 6 2
70 276
1 5 2
47 352
1 11 2
459 152
1 4 2
319 23
1 7 2
366 173
1 15 2
123 128
1 13 2
198 154
1 13 2
324 330
1 11 2
312 21
1 7 2
169 392
1 7 2
228 116
1 8 2
158 306
1 5 2
75 93
1 10 2
243 104
1 10 2
322 228
1 11 2
180 50
1 5 2
470 250
1 9 2
7 91
1 4 2
121 19
1 12 2
451 86
1 14 2
135 333
1 11 2
386 246
1 13 2
197 229
1 6 2
465 332
1 12 2
387 286
1 13 2
209 174
1 15 2
375 70
1 4 2
362 311
1 5 2
264 128
1 3 2
64 330
1 15 2
308 455
1 2 2
377 440
1 7 2
231 361
1 12 2
166 351
1 2 2
125 229
1 7 2
447 445
1 14 2
215 388
1 11 2
39 243
1 2 2
294 84
1 5 2
140 28
1 8 2
159 8
1 8 2
476 429
1 15 2
238 167
1 11 2
17 487
1 12 2
450 424
1 14 2
136 28
1 5 2
356 42
1 14 2
260 187
1 14 2
256 102
1 10 2
316 314
1 10 2
362 346
1 10 2
257 154
1 7 2
76 261
1 10 2
215 127
1 5 2
26 44
1 4 2
406 137
1 14 2
298 487
1 7 2
432 199
1 3 2
244 377
1 7 2
416 265
1 8 2
25 26
1 4 2
398 263
1 8 2
332 212
1 4 2
141 258
1 10 2
83 259
1 5 2
28 26
1 6 2
32 68
1 6 2
458 122
1 2 2
133 304
1 2 2
333 169
1 13 2
119 386
1 13 2
444 191
1 15 2
461 161
1 11 2
414 227
1 9 2
485 311
1 2 2
386 462
1 10 2
347 406
1 8 2
261 450
1 7 2
128 82
1 7 2
457 25
1 8 2
466 369
1 9 2
306 125
1 13 2
257 212
1 10 2
218 241
1 8 2
223 140
1 3 2
178 423
1 2 2
97 361
1 10 2
321 109
1 2 2
309 447
1 12 2
397 344
1 15 2
3 257
1 4 2
232 401
1 3 2
265 111
1 12 2
106 415
1 13 2
69 285
1 9 2
271 187
1 3 2
44 77
1 2 2
252 406
1 14 2
491 26
1 6 2
362 259
1 14 2
247 133
1 11 2
164 204
1 15 2
240 154
1 13 2
440 143
1 14 2
195 35
1 3 2
362 142
1 7 2
71 286
1 5 2
343 66
1 8 2
48 449
1 5 2
380 445
1 13 2
193 95
1 3 2
168 435
1 6 2
484 288
1 12 2
311 352
1 14 2
116 27
1 7 2
151 347
1 7 2
309 198
1 15 2
318 95
1 14 2
440 284
1 15 2
483 125
1 14 2
6 407
1 8 2
66 45
1 7 2
134 308
1 11 2
250 316
1 6 2
229 271
1 7 2
168 464
1 6 2
6 357
1 7 2
309 125
1 10 2
27 406
1 2 2
410 417
1 7 2
91 413
1 15 2
242 440
1 3 2
57 67
1 13 2
481 306
1 5 2
72 305
1 8 2
474 97
1 15 2
55 418
1 13 2
96 50
1 9 2
297 414
1 10 2
10 266
1 6 2
177 111
1 9 2
176 62
1 12 2
408 419
1 14 2
379 8
1 2 2
320 200
1 9 2
301 304
1 8 2
388 314
1 7 2
104 141
1 11 2
208 412
1 10 2
434 298
1 8 2
260 335
1 4 2
443 101
1 3 2
374 451
1 3 2
19 488
1 11 2
264 306
1 11 2
155 333
1 4 2
46 127
1 10 2
138 216
1 15 2
432 1
1 2 2
144 315
1 4 2
193 360
1 5 2
243 253
1 9 2
498 337
1 11 2
302 33
1 6 2
321 1
1 9 2
101 91
1 13 2
274 358
1 7 2
277 159
1 2 2
59 87
1 10 2
308 417
1 12 2
100 346
1 8 2
364 389
1 2 2
50 15
1 9 2
3 385
1 6 2
393 56
1 14 2
419 24
1 6 2
231 270
1 6 2
434 441
1 10 2
65 431
1 11 2
1 424
1 12 2
415 289
1 15 2
363 145
1 3 2
147 283
1 15 2
205 223
1 11 2
244 429
1 5 2
48 415
1 11 2
491 157
1 3 2
446 205
1 5 2
14 384
1 5 2
407 395
1 12 2
162 108
1 14 2
199 460
1 14 2
261 110
1 10 2
293 18
1 10 2
177 246
1 11 2
173 318
1 12 2
24 62
1 2 2
37 493
1 8 2
346 170
1 8 2
398 309
1 7 2
189 235
1 5 2
113 224
1 7 2
189 207
1 15 2
99 222
1 9 2
275 217
1 12 2
403 198
1 14 2
147 264
1 11 2
204 174
1 9 2
473 32
1 3 2
103 156
1 5 2
49 387
1 10 2
49 19
1 3 2
191 122
1 11 2
257 61
1 5 2
151 288
1 13 2
371 452
1 4 2
466 142
1 14 2
255 103
1 6 2
4 216
1 5 2
377 282
1 4 2
268 195
1 15 2
179 273
1 6 2
80 148
1 15 2
472 19
1 15 2
20 425
1 10 2
121 465
1 4 2
209 155
1 5 2
114 227
1 7 2
212 350
1 10 2
34 365
1 6 2
497 405
1 11 2
84 284
1 8 2
320 443
1 6 2
156 155
1 4 2
247 219
1 11 2
58 363
1 12 2
113 230
1 14 2
419 53
1 13 2
264 175
1 2 2
4 40
1 14 2
472 217
1 12 2
345 59
1 6 2
230 170
1 3 2
260 316
1 9 2
61 229
1 7 2
130 353
1 8 2
109 289
1 9 2
31 389
1 2 2
352 253
1 5 2
287 296
1 11 2
396 491
1 15 2
422 17
1 2 2
173 445
1 9 2
253 70
1 2 2
39 145
1 5 2
155 383
1 7 2
386 71
1 14 2
313 415
1 8 2
311 253
1 14 2
112 179
1 9 2
118 269
1 5 2
303 168
1 6 2
208 450
1 5 2
285 237
1 9 2
230 294
1 5 2
88 56
1 5 2
36 201
1 11 2
232 67
1 12 2
138 17
1 9 2
496 292
1 6 2
320 315
1 9 2
471 400
1 8 2
120 457
1 3 2
101 483
1 15 2
127 484
1 10 2
307 230
1 11 2
91 192
1 15 2
423 342
1 3 2
194 237
1 3 2
129 304
1 8 2
471 478
1 12 2
86 330
1 3 2
60 183
1 3 2
177 419
1 4 2
485 251
1 14 2
313 125
1 15 2
147 130
1 6 2
32 107
1 5 2
495 138
1 9 2
175 136
1 4 2
333 199
1 9 2
282 381
1 9 2
212 322
1 2 2
205 407
1 5 2
317 443
1 12 2
111 401
1 4 2
313 96
1 4 2
15 206
1 13 2
349 94
1 11 2
298 215
1 2 2
406 347
1 15 2
355 360
1 8 2
136 244
1 12 2
162 134
1 15 2
179 386
1 11 2
414 406
1 9 2
155 402
1 14 2
338 209
1 8 2
31 347
1 4 2
475 355
1 14 2
386 43
1 5 2
425 129
1 4 2
342 84
1 5 2
466 425
1 4 2
222 0
1 12 2
159 314
1 15 2
153 42
1 15 2
361 261
1 9 2
367 378
1 13 2
370 171
1 10 2
87 335
1 4 2
16 278
1 12 2
290 359
1 2 2
44 423
1 7 2
65 3
1 13 2
70 101
1 15 2
172 489
1 9 2
203 476
1 15 2
385 172
1 13 2
28 53
1 6 2
101 333
1 8 2
208 459
1 15 2
411 308
1 15 2
393 11
1 7 2
56 75
1 9 2
43 71
1 2 2
352 154
1 9 2
381 100
1 4 2
430 275
1 3 2
290 85
1 3 2
47 6
1 13 2
6 367
1 6 2
170 450
1 11 2
161 489
1 7 2
112 481
1 11 2
327 38
1 5 2
133 224
1 4 2
94 468
1 14 2
258 444
1 9 2
172 374
1 3 2
133 421
1 4 2
98 282
1 12 2
106 231
1 4 2
183 241
1 6 2
36 302
1 10 2
12 229
1 6 2
420 270
1 10 2
166 482
1 10 2
136 148
1 6 2
481 146
1 10 2
207 254
1 4 2
427 358
1 3 2
348 407
1 5 2
365 206
1 4 2
483 392
1 6 2
157 245
1 9 2
65 252
1 7 2
305 336
1 11 2
410 167
1 11 2
470 295
1 6 2
329 440
1 10 2
310 462
1 6 2
450 362
1 7 2
324 85
1 13 2
41 223
1 5 2
238 462
1 4 2
350 318
1 11 2
101 16
1 7 2
396 381
1 15 2
73 251
1 13 2
278 245
1 14 2
338 35
1 7 2
342 359
1 7 2
342 281
1 5 2
451 365
1 14 2
199 259
1 4 2
316 443
1 3 2
329 27
1 10 2
43 468
1 14 2
343 84
1 15 2
355 275
1 5 2
437 106
1 15 2
471 433
1 10 2
321 226
1 5 2
297 459
1 11 2
172 176
1 4 2
32 470
1 9 2
158 298
1 8 2
468 241
1 15 2
340 381
1 9 2
413 488
1 10 2
332 488
1 6 2
308 276
1 10 2
318 21
1 11 2
291 312
1 15 2
64 224
1 14 2
334 441
1 14 2
0 454
1 14 2
228 409
1 4 2
243 323
1 5 2
376 399
1 14 2
362 333
1 5 2
146 443
1 9 2
42 417
1 15 2
215 2
1 3 2
284 490
1 4 2
277 19
1 15 2
77 447
1 12 2
202 120
1 7 2
370 223
1 14 2
187 88
1 9 2
332 71
1 5 2
461 339
1 9 2
97 182
1 2 2
148 71
1 6 2
348 233
1 7 2
316 364
1 7 2
236 168
1 7 2
194 147
1 6 2
416 177
1 3 2
449 189
1 5 2
335 6
1 4 2
199 357
1 15 2
46 254
1 6 2
365 256
1 12 2
33 47
1 10 2
359 92
1 10 2
16 198
1 14 2
390 327
1 13 2
144 164
1 12 2
1 12
1 6 2
134 21
1 2 2
231 249
1 3 2
419 483
1 3 2
117 140
1 6 2
342 341
1 10 2
52 432
1 13 2
296 447
1 6 2
86 147
1 12 2
146 459
1 10 2
131 52
1 2 2
390 125
1 14 2
241 332
1 7 2
442 97
1 11 2
407 231
1 5 2
344 258
1 10 2
194 361
1 4 2
246 285
1 2 2
212 235
1 8 2
98 438
1 6 2
262 281
1 6 2
438 192
1 5 2
262 104
1 14 2
404 169
1 2 2
158 79
1 2 2
229 108
1 4 2
359 408
1 2 2
137 448
1 6 2
471 267
1 11 2
428 179
1 2 2
23 175
1 4 2
136 365
1 12 2
46 60
1 2 2
343 438
1 10 2
326 32
1 7 2
252 29
1 7 2
365 70
1 15 2
137 251
1 4 2
188 429
1 6 2
50 292
1 8 2
451 463
1 13 2
345 40
1 5 2
179 430
1 15 2
8 268
1 9 2
311 369
1 6 2
287 375
1 8 2
128 434
1 14 2
126 493
1 8 2
481 273
1 12 2
178 397
1 9 2
440 487
1 11 2
224 342
1 12 2
224 478
1 15 2
416 70
1 10 2
203 171
1 5 2
41 44
1 5 2
118 79
1 15 2
233 120
1 7 2
443 154
1 12 2
240 69
1 10 2
441 319
1 12 2
112 302
1 5 2
196 183
1 15 2
332 214
1 14 2
468 397
1 10 2
378 285
1 8 2
13 291
1 3 2
428 391
1 5 2
471 131
1 4 2
31 210
1 5 2
199 451
1 15 2
67 276
1 10 2
78 438
1 10 2
431 389
1 8 2
145 148
1 3 2
97 152
1 11 2
401 435
1 5 2
473 356
1 7 2
53 4
1 5 2
381 385
1 3 2
59 269
1 3 2
459 219
1 6 2
303 327
1 9 2
494 374
1 3 2
263 468
1 11 2
72 164
1 10 2
245 248
1 15 2
93 172
1 6 2
375 72
1 6 2
20 467
1 12 2
126 446
1 5 2
90 264
1 10 2
377 346
1 5 2
417 7
1 14 2
408 233
1 3 2
329 96
1 11 2
309 289
1 2 2
6 458
1 2 2
445 428
1 7 2
215 212
1 7 2
407 156
1 7 2
398 211
1 7 2
246 123
1 15 2
250 186
1 2 2
40 348
1 5 2
223 398
1 8 2
315 222
1 3 2
418 189
1 5 2
55 249
1 5 2
258 150
1 10 2
358 272
1 7 2
485 100
1 8 2
81 380
1 11 2
305 463
1 14 2
85 439
1 7 2
33 306
1 3 2
0 211
1 3 2
406 67
1 2 2
251 25
1 9 2
478 220
1 4 2
276 366
1 11 2
291 72
1 9 2
213 216
1 5 2
215 466
1 8 2
123 17
1 10 2
440 377
1 4 2
371 146
1 4 2
0 315
1 3 2
191 82
1 4 2
438 129
1 5 2
250 153
1 4 2
84 354
1 7 2
494 214
1 10 2
76 324
1 6 2
124 479
1 14 2
156 498
1 13 2
196 252
1 4 2
337 188
1 8 2
213 338
1 7 2
244 455
1 12 2
175 257
1 5 2
346 394
1 14 2
130 468
1 10 2
160 268
1 7 2
201 415
1 2 2
196 480
1 12 2
274 491
1 5 2
494 304
1 2 2
241 211
1 6 2
84 445
1 12 2
155 323
1 6 2
327 427
1 5 2
330 479
1 8 2
431 114
1 10 2
91 71
1 13 2
321 316
1 6 2
16 57
1 4 2
234 206
1 3 2
194 475
1 4 2
242 258
1 9 2
247 69
1 9 2
480 496
1 2 2
393 290
1 5 2
81 170
1 3 2
116 398
1 11 2
42 243
1 4 2
153 449
1 9 2
56 429
1 14 2
17 129
1 2 2
93 348
1 2 2
240 214
1 6 2
442 336
1 15 2
166 445
1 15 2
388 314
1 3 2
305 10
1 15 2
19 419
1 2 2
149 387
1 2 2
422 296
1 14 2
84 306
1 10 2
394 8
1 9 2
61 418
1 8 2
48 494
1 15 2
28 381
1 14 2
198 324
1 12 2
214 324
1 4 2
219 348
1 9 2
427 86
1 13 2
13 164
1 4 2
322 215
1 11 2
87 419
1 8 2
120 195
1 12 2
460 265
1 6 2
364 113
1 4 2
318 385
1 10 2
271 197
1 3 2
275 178
1 4 2
366 58
1 2 2
316 21
1 4 2
211 264
1 9 2
133 98
1 6 2
68 482
1 15 2
406 342
1 15 2
443 375
1 10 2
7 160
1 13 2
329 301
1 13 2
374 90
1 8 2
83 4
1 2 2
325 193
1 11 2
498 496
1 6 2
304 320
1 14 2
417 485
1 14 2
231 418
1 13 2
403 185
1 9 2
468 150
1 8 2
482 274
1 10 2
97 391
1 9 2
192 456
1 15 2
440 438
1 5 2
61 434
1 15 2
145 82
1 2 2
167 310
1 7 2
315 43
1 2 2
196 376
1 7 2
238 440
1 8 2
8 278
1 12 2
347 402
1 3 2
17 441
1 13 2
14 466
1 8 2
327 87
1 14 2
80 49
1 6 2
273 27
1 10 2
322 374
1 2 2
311 222
1 4 2
294 361
1 14 2
120 269
1 13 2
59 180
1 11 2
37 455
1 13 2
89 175
1 4 2
237 374
1 3 2
278 273
1 11 2
319 233
1 13 2
466 150
1 3 2
378 46
1 10 2
129 241
1 5 2
200 389
1 15 2
389 170
1 8 2
154 46
1 4 2
102 164
1 13 2
59 92
1 11 2
32 168
1 6 2
20 444
1 14 2
217 497
1 2 2
475 219
1 9 2
468 308
1 2 2
326 385
1 3 2
228 498
1 12 2
204 224
1 4 2
123 399
1 13 2
286 236
1 6 2
452 110
1 13 2
194 420
1 12 2
330 272
1 9 2
488 166
1 9 2
112 212
1 3 2
283 59
1 12 2
229 49
1 4 2
468 372
1 10 2
403 168
1 2 2
326 297
1 4 2
138 207
1 12 2
461 230
1 8 2
463 377
1 13 2
284 28
1 15 2
261 415
1 4 2
61 163
1 14 2
161 317
1 6 2
58 306
1 9 2
182 148
1 6 2
81 378
1 10 2
269 108
1 6 2
90 52
1 9 2
405 92
1 14 2
97 221
1 10 2
155 366
1 13 2
430 247
1 6 2
350 241
1 14 2
235 37
1 7 2
366 368
1 10 2
91 388
1 10 2
27 452
1 9 2
243 38
1 8 2
434 196
1 11 2
309 353
1 7 2
302 267
1 6 2
100 36
1 2 2
135 274
1 12 2
234 3
1 12 2
124 190
1 3 2
47 499
1 14 2
170 492
1 14 2
368 137
1 10 2
388 86
1 7 2
319 83
1 13 2
383 352
1 6 2
140 496
1 5 2
373 91
1 5 2
398 382
1 6 2
135 121
1 12 2
40 239
1 9 2
133 382
1 8 2
13 477
1 15 2
190 328
1 7 2
249 132
1 15 2
307 253
1 10 2
69 95
1 13 2
446 357
1 9 2
260 479
1 8 2
226 345
1 6 2
156 415
1 13 2
143 97
1 13 2
342 192
1 3 2
364 36
1 4 2
150 96
1 8 2
262 193
1 6 2
60 226
1 4 2
257 99
1 4 2
143 390
1 9 2
164 347
1 15 2
359 374
1 3 2
143 496
1 2 2
350 369
1 3 2
140 28
1 7 2
129 244
1 2 2
338 308
1 4 2
303 201
1 7 2
383 250
1 9 2
408 468
1 6 2
116 362
1 3 2
209 300
1 12 2
30 395
1 13 2
25 399
1 9 2
429 114
1 15 2
181 225
1 11 2
208 163
1 14 2
356 27
1 11 2
383 220
1 10 2
411 225
1 7 2
132 483
1 8 2
261 393
1 2 2
352 450
1 8 2
7 168
1 5 2
24 44
1 7 2
222 87
1 10 2
399 103
1 6 2
65 421
1 7 2
234 132
1 7 2
95 19
1 3 2
420 323
1 10 2
60 480
1 13 2
491 324
1 10 2
158 428
1 2 2
264 252
1 12 2
288 256
1 13 2
51 174
1 10 2
179 106
1 8 2
246 102
1 8 2
463 293
1 2 2
377 252
1 15 2
142 225
1 14 2
322 459
1 6 2
491 49
1 14 2
74 141
1 8 2
236 365
1 14 2
481 185
1 10 2
127 98
1 2 2
152 94
1 12 2
39 395
1 7 2
36 10
1 9 2
382 83
1 4 2
335 108
1 12 2
468 92
1 4 2
175 56
1 11 2
444 39
1 9 2
414 73
1 15 2
112 257
1 12 2
361 290
1 3 2
389 192
1 2 2
78 33
1 9 2
59 395
1 4 2
106 20
1 13 2
78 65
1 15 2
376 88
1 6 2
192 428
1 2 2
406 346
1 5 2
368 57
1 11 2
141 59
1 2 2
258 429
1 12 2
11 83
1 12 2
30 115
1 14 2
427 295
1 11 2
451 417
1 13 2
323 11
1 6 2
168 94
1 5 2
283 469
1 10 2
89 234
1 2 2
79 338
1 8 2
212 389
1 11 2
93 89
1 15 2
139 219
1 2 2
143 82
1 3 2
193 495
1 14 2
136 99
1 12 2
213 171
1 3 2
442 323
1 10 2
197 167
1 4 2
224 382
1 14 2
355 431
1 10 2
333 6
1 9 2
41 79
1 11 2
7 69
1 6 2
150 387
1 13 2
134 386
1 15 2
229 447
1 7 2
147 154
1 6 2
201 313
1 4 2
489 148
1 12 2
159 221
1 15 2
54 433
1 7 2
354 126
1 2 2
477 248
1 6 2
14 367
1 14 2
7 240
1 4 2
227 53
1 13 2
149 139
1 2 2
199 350
1 8 2
260 487
1 6 2
276 350
1 3 2
434 171
1 6 2
17 286
1 5 2
227 205
1 9 2
375 370
1 13 2
285 117
1 8 2
435 142
1 4 2
438 260
1 10 2
180 115
1 3 2
72 398
1 7 2
65 494
1 14 2
428 419
1 6 2
456 269
1 15 2
14 433
1 7 2
448 195
1 7 2
336 440
1 8 2
386 211
1 5 2
319 184
1 7 2
77 71
1 4 2
106 333
1 2 2
188 16
1 5 2
375 425
1 11 2
76 438
1 12 2
88 17
1 12 2
245 304
1 8 2
230 290
1 12 2
198 306
1 3 2
211 8
1 8 2
465 170
1 3 2
119 39
1 14 2
93 333
1 6 2
95 307
1 6 2
135 282
1 4 2
483 432
1 2 2
439 327
1 6 2
472 277
1 6 2
483 190
1 10 2
23 274
1 11 2
264 16
1 13 2
48 39
1 3 2
495 2
1 5 2
481 310
1 2 2
205 105
1 9 2
40 202
1 2 2
68 144
1 6 2
32 320
1 10 2
389 290
1 7 2
192 114
1 4 2
223 126
1 3 2
179 41
1 13 2
178 69
1 14 2
15 125
1 15 2
417 200
1 5 2
205 240
1 9 2
403 443
1 5 2
232 447
1 7 2
168 188
1 2 2
295 395
1 3 2
332 97
1 14 2
481 298
1 3 2
436 87
1 2 2
327 311
1 11 2
169 136
1 10 2
421 477
1 13 2
446 321
1 12 2
114 311
1 8 2
32 425
1 7 2
476 153
1 4 2
80 128
1 12 2
395 249
1 10 2
71 21
1 7 2
350 442
1 11 2
283 222
1 5 2
274 35
1 2 2
174 63
1 9 2
321 493
1 15 2
102 284
1 9 2
273 299
1 7 2
463 240
1 4 2
103 328
1 4 2
405 298
1 15 2
29 151
1 12 2
473 288
1 6 2
110 390
1 11 2
239 485
1 5 2
358 113
1 12 2
76 372
1 8 2
32 73
1 7 2
95 65
1 9 2
70 211
1 10 2
91 305
1 5 2
167 93
1 2 2
9 178
1 11 2
184 324
1 7 2
177 146
1 11 2
55 430
1 15 2
186 408
1 3 2
168 100
1 6 2
396 231
1 14 2
196 354
1 15 2
117 311
1 12 2
396 439
1 4 2
123 312
1 13 2
124 495
1 3 2
180 94
1 10 2
3 143
1 4 2
360 42
1 9 2
27 48
1 3 2
257 461
1 3 2
77 0
1 10 2
187 468
1 6 2
413 66
1 14 2
340 485
1 6 2
235 245
1 14 2
275 425
1 7 2
404 232
1 5 2
63 379
1 4 2
164 116
1 5 2
148 384
1 9 2
59 484
1 11 2
375 326
1 2 2
326 109
1 15 2
53 293
1 15 2
443 485
1 13 2
394 304
1 5 2
498 303
1 3 2
485 397
1 8 2
397 4
1 13 2
348 17
1 11 2
179 86
1 5 2
468 426
1 3 2
234 261
1 8 2
259 289
1 11 2
416 302
1 11 2
264 277
1 3 2
454 158
1 7 2
59 229
1 7 2
109 94
1 4 2
409 399
1 13 2
446 77
1 6 2
351 87
1 11 2
193 351
1 12 2
305 220
1 2 2
257 213
1 7 2
351 419
1 13 2
457 76
1 5 2
222 31
1 10 2
362 415
1 15 2
273 372
1 14 2
430 382
1 6 2
236 322
1 5 2
13 408
1 10 2
499 136
1 9 2
406 179
1 4 2
395 74
1 5 2
275 448
1 4 2
447 315
1 3 2
276 31
1 4 2
76 166
1 12 2
225 425
1 9 2
475 340
1 9 2
246 484
1 11 2
261 332
1 3 2
386 234
1 15 2
47 386
1 15 2
211 323
1 8 2
448 326
1 8 2
156 406
1 13 2
352 40
1 11 2
159 285
1 14 2
344 13
1 11 2
260 242
1 13 2
358 18
1 15 2
252 318
1 15 2
485 499
1 13 2
479 178
1 15 2
0 343
1 5 2
377 429
1 8 2
43 328
1 3 2
135 306
1 10 2
37 431
1 10 2
84 188
1 13 2
80 267
1 7 2
312 355
1 12 2
421 349
1 13 2
256 459
1 6 2
273 179
1 3 2
447 206
1 9 2
371 268
1 8 2
355 470
1 8 2
421 170
1 8 2
170 208
1 4 2
77 205
1 14 2
334 24
1 9 2
232 79
1 12 2
19 291
1 10 2
385 381
1 4 2
442 334
1 5 2
374 170
1 8 2
399 18
1 2 2
21 90
1 10 2
272 102
1 15 2
213 342
1 12 2
198 475
1 3 2
186 304
1 14 2
38 138
1 9 2
54 332
1 4 2
383 367
1 10 2
356 432
1 2 2
251 488
1 13 2
204 351
1 6 2
369 15
1 7 2
38 234
1 8 2
71 315
1 14 2
226 323
1 4 2
173 453
1 5 2
314 373
1 7 2
76 372
1 11 2
159 321
1 12 2
493 460
1 15 2
234 217
1 2 2
127 131
1 5 2
380 479
1 9 2
326 146
1 15 2
228 384
1 3 2
215 135
1 5 2
55 458
1 9 2
455 297
1 11 2
336 297
1 3 2
379 255
1 3 2
335 278
1 2 2
427 282
1 11 2
46 288
1 11 2
175 254
1 12 2
318 228
1 15 2
298 299
1 13 2
207 113
1 15 2
279 101
1 10 2
112 317
1 13 2
33 280
1 8 2
379 11
1 6 2
326 430
1 12 2
105 72
1 2 2
225 492
1 6 2
41 487
1 15 2
224 309
1 5 2
315 451
1 7 2
95 289
1 7 2
170 309
1 9 2
497 392
1 4 2
353 160
1 10 2
61 122
1 15 2
421 2
1 13 2
392 494
1 9 2
261 221
1 13 2
99 244
1 14 2
357 208
1 15 2
396 92
1 9 2
138 11
1 8 2
332 32
1 6 2
437 111
1 12 2
237 308
1 5 2
136 462
1 5 2
475 237
1 3 2
123 195
1 15 2
418 470
1 9 2
75 46
1 6 2
305 196
1 8 2
353 122
1 13 2
464 209
1 2 2
315 140
1 7 2
114 482
1 8 2
107 194
1 11 2
314 82
1 5 2
67 355
1 9 2
155 44
1 15 2
246 494
1 4 2
343 103
1 13 2
456 179
1 3 2
254 54
1 8 2
450 421
1 6 2
478 121
1 2 2
357 275
1 15 2
193 360
1 4 2
412 62
1 14 2
64 451
1 3 2
315 92
1 6 2
51 388
1 3 2
406 319
1 9 2
381 151
1 10 2
71 252
1 15 2
78 248
1 6 2
463 14
1 12 2
301 360
1 3 2
454 122
1 9 2
383 268
1 3 2
463 352
1 14 2
206 54
1 7 2
465 394
1 2 2
407 73
1 4 2
47 406
1 3 2
56 357
1 11 2
180 38
1 13 2
8 102
1 5 2
290 415
1 6 2
338 49
1 5 2
423 25
1 6 2
276 354
1 4 2
23 130
1 15 2
388 332
1 15 2
190 279
1 14 2
146 132
1 10 2
137 233
1 15 2
449 123
1 15 2
398 450
1 8 2
300 155
1 4 2
109 490
1 3 2
214 413
1 13 2
318 400
1 2 2
4 109
1 9 2
200 379
1 4 2
39 24
1 4 2
452 38
1 10 2
319 57
1 8 2
128 357
1 3 2
258 95
1 2 2
67 433
1 10 2
211 446
1 14 2
12 9
1 15 2
407 74
1 14 2
163 113
1 15 2
404 218
1 4 2
36 188
1 10 2
499 104
1 2 2
298 282
1 6 2
296 282
1 14 2
224 121
1 15 2
429 208
1 9 2
78 424
1 8 2
105 152
1 13 2
251 155
1 5 2
414 450
1 2 2
107 441
1 11 2
119 77
1 14 2
433 159
1 12 2
49 155
1 11 2
345 65
1 14 2
140 399
1 9 2
88 249
1 3 2
372 394
1 6 2
439 271
1 14 2
112 418
1 6 2
89 87
1 6 2
52 437
1 4 2
199 62
1 15 2
212 352
1 3 2
82 147
1 10 2
333 360
1 6 2
320 497
1 9 2
74 218
1 10 2
136 215
1 3 2
196 32
1 8 2
164 456
1 2 2
1 206
1 14 2
88 111
1 3 2
29 165
1 13 2
131 474
1 15 2
348 103
1 8 2
214 317
1 15 2
424 277
1 6 2
295 178
1 8 2
450 498
1 7 2
169 160
1 14 2
46 250
1 14 2
116 192
1 6 2
125 202
1 3 2
325 108
1 9 2
90 287
1 10 2
142 73
1 6 2
274 228
1 6 2
340 210
1 6 2
263 460
1 5 2
417 482
1 12 2
441 291
1 10 2
25 342
1 15 2
399 365
1 13 2
401 303
1 8 2
285 410
1 14 2
121 66
1 2 2
101 26
1 13 2
88 335
1 11 2
108 2
1 10 2
397 312
1 3 2
346 468
1 12 2
446 275
1 12 2
270 210
1 4 2
24 186
1 4 2
34 79
1 5 2
14 233
1 11 2
66 109
1 8 2
277 349
1 6 2
303 118
1 8 2
261 173
1 5 2
232 155
1 6 2
116 232
1 8 2
423 128
1 5 2
465 151
1 11 2
177 327
1 14 2
334 481
1 12 2
250 239
1 14 2
317 72
1 6 2
35 268
1 4 2
399 493
1 10 2
125 227
1 8 2
209 476
1 13 2
7 420
1 8 2
399 70
1 5 2
96 273
1 3 2
103 416
1 14 2
485 298
1 15 2
167 4
1 15 2
108 448
1 2 2
298 173
1 15 2
321 301
1 15 2
321 266
1 14 2
251 173
1 15 2
12 375
1 5 2
358 249
1 6 2
297 27
1 9 2
216 316
1 8 2
55 26
1 7 2
374 100
1 12 2
110 328
1 5 2
134 274
1 4 2
397 22
1 7 2
342 35
1 15 2
65 460
1 3 2
404 381
1 12 2
148 194
1 8 2
239 470
1 6 2
280 111
1 5 2
250 373
1 9 2
365 395
1 10 2
102 267
1 14 2
323 68
1 2 2
5 235
1 7 2
363 162
1 9 2
373 288
1 2 2
497 373
1 15 2
376 404
1 12 2
172 218
1 11 2
211 10
1 12 2
311 146
1 3 2
172 67
1 7 2
238 91
1 5 2
216 492
1 13 2
417 480
1 13 2
390 283
1 7 2
28 271
1 2 2
165 287
1 7 2
151 458
1 11 2
480 392
1 4 2
284 212
1 12 2
63 398
1 8 2
344 450
1 3 2
238 293
1 8 2
30 72
1 6 2
346 9
1 8 2
482 89
1 15 2
403 478
1 15 2
325 339
1 14 2
258 218
1 5 2
60 196
1 9 2
154 305
1 8 2
311 328
1 2 2
23 355
1 3 2
35 219
1 10 2
470 269
1 12 2
88 357
1 3 2
496 268
1 9 2
199 0
1 4 2
314 151
1 7 2
68 207
1 15 2
444 27
1 6 2
128 320
1 9 2
334 356
1 7 2
430 458
1 7 2
388 177
1 10 2
173 106
1 7 2
133 373
1 15 2
218 200
1 7 2
311 128
1 6 2
118 395
1 9 2
48 460
1 10 2
2 222
1 12 2
258 165
1 4 2
122 482
1 5 2
337 246
1 4 2
439 7
1 2 2
422 131
1 5 2
338 288
1 5 2
458 10
1 9 2
86 373
1 4 2
477 83
1 12 2
224 148
1 8 2
54 97
1 9 2
83 320
1 2 2
4 173
1 6 2
357 453
1 10 2
66 236
1 2 2
150 313
1 13 2
243 236
1 7 2
392 404
1 7 2
44 146
1 5 2
33 108
1 15 2
437 337
1 12 2
347 3
1 5 2
44 360
1 11 2
389 341
1 10 2
190 176
1 12 2
253 203
1 10 2
330 43
1 8 2
458 188
1 12 2
178 291
1 13 2
296 55
1 13 2
317 271
1 11 2
191 485
1 6 2
127 258
1 2 2
229 190
1 4 2
320 158
1 11 2
416 133
1 13 2
34 24
1 8 2
190 21
1 9 2
366 285
1 2 2
43 233
1 6 2
471 311
1 7 2
28 98
1 3 2
143 464
1 15 2
223 90
1 5 2
67 62
1 8 2
386 238
1 14 2
467 474
1 7 2
121 246
1 3 2
425 127
1 15 2
256 2
1 2 2
411 442
1 11 2
113 139
1 3 2
394 220
1 14 2
28 327
1 5 2
324 171
1 6 2
100 89
1 13 2
273 94
1 7 2
474 473
1 10 2
353 253
1 15 2
263 93
1 15 2
224 448
1 5 2
85 58
1 11 2
290 362
1 2 2
196 125
1 9 2
418 486
1 6 2
164 366
1 10 2
34 172
1 8 2
279 153
1 4 2
170 124
1 6 2
240 246
1 8 2
248 254
1 12 2
395 145
1 12 2
16 231
1 9 2
404 309
1 9 2
420 204
1 9 2
123 201
1 11 2
246 397
1 2 2
114 15
1 9 2
333 99
1 15 2
321 205
1 8 2
474 303
1 15 2
463 151
1 15 2
83 374
1 9 2
31 323
1 11 2
77 277
1 14 2
159 303
1 3 2
256 404
1 14 2
164 153
1 9 2
63 455
1 13 2
447 390
1 4 2
285 291
1 8 2
438 290
1 5 2
76 275
1 7 2
177 458
1 6 2
229 464
1 6 2
82 342
1 8 2
411 382
1 10 2
304 265
1 10 2
377 265
1 13 2
491 70
1 6 2
131 258
1 11 2
67 147
1 10 2
68 382
1 4 2
60 388
1 7 2
89 197
1 15 2
294 32
1 3 2
260 396
1 14 2
383 157
1 7 2
417 229
1 2 2
187 234
1 3 2
316 388
1 9 2
374 112
1 4 2
172 170
1 14 2
311 252
1 12 2
338 426
1 12 2
259 476
1 11 2
62 493
1 8 2
164 71
1 11 2
43 216
1 3 2
285 356
1 2 2
234 189
1 9 2
299 456
1 5 2
130 82
1 13 2
73 13
1 9 2
176 202
1 6 2
143 313
1 2 2
97 79
1 12 2
308 381
1 4 2
10 357
1 13 2
380 413
1 6 2
395 445
1 4 2
253 450
1 2 2
151 33
1 8 2
288 45
1 8 2
253 325
1 12 2
126 30
1 13 2
420 11
1 9 2
82 256
1 4 2
455 51
1 15 2
152 414
1 9 2
99 382
1 5 2
489 64
1 2 2
457 311
1 5 2
475 38
1 13 2
392 64
1 12 2
355 132
1 9 2
0 333
1 7 2
498 299
1 3 2
432 458
1 12 2
162 140
1 9 2
277 333
1 2 2
55 77
1 15 2
212 354
1 12 2
217 132
1 3 2
312 370
1 14 2
115 370
1 14 2
449 152
1 10 2
119 224
1 5 2
263 362
1 14 2
423 457
1 3 2
138 146
1 5 2
437 389
1 11 2
229 82
1 7 2
376 465
1 7 2
339 341
1 11 2
203 63
1 14 2
305 29
1 9 2
17 182
1 4 2
351 224
1 6 2
410 313
1 14 2
309 231
1 4 2
225 337
1 7 2
268 162
1 14 2
446 19
1 2 2
62 43
1 13 2
135 192
1 15 2
166 495
1 3 2
212 331
1 5 2
314 64
1 14 2
437 61
1 6 2
264 490
1 12 2
473 488
1 4 2
39 93
1 4 2
244 125
1 12 2
370 413
1 3 2
452 363
1 15 2
7 106
1 13 2
495 105
1 2 2
335 444
1 3 2
389 44
1 6 2
238 59
1 14 2
173 364
1 14 2
97 75
1 11 2
189 155
1 14 2
293 116
1 14 2
149 299
1 12 2
271 57
1 11 2
446 62
1 9 2
186 367
1 15 2
443 319
1 4 2
308 391
1 15 2
353 420
1 12 2
66 440
1 12 2
355 119
1 2 2
423 448
1 11 2
53 452
1 14 2
379 443
1 2 2
27 191
1 7 2
171 38
1 7 2
363 211
1 12 2
137 372
1 4 2
162 54
1 3 2
183 358
1 4 2
233 419
1 6 2
136 126
1 12 2
123 61
1 14 2
482 242
1 12 2
81 224
1 5 2
25 466
1 13 2
146 300
1 5 2
433 398
1 10 2
45 116
1 3 2
314 457
1 3 2
77 252
1 4 2
109 371
1 14 2
120 454
1 11 2
414 45
1 10 2
45 86
1 15 2
271 354
1 3 2
172 81
1 13 2
229 429
1 2 2
234 74
1 14 2
91 45
1 12 2
338 285
1 3 2
258 130
1 9 2
176 352
1 15 2
362 497
1 15 2
406 464
1 6 2
287 336
1 12 2
126 101
1 2 2
126 239
1 10 2
41 462
1 15 2
225 454
1 13 2
451 68
1 11 2
495 310
1 10 2
236 57
1 3 2
214 2
1 9 2
484 104
1 14 2
116 400
1 3 2
214 357
1 2 2
410 461
1 8 2
35 256
1 6 2
108 206
1 4 2
333 446
1 13 2
238 110
1 3 2
243 44
1 9 2
79 216
1 12 2
129 263
1 11 2
355 372
1 15 2
397 277
1 14 2
212 402
1 9 2
28 237
1 10 2
29 197
1 10 2
305 33
1 6 2
16 0
1 11 2
295 335
1 15 2
143 309
1 15 2
293 17
1 15 2
485 219
1 7 2
17 183
1 13 2
135 277
1 9 2
55 464
1 4 2
320 23
1 10 2
403 41
1 14 2
74 364
1 7 2
59 222
1 9 2
369 188
1 2 2
290 41
1 8 2
475 36
1 4 2
79 333
1 10 2
269 477
1 10 2
205 136
1 9 2
437 115
1 4 2
44 265
1 15 2
108 378
1 15 2
155 426
1 2 2
419 33
1 6 2
404 130
1 13 2
80 135
1 5 2
240 198
1 13 2
131 110
1 7 2
145 29
1 2 2
122 191
1 14 2
280 486
1 11 2
76 291
1 8 2
397 416
1 9 2
49 315
1 4 2
393 52
1 2 2
361 383
1 10 2
110 494
1 9 2
146 142
1 3 2
415 309
1 2 2
80 3
1 2 2
396 487
1 2 2
48 179
1 8 2
456 59
1 15 2
314 254
1 3 2
175 144
1 14 2
410 293
1 4 2
230 140
1 7 2
464 432
1 14 2
74 470
1 9 2
458 187
1 3 2
220 102
1 9 2
174 348
1 10 2
110 320
1 14 2
178 97
1 2 2
251 286
1 9 2
453 430
1 12 2
109 93
1 5 2
359 324
1 9 2
452 127
1 8 2
300 408
1 13 2
478 486
1 5 2
467 494
1 7 2
275 151
1 6 2
7 52
1 10 2
198 461
1 12 2
195 254
1 8 2
169 317
1 9 2
447 227
1 11 2
102 207
1 12 2
267 237
1 6 2
223 465
1 9 2
239 396
1 4 2
165 413
1 3 2
223 31
1 14 2
126 47
1 8 2
411 361
1 10 2
436 238
1 12 2
481 176
1 15 2
92 397
1 6 2
37 399
1 3 2
489 155
1 11 2
214 370
1 3 2
353 134
1 8 2
448 91
1 4 2
477 241
1 11 2
175 472
1 14 2
55 170
1 10 2
126 24
1 9 2
174 26
1 5 2
490 257
1 5 2
0 195
1 5 2
122 300
1 4 2
282 119
1 8 2
427 435
1 5 2
185 258
1 9 2
485 251
1 11 2
473 417
1 4 2
246 485
1 10 2
181 434
1 5 2
490 307
1 12 2
227 339
1 14 2
239 59
1 2 2
433 305
1 14 2
274 141
1 13 2
494 131
1 5 2
408 34
1 4 2
442 30
1 15 2
287 187
1 13 2
433 341
1 10 2
176 375
1 11 2
377 92
1 9 2
100 189
1 5 2
422 486
1 5 2
419 172
1 15 2
269 361
1 8 2
347 416
1 15 2
68 29
1 14 2
14 284
1 13 2
219 473
1 14 2
244 408
1 9 2
491 218
1 12 2
56 351
1 10 2
136 10
1 15 2
343 197
1 8 2
24 292
1 12 2
351 22
1 15 2
468 102
1 12 2
476 143
1 4 2
245 433
1 2 2
103 218
1 2 2
92 396
1 12 2
168 58
1 9 2
229 420
1 12 2
71 256
1 11 2
100 93
1 8 2
126 451
1 15 2
17 479
1 10 2
280 199
1 14 2
289 327
1 12 2
224 93
1 8 2
474 291
1 14 2
374 319
1 2 2
242 153
1 7 2
26 185
1 15 2
105 160
1 8 2
314 232
1 8 2
137 179
1 15 2
175 305
1 10 2
356 273
1 2 2
220 334
1 14 2
396 214
1 13 2
143 369
1 8 2
355 65
1 12 2
286 311
1 5 2
275 271
1 9 2
202 86
1 14 2
164 317
1 7 2
23 319
1 3 2
396 256
1 15 2
125 486
1 12 2
390 138
1 7 2
56 489
1 3 2
115 437
1 15 2
98 91
1 9 2
347 484
1 7 2
148 428
1 6 2
493 214
1 12 2
212 458
1 7 2
474 383
1 13 2
473 179
1 8 2
376 479
1 2 2
189 22
1 9 2
183 38
1 14 2
328 151
1 3 2
468 223
1 11 2
387 1
1 3 2
82 428
1 13 2
70 205
1 12 2
229 129
1 3 2
334 337
1 4 2
491 72
1 2 2
471 59
1 6 2
265 312
1 5 2
48 152
1 6 2
240 323
1 14 2
165 52
1 4 2
257 179
1 14 2
186 228
1 8 2
19 224
1 6 2
320 458
1 14 2
198 425
1 14 2
229 491
1 2 2
365 84
1 5 2
214 301
1 8 2
225 211
1 15 2
218 19
1 15 2
315 54
1 9 2
420 231
1 15 2
478 405
1 10 2
297 411
1 6 2
372 114
1 15 2
482 79
1 5 2
322 185
1 2 2
159 83
1 12 2
56 278
1 15 2
53 159
1 14 2
77 245
1 15 2
390 69
1 6 2
221 279
1 2 2
278 92
1 2 2
461 87
1 12 2
296 361
1 6 2
282 177
1 5 2
216 392
1 4 2
28 279
1 7 2
44 48
1 13 2
351 228
1 2 2
356 83
1 9 2
29 451
1 9 2
356 11
1 12 2
474 415
1 3 2
58 87
1 7 2
287 166
1 12 2
423 177
1 7 2
363 32
1 15 2
490 309
1 13 2
168 131
1 2 2
116 5
1 12 2
29 140
1 3 2
192 20
1 6 2
268 156
1 11 2
69 306
1 10 2
479 175
1 14 2
99 317
1 15 2
242 144
1 3 2
166 301
1 13 2
389 422
1 9 2
369 430
1 15 2
120 451
1 13 2
229 343
1 5 2
105 409
1 10 2
473 185
1 8 2
198 132
1 13 2
226 190
1 9 2
453 251
1 10 2
292 50
1 11 2
51 384
1 7 2
227 199
1 13 2
258 310
1 8 2
199 426
1 15 2
170 428
1 8 2
274 489
1 11 2
410 244
1 7 2
133 179
1 3 2
37 362
1 2 2
289 104
1 10 2
139 323
1 3 2
251 103
1 6 2
209 187
1 2 2
108 283
1 4 2
468 189
1 11 2
338 419
1 2 2
106 478
1 8 2
298 466
1 14 2
474 482
1 5 2
295 111
1 4 2
392 357
1 11 2
70 265
1 9 2
83 412
1 9 2
345 227
1 10 2
224 305
1 7 2
374 454
1 5 2
205 340
1 13 2
31 82
1 2 2
487 261
1 12 2
454 183
1 2 2
61 11
1 15 2
301 78
1 12 2
193 213
1 5 2
305 397
1 8 2
69 355
1 12 2
142 409
1 13 2
251 387
1 13 2
396 484
1 7 2
250 257
1 15 2
393 357
1 5 2
79 206
1 13 2
422 403
1 12 2
429 206
1 5 2
62 224
1 2 2
326 171
1 7 2
42 293
1 6 2
362 102
1 8 2
309 375
1 14 2
188 59
1 5 2
21 194
1 7 2
227 439
1 12 2
77 268
1 2 2
22 206
1 15 2
436 404
1 10 2
193 351
1 3 2
149 176
1 14 2
186 462
1 10 2
29 77
1 4 2
286 106
1 12 2
127 274
1 5 2
488 385
1 11 2
43 343
1 13 2
409 499
1 5 2
280 244
1 15 2
272 7
1 15 2
157 247
1 8 2
282 453
1 7 2
47 334
1 11 2
403 280
1 12 2
401 240
1 5 2
226 142
1 4 2
91 318
1 11 2
194 314
1 14 2
265 386
1 7 2
304 191
1 13 2
41 286
1 13 2
358 331
1 15 2
11 127
1 14 2
207 209
1 7 2
138 498
1 13 2
303 245
1 15 2
9 400
1 15 2
28 205
1 15 2
306 304
1 15 2
78 15
1 2 2
138 472
1 7 2
361 316
1 13 2
95 272
1 4 2
477 474
1 6 2
334 351
1 14 2
397 53
1 7 2
423 306
1 14 2
143 393
1 8 2
226 231
1 2 2
157 101
1 2 2
32 262
1 14 2
52 167
1 9 2
77 19
1 7 2
156 493
1 6 2
77 392
1 8 2
143 83
1 11 2
22 475
1 4 2
306 315
1 5 2
294 24
1 5 2
181 378
1 14 2
202 221
1 12 2
339 294
1 10 2
39 338
1 5 2
383 96
1 8 2
86 494
1 9 2
448 258
1 5 2
149 166
1 6 2
291 237
1 2 2
276 83
1 13 2
491 201
1 13 2
325 286
1 9 2
168 360
1 8 2
224 139
1 10 2
348 479
1 5 2
132 171
1 4 2
133 494
1 4 2
244 315
1 2 2
198 81
1 7 2
261 15
1 15 2
292 210
1 13 2
184 99
1 2 2
264 483
1 6 2
292 57
1 5 2
392 114
1 12 2
383 463
1 2 2
96 197
1 11 2
333 360
1 5 2
140 184
1 11 2
182 42
1 9 2
455 199
1 2 2
351 479
1 14 2
466 417
1 11 2
281 122
1 6 2
234 212
1 2 2
398 180
1 8 2
178 403
1 6 2
0 256
1 15 2
274 138
1 10 2
246 19
1 2 2
291 171
1 10 2
105 407
1 2 2
170 227
1 3 2
178 69
1 4 2
104 341
1 9 2
465 495
1 8 2
287 81
1 8 2
246 77
1 13 2
489 97
1 5 2
270 377
1 6 2
147 94
1 9 2
4 498
1 9 2
394 123
1 11 2
424 262
1 11 2
385 337
1 4 2
59 396
1 2 2
352 49
1 11 2
474 252
1 15 2
390 14
1 3 2
472 134
1 12 2
475 46
1 8 2
107 433
1 5 2
99 293
1 15 2
280 119
1 3 2
122 221
1 9 2
159 341
1 12 2
461 252
1 10 2
192 247
1 9 2
130 278
1 7 2
431 39
1 11 2
465 213
1 2 2
196 239
1 15 2
387 478
1 13 2
469 399
1 2 2
51 239
1 5 2
26 266
1 7 2
158 167
1 7 2
3 311
1 3 2
355 109
1 11 2
372 141
1 8 2
132 283
1 6 2
338 200
1 15 2
444 454
1 8 2
317 368
1 12 2
281 0
1 3 2
93 442
1 9 2
349 323
1 5 2
311 338
1 5 2
393 8
1 2 2
239 246
1 6 2
441 50
1 15 2
247 49
1 13 2
194 30
1 6 2
314 217
1 5 2
132 449
1 6 2
134 261
1 8 2
440 429
1 2 2
497 243
1 12 2
73 233
1 4 2
328 42
1 5 2
424 344
1 8 2
360 14
1 3 2
128 66
1 2 2
140 332
1 11 2
368 431
1 3 2
345 158
1 6 2
143 332
1 14 2
21 37
1 3 2
299 283
1 8 2
60 434
1 2 2
188 167
1 10 2
334 168
1 14 2
77 477
1 6 2
287 276
1 2 2
26 57
1 15 2
72 436
1 11 2
381 154
1 14 2
147 317
1 5 2
114 83
1 7 2
42 381
1 6 2
111 89
1 11 2
127 4
1 15 2
254 405
1 8 2
67 298
1 14 2
32 10
1 14 2
135 7
1 8 2
285 47
1 2 2
215 114
1 14 2
240 312
1 2 2
433 261
1 4 2
385 353
1 6 2
335 266
1 14 2
253 398
1 14 2
47 136
1 7 2
41 138
1 5 2
236 360
1 14 2
15 358
1 14 2
37 119
1 3 2
324 354
1 11 2
67 366
1 13 2
363 128
1 13 2
204 212
1 8 2
55 394
1 9 2
450 475
1 11 2
135 266
1 6 2
308 291
1 15 2
285 117
1 8 2
246 281
1 3 2
2 127
1 4 2
227 486
1 7 2
89 364
1 11 2
467 166
1 5 2
257 239
1 9 2
72 207
1 13 2
180 70
1 15 2
391 186
1 7 2
325 57
1 3 2
80 75
1 5 2
297 116
1 13 2
129 382
1 10 2
238 347
1 8 2
11 287
1 14 2
253 419
1 4 2
412 342
1 3 2
426 203
1 2 2
171 140
1 4 2
325 226
1 15 2
422 350
1 10 2
384 256
1 2 2
174 320
1 8 2
240 211
1 9 2
342 299
1 10 2
407 221
1 5 2
484 270
1 15 2
247 135
1 5 2
176 393
1 7 2
11 13
1 10 2
12 313
1 15 2
446 255
1 10 2
158 25
1 13 2
205 127
1 15 2
136 150
1 10 2
261 61
1 9 2
220 484
1 2 2
154 150
1 2 2
202 111
1 9 2
113 308
1 10 2
117 185
1 14 2
432 54
1 2 2
488 198
1 12 2
353 72
1 2 2
29 320
1 2 2
62 89
1 15 2
426 226
1 8 2
176 369
1 5 2
92 0
1 13 2
494 50
1 6 2
258 353
1 5 2
94 296
1 11 2
79 194
1 9 2
232 58
1 15 2
108 281
1 2 2
92 419
1 5 2
432 111
1 14 2
392 344
1 5 2
161 180
1 14 2
84 471
1 7 2
267 14
1 2 2
439 409
1 4 2
145 113
1 8 2
234 411
1 13 2
404 483
1 11 2
168 387
1 7 2
99 397
1 11 2
457 383
1 6 2
474 476
1 7 2
90 213
1 6 2
405 399
1 14 2
229 212
1 2 2
73 453
1 14 2
231 482
1 11 2
47 280
1 15 2
357 40
1 15 2
50 488
1 15 2
407 243
1 5 2
56 345
1 14 2
323 72
1 12 2
263 20
1 12 2
454 386
1 8 2
49 12
1 5 2
218 324
1 3 2
210 98
1 9 2
47 422
1 14 2
183 215
1 13 2
69 480
1 11 2
162 232
1 11 2
212 419
1 13 2
415 342
1 13 2
197 264
1 3 2
337 375
1 14 2
375 209
1 6 2
180 148
1 7 2
119 155
1 10 2
216 162
1 9 2
487 31
1 2 2
298 46
1 11 2
10 356
1 11 2
458 360
1 7 2
98 206
1 11 2
104 10
1 13 2
478 124
1 13 2
5 397
1 4 2
131 39
1 15 2
400 341
1 7 2
56 223
1 9 2
366 227
1 7 2
18 100
1 12 2
387 313
1 4 2
446 37
1 8 2
101 356
1 5 2
472 349
1 9 2
198 210
1 2 2
408 322
1 10 2
363 339
1 14 2
145 376
1 15 2
65 189
1 4 2
440 22
1 13 2
408 17
1 6 2
472 127
1 5 2
72 231
1 10 2
138 436
1 2 2
453 406
1 14 2
356 480
1 15 2
441 481
1 9 2
341 396
1 4 2
51 339
1 7 2
258 165
1 4 2
241 133
1 10 2
364 198
1 12 2
37 267
1 4 2
100 21
1 14 2
303 142
1 2 2
119 424
1 9 2
56 45
1 11 2
336 198
1 10 2
263 495
1 5 2
242 338
1 4 2
193 337
1 14 2
205 15
1 7 2
387 179
1 2 2
479 207
1 11 2
253 244
1 2 2
167 63
1 12 2
232 384
1 13 2
362 75
1 6 2
239 35
1 11 2
196 308
1 13 2
18 459
1 9 2
195 14
1 10 2
84 371
1 11 2
199 18
1 5 2
142 117
1 6 2
414 360
1 14 2
270 94
1 15 2
440 403
1 15 2
75 485
1 13 2
303 297
1 13 2
254 48
1 6 2
419 309
1 7 2
213 0
1 3 2
0 19
1 11 2
365 423
1 9 2
250 401
1 4 2
65 283
1 13 2
445 75
1 14 2
221 464
1 15 2
402 362
1 3 2
53 373
1 3 2
195 152
1 9 2
55 37
1 4 2
390 180
1 4 2
485 230
1 5 2
189 387
1 14 2
388 171
1 9 2
169 373
1 4 2
356 473
1 8 2
410 479
1 2 2
172 248
1 14 2
246 15
1 8 2
234 7
1 13 2
327 266
1 14 2
260 200
1 6 2
206 184
1 8 2
288 101
1 14 2
425 424
1 5 2
396 184
1 7 2
229 405
1 10 2
180 112
1 10 2
168 63
1 7 2
110 411
1 13 2
278 156
1 4 2
243 105
1 11 2
12 88
1 11 2
217 303
1 8 2
217 138
1 14 2
211 322
1 9 2
438 197
1 12 2
339 496
1 10 2
330 180
1 6 2
168 68
1 11 2
106 164
1 9 2
100 299
1 4 2
362 368
1 6 2
78 120
1 6 2
485 431
1 3 2
168 286
1 11 2
8 128
1 11 2
318 448
1 7 2
282 356
1 11 2
303 466
1 11 2
167 368
1 10 2
166 350
1 10 2
449 69
1 12 2
103 63
1 12 2
443 189
1 10 2
205 246
1 12 2
312 137
1 6 2
167 448
1 2 2
204 327
1 11 2
161 418
1 5 2
15 278
1 12 2
300 51
1 12 2
388 396
1 13 2
366 121
1 10 2
72 220
1 12 2
272 44
1 8 2
90 185
1 5 2
35 297
1 15 2
196 103
1 8 2
453 197
1 4 2
288 53
1 4 2
250 195
1 9 2
281 286
1 11 2
112 350
1 11 2
234 122
1 4 2
448 137
1 2 2
385 143
1 13 2
415 194
1 3 2
327 416
1 3 2
105 364
1 10 2
404 451
1 5 2
352 57
1 9 2
232 496
1 3 2
154 282
1 9 2
67 278
1 12 2
352 492
1 6 2
252 344
1 15 2
319 423
1 15 2
481 331
1 15 2
350 479
1 6 2
431 83
1 13 2
440 497
1 4 2
146 179
1 13 2
177 85
1 14 2
365 43
1 4 2
238 64
1 4 2
146 446
1 4 2
331 90
1 4 2
378 24
1 9 2
478 205
1 7 2
193 47
1 13 2
410 68
1 15 2
457 475
1 3 2
205 223
1 12 2
370 413
1 9 2
296 167
1 2 2
77 431
1 12 2
215 445
1 13 2
450 376
1 7 2
271 435
1 6 2
249 436
1 5 2
237 176
1 4 2
217 389
1 3 2
59 331
1 15 2
188 144
1 7 2
408 499
1 7 2
496 478
1 12 2
222 99
1 4 2
400 238
1 3 2
169 295
1 4 2
240 52
1 8 2
296 15
1 12 2
35 333
1 3 2
221 167
1 12 2
33 268
1 12 2
151 334
1 8 2
65 433
1 8 2
447 346
1 4 2
196 405
1 2 2
28 388
1 7 2
395 177
1 7 2
464 340
1 7 2
404 210
1 10 2
39 339
1 7 2
142 369
1 12 2
295 51
1 14 2
62 204
1 6 2
165 321
1 7 2
496 424
1 6 2
497 90
1 15 2
159 78
1 13 2
407 31
1 6 2
285 303
1 9 2
241 114
1 3 2
339 418
1 15 2
182 331
1 3 2
167 338
1 5 2
65 428
1 14 2
233 108
1 8 2
269 232
1 4 2
467 186
1 5 2
448 99
1 15 2
395 66
1 13 2
185 409
1 4 2
336 432
1 10 2
203 333
1 5 2
172 495
1 6 2
190 250
1 3 2
350 163
1 11 2
145 237
1 11 2
428 120
1 15 2
51 497
1 11 2
336 245
1 15 2
110 498
1 4 2
66 312
1 4 2
63 356
1 8 2
341 350
1 4 2
291 373
1 12 2
203 437
1 4 2
402 157
1 11 2
91 65
1 11 2
108 464
1 5 2
238 378
1 2 2
97 481
1 14 2
395 484
1 8 2
64 126
1 7 2
363 205
1 9 2
72 330
1 2 2
400 120
1 8 2
259 25
1 6 2
487 190
1 10 2
372 392
1 15 2
354 259
1 12 2
245 117
1 12 2
280 230
1 3 2
436 166
1 13 2
331 111
1 8 2
268 389
1 11 2
484 395
1 7 2
325 139
1 6 2
406 246
1 3 2
220 474
1 3 2
170 130
1 5 2
109 361
1 4 2
312 231
1 12 2
145 265
1 7 2
241 254
1 11 2
484 368
1 5 2
409 379
1 12 2
91 288
1 5 2
498 55
1 13 2
288 498
1 13 2
101 144
1 2 2
492 236
1 14 2
71 465
1 12 2
463 141
1 2 2
484 352
1 11 2
372 15
1 11 2
470 90
1 10 2
243 437
1 6 2
358 459
1 14 2
177 406
1 2 2
447 334
1 12 2
351 299
1 5 2
404 40
1 3 2
414 130
1 9 2
321 370
1 8 2
484 170
1 3 2
429 380
1 3 2
459 39
1 8 2
364 67
1 7 2
212 324
1 7 2
346 267
1 8 2
153 417
1 12 2
361 282
1 8 2
145 217
1 6 2
151 340
1 6 2
227 165
1 10 2
330 294
1 5 2
10 471
1 3 2
450 319
1 11 2
498 368
1 6 2
228 43
1 11 2
357 432
1 15 2
116 487
1 12 2
471 242
1 11 2
279 382
1 4 2
349 442
1 13 2
415 364
1 9 2
1 314
1 5 2
51 91
1 10 2
347 17
1 3 2
326 90
1 15 2
86 53
1 3 2
154 404
1 14 2
37 443
1 6 2
39 221
1 13 2
384 132
1 11 2
386 406
1 11 2
142 403
1 13 2
435 374
1 13 2
275 278
1 6 2
478 475
1 11 2
182 489
1 15 2
73 70
1 10 2
316 463
1 8 2
222 180
1 9 2
40 311
1 10 2
234 319
1 14 2
161 43
1 4 2
164 146
1 13 2
262 20
1 13 2
193 436
1 4 2
437 44
1 7 2
124 282
1 14 2
401 462
1 11 2
283 300
1 4 2
44 421
1 12 2
99 197
1 11 2
340 202
1 4 2
84 30
1 7 2
488 34
1 8 2
245 487
1 2 2
176 224
1 11 2
234 208
1 10 2
14 437
1 9 2
34 374
1 5 2
36 111
1 15 2
359 498
1 4 2
110 170
1 11 2
5 345
1 12 2
134 360
1 12 2
286 300
1 2 2
445 479
1 13 2
338 462
1 13 2
342 386
1 11 2
137 244
1 2 2
341 497
1 5 2
169 4
1 11 2
273 158
1 10 2
227 228
1 10 2
64 428
1 9 2
409 248
1 2 2
92 156
1 11 2
385 94
1 5 2
352 252
1 13 2
484 95
1 13 2
333 56
1 10 2
103 156
1 5 2
191 171
1 2 2
292 87
1 8 2
25 471
1 12 2
228 383
1 4 2
369 236
1 6 2
253 264
1 15 2
432 277
1 14 2
196 175
1 4 2
302 181
1 7 2
50 141
1 11 2
376 269
1 10 2
235 119
1 14 2
47 470
1 7 2
112 335
1 12 2
291 271
1 8 2
165 189
1 11 2
34 272
1 11 2
254 123
1 2 2
441 368
1 8 2
375 49
1 2 2
212 254
1 4 2
462 279
1 6 2
346 485
1 10 2
332 293
1 9 2
340 324
1 12 2
495 143
1 3 2
237 454
1 12 2
387 172
1 7 2
430 27
1 6 2
248 482
1 14 2
459 39
1 6 2
65 133
1 2 2
214 170
1 7 2
114 47
1 8 2
21 134
1 3 2
444 388
1 10 2
185 487
1 12 2
381 421
1 6 2
147 103
1 12 2
256 87
1 4 2
152 223
1 13 2
154 329
1 11 2
126 369
1 12 2
252 454
1 15 2
336 229
1 11 2
142 402
1 7 2
103 120
1 4 2
46 86
1 13 2
241 115
1 12 2
421 425
1 14 2
302 395
1 10 2
230 355
1 9 2
447 389
1 13 2
375 108
1 9 2
78 143
1 2 2
29 217
1 4 2
288 102
1 4 2
249 307
1 11 2
372 478
1 14 2
190 128
1 10 2
89 402
1 11 2
25 37
1 4 2
11 421
1 11 2
52 371
1 4 2
129 45
1 5 2
228 207
1 13 2
335 90
1 10 2
334 236
1 3 2
269 134
1 7 2
237 258
1 4 2
434 493
1 4 2
353 349
1 5 2
28 400
1 10 2
298 158
1 9 2
315 81
1 2 2
258 406
1 8 2
375 273
1 4 2
131 208
1 9 2
68 33
1 15 2
182 156
1 14 2
230 247
1 5 2
231 183
1 2 2
313 180
1 14 2
12 114
1 2 2
130 31
1 2 2
42 108
1 12 2
69 13
1 11 2
203 192
1 10 2
405 364
1 3 2
463 96
1 12 2
235 399
1 2 2
261 223
1 7 2
142 173
1 8 2
385 29
1 13 2
168 336
1 12 2
245 388
1 15 2
34 244
1 7 2
61 56
1 8 2
57 115
1 3 2
128 260
1 10 2
252 485
1 2 2
427 129
1 6 2
490 39
1 4 2
355 126
1 2 2
460 15
1 15 2
348 364
1 2 2
480 34
1 5 2
62 349
1 4 2
35 169
1 15 2
89 431
1 8 2
442 403
1 14 2
457 480
1 13 2
62 120
1 11 2
206 137
1 7 2
208 456
1 5 2
403 351
1 10 2
186 281
1 10 2
57 432
1 12 2
386 349
1 2 2
378 202
1 6 2
212 49
1 10 2
37 370
1 2 2
95 482
1 2 2
473 37
1 4 2
359 70
1 4 2
379 419
1 11 2
181 68
1 14 2
393 330
1 4 2
444 266
1 7 2
129 249
1 5 2
163 407
1 10 2
445 447
1 14 2
412 240
1 13 2
79 57
1 13 2
357 198
1 4 2
30 341
1 2 2
160 15
1 15 2
265 232
1 11 2
342 162
1 3 2
329 234
1 15 2
483 35
1 5 2
275 74
1 7 2
284 118
1 14 2
384 35
1 8 2
353 407
1 6 2
37 385
1 4 2
252 58
1 11 2
326 441
1 5 2
301 99
1 5 2
263 480
1 13 2
255 186
1 13 2
345 104
1 6 2
173 262
1 3 2
418 41
1 15 2
353 323
1 4 2
230 58
1 11 2
143 189
1 13 2
139 328
1 13 2
289 307
1 9 2
492 466
1 5 2
273 281
1 4 2
13 190
1 13 2
258 439
1 7 2
420 45
1 11 2
50 194
1 6 2
108 341
1 15 2
251 493
1 15 2
376 106
1 14 2
408 54
1 5 2
478 357
1 3 2
481 129
1 4 2
281 453
1 7 2
75 130
1 9 2
355 301
1 11 2
410 47
1 8 2
416 417
1 13 2
34 224
1 12 2
344 420
1 2 2
192 282
1 8 2
220 164
1 3 2
296 24
1 14 2
136 347
1 6 2
237 462
1 15 2
57 273
1 7 2
163 424
1 14 2
446 398
1 7 2
74 314
1 6 2
243 392
1 5 2
71 388
1 3 2
88 432
1 2 2
69 6
1 8 2
201 426
1 9 2
7 114
1 9 2
84 132
1 10 2
292 241
1 15 2
297 327
1 14 2
394 15
1 12 2
377 400
1 12 2
442 384
1 11 2
435 445
1 6 2
175 323
1 9 2
117 485
1 12 2
115 96
1 14 2
179 485
1 6 2
187 109
1 15 2
307 231
1 12 2
283 383
1 2 2
240 294
1 12 2
370 406
1 14 2
281 392
1 3 2
254 237
1 15 2
439 359
1 2 2
95 223
1 9 2
230 27
1 10 2
408 34
1 10 2
53 160
1 11 2
442 346
1 10 2
288 376
1 3 2
454 378
1 7 2
321 52
1 4 2
123 321
1 14 2
35 359
1 13 2
46 122
1 6 2
408 382
1 15 2
370 338
1 12 2
305 469
1 10 2
220 293
1 15 2
98 41
1 5 2
415 293
1 8 2
114 169
1 5 2
362 68
1 6 2
460 382
1 4 2
43 292
1 2 2
123 18
1 6 2
479 279
1 8 2
369 263
1 4 2
375 457
1 11 2
113 32
1 11 2
209 478
1 12 2
400 456
1 2 2
279 288
1 2 2
35 51
1 3 2
204 431
1 15 2
8 283
1 5 2
462 25
1 8 2
254 219
1 8 2
389 320
1 15 2
45 444
1 4 2
285 62
1 11 2
315 384
1 9 2
144 97
1 7 2
218 191
1 3 2
62 114
1 8 2
18 259
1 13 2
340 467
1 13 2
63 321
1 10 2
111 480
1 7 2
173 16
1 11 2
68 89
1 2 2
49 487
1 13 2
263 392
1 10 2
440 254
1 5 2
182 212
1 3 2
221 354
1 7 2
93 105
1 10 2
405 250
1 7 2
356 418
1 12 2
20 452
1 14 2
3 171
1 5 2
306 117
1 11 2
147 382
1 12 2
58 115
1 10 2
320 385
1 14 2
0 98
1 11 2
441 87
1 7 2
370 435
1 12 2
375 470
1 10 2
387 277
1 2 2
37 293
1 8 2
470 208
1 12 2
429 282
1 15 2
30 137
1 7 2
30 447
1 8 2
261 483
1 4 2
260 148
1 15 2
14 293
1 8 2
469 449
1 9 2
290 491
1 15 2
246 197
1 14 2
414 107
1 8 2
468 0
1 9 2
440 210
1 2 2
263 376
1 2 2
326 329
1 6 2
360 463
1 7 2
89 275
1 4 2
319 287
1 4 2
84 463
1 11 2
253 219
1 13 2
428 138
1 6 2
346 337
1 3 2
24 76
1 15 2
415 136
1 3 2
85 244
1 12 2
418 132
1 2 2
223 280
1 9 2
11 290
1 2 2
424 366
1 12 2
315 83
1 5 2
203 161
1 8 2
255 471
1 6 2
247 472
1 9 2
489 454
1 12 2
102 296
1 6 2
454 461
1 10 2
390 285
1 10 2
187 337
1 15 2
172 408
1 8 2
346 174
1 5 2
479 440
1 14 2
237 15
1 5 2
354 202
1 4 2
143 425
1 4 2
130 370
1 12 2
95 494
1 3 2
140 344
1 6 2
199 119
1 6 2
362 404
1 13 2
324 260
1 7 2
335 105
1 6 2
66 329
1 14 2
220 426
1 7 2
378 191
1 9 2
289 432
1 10 2
205 23
1 15 2
499 433
1 5 2
483 180
1 6 2
243 474
1 11 2
102 365
1 13 2
114 37
1 5 2
282 377
1 13 2
164 179
1 13 2
293 292
1 6 2
24 111
1 13 2
376 99
1 9 2
264 109
1 2 2
431 473
1 5 2
182 482
1 13 2
352 80
1 3 2
468 45
1 4 2
2 219
1 15 2
116 7
1 7 2
211 70
1 4 2
97 437
1 10 2
298 480
1 2 2
373 176
1 11 2
380 197
1 11 2
6 20
1 6 2
268 49
1 12 2
33 146
1 7 2
75 368
1 9 2
82 25
1 10 2
332 254
1 10 2
99 10
1 3 2
312 106
1 5 2
68 106
1 9 2
411 7
1 15 2
141 372
1 5 2
402 470
1 13 2
22 283
1 13 2
62 179
1 7 2
355 421
1 6 2
328 55
1 9 2
40 107
1 9 2
58 168
1 5 2
30 283
1 9 2
352 254
1 4 2
431 174
1 6 2
88 365
1 8 2
262 162
1 13 2
484 306
1 12 2
297 463
1 4 2
397 280
1 5 2
99 287
1 10 2
466 214
1 6 2
274 404
1 15 2
332 26
1 8 2
117 162
1 10 2
489 147
1 13 2
433 287
1 11 2
102 450
1 11 2
347 293
1 14 2
489 139
1 9 2
445 60
1 8 2
279 252
1 13 2
230 19
1 4 2
274 454
1 11 2
442 300
1 15 2
61 149
1 14 2
324 115
1 13 2
373 137
1 8 2
216 127
1 9 2
289 126
1 5 2
336 281
1 11 2
47 455
1 12 2
16 408
1 13 2
437 210
1 6 2
342 414
1 12 2
194 489
1 4 2
299 175
1 10 2
17 114
1 2 2
496 147
1 7 2
49 478
1 7 2
352 268
1 14 2
326 20
1 11 2
219 457
1 14 2
420 41
1 4 2
418 419
1 14 2
81 434
1 10 2
243 363
1 8 2
197 260
1 10 2
103 122
1 9 2
220 4
1 8 2
22 2
1 6 2
326 20
1 6 2
421 244
1 9 2
131 317
1 2 2
420 44
1 2 2
297 254
1 4 2
310 420
1 8 2
109 342
1 4 2
418 57
1 11 2
399 428
1 3 2
470 252
1 15 2
215 218
1 2 2
352 93
1 8 2
388 291
1 4 2
278 228
1 9 2
211 353
1 14 2
345 400
1 5 2
233 67
1 8 2
12 233
1 7 2
472 154
1 6 2
224 151
1 14 2
164 303
1 3 2
83 101
1 13 2
15 123
1 10 2
489 406
1 6 2
21 394
1 4 2
145 446
1 9 2
204 207
1 4 2
493 4
1 14 2
252 288
1 12 2
89 227
1 8 2
208 192
1 15 2
323 338
1 7 2
421 478
1 7 2
170 68
1 12 2
56 159
1 7 2
380 348
1 12 2
189 232
1 4 2
180 478
1 6 2
46 164
1 15 2
419 240
1 12 2
366 326
1 6 2
316 391
1 7 2
162 189
1 9 2
322 53
1 5 2
91 120
1 8 2
153 355
1 15 2
313 291
1 9 2
419 475
1 14 2
210 315
1 15 2
354 480
1 12 2
395 12
1 14 2
377 354
1 11 2
150 103
1 15 2
211 76
1 7 2
62 19
1 2 2
463 188
1 14 2
359 401
1 9 2
131 257
1 2 2
265 189
1 10 2
176 133
1 14 2
288 384
1 12 2
163 436
1 12 2
282 316
1 3 2
234 397
1 12 2
20 262
1 12 2
268 347
1 6 2
471 139
1 2 2
430 365
1 13 2
107 493
1 7 2
466 270
1 4 2
55 52
1 15 2
125 38
1 3 2
118 478
1 15 2
33 144
1 7 2
250 339
1 2 2
434 456
1 11 2
209 238
1 15 2
258 192
1 6 2
323 216
1 9 2
378 13
1 2 2
23 180
1 2 2
102 120
1 8 2
198 218
1 15 2
163 6
1 4 2
345 21
1 5 2
279 337
1 12 2
335 24
1 14 2
8 245
1 11 2
145 445
1 6 2
361 317
1 7 2
252 31
1 3 2
412 137
1 4 2
67 289
1 11 2
214 316
1 7 2
37 414
1 6 2
389 102
1 12 2
247 489
1 14 2
476 493
1 15 2
311 348
1 5 2
382 275
1 7 2
352 222
1 13 2
87 231
1 6 2
335 19
1 9 2
483 278
1 2 2
375 242
1 3 2
60 163
1 10 2
240 270
1 11 2
108 470
1 13 2
473 173
1 12 2
145 276
1 9 2
216 403
1 7 2
168 427
1 12 2
216 190
1 3 2
180 94
1 14 2
198 219
1 7 2
334 22
1 5 2
253 464
1 6 2
215 275
1 10 2
411 308
1 13 2
147 198
1 7 2
481 486
1 14 2
356 254
1 2 2
181 235
1 3 2
271 413
1 2 2
156 183
1 3 2
355 51
1 10 2
451 181
1 5 2
172 96
1 4 2
155 388
1 7 2
118 123
1 8 2
235 401
1 15 2
113 448
1 6 2
426 301
1 2 2
469 362
1 9 2
339 483
1 3 2
271 496
1 2 2
114 221
1 9 2
102 299
1 7 2
481 45
1 9 2
440 70
1 3 2
278 452
1 8 2
235 479
1 9 2
308 241
1 9 2
255 363
1 9 2
451 235
1 4 2
488 182
1 7 2
15 283
1 9 2
15 425
1 8 2
427 118
1 5 2
488 176
1 9 2
295 232
1 4 2
368 340
1 14 2
360 124
1 6 2
76 477
1 2 2
459 248
1 7 2
13 410
1 11 2
149 341
1 10 2
492 455
1 9 2
77 148
1 12 2
215 174
1 10 2
302 86
1 2 2
81 0
1 2 2
64 29
1 2 2
351 186
1 3 2
101 488
1 8 2
77 443
1 7 2
352 464
1 11 2
239 240
1 12 2
261 75
1 10 2
406 135
1 10 2
92 132
1 5 2
200 108
1 11 2
359 160
1 10 2
31 321
1 10 2
169 432
1 2 2
110 354
1 13 2
61 355
1 11 2
440 124
1 2 2
301 427
1 14 2
408 480
1 13 2
428 135
1 15 2
408 374
1 7 2
36 210
1 14 2
351 431
1 10 2
297 413
1 8 2
70 319
1 2 2
185 262
1 10 2
204 21
1 6 2
204 67
1 3 2
487 462
1 7 2
151 200
1 4 2
335 261
1 3 2
139 478
1 3 2
40 123
1 4 2
244 324
1 3 2
135 327
1 2 2
364 247
1 11 2
228 143
1 3 2
52 428
1 14 2
249 403
1 7 2
43 45
1 10 2
409 327
1 8 2
485 42
1 11 2
401 90
1 5 2
50 246
1 14 2
293 485
1 8 2
253 217
1 14 2
462 114
1 13 2
314 58
1 3 2
115 4
1 5 2
479 257
1 8 2
483 258
1 7 2
403 343
1 5 2
254 59
1 7 2
263 389
1 6 2
452 444
1 5 2
187 423
