500 4000 1500
22 10 17 23 7 25 14 15 14 17 9 16 22 25 14 25 5 20 24 17 8 16 10 22 6 21 18 24 24 13 21 18 24 23 23 8 11 15 16 11 23 19 22 25 19 12 23 25 22 24 12 12 12 18 10 20 16 23 5 21 11 23 10 14 8 15 18 11 20 8 6 23 5 20 6 18 21 24 21 6 8 12 25 12 14 5 9 20 6 10 25 8 9 19 12 19 9 23 22 22 19 22 12 5 20 23 12 22 22 7 7 7 5 10 24 16 5 8 11 5 25 24 13 22 7 11 9 7 25 10 22 6 16 21 9 5 10 23 9 5 25 10 14 11 21 9 18 5 8 20 6 18 25 14 22 5 16 8 18 8 23 5 7 5 8 11 8 7 8 20 10 19 24 7 14 5 18 9 9 22 18 9 20 7 14 25 16 11 18 25 15 19 7 24 5 11 10 11 10 19 7 17 10 25 12 12 7 9 16 12 13 22 22 23 17 19 7 14 7 6 19 15 14 7 23 12 19 16 22 7 9 16 6 9 12 24 9 8 18 23 25 6 15 19 9 11 9 7 11 12 6 13 11 24 10 20 17 9 7 7 10 7 21 12 10 22 20 12 18 9 13 25 17 18 25 19 17 5 6 24 18 6 19 8 16 8 14 11 15 21 25 21 20 13 8 12 15 8 7 20 21 9 6 24 22 10 18 13 22 10 5 20 7 7 17 9 5 11 6 19 10 21 25 10 19 24 20 14 14 11 18 21 14 17 8 17 14 12 9 20 9 17 10 14 14 20 8 16 11 21 6 16 5 10 8 11 6 6 25 18 6 18 13 15 22 12 25 11 19 18 15 17 17 7 8 9 20 11 9 6 14 16 19 5 8 14 6 19 7 16 5 10 6 21 7 21 20 8 6 19 15 7 22 10 22 21 23 24 12 22 5 15 16 24 16 8 16 25 22 25 6 11 19 21 24 17 24 21 9 18 21 21 6 24 5 12 21 5 14 7 16 13 18 12 20 18 10 11 22 19 8 23 25 20 11 16 10 25 5 15 14 8 24 10 10 6 25 13 7 6 6 12 24 16 10 16 17 12 9 6 10 24 5 22 6 5 12 17 5 24 24 21 6 18 7 18 25 9 23 21
3 16 8 18 14 19 19 19 20 7 10 6 7 15 3 20 13 8 7 13 14 16 13 13 9 3 13 9 19 18 6 17 20 20 9 18 3 8 12 19 8 7 15 14 9 7 12 20 15 4 13 15 4 6 15 10 15 10 9 18 20 18 9 17 12 10 7 11 3 19 7 3 14 19 4 9 3 13 5 19 9 8 17 20 15 7 15 13 14 14 14 20 20 16 19 18 4 15 6 10 3 4 3 4 9 5 14 18 18 15 4 20 9 4 11 20 12 9 17 20 5 10 12 14 9 12 8 11 12 4 15 15 19 5 7 3 18 18 4 18 10 6 7 10 5 17 12 6 4 15 8 11 20 17 9 13 15 15 10 8 9 10 3 12 5 11 7 3 9 14 19 8 4 14 5 19 10 15 9 11 7 19 3 15 15 14 16 15 4 6 11 10 6 14 19 18 4 7 10 12 7 10 16 15 5 8 8 15 8 20 17 12 6 11 7 5 10 8 11 18 8 5 12 10 12 17 18 19 8 3 16 7 15 20 3 8 9 6 12 7 19 10 4 7 11 8 17 4 14 6 11 6 17 10 6 7 3 6 13 19 7 13 3 19 9 9 5 9 6 17 4 11 9 19 7 4 13 5 4 9 7 9 19 20 18 3 4 5 16 10 15 10 16 15 14 17 4 7 19 11 11 14 11 3 11 16 4 6 11 10 16 20 14 4 11 10 14 9 15 13 18 20 14 7 8 4 3 10 18 5 19 5 8 8 4 8 6 6 19 13 5 8 10 14 20 11 20 20 5 8 11 3 10 9 5 3 19 20 4 15 19 11 10 20 5 3 10 3 13 18 19 13 11 9 20 8 12 14 5 12 16 4 16 19 5 14 15 9 18 13 20 19 5 19 4 17 13 18 4 4 5 12 7 7 10 15 12 9 4 13 10 6 3 5 7 13 4 17 11 14 18 18 4 14 9 17 18 3 20 11 15 7 4 5 17 5 11 13 12 13 11 13 4 10 6 5 6 3 16 14 8 15 3 16 17 5 11 9 13 17 8 4 6 18 3 17 19 10 7 9 20 7 7 6 13 17 18 9 19 9 20 6 8 11 4 20 14 5 14 6 9 9 11 19 7 6 3 15 10 5
1 11 2
380 24
1 10 2
268 348
1 3 2
425 407
1 9 2
1 285
1 6 2
289 72
1 15 2
108 384
1 10 2
459 215
1 9 2
49 214
1 9 2
472 77
1 4 2
50 137
1 5 2
392 479
1 8 2
423 346
1 3 2
426 277
1 10 2
240 356
1 11 2
456 222
1 9 2
94 378
1 9 2
60 284
1 14 2
440 419
1 5 2
279 95
1 4 2
252 465
1 13 2
337 137
1 12 2
349 436
1 14 2
73 208
1 14 2
313 428
1 5 2
55 321
1 4 2
243 375
1 14 2
345 1
1 10 2
236 438
1 15 2
490 151
1 2 2
14 98
1 5 2
348 79
1 9 2
343 476
1 5 2
302 155
1 10 2
250 325
1 6 2
126 7
1 12 2
273 378
1 10 2
385 165
1 12 2
220 471
1 11 2
304 436
1 8 2
499 83
1 4 2
71 153
1 6 2
68 243
1 15 2
193 239
1 6 2
440 112
1 3 2
322 453
1 8 2
253 201
1 7 2
82 465
1 12 2
1 75
1 2 2
206 426
1 5 2
57 73
1 10 2
333 481
1 13 2
330 8
1 10 2
343 155
1 15 2
25 132
1 12 2
419 21
1 15 2
464 117
1 10 2
212 479
1 9 2
258 181
1 3 2
135 64
1 12 2
408 39
1 3 2
386 365
1 12 2
405 426
1 5 2
76 367
1 5 2
200 231
1 14 2
178 321
1 8 2
223 126
1 6 2
141 214
1 13 2
91 325
1 8 2
186 337
1 9 2
277 391
1 5 2
113 348
1 12 2
457 343
1 13 2
309 366
1 8 2
111 209
1 12 2
268 288
1 3 2
344 46
1 2 2
428 138
1 11 2
390 446
1 10 2
205 424
1 15 2
479 376
1 11 2
323 103
1 10 2
42 24
1 9 2
148 58
1 11 2
29 282
1 6 2
232 142
1 11 2
327 248
1 15 2
392 89
1 6 2
61 485
1 6 2
171 355
1 6 2
484 107
1 6 2
176 481
1 13 2
380 347
1 10 2
32 305
1 7 2
143 475
1 14 2
15 109
1 14 2
76 311
1 3 2
19 412
1 5 2
483 368
1 7 2
271 136
1 6 2
10 164
1 10 2
250 158
1 3 2
140 146
1 14 2
195 423
1 8 2
45 230
1 7 2
80 209
1 15 2
443 125
1 3 2
344 440
1 5 2
2 92
1 6 2
330 238
1 7 2
464 170
1 15 2
437 77
1 13 2
215 14
1 13 2
425 282
1 10 2
423 453
1 11 2
18 324
1 14 2
165 121
1 2 2
276 373
1 11 2
269 338
1 13 2
270 358
1 2 2
238 115
1 15 2
23 116
1 3 2
193 377
1 2 2
264 255
1 12 2
41 438
1 13 2
11 332
1 5 2
344 354
1 3 2
161 241
1 11 2
464 316
1 7 2
275 353
1 14 2
420 482
1 7 2
382 321
1 9 2
195 252
1 6 2
129 0
1 5 2
122 162
1 12 2
284 170
1 4 2
353 262
1 4 2
132 340
1 8 2
428 467
1 5 2
220 22
1 11 2
331 117
1 10 2
335 21
1 2 2
467 223
1 14 2
122 388
1 2 2
85 313
1 5 2
396 194
1 11 2
229 235
1 4 2
32 107
1 15 2
478 257
1 15 2
149 31
1 3 2
384 158
1 14 2
243 226
1 13 2
6 256
1 15 2
313 18
1 6 2
314 201
1 9 2
414 102
1 6 2
123 93
1 4 2
186 85
1 15 2
308 363
1 5 2
157 335
1 3 2
468 475
1 5 2
294 409
1 10 2
223 266
1 6 2
174 27
1 11 2
308 312
1 5 2
487 233
1 3 2
370 59
1 14 2
470 358
1 9 2
327 63
1 2 2
13 218
1 6 2
180 192
1 3 2
405 357
1 6 2
168 343
1 10 2
176 481
1 10 2
346 458
1 8 2
276 82
1 15 2
99 238
1 3 2
76 143
1 3 2
351 337
1 3 2
113 437
1 15 2
97 81
1 15 2
398 128
1 4 2
194 297
1 9 2
466 72
1 4 2
171 487
1 13 2
25 341
1 14 2
107 198
1 8 2
412 399
1 5 2
42 450
1 10 2
251 26
1 9 2
258 13
1 10 2
227 168
1 2 2
129 405
1 9 2
135 107
1 6 2
6 380
1 6 2
288 7
1 15 2
303 185
1 8 2
396 257
1 15 2
241 132
1 14 2
165 88
1 4 2
183 303
1 5 2
491 129
1 3 2
329 171
1 4 2
290 71
1 4 2
161 354
1 10 2
130 260
1 4 2
122 158
1 6 2
457 431
1 2 2
396 374
1 9 2
16 213
1 4 2
142 41
1 3 2
233 253
1 3 2
104 140
1 7 2
272 382
1 4 2
282 275
1 9 2
375 186
1 11 2
31 131
1 7 2
479 473
1 6 2
317 242
1 4 2
150 179
1 13 2
125 201
1 7 2
416 465
1 5 2
210 259
1 9 2
143 37
1 6 2
41 51
1 5 2
81 56
1 11 2
240 338
1 15 2
430 304
1 4 2
26 16
1 15 2
292 235
1 13 2
39 408
1 10 2
25 293
1 11 2
29 275
1 13 2
27 374
1 8 2
83 253
1 3 2
78 455
1 6 2
460 354
1 5 2
469 219
1 14 2
495 461
1 8 2
77 170
1 6 2
475 303
1 14 2
77 359
1 4 2
255 386
1 4 2
185 106
1 14 2
462 58
1 4 2
276 261
1 9 2
101 403
1 15 2
321 252
1 8 2
451 263
1 4 2
277 3
1 2 2
488 214
1 9 2
47 207
1 14 2
197 227
1 6 2
472 417
1 15 2
187 141
1 3 2
222 227
1 12 2
86 355
1 4 2
52 476
1 14 2
438 31
1 5 2
11 334
1 2 2
298 119
1 11 2
335 36
1 15 2
236 32
1 8 2
418 389
1 7 2
83 101
1 2 2
447 187
1 11 2
329 491
1 4 2
416 68
1 15 2
228 278
1 7 2
35 315
1 15 2
249 119
1 4 2
110 393
1 15 2
29 243
1 6 2
467 290
1 2 2
257 462
1 12 2
284 311
1 15 2
70 463
1 13 2
498 486
1 5 2
26 292
1 13 2
460 45
1 12 2
468 342
1 2 2
454 67
1 4 2
361 393
1 9 2
448 96
1 10 2
59 335
1 15 2
476 356
1 13 2
172 368
1 12 2
6 222
1 3 2
233 186
1 14 2
254 121
1 15 2
237 183
1 13 2
387 497
1 3 2
391 281
1 10 2
299 412
1 14 2
406 20
1 7 2
195 179
1 10 2
225 234
1 10 2
325 342
1 9 2
485 329
1 15 2
324 477
1 11 2
172 371
1 8 2
141 24
1 2 2
476 135
1 6 2
70 491
1 5 2
227 87
1 14 2
499 244
1 12 2
33 456
1 2 2
250 365
1 3 2
484 180
1 8 2
160 190
1 11 2
307 497
1 5 2
189 498
1 10 2
280 320
1 4 2
410 42
1 13 2
244 436
1 12 2
101 112
1 12 2
456 214
1 7 2
437 304
1 8 2
267 231
1 8 2
161 26
1 9 2
447 417
1 8 2
74 139
1 9 2
433 475
1 2 2
467 476
1 9 2
490 169
1 13 2
342 50
1 13 2
365 363
1 15 2
412 114
1 10 2
81 127
1 4 2
79 13
1 15 2
368 357
1 13 2
12 427
1 4 2
135 250
1 13 2
154 121
1 14 2
466 307
1 13 2
438 350
1 10 2
309 297
1 14 2
122 336
1 12 2
318 391
1 5 2
85 353
1 11 2
495 166
1 6 2
290 147
1 2 2
90 351
1 10 2
424 287
1 8 2
119 197
1 10 2
452 326
1 7 2
426 406
1 10 2
343 267
1 11 2
109 150
1 8 2
70 295
1 14 2
346 331
1 5 2
256 297
1 9 2
214 232
1 8 2
65 81
1 3 2
438 439
1 7 2
7 400
1 14 2
9 68
1 2 2
60 440
1 14 2
182 484
1 8 2
311 15
1 9 2
411 433
1 7 2
346 172
1 4 2
393 36
1 3 2
238 467
1 11 2
171 339
1 3 2
221 198
1 4 2
67 300
1 9 2
406 2
1 8 2
171 423
1 13 2
67 15
1 14 2
415 328
1 10 2
310 454
1 7 2
402 153
1 8 2
391 354
1 15 2
116 230
1 13 2
119 494
1 11 2
82 209
1 5 2
185 120
1 7 2
301 334
1 10 2
423 89
1 10 2
130 279
1 3 2
191 91
1 15 2
407 320
1 15 2
499 397
1 11 2
270 106
1 15 2
436 38
1 15 2
365 353
1 13 2
169 499
1 15 2
9 413
1 9 2
485 149
1 13 2
139 493
1 4 2
110 147
1 9 2
134 45
1 5 2
67 321
1 9 2
396 414
1 11 2
304 414
1 7 2
382 482
1 15 2
66 44
1 8 2
296 142
1 8 2
77 90
1 14 2
314 489
1 4 2
268 227
1 15 2
130 436
1 4 2
221 452
1 15 2
359 401
1 2 2
124 265
1 4 2
259 339
1 9 2
217 487
1 14 2
375 302
1 11 2
4 9
1 12 2
391 18
1 3 2
143 34
1 9 2
203 234
1 14 2
302 66
1 3 2
360 390
1 9 2
267 89
1 7 2
403 76
1 11 2
247 376
1 8 2
157 140
1 13 2
432 292
1 13 2
277 347
1 12 2
211 83
1 12 2
35 396
1 8 2
30 386
1 12 2
195 206
1 2 2
88 318
1 5 2
281 23
1 8 2
320 499
1 13 2
124 425
1 5 2
274 155
1 3 2
346 295
1 14 2
68 129
1 5 2
193 263
1 12 2
286 382
1 4 2
123 207
1 10 2
397 374
1 3 2
81 90
1 15 2
203 57
1 5 2
244 163
1 15 2
372 269
1 6 2
47 7
1 13 2
482 99
1 10 2
37 239
1 12 2
338 283
1 10 2
303 137
1 11 2
252 388
1 8 2
399 498
1 15 2
260 97
1 10 2
233 350
1 7 2
221 418
1 5 2
28 46
1 7 2
364 399
1 4 2
300 287
1 12 2
389 255
1 4 2
435 82
1 14 2
463 486
1 3 2
281 486
1 6 2
292 409
1 7 2
51 206
1 13 2
101 92
1 5 2
28 212
1 8 2
163 136
1 7 2
469 451
1 9 2
12 384
1 13 2
190 373
1 15 2
266 336
1 14 2
333 4
1 11 2
236 460
1 4 2
260 418
1 8 2
466 441
1 15 2
471 105
1 15 2
390 123
1 14 2
378 37
1 3 2
84 386
1 6 2
457 109
1 9 2
122 456
1 11 2
267 447
1 14 2
332 376
1 3 2
276 189
1 2 2
310 428
1 8 2
96 435
1 8 2
133 153
1 6 2
426 206
1 2 2
203 313
1 15 2
217 88
1 2 2
82 251
1 7 2
102 213
1 4 2
145 467
1 5 2
68 107
1 15 2
42 291
1 4 2
6 313
1 14 2
371 326
1 4 2
330 337
1 4 2
497 10
1 4 2
274 30
1 3 2
446 343
1 7 2
90 264
1 3 2
404 339
1 7 2
387 301
1 5 2
68 178
1 4 2
462 494
1 10 2
272 173
1 3 2
257 335
1 11 2
373 348
1 13 2
7 245
1 10 2
388 484
1 6 2
291 378
1 10 2
256 354
1 2 2
77 199
1 5 2
4 140
1 2 2
327 99
1 4 2
129 18
1 6 2
133 332
1 6 2
57 3
1 3 2
205 380
1 14 2
321 371
1 9 2
413 469
1 5 2
246 167
1 11 2
12 185
1 3 2
414 163
1 13 2
236 365
1 11 2
251 168
1 13 2
401 321
1 12 2
410 415
1 8 2
236 367
1 13 2
73 56
1 8 2
435 343
1 5 2
50 306
1 9 2
494 401
1 14 2
301 213
1 9 2
221 391
1 15 2
34 13
1 5 2
422 43
1 3 2
10 351
1 7 2
395 466
1 4 2
331 303
1 7 2
169 437
1 13 2
483 461
1 11 2
340 245
1 15 2
168 20
1 2 2
272 12
1 8 2
222 14
1 15 2
459 444
1 13 2
326 224
1 15 2
113 58
1 14 2
146 442
1 6 2
10 20
1 7 2
428 450
1 6 2
152 407
1 10 2
492 491
1 14 2
498 262
1 7 2
351 110
1 15 2
470 249
1 8 2
486 204
1 6 2
477 279
1 13 2
496 447
1 14 2
446 351
1 7 2
54 14
1 5 2
493 150
1 10 2
376 64
1 2 2
112 125
1 4 2
382 68
1 12 2
407 26
1 9 2
437 240
1 6 2
148 338
1 2 2
198 450
1 10 2
18 256
1 12 2
370 409
1 11 2
283 100
1 9 2
347 49
1 3 2
480 369
1 9 2
227 393
1 2 2
298 383
1 14 2
291 212
1 5 2
290 438
1 6 2
200 320
1 10 2
308 206
1 15 2
440 393
1 9 2
85 382
1 9 2
34 276
1 11 2
354 117
1 13 2
458 440
1 8 2
51 239
1 6 2
376 22
1 6 2
245 333
1 9 2
59 438
1 3 2
295 445
1 4 2
412 69
1 12 2
50 111
1 3 2
36 296
1 3 2
192 320
1 14 2
246 173
1 6 2
129 310
1 10 2
145 340
1 7 2
123 267
1 2 2
138 377
1 14 2
112 21
1 14 2
321 344
1 3 2
442 91
1 3 2
38 205
1 13 2
413 141
1 6 2
403 411
1 9 2
372 278
1 5 2
185 115
1 3 2
437 406
1 5 2
211 276
1 8 2
151 378
1 14 2
75 394
1 2 2
219 32
1 13 2
55 484
1 8 2
27 138
1 7 2
283 124
1 3 2
284 434
1 10 2
334 178
1 11 2
467 358
1 14 2
250 165
1 10 2
271 36
1 9 2
169 402
1 3 2
19 100
1 10 2
315 342
1 15 2
412 356
1 5 2
123 337
1 10 2
251 226
1 6 2
186 460
1 13 2
308 199
1 14 2
99 342
1 14 2
374 58
1 3 2
429 212
1 9 2
195 422
1 4 2
480 496
1 11 2
90 238
1 3 2
439 235
1 15 2
309 156
1 6 2
239 345
1 9 2
119 260
1 3 2
135 112
1 10 2
392 196
1 11 2
91 104
1 6 2
327 454
1 11 2
454 146
1 13 2
38 134
1 12 2
69 322
1 4 2
283 201
1 4 2
350 218
1 15 2
55 370
1 10 2
56 12
1 10 2
366 423
1 11 2
211 12
1 11 2
212 399
1 13 2
94 112
1 15 2
463 74
1 14 2
383 468
1 6 2
142 457
1 4 2
408 468
1 15 2
141 387
1 14 2
490 398
1 8 2
175 272
1 2 2
469 484
1 8 2
111 5
1 13 2
22 240
1 8 2
277 157
1 4 2
266 344
1 2 2
251 259
1 15 2
476 299
1 14 2
155 78
1 11 2
264 361
1 2 2
103 210
1 10 2
218 121
1 12 2
360 137
1 13 2
409 5
1 2 2
175 15
1 14 2
448 12
1 9 2
233 434
1 13 2
131 124
1 10 2
342 124
1 5 2
74 125
1 3 2
213 84
1 6 2
223 90
1 11 2
317 145
1 15 2
334 391
1 9 2
198 182
1 5 2
308 297
1 2 2
13 99
1 14 2
451 308
1 10 2
163 209
1 14 2
58 30
1 11 2
170 481
1 12 2
427 458
1 10 2
124 275
1 8 2
19 23
1 6 2
380 210
1 5 2
106 98
1 14 2
10 40
1 15 2
177 376
1 15 2
297 384
1 3 2
258 340
1 7 2
321 332
1 12 2
256 238
1 5 2
261 71
1 8 2
462 433
1 5 2
152 376
1 14 2
430 384
1 10 2
200 254
1 12 2
279 470
1 14 2
301 468
1 12 2
431 426
1 5 2
149 412
1 15 2
119 16
1 9 2
254 337
1 7 2
49 428
1 13 2
386 317
1 14 2
151 331
1 4 2
395 7
1 4 2
114 386
1 5 2
201 421
1 6 2
54 203
1 12 2
406 72
1 9 2
434 86
1 8 2
488 412
1 13 2
291 25
1 15 2
343 410
1 3 2
426 16
1 3 2
294 310
1 2 2
469 307
1 15 2
72 179
1 14 2
100 492
1 15 2
393 174
1 9 2
397 355
1 9 2
133 246
1 7 2
298 53
1 6 2
303 260
1 6 2
327 398
1 13 2
161 241
1 7 2
105 164
1 3 2
237 218
1 8 2
150 386
1 8 2
64 176
1 3 2
397 173
1 7 2
403 189
1 13 2
82 67
1 5 2
74 73
1 11 2
280 164
1 2 2
304 20
1 10 2
341 86
1 7 2
197 208
1 15 2
441 189
1 15 2
282 187
1 11 2
215 137
1 8 2
293 60
1 15 2
29 9
1 2 2
396 225
1 10 2
438 263
1 11 2
143 263
1 14 2
395 378
1 4 2
32 211
1 4 2
112 463
1 9 2
289 202
1 7 2
247 211
1 14 2
282 321
1 10 2
208 451
1 2 2
323 377
1 13 2
186 418
1 2 2
101 37
1 11 2
190 196
1 15 2
300 121
1 9 2
299 345
1 5 2
164 151
1 3 2
463 387
1 3 2
342 207
1 13 2
279 447
1 12 2
300 485
1 6 2
335 163
1 5 2
139 477
1 14 2
481 307
1 2 2
308 451
1 14 2
384 47
1 2 2
459 277
1 10 2
486 361
1 6 2
422 389
1 14 2
471 465
1 14 2
398 469
1 11 2
20 107
1 12 2
295 111
1 12 2
399 400
1 5 2
335 422
1 2 2
91 380
1 4 2
412 8
1 6 2
210 152
1 13 2
272 104
1 8 2
406 161
1 4 2
16 241
1 2 2
408 137
1 14 2
63 78
1 13 2
350 132
1 2 2
95 93
1 9 2
186 415
1 7 2
471 243
1 4 2
288 472
1 3 2
373 97
1 2 2
494 171
1 3 2
231 405
1 8 2
206 245
1 12 2
251 283
1 4 2
202 43
1 7 2
432 493
1 14 2
476 407
1 8 2
313 335
1 7 2
95 175
1 12 2
159 224
1 13 2
339 434
1 13 2
56 105
1 8 2
390 406
1 7 2
234 107
1 4 2
95 370
1 12 2
102 214
1 3 2
421 387
1 11 2
137 180
1 6 2
484 271
1 6 2
31 185
1 13 2
31 218
1 15 2
399 117
1 2 2
391 440
1 13 2
212 372
1 2 2
371 138
1 9 2
75 1
1 13 2
259 370
1 6 2
346 116
1 11 2
175 457
1 11 2
84 313
1 15 2
453 218
1 13 2
464 215
1 4 2
340 223
1 13 2
122 145
1 12 2
146 414
1 3 2
457 427
1 7 2
43 338
1 13 2
477 134
1 14 2
100 400
1 4 2
69 488
1 15 2
369 390
1 8 2
202 64
1 8 2
9 117
1 14 2
466 76
1 13 2
496 232
1 9 2
387 265
1 14 2
251 160
1 9 2
86 247
1 2 2
137 185
1 7 2
492 6
1 11 2
62 487
1 12 2
40 409
1 3 2
154 427
1 7 2
38 377
1 2 2
203 378
1 15 2
408 363
1 8 2
495 352
1 2 2
124 276
1 11 2
264 257
1 3 2
147 174
1 9 2
202 275
1 2 2
125 471
1 11 2
284 97
1 2 2
210 134
1 15 2
164 486
1 5 2
136 142
1 2 2
135 173
1 5 2
319 142
1 15 2
33 155
1 9 2
342 335
1 12 2
36 112
1 10 2
41 63
1 5 2
94 230
1 5 2
140 391
1 12 2
379 416
1 6 2
411 496
1 11 2
160 119
1 5 2
6 66
1 3 2
52 218
1 2 2
215 263
1 14 2
404 64
1 7 2
19 53
1 4 2
460 299
1 15 2
152 319
1 14 2
104 77
1 6 2
243 466
1 3 2
154 180
1 5 2
276 426
1 15 2
142 116
1 2 2
284 417
1 3 2
45 430
1 7 2
434 165
1 2 2
436 387
1 7 2
408 76
1 3 2
385 159
1 4 2
371 163
1 3 2
266 152
1 12 2
393 24
1 10 2
262 406
1 11 2
455 250
1 10 2
83 248
1 9 2
347 230
1 6 2
468 53
1 6 2
101 137
1 7 2
399 338
1 4 2
363 274
1 3 2
314 83
1 8 2
102 129
1 4 2
145 91
1 4 2
196 40
1 10 2
443 421
1 9 2
208 24
1 13 2
327 52
1 15 2
364 198
1 14 2
308 385
1 15 2
79 469
1 13 2
45 402
1 10 2
375 389
1 11 2
397 65
1 8 2
257 270
1 6 2
416 248
1 12 2
182 199
1 11 2
280 210
1 10 2
328 353
1 3 2
117 100
1 9 2
51 21
1 8 2
61 16
1 8 2
217 139
1 5 2
140 468
1 3 2
436 448
1 10 2
322 33
1 10 2
289 246
1 13 2
408 419
1 14 2
495 104
1 13 2
216 466
1 11 2
165 381
1 14 2
292 224
1 12 2
315 10
1 11 2
458 204
1 9 2
409 300
1 3 2
315 375
1 11 2
292 459
1 7 2
450 96
1 5 2
122 1
1 12 2
421 184
1 12 2
195 212
1 11 2
56 155
1 9 2
154 74
1 6 2
160 343
1 5 2
30 332
1 15 2
299 361
1 4 2
198 388
1 4 2
90 78
1 4 2
41 267
1 2 2
99 27
1 13 2
447 66
1 15 2
442 174
1 12 2
389 26
1 5 2
168 103
1 6 2
400 477
1 3 2
458 168
1 2 2
338 233
1 11 2
71 76
1 2 2
183 457
1 11 2
144 385
1 13 2
37 172
1 3 2
223 254
1 12 2
269 265
1 8 2
329 53
1 5 2
220 440
1 15 2
404 293
1 9 2
244 75
1 2 2
140 320
1 9 2
225 365
1 12 2
3 468
1 11 2
360 156
1 4 2
426 490
1 15 2
346 47
1 9 2
78 10
1 7 2
55 201
1 3 2
72 449
1 15 2
303 46
1 7 2
84 473
1 2 2
153 140
1 6 2
291 373
1 6 2
377 280
1 9 2
377 238
1 10 2
284 194
1 13 2
97 405
1 5 2
245 1
1 9 2
46 159
1 14 2
14 146
1 12 2
400 33
1 7 2
61 486
1 8 2
90 339
1 5 2
316 251
1 2 2
343 448
1 8 2
334 254
1 4 2
307 67
1 2 2
129 171
1 7 2
467 98
1 6 2
42 412
1 2 2
147 54
1 8 2
12 273
1 15 2
134 322
1 4 2
411 19
1 9 2
359 5
1 11 2
160 426
1 8 2
275 248
1 12 2
273 202
1 15 2
375 71
1 9 2
227 339
1 13 2
459 68
1 5 2
492 349
1 12 2
499 206
1 12 2
3 461
1 3 2
65 399
1 2 2
469 131
1 6 2
399 55
1 10 2
249 127
1 9 2
474 376
1 9 2
207 304
1 9 2
166 229
1 6 2
220 362
1 9 2
389 228
1 11 2
232 223
1 10 2
251 449
1 2 2
24 20
1 5 2
246 352
1 9 2
68 95
1 2 2
113 325
1 13 2
222 140
1 9 2
395 45
1 10 2
148 384
1 15 2
169 201
1 2 2
203 103
1 13 2
184 452
1 4 2
246 91
1 7 2
436 90
1 11 2
255 192
1 11 2
110 125
1 4 2
154 66
1 9 2
124 78
1 4 2
270 279
1 10 2
358 252
1 5 2
279 20
1 12 2
184 457
1 13 2
192 224
1 6 2
220 385
1 5 2
39 248
1 7 2
464 444
1 12 2
35 451
1 13 2
305 116
1 6 2
181 27
1 10 2
18 0
1 14 2
217 346
1 7 2
496 15
1 10 2
395 16
1 4 2
315 346
1 6 2
343 130
1 10 2
217 366
1 7 2
283 267
1 9 2
70 3
1 11 2
409 15
1 13 2
36 310
1 6 2
63 424
1 11 2
270 468
1 6 2
233 262
1 5 2
262 329
1 14 2
404 111
1 9 2
243 238
1 15 2
235 354
1 15 2
54 384
1 12 2
387 487
1 5 2
337 479
1 9 2
305 11
1 8 2
498 407
1 2 2
343 228
1 4 2
2 239
1 15 2
362 4
1 8 2
386 10
1 3 2
276 274
1 15 2
364 206
1 13 2
269 24
1 3 2
266 113
1 2 2
412 167
1 12 2
420 278
1 11 2
311 356
1 3 2
119 69
1 9 2
51 431
1 14 2
206 209
1 13 2
188 229
1 4 2
491 42
1 6 2
349 264
1 10 2
229 487
1 13 2
247 267
1 15 2
307 1
1 15 2
89 251
1 6 2
119 410
1 8 2
427 2
1 5 2
246 339
1 15 2
123 438
1 6 2
328 310
1 5 2
10 192
1 14 2
91 265
1 8 2
113 427
1 11 2
290 55
1 5 2
23 433
1 14 2
303 112
1 5 2
402 211
1 14 2
338 361
1 4 2
227 387
1 5 2
90 359
1 7 2
58 402
1 11 2
99 448
1 5 2
301 498
1 3 2
120 404
1 8 2
88 156
1 8 2
484 102
1 10 2
287 62
1 13 2
41 363
1 5 2
56 265
1 8 2
75 290
1 2 2
135 364
1 5 2
112 277
1 14 2
259 171
1 3 2
14 124
1 14 2
243 295
1 14 2
481 215
1 5 2
354 154
1 15 2
54 424
1 6 2
35 414
1 14 2
37 51
1 2 2
46 136
1 5 2
476 157
1 12 2
239 379
1 10 2
202 283
1 15 2
363 492
1 6 2
418 307
1 14 2
140 55
1 3 2
454 60
1 14 2
300 146
1 11 2
166 309
1 7 2
332 322
1 15 2
167 376
1 4 2
272 16
1 3 2
50 120
1 13 2
469 477
1 6 2
199 383
1 2 2
358 55
1 4 2
170 224
1 12 2
393 210
1 4 2
95 345
1 14 2
398 275
1 7 2
264 161
1 9 2
355 369
1 7 2
145 469
1 3 2
238 184
1 14 2
235 246
1 4 2
175 267
1 15 2
211 425
1 11 2
187 217
1 5 2
252 455
1 10 2
105 59
1 12 2
307 227
1 11 2
267 384
1 13 2
319 176
1 13 2
224 191
1 15 2
55 254
1 10 2
7 367
1 11 2
153 361
1 8 2
96 352
1 13 2
415 26
1 11 2
12 117
1 11 2
389 212
1 12 2
426 99
1 8 2
436 395
1 6 2
415 439
1 5 2
472 400
1 9 2
7 247
1 12 2
414 334
1 12 2
103 130
1 15 2
358 315
1 2 2
276 432
1 9 2
375 391
1 14 2
209 195
1 2 2
228 397
1 4 2
16 269
1 2 2
82 129
1 8 2
39 155
1 3 2
388 293
1 6 2
352 366
1 13 2
389 240
1 12 2
226 456
1 10 2
441 323
1 7 2
2 367
1 2 2
172 436
1 13 2
353 452
1 2 2
488 190
1 9 2
102 277
1 11 2
34 243
1 7 2
200 204
1 7 2
335 0
1 2 2
141 305
1 12 2
488 362
1 8 2
444 325
1 4 2
24 276
1 10 2
80 362
1 7 2
228 289
1 7 2
60 477
1 12 2
401 307
1 7 2
306 300
1 11 2
284 355
1 9 2
66 109
1 3 2
56 466
1 6 2
205 192
1 13 2
102 289
1 11 2
25 260
1 3 2
44 253
1 12 2
370 172
1 12 2
229 480
1 10 2
161 426
1 14 2
309 297
1 15 2
487 285
1 4 2
128 346
1 3 2
275 412
1 5 2
115 286
1 6 2
389 438
1 5 2
494 26
1 9 2
384 363
1 12 2
266 376
1 14 2
35 267
1 13 2
271 414
1 9 2
179 241
1 15 2
437 29
1 15 2
127 366
1 7 2
277 218
1 12 2
316 17
1 3 2
422 284
1 2 2
425 172
1 7 2
378 103
1 12 2
396 187
1 15 2
228 174
1 10 2
32 43
1 10 2
279 198
1 14 2
450 366
1 4 2
56 398
1 8 2
67 479
1 4 2
45 284
1 15 2
218 202
1 5 2
400 332
1 15 2
162 465
1 9 2
161 86
1 10 2
103 329
1 7 2
298 94
1 2 2
473 490
1 12 2
157 307
1 8 2
5 332
1 3 2
194 240
1 5 2
227 428
1 5 2
429 73
1 14 2
33 261
1 15 2
290 260
1 7 2
235 115
1 3 2
191 43
1 11 2
290 468
1 11 2
495 406
1 7 2
232 217
1 5 2
476 148
1 13 2
345 216
1 9 2
229 148
1 12 2
243 457
1 4 2
412 40
1 13 2
1 490
1 11 2
56 149
1 8 2
309 328
1 15 2
437 174
1 13 2
487 220
1 4 2
129 486
1 11 2
289 215
1 6 2
294 163
1 14 2
62 252
1 4 2
32 209
1 13 2
419 144
1 10 2
374 239
1 15 2
247 150
1 6 2
261 456
1 13 2
327 105
1 8 2
324 157
1 3 2
278 25
1 8 2
498 488
1 12 2
117 138
1 12 2
475 276
1 11 2
85 493
1 14 2
419 420
1 4 2
335 162
1 10 2
150 309
1 7 2
400 99
1 10 2
110 420
1 9 2
6 313
1 8 2
478 414
1 3 2
120 168
1 2 2
353 85
1 8 2
334 214
1 15 2
148 211
1 9 2
382 170
1 15 2
301 260
1 12 2
18 378
1 8 2
312 160
1 2 2
345 121
1 11 2
77 20
1 13 2
460 41
1 2 2
249 311
1 3 2
41 32
1 12 2
90 19
1 2 2
257 84
1 14 2
373 133
1 4 2
398 19
1 7 2
209 344
1 3 2
439 239
1 11 2
391 42
1 14 2
155 95
1 13 2
437 492
1 15 2
254 111
1 13 2
245 311
1 2 2
430 453
1 3 2
453 218
1 10 2
430 100
1 9 2
270 268
1 4 2
376 162
1 10 2
63 165
1 5 2
376 403
1 3 2
36 63
1 10 2
218 495
1 2 2
343 228
1 11 2
400 142
1 7 2
484 77
1 7 2
187 340
1 7 2
255 389
1 15 2
92 390
1 13 2
412 153
1 8 2
190 293
1 8 2
382 67
1 10 2
214 330
1 8 2
246 290
1 6 2
366 423
1 6 2
22 481
1 14 2
312 342
1 11 2
389 120
1 12 2
220 419
1 3 2
147 477
1 8 2
481 316
1 5 2
103 227
1 10 2
241 452
1 12 2
60 180
1 9 2
392 211
1 11 2
412 351
1 9 2
257 142
1 8 2
93 377
1 15 2
482 148
1 8 2
126 141
1 5 2
371 393
1 5 2
39 156
1 4 2
305 288
1 6 2
348 174
1 7 2
267 61
1 7 2
389 345
1 10 2
277 83
1 14 2
264 388
1 2 2
203 217
1 14 2
49 122
1 14 2
396 138
1 9 2
408 261
1 12 2
248 49
1 3 2
494 250
1 11 2
254 469
1 11 2
403 490
1 5 2
290 246
1 2 2
220 246
1 9 2
405 374
1 14 2
336 469
1 3 2
120 406
1 2 2
269 217
1 15 2
461 499
1 2 2
269 196
1 5 2
127 72
1 5 2
196 236
1 4 2
443 458
1 10 2
96 325
1 8 2
387 212
1 14 2
458 116
1 10 2
376 157
1 5 2
39 411
1 11 2
499 271
1 3 2
146 353
1 15 2
102 408
1 9 2
452 273
1 12 2
335 204
1 11 2
375 164
1 5 2
229 242
1 3 2
299 14
1 7 2
442 419
1 11 2
467 484
1 7 2
203 366
1 13 2
178 449
1 14 2
243 404
1 15 2
265 244
1 4 2
159 346
1 11 2
26 82
1 5 2
365 48
1 9 2
458 238
1 8 2
385 163
1 10 2
100 312
1 8 2
147 19
1 11 2
250 337
1 12 2
74 194
1 8 2
413 40
1 12 2
137 294
1 10 2
89 51
1 6 2
486 425
1 8 2
128 207
1 10 2
26 124
1 11 2
24 385
1 13 2
275 108
1 2 2
115 150
1 11 2
422 317
1 13 2
316 17
1 9 2
210 346
1 9 2
230 80
1 2 2
284 403
1 14 2
143 17
1 7 2
174 193
1 14 2
480 310
1 4 2
173 379
1 3 2
404 18
1 10 2
484 158
1 5 2
316 86
1 15 2
356 473
1 7 2
424 56
1 3 2
270 96
1 2 2
60 415
1 6 2
220 23
1 5 2
298 376
1 3 2
387 88
1 10 2
391 473
1 11 2
439 168
1 14 2
171 7
1 14 2
383 241
1 5 2
15 315
1 14 2
433 187
1 9 2
153 211
1 14 2
22 269
1 12 2
427 401
1 10 2
474 24
1 8 2
85 466
1 3 2
106 289
1 3 2
180 310
1 5 2
101 325
1 7 2
486 135
1 10 2
482 231
1 5 2
132 321
1 10 2
251 481
1 3 2
497 486
1 2 2
47 162
1 7 2
185 99
1 2 2
478 26
1 11 2
499 316
1 11 2
154 480
1 10 2
386 254
1 13 2
19 93
1 7 2
448 348
1 9 2
203 261
1 5 2
26 228
1 4 2
36 144
1 7 2
444 218
1 4 2
132 430
1 11 2
289 40
1 8 2
297 59
1 10 2
3 247
1 8 2
105 366
1 3 2
313 113
1 11 2
305 461
1 10 2
419 260
1 9 2
272 323
1 11 2
94 54
1 13 2
94 452
1 9 2
274 130
1 2 2
232 73
1 7 2
431 125
1 15 2
234 299
1 15 2
114 34
1 4 2
499 356
1 3 2
342 270
1 7 2
207 417
1 9 2
281 373
1 14 2
32 154
1 5 2
381 161
1 14 2
345 45
1 7 2
309 452
1 6 2
46 9
1 4 2
167 280
1 10 2
377 362
1 8 2
0 439
1 8 2
442 426
1 7 2
37 142
1 8 2
446 245
1 14 2
382 409
1 15 2
219 495
1 10 2
427 475
1 5 2
91 0
1 7 2
287 146
1 12 2
44 323
1 4 2
336 172
1 4 2
239 325
1 10 2
72 281
1 11 2
198 378
1 4 2
234 21
1 9 2
480 181
1 8 2
185 246
1 10 2
300 216
1 9 2
451 356
1 7 2
429 449
1 3 2
60 363
1 14 2
424 480
1 8 2
323 197
1 7 2
186 339
1 12 2
237 186
1 9 2
52 106
1 7 2
175 296
1 13 2
172 189
1 12 2
316 223
1 13 2
190 326
1 3 2
117 150
1 14 2
6 213
1 3 2
253 225
1 15 2
171 0
1 6 2
470 103
1 7 2
76 320
1 3 2
387 367
1 6 2
343 454
1 8 2
304 186
1 5 2
55 429
1 7 2
427 24
1 15 2
109 449
1 14 2
409 212
1 9 2
105 116
1 3 2
396 318
1 14 2
274 238
1 15 2
162 282
1 7 2
187 268
1 11 2
338 364
1 3 2
323 263
1 6 2
427 234
1 10 2
251 376
1 11 2
261 211
1 9 2
264 494
1 8 2
103 445
1 12 2
95 394
1 14 2
302 225
1 6 2
70 181
1 10 2
225 435
1 15 2
284 379
1 3 2
498 499
1 6 2
401 376
1 10 2
32 205
1 11 2
85 446
1 3 2
349 62
1 9 2
159 130
1 14 2
180 448
1 9 2
242 226
1 3 2
334 196
1 8 2
180 257
1 5 2
292 355
1 11 2
356 360
1 15 2
286 360
1 6 2
371 428
1 4 2
209 189
1 13 2
44 481
1 4 2
499 400
1 7 2
91 90
1 11 2
234 390
1 3 2
125 27
1 5 2
219 35
1 7 2
31 32
1 14 2
66 223
1 12 2
408 201
1 3 2
470 481
1 3 2
486 202
1 6 2
108 86
1 8 2
352 273
1 4 2
49 121
1 15 2
8 229
1 11 2
363 423
1 5 2
43 409
1 3 2
384 160
1 8 2
469 485
1 13 2
336 469
1 7 2
354 70
1 8 2
342 341
1 15 2
125 73
1 9 2
282 402
1 13 2
159 43
1 12 2
97 150
1 3 2
41 358
1 7 2
61 3
1 7 2
426 381
1 12 2
126 18
1 9 2
401 274
1 2 2
436 383
1 13 2
193 486
1 3 2
136 41
1 3 2
195 409
1 3 2
40 170
1 6 2
299 300
1 10 2
20 408
1 5 2
252 434
1 3 2
161 154
1 5 2
453 171
1 11 2
428 438
1 2 2
127 358
1 12 2
309 495
1 6 2
39 492
1 12 2
46 187
1 2 2
144 70
1 15 2
444 130
1 14 2
193 402
1 12 2
279 58
1 5 2
80 293
1 5 2
252 153
1 4 2
81 240
1 13 2
257 481
1 3 2
289 483
1 15 2
222 349
1 10 2
485 380
1 3 2
192 198
1 13 2
415 235
1 10 2
453 239
1 13 2
218 206
1 10 2
426 348
1 6 2
135 490
1 4 2
131 13
1 10 2
122 179
1 10 2
9 461
1 3 2
197 216
1 11 2
216 414
1 7 2
19 285
1 4 2
469 205
1 13 2
23 99
1 11 2
382 427
1 7 2
258 327
1 14 2
116 382
1 13 2
352 399
1 3 2
366 445
1 5 2
92 76
1 5 2
91 298
1 10 2
359 394
1 7 2
370 465
1 6 2
332 375
1 15 2
349 435
1 7 2
281 411
1 6 2
30 390
1 11 2
231 55
1 13 2
289 19
1 12 2
153 286
1 2 2
425 381
1 4 2
423 257
1 6 2
221 16
1 10 2
156 481
1 2 2
380 306
1 9 2
301 241
1 5 2
382 497
1 15 2
292 158
1 8 2
13 76
1 9 2
461 174
1 5 2
366 276
1 15 2
263 57
1 12 2
465 64
1 7 2
410 27
1 9 2
388 334
1 5 2
328 163
1 6 2
71 498
1 4 2
25 469
1 11 2
235 409
1 9 2
415 30
1 2 2
188 466
1 7 2
319 83
1 10 2
123 431
1 7 2
226 168
1 8 2
99 139
1 5 2
231 196
1 8 2
162 7
1 8 2
190 411
1 3 2
118 5
1 2 2
175 169
1 11 2
3 98
1 10 2
413 462
1 14 2
247 405
1 15 2
256 73
1 6 2
494 101
1 7 2
208 161
1 13 2
127 353
1 6 2
432 326
1 7 2
371 253
1 11 2
119 434
1 12 2
454 15
1 10 2
203 204
1 9 2
345 121
1 9 2
63 309
1 2 2
93 178
1 2 2
11 94
1 2 2
111 196
1 12 2
64 0
1 12 2
283 344
1 4 2
166 402
1 8 2
491 66
1 14 2
318 496
1 5 2
327 411
1 4 2
370 331
1 8 2
471 254
1 4 2
449 30
1 6 2
458 433
1 12 2
29 112
1 12 2
247 363
1 4 2
388 312
1 9 2
115 113
1 14 2
159 283
1 14 2
173 268
1 11 2
366 56
1 4 2
158 260
1 2 2
490 307
1 9 2
468 34
1 3 2
235 203
1 5 2
261 85
1 2 2
101 43
1 14 2
79 466
1 13 2
215 125
1 5 2
307 440
1 11 2
199 274
1 3 2
127 196
1 7 2
208 78
1 15 2
214 345
1 3 2
36 412
1 9 2
285 449
1 10 2
190 253
1 7 2
19 109
1 10 2
109 374
1 4 2
34 348
1 14 2
313 386
1 3 2
20 10
1 5 2
360 55
1 6 2
282 376
1 12 2
77 17
1 12 2
302 317
1 5 2
425 162
1 11 2
21 376
1 3 2
332 320
1 4 2
168 235
1 6 2
213 139
1 15 2
77 37
1 12 2
198 186
1 10 2
68 41
1 15 2
224 494
1 4 2
90 70
1 13 2
389 71
1 9 2
218 96
1 10 2
279 492
1 3 2
5 205
1 8 2
260 285
1 9 2
379 47
1 7 2
31 443
1 13 2
161 174
1 9 2
490 355
1 5 2
448 333
1 15 2
282 346
1 4 2
392 327
1 8 2
107 185
1 14 2
135 379
1 4 2
308 307
1 13 2
9 477
1 13 2
89 114
1 14 2
423 129
1 11 2
94 53
1 9 2
277 48
1 8 2
80 391
1 9 2
316 117
1 4 2
142 344
1 12 2
493 104
1 12 2
245 183
1 10 2
194 308
1 3 2
32 227
1 10 2
492 218
1 2 2
471 32
1 6 2
95 285
1 6 2
312 498
1 7 2
360 174
1 2 2
188 406
1 7 2
307 145
1 5 2
198 323
1 6 2
359 458
1 11 2
449 233
1 14 2
431 260
1 9 2
109 3
1 11 2
258 248
1 9 2
170 185
1 14 2
155 301
1 10 2
293 265
1 4 2
477 102
1 12 2
321 269
1 6 2
261 255
1 2 2
142 124
1 13 2
206 256
1 9 2
82 338
1 4 2
131 483
1 6 2
89 31
1 10 2
486 49
1 7 2
427 256
1 2 2
8 392
1 12 2
61 245
1 12 2
91 20
1 3 2
255 454
1 15 2
285 183
1 7 2
55 371
1 8 2
415 182
1 9 2
165 318
1 9 2
243 140
1 10 2
365 112
1 2 2
354 280
1 13 2
373 87
1 4 2
334 217
1 6 2
384 64
1 13 2
274 268
1 10 2
96 70
1 11 2
389 214
1 5 2
235 385
1 13 2
50 266
1 6 2
456 140
1 5 2
440 454
1 8 2
398 297
1 10 2
111 258
1 3 2
294 68
1 11 2
20 384
1 2 2
451 395
1 14 2
272 55
1 3 2
106 232
1 6 2
116 436
1 15 2
122 52
1 11 2
166 279
1 14 2
373 115
1 13 2
356 130
1 9 2
285 7
1 6 2
45 268
1 8 2
428 282
1 9 2
183 29
1 9 2
61 467
1 9 2
248 146
1 4 2
40 211
1 3 2
265 488
1 9 2
79 58
1 13 2
471 217
1 3 2
457 158
1 11 2
374 122
1 10 2
432 408
1 6 2
385 408
1 3 2
342 123
1 3 2
211 94
1 9 2
272 139
1 4 2
392 10
1 5 2
202 350
1 8 2
480 138
1 4 2
494 155
1 14 2
29 13
1 5 2
308 353
1 15 2
433 144
1 10 2
395 346
1 2 2
342 101
1 13 2
398 461
1 4 2
97 462
1 3 2
164 405
1 9 2
265 335
1 15 2
493 330
1 9 2
364 54
1 13 2
473 370
1 8 2
148 364
1 4 2
146 465
1 7 2
420 69
1 8 2
220 284
1 12 2
155 332
1 5 2
239 201
1 10 2
382 101
1 10 2
101 210
1 13 2
62 177
1 10 2
262 273
1 14 2
192 306
1 15 2
195 92
1 11 2
175 446
1 11 2
459 54
1 11 2
412 85
1 12 2
456 50
1 9 2
17 202
1 6 2
438 332
1 3 2
297 294
1 2 2
390 423
1 7 2
482 453
1 8 2
141 298
1 11 2
218 398
1 7 2
349 95
1 5 2
347 8
1 15 2
94 45
1 2 2
228 70
1 13 2
448 476
1 9 2
479 1
1 7 2
47 475
1 13 2
495 143
1 11 2
368 63
1 13 2
447 393
1 2 2
485 412
1 12 2
125 265
1 9 2
23 416
1 13 2
287 217
1 7 2
173 259
1 8 2
311 191
1 4 2
191 10
1 6 2
90 109
1 14 2
404 205
1 5 2
219 170
1 11 2
116 217
1 14 2
252 92
1 11 2
435 106
1 10 2
30 484
1 12 2
246 250
1 6 2
292 9
1 4 2
484 170
1 5 2
301 183
1 4 2
264 373
1 4 2
488 21
1 4 2
140 373
1 10 2
341 140
1 10 2
180 96
1 12 2
463 493
1 2 2
91 273
1 14 2
374 212
1 6 2
280 371
1 14 2
125 194
1 14 2
440 393
1 10 2
223 8
1 6 2
181 154
1 3 2
381 91
1 13 2
129 284
1 3 2
303 26
1 14 2
384 221
1 9 2
236 223
1 5 2
345 442
1 13 2
47 159
1 6 2
498 56
1 13 2
28 301
1 9 2
296 295
1 8 2
402 73
1 14 2
466 163
1 10 2
196 151
1 4 2
9 417
1 6 2
348 42
1 4 2
343 357
1 12 2
155 33
1 14 2
118 234
1 7 2
303 330
1 8 2
107 202
1 3 2
2 307
1 2 2
190 471
1 9 2
118 85
1 4 2
255 389
1 4 2
465 116
1 12 2
370 57
1 7 2
405 258
1 3 2
91 460
1 12 2
63 52
1 5 2
225 14
1 2 2
74 156
1 9 2
239 478
1 8 2
159 267
1 5 2
223 363
1 8 2
433 286
1 10 2
70 18
1 14 2
430 217
1 12 2
122 21
1 11 2
8 80
1 7 2
14 335
1 11 2
387 233
1 5 2
124 198
1 10 2
258 88
1 15 2
194 461
1 5 2
150 310
1 2 2
149 411
1 6 2
494 122
1 5 2
282 406
1 14 2
53 460
1 7 2
404 72
1 14 2
496 201
1 6 2
15 326
1 15 2
471 445
1 7 2
0 333
1 11 2
309 42
1 10 2
89 187
1 9 2
230 192
1 8 2
131 86
1 4 2
454 230
1 11 2
383 385
1 14 2
436 200
1 6 2
195 402
1 2 2
499 382
1 14 2
437 466
1 8 2
282 268
1 13 2
20 356
1 11 2
170 385
1 11 2
412 253
1 10 2
85 42
1 7 2
490 93
1 2 2
214 344
1 11 2
19 32
1 7 2
282 338
1 14 2
452 465
1 11 2
170 133
1 7 2
358 297
1 2 2
457 233
1 3 2
216 279
1 3 2
102 255
1 12 2
370 183
1 12 2
362 35
1 9 2
134 33
1 15 2
462 34
1 13 2
296 2
1 6 2
489 461
1 13 2
279 349
1 9 2
436 456
1 9 2
76 360
1 10 2
182 72
1 5 2
267 151
1 14 2
348 236
1 4 2
44 240
1 2 2
74 498
1 5 2
284 46
1 3 2
412 436
1 3 2
469 12
1 12 2
297 11
1 10 2
373 32
1 14 2
373 155
1 12 2
368 244
1 10 2
50 354
1 4 2
471 337
1 3 2
279 438
1 8 2
189 402
1 2 2
29 423
1 12 2
340 411
1 4 2
449 286
1 2 2
38 285
1 5 2
368 83
1 5 2
328 102
1 13 2
40 139
1 2 2
58 290
1 3 2
489 45
1 13 2
208 383
1 10 2
198 39
1 13 2
65 484
1 15 2
270 428
1 2 2
78 5
1 3 2
220 405
1 6 2
312 368
1 12 2
0 318
1 6 2
448 291
1 3 2
268 233
1 14 2
274 149
1 6 2
19 494
1 2 2
289 242
1 7 2
326 381
1 4 2
319 94
1 2 2
308 86
1 12 2
317 150
1 5 2
19 414
1 5 2
78 403
1 2 2
460 99
1 5 2
456 290
1 4 2
106 372
1 14 2
294 135
1 11 2
280 177
1 2 2
95 174
1 10 2
188 105
1 2 2
221 77
1 5 2
385 390
1 4 2
481 345
1 8 2
420 371
1 7 2
363 223
1 2 2
420 12
1 5 2
104 176
1 5 2
431 275
1 12 2
169 405
1 10 2
269 69
1 14 2
134 475
1 11 2
91 499
1 8 2
392 496
1 5 2
274 432
1 13 2
80 203
1 3 2
498 152
1 15 2
301 66
1 4 2
97 128
1 13 2
407 443
1 12 2
474 70
1 3 2
297 352
1 8 2
435 261
1 6 2
101 390
1 9 2
77 97
1 15 2
203 58
1 10 2
478 127
1 12 2
28 212
1 6 2
229 428
1 6 2
295 219
1 10 2
246 487
1 7 2
170 458
1 15 2
422 180
1 12 2
296 71
1 7 2
171 21
1 8 2
388 281
1 6 2
101 42
1 2 2
313 18
1 6 2
87 441
1 6 2
207 27
1 7 2
236 113
1 13 2
123 426
1 6 2
355 43
1 15 2
30 401
1 6 2
189 145
1 10 2
118 235
1 15 2
396 342
1 7 2
411 393
1 7 2
138 305
1 13 2
237 434
1 6 2
428 46
1 4 2
176 424
1 8 2
292 414
1 5 2
337 470
1 9 2
79 170
1 12 2
56 388
1 2 2
429 99
1 14 2
426 435
1 8 2
276 375
1 7 2
99 124
1 10 2
347 73
1 15 2
355 475
1 7 2
183 251
1 12 2
242 414
1 10 2
218 63
1 12 2
388 145
1 3 2
57 33
1 6 2
173 180
1 3 2
468 387
1 9 2
57 20
1 15 2
425 127
1 5 2
169 483
1 10 2
69 230
1 9 2
180 322
1 2 2
143 309
1 14 2
282 337
1 15 2
62 235
1 2 2
334 15
1 7 2
58 457
1 11 2
268 199
1 7 2
351 312
1 12 2
42 486
1 11 2
234 442
1 10 2
81 189
1 2 2
121 478
1 9 2
435 87
1 10 2
187 70
1 14 2
102 453
1 13 2
92 169
1 6 2
241 474
1 4 2
242 180
1 14 2
246 266
1 14 2
413 345
1 2 2
23 374
1 4 2
229 251
1 6 2
31 498
1 8 2
244 76
1 13 2
267 136
1 11 2
302 46
1 2 2
244 299
1 3 2
483 131
1 11 2
247 348
1 11 2
486 80
1 7 2
334 275
1 9 2
277 4
1 14 2
397 473
1 13 2
331 27
1 2 2
289 322
1 14 2
184 264
1 5 2
353 482
1 7 2
430 296
1 9 2
437 262
1 14 2
152 43
1 13 2
402 290
1 8 2
216 158
1 7 2
237 29
1 13 2
406 110
1 13 2
174 20
1 7 2
111 64
1 5 2
388 81
1 2 2
285 169
1 7 2
429 220
1 15 2
411 64
1 10 2
289 459
1 5 2
343 499
1 8 2
363 273
1 10 2
154 124
1 13 2
270 116
1 2 2
488 449
1 14 2
360 110
1 2 2
345 122
1 2 2
161 3
1 10 2
123 457
1 7 2
179 497
1 10 2
314 130
1 5 2
373 149
1 14 2
411 140
1 6 2
143 6
1 11 2
33 496
1 8 2
229 287
1 14 2
148 212
1 14 2
302 106
1 9 2
90 71
1 5 2
119 385
1 14 2
369 147
1 11 2
79 467
1 5 2
40 184
1 6 2
53 288
1 6 2
339 44
1 4 2
469 398
1 4 2
4 461
1 8 2
486 449
1 5 2
480 105
1 7 2
68 345
1 13 2
213 295
1 5 2
462 229
1 4 2
369 72
1 12 2
127 265
1 4 2
425 301
1 14 2
254 289
1 12 2
314 9
1 7 2
473 481
1 2 2
259 419
1 7 2
212 349
1 8 2
202 161
1 12 2
67 44
1 3 2
74 39
1 8 2
279 444
1 3 2
23 166
1 6 2
455 153
1 2 2
208 439
1 7 2
441 202
1 10 2
430 74
1 12 2
305 416
1 8 2
398 65
1 11 2
340 243
1 12 2
294 231
1 2 2
27 101
1 11 2
179 466
1 7 2
323 129
1 2 2
281 450
1 10 2
293 294
1 11 2
31 421
1 2 2
24 255
1 2 2
397 104
1 4 2
335 112
1 2 2
479 196
1 9 2
41 433
1 10 2
11 201
1 12 2
155 69
1 11 2
61 277
1 12 2
82 197
1 4 2
399 102
1 13 2
279 333
1 3 2
23 259
1 14 2
201 175
1 6 2
412 266
1 3 2
277 202
1 4 2
343 122
1 12 2
140 376
1 14 2
48 349
1 9 2
303 4
1 10 2
208 124
1 10 2
259 302
1 3 2
31 272
1 8 2
62 52
1 9 2
161 469
1 5 2
245 135
1 8 2
87 168
1 3 2
163 23
1 3 2
347 154
1 12 2
233 434
1 8 2
18 165
1 15 2
233 414
1 11 2
412 43
1 4 2
350 84
1 5 2
102 380
1 5 2
383 241
1 6 2
428 368
1 4 2
483 281
1 2 2
107 316
1 6 2
46 252
1 14 2
268 29
1 12 2
385 127
1 13 2
257 69
1 14 2
267 320
1 3 2
497 255
1 7 2
284 20
1 6 2
54 76
1 9 2
72 256
1 14 2
91 100
1 13 2
404 334
1 12 2
69 76
1 3 2
440 65
1 4 2
376 235
1 6 2
461 428
1 2 2
421 184
1 11 2
70 430
1 5 2
150 356
1 4 2
484 168
1 14 2
257 469
1 4 2
433 320
1 6 2
379 232
1 2 2
192 81
1 12 2
122 337
1 9 2
318 297
1 3 2
221 352
1 2 2
16 219
1 3 2
67 477
1 10 2
38 211
1 3 2
372 425
1 8 2
452 469
1 4 2
57 495
1 3 2
187 399
1 13 2
470 157
1 14 2
34 83
1 11 2
258 433
1 8 2
287 476
1 4 2
337 334
1 8 2
384 155
1 7 2
133 216
1 4 2
321 312
1 9 2
365 404
1 10 2
385 23
1 6 2
498 352
1 8 2
385 281
1 15 2
100 243
1 4 2
335 314
1 4 2
377 464
1 4 2
176 461
1 3 2
90 166
1 5 2
149 478
1 4 2
289 308
1 7 2
262 201
1 10 2
399 275
1 14 2
373 475
1 15 2
354 382
1 6 2
22 484
1 12 2
439 361
1 10 2
50 65
1 7 2
178 487
1 2 2
109 205
1 7 2
149 52
1 9 2
308 436
1 5 2
279 168
1 15 2
334 448
1 6 2
0 410
1 7 2
423 181
1 8 2
272 484
1 6 2
461 456
1 12 2
150 482
1 5 2
353 147
1 9 2
277 357
1 13 2
331 33
1 11 2
469 122
1 14 2
316 486
1 15 2
140 15
1 4 2
338 313
1 2 2
468 133
1 4 2
57 123
1 15 2
259 125
1 2 2
53 190
1 4 2
13 222
1 2 2
98 86
1 15 2
375 435
1 14 2
349 127
1 9 2
341 267
1 9 2
19 256
1 7 2
451 471
1 15 2
117 268
1 2 2
306 310
1 15 2
344 239
1 13 2
265 461
1 13 2
191 218
1 10 2
451 323
1 15 2
282 254
1 3 2
346 221
1 6 2
466 65
1 15 2
217 357
1 12 2
306 102
1 2 2
456 256
1 9 2
262 349
1 3 2
97 149
1 7 2
64 95
1 5 2
398 234
1 3 2
426 189
1 9 2
318 132
1 14 2
31 144
1 8 2
212 78
1 14 2
77 180
1 4 2
125 329
1 10 2
480 25
1 13 2
263 33
1 15 2
480 361
1 11 2
300 357
1 6 2
143 399
1 14 2
148 100
1 4 2
457 303
1 3 2
147 412
1 8 2
31 32
1 13 2
129 316
1 15 2
339 294
1 6 2
90 122
1 3 2
60 21
1 8 2
394 489
1 13 2
454 476
1 4 2
494 298
1 13 2
86 197
1 15 2
85 485
1 10 2
352 261
1 12 2
97 446
1 5 2
449 165
1 10 2
389 106
1 12 2
56 26
1 15 2
79 58
1 15 2
32 420
1 5 2
126 37
1 7 2
120 94
1 9 2
489 0
1 9 2
425 151
1 6 2
131 406
1 5 2
361 101
1 7 2
118 36
1 12 2
258 166
1 4 2
137 196
1 4 2
245 26
1 11 2
247 420
1 9 2
317 26
1 14 2
413 308
1 6 2
429 408
1 2 2
217 176
1 4 2
468 372
1 7 2
72 85
1 7 2
54 425
1 8 2
83 385
1 6 2
244 74
1 14 2
334 462
1 15 2
297 462
1 12 2
219 211
1 4 2
14 274
1 10 2
405 98
1 10 2
288 291
1 11 2
113 311
1 9 2
441 324
1 11 2
405 86
1 7 2
79 170
1 13 2
266 161
1 11 2
137 248
1 11 2
455 50
1 8 2
13 155
1 8 2
270 123
1 4 2
307 133
1 6 2
478 83
1 10 2
388 213
1 4 2
3 343
1 7 2
413 202
1 8 2
357 418
1 13 2
255 73
1 9 2
352 253
1 15 2
187 59
1 5 2
24 253
1 10 2
228 163
1 12 2
451 151
1 12 2
72 355
1 2 2
415 410
1 5 2
389 367
1 4 2
128 311
1 15 2
218 268
1 3 2
375 248
1 5 2
211 489
1 5 2
186 448
1 4 2
250 332
1 2 2
360 47
1 11 2
120 175
1 5 2
185 111
1 15 2
447 373
1 14 2
347 241
1 3 2
154 73
1 6 2
478 312
1 15 2
140 317
1 11 2
496 342
1 12 2
23 131
1 10 2
370 211
1 11 2
322 100
1 10 2
3 49
1 5 2
236 265
1 9 2
127 92
1 9 2
449 85
1 9 2
383 277
1 10 2
391 403
1 3 2
56 133
1 12 2
59 426
1 9 2
195 179
1 5 2
76 430
1 4 2
417 203
1 7 2
127 65
1 11 2
13 259
1 2 2
131 281
1 10 2
276 243
1 13 2
458 296
1 5 2
288 177
1 8 2
346 53
1 2 2
254 246
1 11 2
404 84
1 6 2
272 46
1 15 2
81 349
1 4 2
72 350
1 9 2
431 250
1 10 2
458 468
1 4 2
56 157
1 10 2
229 77
1 9 2
141 130
1 6 2
335 294
1 10 2
125 279
1 15 2
476 301
1 13 2
94 279
1 2 2
51 37
1 6 2
21 133
1 13 2
176 376
1 14 2
260 96
1 12 2
185 359
1 10 2
375 52
1 12 2
108 306
1 15 2
280 462
1 10 2
478 222
1 8 2
201 361
1 7 2
291 180
1 12 2
486 465
1 14 2
120 113
1 2 2
362 5
1 11 2
255 499
1 13 2
488 31
1 3 2
370 442
1 8 2
234 56
1 13 2
139 397
1 15 2
482 22
1 9 2
363 43
1 13 2
212 69
1 14 2
485 394
1 11 2
417 35
1 13 2
212 261
1 13 2
338 118
1 6 2
275 129
1 7 2
85 334
1 5 2
434 265
1 4 2
401 454
1 9 2
234 421
1 5 2
439 371
1 5 2
184 51
1 11 2
308 174
1 7 2
72 290
1 9 2
18 239
1 2 2
241 203
1 2 2
86 266
1 2 2
209 35
1 12 2
208 474
1 5 2
108 402
1 7 2
165 138
1 14 2
215 16
1 4 2
229 402
1 9 2
168 327
1 8 2
475 105
1 2 2
175 195
1 13 2
120 175
1 8 2
101 407
1 4 2
439 414
1 5 2
404 31
1 9 2
322 140
1 2 2
56 358
1 13 2
289 408
1 14 2
61 197
1 14 2
382 163
1 15 2
491 74
1 14 2
421 335
1 8 2
390 440
1 10 2
214 428
1 11 2
5 128
1 4 2
431 141
1 4 2
234 246
1 10 2
27 149
1 6 2
49 155
1 6 2
350 499
1 6 2
321 7
1 5 2
216 168
1 10 2
34 473
1 5 2
458 167
1 4 2
304 251
1 12 2
170 362
1 3 2
484 382
1 14 2
244 4
1 5 2
70 143
1 6 2
387 343
1 4 2
138 33
1 10 2
321 173
1 4 2
324 22
1 9 2
70 79
1 8 2
2 182
1 5 2
339 379
1 9 2
264 81
1 14 2
290 136
1 14 2
40 192
1 12 2
145 34
1 7 2
484 279
1 10 2
33 147
1 6 2
16 384
1 9 2
141 283
1 3 2
199 323
1 11 2
366 41
1 3 2
18 310
1 11 2
366 298
1 13 2
463 204
1 3 2
20 315
1 9 2
483 285
1 13 2
110 215
1 9 2
248 285
1 7 2
94 244
1 14 2
325 319
1 8 2
43 370
1 11 2
312 311
1 5 2
401 450
1 4 2
299 106
1 15 2
128 151
1 4 2
439 377
1 14 2
49 293
1 11 2
107 318
1 11 2
54 88
1 10 2
477 103
1 5 2
90 250
1 2 2
279 402
1 8 2
198 187
1 13 2
359 410
1 14 2
403 26
1 5 2
256 246
1 2 2
210 449
1 3 2
148 89
1 3 2
384 378
1 5 2
209 263
1 4 2
496 470
1 15 2
103 496
1 11 2
206 336
1 14 2
36 161
1 7 2
248 110
1 13 2
437 8
1 14 2
318 163
1 3 2
152 143
1 11 2
310 360
1 12 2
302 465
1 3 2
45 41
1 10 2
480 395
1 2 2
60 320
1 12 2
146 167
1 10 2
69 56
1 5 2
359 429
1 15 2
340 18
1 15 2
276 468
1 7 2
104 78
1 11 2
55 489
1 11 2
137 256
1 7 2
322 219
1 14 2
471 300
1 5 2
358 222
1 3 2
475 93
1 10 2
407 451
1 5 2
391 128
1 6 2
92 498
1 11 2
67 411
1 6 2
54 258
1 11 2
433 487
1 13 2
469 101
1 2 2
267 449
1 8 2
307 209
1 13 2
7 257
1 8 2
36 201
1 11 2
21 479
1 8 2
171 79
1 7 2
374 354
1 3 2
155 455
1 10 2
41 118
1 12 2
130 137
1 11 2
472 457
1 12 2
128 56
1 15 2
477 322
1 13 2
91 431
1 3 2
431 407
1 12 2
30 129
1 2 2
456 333
1 11 2
200 35
1 6 2
43 262
1 15 2
201 110
1 2 2
312 474
1 3 2
374 475
1 7 2
392 77
1 9 2
68 240
1 8 2
156 41
1 4 2
61 426
1 10 2
319 128
1 6 2
197 424
1 3 2
308 221
1 4 2
475 369
1 6 2
351 498
1 8 2
320 446
1 7 2
127 210
1 6 2
6 351
1 5 2
129 241
1 11 2
475 300
1 2 2
52 91
1 11 2
201 478
1 7 2
52 202
1 15 2
315 160
1 12 2
249 451
1 6 2
388 8
1 4 2
251 281
1 5 2
457 357
1 13 2
270 319
1 12 2
475 149
1 9 2
225 351
1 14 2
445 260
1 14 2
45 141
1 15 2
409 185
1 12 2
447 251
1 11 2
185 252
1 5 2
77 85
1 14 2
65 262
1 7 2
241 152
1 3 2
249 386
1 15 2
237 67
1 7 2
157 249
1 6 2
195 153
1 10 2
194 183
1 3 2
99 264
1 9 2
265 464
1 4 2
473 300
1 12 2
470 201
1 5 2
82 395
1 11 2
60 106
1 5 2
288 270
1 7 2
498 19
1 12 2
402 263
1 9 2
287 460
1 3 2
450 20
1 9 2
209 294
1 2 2
475 44
1 4 2
108 22
1 3 2
372 451
1 13 2
404 324
1 2 2
236 149
1 9 2
452 332
1 7 2
416 229
1 13 2
0 359
1 5 2
24 157
1 4 2
439 344
1 12 2
129 476
1 15 2
471 468
1 7 2
202 65
1 15 2
342 150
1 10 2
46 131
1 3 2
323 436
1 11 2
66 83
1 4 2
497 426
1 2 2
1 109
1 4 2
421 197
1 15 2
321 476
1 4 2
350 40
1 4 2
342 157
1 4 2
63 8
1 13 2
480 454
1 5 2
22 402
1 14 2
359 20
1 4 2
102 203
1 2 2
475 26
1 10 2
108 464
1 12 2
284 459
1 14 2
375 57
1 2 2
216 327
1 7 2
30 143
1 5 2
197 288
1 12 2
92 166
1 8 2
196 270
1 10 2
128 225
1 2 2
174 370
1 9 2
131 425
1 10 2
276 158
1 8 2
182 18
1 12 2
445 343
1 4 2
189 47
1 6 2
297 211
1 12 2
393 407
1 15 2
440 76
1 6 2
181 19
1 8 2
221 127
1 13 2
417 241
1 8 2
153 136
1 8 2
464 123
1 12 2
494 268
1 14 2
262 476
1 15 2
182 355
1 12 2
208 255
1 8 2
273 188
1 11 2
495 197
1 15 2
463 4
1 7 2
249 202
1 2 2
353 293
1 15 2
344 313
1 4 2
377 188
1 12 2
375 57
1 2 2
419 198
1 9 2
133 252
1 13 2
194 287
1 9 2
176 91
1 7 2
55 102
1 7 2
387 433
1 2 2
79 294
1 4 2
219 372
1 13 2
307 268
1 4 2
392 321
1 5 2
335 74
1 11 2
259 388
1 14 2
438 17
1 15 2
107 99
1 6 2
309 459
1 4 2
392 362
1 2 2
284 187
1 5 2
21 146
1 2 2
207 358
1 7 2
6 162
1 2 2
221 375
1 15 2
202 226
1 6 2
328 26
1 3 2
350 381
1 9 2
286 352
1 7 2
429 334
1 7 2
458 88
1 14 2
230 337
1 11 2
86 298
1 12 2
14 411
1 13 2
205 186
1 7 2
157 435
1 14 2
326 89
1 3 2
225 191
1 10 2
246 310
1 10 2
437 47
1 8 2
12 454
1 4 2
157 493
1 14 2
207 497
1 5 2
129 431
1 8 2
259 384
1 6 2
353 273
1 15 2
31 253
1 6 2
427 429
1 14 2
486 213
1 9 2
297 110
1 13 2
254 256
1 7 2
488 93
1 11 2
425 415
1 15 2
183 16
1 4 2
419 217
1 6 2
131 428
1 8 2
463 118
1 15 2
84 441
1 3 2
303 298
1 9 2
401 496
1 3 2
91 301
1 12 2
323 384
1 6 2
157 352
1 3 2
312 387
1 9 2
245 49
1 9 2
370 326
1 2 2
215 124
1 3 2
386 414
1 6 2
114 378
1 6 2
457 325
1 6 2
6 451
1 6 2
145 199
1 10 2
469 444
1 14 2
357 216
1 7 2
325 60
1 7 2
474 389
1 9 2
224 172
1 3 2
281 400
1 11 2
379 39
1 4 2
134 48
1 13 2
42 231
1 11 2
228 225
1 9 2
227 116
1 11 2
255 176
1 9 2
3 203
1 13 2
250 205
1 3 2
137 102
1 6 2
31 213
1 15 2
414 119
1 7 2
215 449
1 8 2
19 307
1 11 2
258 495
1 12 2
417 362
1 13 2
48 201
1 6 2
209 92
1 8 2
145 55
1 10 2
445 225
1 3 2
0 40
1 3 2
145 496
1 3 2
145 444
1 5 2
291 497
1 15 2
313 134
1 4 2
382 273
1 8 2
404 118
1 5 2
493 398
1 7 2
322 111
1 10 2
378 492
1 13 2
407 315
1 6 2
199 326
1 5 2
459 146
1 7 2
406 480
1 7 2
49 371
1 4 2
427 69
1 9 2
63 370
1 13 2
152 264
1 7 2
232 465
1 15 2
421 330
1 5 2
189 286
1 10 2
238 29
1 9 2
36 366
1 9 2
394 20
1 4 2
478 116
1 14 2
151 407
1 13 2
331 236
1 14 2
76 0
1 14 2
448 135
1 12 2
498 268
1 15 2
32 183
1 14 2
161 175
1 14 2
344 291
1 2 2
450 120
1 7 2
61 470
1 13 2
153 295
1 14 2
298 373
1 4 2
56 13
1 3 2
4 358
1 7 2
173 415
1 6 2
7 412
1 6 2
211 265
1 13 2
188 218
1 15 2
232 184
1 10 2
77 219
1 4 2
393 215
1 14 2
295 278
1 9 2
243 70
1 8 2
166 332
1 3 2
161 258
1 3 2
97 476
1 10 2
290 479
1 15 2
76 379
1 13 2
435 77
1 9 2
208 133
1 8 2
473 439
1 9 2
450 332
1 10 2
256 494
1 10 2
380 496
1 11 2
479 335
1 6 2
485 36
1 12 2
388 215
1 4 2
384 497
1 14 2
87 427
1 4 2
262 429
1 11 2
5 166
1 4 2
462 240
1 2 2
370 2
1 9 2
378 434
1 4 2
359 351
1 14 2
216 490
1 14 2
393 183
1 9 2
453 203
1 9 2
452 488
1 4 2
86 241
1 3 2
63 206
1 10 2
336 269
1 8 2
293 300
1 8 2
228 344
1 8 2
9 105
1 12 2
215 145
1 2 2
78 238
1 10 2
177 179
1 13 2
171 444
1 2 2
168 13
1 6 2
309 52
1 4 2
231 120
1 5 2
285 201
1 3 2
30 266
1 10 2
287 100
1 8 2
83 480
1 4 2
68 163
1 5 2
402 14
1 13 2
165 53
1 13 2
404 42
1 8 2
222 38
1 12 2
115 337
1 10 2
425 397
1 5 2
42 240
1 10 2
210 341
1 10 2
415 357
1 2 2
18 22
1 7 2
289 92
1 10 2
436 187
1 11 2
246 127
1 6 2
122 195
1 10 2
128 374
1 12 2
326 462
1 9 2
134 52
1 6 2
380 323
1 3 2
300 322
1 3 2
74 72
1 10 2
418 32
1 11 2
12 41
1 15 2
263 268
1 12 2
343 171
1 11 2
74 181
1 5 2
318 153
1 9 2
383 382
1 12 2
229 425
1 5 2
380 181
1 6 2
142 444
1 7 2
362 282
1 9 2
162 366
1 5 2
336 38
1 3 2
73 30
1 8 2
485 225
1 5 2
179 147
1 11 2
15 447
1 2 2
483 337
1 11 2
386 79
1 10 2
205 371
1 4 2
258 485
1 2 2
452 304
1 6 2
410 435
1 12 2
444 126
1 9 2
38 195
1 2 2
111 286
1 8 2
214 432
1 3 2
327 482
1 9 2
73 465
1 4 2
29 426
1 12 2
232 418
1 15 2
189 365
1 2 2
272 465
1 7 2
408 267
1 9 2
242 308
1 3 2
315 274
1 3 2
315 123
1 5 2
208 363
1 2 2
169 150
1 12 2
498 377
1 5 2
229 211
1 4 2
314 141
1 5 2
117 494
1 7 2
262 341
1 9 2
97 34
1 14 2
95 194
1 3 2
169 37
1 12 2
104 75
1 11 2
453 193
1 12 2
31 152
1 9 2
111 337
1 10 2
336 202
1 4 2
137 42
1 7 2
171 188
1 3 2
327 242
1 5 2
473 143
1 13 2
433 456
1 13 2
351 249
1 15 2
44 423
1 15 2
155 185
1 14 2
232 393
1 11 2
35 415
1 4 2
418 178
1 3 2
399 445
1 5 2
69 335
1 10 2
458 176
1 3 2
440 231
1 11 2
75 387
1 2 2
172 410
1 10 2
168 134
1 2 2
322 280
1 10 2
394 228
1 4 2
474 291
1 10 2
396 392
1 14 2
328 107
1 3 2
477 253
1 5 2
351 160
1 11 2
473 78
1 6 2
274 116
1 7 2
302 82
1 5 2
382 232
1 8 2
136 417
1 10 2
376 81
1 13 2
202 193
1 15 2
323 484
1 12 2
230 149
1 11 2
488 25
1 4 2
80 56
1 13 2
319 300
1 14 2
491 135
1 11 2
374 238
1 12 2
457 406
1 14 2
485 329
1 5 2
146 339
1 4 2
420 442
1 6 2
497 360
1 6 2
117 60
1 5 2
483 344
1 13 2
384 444
1 14 2
483 452
1 6 2
182 68
1 4 2
433 124
1 6 2
13 90
1 3 2
443 484
1 12 2
368 40
1 9 2
144 410
1 10 2
28 388
1 12 2
453 400
1 15 2
432 354
1 9 2
414 141
1 6 2
105 232
1 9 2
268 467
1 8 2
185 112
1 6 2
411 198
1 2 2
374 190
1 3 2
112 427
1 4 2
230 159
1 8 2
131 189
1 6 2
20 257
1 11 2
21 71
1 12 2
352 293
1 9 2
273 140
1 10 2
245 96
1 9 2
462 376
1 11 2
242 450
1 9 2
107 315
1 13 2
78 9
1 13 2
51 166
1 12 2
39 190
1 12 2
298 170
1 12 2
67 205
1 10 2
244 346
1 4 2
319 294
1 2 2
86 462
1 6 2
378 153
1 12 2
303 333
1 11 2
308 138
1 2 2
136 101
1 13 2
72 124
1 8 2
429 328
1 4 2
204 428
1 10 2
412 135
1 12 2
382 31
1 7 2
234 326
1 4 2
314 271
1 8 2
78 411
1 6 2
232 264
1 14 2
34 372
1 3 2
171 420
1 2 2
222 272
1 2 2
390 40
1 8 2
217 345
1 13 2
142 205
1 8 2
419 335
1 4 2
188 63
1 14 2
198 5
1 2 2
470 303
1 8 2
212 265
1 3 2
313 80
1 4 2
435 56
1 12 2
39 345
1 9 2
89 210
1 5 2
161 164
1 2 2
201 225
1 8 2
497 462
1 9 2
108 308
1 10 2
272 65
1 13 2
293 477
1 4 2
222 84
1 8 2
415 96
1 13 2
204 16
1 8 2
9 140
1 10 2
320 355
1 14 2
165 392
1 15 2
410 172
1 7 2
88 302
1 15 2
139 419
1 2 2
380 124
1 11 2
0 496
1 8 2
430 3
1 3 2
338 350
1 3 2
342 51
1 5 2
129 44
1 12 2
203 328
1 11 2
258 189
1 9 2
434 351
1 14 2
419 25
1 12 2
169 28
1 13 2
322 275
1 5 2
361 458
1 15 2
23 247
1 4 2
241 249
1 4 2
0 129
1 4 2
53 224
1 3 2
95 376
1 3 2
120 245
1 3 2
168 376
1 8 2
406 33
1 4 2
3 76
1 11 2
391 438
1 14 2
292 92
1 12 2
430 365
1 13 2
175 149
1 10 2
310 198
1 11 2
3 128
1 10 2
340 271
1 5 2
72 29
1 13 2
375 232
1 8 2
415 259
1 7 2
226 383
1 2 2
8 448
1 2 2
321 354
1 13 2
150 424
1 2 2
142 141
1 14 2
111 116
1 13 2
219 186
1 2 2
52 490
1 4 2
151 118
1 8 2
468 175
1 12 2
418 348
1 7 2
197 168
1 2 2
366 345
1 9 2
348 259
1 6 2
412 61
1 10 2
473 286
1 8 2
168 150
1 13 2
443 211
1 4 2
329 261
1 7 2
292 65
1 8 2
208 153
1 11 2
435 80
1 13 2
210 130
1 2 2
239 228
1 10 2
499 337
1 6 2
115 75
1 15 2
135 131
1 10 2
394 277
1 2 2
447 206
1 6 2
416 110
1 14 2
486 254
1 3 2
147 381
1 3 2
264 8
1 7 2
147 240
1 8 2
330 384
1 7 2
272 104
1 10 2
403 158
1 6 2
19 191
1 12 2
351 393
1 6 2
473 125
1 9 2
342 355
1 4 2
313 406
1 3 2
221 365
1 13 2
392 449
1 5 2
382 454
1 10 2
440 405
1 2 2
488 365
1 10 2
23 85
1 13 2
60 489
1 14 2
455 89
1 4 2
186 40
1 8 2
35 302
1 7 2
402 114
1 11 2
378 320
1 3 2
252 423
1 14 2
425 415
1 9 2
455 204
1 2 2
237 184
1 11 2
261 253
1 7 2
340 74
1 14 2
427 219
1 6 2
380 287
1 6 2
481 110
1 10 2
124 100
1 9 2
315 303
1 6 2
320 266
1 4 2
325 21
1 12 2
274 117
1 11 2
487 72
1 2 2
72 218
1 3 2
363 325
1 2 2
263 113
1 12 2
328 408
1 14 2
76 61
1 5 2
19 173
1 15 2
7 372
1 7 2
151 139
1 4 2
302 219
1 3 2
189 382
1 14 2
126 166
1 2 2
227 269
1 5 2
263 151
1 7 2
235 275
1 11 2
40 340
1 13 2
189 481
1 2 2
78 105
1 11 2
132 359
1 14 2
337 130
1 14 2
485 223
1 7 2
15 189
1 4 2
279 367
1 2 2
151 267
1 2 2
496 413
1 8 2
136 474
1 8 2
405 97
1 2 2
234 130
1 13 2
431 124
1 15 2
469 369
1 15 2
123 308
1 9 2
444 137
1 13 2
130 44
1 9 2
47 3
1 12 2
381 386
1 4 2
216 491
1 12 2
352 409
1 4 2
242 481
1 12 2
119 68
1 12 2
331 157
1 8 2
371 368
1 5 2
463 280
1 12 2
449 485
1 8 2
279 373
1 5 2
363 131
1 13 2
420 176
1 10 2
76 473
1 2 2
387 280
1 7 2
192 352
1 10 2
277 359
1 10 2
343 216
1 3 2
385 133
1 15 2
470 297
1 4 2
454 311
1 13 2
329 51
1 14 2
417 141
1 4 2
215 456
1 9 2
228 239
1 5 2
409 475
1 13 2
172 258
1 7 2
53 379
1 5 2
386 293
1 11 2
397 356
1 6 2
419 204
1 6 2
188 229
1 7 2
317 491
1 5 2
115 362
1 4 2
307 276
1 14 2
252 414
1 5 2
252 393
1 14 2
115 181
1 2 2
486 18
1 7 2
426 259
1 11 2
221 22
1 7 2
310 295
1 3 2
410 260
1 14 2
26 101
1 13 2
485 197
1 3 2
396 38
1 6 2
259 27
1 5 2
305 56
1 5 2
374 431
1 6 2
208 33
1 14 2
264 247
1 9 2
36 482
1 11 2
112 307
1 14 2
68 113
1 9 2
296 36
1 9 2
63 39
1 2 2
187 369
1 2 2
243 80
1 10 2
222 49
1 10 2
34 169
1 12 2
2 276
1 12 2
455 213
1 8 2
226 435
1 13 2
17 145
1 10 2
314 264
1 9 2
225 147
1 2 2
42 292
1 15 2
272 120
1 15 2
325 59
1 14 2
257 322
1 8 2
214 433
1 8 2
201 258
1 15 2
19 362
1 6 2
403 190
1 3 2
472 183
1 4 2
411 379
1 15 2
363 306
1 12 2
102 118
1 15 2
483 334
1 13 2
80 218
1 4 2
183 471
1 7 2
294 284
1 2 2
299 350
1 9 2
38 200
1 10 2
140 209
1 4 2
488 468
1 14 2
370 445
1 4 2
476 384
1 9 2
41 39
1 15 2
144 123
1 5 2
19 146
1 4 2
57 168
1 13 2
165 376
1 5 2
314 449
1 4 2
95 460
1 2 2
55 177
1 10 2
391 193
1 12 2
59 86
1 13 2
248 46
1 4 2
26 44
1 11 2
491 161
1 11 2
64 102
1 13 2
44 324
1 11 2
49 369
1 14 2
343 65
1 12 2
290 21
1 6 2
34 128
1 2 2
11 115
1 5 2
254 368
1 7 2
166 323
1 12 2
485 358
1 3 2
379 328
1 6 2
484 139
1 2 2
217 94
1 2 2
32 57
1 6 2
79 311
1 12 2
185 43
1 12 2
225 19
1 13 2
283 420
1 8 2
311 241
1 3 2
421 247
1 11 2
210 471
1 15 2
183 68
1 12 2
416 279
1 15 2
441 12
1 6 2
266 480
1 2 2
366 465
1 7 2
137 21
1 8 2
287 463
1 12 2
209 478
1 5 2
42 394
1 6 2
58 267
1 5 2
24 64
1 12 2
266 49
1 7 2
402 20
1 5 2
498 219
1 3 2
382 390
1 11 2
159 297
1 11 2
56 309
1 9 2
228 357
1 10 2
252 306
1 4 2
19 376
1 3 2
345 225
1 2 2
463 239
1 15 2
51 5
1 10 2
397 44
1 14 2
236 338
1 9 2
197 320
1 9 2
17 342
1 8 2
325 117
1 5 2
479 486
1 2 2
371 344
1 13 2
303 287
1 3 2
279 496
1 11 2
357 215
1 15 2
375 124
1 4 2
328 375
1 2 2
52 219
1 11 2
484 325
1 10 2
473 393
1 4 2
155 328
1 6 2
423 122
1 12 2
28 323
1 8 2
437 181
1 10 2
202 125
1 7 2
499 279
1 14 2
363 298
1 14 2
375 70
1 9 2
193 96
1 9 2
109 372
1 9 2
281 318
1 9 2
219 401
1 11 2
359 131
1 5 2
355 190
1 13 2
332 414
1 15 2
136 366
1 14 2
281 182
1 14 2
4 284
1 14 2
393 272
1 9 2
199 43
1 13 2
2 215
1 11 2
392 282
1 8 2
274 315
1 13 2
123 151
1 3 2
17 379
1 10 2
445 272
1 15 2
422 60
1 8 2
254 106
1 14 2
274 442
1 4 2
378 355
1 4 2
483 489
1 12 2
237 379
1 9 2
412 28
1 12 2
361 124
1 6 2
100 81
1 14 2
376 489
1 5 2
432 250
1 8 2
274 176
1 15 2
414 476
1 11 2
491 322
1 2 2
348 254
1 9 2
39 14
1 5 2
485 431
1 2 2
258 309
1 9 2
475 147
1 15 2
169 428
1 14 2
139 176
1 8 2
218 106
1 7 2
489 381
1 9 2
152 42
1 10 2
469 411
1 5 2
412 103
1 4 2
34 342
1 11 2
468 12
1 4 2
455 280
1 4 2
143 304
1 13 2
425 498
1 4 2
392 24
1 2 2
499 244
1 2 2
241 319
1 4 2
314 398
1 6 2
62 495
1 3 2
31 421
1 3 2
453 232
1 7 2
423 351
1 3 2
469 67
1 6 2
269 80
1 15 2
135 319
1 11 2
189 455
1 6 2
354 388
1 5 2
120 76
1 11 2
144 111
1 14 2
286 402
1 5 2
50 282
1 9 2
310 22
1 15 2
362 44
1 9 2
332 130
1 4 2
181 95
1 3 2
161 165
1 4 2
173 452
1 15 2
148 83
1 10 2
74 304
1 8 2
498 189
1 15 2
302 169
1 13 2
203 374
1 4 2
137 8
1 9 2
360 172
1 14 2
276 427
1 2 2
196 302
1 14 2
53 34
1 4 2
2 71
1 4 2
69 86
1 5 2
302 76
1 9 2
161 318
1 4 2
224 138
1 13 2
416 52
1 10 2
44 454
1 15 2
253 133
1 15 2
48 462
1 2 2
310 386
1 10 2
222 10
1 12 2
386 220
1 12 2
73 210
1 15 2
188 194
1 9 2
0 209
1 3 2
365 71
1 14 2
322 0
1 3 2
253 28
1 12 2
300 304
1 7 2
282 117
1 12 2
454 151
1 10 2
98 399
1 12 2
90 265
1 8 2
285 164
1 7 2
354 399
1 12 2
45 18
1 14 2
91 148
1 5 2
489 179
1 10 2
451 232
1 11 2
477 110
1 15 2
320 393
1 11 2
387 478
1 6 2
434 312
1 13 2
270 409
1 14 2
428 211
1 9 2
132 14
1 3 2
169 140
1 3 2
349 15
1 7 2
480 52
1 4 2
374 428
1 13 2
488 344
1 6 2
304 354
1 15 2
485 459
1 11 2
46 65
1 2 2
236 154
1 12 2
439 89
1 7 2
398 296
1 9 2
88 192
1 9 2
466 303
1 12 2
410 448
1 8 2
360 58
1 12 2
107 458
1 4 2
83 138
1 15 2
211 378
1 13 2
74 351
1 7 2
477 331
1 8 2
343 15
1 4 2
481 210
1 12 2
16 444
1 5 2
461 447
1 11 2
236 325
1 10 2
433 411
1 9 2
364 399
1 14 2
103 86
1 5 2
266 100
1 13 2
104 134
1 4 2
60 145
1 9 2
36 215
1 8 2
149 378
1 12 2
165 271
1 8 2
379 334
1 12 2
271 157
1 10 2
58 284
1 9 2
289 345
1 7 2
61 297
1 13 2
410 423
1 5 2
106 200
1 8 2
278 352
1 14 2
292 460
1 5 2
92 45
1 10 2
164 216
1 7 2
143 201
1 15 2
452 34
1 11 2
445 9
1 12 2
71 241
1 11 2
384 383
1 2 2
42 148
1 3 2
192 126
1 6 2
60 356
1 7 2
247 244
1 10 2
297 475
1 7 2
317 247
1 6 2
354 378
1 6 2
354 447
1 15 2
74 232
1 6 2
324 67
1 13 2
151 429
1 8 2
12 28
1 7 2
419 2
1 7 2
436 11
1 7 2
449 327
1 11 2
118 42
1 2 2
159 89
1 4 2
482 58
1 4 2
114 226
1 5 2
197 444
1 8 2
23 364
1 12 2
166 289
1 6 2
244 319
1 3 2
476 145
1 10 2
60 139
1 12 2
223 45
1 14 2
173 338
1 3 2
15 91
1 7 2
208 45
1 6 2
175 194
1 13 2
11 452
1 9 2
491 81
1 10 2
232 216
1 13 2
64 402
1 14 2
271 62
1 11 2
445 417
1 9 2
396 163
1 15 2
435 132
1 2 2
49 285
1 15 2
80 248
1 11 2
5 430
1 5 2
156 498
1 5 2
483 473
1 14 2
270 171
1 11 2
95 345
1 11 2
198 140
1 11 2
158 441
1 8 2
33 71
1 10 2
242 461
1 15 2
190 305
1 4 2
392 473
1 6 2
491 267
1 9 2
329 340
1 3 2
94 340
1 2 2
267 305
1 10 2
438 229
1 13 2
257 404
1 3 2
328 46
1 9 2
143 366
1 15 2
384 50
1 6 2
47 389
1 11 2
207 434
1 10 2
496 113
1 4 2
83 383
1 7 2
328 481
1 14 2
400 102
1 14 2
67 353
1 5 2
324 326
1 14 2
458 276
1 5 2
458 115
1 12 2
337 248
1 9 2
299 310
1 11 2
240 196
1 3 2
409 1
1 15 2
13 465
1 12 2
203 286
1 3 2
482 82
1 14 2
139 381
1 15 2
380 60
1 13 2
297 349
1 4 2
256 264
1 4 2
133 128
1 7 2
113 189
1 12 2
16 12
1 3 2
409 230
1 3 2
238 40
1 2 2
184 370
1 12 2
63 420
1 12 2
398 443
1 2 2
69 161
1 13 2
4 6
1 8 2
476 451
1 7 2
252 66
1 13 2
263 479
1 3 2
301 51
1 12 2
127 409
1 11 2
311 468
1 15 2
308 125
1 11 2
425 70
1 8 2
484 238
1 5 2
335 1
1 4 2
106 200
1 13 2
289 132
1 3 2
458 425
1 11 2
488 364
1 3 2
360 391
1 3 2
145 57
1 5 2
207 105
1 5 2
149 407
1 5 2
378 340
1 11 2
200 246
1 4 2
464 386
1 6 2
169 155
1 11 2
15 382
1 7 2
13 156
1 6 2
378 472
1 4 2
372 484
1 13 2
287 276
1 15 2
308 465
1 10 2
350 96
1 4 2
297 467
1 15 2
213 119
1 5 2
79 258
1 5 2
304 18
1 11 2
71 5
1 3 2
253 3
1 10 2
199 383
1 2 2
68 492
1 14 2
263 486
1 10 2
407 178
1 3 2
93 53
1 14 2
256 202
1 10 2
425 86
1 15 2
249 437
1 5 2
84 10
1 6 2
271 66
1 15 2
239 430
1 9 2
468 378
1 7 2
74 102
1 9 2
216 82
1 11 2
280 49
1 10 2
440 148
1 8 2
137 186
1 10 2
324 220
1 8 2
90 259
1 10 2
291 32
1 2 2
193 98
1 6 2
481 320
1 8 2
49 248
1 6 2
392 108
1 9 2
386 246
1 5 2
198 187
1 10 2
323 121
1 6 2
150 351
1 13 2
355 53
1 3 2
322 277
1 15 2
472 61
1 6 2
345 219
1 15 2
66 351
1 9 2
343 48
1 12 2
60 399
1 5 2
51 381
1 9 2
345 460
1 7 2
330 255
1 9 2
188 420
1 4 2
9 177
1 11 2
189 284
1 13 2
130 8
1 10 2
367 421
1 3 2
178 131
1 5 2
167 304
1 9 2
378 177
1 12 2
44 370
1 14 2
246 29
1 4 2
399 182
1 9 2
134 31
1 11 2
329 418
1 13 2
234 381
1 13 2
22 409
1 11 2
174 15
1 2 2
25 340
1 8 2
190 41
1 8 2
36 234
1 11 2
10 241
1 11 2
496 186
1 8 2
388 152
1 2 2
266 350
1 5 2
416 176
1 13 2
472 351
1 14 2
74 1
1 2 2
352 237
1 7 2
138 44
1 7 2
228 214
1 3 2
31 28
1 3 2
43 483
1 9 2
423 51
1 8 2
274 417
1 6 2
421 282
1 15 2
141 51
1 13 2
98 491
1 3 2
269 39
1 11 2
364 432
1 10 2
396 468
1 13 2
234 290
1 8 2
452 110
1 14 2
344 167
1 10 2
405 125
1 13 2
105 108
1 2 2
16 45
1 12 2
470 242
1 5 2
65 200
1 2 2
276 323
1 9 2
360 439
1 3 2
48 273
1 4 2
215 302
1 8 2
447 25
1 2 2
158 450
1 12 2
12 59
1 11 2
107 396
1 15 2
430 123
1 2 2
473 211
1 14 2
190 42
1 6 2
425 28
1 8 2
377 324
1 9 2
144 45
1 15 2
263 16
1 9 2
186 404
1 3 2
297 158
1 15 2
446 191
1 8 2
388 72
1 14 2
264 173
1 2 2
42 365
1 4 2
8 360
1 4 2
343 166
1 10 2
125 285
1 3 2
14 459
1 7 2
461 235
1 13 2
491 28
1 3 2
155 466
1 10 2
472 154
1 11 2
257 10
1 3 2
149 272
1 3 2
418 316
1 14 2
130 154
1 6 2
280 316
1 10 2
331 462
1 13 2
77 478
1 8 2
185 427
1 5 2
298 107
1 4 2
70 399
1 3 2
195 283
1 11 2
177 221
1 12 2
21 477
1 8 2
286 336
1 12 2
48 380
1 9 2
251 423
1 12 2
190 69
1 8 2
141 196
1 10 2
172 467
1 14 2
386 475
1 6 2
394 392
1 4 2
185 5
1 9 2
84 102
1 13 2
158 360
1 9 2
447 334
1 11 2
376 372
1 6 2
13 448
1 3 2
288 158
1 9 2
491 143
1 15 2
320 210
1 4 2
499 163
1 4 2
193 294
1 8 2
278 40
1 3 2
226 397
1 6 2
474 275
1 2 2
407 125
1 8 2
44 387
1 2 2
483 476
1 11 2
93 356
1 3 2
216 390
1 7 2
495 257
1 13 2
368 205
1 4 2
147 66
1 14 2
496 147
1 7 2
421 56
1 11 2
101 283
1 12 2
226 210
1 11 2
212 127
1 8 2
471 155
1 9 2
28 154
1 6 2
206 452
1 6 2
129 467
1 12 2
243 292
1 9 2
457 292
1 10 2
426 152
1 7 2
392 493
1 7 2
497 470
1 7 2
469 45
1 9 2
412 488
1 14 2
111 307
1 10 2
103 458
1 3 2
111 389
1 10 2
322 79
1 13 2
212 219
1 9 2
487 76
1 5 2
250 438
1 14 2
140 82
1 12 2
286 42
1 3 2
114 238
1 7 2
154 248
1 2 2
465 50
1 7 2
335 307
1 3 2
88 223
1 15 2
497 134
1 13 2
414 100
1 6 2
429 182
1 8 2
129 476
1 2 2
20 67
1 14 2
103 377
1 5 2
18 70
1 8 2
97 206
1 15 2
39 428
