500 4000 1500
11 20 6 18 14 25 24 6 17 9 10 19 13 17 9 15 7 14 12 10 14 17 7 18 23 10 5 6 14 8 12 12 24 25 15 7 6 25 17 20 16 24 20 18 12 9 5 5 7 15 11 10 16 17 11 7 7 16 24 20 20 15 20 23 15 14 5 23 15 23 19 23 11 15 13 12 24 6 13 20 14 23 6 18 18 10 7 8 23 8 13 17 16 19 22 17 25 22 8 5 21 17 17 24 6 23 22 7 20 6 6 9 10 12 23 8 16 13 23 20 20 13 15 17 9 8 23 5 18 8 10 23 13 23 15 21 14 25 16 10 25 10 20 18 13 5 12 20 24 15 13 25 23 15 6 23 20 22 6 20 22 14 14 15 19 14 5 9 17 9 6 15 22 12 22 6 8 6 12 19 11 9 25 6 25 8 7 5 16 24 11 16 6 25 12 9 19 21 20 13 6 20 11 8 12 21 9 10 10 9 24 18 14 11 17 7 21 23 19 22 17 11 25 18 13 13 8 5 9 16 5 14 8 19 20 10 23 9 17 11 10 10 25 6 22 15 14 23 20 11 6 5 21 19 10 16 20 6 22 23 19 10 6 22 19 15 8 8 22 17 10 16 20 13 12 12 23 14 9 6 8 19 19 6 21 22 22 23 5 22 19 20 24 5 18 14 8 7 25 18 18 24 18 18 7 7 20 19 8 10 11 15 14 20 24 12 23 10 11 12 22 7 14 23 19 15 18 21 13 6 11 20 9 18 20 9 14 11 6 20 16 18 18 20 18 19 15 16 20 13 6 21 17 22 21 19 18 21 15 21 24 17 16 19 6 25 14 15 15 25 21 8 20 15 7 20 17 18 8 24 13 23 5 7 13 13 18 7 22 18 25 16 6 9 10 22 15 21 6 23 14 5 11 25 17 13 15 5 13 11 19 14 19 6 10 11 15 8 7 25 22 21 24 24 15 16 7 7 23 17 24 13 5 20 19 23 11 19 18 13 11 23 20 16 15 20 23 17 9 14 18 10 21 22 15 16 8 6 20 25 25 19 8 17 14 7 14 16 21 6 15 20 25 6 18 12 12 22 12 16 23 13 20 11 14 25 14 15 7 8 23 23 18 8 10 19 18 13 7 17
3 3 20 3 3 18 9 12 10 10 19 4 12 8 17 13 9 4 15 16 20 3 12 12 9 17 8 9 18 6 11 16 17 7 5 9 18 14 7 19 13 12 4 7 8 20 16 19 7 12 16 19 6 17 7 5 8 20 5 14 14 20 13 4 4 19 12 16 16 6 20 7 9 17 15 5 13 16 8 11 20 5 6 13 12 9 11 18 18 3 13 12 20 7 3 20 14 13 5 13 12 10 13 18 10 8 17 5 12 8 14 15 14 12 13 15 4 18 11 16 7 5 7 8 6 7 5 14 7 20 15 11 9 15 16 16 20 11 17 4 19 16 19 17 4 16 12 6 6 11 8 14 12 15 12 17 20 16 18 7 7 6 4 20 8 10 17 20 6 20 8 19 16 5 13 19 5 12 13 3 18 16 12 5 13 4 3 13 3 4 10 20 10 12 11 12 8 4 14 10 14 8 5 15 3 20 16 15 8 16 19 19 5 19 14 10 8 9 19 19 15 16 17 8 16 9 5 5 7 15 13 3 10 4 15 16 15 14 6 5 7 11 13 15 12 8 5 6 9 17 7 18 4 18 10 11 4 3 6 20 9 17 15 19 12 10 5 12 11 3 20 8 6 19 8 19 10 4 9 20 13 14 4 20 8 3 8 12 15 18 4 17 16 16 11 12 17 6 9 18 18 10 20 12 3 18 15 13 9 13 12 5 7 11 8 20 4 4 17 16 12 9 7 16 20 6 16 16 8 19 7 5 17 10 4 20 3 14 5 20 15 3 14 12 5 11 8 18 9 16 9 19 7 10 16 11 6 19 15 6 19 7 9 11 20 6 11 11 19 16 6 20 13 6 5 7 4 3 18 17 8 14 11 8 19 19 11 4 3 17 7 8 13 7 17 5 17 12 19 8 14 16 4 6 9 4 5 14 14 13 12 3 8 9 11 13 15 5 10 4 17 4 19 8 13 8 19 7 13 5 8 11 6 13 5 11 8 9 11 18 16 5 11 9 10 5 8 15 13 5 12 8 3 18 8 11 5 13 19 8 4 12 10 11 20 17 7 13 16 6 15 16 15 20 7 5 12 9 16 12 12 7 20 3 11 19 4 4 3 6 10 15 20 9 10 3 5 12 10 14
1 4 2
7 219
1 11 2
221 451
1 7 2
67 93
1 11 2
383 29
1 14 2
378 217
1 3 2
447 104
1 7 2
385 284
1 11 2
343 472
1 3 2
320 95
1 11 2
472 236
1 4 2
219 481
1 14 2
143 366
1 13 2
297 8
1 7 2
240 442
1 3 2
138 170
1 8 2
344 378
1 9 2
480 171
1 11 2
79 319
1 15 2
389 200
1 5 2
318 349
1 9 2
476 126
1 4 2
239 430
1 9 2
473 406
1 7 2
208 304
1 6 2
0 329
1 4 2
233 210
1 14 2
329 493
1 9 2
487 389
1 6 2
147 306
1 6 2
79 252
1 5 2
75 401
1 14 2
37 415
1 14 2
395 31
1 12 2
5 215
1 8 2
257 122
1 3 2
260 132
1 13 2
285 419
1 14 2
29 81
1 7 2
89 368
1 10 2
382 224
1 7 2
364 306
1 2 2
190 288
1 13 2
116 160
1 7 2
489 340
1 11 2
414 388
1 15 2
182 64
1 5 2
184 116
1 12 2
329 193
1 7 2
366 279
1 4 2
414 365
1 3 2
117 61
1 12 2
224 493
1 15 2
249 499
1 5 2
280 349
1 12 2
249 160
1 6 2
347 120
1 3 2
389 496
1 11 2
425 459
1 13 2
375 169
1 7 2
332 363
1 5 2
168 199
1 6 2
81 329
1 11 2
145 193
1 5 2
361 163
1 6 2
68 192
1 5 2
177 110
1 14 2
281 478
1 12 2
68 100
1 6 2
248 46
1 12 2
438 457
1 15 2
355 222
1 7 2
403 407
1 7 2
453 421
1 3 2
313 137
1 5 2
38 310
1 11 2
60 274
1 10 2
300 128
1 2 2
442 324
1 10 2
496 281
1 13 2
118 171
1 2 2
172 430
1 14 2
354 343
1 9 2
235 138
1 15 2
343 307
1 2 2
489 187
1 14 2
50 363
1 13 2
380 172
1 8 2
48 407
1 3 2
74 371
1 14 2
328 83
1 15 2
59 198
1 2 2
55 417
1 5 2
143 2
1 12 2
149 63
1 14 2
139 112
1 5 2
367 380
1 14 2
12 374
1 14 2
214 120
1 2 2
169 64
1 14 2
332 267
1 8 2
68 18
1 2 2
423 55
1 7 2
271 256
1 11 2
189 254
1 4 2
201 196
1 15 2
22 153
1 2 2
216 95
1 7 2
366 397
1 7 2
25 448
1 4 2
485 32
1 3 2
251 407
1 14 2
318 341
1 5 2
242 55
1 7 2
394 1
1 2 2
404 126
1 3 2
424 435
1 6 2
276 132
1 6 2
224 453
1 3 2
115 276
1 2 2
416 241
1 13 2
433 440
1 13 2
346 361
1 6 2
484 210
1 6 2
398 481
1 5 2
177 414
1 4 2
467 102
1 7 2
143 270
1 15 2
277 386
1 8 2
314 209
1 14 2
163 25
1 12 2
88 220
1 7 2
132 257
1 13 2
37 308
1 15 2
71 443
1 8 2
136 318
1 12 2
67 274
1 9 2
15 332
1 2 2
61 375
1 4 2
484 132
1 10 2
239 491
1 15 2
461 478
1 3 2
450 169
1 8 2
205 439
1 6 2
186 88
1 5 2
29 213
1 13 2
451 372
1 15 2
39 153
1 13 2
256 379
1 5 2
401 334
1 12 2
39 108
1 10 2
261 381
1 13 2
37 80
1 12 2
252 425
1 6 2
355 451
1 2 2
475 36
1 6 2
167 459
1 10 2
101 498
1 12 2
220 50
1 12 2
433 322
1 9 2
187 338
1 9 2
166 345
1 14 2
363 474
1 13 2
351 492
1 12 2
75 177
1 5 2
332 278
1 3 2
244 166
1 10 2
215 230
1 4 2
429 347
1 12 2
144 251
1 2 2
362 291
1 8 2
359 41
1 6 2
264 412
1 10 2
388 164
1 11 2
188 58
1 5 2
487 244
1 14 2
155 96
1 12 2
171 473
1 14 2
371 66
1 10 2
253 417
1 15 2
211 16
1 15 2
68 446
1 15 2
43 494
1 6 2
42 478
1 4 2
357 219
1 10 2
380 400
1 6 2
94 137
1 8 2
60 323
1 11 2
116 2
1 8 2
210 464
1 7 2
438 260
1 11 2
375 486
1 12 2
200 79
1 2 2
236 184
1 8 2
390 191
1 11 2
309 4
1 6 2
283 166
1 6 2
96 300
1 13 2
192 366
1 14 2
199 496
1 15 2
463 353
1 11 2
286 339
1 2 2
409 24
1 2 2
91 114
1 8 2
277 480
1 10 2
234 311
1 14 2
28 494
1 14 2
261 50
1 15 2
113 99
1 12 2
280 467
1 14 2
384 37
1 13 2
82 232
1 15 2
433 151
1 11 2
396 52
1 15 2
389 48
1 4 2
251 448
1 3 2
479 438
1 2 2
47 89
1 5 2
158 311
1 10 2
163 401
1 6 2
465 192
1 14 2
249 399
1 7 2
59 233
1 7 2
458 361
1 8 2
336 368
1 5 2
318 339
1 9 2
17 211
1 15 2
324 140
1 12 2
491 306
1 14 2
107 382
1 8 2
347 425
1 15 2
460 459
1 15 2
455 188
1 13 2
392 208
1 9 2
75 105
1 11 2
432 97
1 7 2
48 192
1 13 2
175 192
1 9 2
474 58
1 12 2
140 455
1 6 2
220 162
1 14 2
185 336
1 8 2
311 48
1 13 2
370 223
1 15 2
474 11
1 5 2
201 103
1 6 2
163 159
1 13 2
481 190
1 15 2
188 255
1 11 2
460 136
1 13 2
157 380
1 8 2
194 489
1 4 2
340 145
1 3 2
144 136
1 15 2
440 408
1 11 2
51 260
1 11 2
58 390
1 8 2
245 381
1 15 2
479 180
1 3 2
87 128
1 7 2
192 284
1 10 2
136 150
1 5 2
334 79
1 12 2
320 444
1 3 2
4 310
1 2 2
198 420
1 14 2
235 0
1 11 2
262 421
1 9 2
190 210
1 2 2
296 160
1 2 2
452 257
1 12 2
28 213
1 2 2
182 430
1 10 2
488 76
1 13 2
132 206
1 4 2
136 338
1 11 2
180 493
1 6 2
242 8
1 7 2
372 30
1 9 2
489 414
1 2 2
463 124
1 14 2
20 415
1 10 2
73 493
1 14 2
44 341
1 2 2
195 5
1 9 2
327 340
1 15 2
239 341
1 3 2
151 486
1 2 2
146 338
1 2 2
88 133
1 6 2
484 291
1 10 2
321 364
1 11 2
437 97
1 7 2
47 75
1 11 2
40 412
1 8 2
452 212
1 8 2
18 51
1 15 2
182 338
1 4 2
62 60
1 12 2
99 357
1 15 2
39 307
1 9 2
60 371
1 8 2
337 406
1 2 2
194 227
1 10 2
227 438
1 12 2
362 120
1 9 2
79 37
1 10 2
169 407
1 3 2
195 16
1 5 2
165 174
1 7 2
128 137
1 12 2
482 194
1 2 2
77 43
1 10 2
389 110
1 13 2
483 118
1 10 2
350 195
1 10 2
5 122
1 6 2
12 319
1 9 2
474 408
1 9 2
310 464
1 4 2
340 365
1 14 2
259 352
1 5 2
74 270
1 7 2
160 443
1 14 2
312 387
1 13 2
156 320
1 15 2
181 492
1 10 2
32 355
1 2 2
259 66
1 11 2
188 0
1 2 2
220 322
1 14 2
338 109
1 6 2
224 111
1 14 2
202 362
1 10 2
140 130
1 5 2
174 401
1 2 2
139 196
1 15 2
486 27
1 3 2
112 266
1 6 2
19 311
1 11 2
314 333
1 7 2
498 365
1 15 2
246 456
1 8 2
399 435
1 15 2
321 289
1 6 2
77 279
1 8 2
468 55
1 13 2
167 304
1 4 2
461 62
1 12 2
465 363
1 7 2
57 286
1 14 2
302 188
1 11 2
372 16
1 7 2
319 464
1 4 2
204 326
1 4 2
349 385
1 3 2
151 278
1 10 2
274 341
1 4 2
340 400
1 12 2
481 226
1 11 2
260 491
1 6 2
456 264
1 9 2
339 382
1 10 2
245 226
1 2 2
185 249
1 11 2
384 257
1 15 2
385 320
1 13 2
292 236
1 8 2
394 410
1 6 2
203 235
1 11 2
27 493
1 2 2
60 225
1 3 2
162 424
1 9 2
371 108
1 15 2
119 19
1 8 2
361 282
1 8 2
229 44
1 6 2
50 384
1 13 2
179 219
1 13 2
149 299
1 2 2
353 324
1 12 2
269 202
1 3 2
81 162
1 12 2
470 379
1 8 2
36 202
1 11 2
420 320
1 5 2
96 207
1 8 2
252 176
1 3 2
166 19
1 3 2
290 452
1 11 2
467 421
1 15 2
145 291
1 12 2
336 266
1 5 2
240 115
1 14 2
289 15
1 13 2
262 190
1 8 2
260 210
1 10 2
58 379
1 7 2
467 37
1 14 2
368 192
1 11 2
236 246
1 12 2
223 160
1 2 2
374 112
1 14 2
274 100
1 9 2
481 239
1 14 2
166 234
1 10 2
62 461
1 6 2
153 322
1 9 2
302 368
1 7 2
424 371
1 5 2
81 434
1 14 2
163 136
1 11 2
256 3
1 4 2
117 131
1 10 2
385 289
1 5 2
287 402
1 2 2
318 321
1 10 2
445 184
1 4 2
338 119
1 12 2
68 138
1 14 2
488 108
1 3 2
19 96
1 3 2
130 5
1 6 2
202 248
1 11 2
62 82
1 3 2
434 225
1 11 2
384 405
1 8 2
338 21
1 8 2
351 441
1 2 2
0 41
1 12 2
357 309
1 9 2
182 36
1 14 2
454 157
1 14 2
386 427
1 13 2
325 309
1 13 2
98 307
1 2 2
210 154
1 2 2
163 216
1 5 2
239 439
1 7 2
428 262
1 13 2
172 134
1 5 2
149 2
1 15 2
298 88
1 2 2
476 39
1 2 2
22 212
1 10 2
431 50
1 10 2
353 62
1 2 2
261 169
1 10 2
298 409
1 5 2
391 78
1 9 2
0 338
1 4 2
389 321
1 15 2
234 38
1 6 2
446 77
1 3 2
434 89
1 14 2
167 237
1 14 2
186 101
1 7 2
186 488
1 2 2
177 271
1 7 2
42 146
1 8 2
478 181
1 9 2
238 433
1 6 2
211 459
1 12 2
472 234
1 10 2
445 278
1 5 2
469 80
1 8 2
284 198
1 10 2
445 172
1 6 2
230 359
1 7 2
387 152
1 8 2
190 264
1 2 2
204 253
1 13 2
13 235
1 3 2
132 66
1 5 2
90 244
1 11 2
125 11
1 14 2
152 449
1 11 2
123 223
1 8 2
329 347
1 3 2
221 151
1 3 2
72 248
1 13 2
135 429
1 7 2
307 236
1 10 2
33 383
1 3 2
406 483
1 15 2
201 314
1 6 2
444 311
1 12 2
361 126
1 15 2
305 93
1 4 2
178 235
1 3 2
426 224
1 13 2
86 432
1 13 2
399 41
1 5 2
344 296
1 12 2
60 429
1 5 2
465 226
1 3 2
256 22
1 5 2
168 285
1 3 2
63 87
1 14 2
499 26
1 10 2
49 163
1 3 2
100 368
1 10 2
136 307
1 14 2
342 339
1 15 2
400 347
1 10 2
381 443
1 8 2
202 249
1 4 2
131 53
1 13 2
32 48
1 14 2
455 56
1 11 2
335 60
1 10 2
182 12
1 8 2
68 65
1 12 2
258 209
1 10 2
479 257
1 9 2
309 379
1 8 2
158 399
1 9 2
419 202
1 10 2
289 78
1 11 2
270 74
1 12 2
286 21
1 12 2
203 249
1 6 2
47 6
1 7 2
232 133
1 15 2
496 239
1 13 2
333 290
1 3 2
14 312
1 3 2
454 73
1 15 2
110 465
1 13 2
385 421
1 9 2
406 211
1 13 2
70 407
1 12 2
170 200
1 15 2
484 112
1 2 2
191 427
1 15 2
254 333
1 14 2
15 161
1 10 2
25 334
1 9 2
236 95
1 14 2
329 298
1 3 2
107 168
1 3 2
383 177
1 12 2
181 229
1 11 2
141 229
1 3 2
77 119
1 5 2
230 9
1 13 2
120 42
1 15 2
144 165
1 10 2
62 46
1 2 2
79 461
1 10 2
157 422
1 5 2
246 366
1 11 2
286 373
1 6 2
464 96
1 3 2
277 141
1 12 2
20 200
1 13 2
100 63
1 9 2
232 272
1 14 2
469 309
1 8 2
228 461
1 4 2
237 49
1 13 2
72 154
1 11 2
70 109
1 4 2
14 408
1 9 2
379 362
1 12 2
10 368
1 15 2
412 371
1 14 2
235 308
1 2 2
48 407
1 13 2
169 376
1 13 2
101 1
1 4 2
285 203
1 6 2
253 139
1 10 2
308 301
1 8 2
2 439
1 6 2
184 189
1 10 2
429 118
1 8 2
295 365
1 13 2
17 7
1 9 2
457 70
1 6 2
429 367
1 4 2
126 186
1 9 2
172 276
1 13 2
295 489
1 11 2
189 440
1 13 2
435 151
1 13 2
201 241
1 4 2
373 317
1 10 2
320 28
1 3 2
447 83
1 11 2
199 247
1 2 2
101 327
1 15 2
277 116
1 8 2
143 129
1 8 2
357 32
1 7 2
109 271
1 2 2
152 115
1 13 2
15 257
1 7 2
69 303
1 9 2
93 68
1 10 2
143 238
1 7 2
380 58
1 6 2
207 56
1 4 2
461 126
1 3 2
495 229
1 12 2
36 471
1 13 2
43 29
1 4 2
479 133
1 9 2
135 260
1 8 2
357 301
1 13 2
415 424
1 3 2
25 244
1 8 2
498 150
1 12 2
441 15
1 10 2
466 74
1 15 2
405 54
1 7 2
206 154
1 13 2
210 355
1 7 2
494 256
1 15 2
453 276
1 10 2
350 488
1 7 2
142 192
1 5 2
328 53
1 8 2
362 130
1 6 2
240 498
1 5 2
341 29
1 15 2
328 325
1 14 2
356 380
1 14 2
326 64
1 15 2
364 197
1 11 2
9 310
1 12 2
162 482
1 11 2
384 468
1 14 2
389 426
1 14 2
215 212
1 2 2
64 272
1 9 2
354 332
1 7 2
203 485
1 8 2
342 253
1 3 2
215 98
1 5 2
304 253
1 14 2
178 274
1 8 2
8 86
1 2 2
300 249
1 10 2
325 271
1 7 2
254 201
1 9 2
120 367
1 14 2
193 60
1 14 2
23 159
1 5 2
401 479
1 2 2
468 341
1 6 2
371 254
1 13 2
480 493
1 8 2
272 264
1 14 2
128 62
1 4 2
59 167
1 8 2
135 330
1 3 2
265 387
1 14 2
251 65
1 14 2
451 258
1 7 2
145 157
1 7 2
82 396
1 6 2
495 227
1 3 2
195 37
1 12 2
124 23
1 8 2
309 207
1 9 2
338 187
1 13 2
47 368
1 4 2
18 309
1 12 2
302 179
1 13 2
491 318
1 12 2
359 446
1 4 2
480 282
1 11 2
181 309
1 6 2
109 456
1 15 2
60 69
1 10 2
427 480
1 4 2
359 37
1 12 2
220 25
1 13 2
38 377
1 11 2
24 338
1 11 2
360 125
1 13 2
427 428
1 14 2
58 131
1 9 2
372 342
1 9 2
292 80
1 13 2
413 456
1 8 2
137 302
1 9 2
390 305
1 9 2
416 126
1 3 2
365 114
1 9 2
47 372
1 8 2
192 475
1 3 2
439 444
1 15 2
271 163
1 4 2
19 162
1 12 2
447 180
1 15 2
46 6
1 13 2
340 66
1 7 2
418 338
1 6 2
16 226
1 15 2
389 336
1 6 2
316 79
1 3 2
133 83
1 4 2
155 318
1 11 2
170 454
1 4 2
158 202
1 15 2
270 432
1 15 2
208 399
1 9 2
239 99
1 2 2
401 150
1 11 2
480 474
1 9 2
116 254
1 6 2
180 333
1 9 2
276 460
1 3 2
90 133
1 3 2
165 219
1 5 2
214 139
1 15 2
255 19
1 6 2
279 443
1 15 2
339 17
1 9 2
353 387
1 5 2
396 408
1 11 2
85 272
1 3 2
182 142
1 2 2
295 206
1 8 2
429 131
1 9 2
260 351
1 9 2
42 97
1 2 2
184 155
1 4 2
327 287
1 10 2
493 173
1 7 2
188 252
1 3 2
213 364
1 3 2
133 445
1 11 2
355 187
1 3 2
106 462
1 3 2
101 114
1 11 2
245 469
1 6 2
288 158
1 12 2
96 169
1 6 2
79 319
1 9 2
350 264
1 7 2
332 336
1 10 2
214 145
1 9 2
231 499
1 10 2
79 3
1 13 2
54 69
1 12 2
430 485
1 14 2
147 74
1 3 2
166 313
1 9 2
157 308
1 3 2
495 190
1 11 2
466 373
1 8 2
199 121
1 8 2
52 336
1 5 2
138 259
1 8 2
383 7
1 13 2
37 1
1 14 2
129 213
1 14 2
381 140
1 8 2
408 281
1 12 2
329 438
1 8 2
325 423
1 14 2
287 489
1 4 2
472 59
1 5 2
183 241
1 11 2
32 345
1 3 2
348 357
1 9 2
380 60
1 12 2
53 358
1 3 2
236 114
1 5 2
21 2
1 10 2
439 444
1 11 2
365 293
1 7 2
453 50
1 7 2
126 350
1 4 2
144 297
1 14 2
373 218
1 2 2
175 338
1 13 2
269 123
1 7 2
296 134
1 15 2
344 112
1 15 2
297 34
1 8 2
124 192
1 10 2
255 306
1 9 2
491 240
1 9 2
441 98
1 8 2
347 310
1 4 2
230 187
1 12 2
448 188
1 9 2
144 213
1 5 2
44 316
1 3 2
260 168
1 5 2
8 395
1 10 2
186 410
1 9 2
170 163
1 6 2
191 264
1 15 2
328 303
1 11 2
53 219
1 9 2
29 495
1 8 2
499 114
1 7 2
300 3
1 15 2
270 31
1 15 2
363 461
1 14 2
175 489
1 10 2
81 362
1 3 2
439 45
1 7 2
113 182
1 5 2
83 187
1 12 2
134 301
1 5 2
347 99
1 2 2
375 277
1 4 2
135 375
1 10 2
124 267
1 13 2
457 402
1 8 2
29 338
1 5 2
363 307
1 11 2
101 199
1 12 2
381 28
1 7 2
173 11
1 15 2
4 361
1 15 2
192 387
1 5 2
332 395
1 14 2
375 264
1 13 2
421 46
1 4 2
185 455
1 4 2
450 320
1 5 2
270 198
1 11 2
197 243
1 3 2
362 124
1 8 2
386 363
1 3 2
400 355
1 12 2
257 6
1 9 2
322 152
1 3 2
264 257
1 15 2
47 421
1 8 2
127 332
1 12 2
282 304
1 4 2
260 173
1 5 2
373 360
1 10 2
11 148
1 14 2
172 372
1 2 2
72 248
1 4 2
116 11
1 6 2
376 444
1 4 2
491 401
1 3 2
234 220
1 13 2
306 211
1 2 2
325 273
1 2 2
471 190
1 5 2
298 372
1 7 2
66 320
1 4 2
69 387
1 5 2
11 411
1 15 2
104 442
1 6 2
353 410
1 14 2
194 348
1 10 2
436 371
1 5 2
181 272
1 8 2
50 28
1 14 2
236 115
1 9 2
469 158
1 8 2
323 269
1 9 2
271 393
1 11 2
212 458
1 5 2
452 233
1 7 2
49 308
1 3 2
137 383
1 14 2
111 21
1 5 2
198 114
1 5 2
487 415
1 8 2
433 24
1 2 2
254 163
1 7 2
32 165
1 11 2
487 81
1 10 2
420 465
1 10 2
39 137
1 11 2
325 238
1 13 2
396 19
1 7 2
145 30
1 12 2
462 329
1 8 2
40 432
1 15 2
362 18
1 7 2
221 42
1 2 2
295 229
1 15 2
61 326
1 13 2
201 153
1 2 2
489 236
1 8 2
127 354
1 7 2
130 14
1 8 2
405 238
1 8 2
378 499
1 5 2
173 400
1 2 2
211 351
1 13 2
238 198
1 3 2
26 99
1 10 2
377 136
1 4 2
199 14
1 7 2
184 439
1 2 2
396 286
1 2 2
43 110
1 2 2
1 362
1 4 2
408 363
1 3 2
430 108
1 6 2
222 85
1 5 2
448 99
1 15 2
246 469
1 2 2
173 291
1 2 2
74 154
1 3 2
492 13
1 4 2
73 289
1 8 2
491 485
1 3 2
365 150
1 2 2
319 99
1 8 2
422 327
1 11 2
69 111
1 11 2
24 232
1 14 2
67 16
1 8 2
147 444
1 6 2
392 85
1 10 2
390 387
1 14 2
23 352
1 13 2
106 68
1 3 2
312 75
1 13 2
435 145
1 3 2
410 169
1 13 2
140 493
1 6 2
365 427
1 7 2
205 279
1 15 2
49 209
1 2 2
343 259
1 13 2
326 279
1 12 2
26 186
1 15 2
283 257
1 11 2
350 271
1 2 2
297 90
1 3 2
219 204
1 2 2
159 269
1 7 2
420 345
1 6 2
141 470
1 13 2
280 50
1 6 2
341 263
1 8 2
278 86
1 7 2
467 21
1 9 2
226 257
1 5 2
172 56
1 8 2
409 259
1 8 2
397 106
1 5 2
146 86
1 12 2
118 344
1 4 2
305 278
1 2 2
376 214
1 8 2
327 46
1 15 2
271 362
1 11 2
375 495
1 7 2
463 457
1 10 2
123 246
1 14 2
499 260
1 15 2
442 481
1 14 2
66 50
1 3 2
448 222
1 8 2
241 248
1 9 2
170 164
1 3 2
75 17
1 4 2
112 438
1 13 2
260 222
1 5 2
458 163
1 5 2
362 229
1 10 2
143 258
1 5 2
204 473
1 5 2
487 48
1 12 2
448 377
1 8 2
308 172
1 10 2
220 161
1 6 2
197 445
1 11 2
85 343
1 15 2
271 199
1 4 2
49 372
1 6 2
281 254
1 3 2
186 43
1 8 2
160 393
1 3 2
98 221
1 5 2
12 298
1 12 2
432 147
1 7 2
105 22
1 4 2
304 83
1 3 2
404 35
1 2 2
256 334
1 2 2
278 328
1 8 2
230 438
1 13 2
314 348
1 13 2
162 43
1 9 2
30 120
1 3 2
223 440
1 7 2
395 390
1 11 2
63 294
1 7 2
101 213
1 13 2
34 495
1 12 2
382 68
1 4 2
428 235
1 2 2
330 52
1 14 2
138 296
1 12 2
206 11
1 4 2
59 319
1 11 2
471 126
1 5 2
382 457
1 2 2
496 89
1 6 2
309 320
1 13 2
428 33
1 5 2
494 147
1 15 2
188 467
1 3 2
209 188
1 9 2
28 316
1 10 2
445 45
1 8 2
196 175
1 13 2
199 320
1 3 2
10 347
1 7 2
128 391
1 8 2
230 342
1 9 2
121 267
1 15 2
450 342
1 5 2
273 416
1 10 2
103 361
1 11 2
118 374
1 12 2
416 273
1 2 2
192 108
1 11 2
387 403
1 8 2
416 268
1 7 2
390 197
1 11 2
331 5
1 6 2
30 193
1 3 2
292 70
1 2 2
474 426
1 3 2
489 320
1 11 2
450 347
1 13 2
470 131
1 3 2
265 402
1 13 2
329 10
1 2 2
298 336
1 7 2
49 299
1 4 2
74 128
1 4 2
236 251
1 2 2
289 65
1 3 2
147 60
1 10 2
273 110
1 6 2
230 368
1 15 2
274 317
1 4 2
298 70
1 15 2
92 230
1 10 2
397 263
1 4 2
219 395
1 3 2
251 141
1 9 2
109 456
1 3 2
238 349
1 10 2
394 50
1 4 2
300 132
1 6 2
340 139
1 5 2
86 112
1 4 2
484 286
1 14 2
145 297
1 14 2
122 319
1 11 2
250 127
1 2 2
452 27
1 14 2
465 463
1 6 2
387 369
1 6 2
3 375
1 12 2
411 57
1 5 2
101 420
1 14 2
388 489
1 12 2
406 411
1 12 2
30 499
1 4 2
290 245
1 12 2
91 220
1 11 2
318 484
1 13 2
232 212
1 12 2
74 352
1 6 2
497 430
1 6 2
246 316
1 8 2
464 467
1 3 2
82 27
1 15 2
320 97
1 4 2
229 9
1 7 2
358 314
1 4 2
78 291
1 9 2
293 498
1 4 2
14 220
1 15 2
499 264
1 14 2
114 227
1 7 2
468 70
1 12 2
395 35
1 15 2
155 253
1 8 2
124 307
1 5 2
495 225
1 14 2
322 182
1 6 2
413 97
1 5 2
74 334
1 15 2
346 307
1 3 2
147 81
1 7 2
281 313
1 15 2
422 479
1 2 2
155 435
1 13 2
246 8
1 10 2
36 176
1 6 2
438 377
1 10 2
184 309
1 9 2
270 471
1 2 2
445 77
1 2 2
263 196
1 15 2
195 256
1 15 2
42 328
1 11 2
243 231
1 7 2
90 288
1 6 2
217 308
1 14 2
412 221
1 2 2
244 133
1 6 2
166 477
1 14 2
152 370
1 3 2
95 222
1 4 2
344 463
1 3 2
273 92
1 4 2
496 361
1 2 2
429 467
1 5 2
98 453
1 2 2
392 220
1 14 2
439 87
1 7 2
396 98
1 11 2
324 259
1 8 2
108 463
1 3 2
403 468
1 9 2
470 114
1 4 2
45 446
1 12 2
402 87
1 4 2
307 408
1 13 2
272 66
1 4 2
398 359
1 10 2
378 181
1 5 2
90 496
1 14 2
34 65
1 15 2
451 365
1 14 2
372 308
1 12 2
107 377
1 4 2
155 10
1 9 2
129 59
1 3 2
123 227
1 3 2
332 146
1 2 2
416 356
1 5 2
159 458
1 11 2
304 207
1 10 2
431 86
1 12 2
204 264
1 5 2
155 316
1 14 2
390 314
1 7 2
141 393
1 9 2
497 285
1 11 2
87 71
1 11 2
212 469
1 6 2
312 89
1 2 2
239 44
1 12 2
363 339
1 12 2
303 156
1 15 2
78 347
1 12 2
218 48
1 13 2
484 458
1 10 2
27 9
1 3 2
78 10
1 4 2
234 123
1 11 2
249 352
1 6 2
21 22
1 15 2
294 306
1 3 2
208 108
1 15 2
237 99
1 4 2
105 62
1 13 2
74 258
1 12 2
253 137
1 13 2
25 282
1 2 2
31 444
1 7 2
317 475
1 3 2
91 449
1 4 2
452 447
1 9 2
457 456
1 14 2
171 251
1 6 2
173 196
1 10 2
73 206
1 6 2
40 48
1 3 2
299 99
1 5 2
216 184
1 9 2
53 357
1 3 2
408 6
1 7 2
137 457
1 15 2
191 235
1 3 2
293 141
1 4 2
246 382
1 10 2
283 484
1 7 2
3 447
1 2 2
341 318
1 13 2
315 388
1 5 2
457 419
1 12 2
19 130
1 7 2
49 353
1 15 2
49 29
1 11 2
261 254
1 11 2
6 74
1 15 2
448 159
1 3 2
103 450
1 15 2
364 376
1 10 2
332 322
1 13 2
196 46
1 9 2
217 111
1 15 2
259 137
1 11 2
114 443
1 11 2
424 466
1 15 2
474 347
1 15 2
330 267
1 4 2
249 81
1 6 2
453 489
1 7 2
185 388
1 9 2
446 133
1 2 2
353 159
1 15 2
365 304
1 13 2
36 390
1 14 2
173 147
1 8 2
175 80
1 12 2
76 40
1 7 2
309 107
1 11 2
115 133
1 10 2
493 311
1 7 2
447 293
1 12 2
195 105
1 3 2
220 106
1 11 2
138 398
1 3 2
364 6
1 14 2
174 451
1 15 2
485 54
1 11 2
315 54
1 6 2
221 158
1 9 2
106 137
1 8 2
498 381
1 6 2
134 315
1 6 2
37 375
1 8 2
146 239
1 5 2
450 95
1 9 2
494 484
1 11 2
344 159
1 7 2
288 308
1 9 2
295 482
1 7 2
254 122
1 14 2
402 38
1 13 2
222 287
1 12 2
379 463
1 4 2
401 305
1 10 2
180 340
1 14 2
347 64
1 2 2
17 441
1 14 2
342 344
1 8 2
47 302
1 11 2
174 280
1 7 2
315 416
1 9 2
151 171
1 2 2
463 176
1 7 2
20 405
1 5 2
91 387
1 11 2
184 239
1 8 2
402 306
1 13 2
74 462
1 2 2
444 333
1 6 2
359 117
1 7 2
303 483
1 3 2
227 96
1 10 2
64 76
1 4 2
127 196
1 3 2
466 301
1 6 2
168 285
1 5 2
43 446
1 10 2
260 310
1 4 2
319 271
1 14 2
161 103
1 8 2
390 339
1 5 2
93 322
1 6 2
101 58
1 9 2
241 7
1 12 2
474 182
1 11 2
315 10
1 5 2
284 31
1 9 2
127 437
1 3 2
437 463
1 11 2
367 276
1 15 2
364 262
1 8 2
94 311
1 5 2
43 292
1 8 2
58 231
1 12 2
277 126
1 3 2
261 47
1 4 2
475 362
1 4 2
133 269
1 4 2
175 149
1 7 2
382 324
1 5 2
158 44
1 14 2
95 16
1 2 2
385 460
1 8 2
264 309
1 15 2
499 234
1 3 2
325 480
1 3 2
363 260
1 11 2
112 196
1 6 2
495 116
1 9 2
140 30
1 15 2
385 444
1 13 2
360 48
1 6 2
405 232
1 8 2
158 122
1 13 2
365 411
1 14 2
103 110
1 3 2
3 109
1 13 2
157 351
1 4 2
468 21
1 2 2
354 100
1 4 2
359 340
1 8 2
330 244
1 14 2
437 366
1 7 2
418 230
1 12 2
204 456
1 12 2
380 162
1 9 2
92 210
1 5 2
37 344
1 5 2
280 76
1 15 2
215 378
1 9 2
390 29
1 13 2
90 394
1 4 2
241 449
1 4 2
56 94
1 13 2
421 339
1 9 2
492 136
1 10 2
404 105
1 7 2
386 108
1 4 2
269 292
1 9 2
41 293
1 5 2
14 359
1 6 2
314 80
1 2 2
265 108
1 12 2
400 351
1 11 2
379 444
1 7 2
140 39
1 14 2
238 154
1 9 2
20 47
1 8 2
164 68
1 13 2
154 462
1 8 2
288 400
1 13 2
113 409
1 15 2
374 121
1 10 2
284 456
1 8 2
60 245
1 14 2
327 88
1 15 2
289 213
1 3 2
252 445
1 6 2
308 147
1 14 2
319 241
1 3 2
490 486
1 2 2
126 223
1 10 2
333 241
1 14 2
264 342
1 15 2
174 161
1 14 2
236 278
1 3 2
431 466
1 15 2
323 165
1 5 2
62 275
1 13 2
496 418
1 15 2
118 373
1 4 2
28 354
1 12 2
366 439
1 15 2
255 186
1 8 2
47 331
1 14 2
254 85
1 14 2
422 462
1 14 2
245 126
1 6 2
59 68
1 14 2
84 363
1 8 2
55 309
1 14 2
363 5
1 3 2
70 2
1 7 2
345 406
1 11 2
256 116
1 10 2
492 108
1 4 2
105 323
1 5 2
478 268
1 7 2
473 339
1 10 2
493 388
1 6 2
13 371
1 5 2
365 346
1 15 2
381 108
1 7 2
299 206
1 13 2
67 156
1 8 2
465 447
1 7 2
240 42
1 6 2
417 257
1 7 2
50 439
1 4 2
205 473
1 13 2
9 70
1 15 2
200 329
1 8 2
381 493
1 9 2
445 458
1 12 2
367 244
1 11 2
97 1
1 14 2
217 433
1 15 2
114 180
1 2 2
107 393
1 9 2
445 216
1 4 2
451 54
1 15 2
493 497
1 11 2
314 362
1 6 2
5 187
1 15 2
31 125
1 13 2
404 415
1 12 2
200 22
1 5 2
389 248
1 9 2
320 399
1 2 2
481 245
1 7 2
97 498
1 12 2
292 25
1 13 2
256 490
1 12 2
216 210
1 8 2
478 98
1 5 2
216 48
1 13 2
297 343
1 15 2
204 265
1 4 2
295 301
1 15 2
116 319
1 7 2
305 280
1 14 2
271 127
1 11 2
440 409
1 9 2
90 142
1 3 2
374 339
1 4 2
220 416
1 13 2
382 421
1 15 2
111 266
1 10 2
476 286
1 11 2
272 321
1 15 2
156 108
1 15 2
206 400
1 8 2
198 399
1 6 2
480 88
1 5 2
234 175
1 14 2
2 395
1 8 2
221 254
1 3 2
31 316
1 3 2
219 284
1 5 2
301 255
1 4 2
130 15
1 4 2
439 388
1 4 2
452 95
1 7 2
283 45
1 15 2
488 61
1 10 2
328 141
1 8 2
457 141
1 4 2
209 274
1 13 2
93 22
1 3 2
369 29
1 4 2
208 147
1 5 2
365 455
1 11 2
43 267
1 9 2
11 81
1 2 2
218 246
1 8 2
292 13
1 11 2
243 249
1 4 2
386 465
1 15 2
131 86
1 7 2
132 121
1 11 2
428 113
1 7 2
497 456
1 5 2
115 206
1 15 2
461 226
1 4 2
172 157
1 3 2
167 112
1 8 2
346 155
1 14 2
298 127
1 2 2
58 392
1 10 2
259 210
1 12 2
22 80
1 14 2
233 88
1 14 2
271 35
1 11 2
392 233
1 7 2
453 71
1 7 2
354 352
1 12 2
331 201
1 10 2
369 231
1 3 2
271 14
1 4 2
247 388
1 10 2
247 59
1 8 2
347 154
1 6 2
343 36
1 5 2
355 252
1 14 2
415 54
1 11 2
301 86
1 9 2
359 90
1 5 2
233 145
1 15 2
466 486
1 3 2
192 180
1 5 2
267 387
1 11 2
281 366
1 14 2
54 444
1 2 2
486 427
1 13 2
463 93
1 12 2
329 198
1 11 2
417 342
1 11 2
382 480
1 15 2
331 467
1 8 2
345 312
1 4 2
251 138
1 11 2
497 140
1 6 2
435 30
1 14 2
183 37
1 10 2
340 358
1 15 2
100 335
1 3 2
338 276
1 12 2
182 195
1 6 2
40 360
1 15 2
34 215
1 12 2
159 436
1 3 2
121 498
1 2 2
307 136
1 9 2
382 288
1 11 2
400 64
1 2 2
190 240
1 4 2
33 204
1 7 2
33 213
1 9 2
29 226
1 15 2
143 323
1 4 2
401 344
1 2 2
128 470
1 12 2
255 14
1 8 2
125 240
1 6 2
305 113
1 15 2
270 91
1 4 2
88 6
1 6 2
14 222
1 8 2
175 447
1 3 2
291 287
1 2 2
468 245
1 10 2
79 53
1 8 2
247 120
1 13 2
401 110
1 6 2
137 392
1 8 2
273 159
1 10 2
215 267
1 9 2
221 446
1 5 2
331 491
1 2 2
29 247
1 6 2
395 389
1 13 2
176 214
1 6 2
442 464
1 7 2
303 124
1 10 2
175 43
1 10 2
137 462
1 10 2
251 184
1 9 2
307 257
1 7 2
358 350
1 9 2
151 296
1 2 2
438 124
1 5 2
180 97
1 7 2
35 172
1 9 2
153 385
1 14 2
391 376
1 14 2
306 338
1 4 2
325 102
1 3 2
241 176
1 5 2
99 83
1 7 2
352 319
1 7 2
91 314
1 2 2
99 46
1 13 2
31 42
1 3 2
68 4
1 11 2
181 38
1 11 2
254 162
1 5 2
382 159
1 13 2
205 242
1 9 2
275 259
1 5 2
360 351
1 14 2
330 44
1 15 2
295 38
1 5 2
32 355
1 12 2
93 479
1 10 2
85 121
1 15 2
410 418
1 8 2
237 178
1 11 2
156 249
1 15 2
55 292
1 6 2
217 221
1 2 2
389 411
1 14 2
255 363
1 13 2
359 21
1 12 2
296 459
1 13 2
420 411
1 10 2
136 115
1 11 2
244 405
1 9 2
239 72
1 2 2
449 414
1 2 2
263 10
1 6 2
453 135
1 11 2
356 400
1 5 2
304 461
1 10 2
87 12
1 12 2
463 392
1 3 2
427 149
1 10 2
173 486
1 2 2
275 134
1 9 2
85 17
1 14 2
338 253
1 4 2
261 451
1 14 2
247 42
1 7 2
490 448
1 5 2
18 235
1 13 2
159 228
1 7 2
217 342
1 14 2
97 194
1 15 2
358 208
1 4 2
348 129
1 6 2
142 443
1 14 2
364 133
1 7 2
486 308
1 3 2
453 420
1 4 2
85 38
1 8 2
73 244
1 12 2
106 67
1 8 2
246 289
1 6 2
277 338
1 10 2
174 57
1 12 2
137 486
1 8 2
411 367
1 11 2
280 188
1 5 2
418 107
1 12 2
96 255
1 13 2
174 89
1 3 2
368 278
1 11 2
31 132
1 10 2
389 486
1 15 2
437 195
1 11 2
114 328
1 11 2
36 328
1 5 2
169 210
1 3 2
57 42
1 13 2
366 97
1 9 2
425 143
1 12 2
135 421
1 6 2
349 227
1 14 2
317 79
1 11 2
50 441
1 14 2
463 473
1 9 2
99 189
1 13 2
394 27
1 13 2
435 291
1 14 2
144 431
1 2 2
169 320
1 15 2
187 77
1 15 2
385 125
1 7 2
489 104
1 14 2
469 420
1 3 2
25 316
1 12 2
141 159
1 12 2
225 211
1 13 2
85 224
1 8 2
433 215
1 5 2
257 301
1 9 2
88 323
1 14 2
473 122
1 14 2
154 237
1 4 2
200 448
1 2 2
200 196
1 12 2
190 373
1 4 2
28 435
1 11 2
486 78
1 4 2
119 147
1 10 2
339 12
1 5 2
308 484
1 7 2
345 401
1 5 2
66 330
1 7 2
159 317
1 10 2
3 281
1 10 2
220 236
1 14 2
53 12
1 2 2
56 494
1 11 2
221 471
1 13 2
416 217
1 12 2
30 80
1 6 2
249 324
1 2 2
244 356
1 8 2
497 278
1 5 2
218 186
1 12 2
65 82
1 4 2
90 213
1 15 2
317 442
1 2 2
34 297
1 11 2
13 339
1 5 2
135 124
1 15 2
302 166
1 15 2
491 206
1 3 2
237 426
1 3 2
230 79
1 11 2
324 222
1 5 2
39 20
1 15 2
102 118
1 4 2
272 327
1 7 2
403 45
1 5 2
19 361
1 4 2
390 179
1 13 2
120 226
1 14 2
433 474
1 13 2
315 43
1 13 2
318 155
1 5 2
352 26
1 13 2
421 224
1 10 2
162 280
1 3 2
131 432
1 4 2
407 235
1 12 2
351 200
1 12 2
23 249
1 10 2
427 224
1 12 2
400 371
1 7 2
27 30
1 2 2
242 443
1 2 2
60 321
1 15 2
212 188
1 2 2
400 404
1 11 2
55 209
1 11 2
473 270
1 15 2
101 341
1 14 2
116 141
1 5 2
491 355
1 2 2
283 143
1 15 2
271 368
1 7 2
202 356
1 4 2
55 49
1 6 2
416 164
1 5 2
328 57
1 12 2
227 275
1 5 2
389 443
1 9 2
321 497
1 5 2
181 445
1 6 2
320 455
1 14 2
131 58
1 3 2
352 90
1 2 2
423 13
1 5 2
480 460
1 2 2
420 292
1 10 2
175 194
1 5 2
403 462
1 9 2
447 288
1 13 2
318 189
1 5 2
432 394
1 12 2
290 434
1 11 2
124 438
1 13 2
41 250
1 5 2
28 20
1 4 2
139 344
1 2 2
121 53
1 12 2
446 289
1 5 2
106 216
1 10 2
390 172
1 8 2
467 305
1 14 2
217 339
1 11 2
341 262
1 9 2
94 191
1 5 2
256 39
1 14 2
71 450
1 14 2
85 12
1 12 2
375 194
1 7 2
218 338
1 7 2
67 218
1 9 2
94 489
1 15 2
86 39
1 12 2
23 74
1 4 2
317 76
1 11 2
107 9
1 8 2
135 191
1 8 2
71 357
1 8 2
149 411
1 8 2
40 389
1 7 2
451 333
1 14 2
348 110
1 7 2
68 256
1 11 2
94 141
1 4 2
296 255
1 5 2
10 44
1 2 2
299 35
1 12 2
357 355
1 15 2
401 9
1 5 2
97 274
1 12 2
371 491
1 3 2
269 411
1 5 2
492 486
1 15 2
436 155
1 2 2
483 459
1 7 2
411 148
1 10 2
299 169
1 10 2
401 56
1 12 2
418 272
1 15 2
254 471
1 13 2
97 472
1 5 2
64 77
1 5 2
65 273
1 4 2
182 71
1 13 2
33 434
1 3 2
45 310
1 12 2
477 472
1 12 2
450 62
1 2 2
353 68
1 9 2
361 406
1 3 2
377 498
1 15 2
443 38
1 6 2
236 10
1 15 2
112 163
1 2 2
85 107
1 13 2
337 357
1 8 2
109 47
1 10 2
420 331
1 9 2
181 157
1 10 2
119 123
1 4 2
417 171
1 15 2
174 292
1 14 2
317 42
1 6 2
265 499
1 8 2
380 312
1 15 2
250 254
1 5 2
248 275
1 9 2
390 103
1 2 2
368 37
1 14 2
320 443
1 9 2
406 67
1 7 2
385 35
1 11 2
469 194
1 4 2
181 204
1 5 2
417 322
1 14 2
202 322
1 3 2
282 339
1 6 2
239 425
1 11 2
368 217
1 14 2
277 483
1 15 2
143 495
1 3 2
76 63
1 5 2
339 128
1 6 2
55 121
1 7 2
408 85
1 4 2
8 227
1 3 2
115 376
1 2 2
117 445
1 9 2
234 428
1 4 2
137 16
1 3 2
440 407
1 12 2
82 196
1 14 2
375 123
1 9 2
419 55
1 10 2
21 88
1 8 2
398 168
1 4 2
60 320
1 2 2
11 293
1 3 2
280 162
1 11 2
88 462
1 4 2
331 207
1 15 2
461 138
1 4 2
167 303
1 13 2
404 124
1 4 2
483 24
1 14 2
288 53
1 9 2
323 287
1 13 2
196 275
1 7 2
195 435
1 10 2
46 206
1 12 2
28 354
1 14 2
389 328
1 12 2
451 231
1 12 2
77 161
1 10 2
225 98
1 11 2
409 178
1 6 2
25 92
1 15 2
409 342
1 10 2
259 155
1 8 2
477 57
1 7 2
193 351
1 12 2
286 9
1 4 2
8 326
1 6 2
192 348
1 6 2
485 200
1 3 2
94 301
1 3 2
296 134
1 10 2
84 55
1 15 2
441 283
1 13 2
381 54
1 12 2
114 109
1 5 2
93 75
1 14 2
12 41
1 14 2
422 54
1 11 2
93 192
1 4 2
259 265
1 5 2
472 35
1 11 2
449 158
1 12 2
476 28
1 14 2
376 72
1 15 2
167 355
1 12 2
207 398
1 13 2
406 475
1 15 2
312 344
1 7 2
184 125
1 8 2
129 18
1 14 2
166 9
1 9 2
186 86
1 9 2
276 181
1 15 2
296 68
1 4 2
438 232
1 13 2
348 98
1 12 2
304 396
1 6 2
352 81
1 4 2
203 374
1 8 2
461 221
1 5 2
429 431
1 12 2
73 343
1 7 2
111 266
1 4 2
261 20
1 5 2
128 208
1 10 2
85 418
1 8 2
110 124
1 7 2
323 372
1 4 2
387 24
1 2 2
141 399
1 11 2
285 180
1 15 2
168 266
1 10 2
490 66
1 15 2
173 383
1 12 2
119 206
1 4 2
313 371
1 11 2
413 324
1 13 2
118 326
1 5 2
124 498
1 12 2
389 196
1 14 2
450 6
1 14 2
222 493
1 6 2
283 335
1 13 2
211 66
1 8 2
418 314
1 2 2
153 174
1 11 2
157 280
1 7 2
474 94
1 13 2
248 459
1 7 2
329 380
1 15 2
377 471
1 9 2
96 304
1 7 2
267 391
1 6 2
232 413
1 14 2
175 217
1 3 2
340 481
1 5 2
29 403
1 11 2
68 271
1 15 2
403 495
1 13 2
251 79
1 15 2
494 36
1 2 2
202 175
1 6 2
366 82
1 10 2
403 192
1 12 2
293 115
1 13 2
181 397
1 12 2
280 390
1 6 2
200 101
1 14 2
447 44
1 7 2
493 472
1 6 2
178 227
1 3 2
29 145
1 4 2
103 192
1 5 2
375 295
1 14 2
124 377
1 5 2
198 211
1 5 2
329 143
1 6 2
178 220
1 8 2
499 481
1 7 2
485 425
1 6 2
434 295
1 13 2
213 111
1 5 2
463 92
1 2 2
197 457
1 13 2
362 476
1 6 2
407 105
1 8 2
3 470
1 2 2
490 321
1 7 2
13 117
1 7 2
142 242
1 14 2
57 221
1 9 2
321 150
1 9 2
12 169
1 11 2
435 369
1 8 2
314 206
1 6 2
156 320
1 2 2
191 373
1 4 2
353 369
1 5 2
306 376
1 2 2
63 365
1 12 2
194 272
1 4 2
207 266
1 4 2
35 92
1 3 2
323 1
1 4 2
378 82
1 11 2
139 60
1 11 2
13 14
1 15 2
428 229
1 13 2
11 244
1 9 2
394 327
1 11 2
346 90
1 6 2
230 300
1 7 2
432 456
1 10 2
42 385
1 8 2
20 85
1 8 2
332 208
1 8 2
488 381
1 4 2
318 33
1 11 2
303 116
1 5 2
23 403
1 6 2
241 312
1 10 2
32 392
1 15 2
214 482
1 9 2
256 182
1 4 2
163 53
1 2 2
328 119
1 7 2
321 132
1 14 2
70 251
1 4 2
274 115
1 11 2
394 343
1 13 2
133 391
1 14 2
186 357
1 8 2
134 322
1 4 2
85 138
1 6 2
368 35
1 13 2
245 460
1 4 2
146 91
1 13 2
297 356
1 11 2
165 75
1 13 2
230 102
1 13 2
408 436
1 9 2
343 109
1 11 2
134 23
1 9 2
142 483
1 9 2
144 222
1 7 2
453 204
1 15 2
327 298
1 11 2
484 105
1 13 2
19 422
1 4 2
159 413
1 15 2
290 185
1 7 2
174 72
1 13 2
428 407
1 7 2
447 50
1 12 2
353 69
1 10 2
415 233
1 2 2
477 9
1 12 2
188 152
1 10 2
153 372
1 12 2
113 484
1 11 2
283 67
1 11 2
219 424
1 13 2
225 7
1 11 2
31 368
1 9 2
405 384
1 5 2
394 177
1 2 2
210 401
1 4 2
209 273
1 15 2
311 401
1 11 2
325 111
1 15 2
331 142
1 11 2
321 50
1 14 2
457 184
1 8 2
472 236
1 5 2
352 128
1 10 2
188 143
1 10 2
63 460
1 6 2
207 198
1 6 2
121 350
1 9 2
395 41
1 13 2
229 298
1 3 2
182 78
1 10 2
433 472
1 4 2
444 473
1 13 2
28 26
1 3 2
352 418
1 2 2
273 415
1 14 2
4 73
1 2 2
391 84
1 2 2
239 374
1 2 2
315 421
1 4 2
427 354
1 10 2
15 167
1 3 2
143 380
1 8 2
458 189
1 3 2
436 101
1 5 2
126 241
1 2 2
453 477
1 6 2
41 112
1 4 2
176 444
1 2 2
218 287
1 11 2
170 279
1 2 2
419 463
1 10 2
268 439
1 12 2
191 97
1 7 2
295 321
1 4 2
105 130
1 4 2
44 123
1 14 2
348 90
1 11 2
477 319
1 11 2
27 413
1 8 2
34 351
1 3 2
304 112
1 2 2
416 379
1 12 2
5 298
1 9 2
26 349
1 10 2
144 359
1 15 2
430 293
1 2 2
288 1
1 8 2
154 321
1 11 2
378 478
1 14 2
384 40
1 10 2
253 229
1 4 2
52 485
1 12 2
43 304
1 12 2
461 355
1 10 2
268 379
1 6 2
153 339
1 13 2
273 330
1 5 2
243 116
1 9 2
339 467
1 2 2
216 1
1 12 2
488 143
1 10 2
35 140
1 2 2
451 233
1 3 2
391 138
1 8 2
446 222
1 13 2
215 91
1 14 2
28 157
1 8 2
469 436
1 6 2
275 151
1 15 2
101 226
1 6 2
309 362
1 12 2
424 252
1 15 2
178 63
1 3 2
7 78
1 12 2
116 158
1 11 2
79 299
1 11 2
163 61
1 12 2
17 356
1 2 2
103 100
1 13 2
101 478
1 3 2
375 85
1 11 2
289 312
1 6 2
127 178
1 15 2
23 109
1 3 2
26 69
1 9 2
487 72
1 3 2
356 241
1 12 2
453 157
1 9 2
395 319
1 4 2
333 137
1 9 2
117 15
1 4 2
77 360
1 13 2
151 24
1 5 2
143 257
1 14 2
93 110
1 12 2
102 86
1 3 2
450 498
1 5 2
461 466
1 9 2
98 54
1 14 2
435 176
1 7 2
150 328
1 9 2
256 176
1 10 2
69 98
1 11 2
61 484
1 7 2
399 321
1 4 2
324 194
1 13 2
168 413
1 4 2
85 246
1 3 2
279 480
1 8 2
127 256
1 8 2
378 460
1 9 2
182 351
1 7 2
247 274
1 11 2
396 150
1 15 2
173 108
1 5 2
330 474
1 15 2
143 325
1 9 2
458 3
1 10 2
418 129
1 9 2
331 140
1 5 2
140 69
1 9 2
496 267
1 9 2
152 390
1 6 2
76 285
1 10 2
441 470
1 10 2
120 168
1 10 2
495 288
1 12 2
288 27
1 4 2
256 179
1 9 2
473 229
1 13 2
422 210
1 7 2
410 183
1 8 2
17 362
1 3 2
288 302
1 2 2
210 446
1 8 2
457 132
1 5 2
326 110
1 7 2
316 372
1 7 2
43 407
1 9 2
206 88
1 3 2
135 267
1 12 2
348 68
1 9 2
201 383
1 3 2
164 467
1 14 2
305 19
1 11 2
194 461
1 13 2
227 114
1 6 2
245 54
1 15 2
324 264
1 14 2
232 370
1 7 2
5 247
1 13 2
19 265
1 15 2
399 347
1 10 2
480 54
1 12 2
128 415
1 13 2
178 325
1 8 2
388 92
1 6 2
456 279
1 9 2
128 150
1 2 2
286 16
1 9 2
35 81
1 15 2
144 264
1 4 2
435 455
1 4 2
455 480
1 8 2
198 95
1 3 2
458 64
1 3 2
189 119
1 2 2
78 168
1 14 2
417 77
1 12 2
247 59
1 13 2
294 78
1 10 2
293 224
1 6 2
68 454
1 12 2
446 169
1 5 2
200 197
1 6 2
433 212
1 3 2
25 476
1 15 2
23 90
1 9 2
130 387
1 4 2
347 144
1 3 2
53 17
1 6 2
168 182
1 14 2
488 128
1 6 2
208 173
1 10 2
10 476
1 15 2
321 432
1 12 2
305 228
1 6 2
353 487
1 10 2
145 194
1 10 2
133 99
1 7 2
358 190
1 12 2
333 141
1 6 2
329 478
1 2 2
214 388
1 6 2
495 318
1 4 2
345 454
1 7 2
482 465
1 3 2
4 331
1 14 2
447 118
1 10 2
334 344
1 7 2
433 32
1 7 2
205 16
1 4 2
169 162
1 14 2
103 146
1 5 2
44 451
1 9 2
369 180
1 4 2
35 46
1 12 2
235 274
1 6 2
261 175
1 3 2
20 226
1 14 2
189 451
1 3 2
4 423
1 4 2
270 434
1 3 2
493 45
1 14 2
147 148
1 13 2
329 103
1 13 2
48 320
1 15 2
122 286
1 5 2
148 47
1 15 2
493 304
1 6 2
398 74
1 12 2
476 135
1 7 2
99 339
1 4 2
7 499
1 9 2
46 176
1 6 2
28 207
1 4 2
293 98
1 5 2
287 160
1 8 2
231 345
1 7 2
339 461
1 5 2
223 418
1 14 2
271 410
1 15 2
399 1
1 10 2
241 128
1 4 2
315 374
1 9 2
131 264
1 14 2
257 214
1 15 2
252 167
1 9 2
397 13
1 11 2
338 328
1 5 2
478 181
1 10 2
204 284
1 7 2
322 152
1 9 2
352 321
1 3 2
113 196
1 8 2
439 226
1 15 2
422 329
1 8 2
179 317
1 8 2
36 449
1 7 2
302 388
1 14 2
196 385
1 12 2
458 147
1 10 2
292 136
1 3 2
139 480
1 10 2
178 498
1 11 2
352 112
1 5 2
18 73
1 5 2
315 109
1 4 2
295 101
1 11 2
251 366
1 3 2
42 455
1 5 2
475 6
1 6 2
352 287
1 8 2
65 103
1 6 2
317 279
1 12 2
47 55
1 15 2
347 182
1 4 2
382 301
1 14 2
72 229
1 7 2
231 244
1 12 2
188 377
1 2 2
298 496
1 10 2
308 376
1 13 2
385 27
1 7 2
168 397
1 4 2
19 332
1 3 2
169 272
1 2 2
305 163
1 8 2
407 467
1 9 2
216 80
1 6 2
225 142
1 4 2
99 86
1 8 2
381 252
1 2 2
156 283
1 13 2
328 441
1 11 2
381 277
1 2 2
462 326
1 12 2
89 44
1 7 2
55 18
1 14 2
100 26
1 7 2
379 375
1 9 2
355 229
1 8 2
18 98
1 15 2
321 36
1 5 2
288 136
1 12 2
252 90
1 12 2
58 450
1 7 2
223 183
1 14 2
115 34
1 13 2
462 400
1 7 2
150 398
1 11 2
427 72
1 15 2
86 103
1 14 2
400 277
1 5 2
38 60
1 8 2
97 100
1 14 2
164 109
1 13 2
121 454
1 10 2
312 347
1 7 2
274 414
1 3 2
159 35
1 4 2
304 271
1 6 2
498 499
1 3 2
383 477
1 8 2
370 368
1 13 2
236 489
1 15 2
177 361
1 15 2
247 94
1 11 2
303 241
1 10 2
169 287
1 9 2
391 373
1 10 2
243 246
1 10 2
179 413
1 4 2
101 248
1 8 2
82 166
1 15 2
106 218
1 4 2
268 221
1 14 2
330 182
1 6 2
242 89
1 2 2
20 261
1 11 2
412 371
1 8 2
455 486
1 13 2
149 166
1 3 2
50 453
1 6 2
371 46
1 9 2
399 104
1 4 2
438 258
1 14 2
23 264
1 10 2
174 258
1 6 2
80 139
1 11 2
179 79
1 9 2
316 253
1 3 2
490 361
1 13 2
88 152
1 6 2
69 83
1 9 2
200 129
1 15 2
390 165
1 8 2
197 494
1 13 2
437 302
1 4 2
388 63
1 9 2
225 317
1 8 2
166 322
1 8 2
446 364
1 5 2
494 93
1 14 2
309 20
1 5 2
295 269
1 15 2
258 57
1 12 2
137 265
1 5 2
243 350
1 13 2
277 468
1 7 2
59 298
1 13 2
138 172
1 8 2
452 366
1 9 2
241 150
1 6 2
175 345
1 8 2
105 490
1 2 2
226 411
1 3 2
196 227
1 7 2
463 92
1 11 2
366 65
1 4 2
446 264
1 2 2
233 298
1 15 2
269 5
1 6 2
286 453
1 15 2
373 416
1 8 2
102 233
1 15 2
205 387
1 11 2
73 322
1 10 2
43 144
1 14 2
28 165
1 13 2
240 243
1 5 2
78 46
1 14 2
192 230
1 10 2
185 347
1 5 2
364 147
1 14 2
121 8
1 9 2
158 296
1 5 2
162 103
1 14 2
1 466
1 15 2
450 166
1 5 2
316 132
1 10 2
275 114
1 5 2
133 352
1 12 2
457 398
1 10 2
190 15
1 14 2
481 207
1 3 2
417 441
1 2 2
54 63
1 5 2
214 293
1 6 2
314 353
1 10 2
113 375
1 11 2
287 187
1 12 2
288 249
1 8 2
304 223
1 11 2
339 250
1 8 2
476 13
1 2 2
288 60
1 9 2
360 415
1 2 2
444 363
1 13 2
45 28
1 8 2
375 83
1 4 2
328 349
1 9 2
130 426
1 11 2
207 141
1 4 2
438 327
1 9 2
200 258
1 8 2
243 380
1 3 2
446 170
1 7 2
95 358
1 15 2
80 446
1 4 2
108 117
1 11 2
56 149
1 13 2
230 152
1 4 2
357 197
1 9 2
436 339
1 8 2
245 100
1 10 2
172 120
1 14 2
189 284
1 4 2
2 355
1 14 2
180 440
1 5 2
31 111
1 2 2
74 389
1 2 2
68 310
1 4 2
408 375
1 7 2
89 360
1 8 2
458 408
1 11 2
111 264
1 13 2
339 136
1 11 2
403 227
1 3 2
25 488
1 4 2
142 225
1 5 2
125 331
1 4 2
468 191
1 2 2
14 366
1 13 2
423 312
1 7 2
112 253
1 12 2
312 108
1 9 2
18 249
1 3 2
48 79
1 12 2
387 99
1 2 2
304 479
1 8 2
364 247
1 11 2
432 488
1 6 2
107 88
1 4 2
306 168
1 9 2
415 464
1 14 2
443 65
1 15 2
362 96
1 7 2
283 124
1 14 2
297 469
1 7 2
124 310
1 14 2
265 276
1 12 2
390 206
1 11 2
169 345
1 14 2
192 104
1 13 2
278 315
1 15 2
456 482
1 5 2
263 120
1 7 2
235 109
1 10 2
319 420
1 10 2
238 266
1 4 2
65 78
1 15 2
28 317
1 14 2
108 426
1 13 2
297 305
1 13 2
384 12
1 15 2
452 56
1 9 2
342 138
1 15 2
74 414
1 5 2
374 279
1 4 2
380 61
1 12 2
226 206
1 12 2
384 465
1 3 2
122 427
1 9 2
364 72
1 2 2
54 269
1 9 2
3 259
1 8 2
466 353
1 10 2
280 65
1 12 2
144 304
1 6 2
296 330
1 12 2
331 190
1 7 2
149 303
1 6 2
126 168
1 9 2
344 44
1 7 2
124 433
1 11 2
440 316
1 13 2
123 437
1 9 2
182 348
1 10 2
367 413
1 14 2
16 174
1 13 2
399 23
1 9 2
464 477
1 14 2
491 33
1 10 2
85 212
1 2 2
99 220
1 9 2
460 254
1 15 2
361 226
1 2 2
479 279
1 15 2
101 311
1 10 2
236 283
1 9 2
257 468
1 6 2
312 281
1 6 2
63 341
1 8 2
484 47
1 5 2
479 109
1 15 2
175 212
1 3 2
16 61
1 9 2
330 81
1 9 2
267 178
1 4 2
334 255
1 9 2
206 282
1 7 2
419 129
1 14 2
498 370
1 3 2
397 420
1 13 2
264 447
1 11 2
288 394
1 6 2
112 252
1 3 2
8 79
1 6 2
390 72
1 9 2
344 323
1 6 2
116 195
1 14 2
148 55
1 3 2
144 237
1 7 2
219 482
1 14 2
76 171
1 3 2
362 87
1 7 2
418 421
1 14 2
273 437
1 5 2
477 316
1 15 2
440 335
1 6 2
436 205
1 4 2
346 43
1 2 2
457 20
1 4 2
112 262
1 15 2
160 423
1 2 2
172 306
1 15 2
283 223
1 8 2
377 98
1 15 2
73 474
1 5 2
12 182
1 6 2
262 17
1 11 2
419 134
1 4 2
253 107
1 9 2
73 162
1 14 2
494 266
1 10 2
425 173
1 11 2
268 95
1 11 2
245 479
1 12 2
137 440
1 13 2
40 5
1 9 2
263 258
1 3 2
488 242
1 5 2
67 453
1 14 2
331 273
1 8 2
335 191
1 12 2
31 466
1 9 2
461 353
1 6 2
82 267
1 9 2
363 354
1 3 2
481 178
1 15 2
245 331
1 15 2
368 182
1 7 2
49 387
1 2 2
461 248
1 10 2
376 258
1 6 2
268 47
1 3 2
335 397
1 5 2
209 272
1 5 2
274 406
1 6 2
401 466
1 8 2
322 247
1 7 2
179 288
1 2 2
130 345
1 9 2
333 247
1 15 2
356 338
1 5 2
11 454
1 8 2
44 295
1 5 2
443 494
1 11 2
160 450
1 13 2
63 90
1 10 2
44 168
1 5 2
120 458
1 11 2
165 448
1 13 2
62 65
1 5 2
439 17
1 2 2
138 162
1 8 2
23 204
1 7 2
35 40
1 15 2
415 146
1 6 2
365 287
1 3 2
169 156
1 10 2
92 462
1 9 2
438 99
1 9 2
210 280
1 6 2
297 157
1 9 2
299 402
1 12 2
398 449
1 15 2
70 142
1 15 2
256 224
1 13 2
234 351
1 2 2
54 432
1 3 2
14 248
1 12 2
141 32
1 12 2
52 340
1 9 2
171 332
1 11 2
86 5
1 3 2
485 449
1 3 2
271 315
1 7 2
53 17
1 9 2
461 398
1 6 2
145 231
1 11 2
313 139
1 13 2
422 290
1 2 2
189 208
1 7 2
349 331
1 11 2
134 105
1 9 2
87 445
1 7 2
336 199
1 15 2
376 28
1 9 2
116 258
1 7 2
145 340
1 10 2
393 238
1 2 2
452 167
1 10 2
438 360
1 2 2
332 322
1 6 2
230 110
1 10 2
20 304
1 9 2
240 398
1 6 2
297 379
1 15 2
11 44
1 9 2
411 408
1 2 2
362 302
1 9 2
305 35
1 6 2
422 0
1 5 2
69 1
1 13 2
254 332
1 4 2
437 218
1 6 2
281 345
1 10 2
422 294
1 3 2
441 387
1 13 2
340 271
1 4 2
56 468
1 4 2
314 325
1 11 2
232 381
1 9 2
414 22
1 14 2
26 7
1 12 2
413 200
1 14 2
220 33
1 10 2
491 4
1 8 2
56 405
1 12 2
76 92
1 9 2
479 53
1 14 2
183 439
1 3 2
193 245
1 12 2
425 486
1 7 2
225 203
1 4 2
290 276
1 7 2
150 320
1 9 2
448 179
1 4 2
187 341
1 2 2
132 162
1 9 2
35 304
1 5 2
162 341
1 15 2
303 181
1 6 2
374 58
1 5 2
38 239
1 9 2
358 344
1 15 2
87 494
1 6 2
105 123
1 14 2
56 222
1 3 2
6 94
1 7 2
290 71
1 8 2
354 255
1 15 2
196 50
1 7 2
257 391
1 4 2
47 276
1 2 2
404 367
1 12 2
102 160
1 11 2
165 198
1 12 2
237 60
1 4 2
499 206
1 3 2
102 97
1 10 2
385 125
1 9 2
45 186
1 15 2
245 399
1 15 2
20 292
1 9 2
157 407
1 11 2
89 441
1 9 2
360 283
1 4 2
380 85
1 4 2
107 256
1 6 2
91 374
1 11 2
111 159
1 14 2
391 329
1 15 2
68 491
1 11 2
106 117
1 13 2
2 276
1 15 2
118 298
1 3 2
51 324
1 15 2
221 400
1 13 2
328 254
1 3 2
347 182
1 4 2
137 106
1 9 2
274 329
1 10 2
496 25
1 12 2
192 451
1 5 2
81 150
1 3 2
22 80
1 2 2
50 104
1 12 2
346 66
1 15 2
59 2
1 14 2
304 121
1 3 2
357 268
1 6 2
455 177
1 10 2
321 329
1 2 2
402 215
1 7 2
306 40
1 5 2
213 67
1 9 2
187 222
1 4 2
457 258
1 13 2
160 221
1 14 2
270 132
1 7 2
455 356
1 10 2
46 153
1 14 2
162 243
1 10 2
304 210
1 10 2
261 267
1 11 2
480 69
1 10 2
309 239
1 2 2
24 161
1 8 2
141 176
1 7 2
247 419
1 4 2
287 449
1 11 2
93 470
1 12 2
92 209
1 2 2
35 485
1 4 2
231 313
1 11 2
413 343
1 4 2
322 367
1 11 2
423 175
1 13 2
272 234
1 4 2
341 83
1 6 2
385 106
1 11 2
193 20
1 2 2
390 226
1 6 2
375 129
1 12 2
430 36
1 13 2
234 231
1 6 2
483 343
1 2 2
246 399
1 9 2
9 168
1 8 2
270 38
1 15 2
112 162
1 8 2
185 487
1 2 2
487 383
1 7 2
88 23
1 7 2
188 434
1 11 2
476 216
1 13 2
199 58
1 6 2
92 109
1 10 2
96 78
1 8 2
268 10
1 2 2
299 84
1 4 2
330 431
1 2 2
201 50
1 6 2
330 168
1 4 2
399 423
1 11 2
71 435
1 5 2
57 397
1 9 2
209 39
1 13 2
383 474
1 10 2
188 467
1 12 2
366 90
1 2 2
2 231
1 6 2
24 455
1 5 2
356 71
1 11 2
163 12
1 15 2
137 396
1 4 2
111 288
1 15 2
406 73
1 13 2
362 355
1 6 2
422 311
1 9 2
215 429
1 12 2
366 153
1 12 2
355 99
1 5 2
120 488
1 2 2
242 287
1 11 2
400 53
1 13 2
168 46
1 14 2
434 24
1 2 2
202 22
1 2 2
376 318
1 5 2
250 266
1 12 2
178 342
1 8 2
282 103
1 4 2
24 187
1 6 2
73 61
1 4 2
89 118
1 12 2
290 143
1 4 2
413 87
1 13 2
306 429
1 8 2
383 220
1 15 2
7 288
1 9 2
359 156
1 4 2
209 374
1 11 2
98 330
1 6 2
19 489
1 9 2
458 46
1 15 2
46 128
1 7 2
155 317
1 12 2
115 462
1 4 2
233 124
1 12 2
242 202
1 5 2
26 350
1 13 2
162 40
1 11 2
9 121
1 10 2
7 234
1 10 2
235 459
1 13 2
369 232
1 13 2
300 109
1 14 2
27 355
1 12 2
96 336
1 10 2
10 91
1 4 2
443 453
1 6 2
14 7
1 8 2
154 480
1 3 2
308 375
1 15 2
496 354
1 15 2
101 119
1 7 2
148 400
1 2 2
115 296
1 12 2
75 446
1 2 2
202 6
1 15 2
115 376
1 6 2
308 116
1 12 2
296 353
1 15 2
26 105
1 6 2
174 296
1 10 2
78 87
1 11 2
285 445
1 8 2
455 77
1 11 2
211 96
1 15 2
359 437
1 7 2
427 495
1 15 2
493 490
1 12 2
251 464
1 6 2
38 224
1 8 2
0 442
1 12 2
352 440
1 14 2
213 436
1 9 2
398 229
1 14 2
242 339
1 2 2
207 350
1 15 2
77 388
1 3 2
405 377
1 5 2
218 93
1 14 2
96 81
1 6 2
115 384
1 9 2
27 195
1 15 2
326 250
1 12 2
16 484
1 4 2
273 282
1 11 2
310 48
1 6 2
372 119
1 14 2
254 298
1 3 2
466 367
1 10 2
47 80
1 14 2
148 39
1 10 2
348 358
1 11 2
498 2
1 11 2
219 70
1 10 2
30 159
1 15 2
454 485
1 8 2
486 87
1 15 2
75 335
1 7 2
318 399
1 6 2
88 200
1 14 2
249 61
1 12 2
107 160
1 11 2
376 88
1 12 2
380 266
1 7 2
372 142
1 10 2
441 301
1 14 2
471 171
1 13 2
40 390
1 2 2
274 409
1 11 2
253 392
1 7 2
113 376
1 7 2
212 162
1 11 2
162 291
1 11 2
48 106
1 10 2
383 372
1 7 2
342 305
1 5 2
83 353
1 12 2
474 350
1 9 2
315 31
1 7 2
498 487
1 11 2
41 451
1 2 2
459 335
1 2 2
202 137
1 6 2
165 361
1 2 2
319 57
1 10 2
415 328
1 12 2
0 225
1 14 2
384 172
1 11 2
274 496
1 3 2
254 27
1 2 2
416 112
1 3 2
474 193
1 12 2
426 274
1 15 2
478 100
1 14 2
451 163
1 9 2
251 247
1 13 2
98 481
1 6 2
219 100
1 14 2
320 341
1 6 2
358 233
1 12 2
237 179
1 12 2
143 336
1 12 2
308 43
1 6 2
498 76
1 15 2
210 61
1 13 2
192 70
1 8 2
190 125
1 9 2
249 79
1 3 2
417 217
1 7 2
138 412
1 3 2
450 160
1 2 2
384 272
1 2 2
165 395
1 10 2
448 495
1 4 2
76 467
1 15 2
90 361
1 8 2
212 95
1 9 2
95 480
1 3 2
5 184
1 3 2
445 426
1 11 2
182 205
1 12 2
432 235
1 8 2
166 160
1 8 2
108 322
1 3 2
390 203
1 8 2
495 437
1 3 2
4 78
1 14 2
357 206
1 8 2
0 496
1 11 2
272 247
1 15 2
231 429
1 2 2
107 490
1 6 2
425 119
1 12 2
236 187
1 9 2
245 310
1 8 2
275 116
1 13 2
263 491
1 13 2
57 48
1 5 2
42 388
1 3 2
78 384
1 6 2
82 156
1 11 2
453 421
1 10 2
65 141
1 2 2
252 73
1 7 2
399 174
1 14 2
178 181
1 12 2
150 22
1 13 2
308 258
1 12 2
188 7
1 7 2
89 495
1 3 2
207 435
1 8 2
153 65
1 13 2
49 33
1 13 2
90 456
1 14 2
56 481
1 6 2
310 342
1 15 2
464 491
1 11 2
56 320
1 11 2
147 360
1 15 2
52 289
1 10 2
332 20
1 15 2
22 4
1 14 2
189 489
1 13 2
488 16
1 11 2
97 438
1 5 2
160 110
1 11 2
305 248
1 11 2
224 413
1 6 2
196 486
1 12 2
182 498
1 2 2
206 461
1 10 2
339 190
1 12 2
387 33
1 10 2
244 266
1 7 2
234 6
1 10 2
122 449
1 7 2
457 12
1 9 2
241 401
1 9 2
394 125
1 6 2
354 296
1 4 2
307 252
1 14 2
273 134
1 7 2
186 372
1 13 2
404 488
1 15 2
439 36
1 14 2
392 61
1 6 2
308 296
1 2 2
213 110
1 12 2
241 11
1 15 2
260 325
1 12 2
211 487
1 8 2
460 67
1 4 2
182 306
1 15 2
115 403
1 12 2
224 340
1 7 2
219 299
1 13 2
384 160
1 3 2
121 21
1 2 2
380 203
1 11 2
372 29
1 7 2
345 334
1 14 2
367 194
1 12 2
314 327
1 8 2
196 399
1 15 2
187 73
1 2 2
443 126
1 12 2
207 128
1 12 2
438 319
1 5 2
298 38
1 14 2
171 203
1 8 2
173 179
1 5 2
56 13
1 10 2
446 71
1 5 2
129 79
1 8 2
160 232
1 4 2
10 371
1 9 2
355 426
1 7 2
51 416
1 12 2
134 276
1 14 2
450 359
1 12 2
492 89
1 3 2
280 252
1 10 2
266 440
1 9 2
475 15
1 12 2
1 4
1 11 2
295 141
1 14 2
345 336
1 11 2
297 464
1 4 2
471 7
1 11 2
61 191
1 11 2
478 255
1 5 2
30 34
1 4 2
81 479
1 9 2
491 184
1 10 2
171 329
1 9 2
217 147
1 3 2
121 46
1 2 2
130 105
1 15 2
430 163
1 10 2
167 304
1 13 2
212 70
1 2 2
73 76
1 4 2
120 343
1 9 2
272 201
1 6 2
117 274
1 4 2
243 353
1 15 2
208 67
1 3 2
411 402
1 13 2
492 177
1 10 2
461 290
1 6 2
54 213
1 2 2
295 355
1 11 2
1 284
1 3 2
194 330
1 15 2
433 419
1 4 2
100 461
1 11 2
123 299
1 7 2
195 411
1 6 2
388 162
1 10 2
385 138
1 6 2
497 481
1 9 2
295 139
1 4 2
234 498
1 4 2
422 252
1 14 2
270 149
1 14 2
320 450
1 14 2
137 140
1 5 2
353 270
1 7 2
160 297
1 11 2
97 158
1 11 2
341 402
1 6 2
102 464
1 15 2
283 50
1 11 2
311 242
1 8 2
137 142
1 6 2
116 171
1 8 2
322 320
1 9 2
291 316
1 3 2
432 341
1 7 2
234 293
1 2 2
123 173
1 15 2
158 154
1 10 2
319 417
1 3 2
199 91
1 6 2
269 12
1 15 2
317 313
1 15 2
296 67
1 13 2
56 257
1 4 2
62 127
1 15 2
197 299
1 6 2
123 236
1 9 2
315 275
1 14 2
224 55
1 6 2
411 31
1 4 2
498 302
1 6 2
342 180
1 12 2
397 366
1 12 2
224 47
1 7 2
16 458
1 8 2
465 456
1 3 2
217 472
1 14 2
331 136
1 3 2
461 125
1 11 2
372 6
1 2 2
96 63
1 8 2
163 263
1 13 2
394 213
1 5 2
235 297
1 2 2
93 306
1 14 2
280 487
1 13 2
58 392
1 10 2
487 158
1 6 2
6 491
1 3 2
160 241
1 2 2
485 406
1 15 2
121 193
1 8 2
441 166
1 9 2
59 258
1 13 2
111 367
1 6 2
282 13
1 3 2
171 497
1 10 2
469 445
1 4 2
347 201
1 15 2
194 119
1 7 2
158 153
1 10 2
200 373
1 14 2
337 0
1 14 2
318 220
1 12 2
247 174
1 9 2
90 133
1 2 2
250 78
1 14 2
72 361
1 10 2
318 388
1 14 2
453 449
1 13 2
49 171
1 7 2
125 473
1 11 2
494 192
1 5 2
307 498
1 10 2
236 238
1 5 2
466 281
1 13 2
276 135
1 14 2
477 346
1 8 2
351 389
1 4 2
235 344
1 13 2
244 325
1 6 2
210 287
1 3 2
393 91
1 5 2
313 10
1 5 2
339 491
1 13 2
4 266
1 11 2
466 122
1 10 2
422 26
1 7 2
265 184
1 5 2
77 320
1 3 2
135 325
1 6 2
456 414
1 7 2
359 325
1 12 2
259 430
1 4 2
109 470
1 10 2
207 318
1 11 2
215 97
1 6 2
485 305
1 15 2
390 110
1 13 2
348 38
1 11 2
245 243
1 13 2
259 113
1 5 2
382 14
1 14 2
495 56
1 7 2
465 26
1 2 2
376 83
1 2 2
119 348
1 11 2
25 200
1 14 2
371 321
1 12 2
449 88
1 5 2
115 361
1 15 2
294 319
1 3 2
208 7
1 9 2
321 493
1 12 2
172 408
1 2 2
154 126
1 14 2
431 154
1 2 2
186 54
1 3 2
430 7
1 12 2
496 440
1 6 2
280 452
1 11 2
473 17
1 5 2
336 234
1 14 2
211 47
1 15 2
449 396
1 3 2
195 298
1 14 2
439 52
1 7 2
175 228
1 5 2
372 363
1 13 2
372 93
1 7 2
226 368
1 6 2
171 295
1 10 2
448 208
1 4 2
434 61
1 7 2
282 188
1 5 2
444 387
1 14 2
401 32
1 10 2
22 351
1 8 2
121 367
1 2 2
283 394
1 7 2
482 380
1 2 2
369 123
1 9 2
144 305
1 6 2
182 383
1 6 2
394 442
1 6 2
263 495
1 12 2
136 433
1 10 2
318 70
1 11 2
360 155
1 3 2
209 473
1 12 2
342 17
1 4 2
114 32
1 3 2
469 379
1 11 2
214 436
1 2 2
46 413
1 11 2
373 104
1 4 2
117 490
1 4 2
91 428
1 12 2
466 482
1 3 2
300 401
1 3 2
291 441
1 9 2
86 315
1 14 2
408 54
1 8 2
206 492
1 11 2
498 244
1 4 2
485 381
1 10 2
134 102
1 6 2
429 364
1 2 2
491 147
1 6 2
228 313
1 4 2
287 303
1 15 2
394 469
1 15 2
323 412
1 8 2
125 27
1 12 2
412 486
1 4 2
247 313
1 5 2
281 209
1 4 2
296 285
1 7 2
305 463
1 10 2
413 474
1 13 2
288 53
1 14 2
330 486
1 2 2
395 331
1 7 2
356 392
1 15 2
438 18
1 7 2
146 496
1 7 2
121 241
1 4 2
446 239
1 13 2
442 40
1 11 2
349 70
1 12 2
165 43
1 14 2
197 425
1 9 2
82 112
1 6 2
30 22
1 3 2
215 331
1 15 2
334 200
1 13 2
476 5
1 5 2
318 227
1 8 2
457 360
1 12 2
219 0
1 15 2
477 5
1 14 2
233 58
1 10 2
80 375
1 9 2
380 255
1 14 2
186 244
1 3 2
163 112
1 13 2
98 284
1 11 2
493 107
1 14 2
411 280
1 11 2
382 54
1 7 2
164 109
1 9 2
147 226
1 5 2
208 126
1 14 2
424 214
1 4 2
55 142
1 14 2
37 328
1 9 2
332 227
1 5 2
436 205
1 10 2
79 475
1 9 2
483 381
1 10 2
495 24
1 3 2
166 189
1 12 2
34 144
1 6 2
128 177
1 11 2
178 113
1 10 2
177 16
1 11 2
119 239
1 15 2
182 462
1 8 2
190 485
1 3 2
340 387
1 5 2
483 259
1 13 2
499 469
1 3 2
339 404
1 4 2
487 442
1 8 2
186 21
1 8 2
424 370
1 12 2
376 63
1 15 2
347 261
1 13 2
73 384
1 3 2
7 37
1 13 2
145 455
1 9 2
465 104
1 8 2
175 428
1 6 2
319 328
1 6 2
327 226
1 12 2
193 43
1 10 2
399 237
1 3 2
79 277
1 4 2
150 318
1 7 2
226 77
1 15 2
102 17
1 5 2
355 353
1 12 2
164 389
1 10 2
151 411
1 4 2
315 362
1 7 2
442 454
1 3 2
225 275
1 13 2
47 129
1 14 2
251 434
1 11 2
85 88
1 12 2
155 108
1 11 2
248 354
1 12 2
295 126
1 14 2
439 203
1 10 2
134 136
1 10 2
92 284
1 4 2
166 285
1 11 2
463 434
1 4 2
432 117
1 8 2
2 30
1 11 2
407 357
1 15 2
44 37
1 8 2
435 49
1 5 2
417 385
1 8 2
230 214
1 14 2
384 465
1 13 2
194 359
1 4 2
438 344
1 8 2
67 462
1 8 2
468 475
1 12 2
429 170
1 4 2
165 198
1 14 2
394 483
1 3 2
453 95
1 9 2
38 295
1 7 2
58 35
1 11 2
18 439
1 11 2
393 343
1 14 2
138 251
1 11 2
489 118
1 13 2
350 1
1 12 2
303 152
1 3 2
287 217
1 15 2
245 15
1 14 2
35 186
1 11 2
198 43
1 3 2
439 398
1 5 2
149 343
1 11 2
335 94
1 8 2
317 499
1 11 2
488 3
1 12 2
400 401
1 6 2
244 93
1 13 2
467 64
1 2 2
408 18
1 11 2
477 376
1 4 2
431 485
1 15 2
283 79
1 5 2
225 108
1 7 2
188 213
1 14 2
178 449
1 13 2
253 65
1 13 2
6 406
1 6 2
93 125
1 15 2
1 197
1 3 2
166 313
1 10 2
96 407
1 13 2
325 353
1 6 2
175 153
1 4 2
211 482
1 14 2
174 296
1 7 2
203 425
1 3 2
340 234
1 11 2
110 319
1 5 2
96 58
1 4 2
27 468
1 5 2
166 475
1 8 2
201 317
1 8 2
430 167
1 13 2
139 165
1 13 2
411 10
1 15 2
478 367
1 13 2
486 113
1 11 2
498 469
1 9 2
230 401
1 8 2
301 226
1 10 2
32 62
1 13 2
230 271
1 15 2
173 414
1 5 2
466 470
1 7 2
305 105
1 6 2
86 62
1 2 2
79 391
1 11 2
358 439
1 14 2
362 94
1 12 2
44 217
1 11 2
309 262
1 14 2
383 160
1 7 2
20 189
1 8 2
61 88
1 3 2
177 154
1 11 2
112 237
1 4 2
349 185
1 2 2
394 109
1 2 2
218 448
1 10 2
140 475
1 13 2
182 368
1 3 2
232 408
1 15 2
374 309
1 9 2
227 284
1 15 2
460 430
1 9 2
499 273
1 14 2
476 98
1 8 2
349 144
1 6 2
130 290
1 10 2
68 81
1 12 2
351 61
1 6 2
454 442
1 10 2
246 30
1 11 2
199 26
1 11 2
301 35
1 12 2
352 147
1 10 2
362 113
1 6 2
111 249
1 5 2
249 199
1 8 2
485 385
1 15 2
363 243
1 15 2
217 249
1 2 2
205 139
1 11 2
432 404
1 2 2
34 427
1 7 2
177 121
1 6 2
24 489
1 2 2
381 29
1 8 2
186 145
1 8 2
463 321
1 10 2
420 133
1 4 2
258 336
1 11 2
50 297
1 5 2
130 427
1 9 2
430 410
1 14 2
162 229
1 9 2
297 470
1 3 2
394 489
1 3 2
473 64
1 3 2
373 374
1 11 2
493 338
1 2 2
369 83
1 2 2
448 268
1 3 2
88 134
1 7 2
412 100
1 5 2
427 468
1 9 2
398 370
1 9 2
69 133
1 3 2
142 124
1 15 2
234 402
1 3 2
73 216
1 6 2
94 216
1 14 2
191 110
1 6 2
100 261
1 15 2
78 409
1 2 2
130 277
1 7 2
132 454
1 3 2
201 409
1 12 2
190 213
1 14 2
54 204
1 11 2
377 420
1 6 2
71 249
1 12 2
62 220
1 15 2
107 165
1 14 2
369 58
1 6 2
147 453
1 11 2
421 275
1 11 2
237 306
1 2 2
136 221
1 7 2
184 163
1 11 2
377 10
1 12 2
421 261
1 7 2
419 218
1 15 2
418 238
1 3 2
312 405
1 2 2
423 374
1 6 2
365 458
1 10 2
399 61
1 8 2
459 403
1 2 2
324 483
1 13 2
275 290
1 15 2
406 378
1 7 2
487 338
1 5 2
155 372
1 14 2
361 472
1 12 2
347 479
1 6 2
220 203
1 14 2
120 483
1 14 2
342 10
1 12 2
350 361
1 6 2
269 308
1 9 2
264 64
1 5 2
239 170
1 13 2
434 440
1 3 2
75 79
1 3 2
281 205
1 9 2
302 444
1 13 2
208 155
1 12 2
416 316
1 6 2
153 74
1 14 2
402 76
1 6 2
375 471
1 12 2
126 474
1 7 2
97 90
1 2 2
283 386
1 6 2
375 367
1 2 2
374 253
1 13 2
56 334
1 5 2
369 476
1 9 2
64 155
1 4 2
324 74
1 11 2
489 364
1 14 2
201 337
1 2 2
319 203
1 4 2
49 185
1 3 2
288 219
1 2 2
194 343
1 3 2
256 230
1 3 2
341 127
1 14 2
255 480
1 3 2
208 179
1 11 2
145 169
1 9 2
170 34
1 6 2
483 18
1 6 2
480 409
1 5 2
306 192
1 8 2
372 115
1 12 2
42 123
1 12 2
133 495
1 11 2
74 427
1 13 2
227 301
1 2 2
198 62
1 3 2
439 221
1 5 2
276 421
1 15 2
228 96
1 8 2
238 381
1 12 2
7 464
1 7 2
341 76
1 9 2
455 478
1 11 2
170 196
1 2 2
375 167
1 12 2
30 225
1 15 2
216 446
1 7 2
275 117
1 5 2
237 473
1 2 2
173 96
1 2 2
433 276
1 15 2
370 9
1 8 2
363 109
1 2 2
0 3
1 7 2
7 10
1 14 2
397 204
1 9 2
303 132
1 2 2
242 325
1 6 2
300 368
1 3 2
275 441
1 3 2
309 324
1 12 2
126 111
1 3 2
422 355
1 12 2
186 494
1 5 2
147 386
1 2 2
497 47
1 5 2
271 95
1 15 2
300 364
1 9 2
325 414
1 7 2
403 218
1 13 2
483 261
1 10 2
133 384
1 13 2
203 349
1 2 2
72 208
1 11 2
215 493
1 15 2
345 267
1 4 2
252 297
1 2 2
422 474
1 5 2
246 220
1 8 2
424 391
1 10 2
410 354
1 11 2
99 74
1 4 2
357 289
1 10 2
470 458
1 5 2
66 261
1 5 2
367 359
1 12 2
441 13
1 13 2
134 290
1 4 2
324 441
1 11 2
383 177
1 7 2
187 125
1 15 2
135 441
1 13 2
410 320
1 15 2
86 108
1 6 2
422 44
1 7 2
11 302
1 7 2
200 37
1 14 2
394 414
1 15 2
221 179
1 11 2
263 310
1 15 2
261 272
1 3 2
56 218
1 5 2
251 409
1 6 2
327 348
1 11 2
406 485
1 4 2
79 34
1 11 2
89 325
1 14 2
44 256
1 7 2
113 255
1 10 2
56 343
1 7 2
198 252
1 13 2
264 418
1 4 2
297 371
1 2 2
292 301
1 6 2
110 279
1 7 2
314 321
1 3 2
233 76
1 2 2
411 50
1 6 2
331 355
1 9 2
486 429
1 3 2
12 143
1 5 2
5 463
1 14 2
220 111
1 6 2
85 151
1 5 2
317 15
1 8 2
354 427
1 5 2
440 386
1 12 2
356 205
1 14 2
259 212
1 6 2
243 338
1 8 2
377 156
1 8 2
240 147
1 12 2
297 328
1 14 2
408 483
1 10 2
453 231
1 8 2
294 303
1 14 2
45 289
1 6 2
232 266
1 12 2
358 366
1 12 2
426 249
1 15 2
320 226
1 14 2
139 229
1 9 2
361 197
1 6 2
334 20
1 2 2
236 91
1 3 2
262 316
1 6 2
152 162
1 9 2
445 97
1 9 2
12 62
1 10 2
401 147
1 5 2
7 499
1 15 2
165 477
1 12 2
460 26
1 10 2
383 114
1 9 2
254 354
1 2 2
390 40
1 15 2
154 152
1 10 2
489 254
1 4 2
433 355
1 6 2
256 53
1 11 2
186 64
1 6 2
183 403
1 7 2
21 71
1 12 2
416 14
1 8 2
192 216
1 10 2
130 258
1 4 2
200 40
1 6 2
469 268
1 8 2
2 251
1 6 2
178 418
1 3 2
351 105
1 6 2
32 285
1 3 2
474 277
1 3 2
70 58
1 14 2
227 322
1 4 2
311 149
1 7 2
95 50
1 11 2
65 398
1 13 2
22 142
1 9 2
226 416
1 12 2
322 470
1 11 2
336 317
1 13 2
171 144
1 9 2
173 441
1 8 2
234 338
1 10 2
36 314
1 5 2
386 137
1 11 2
479 457
1 10 2
386 235
1 15 2
321 341
1 10 2
492 112
1 9 2
186 152
1 7 2
18 55
1 3 2
65 36
1 14 2
241 78
1 4 2
377 292
1 12 2
280 181
1 7 2
278 310
1 15 2
49 295
1 13 2
362 391
1 7 2
81 174
1 10 2
187 446
1 2 2
84 379
1 11 2
262 486
1 4 2
349 24
1 8 2
224 212
1 8 2
189 482
1 12 2
329 451
1 8 2
34 475
1 2 2
462 454
1 11 2
320 0
1 13 2
450 13
1 7 2
468 228
1 9 2
480 434
1 3 2
287 293
1 4 2
117 7
1 9 2
61 446
1 3 2
234 296
1 4 2
372 364
1 8 2
374 346
1 3 2
177 398
1 5 2
289 21
1 7 2
104 346
1 2 2
284 295
1 5 2
386 360
1 15 2
419 52
1 4 2
468 150
1 12 2
321 17
1 15 2
197 278
1 13 2
186 422
1 4 2
16 262
1 3 2
218 212
1 15 2
279 347
1 5 2
353 334
1 11 2
193 30
1 15 2
489 220
1 4 2
321 464
1 13 2
451 230
1 14 2
106 203
1 5 2
88 219
1 3 2
346 467
1 12 2
369 482
1 12 2
1 375
1 5 2
187 211
1 11 2
239 37
1 6 2
298 402
1 14 2
453 336
1 3 2
275 1
1 4 2
313 252
1 11 2
248 349
1 8 2
332 378
1 3 2
67 314
1 14 2
493 292
1 13 2
257 447
1 15 2
114 234
1 15 2
2 437
1 8 2
297 108
1 7 2
110 136
1 7 2
261 457
1 4 2
167 40
1 12 2
418 264
1 3 2
93 294
1 14 2
222 335
1 12 2
269 47
1 6 2
326 169
1 9 2
422 30
1 2 2
387 174
1 4 2
335 225
1 9 2
41 209
1 2 2
424 352
1 14 2
380 204
1 4 2
107 384
1 15 2
404 395
1 8 2
63 284
1 5 2
438 88
1 12 2
235 442
1 11 2
91 222
1 4 2
112 106
1 13 2
54 223
1 6 2
35 11
1 5 2
396 286
1 2 2
349 134
1 11 2
414 43
1 9 2
50 159
1 5 2
240 190
1 13 2
375 83
1 8 2
295 247
1 5 2
175 447
1 15 2
439 428
1 8 2
460 268
1 12 2
239 221
1 7 2
20 284
1 8 2
441 124
1 2 2
143 50
1 15 2
46 275
1 3 2
324 473
1 14 2
419 241
1 12 2
148 316
1 13 2
317 382
1 6 2
487 396
1 6 2
293 407
1 6 2
327 151
1 6 2
122 421
1 5 2
169 470
1 7 2
276 219
1 14 2
298 65
1 3 2
137 182
1 4 2
236 454
1 9 2
199 446
1 10 2
82 349
1 12 2
260 243
1 15 2
308 231
1 6 2
45 5
1 15 2
44 272
1 3 2
155 390
1 13 2
377 164
1 2 2
393 452
1 3 2
135 73
1 4 2
413 132
1 15 2
304 468
1 11 2
190 400
1 9 2
311 84
1 6 2
433 35
1 11 2
261 54
1 7 2
286 452
1 9 2
266 273
1 15 2
244 33
1 13 2
455 11
1 5 2
420 168
1 8 2
428 482
1 7 2
289 235
1 12 2
430 304
1 2 2
55 202
1 4 2
116 353
1 9 2
173 289
1 15 2
151 133
1 14 2
190 118
1 9 2
52 378
1 2 2
471 170
1 7 2
143 367
1 10 2
297 233
1 2 2
364 379
1 15 2
243 115
1 9 2
272 339
1 8 2
249 136
1 11 2
391 380
1 10 2
315 39
1 8 2
139 437
1 4 2
170 369
1 3 2
493 139
1 6 2
387 404
1 9 2
238 380
1 2 2
452 301
1 8 2
333 144
1 15 2
94 36
1 2 2
372 284
1 9 2
426 67
1 10 2
203 147
1 5 2
424 215
1 5 2
401 63
1 2 2
363 65
1 10 2
52 400
1 9 2
74 152
1 10 2
110 408
1 12 2
78 104
1 10 2
362 113
1 14 2
497 184
1 3 2
376 315
1 2 2
302 236
1 5 2
178 284
1 9 2
442 344
1 10 2
329 318
1 10 2
176 378
1 15 2
345 10
1 13 2
85 370
1 11 2
178 328
1 4 2
197 368
1 12 2
60 325
1 15 2
8 472
1 13 2
192 106
1 2 2
174 206
1 11 2
198 319
1 5 2
411 268
1 8 2
126 57
1 5 2
342 280
1 15 2
240 288
1 10 2
483 304
1 12 2
351 209
1 15 2
10 431
1 7 2
455 72
1 5 2
397 202
1 9 2
74 317
1 10 2
464 115
