500 2975 2500
5 23 10 20 10 23 16 15 11 24 18 22 25 20 15 10 5 21 22 15 13 7 22 9 8 12 5 15 24 11 19 8 15 15 18 5 21 5 25 5 23 19 15 15 14 20 8 16 15 5 25 10 17 19 11 18 25 21 21 25 7 25 6 23 12 14 14 18 10 5 5 8 10 7 25 24 15 12 23 23 25 25 14 17 16 14 7 7 22 24 22 15 25 18 18 16 20 6 16 5 22 23 20 13 19 11 14 20 16 6 7 13 22 12 8 12 17 7 25 19 10 14 21 25 6 5 11 5 8 11 11 14 19 18 20 21 7 23 5 10 12 21 16 18 17 21 6 15 19 23 21 24 12 17 5 16 15 5 11 20 18 24 5 10 17 14 16 5 18 17 10 14 5 17 25 25 7 9 13 12 11 24 10 13 6 22 13 11 21 12 6 5 20 23 21 19 13 17 23 25 7 25 17 18 24 24 16 14 9 6 12 15 20 9 7 19 12 19 15 18 19 24 25 21 23 5 18 5 11 14 24 24 9 9 20 10 10 12 19 25 17 24 15 16 17 16 7 14 18 25 11 20 25 17 13 21 12 18 9 12 17 16 6 17 22 6 24 6 23 6 13 6 18 12 21 6 15 17 19 22 9 10 18 16 17 21 14 22 21 18 5 11 10 18 21 6 24 10 25 19 12 20 24 21 23 22 21 14 25 20 17 9 9 5 9 20 6 11 16 17 25 13 16 13 14 19 12 8 5 9 6 23 10 24 14 14 18 5 22 20 21 17 16 6 18 11 15 13 14 6 13 7 10 19 5 17 24 15 9 15 14 6 17 24 5 24 9 17 24 6 9 19 16 25 21 23 11 6 7 24 12 5 24 23 12 5 18 12 9 5 12 7 17 11 6 12 25 24 22 24 10 15 23 25 16 11 24 19 21 9 15 22 21 6 23 25 20 15 22 12 24 11 5 17 13 24 15 18 14 8 22 19 8 19 9 5 23 20 25 7 11 14 10 14 14 22 6 20 25 20 9 24 5 19 25 18 10 17 24 22 23 20 24 6 13 20 20 20 21 15 5 5 9 18 11 19 6 19 22 7 17 24 8 25 13 15 14 25 20 25 15 17 7 13 20 17 23 17 10 9
3 15 3 7 16 9 10 12 6 18 5 11 10 11 5 4 17 15 3 11 16 12 4 10 11 18 13 14 11 10 18 3 10 3 9 7 9 7 10 13 3 12 20 13 3 9 17 20 20 11 12 6 19 8 9 16 12 14 6 19 7 18 16 8 16 18 3 16 15 20 4 5 13 6 5 3 10 3 20 6 14 8 4 4 20 14 13 6 6 18 20 20 18 5 8 6 12 10 17 13 14 8 20 15 9 16 3 6 8 15 7 19 18 5 12 6 12 20 19 20 5 17 12 19 17 12 16 6 13 3 11 17 6 8 15 13 13 20 9 13 17 8 7 19 14 12 8 12 16 13 10 19 8 7 14 7 9 13 14 4 7 7 20 12 4 16 10 13 8 18 5 10 19 6 18 13 5 4 17 5 13 13 20 8 6 16 14 16 15 17 9 3 10 4 9 15 6 11 19 19 18 20 11 17 7 6 17 19 3 11 11 14 20 16 12 9 11 12 19 20 20 19 8 20 20 6 12 9 19 11 10 3 15 8 14 18 6 4 8 7 5 12 15 11 8 4 14 6 4 14 19 9 20 4 12 4 3 4 13 15 5 20 12 4 16 15 14 5 3 7 9 9 17 15 15 5 8 19 8 8 10 6 6 12 11 9 5 9 9 12 10 10 15 9 13 8 4 12 12 11 19 20 8 12 15 4 13 19 9 7 13 14 18 13 10 5 5 10 16 17 12 7 17 15 10 9 15 16 11 3 19 3 13 9 10 16 20 17 7 11 16 12 5 3 5 5 9 6 5 19 3 19 20 9 12 8 6 19 8 14 17 15 7 3 3 8 15 13 12 5 12 17 9 12 3 5 11 17 5 4 5 3 8 9 18 11 11 8 13 6 13 11 11 14 15 3 11 17 14 14 13 13 10 16 15 11 13 13 12 18 6 13 17 17 3 19 7 8 15 18 17 8 20 9 16 6 4 12 20 4 3 16 7 4 9 12 15 13 5 8 14 16 7 3 3 20 12 17 8 7 9 5 7 6 17 7 19 6 17 5 6 3 8 14 17 19 6 7 20 5 13 8 7 5 17 14 7 11 15 9 15 12 20 20 7 3 18 16 20 12 19 9 20 16 16 6 3 11 3 15
1 5 2
275 457
1 4 2
214 389
1 7 2
32 475
1 15 2
205 457
1 6 2
239 409
1 15 2
169 396
1 12 2
96 413
1 10 2
120 437
1 10 2
44 195
1 13 2
158 190
1 12 2
50 254
1 7 2
220 400
1 9 2
215 486
1 7 2
32 462
1 10 2
61 328
1 2 2
132 375
1 7 2
258 313
1 10 2
127 432
1 11 2
0 187
1 5 2
189 412
1 3 2
210 343
1 15 2
181 261
1 12 2
103 221
1 2 2
266 442
1 10 2
229 458
1 15 2
60 312
1 12 2
110 388
1 7 2
20 251
1 14 2
175 326
1 5 2
249 449
1 8 2
199 375
1 11 2
108 256
1 15 2
191 264
1 5 2
248 327
1 5 2
298 394
1 11 2
224 400
1 4 2
136 137
1 7 2
225 235
1 3 2
279 285
1 3 2
293 343
1 6 2
219 287
1 15 2
231 445
1 10 2
264 492
1 5 2
86 441
1 14 2
143 331
1 11 2
201 410
1 8 2
62 450
1 5 2
202 454
1 8 2
457 497
1 4 2
382 421
1 3 2
408 450
1 9 2
139 235
1 5 2
257 394
1 14 2
134 355
1 2 2
237 401
1 10 2
258 428
1 13 2
184 294
1 2 2
179 442
1 6 2
45 335
1 7 2
303 408
1 5 2
92 447
1 8 2
321 390
1 7 2
37 211
1 6 2
259 480
1 6 2
111 332
1 9 2
25 148
1 12 2
83 334
1 8 2
456 459
1 6 2
195 308
1 10 2
73 176
1 14 2
3 457
1 6 2
455 478
1 3 2
2 388
1 2 2
60 246
1 8 2
135 355
1 11 2
30 66
1 14 2
410 477
1 3 2
249 465
1 13 2
323 398
1 9 2
1 10
1 8 2
352 368
1 5 2
472 490
1 13 2
109 153
1 8 2
21 189
1 8 2
78 438
1 15 2
70 337
1 8 2
312 416
1 11 2
81 308
1 2 2
165 249
1 6 2
89 413
1 5 2
215 403
1 8 2
235 385
1 6 2
216 481
1 13 2
26 388
1 15 2
273 425
1 10 2
243 444
1 8 2
350 417
1 4 2
117 396
1 7 2
292 470
1 3 2
297 442
1 6 2
366 438
1 6 2
93 98
1 9 2
163 424
1 3 2
192 324
1 5 2
176 210
1 5 2
55 193
1 8 2
291 499
1 6 2
393 451
1 14 2
19 232
1 13 2
43 105
1 15 2
355 498
1 12 2
230 322
1 5 2
251 495
1 5 2
331 358
1 7 2
58 317
1 9 2
8 296
1 12 2
122 429
1 2 2
228 369
1 10 2
120 328
1 14 2
21 258
1 3 2
205 451
1 8 2
193 472
1 10 2
166 263
1 8 2
42 238
1 7 2
39 390
1 4 2
141 429
1 9 2
67 224
1 3 2
56 130
1 2 2
225 392
1 4 2
183 197
1 2 2
91 499
1 12 2
147 379
1 11 2
35 457
1 9 2
137 284
1 2 2
175 440
1 13 2
106 304
1 13 2
407 445
1 14 2
12 88
1 11 2
268 433
1 8 2
308 477
1 8 2
189 246
1 6 2
152 248
1 8 2
240 441
1 11 2
87 340
1 15 2
414 498
1 15 2
175 389
1 12 2
289 364
1 3 2
181 214
1 2 2
267 270
1 15 2
300 381
1 10 2
402 480
1 15 2
64 490
1 4 2
178 263
1 10 2
269 410
1 14 2
85 273
1 6 2
24 133
1 6 2
269 376
1 12 2
51 168
1 6 2
385 454
1 13 2
177 349
1 7 2
352 379
1 3 2
375 426
1 15 2
370 373
1 6 2
156 449
1 2 2
178 197
1 12 2
341 357
1 7 2
53 165
1 11 2
235 352
1 13 2
315 387
1 4 2
418 434
1 14 2
239 405
1 13 2
19 75
1 10 2
420 467
1 10 2
1 377
1 10 2
420 498
1 10 2
129 206
1 6 2
30 60
1 15 2
203 318
1 9 2
17 187
1 4 2
234 368
1 6 2
219 453
1 15 2
44 181
1 15 2
241 487
1 14 2
96 157
1 5 2
82 243
1 15 2
55 349
1 3 2
42 263
1 14 2
78 476
1 7 2
364 402
1 15 2
185 238
1 12 2
325 458
1 15 2
42 82
1 12 2
332 376
1 7 2
72 411
1 14 2
179 378
1 8 2
137 192
1 6 2
238 491
1 4 2
101 149
1 7 2
77 125
1 4 2
113 144
1 14 2
107 137
1 8 2
264 265
1 15 2
160 226
1 11 2
16 493
1 13 2
51 298
1 15 2
56 117
1 2 2
461 490
1 3 2
282 428
1 6 2
23 276
1 12 2
246 317
1 11 2
442 452
1 4 2
202 255
1 14 2
298 351
1 2 2
70 324
1 12 2
332 491
1 14 2
84 425
1 2 2
324 325
1 8 2
52 393
1 7 2
105 333
1 8 2
302 379
1 7 2
13 358
1 2 2
204 420
1 14 2
51 343
1 6 2
71 303
1 9 2
290 481
1 13 2
40 141
1 12 2
151 426
1 2 2
73 437
1 15 2
381 420
1 5 2
127 381
1 9 2
84 288
1 2 2
156 432
1 12 2
344 475
1 6 2
22 241
1 5 2
11 203
1 14 2
128 472
1 9 2
49 103
1 11 2
70 419
1 14 2
260 385
1 11 2
364 460
1 12 2
122 288
1 7 2
457 475
1 11 2
25 423
1 9 2
206 492
1 6 2
49 221
1 14 2
47 380
1 14 2
256 312
1 15 2
169 305
1 5 2
127 416
1 10 2
316 470
1 13 2
43 104
1 6 2
38 214
1 8 2
42 174
1 13 2
68 395
1 4 2
103 160
1 6 2
295 499
1 15 2
95 242
1 8 2
41 184
1 5 2
200 403
1 14 2
37 439
1 15 2
149 204
1 3 2
78 184
1 4 2
186 408
1 6 2
110 207
1 8 2
49 488
1 10 2
53 343
1 8 2
272 327
1 4 2
22 479
1 9 2
190 460
1 10 2
188 434
1 3 2
192 479
1 12 2
100 305
1 14 2
61 203
1 15 2
54 218
1 10 2
67 400
1 2 2
191 400
1 14 2
56 217
1 3 2
99 311
1 10 2
12 274
1 13 2
306 481
1 4 2
92 494
1 4 2
321 365
1 13 2
54 489
1 10 2
107 195
1 11 2
90 256
1 9 2
62 436
1 15 2
244 458
1 6 2
93 342
1 10 2
179 334
1 8 2
8 205
1 2 2
318 367
1 13 2
18 159
1 4 2
89 280
1 9 2
151 319
1 5 2
173 339
1 15 2
161 179
1 2 2
128 138
1 9 2
405 436
1 13 2
415 432
1 2 2
49 468
1 12 2
112 393
1 2 2
181 380
1 10 2
25 439
1 14 2
193 299
1 5 2
6 49
1 10 2
431 445
1 7 2
123 314
1 13 2
190 399
1 9 2
246 455
1 8 2
263 358
1 11 2
182 374
1 6 2
396 434
1 8 2
44 465
1 8 2
227 331
1 2 2
170 243
1 7 2
245 260
1 8 2
82 173
1 4 2
310 464
1 10 2
126 393
1 13 2
471 485
1 10 2
62 421
1 13 2
339 364
1 10 2
392 441
1 10 2
32 388
1 2 2
118 127
1 15 2
150 436
1 15 2
260 334
1 14 2
55 63
1 14 2
237 297
1 8 2
290 322
1 2 2
273 382
1 8 2
12 351
1 6 2
406 429
1 5 2
9 122
1 11 2
49 389
1 7 2
120 340
1 4 2
294 306
1 6 2
132 397
1 11 2
45 97
1 3 2
299 427
1 5 2
249 270
1 14 2
49 125
1 6 2
298 434
1 5 2
74 418
1 4 2
44 359
1 6 2
124 364
1 8 2
147 337
1 7 2
70 415
1 9 2
6 51
1 13 2
437 498
1 6 2
112 441
1 14 2
82 262
1 8 2
145 396
1 3 2
110 302
1 11 2
123 204
1 14 2
205 390
1 4 2
1 260
1 3 2
54 409
1 3 2
24 28
1 3 2
81 100
1 13 2
80 393
1 4 2
271 480
1 13 2
264 390
1 8 2
325 449
1 8 2
153 185
1 9 2
62 165
1 10 2
93 223
1 2 2
42 43
1 7 2
341 493
1 11 2
445 492
1 14 2
397 436
1 7 2
240 373
1 8 2
66 418
1 13 2
107 388
1 7 2
1 78
1 6 2
292 446
1 10 2
111 276
1 8 2
3 215
1 2 2
258 357
1 6 2
215 423
1 9 2
87 409
1 6 2
376 401
1 14 2
160 274
1 15 2
64 390
1 2 2
125 431
1 8 2
71 435
1 5 2
45 323
1 11 2
83 108
1 9 2
320 498
1 14 2
0 291
1 10 2
137 227
1 13 2
29 372
1 15 2
339 441
1 12 2
156 161
1 3 2
257 325
1 4 2
314 452
1 8 2
76 443
1 4 2
143 284
1 9 2
232 290
1 11 2
109 182
1 15 2
65 442
1 9 2
62 486
1 12 2
219 382
1 6 2
9 168
1 6 2
23 168
1 13 2
21 130
1 2 2
39 347
1 4 2
294 494
1 13 2
327 436
1 13 2
80 362
1 4 2
15 253
1 14 2
17 82
1 5 2
60 322
1 5 2
47 487
1 5 2
251 338
1 14 2
2 275
1 3 2
32 382
1 4 2
190 474
1 4 2
68 213
1 4 2
87 377
1 9 2
304 329
1 14 2
292 493
1 6 2
53 391
1 9 2
402 488
1 13 2
227 394
1 2 2
152 288
1 10 2
61 331
1 15 2
29 64
1 8 2
17 201
1 7 2
95 265
1 6 2
236 287
1 3 2
20 472
1 3 2
62 171
1 12 2
278 461
1 5 2
77 415
1 3 2
368 454
1 4 2
226 356
1 3 2
75 317
1 2 2
32 276
1 6 2
104 320
1 8 2
125 213
1 13 2
297 336
1 15 2
294 426
1 12 2
332 495
1 9 2
146 344
1 8 2
61 176
1 6 2
160 294
1 12 2
321 434
1 8 2
76 208
1 10 2
180 423
1 13 2
181 454
1 7 2
104 454
1 12 2
76 391
1 9 2
332 371
1 11 2
395 436
1 3 2
269 293
1 9 2
43 409
1 13 2
85 255
1 9 2
233 348
1 6 2
145 244
1 12 2
67 145
1 4 2
349 494
1 13 2
56 62
1 15 2
270 352
1 6 2
75 101
1 10 2
298 458
1 7 2
328 457
1 10 2
394 431
1 11 2
237 263
1 11 2
363 373
1 2 2
9 442
1 6 2
207 477
1 4 2
374 408
1 6 2
134 149
1 2 2
43 196
1 9 2
14 472
1 13 2
365 491
1 6 2
140 186
1 14 2
221 225
1 10 2
100 123
1 8 2
96 233
1 12 2
104 245
1 8 2
172 197
1 6 2
63 441
1 8 2
134 326
1 3 2
46 155
1 8 2
92 103
1 14 2
125 465
1 14 2
75 215
1 7 2
41 223
1 3 2
152 362
1 7 2
89 332
1 5 2
122 431
1 15 2
162 342
1 15 2
4 318
1 5 2
395 403
1 14 2
168 174
1 15 2
135 287
1 8 2
167 365
1 10 2
255 380
1 12 2
261 359
1 12 2
186 290
1 7 2
331 366
1 7 2
327 373
1 3 2
193 318
1 7 2
126 260
1 9 2
162 481
1 15 2
94 131
1 9 2
299 410
1 9 2
108 343
1 3 2
406 445
1 14 2
428 455
1 2 2
243 253
1 9 2
72 241
1 10 2
299 344
1 5 2
105 292
1 7 2
67 142
1 8 2
1 27
1 14 2
81 250
1 13 2
0 94
1 8 2
66 159
1 13 2
417 458
1 13 2
2 125
1 14 2
114 303
1 15 2
272 462
1 4 2
33 284
1 8 2
137 366
1 2 2
0 472
1 9 2
290 386
1 8 2
22 434
1 14 2
89 252
1 12 2
101 302
1 13 2
105 318
1 14 2
29 173
1 7 2
198 235
1 9 2
12 469
1 2 2
5 310
1 4 2
260 323
1 15 2
91 418
1 10 2
127 297
1 10 2
413 450
1 4 2
70 302
1 2 2
180 243
1 7 2
432 474
1 14 2
26 266
1 11 2
336 439
1 5 2
9 21
1 14 2
260 310
1 14 2
421 468
1 7 2
143 186
1 7 2
3 223
1 10 2
79 485
1 9 2
365 380
1 12 2
221 449
1 6 2
210 443
1 13 2
242 429
1 9 2
267 366
1 3 2
27 443
1 12 2
313 456
1 15 2
234 394
1 4 2
305 428
1 8 2
96 399
1 4 2
125 172
1 14 2
61 286
1 11 2
28 492
1 4 2
39 330
1 12 2
277 305
1 13 2
149 309
1 7 2
112 257
1 8 2
178 403
1 13 2
6 395
1 6 2
8 320
1 7 2
27 261
1 12 2
399 470
1 4 2
124 447
1 6 2
88 101
1 10 2
139 390
1 12 2
189 260
1 11 2
308 497
1 3 2
131 202
1 2 2
261 435
1 8 2
260 408
1 2 2
120 368
1 6 2
21 143
1 4 2
48 329
1 14 2
22 91
1 9 2
58 137
1 12 2
19 256
1 6 2
68 273
1 12 2
18 340
1 5 2
120 134
1 8 2
143 401
1 9 2
111 226
1 4 2
161 472
1 11 2
284 293
1 5 2
41 499
1 13 2
22 396
1 11 2
409 443
1 13 2
5 232
1 7 2
19 483
1 6 2
135 445
1 4 2
100 335
1 12 2
264 287
1 5 2
248 349
1 6 2
27 335
1 8 2
315 499
1 15 2
41 426
1 7 2
28 201
1 6 2
81 473
1 14 2
420 465
1 9 2
97 216
1 4 2
89 360
1 2 2
198 340
1 12 2
49 175
1 2 2
26 378
1 8 2
353 428
1 15 2
88 302
1 15 2
152 188
1 9 2
280 454
1 10 2
328 477
1 12 2
356 422
1 4 2
74 218
1 9 2
168 284
1 8 2
12 233
1 15 2
7 496
1 13 2
240 246
1 6 2
84 285
1 11 2
70 486
1 2 2
270 442
1 15 2
51 122
1 4 2
203 373
1 6 2
342 461
1 13 2
337 497
1 15 2
142 417
1 8 2
444 492
1 9 2
214 426
1 14 2
142 252
1 5 2
11 93
1 4 2
117 125
1 3 2
55 469
1 3 2
294 331
1 5 2
256 295
1 8 2
89 465
1 6 2
418 426
1 14 2
106 466
1 10 2
151 303
1 7 2
105 395
1 12 2
208 475
1 12 2
81 280
1 14 2
29 293
1 5 2
84 497
1 8 2
102 365
1 3 2
20 267
1 8 2
159 430
1 14 2
32 417
1 6 2
126 459
1 2 2
261 357
1 9 2
310 495
1 15 2
68 117
1 10 2
3 486
1 5 2
75 332
1 13 2
325 481
1 4 2
29 248
1 5 2
227 405
1 6 2
342 346
1 15 2
45 445
1 10 2
80 466
1 4 2
54 429
1 8 2
146 438
1 4 2
94 268
1 10 2
228 250
1 4 2
216 367
1 11 2
304 332
1 8 2
143 398
1 12 2
378 394
1 4 2
35 462
1 15 2
75 489
1 6 2
12 195
1 5 2
493 496
1 5 2
253 486
1 4 2
94 366
1 14 2
70 439
1 15 2
158 289
1 14 2
156 218
1 15 2
286 469
1 2 2
112 490
1 7 2
311 464
1 9 2
265 371
1 7 2
298 353
1 2 2
111 381
1 4 2
109 154
1 13 2
227 288
1 12 2
289 443
1 15 2
110 201
1 4 2
218 450
1 5 2
76 450
1 7 2
354 480
1 4 2
239 313
1 15 2
350 428
1 2 2
481 489
1 9 2
245 346
1 2 2
26 60
1 9 2
102 200
1 13 2
25 496
1 10 2
184 408
1 6 2
187 371
1 9 2
458 488
1 5 2
108 326
1 4 2
200 267
1 8 2
326 433
1 2 2
36 388
1 12 2
82 257
1 3 2
274 298
1 13 2
69 283
1 10 2
196 256
1 15 2
327 364
1 7 2
298 444
1 12 2
51 214
1 14 2
74 400
1 12 2
112 144
1 15 2
204 221
1 5 2
260 400
1 5 2
115 346
1 11 2
41 222
1 8 2
150 320
1 15 2
128 194
1 3 2
333 437
1 3 2
129 257
1 4 2
287 391
1 12 2
10 95
1 11 2
110 327
1 8 2
239 245
1 14 2
129 343
1 8 2
149 415
1 11 2
7 18
1 13 2
187 317
1 12 2
136 161
1 4 2
100 404
1 2 2
57 68
1 8 2
36 261
1 3 2
95 401
1 13 2
85 447
1 5 2
159 293
1 14 2
156 471
1 5 2
294 496
1 14 2
1 402
1 4 2
124 338
1 2 2
390 419
1 15 2
247 366
1 10 2
335 460
1 12 2
305 397
1 6 2
39 166
1 13 2
114 379
1 3 2
258 367
1 12 2
259 455
1 2 2
396 450
1 6 2
41 430
1 14 2
478 491
1 12 2
34 254
1 13 2
33 322
1 2 2
274 291
1 15 2
69 240
1 2 2
122 251
1 11 2
85 205
1 3 2
137 270
1 11 2
111 165
1 4 2
273 277
1 9 2
429 449
1 3 2
135 176
1 7 2
3 242
1 15 2
320 385
1 10 2
173 415
1 6 2
6 349
1 14 2
378 427
1 12 2
252 398
1 12 2
107 438
1 3 2
18 345
1 7 2
181 312
1 11 2
313 327
1 4 2
140 281
1 2 2
313 442
1 13 2
13 164
1 15 2
165 308
1 15 2
236 331
1 7 2
285 331
1 14 2
63 314
1 10 2
266 401
1 10 2
64 192
1 15 2
338 450
1 5 2
297 340
1 13 2
374 384
1 2 2
170 319
1 4 2
334 396
1 5 2
105 246
1 15 2
24 259
1 3 2
324 402
1 4 2
266 387
1 13 2
298 428
1 9 2
51 139
1 15 2
76 263
1 14 2
85 458
1 12 2
264 375
1 11 2
209 479
1 14 2
286 416
1 10 2
178 212
1 9 2
131 372
1 14 2
21 26
1 15 2
111 177
1 9 2
145 428
1 5 2
122 143
1 15 2
186 298
1 8 2
138 433
1 12 2
79 393
1 3 2
0 13
1 6 2
81 422
1 14 2
260 266
1 7 2
42 337
1 7 2
207 319
1 15 2
165 369
1 15 2
233 472
1 6 2
69 180
1 3 2
48 214
1 3 2
39 161
1 3 2
69 128
1 5 2
97 267
1 12 2
237 278
1 14 2
187 430
1 10 2
81 315
1 12 2
155 209
1 3 2
75 280
1 13 2
220 274
1 12 2
216 237
1 4 2
364 388
1 9 2
164 344
1 3 2
50 237
1 4 2
51 172
1 15 2
148 433
1 8 2
32 107
1 6 2
161 348
1 5 2
459 478
1 6 2
401 437
1 2 2
94 346
1 14 2
365 495
1 8 2
302 412
1 11 2
76 354
1 11 2
59 139
1 10 2
240 407
1 2 2
364 394
1 9 2
92 207
1 6 2
150 249
1 13 2
258 418
1 14 2
149 295
1 15 2
19 196
1 5 2
175 192
1 4 2
251 394
1 13 2
143 432
1 11 2
93 107
1 13 2
151 181
1 11 2
179 379
1 6 2
44 201
1 2 2
267 346
1 15 2
95 234
1 10 2
96 323
1 4 2
322 414
1 7 2
322 450
1 13 2
382 493
1 3 2
216 324
1 7 2
322 396
1 8 2
68 195
1 7 2
284 285
1 4 2
257 457
1 11 2
5 142
1 4 2
364 378
1 7 2
9 60
1 4 2
30 137
1 15 2
109 127
1 12 2
69 395
1 3 2
279 283
1 3 2
112 336
1 6 2
6 78
1 14 2
16 250
1 8 2
272 468
1 15 2
259 428
1 10 2
115 128
1 2 2
232 266
1 2 2
70 494
1 2 2
19 146
1 8 2
121 342
1 2 2
15 293
1 8 2
150 326
1 13 2
176 484
1 12 2
57 211
1 10 2
1 161
1 12 2
426 470
1 10 2
5 343
1 10 2
291 342
1 6 2
192 314
1 3 2
267 272
1 9 2
136 186
1 7 2
89 148
1 15 2
171 206
1 12 2
199 229
1 8 2
208 294
1 4 2
126 429
1 2 2
46 70
1 14 2
296 302
1 10 2
168 471
1 3 2
29 493
1 2 2
103 452
1 15 2
93 108
1 10 2
12 272
1 8 2
0 349
1 10 2
202 323
1 7 2
218 469
1 13 2
41 171
1 11 2
52 243
1 9 2
193 486
1 12 2
86 163
1 12 2
26 130
1 11 2
25 48
1 11 2
177 380
1 15 2
82 309
1 4 2
284 442
1 13 2
218 433
1 5 2
35 404
1 8 2
34 119
1 15 2
46 163
1 12 2
209 410
1 7 2
102 341
1 2 2
182 213
1 14 2
58 210
1 8 2
22 79
1 15 2
358 428
1 7 2
195 267
1 15 2
30 198
1 6 2
295 496
1 9 2
206 420
1 11 2
244 453
1 8 2
201 313
1 6 2
72 436
1 15 2
246 401
1 13 2
179 400
1 7 2
387 483
1 12 2
88 220
1 4 2
13 106
1 6 2
2 440
1 5 2
375 399
1 10 2
165 175
1 15 2
52 420
1 11 2
142 233
1 10 2
13 168
1 9 2
126 222
1 5 2
3 282
1 12 2
4 171
1 15 2
131 300
1 12 2
144 436
1 14 2
4 212
1 7 2
140 480
1 5 2
163 292
1 11 2
111 124
1 15 2
99 137
1 5 2
120 206
1 5 2
302 472
1 6 2
273 358
1 3 2
318 385
1 11 2
214 278
1 10 2
0 255
1 13 2
63 98
1 3 2
68 135
1 6 2
5 393
1 7 2
274 440
1 3 2
28 474
1 3 2
252 285
1 5 2
197 337
1 5 2
250 270
1 3 2
24 344
1 4 2
212 319
1 11 2
148 207
1 14 2
166 185
1 10 2
282 437
1 14 2
103 210
1 2 2
56 126
1 15 2
68 484
1 9 2
258 432
1 15 2
102 486
1 5 2
140 251
1 14 2
144 167
1 11 2
271 485
1 5 2
19 458
1 10 2
350 396
1 3 2
90 267
1 14 2
366 411
1 7 2
248 259
1 7 2
149 274
1 9 2
80 150
1 6 2
215 386
1 5 2
55 103
1 2 2
38 94
1 8 2
85 229
1 4 2
175 366
1 8 2
210 287
1 3 2
355 489
1 13 2
290 347
1 13 2
94 297
1 8 2
334 414
1 5 2
39 423
1 8 2
137 210
1 6 2
108 241
1 5 2
89 179
1 3 2
131 177
1 10 2
46 166
1 4 2
48 121
1 6 2
97 158
1 11 2
246 365
1 6 2
8 321
1 15 2
60 420
1 3 2
30 114
1 5 2
231 450
1 9 2
88 497
1 3 2
282 290
1 11 2
114 211
1 11 2
180 483
1 10 2
95 447
1 8 2
18 213
1 5 2
75 490
1 11 2
101 365
1 11 2
269 490
1 7 2
48 101
1 10 2
35 360
1 11 2
208 221
1 15 2
141 224
1 5 2
235 406
1 15 2
63 273
1 2 2
3 400
1 3 2
408 498
1 13 2
28 129
1 6 2
13 175
1 9 2
106 221
1 5 2
33 62
1 13 2
41 292
1 5 2
201 492
1 2 2
166 223
1 7 2
47 97
1 15 2
222 315
1 14 2
52 112
1 10 2
327 453
1 8 2
38 150
1 5 2
1 267
1 9 2
90 292
1 7 2
137 241
1 9 2
249 340
1 13 2
42 197
1 8 2
229 465
1 10 2
64 184
1 14 2
179 498
1 12 2
152 187
1 7 2
351 409
1 3 2
227 274
1 2 2
241 328
1 12 2
122 433
1 6 2
73 346
1 6 2
95 272
1 3 2
4 299
1 10 2
29 343
1 10 2
257 384
1 2 2
53 314
1 12 2
276 479
1 8 2
332 414
1 5 2
205 423
1 2 2
418 425
1 6 2
35 315
1 7 2
173 413
1 10 2
134 192
1 11 2
381 472
1 13 2
228 445
1 3 2
172 480
1 11 2
25 386
1 12 2
356 478
1 9 2
366 440
1 15 2
313 494
1 4 2
251 385
1 2 2
354 365
1 12 2
35 239
1 3 2
100 383
1 11 2
365 492
1 6 2
45 69
1 3 2
304 485
1 12 2
253 296
1 8 2
350 448
1 12 2
111 487
1 11 2
94 305
1 2 2
22 154
1 12 2
343 465
1 5 2
212 417
1 7 2
290 391
1 8 2
12 369
1 2 2
24 375
1 2 2
103 453
1 8 2
325 475
1 7 2
295 471
1 6 2
52 451
1 8 2
409 433
1 13 2
9 447
1 14 2
35 425
1 12 2
172 310
1 12 2
61 369
1 8 2
382 482
1 12 2
12 151
1 5 2
418 423
1 7 2
342 393
1 5 2
193 391
1 5 2
372 417
1 5 2
19 455
1 4 2
92 485
1 2 2
32 476
1 10 2
308 378
1 9 2
289 462
1 6 2
327 463
1 3 2
199 268
1 14 2
84 363
1 8 2
115 161
1 9 2
215 419
1 9 2
380 490
1 13 2
102 255
1 6 2
232 355
1 8 2
347 405
1 10 2
309 358
1 2 2
55 217
1 11 2
45 406
1 12 2
37 410
1 15 2
91 498
1 2 2
211 392
1 15 2
11 361
1 12 2
263 475
1 13 2
75 209
1 7 2
135 496
1 7 2
35 99
1 5 2
11 176
1 15 2
63 116
1 2 2
139 326
1 10 2
250 498
1 10 2
316 345
1 9 2
278 433
1 7 2
325 472
1 8 2
311 381
1 11 2
320 458
1 11 2
262 374
1 14 2
40 365
1 10 2
238 426
1 9 2
158 456
1 5 2
25 479
1 13 2
49 76
1 3 2
180 321
1 9 2
0 315
1 12 2
140 257
1 15 2
273 427
1 3 2
185 428
1 12 2
262 424
1 14 2
455 491
1 7 2
65 167
1 4 2
84 191
1 8 2
189 351
1 10 2
189 195
1 13 2
110 284
1 12 2
43 49
1 3 2
212 328
1 15 2
31 186
1 2 2
92 182
1 6 2
182 381
1 13 2
201 387
1 11 2
13 485
1 8 2
261 286
1 14 2
105 377
1 14 2
204 244
1 3 2
336 433
1 15 2
258 300
1 11 2
409 445
1 3 2
112 177
1 11 2
196 435
1 9 2
214 222
1 7 2
198 226
1 6 2
108 345
1 2 2
179 392
1 4 2
1 422
1 2 2
301 441
1 6 2
142 186
1 13 2
377 413
1 7 2
242 312
1 14 2
38 258
1 13 2
100 164
1 9 2
27 191
1 9 2
94 192
1 9 2
409 440
1 9 2
53 364
1 2 2
117 303
1 9 2
112 194
1 8 2
86 358
1 13 2
87 492
1 4 2
375 445
1 7 2
180 235
1 15 2
191 203
1 7 2
337 345
1 8 2
252 322
1 2 2
53 232
1 11 2
247 448
1 13 2
47 437
1 5 2
2 471
1 5 2
100 166
1 12 2
386 469
1 10 2
315 443
1 13 2
63 114
1 13 2
7 470
1 8 2
95 108
1 11 2
202 354
1 15 2
141 283
1 15 2
128 170
1 12 2
259 439
1 14 2
134 362
1 4 2
436 454
1 12 2
46 360
1 15 2
261 293
1 14 2
173 437
1 3 2
104 367
1 15 2
41 467
1 8 2
366 442
1 3 2
109 428
1 14 2
174 301
1 4 2
160 480
1 10 2
162 358
1 14 2
215 307
1 7 2
280 287
1 4 2
270 354
1 6 2
30 287
1 11 2
177 388
1 10 2
9 196
1 15 2
106 472
1 13 2
285 301
1 13 2
159 303
1 11 2
249 309
1 5 2
229 479
1 7 2
444 450
1 15 2
116 264
1 11 2
132 268
1 5 2
305 318
1 6 2
44 429
1 6 2
315 317
1 11 2
150 170
1 2 2
163 392
1 6 2
228 390
1 15 2
192 290
1 8 2
78 228
1 2 2
7 90
1 3 2
164 316
1 10 2
56 411
1 2 2
220 456
1 2 2
159 317
1 11 2
11 104
1 10 2
133 480
1 12 2
104 365
1 9 2
255 269
1 5 2
76 384
1 12 2
176 324
1 4 2
32 197
1 11 2
48 415
1 10 2
305 371
1 12 2
212 476
1 7 2
54 296
1 10 2
123 251
1 6 2
2 105
1 15 2
359 404
1 3 2
22 180
1 6 2
17 358
1 15 2
162 374
1 9 2
147 319
1 7 2
318 454
1 11 2
110 199
1 4 2
39 286
1 13 2
100 243
1 11 2
110 454
1 14 2
362 478
1 7 2
41 457
1 2 2
80 496
1 11 2
78 356
1 13 2
51 243
1 10 2
133 497
1 11 2
79 364
1 2 2
84 347
1 12 2
196 343
1 12 2
167 492
1 13 2
391 469
1 5 2
38 456
1 7 2
3 306
1 13 2
72 473
1 15 2
359 401
1 10 2
307 443
1 14 2
354 491
1 6 2
436 469
1 5 2
298 487
1 13 2
76 479
1 7 2
200 395
1 15 2
16 289
1 11 2
331 390
1 7 2
188 250
1 5 2
97 350
1 13 2
33 158
1 2 2
0 314
1 9 2
55 187
1 13 2
264 438
1 13 2
201 218
1 11 2
366 376
1 7 2
294 343
1 8 2
168 408
1 3 2
39 319
1 3 2
101 194
1 15 2
7 323
1 15 2
152 262
1 11 2
72 125
1 8 2
382 406
1 4 2
61 162
1 2 2
28 82
1 3 2
176 435
1 5 2
144 198
1 10 2
381 388
1 4 2
131 335
1 2 2
94 387
1 2 2
117 177
1 2 2
271 441
1 5 2
423 497
1 3 2
31 385
1 14 2
51 306
1 8 2
215 406
1 14 2
266 454
1 5 2
107 251
1 8 2
157 212
1 4 2
328 357
1 5 2
351 370
1 10 2
201 331
1 10 2
117 400
1 5 2
267 411
1 15 2
197 423
1 11 2
191 317
1 4 2
73 462
1 4 2
229 477
1 7 2
281 466
1 15 2
113 162
1 4 2
70 94
1 14 2
62 483
1 3 2
88 328
1 13 2
249 258
1 11 2
57 130
1 15 2
277 471
1 14 2
85 439
1 3 2
11 193
1 3 2
118 169
1 13 2
354 419
1 9 2
7 150
1 10 2
125 273
1 4 2
89 497
1 4 2
103 466
1 13 2
125 362
1 6 2
388 426
1 12 2
46 255
1 4 2
34 391
1 12 2
211 295
1 12 2
435 486
1 9 2
43 284
1 11 2
294 411
1 13 2
312 426
1 11 2
108 416
1 3 2
170 361
1 13 2
127 210
1 5 2
165 351
1 9 2
363 428
1 11 2
207 385
1 5 2
213 404
1 3 2
66 165
1 13 2
93 207
1 6 2
250 464
1 14 2
205 217
1 5 2
54 351
1 6 2
311 347
1 9 2
175 208
1 11 2
342 422
1 15 2
254 371
1 3 2
322 378
1 5 2
159 483
1 15 2
36 110
1 2 2
118 493
1 3 2
295 419
1 14 2
73 424
1 12 2
199 209
1 8 2
131 400
1 11 2
99 147
1 12 2
427 432
1 7 2
229 444
1 6 2
225 294
1 2 2
81 84
1 7 2
210 381
1 2 2
195 202
1 12 2
102 243
1 13 2
283 291
1 7 2
69 153
1 8 2
370 467
1 6 2
103 390
1 9 2
231 243
1 8 2
153 439
1 6 2
131 326
1 10 2
73 480
1 5 2
81 375
1 4 2
387 421
1 2 2
382 391
1 6 2
301 325
1 11 2
261 383
1 12 2
132 237
1 9 2
117 413
1 6 2
94 394
1 12 2
34 476
1 8 2
128 374
1 11 2
190 404
1 8 2
99 412
1 10 2
268 277
1 9 2
78 83
1 15 2
118 404
1 5 2
105 207
1 12 2
216 382
1 5 2
358 374
1 7 2
30 292
1 4 2
92 211
1 14 2
340 461
1 9 2
15 487
1 6 2
119 276
1 14 2
347 410
1 12 2
473 491
1 7 2
391 398
1 14 2
152 430
1 13 2
80 103
1 14 2
68 228
1 2 2
334 335
1 6 2
263 319
1 9 2
182 247
1 10 2
170 484
1 4 2
54 233
1 5 2
24 25
1 5 2
229 467
1 7 2
35 82
1 12 2
5 102
1 12 2
360 369
1 4 2
99 193
1 10 2
181 189
1 9 2
428 479
1 3 2
137 492
1 3 2
131 309
1 12 2
60 170
1 12 2
392 468
1 5 2
113 467
1 6 2
34 492
1 11 2
87 419
1 7 2
74 303
1 5 2
203 462
1 12 2
227 400
1 7 2
207 370
1 15 2
79 207
1 7 2
403 420
1 4 2
290 494
1 9 2
155 156
1 7 2
199 255
1 3 2
50 165
1 5 2
354 484
1 11 2
141 286
1 9 2
324 361
1 14 2
169 327
1 15 2
202 456
1 3 2
121 380
1 12 2
56 340
1 4 2
283 491
1 7 2
186 376
1 3 2
406 418
1 9 2
211 354
1 5 2
199 251
1 7 2
69 474
1 9 2
116 247
1 5 2
212 376
1 7 2
18 319
1 6 2
19 46
1 8 2
157 266
1 3 2
369 376
1 9 2
184 449
1 3 2
54 252
1 2 2
105 272
1 15 2
154 184
1 11 2
10 101
1 9 2
198 220
1 5 2
109 246
1 15 2
29 169
1 4 2
109 245
1 6 2
90 295
1 14 2
8 361
1 14 2
45 84
1 15 2
331 417
1 9 2
105 172
1 7 2
243 458
1 13 2
15 32
1 8 2
94 345
1 11 2
105 154
1 14 2
193 300
1 8 2
136 390
1 2 2
363 461
1 3 2
181 190
1 7 2
297 476
1 8 2
270 408
1 2 2
21 151
1 3 2
290 484
1 14 2
13 15
1 7 2
29 390
1 11 2
285 343
1 4 2
63 284
1 2 2
62 214
1 10 2
109 265
1 4 2
116 392
1 10 2
50 460
1 2 2
150 312
1 15 2
121 437
1 11 2
156 219
1 3 2
148 330
1 15 2
325 402
1 7 2
19 195
1 3 2
263 285
1 12 2
96 391
1 8 2
102 256
1 13 2
384 452
1 4 2
8 466
1 6 2
163 329
1 4 2
66 168
1 8 2
48 151
1 6 2
272 351
1 6 2
82 112
1 11 2
101 391
1 3 2
67 171
1 8 2
454 473
1 12 2
59 267
1 6 2
183 449
1 15 2
251 463
1 14 2
131 178
1 7 2
20 318
1 5 2
69 345
1 8 2
132 362
1 10 2
42 155
1 11 2
58 395
1 11 2
147 193
1 4 2
209 494
1 12 2
167 184
1 10 2
70 443
1 13 2
133 303
1 14 2
233 299
1 3 2
428 462
1 7 2
146 269
1 11 2
9 189
1 10 2
6 379
1 9 2
33 435
1 11 2
249 387
1 6 2
107 266
1 5 2
134 319
1 9 2
337 459
1 15 2
209 422
1 14 2
36 353
1 6 2
48 128
1 9 2
274 466
1 2 2
208 275
1 14 2
16 266
1 8 2
178 368
1 3 2
337 494
1 2 2
80 341
1 2 2
134 227
1 3 2
296 451
1 8 2
174 366
1 4 2
237 349
1 7 2
128 433
1 6 2
23 49
1 4 2
204 326
1 12 2
152 317
1 10 2
86 312
1 13 2
112 169
1 15 2
256 262
1 11 2
163 430
1 12 2
402 420
1 12 2
95 157
1 3 2
140 333
1 8 2
87 89
1 4 2
435 487
1 15 2
153 176
1 12 2
373 472
1 8 2
116 157
1 10 2
8 218
1 2 2
102 136
1 9 2
183 460
1 11 2
30 83
1 14 2
279 301
1 4 2
83 98
1 4 2
192 356
1 14 2
95 455
1 5 2
90 219
1 9 2
29 376
1 9 2
188 232
1 14 2
327 391
1 3 2
331 426
1 6 2
207 419
1 9 2
302 388
1 8 2
76 305
1 12 2
37 445
1 3 2
216 427
1 9 2
115 288
1 2 2
357 483
1 11 2
5 408
1 5 2
51 183
1 2 2
94 219
1 10 2
31 491
1 14 2
258 343
1 8 2
45 182
1 12 2
243 254
1 7 2
206 242
1 4 2
94 435
1 12 2
344 389
1 14 2
8 71
1 11 2
321 462
1 5 2
93 117
1 7 2
21 416
1 5 2
145 262
1 4 2
122 403
1 9 2
120 129
1 6 2
204 402
1 11 2
48 432
1 4 2
180 459
1 11 2
321 476
1 4 2
462 471
1 6 2
95 301
1 13 2
280 355
1 12 2
26 263
1 11 2
184 251
1 8 2
79 120
1 13 2
193 350
1 11 2
205 437
1 2 2
40 467
1 5 2
85 145
1 10 2
5 94
1 14 2
32 162
1 11 2
154 488
1 9 2
43 320
1 14 2
227 377
1 7 2
16 76
1 6 2
352 473
1 14 2
345 373
1 8 2
8 196
1 11 2
97 342
1 15 2
20 330
1 7 2
242 247
1 14 2
239 292
1 6 2
84 202
1 11 2
82 246
1 9 2
62 281
1 10 2
205 249
1 7 2
405 423
1 11 2
69 489
1 12 2
149 328
1 4 2
0 184
1 2 2
252 351
1 3 2
21 35
1 5 2
260 418
1 3 2
53 166
1 2 2
262 338
1 15 2
172 316
1 5 2
347 445
1 4 2
59 157
1 4 2
47 473
1 11 2
9 194
1 6 2
47 208
1 15 2
193 363
1 10 2
212 274
1 3 2
37 498
1 6 2
140 324
1 5 2
22 239
1 2 2
75 93
1 12 2
67 212
1 15 2
88 184
1 12 2
252 366
1 11 2
282 374
1 10 2
87 463
1 9 2
206 241
1 9 2
105 109
1 5 2
23 326
1 4 2
476 492
1 9 2
133 241
1 15 2
51 276
1 12 2
264 412
1 2 2
150 440
1 15 2
363 437
1 9 2
232 406
1 13 2
51 392
1 10 2
320 322
1 13 2
223 228
1 5 2
61 219
1 7 2
93 364
1 13 2
369 433
1 10 2
200 239
1 9 2
132 458
1 13 2
52 253
1 6 2
26 249
1 12 2
334 353
1 15 2
276 456
1 6 2
176 295
1 7 2
20 287
1 9 2
364 374
1 5 2
50 151
1 12 2
8 41
1 6 2
3 104
1 15 2
89 220
1 3 2
190 328
1 10 2
422 425
1 5 2
381 462
1 9 2
50 402
1 9 2
18 453
1 10 2
368 419
1 5 2
94 446
1 2 2
383 491
1 6 2
256 305
1 5 2
305 349
1 13 2
206 467
1 9 2
67 411
1 12 2
112 270
1 10 2
35 438
1 13 2
37 438
1 8 2
438 439
1 2 2
11 319
1 8 2
91 221
1 13 2
54 276
1 9 2
202 364
1 8 2
6 325
1 11 2
125 420
1 5 2
156 381
1 15 2
186 427
1 10 2
236 325
1 12 2
104 348
1 8 2
199 245
1 11 2
216 398
1 4 2
121 317
1 7 2
70 231
1 3 2
24 27
1 4 2
153 232
1 5 2
246 461
1 13 2
23 287
1 12 2
225 340
1 3 2
308 473
1 4 2
276 434
1 9 2
6 137
1 3 2
2 170
1 12 2
22 238
1 8 2
324 428
1 7 2
165 390
1 14 2
356 370
1 2 2
123 220
1 4 2
268 346
1 3 2
424 483
1 15 2
243 266
1 10 2
378 453
1 15 2
345 364
1 15 2
140 262
1 2 2
41 209
1 10 2
168 490
1 3 2
39 193
1 15 2
269 311
1 4 2
187 424
1 6 2
352 361
1 9 2
95 381
1 12 2
18 315
1 6 2
165 419
1 11 2
214 442
1 11 2
110 253
1 13 2
71 358
1 9 2
109 337
1 5 2
102 349
1 5 2
112 374
1 7 2
429 495
1 2 2
29 329
1 9 2
112 252
1 4 2
278 343
1 10 2
238 309
1 4 2
103 120
1 9 2
55 62
1 11 2
49 207
1 10 2
228 411
1 6 2
279 433
1 2 2
91 182
1 14 2
135 408
1 13 2
14 124
1 3 2
3 324
1 14 2
317 423
1 14 2
43 166
1 5 2
156 361
1 3 2
184 486
1 2 2
154 407
1 4 2
442 472
1 3 2
70 357
1 3 2
449 456
1 12 2
208 400
1 3 2
232 367
1 9 2
96 255
1 3 2
104 380
1 6 2
270 299
1 12 2
297 341
1 3 2
16 90
1 14 2
143 220
1 6 2
11 371
1 14 2
394 413
1 14 2
4 10
1 9 2
52 271
1 10 2
92 119
1 12 2
259 344
1 3 2
12 347
1 9 2
159 195
1 8 2
88 335
1 4 2
165 388
1 3 2
33 153
1 8 2
43 380
1 3 2
80 224
1 4 2
106 383
1 13 2
30 112
1 7 2
30 51
1 4 2
185 271
1 3 2
4 460
1 7 2
2 400
1 2 2
360 399
1 6 2
292 412
1 3 2
37 275
1 3 2
255 480
1 11 2
224 374
1 6 2
190 410
1 2 2
86 91
1 9 2
199 333
1 5 2
73 415
1 6 2
290 307
1 15 2
191 389
1 7 2
307 453
1 6 2
344 441
1 3 2
324 369
1 12 2
149 498
1 3 2
69 236
1 2 2
46 333
1 12 2
35 86
1 13 2
392 485
1 13 2
109 443
1 11 2
246 451
1 10 2
216 441
1 12 2
271 323
1 14 2
168 294
1 3 2
353 498
1 2 2
33 301
1 13 2
211 441
1 10 2
204 434
1 3 2
219 380
1 2 2
60 88
1 14 2
68 440
1 5 2
119 191
1 12 2
64 71
1 11 2
72 376
1 12 2
134 314
1 13 2
143 216
1 14 2
22 166
1 5 2
103 105
1 10 2
132 252
1 6 2
15 473
1 9 2
45 231
1 6 2
43 279
1 11 2
151 402
1 9 2
310 363
1 11 2
158 460
1 11 2
295 411
1 12 2
215 467
1 13 2
193 294
1 5 2
371 482
1 14 2
139 460
1 3 2
26 411
1 6 2
76 396
1 14 2
96 147
1 8 2
389 452
1 8 2
76 267
1 3 2
7 45
1 13 2
46 491
1 11 2
104 411
1 10 2
308 463
1 6 2
224 466
1 5 2
63 421
1 2 2
196 480
1 15 2
193 377
1 5 2
68 127
1 11 2
240 435
1 5 2
121 384
1 10 2
308 368
1 8 2
32 251
1 4 2
143 283
1 7 2
303 315
1 6 2
197 440
1 3 2
2 297
1 9 2
188 269
1 9 2
173 304
1 15 2
23 378
1 7 2
99 456
1 12 2
484 491
1 4 2
36 391
1 14 2
11 221
1 3 2
181 437
1 2 2
411 473
1 3 2
281 300
1 3 2
333 469
1 15 2
161 292
1 3 2
78 377
1 4 2
21 47
1 14 2
125 405
1 13 2
35 377
1 10 2
89 101
1 13 2
53 466
1 13 2
1 18
1 14 2
28 349
1 12 2
108 344
1 8 2
120 230
1 2 2
158 278
1 3 2
227 352
1 10 2
164 421
1 3 2
266 292
1 9 2
9 40
1 6 2
41 224
1 13 2
92 97
1 11 2
138 382
1 11 2
103 195
1 10 2
184 301
1 2 2
112 117
1 3 2
33 290
1 3 2
147 350
1 12 2
71 362
1 7 2
2 456
1 15 2
286 352
1 14 2
308 412
1 3 2
463 491
1 3 2
86 206
1 13 2
148 233
1 3 2
108 163
1 14 2
117 423
1 10 2
76 229
1 3 2
42 382
1 2 2
272 291
1 7 2
97 117
1 13 2
62 260
1 11 2
426 460
1 15 2
167 209
1 8 2
178 337
1 7 2
287 379
1 4 2
134 465
1 14 2
271 331
1 10 2
6 422
1 4 2
211 410
1 15 2
194 435
1 4 2
54 59
1 7 2
160 225
1 11 2
65 134
1 5 2
210 367
1 15 2
9 385
1 15 2
154 304
1 12 2
14 492
1 15 2
155 338
1 14 2
323 368
1 12 2
61 255
1 15 2
60 422
1 8 2
332 412
1 3 2
22 153
1 13 2
126 382
1 8 2
268 457
1 9 2
120 130
1 9 2
251 447
1 10 2
50 136
1 2 2
12 416
1 9 2
258 454
1 11 2
351 467
1 6 2
42 429
1 9 2
355 479
1 13 2
245 348
1 8 2
137 257
1 13 2
165 454
1 11 2
71 443
1 11 2
6 233
1 11 2
146 267
1 14 2
383 417
1 5 2
334 465
1 2 2
146 297
1 7 2
152 181
1 11 2
203 321
1 15 2
296 400
1 9 2
71 444
1 12 2
93 299
1 6 2
420 452
1 9 2
85 489
1 12 2
138 387
1 13 2
75 405
1 8 2
395 429
1 14 2
43 308
1 5 2
317 376
1 6 2
12 54
1 13 2
70 101
1 9 2
37 208
1 7 2
133 177
1 2 2
278 341
1 6 2
166 345
1 11 2
247 287
1 6 2
22 45
1 9 2
32 384
1 9 2
266 438
1 10 2
74 318
1 6 2
171 399
1 4 2
91 232
1 2 2
315 378
1 5 2
77 80
1 13 2
267 378
1 3 2
294 344
1 6 2
160 269
1 9 2
24 220
1 4 2
54 469
1 12 2
16 101
1 13 2
25 59
1 10 2
201 298
1 15 2
206 286
1 14 2
49 260
1 7 2
137 372
1 5 2
161 479
1 9 2
288 470
1 14 2
130 403
1 14 2
17 270
1 7 2
250 473
1 14 2
32 217
1 9 2
174 338
1 6 2
216 288
1 15 2
17 458
1 9 2
62 419
1 13 2
218 380
1 12 2
175 374
1 8 2
14 182
1 3 2
33 218
1 14 2
55 463
1 10 2
191 438
1 2 2
234 473
1 6 2
268 376
1 13 2
55 364
1 3 2
194 485
1 8 2
237 365
1 12 2
6 254
1 14 2
205 463
1 15 2
87 165
1 8 2
202 209
1 6 2
135 164
1 12 2
204 237
1 11 2
116 232
1 5 2
386 496
1 11 2
297 467
1 12 2
27 252
1 8 2
134 140
1 9 2
0 330
1 9 2
90 433
1 4 2
169 273
1 10 2
457 478
1 4 2
97 337
1 8 2
335 415
1 8 2
217 406
1 12 2
230 496
1 6 2
21 268
1 13 2
51 356
1 6 2
18 113
1 2 2
193 484
1 4 2
150 450
1 14 2
50 248
1 14 2
142 398
1 13 2
416 459
1 7 2
154 257
1 5 2
228 467
1 4 2
49 141
1 7 2
350 489
1 15 2
24 485
1 8 2
79 252
1 6 2
28 471
1 8 2
157 461
1 4 2
278 326
1 5 2
76 249
1 15 2
258 366
1 10 2
278 397
1 4 2
387 476
1 7 2
226 391
1 13 2
247 259
1 4 2
6 105
1 10 2
427 466
1 7 2
267 486
1 2 2
218 489
1 7 2
123 427
1 5 2
95 326
1 15 2
361 383
1 10 2
212 479
1 3 2
166 324
1 2 2
304 315
1 4 2
356 445
1 5 2
212 292
1 15 2
6 131
1 15 2
91 365
1 12 2
251 420
1 14 2
371 489
1 5 2
38 367
1 5 2
165 418
1 13 2
110 472
1 10 2
41 203
1 15 2
201 360
1 3 2
331 414
1 11 2
0 225
1 6 2
36 405
1 11 2
337 484
1 12 2
409 468
1 15 2
414 488
1 2 2
5 59
1 5 2
16 82
1 7 2
201 493
1 12 2
367 489
1 9 2
129 306
1 8 2
31 478
1 4 2
17 400
1 2 2
86 175
1 8 2
55 325
1 4 2
226 499
1 11 2
57 247
1 6 2
276 323
1 13 2
34 381
1 6 2
223 423
1 10 2
110 221
1 9 2
245 355
1 15 2
135 399
1 5 2
75 159
1 14 2
61 105
1 15 2
310 405
1 9 2
83 436
1 5 2
112 397
1 13 2
365 386
1 11 2
189 291
1 15 2
262 477
1 9 2
262 346
1 8 2
133 452
1 7 2
70 409
1 4 2
130 499
1 5 2
107 226
1 8 2
200 208
1 13 2
280 457
1 2 2
81 489
1 6 2
6 12
1 4 2
50 140
1 13 2
54 160
1 12 2
77 462
1 14 2
66 458
1 2 2
28 378
1 13 2
225 355
1 6 2
79 498
1 8 2
316 403
1 14 2
192 441
1 3 2
360 431
1 4 2
68 145
1 8 2
124 125
1 14 2
142 366
1 6 2
86 433
1 2 2
96 444
1 15 2
264 296
1 6 2
62 100
1 10 2
0 152
1 15 2
111 172
1 11 2
224 239
1 11 2
53 233
1 11 2
201 282
1 12 2
106 129
1 4 2
173 349
1 10 2
243 256
1 12 2
5 281
1 5 2
194 448
1 3 2
286 331
1 10 2
110 357
1 2 2
122 253
1 8 2
107 248
1 9 2
41 158
1 5 2
306 385
1 3 2
128 310
1 12 2
95 268
1 2 2
205 453
1 15 2
125 459
1 4 2
210 297
1 7 2
276 498
1 12 2
9 358
1 11 2
33 473
1 15 2
232 345
1 6 2
254 294
1 12 2
288 309
1 3 2
36 189
1 12 2
208 488
1 7 2
405 439
1 14 2
168 461
1 5 2
31 320
1 9 2
11 478
1 11 2
114 130
1 10 2
159 458
1 3 2
5 70
1 4 2
30 387
1 12 2
72 81
1 5 2
46 395
1 7 2
113 401
1 11 2
143 329
1 11 2
314 402
1 3 2
6 305
1 3 2
259 401
1 10 2
51 73
1 14 2
1 203
1 4 2
120 222
1 5 2
212 478
1 14 2
327 377
1 8 2
48 377
1 13 2
197 246
1 3 2
16 306
1 15 2
184 307
1 12 2
179 374
1 15 2
290 311
1 11 2
60 245
1 9 2
197 328
1 8 2
166 355
1 12 2
219 444
1 13 2
93 112
1 7 2
39 486
1 15 2
125 193
1 12 2
126 322
1 7 2
116 207
1 3 2
158 225
1 3 2
63 450
1 8 2
227 465
1 4 2
252 281
1 6 2
72 212
1 12 2
151 215
1 6 2
18 74
1 5 2
161 234
1 14 2
124 436
1 3 2
83 298
1 8 2
200 345
1 14 2
436 464
1 7 2
160 475
1 13 2
55 169
1 7 2
205 238
1 12 2
313 432
1 4 2
375 494
1 14 2
64 317
1 5 2
89 256
1 5 2
86 205
1 5 2
156 338
1 11 2
135 190
1 2 2
302 374
1 4 2
130 275
1 15 2
135 385
1 7 2
315 393
1 10 2
125 374
1 8 2
167 338
1 2 2
198 240
1 13 2
91 307
1 9 2
67 148
1 12 2
170 495
1 7 2
173 453
1 9 2
119 375
1 10 2
167 330
1 7 2
177 312
1 8 2
105 194
1 12 2
142 430
1 10 2
209 437
1 12 2
59 312
1 5 2
342 401
1 4 2
42 284
1 3 2
254 299
1 2 2
368 427
1 11 2
9 255
1 11 2
178 284
1 13 2
72 404
1 15 2
49 382
1 9 2
264 349
1 8 2
118 300
1 2 2
268 312
1 10 2
0 355
1 13 2
224 237
1 8 2
405 471
1 10 2
167 459
1 14 2
42 332
1 2 2
280 299
1 3 2
69 276
1 5 2
42 92
1 3 2
217 306
1 13 2
34 162
1 14 2
63 267
1 13 2
335 343
1 3 2
164 194
1 3 2
235 349
1 7 2
158 450
1 12 2
10 138
1 14 2
297 471
1 4 2
172 264
1 12 2
75 338
1 6 2
180 345
1 2 2
210 435
1 13 2
101 172
1 14 2
238 319
1 10 2
118 499
1 10 2
422 440
1 11 2
32 51
1 5 2
19 164
1 13 2
190 475
1 14 2
107 340
1 12 2
79 323
1 15 2
101 193
1 12 2
249 485
1 11 2
324 459
1 14 2
159 348
1 6 2
58 106
1 11 2
204 445
1 6 2
261 356
1 4 2
413 453
1 2 2
137 367
1 2 2
130 361
1 3 2
195 321
1 8 2
263 312
1 12 2
294 352
1 7 2
82 491
1 11 2
19 20
1 15 2
185 341
1 10 2
58 129
1 3 2
13 393
1 9 2
70 96
1 5 2
42 296
1 9 2
25 239
1 13 2
266 307
1 4 2
302 487
1 4 2
61 167
1 12 2
424 447
1 6 2
68 471
1 4 2
180 332
1 10 2
230 293
1 15 2
11 285
1 2 2
230 256
1 15 2
215 254
1 11 2
249 457
1 9 2
116 122
1 14 2
92 147
1 2 2
41 296
1 13 2
350 424
1 7 2
202 492
1 12 2
311 350
1 6 2
199 413
1 8 2
61 434
1 13 2
142 353
1 9 2
41 194
1 4 2
330 478
1 12 2
208 464
1 10 2
57 234
1 13 2
301 433
1 13 2
115 190
1 3 2
97 187
1 14 2
104 248
1 8 2
190 224
1 6 2
2 352
1 8 2
16 260
1 2 2
66 490
1 10 2
409 489
1 6 2
38 155
1 15 2
80 402
1 12 2
101 221
1 10 2
388 424
1 14 2
84 103
1 14 2
192 457
1 9 2
146 409
1 6 2
153 372
1 5 2
410 461
1 12 2
9 257
1 4 2
394 483
1 4 2
33 214
1 12 2
278 369
1 4 2
143 374
1 8 2
104 187
1 14 2
27 473
1 15 2
180 324
1 10 2
256 437
1 9 2
182 442
1 13 2
172 179
1 9 2
12 121
1 15 2
91 147
1 8 2
248 381
1 5 2
98 227
1 2 2
203 459
1 11 2
111 368
1 10 2
178 236
1 9 2
67 238
1 4 2
272 337
1 4 2
33 248
1 14 2
41 149
1 14 2
109 468
1 5 2
48 420
1 6 2
138 318
1 10 2
90 491
1 8 2
281 389
1 11 2
199 212
1 6 2
363 377
1 3 2
359 418
1 14 2
406 419
1 7 2
121 127
1 8 2
187 338
1 14 2
349 426
1 3 2
287 292
1 2 2
231 462
1 12 2
59 395
1 8 2
142 267
1 5 2
231 354
1 8 2
51 336
1 4 2
169 386
1 9 2
5 99
1 10 2
142 450
1 6 2
24 162
1 3 2
409 474
1 5 2
144 304
1 4 2
304 326
1 11 2
69 444
1 13 2
92 499
1 12 2
59 387
1 12 2
183 290
1 5 2
195 322
1 8 2
40 284
1 9 2
133 207
1 6 2
99 187
1 6 2
106 272
1 14 2
71 396
1 5 2
242 430
1 8 2
36 214
1 14 2
286 320
1 9 2
60 378
1 7 2
34 482
1 14 2
450 495
1 2 2
102 421
1 2 2
168 214
1 6 2
16 113
1 7 2
159 370
1 15 2
81 331
1 14 2
113 439
1 9 2
5 429
1 13 2
30 124
1 2 2
489 490
1 12 2
197 297
1 2 2
74 488
1 2 2
145 270
1 2 2
280 427
1 14 2
159 314
1 13 2
80 169
1 15 2
160 400
1 14 2
57 337
1 10 2
374 407
1 7 2
97 120
1 9 2
171 228
1 11 2
119 451
1 6 2
91 426
1 5 2
10 145
1 15 2
406 462
1 7 2
266 394
1 5 2
178 285
1 15 2
401 419
1 8 2
73 173
1 8 2
350 452
1 15 2
242 372
1 2 2
433 491
1 8 2
180 210
1 13 2
185 205
1 2 2
140 149
1 4 2
437 459
1 3 2
64 133
1 7 2
229 490
1 6 2
56 207
1 12 2
4 328
1 7 2
359 474
1 6 2
48 96
1 6 2
40 347
1 11 2
230 291
1 4 2
62 334
1 6 2
266 419
1 9 2
174 258
1 5 2
60 369
1 8 2
169 482
1 3 2
150 457
1 14 2
2 273
1 10 2
28 155
1 10 2
8 441
1 11 2
234 440
1 11 2
320 370
1 8 2
4 86
1 11 2
171 307
1 8 2
443 497
1 6 2
336 442
1 4 2
240 274
1 9 2
75 138
1 12 2
47 372
1 8 2
84 150
1 2 2
140 213
1 2 2
71 421
1 14 2
0 173
1 7 2
87 200
1 5 2
125 491
1 10 2
61 289
1 12 2
29 333
1 7 2
164 338
1 10 2
22 85
1 13 2
377 441
1 8 2
365 379
1 9 2
123 339
1 6 2
174 407
1 2 2
53 167
1 12 2
24 493
1 11 2
131 245
1 12 2
174 209
1 6 2
312 354
1 14 2
23 299
1 5 2
243 346
1 7 2
379 485
1 14 2
17 454
1 7 2
197 344
1 11 2
204 266
1 2 2
282 295
1 15 2
158 174
1 15 2
318 421
1 14 2
19 105
1 12 2
76 326
1 9 2
17 27
1 4 2
20 351
1 13 2
34 464
1 2 2
137 143
1 3 2
344 422
1 7 2
296 413
1 10 2
181 248
1 5 2
23 152
1 5 2
91 451
1 15 2
218 365
1 15 2
168 410
1 11 2
22 256
1 15 2
11 327
1 5 2
391 489
1 11 2
300 435
1 3 2
384 492
1 13 2
9 373
1 13 2
288 388
1 5 2
128 491
1 4 2
28 65
1 9 2
54 354
1 4 2
146 311
1 6 2
148 156
1 14 2
89 147
1 9 2
204 253
1 2 2
117 305
1 4 2
75 216
1 6 2
46 301
1 6 2
388 488
1 11 2
346 394
1 2 2
38 398
1 8 2
71 234
1 9 2
99 160
1 6 2
202 262
1 7 2
2 339
1 5 2
71 153
1 12 2
66 493
1 4 2
183 396
1 15 2
216 242
1 13 2
189 308
1 3 2
275 441
1 11 2
26 410
1 10 2
179 220
1 9 2
82 239
1 15 2
256 269
1 6 2
193 399
1 14 2
225 464
1 8 2
43 289
1 4 2
385 466
1 11 2
12 473
1 5 2
166 391
1 6 2
13 272
1 5 2
325 348
1 4 2
91 130
1 6 2
83 116
1 7 2
81 293
1 4 2
92 151
1 10 2
215 379
1 2 2
216 277
1 14 2
116 260
1 4 2
353 385
1 8 2
173 372
1 11 2
141 261
1 11 2
30 203
1 13 2
33 44
1 7 2
66 173
1 4 2
36 175
1 5 2
128 355
1 4 2
276 317
1 4 2
18 91
1 11 2
196 308
1 10 2
37 326
1 2 2
71 336
1 12 2
123 488
1 5 2
58 111
1 5 2
122 258
1 8 2
118 305
1 8 2
276 319
1 8 2
210 474
1 11 2
78 425
1 9 2
285 385
1 6 2
228 229
1 5 2
48 62
1 6 2
133 335
1 5 2
228 396
1 7 2
59 334
1 5 2
83 215
1 14 2
358 487
1 14 2
328 335
1 5 2
38 310
1 10 2
165 398
1 11 2
218 393
1 6 2
192 272
1 2 2
228 458
1 4 2
147 299
1 13 2
97 273
1 7 2
197 382
1 11 2
270 285
1 12 2
57 465
1 3 2
42 161
1 7 2
325 498
1 14 2
299 395
1 11 2
119 331
1 15 2
26 344
1 11 2
155 387
1 8 2
439 450
1 12 2
302 351
1 6 2
174 414
1 7 2
361 386
1 5 2
221 489
1 10 2
116 362
1 6 2
181 474
1 15 2
68 219
1 5 2
29 92
1 2 2
429 478
1 10 2
365 485
1 3 2
126 295
1 15 2
118 230
1 6 2
147 224
1 14 2
255 486
1 10 2
47 230
1 6 2
217 279
1 5 2
120 429
1 7 2
167 333
1 4 2
20 88
1 11 2
77 127
1 14 2
168 442
1 13 2
50 212
1 8 2
19 83
1 13 2
62 444
1 9 2
212 483
1 5 2
46 199
1 9 2
98 206
1 7 2
404 417
1 8 2
86 427
1 5 2
236 421
1 13 2
36 223
1 4 2
295 354
1 4 2
137 395
1 15 2
91 208
1 14 2
114 151
1 8 2
93 316
1 9 2
113 127
1 7 2
76 144
1 9 2
34 171
1 13 2
83 444
1 13 2
128 267
1 2 2
193 233
1 4 2
123 272
1 8 2
19 220
1 2 2
122 156
1 5 2
20 128
1 3 2
457 484
1 13 2
104 284
1 11 2
34 213
1 5 2
314 457
1 13 2
243 480
1 2 2
303 462
1 11 2
0 270
1 6 2
16 71
1 14 2
109 236
1 8 2
74 359
1 4 2
12 46
1 7 2
284 458
1 8 2
127 285
1 12 2
83 230
1 12 2
103 207
1 15 2
220 485
1 13 2
32 488
1 11 2
305 499
1 10 2
226 425
1 10 2
222 266
1 6 2
46 197
1 7 2
405 430
1 15 2
122 388
1 9 2
140 275
1 13 2
219 426
1 2 2
12 490
1 8 2
38 465
1 9 2
163 185
1 12 2
156 347
1 2 2
171 318
1 7 2
6 16
1 4 2
149 444
1 12 2
107 278
1 2 2
23 89
1 14 2
202 488
1 10 2
386 447
1 9 2
382 446
1 8 2
9 440
1 13 2
36 390
1 15 2
32 308
1 4 2
78 144
1 2 2
445 447
1 14 2
175 243
1 4 2
399 489
1 13 2
157 330
1 3 2
4 412
1 11 2
47 102
1 4 2
74 397
1 7 2
124 391
1 13 2
480 495
1 10 2
113 494
1 8 2
44 357
1 14 2
259 432
1 8 2
29 441
1 5 2
326 417
1 11 2
179 337
1 2 2
178 370
1 10 2
18 288
1 10 2
37 199
1 15 2
76 470
1 5 2
390 495
1 14 2
126 229
1 13 2
79 356
1 8 2
37 153
1 13 2
102 165
1 3 2
83 398
1 8 2
99 315
1 11 2
177 406
1 14 2
63 270
1 10 2
303 365
1 14 2
235 249
1 2 2
218 264
1 7 2
0 408
1 4 2
41 245
1 9 2
170 177
1 15 2
356 375
1 7 2
149 250
1 12 2
148 270
1 4 2
132 490
1 3 2
199 315
1 4 2
197 486
1 8 2
312 490
1 15 2
68 166
1 6 2
247 327
1 13 2
152 183
1 9 2
144 348
1 4 2
291 393
1 5 2
361 471
1 3 2
296 316
1 12 2
187 467
1 4 2
7 239
1 8 2
231 325
1 11 2
7 241
1 13 2
104 488
1 7 2
11 37
1 10 2
405 472
1 10 2
325 364
1 12 2
12 495
1 3 2
97 444
1 15 2
18 317
1 12 2
134 306
1 4 2
17 452
1 7 2
327 432
1 11 2
178 411
1 2 2
202 260
1 8 2
478 492
1 12 2
358 432
1 9 2
44 58
1 7 2
107 463
1 12 2
131 418
1 11 2
66 281
1 10 2
20 133
1 12 2
42 395
1 14 2
87 468
1 7 2
42 329
1 10 2
6 473
1 9 2
183 218
1 8 2
220 309
1 6 2
349 491
1 3 2
300 408
1 3 2
193 370
1 6 2
56 69
1 4 2
22 105
1 2 2
322 398
1 8 2
41 344
1 14 2
34 227
1 14 2
323 324
1 5 2
408 426
1 6 2
79 454
1 4 2
281 319
1 14 2
139 454
1 11 2
334 470
1 5 2
349 425
1 11 2
342 373
1 15 2
362 373
1 5 2
220 333
1 3 2
96 471
1 5 2
163 256
1 13 2
149 196
1 4 2
362 466
1 11 2
300 456
1 4 2
308 394
1 15 2
50 129
1 11 2
75 196
1 4 2
8 228
1 15 2
239 343
1 7 2
298 349
1 9 2
105 158
1 9 2
4 146
1 15 2
359 434
1 4 2
51 74
1 9 2
312 353
1 6 2
13 185
1 8 2
240 243
1 6 2
219 405
1 7 2
259 320
1 11 2
186 285
1 13 2
238 355
1 4 2
126 329
1 10 2
17 405
1 9 2
137 464
1 8 2
72 423
1 13 2
312 338
1 5 2
75 129
1 6 2
162 246
1 9 2
269 491
1 15 2
16 37
1 10 2
148 336
1 4 2
351 414
1 5 2
221 231
1 4 2
7 394
1 5 2
62 351
1 6 2
215 493
1 9 2
76 149
1 6 2
44 410
1 6 2
360 397
1 2 2
209 303
1 12 2
327 359
1 13 2
103 433
1 4 2
211 269
1 14 2
146 469
1 13 2
25 152
1 4 2
85 405
1 7 2
162 496
1 10 2
135 147
1 10 2
64 207
1 10 2
162 483
1 8 2
65 175
1 14 2
392 435
1 14 2
46 81
1 11 2
110 481
1 14 2
394 478
1 14 2
391 443
1 13 2
226 493
1 2 2
172 317
1 2 2
132 233
1 5 2
166 245
1 4 2
85 187
1 9 2
70 76
1 2 2
120 376
1 13 2
359 373
1 5 2
346 482
1 5 2
333 407
1 11 2
17 282
1 12 2
9 46
1 5 2
156 451
1 13 2
144 155
1 14 2
103 381
1 7 2
182 334
1 12 2
258 420
1 6 2
169 309
1 7 2
21 158
1 5 2
299 466
1 2 2
58 394
1 6 2
267 334
1 13 2
186 269
1 12 2
151 344
1 5 2
386 478
1 2 2
122 460
1 7 2
31 396
1 8 2
165 428
1 10 2
370 489
1 7 2
136 214
1 13 2
89 367
1 10 2
207 335
1 2 2
206 305
1 5 2
209 269
1 15 2
11 40
1 3 2
216 238
1 9 2
334 408
1 2 2
237 283
1 9 2
96 493
1 6 2
303 322
1 14 2
329 489
1 8 2
91 472
1 11 2
116 429
1 2 2
20 310
1 5 2
24 144
1 11 2
359 413
1 10 2
31 358
1 11 2
132 323
1 15 2
98 291
1 11 2
163 495
1 2 2
161 481
1 3 2
138 227
1 6 2
274 461
1 2 2
349 421
1 7 2
264 288
1 7 2
220 256
1 7 2
206 281
1 3 2
13 419
1 13 2
191 278
1 7 2
320 489
1 11 2
314 437
1 8 2
295 399
1 5 2
7 76
1 4 2
97 360
1 8 2
118 351
1 15 2
154 278
1 2 2
37 177
1 15 2
403 468
1 3 2
137 369
1 8 2
238 450
1 15 2
98 407
1 9 2
179 477
1 11 2
23 404
1 15 2
60 326
1 15 2
233 401
1 12 2
104 163
1 12 2
463 473
1 16 2
333 342
1 6 2
349 473
1 19 2
484 495
1 5 2
42 356
1 6 2
170 287
1 12 2
116 182
1 8 2
242 390
1 17 2
59 150
1 12 2
8 251
1 14 2
173 491
1 25 2
136 146
1 16 2
126 214
1 6 2
29 285
1 16 2
109 251
1 17 2
237 477
1 23 2
196 279
1 17 2
133 460
1 9 2
145 444
1 19 2
17 193
1 26 2
78 398
1 16 2
226 441
500 2975 2500
5 23 10 20 10 23 16 15 11 24 18 22 25 20 15 10 5 21 22 15 13 7 22 9 8 12 5 15 24 11 19 8 15 15 18 5 21 5 25 5 23 19 15 15 14 20 8 16 15 5 25 10 17 19 11 18 25 21 21 25 7 25 6 23 12 14 14 18 10 5 5 8 10 7 25 24 15 12 23 23 25 25 14 17 16 14 7 7 22 24 22 15 25 18 18 16 20 6 16 5 22 23 20 13 19 11 14 20 16 6 7 13 22 12 8 12 17 7 25 19 10 14 21 25 6 5 11 5 8 11 11 14 19 18 20 21 7 23 5 10 12 21 16 18 17 21 6 15 19 23 21 24 12 17 5 16 15 5 11 20 18 24 5 10 17 14 16 5 18 17 10 14 5 17 25 25 7 9 13 12 11 24 10 13 6 22 13 11 21 12 6 5 20 23 21 19 13 17 23 25 7 25 17 18 24 24 16 14 9 6 12 15 20 9 7 19 12 19 15 18 19 24 25 21 23 5 18 5 11 14 24 24 9 9 20 10 10 12 19 25 17 24 15 16 17 16 7 14 18 25 11 20 25 17 13 21 12 18 9 12 17 16 6 17 22 6 24 6 23 6 13 6 18 12 21 6 15 17 19 22 9 10 18 16 17 21 14 22 21 18 5 11 10 18 21 6 24 10 25 19 12 20 24 21 23 22 21 14 25 20 17 9 9 5 9 20 6 11 16 17 25 13 16 13 14 19 12 8 5 9 6 23 10 24 14 14 18 5 22 20 21 17 16 6 18 11 15 13 14 6 13 7 10 19 5 17 24 15 9 15 14 6 17 24 5 24 9 17 24 6 9 19 16 25 21 23 11 6 7 24 12 5 24 23 12 5 18 12 9 5 12 7 17 11 6 12 25 24 22 24 10 15 23 25 16 11 24 19 21 9 15 22 21 6 23 25 20 15 22 12 24 11 5 17 13 24 15 18 14 8 22 19 8 19 9 5 23 20 25 7 11 14 10 14 14 22 6 20 25 20 9 24 5 19 25 18 10 17 24 22 23 20 24 6 13 20 20 20 21 15 5 5 9 18 11 19 6 19 22 7 17 24 8 25 13 15 14 25 20 25 15 17 7 13 20 17 23 17 10 9
3 15 3 7 16 9 10 12 6 18 5 11 10 11 5 4 17 15 3 11 16 12 4 10 11 18 13 14 11 10 18 3 10 3 9 7 9 7 10 13 3 12 20 13 3 9 17 20 20 11 12 6 19 8 9 16 12 14 6 19 7 18 16 8 16 18 3 16 15 20 4 5 13 6 5 3 10 3 20 6 14 8 4 4 20 14 13 6 6 18 20 20 18 5 8 6 12 10 17 13 14 8 20 15 9 16 3 6 8 15 7 19 18 5 12 6 12 20 19 20 5 17 12 19 17 12 16 6 13 3 11 17 6 8 15 13 13 20 9 13 17 8 7 19 14 12 8 12 16 13 10 19 8 7 14 7 9 13 14 4 7 7 20 12 4 16 10 13 8 18 5 10 19 6 18 13 5 4 17 5 13 13 20 8 6 16 14 16 15 17 9 3 10 4 9 15 6 11 19 19 18 20 11 17 7 6 17 19 3 11 11 14 20 16 12 9 11 12 19 20 20 19 8 20 20 6 12 9 19 11 10 3 15 8 14 18 6 4 8 7 5 12 15 11 8 4 14 6 4 14 19 9 20 4 12 4 3 4 13 15 5 20 12 4 16 15 14 5 3 7 9 9 17 15 15 5 8 19 8 8 10 6 6 12 11 9 5 9 9 12 10 10 15 9 13 8 4 12 12 11 19 20 8 12 15 4 13 19 9 7 13 14 18 13 10 5 5 10 16 17 12 7 17 15 10 9 15 16 11 3 19 3 13 9 10 16 20 17 7 11 16 12 5 3 5 5 9 6 5 19 3 19 20 9 12 8 6 19 8 14 17 15 7 3 3 8 15 13 12 5 12 17 9 12 3 5 11 17 5 4 5 3 8 9 18 11 11 8 13 6 13 11 11 14 15 3 11 17 14 14 13 13 10 16 15 11 13 13 12 18 6 13 17 17 3 19 7 8 15 18 17 8 20 9 16 6 4 12 20 4 3 16 7 4 9 12 15 13 5 8 14 16 7 3 3 20 12 17 8 7 9 5 7 6 17 7 19 6 17 5 6 3 8 14 17 19 6 7 20 5 13 8 7 5 17 14 7 11 15 9 15 12 20 20 7 3 18 16 20 12 19 9 20 16 16 6 3 11 3 15
1 5 2
275 457
1 4 2
214 389
1 7 2
32 475
1 15 2
205 457
1 6 2
239 409
1 15 2
169 396
1 12 2
96 413
1 10 2
120 437
1 10 2
44 195
1 13 2
158 190
1 12 2
50 254
1 7 2
220 400
1 9 2
215 486
1 7 2
32 462
1 10 2
61 328
1 2 2
132 375
1 7 2
258 313
1 10 2
127 432
1 11 2
0 187
1 5 2
189 412
1 3 2
210 343
1 15 2
181 261
1 12 2
103 221
1 2 2
266 442
1 10 2
229 458
1 15 2
60 312
1 12 2
110 388
1 7 2
20 251
1 14 2
175 326
1 5 2
249 449
1 8 2
199 375
1 11 2
108 256
1 15 2
191 264
1 5 2
248 327
1 5 2
298 394
1 11 2
224 400
1 4 2
136 137
1 7 2
225 235
1 3 2
279 285
1 3 2
293 343
1 6 2
219 287
1 15 2
231 445
1 10 2
264 492
1 5 2
86 441
1 14 2
143 331
1 11 2
201 410
1 8 2
62 450
1 5 2
202 454
1 8 2
457 497
1 4 2
382 421
1 3 2
408 450
1 9 2
139 235
1 5 2
257 394
1 14 2
134 355
1 2 2
237 401
1 10 2
258 428
1 13 2
184 294
1 2 2
179 442
1 6 2
45 335
1 7 2
303 408
1 5 2
92 447
1 8 2
321 390
1 7 2
37 211
1 6 2
259 480
1 6 2
111 332
1 9 2
25 148
1 12 2
83 334
1 8 2
456 459
1 6 2
195 308
1 10 2
73 176
1 14 2
3 457
1 6 2
455 478
1 3 2
2 388
1 2 2
60 246
1 8 2
135 355
1 11 2
30 66
1 14 2
410 477
1 3 2
249 465
1 13 2
323 398
1 9 2
1 10
1 8 2
352 368
1 5 2
472 490
1 13 2
109 153
1 8 2
21 189
1 8 2
78 438
1 15 2
70 337
1 8 2
312 416
1 11 2
81 308
1 2 2
165 249
1 6 2
89 413
1 5 2
215 403
1 8 2
235 385
1 6 2
216 481
1 13 2
26 388
1 15 2
273 425
1 10 2
243 444
1 8 2
350 417
1 4 2
117 396
1 7 2
292 470
1 3 2
297 442
1 6 2
366 438
1 6 2
93 98
1 9 2
163 424
1 3 2
192 324
1 5 2
176 210
1 5 2
55 193
1 8 2
291 499
1 6 2
393 451
1 14 2
19 232
1 13 2
43 105
1 15 2
355 498
1 12 2
230 322
1 5 2
251 495
1 5 2
331 358
1 7 2
58 317
1 9 2
8 296
1 12 2
122 429
1 2 2
228 369
1 10 2
120 328
1 14 2
21 258
1 3 2
205 451
1 8 2
193 472
1 10 2
166 263
1 8 2
42 238
1 7 2
39 390
1 4 2
141 429
1 9 2
67 224
1 3 2
56 130
1 2 2
225 392
1 4 2
183 197
1 2 2
91 499
1 12 2
147 379
1 11 2
35 457
1 9 2
137 284
1 2 2
175 440
1 13 2
106 304
1 13 2
407 445
1 14 2
12 88
1 11 2
268 433
1 8 2
308 477
1 8 2
189 246
1 6 2
152 248
1 8 2
240 441
1 11 2
87 340
1 15 2
414 498
1 15 2
175 389
1 12 2
289 364
1 3 2
181 214
1 2 2
267 270
1 15 2
300 381
1 10 2
402 480
1 15 2
64 490
1 4 2
178 263
1 10 2
269 410
1 14 2
85 273
1 6 2
24 133
1 6 2
269 376
1 12 2
51 168
1 6 2
385 454
1 13 2
177 349
1 7 2
352 379
1 3 2
375 426
1 15 2
370 373
1 6 2
156 449
1 2 2
178 197
1 12 2
341 357
1 7 2
53 165
1 11 2
235 352
1 13 2
315 387
1 4 2
418 434
1 14 2
239 405
1 13 2
19 75
1 10 2
420 467
1 10 2
1 377
1 10 2
420 498
1 10 2
129 206
1 6 2
30 60
1 15 2
203 318
1 9 2
17 187
1 4 2
234 368
1 6 2
219 453
1 15 2
44 181
1 15 2
241 487
1 14 2
96 157
1 5 2
82 243
1 15 2
55 349
1 3 2
42 263
1 14 2
78 476
1 7 2
364 402
1 15 2
185 238
1 12 2
325 458
1 15 2
42 82
1 12 2
332 376
1 7 2
72 411
1 14 2
179 378
1 8 2
137 192
1 6 2
238 491
1 4 2
101 149
1 7 2
77 125
1 4 2
113 144
1 14 2
107 137
1 8 2
264 265
1 15 2
160 226
1 11 2
16 493
1 13 2
51 298
1 15 2
56 117
1 2 2
461 490
1 3 2
282 428
1 6 2
23 276
1 12 2
246 317
1 11 2
442 452
1 4 2
202 255
1 14 2
298 351
1 2 2
70 324
1 12 2
332 491
1 14 2
84 425
1 2 2
324 325
1 8 2
52 393
1 7 2
105 333
1 8 2
302 379
1 7 2
13 358
1 2 2
204 420
1 14 2
51 343
1 6 2
71 303
1 9 2
290 481
1 13 2
40 141
1 12 2
151 426
1 2 2
73 437
1 15 2
381 420
1 5 2
127 381
1 9 2
84 288
1 2 2
156 432
1 12 2
344 475
1 6 2
22 241
1 5 2
11 203
1 14 2
128 472
1 9 2
49 103
1 11 2
70 419
1 14 2
260 385
1 11 2
364 460
1 12 2
122 288
1 7 2
457 475
1 11 2
25 423
1 9 2
206 492
1 6 2
49 221
1 14 2
47 380
1 14 2
256 312
1 15 2
169 305
1 5 2
127 416
1 10 2
316 470
1 13 2
43 104
1 6 2
38 214
1 8 2
42 174
1 13 2
68 395
1 4 2
103 160
1 6 2
295 499
1 15 2
95 242
1 8 2
41 184
1 5 2
200 403
1 14 2
37 439
1 15 2
149 204
1 3 2
78 184
1 4 2
186 408
1 6 2
110 207
1 8 2
49 488
1 10 2
53 343
1 8 2
272 327
1 4 2
22 479
1 9 2
190 460
1 10 2
188 434
1 3 2
192 479
1 12 2
100 305
1 14 2
61 203
1 15 2
54 218
1 10 2
67 400
1 2 2
191 400
1 14 2
56 217
1 3 2
99 311
1 10 2
12 274
1 13 2
306 481
1 4 2
92 494
1 4 2
321 365
1 13 2
54 489
1 10 2
107 195
1 11 2
90 256
1 9 2
62 436
1 15 2
244 458
1 6 2
93 342
1 10 2
179 334
1 8 2
8 205
1 2 2
318 367
1 13 2
18 159
1 4 2
89 280
1 9 2
151 319
1 5 2
173 339
1 15 2
161 179
1 2 2
128 138
1 9 2
405 436
1 13 2
415 432
1 2 2
49 468
1 12 2
112 393
1 2 2
181 380
1 10 2
25 439
1 14 2
193 299
1 5 2
6 49
1 10 2
431 445
1 7 2
123 314
1 13 2
190 399
1 9 2
246 455
1 8 2
263 358
1 11 2
182 374
1 6 2
396 434
1 8 2
44 465
1 8 2
227 331
1 2 2
170 243
1 7 2
245 260
1 8 2
82 173
1 4 2
310 464
1 10 2
126 393
1 13 2
471 485
1 10 2
62 421
1 13 2
339 364
1 10 2
392 441
1 10 2
32 388
1 2 2
118 127
1 15 2
150 436
1 15 2
260 334
1 14 2
55 63
1 14 2
237 297
1 8 2
290 322
1 2 2
273 382
1 8 2
12 351
1 6 2
406 429
1 5 2
9 122
1 11 2
49 389
1 7 2
120 340
1 4 2
294 306
1 6 2
132 397
1 11 2
45 97
1 3 2
299 427
1 5 2
249 270
1 14 2
49 125
1 6 2
298 434
1 5 2
74 418
1 4 2
44 359
1 6 2
124 364
1 8 2
147 337
1 7 2
70 415
1 9 2
6 51
1 13 2
437 498
1 6 2
112 441
1 14 2
82 262
1 8 2
145 396
1 3 2
110 302
1 11 2
123 204
1 14 2
205 390
1 4 2
1 260
1 3 2
54 409
1 3 2
24 28
1 3 2
81 100
1 13 2
80 393
1 4 2
271 480
1 13 2
264 390
1 8 2
325 449
1 8 2
153 185
1 9 2
62 165
1 10 2
93 223
1 2 2
42 43
1 7 2
341 493
1 11 2
445 492
1 14 2
397 436
1 7 2
240 373
1 8 2
66 418
1 13 2
107 388
1 7 2
1 78
1 6 2
292 446
1 10 2
111 276
1 8 2
3 215
1 2 2
258 357
1 6 2
215 423
1 9 2
87 409
1 6 2
376 401
1 14 2
160 274
1 15 2
64 390
1 2 2
125 431
1 8 2
71 435
1 5 2
45 323
1 11 2
83 108
1 9 2
320 498
1 14 2
0 291
1 10 2
137 227
1 13 2
29 372
1 15 2
339 441
1 12 2
156 161
1 3 2
257 325
1 4 2
314 452
1 8 2
76 443
1 4 2
143 284
1 9 2
232 290
1 11 2
109 182
1 15 2
65 442
1 9 2
62 486
1 12 2
219 382
1 6 2
9 168
1 6 2
23 168
1 13 2
21 130
1 2 2
39 347
1 4 2
294 494
1 13 2
327 436
1 13 2
80 362
1 4 2
15 253
1 14 2
17 82
1 5 2
60 322
1 5 2
47 487
1 5 2
251 338
1 14 2
2 275
1 3 2
32 382
1 4 2
190 474
1 4 2
68 213
1 4 2
87 377
1 9 2
304 329
1 14 2
292 493
1 6 2
53 391
1 9 2
402 488
1 13 2
227 394
1 2 2
152 288
1 10 2
61 331
1 15 2
29 64
1 8 2
17 201
1 7 2
95 265
1 6 2
236 287
1 3 2
20 472
1 3 2
62 171
1 12 2
278 461
1 5 2
77 415
1 3 2
368 454
1 4 2
226 356
1 3 2
75 317
1 2 2
32 276
1 6 2
104 320
1 8 2
125 213
1 13 2
297 336
1 15 2
294 426
1 12 2
332 495
1 9 2
146 344
1 8 2
61 176
1 6 2
160 294
1 12 2
321 434
1 8 2
76 208
1 10 2
180 423
1 13 2
181 454
1 7 2
104 454
1 12 2
76 391
1 9 2
332 371
1 11 2
395 436
1 3 2
269 293
1 9 2
43 409
1 13 2
85 255
1 9 2
233 348
1 6 2
145 244
1 12 2
67 145
1 4 2
349 494
1 13 2
56 62
1 15 2
270 352
1 6 2
75 101
1 10 2
298 458
1 7 2
328 457
1 10 2
394 431
1 11 2
237 263
1 11 2
363 373
1 2 2
9 442
1 6 2
207 477
1 4 2
374 408
1 6 2
134 149
1 2 2
43 196
1 9 2
14 472
1 13 2
365 491
1 6 2
140 186
1 14 2
221 225
1 10 2
100 123
1 8 2
96 233
1 12 2
104 245
1 8 2
172 197
1 6 2
63 441
1 8 2
134 326
1 3 2
46 155
1 8 2
92 103
1 14 2
125 465
1 14 2
75 215
1 7 2
41 223
1 3 2
152 362
1 7 2
89 332
1 5 2
122 431
1 15 2
162 342
1 15 2
4 318
1 5 2
395 403
1 14 2
168 174
1 15 2
135 287
1 8 2
167 365
1 10 2
255 380
1 12 2
261 359
1 12 2
186 290
1 7 2
331 366
1 7 2
327 373
1 3 2
193 318
1 7 2
126 260
1 9 2
162 481
1 15 2
94 131
1 9 2
299 410
1 9 2
108 343
1 3 2
406 445
1 14 2
428 455
1 2 2
243 253
1 9 2
72 241
1 10 2
299 344
1 5 2
105 292
1 7 2
67 142
1 8 2
1 27
1 14 2
81 250
1 13 2
0 94
1 8 2
66 159
1 13 2
417 458
1 13 2
2 125
1 14 2
114 303
1 15 2
272 462
1 4 2
33 284
1 8 2
137 366
1 2 2
0 472
1 9 2
290 386
1 8 2
22 434
1 14 2
89 252
1 12 2
101 302
1 13 2
105 318
1 14 2
29 173
1 7 2
198 235
1 9 2
12 469
1 2 2
5 310
1 4 2
260 323
1 15 2
91 418
1 10 2
127 297
1 10 2
413 450
1 4 2
70 302
1 2 2
180 243
1 7 2
432 474
1 14 2
26 266
1 11 2
336 439
1 5 2
9 21
1 14 2
260 310
1 14 2
421 468
1 7 2
143 186
1 7 2
3 223
1 10 2
79 485
1 9 2
365 380
1 12 2
221 449
1 6 2
210 443
1 13 2
242 429
1 9 2
267 366
1 3 2
27 443
1 12 2
313 456
1 15 2
234 394
1 4 2
305 428
1 8 2
96 399
1 4 2
125 172
1 14 2
61 286
1 11 2
28 492
1 4 2
39 330
1 12 2
277 305
1 13 2
149 309
1 7 2
112 257
1 8 2
178 403
1 13 2
6 395
1 6 2
8 320
1 7 2
27 261
1 12 2
399 470
1 4 2
124 447
1 6 2
88 101
1 10 2
139 390
1 12 2
189 260
1 11 2
308 497
1 3 2
131 202
1 2 2
261 435
1 8 2
260 408
1 2 2
120 368
1 6 2
21 143
1 4 2
48 329
1 14 2
22 91
1 9 2
58 137
1 12 2
19 256
1 6 2
68 273
1 12 2
18 340
1 5 2
120 134
1 8 2
143 401
1 9 2
111 226
1 4 2
161 472
1 11 2
284 293
1 5 2
41 499
1 13 2
22 396
1 11 2
409 443
1 13 2
5 232
1 7 2
19 483
1 6 2
135 445
1 4 2
100 335
1 12 2
264 287
1 5 2
248 349
1 6 2
27 335
1 8 2
315 499
1 15 2
41 426
1 7 2
28 201
1 6 2
81 473
1 14 2
420 465
1 9 2
97 216
1 4 2
89 360
1 2 2
198 340
1 12 2
49 175
1 2 2
26 378
1 8 2
353 428
1 15 2
88 302
1 15 2
152 188
1 9 2
280 454
1 10 2
328 477
1 12 2
356 422
1 4 2
74 218
1 9 2
168 284
1 8 2
12 233
1 15 2
7 496
1 13 2
240 246
1 6 2
84 285
1 11 2
70 486
1 2 2
270 442
1 15 2
51 122
1 4 2
203 373
1 6 2
342 461
1 13 2
337 497
1 15 2
142 417
1 8 2
444 492
1 9 2
214 426
1 14 2
142 252
1 5 2
11 93
1 4 2
117 125
1 3 2
55 469
1 3 2
294 331
1 5 2
256 295
1 8 2
89 465
1 6 2
418 426
1 14 2
106 466
1 10 2
151 303
1 7 2
105 395
1 12 2
208 475
1 12 2
81 280
1 14 2
29 293
1 5 2
84 497
1 8 2
102 365
1 3 2
20 267
1 8 2
159 430
1 14 2
32 417
1 6 2
126 459
1 2 2
261 357
1 9 2
310 495
1 15 2
68 117
1 10 2
3 486
1 5 2
75 332
1 13 2
325 481
1 4 2
29 248
1 5 2
227 405
1 6 2
342 346
1 15 2
45 445
1 10 2
80 466
1 4 2
54 429
1 8 2
146 438
1 4 2
94 268
1 10 2
228 250
1 4 2
216 367
1 11 2
304 332
1 8 2
143 398
1 12 2
378 394
1 4 2
35 462
1 15 2
75 489
1 6 2
12 195
1 5 2
493 496
1 5 2
253 486
1 4 2
94 366
1 14 2
70 439
1 15 2
158 289
1 14 2
156 218
1 15 2
286 469
1 2 2
112 490
1 7 2
311 464
1 9 2
265 371
1 7 2
298 353
1 2 2
111 381
1 4 2
109 154
1 13 2
227 288
1 12 2
289 443
1 15 2
110 201
1 4 2
218 450
1 5 2
76 450
1 7 2
354 480
1 4 2
239 313
1 15 2
350 428
1 2 2
481 489
1 9 2
245 346
1 2 2
26 60
1 9 2
102 200
1 13 2
25 496
1 10 2
184 408
1 6 2
187 371
1 9 2
458 488
1 5 2
108 326
1 4 2
200 267
1 8 2
326 433
1 2 2
36 388
1 12 2
82 257
1 3 2
274 298
1 13 2
69 283
1 10 2
196 256
1 15 2
327 364
1 7 2
298 444
1 12 2
51 214
1 14 2
74 400
1 12 2
112 144
1 15 2
204 221
1 5 2
260 400
1 5 2
115 346
1 11 2
41 222
1 8 2
150 320
1 15 2
128 194
1 3 2
333 437
1 3 2
129 257
1 4 2
287 391
1 12 2
10 95
1 11 2
110 327
1 8 2
239 245
1 14 2
129 343
1 8 2
149 415
1 11 2
7 18
1 13 2
187 317
1 12 2
136 161
1 4 2
100 404
1 2 2
57 68
1 8 2
36 261
1 3 2
95 401
1 13 2
85 447
1 5 2
159 293
1 14 2
156 471
1 5 2
294 496
1 14 2
1 402
1 4 2
124 338
1 2 2
390 419
1 15 2
247 366
1 10 2
335 460
1 12 2
305 397
1 6 2
39 166
1 13 2
114 379
1 3 2
258 367
1 12 2
259 455
1 2 2
396 450
1 6 2
41 430
1 14 2
478 491
1 12 2
34 254
1 13 2
33 322
1 2 2
274 291
1 15 2
69 240
1 2 2
122 251
1 11 2
85 205
1 3 2
137 270
1 11 2
111 165
1 4 2
273 277
1 9 2
429 449
1 3 2
135 176
1 7 2
3 242
1 15 2
320 385
1 10 2
173 415
1 6 2
6 349
1 14 2
378 427
1 12 2
252 398
1 12 2
107 438
1 3 2
18 345
1 7 2
181 312
1 11 2
313 327
1 4 2
140 281
1 2 2
313 442
1 13 2
13 164
1 15 2
165 308
1 15 2
236 331
1 7 2
285 331
1 14 2
63 314
1 10 2
266 401
1 10 2
64 192
1 15 2
338 450
1 5 2
297 340
1 13 2
374 384
1 2 2
170 319
1 4 2
334 396
1 5 2
105 246
1 15 2
24 259
1 3 2
324 402
1 4 2
266 387
1 13 2
298 428
1 9 2
51 139
1 15 2
76 263
1 14 2
85 458
1 12 2
264 375
1 11 2
209 479
1 14 2
286 416
1 10 2
178 212
1 9 2
131 372
1 14 2
21 26
1 15 2
111 177
1 9 2
145 428
1 5 2
122 143
1 15 2
186 298
1 8 2
138 433
1 12 2
79 393
1 3 2
0 13
1 6 2
81 422
1 14 2
260 266
1 7 2
42 337
1 7 2
207 319
1 15 2
165 369
1 15 2
233 472
1 6 2
69 180
1 3 2
48 214
1 3 2
39 161
1 3 2
69 128
1 5 2
97 267
1 12 2
237 278
1 14 2
187 430
1 10 2
81 315
1 12 2
155 209
1 3 2
75 280
1 13 2
220 274
1 12 2
216 237
1 4 2
364 388
1 9 2
164 344
1 3 2
50 237
1 4 2
51 172
1 15 2
148 433
1 8 2
32 107
1 6 2
161 348
1 5 2
459 478
1 6 2
401 437
1 2 2
94 346
1 14 2
365 495
1 8 2
302 412
1 11 2
76 354
1 11 2
59 139
1 10 2
240 407
1 2 2
364 394
1 9 2
92 207
1 6 2
150 249
1 13 2
258 418
1 14 2
149 295
1 15 2
19 196
1 5 2
175 192
1 4 2
251 394
1 13 2
143 432
1 11 2
93 107
1 13 2
151 181
1 11 2
179 379
1 6 2
44 201
1 2 2
267 346
1 15 2
95 234
1 10 2
96 323
1 4 2
322 414
1 7 2
322 450
1 13 2
382 493
1 3 2
216 324
1 7 2
322 396
1 8 2
68 195
1 7 2
284 285
1 4 2
257 457
1 11 2
5 142
1 4 2
364 378
1 7 2
9 60
1 4 2
30 137
1 15 2
109 127
1 12 2
69 395
1 3 2
279 283
1 3 2
112 336
1 6 2
6 78
1 14 2
16 250
1 8 2
272 468
1 15 2
259 428
1 10 2
115 128
1 2 2
232 266
1 2 2
70 494
1 2 2
19 146
1 8 2
121 342
1 2 2
15 293
1 8 2
150 326
1 13 2
176 484
1 12 2
57 211
1 10 2
1 161
1 12 2
426 470
1 10 2
5 343
1 10 2
291 342
1 6 2
192 314
1 3 2
267 272
1 9 2
136 186
1 7 2
89 148
1 15 2
171 206
1 12 2
199 229
1 8 2
208 294
1 4 2
126 429
1 2 2
46 70
1 14 2
296 302
1 10 2
168 471
1 3 2
29 493
1 2 2
103 452
1 15 2
93 108
1 10 2
12 272
1 8 2
0 349
1 10 2
202 323
1 7 2
218 469
1 13 2
41 171
1 11 2
52 243
1 9 2
193 486
1 12 2
86 163
1 12 2
26 130
1 11 2
25 48
1 11 2
177 380
1 15 2
82 309
1 4 2
284 442
1 13 2
218 433
1 5 2
35 404
1 8 2
34 119
1 15 2
46 163
1 12 2
209 410
1 7 2
102 341
1 2 2
182 213
1 14 2
58 210
1 8 2
22 79
1 15 2
358 428
1 7 2
195 267
1 15 2
30 198
1 6 2
295 496
1 9 2
206 420
1 11 2
244 453
1 8 2
201 313
1 6 2
72 436
1 15 2
246 401
1 13 2
179 400
1 7 2
387 483
1 12 2
88 220
1 4 2
13 106
1 6 2
2 440
1 5 2
375 399
1 10 2
165 175
1 15 2
52 420
1 11 2
142 233
1 10 2
13 168
1 9 2
126 222
1 5 2
3 282
1 12 2
4 171
1 15 2
131 300
1 12 2
144 436
1 14 2
4 212
1 7 2
140 480
1 5 2
163 292
1 11 2
111 124
1 15 2
99 137
1 5 2
120 206
1 5 2
302 472
1 6 2
273 358
1 3 2
318 385
1 11 2
214 278
1 10 2
0 255
1 13 2
63 98
1 3 2
68 135
1 6 2
5 393
1 7 2
274 440
1 3 2
28 474
1 3 2
252 285
1 5 2
197 337
1 5 2
250 270
1 3 2
24 344
1 4 2
212 319
1 11 2
148 207
1 14 2
166 185
1 10 2
282 437
1 14 2
103 210
1 2 2
56 126
1 15 2
68 484
1 9 2
258 432
1 15 2
102 486
1 5 2
140 251
1 14 2
144 167
1 11 2
271 485
1 5 2
19 458
1 10 2
350 396
1 3 2
90 267
1 14 2
366 411
1 7 2
248 259
1 7 2
149 274
1 9 2
80 150
1 6 2
215 386
1 5 2
55 103
1 2 2
38 94
1 8 2
85 229
1 4 2
175 366
1 8 2
210 287
1 3 2
355 489
1 13 2
290 347
1 13 2
94 297
1 8 2
334 414
1 5 2
39 423
1 8 2
137 210
1 6 2
108 241
1 5 2
89 179
1 3 2
131 177
1 10 2
46 166
1 4 2
48 121
1 6 2
97 158
1 11 2
246 365
1 6 2
8 321
1 15 2
60 420
1 3 2
30 114
1 5 2
231 450
1 9 2
88 497
1 3 2
282 290
1 11 2
114 211
1 11 2
180 483
1 10 2
95 447
1 8 2
18 213
1 5 2
75 490
1 11 2
101 365
1 11 2
269 490
1 7 2
48 101
1 10 2
35 360
1 11 2
208 221
1 15 2
141 224
1 5 2
235 406
1 15 2
63 273
1 2 2
3 400
1 3 2
408 498
1 13 2
28 129
1 6 2
13 175
1 9 2
106 221
1 5 2
33 62
1 13 2
41 292
1 5 2
201 492
1 2 2
166 223
1 7 2
47 97
1 15 2
222 315
1 14 2
52 112
1 10 2
327 453
1 8 2
38 150
1 5 2
1 267
1 9 2
90 292
1 7 2
137 241
1 9 2
249 340
1 13 2
42 197
1 8 2
229 465
1 10 2
64 184
1 14 2
179 498
1 12 2
152 187
1 7 2
351 409
1 3 2
227 274
1 2 2
241 328
1 12 2
122 433
1 6 2
73 346
1 6 2
95 272
1 3 2
4 299
1 10 2
29 343
1 10 2
257 384
1 2 2
53 314
1 12 2
276 479
1 8 2
332 414
1 5 2
205 423
1 2 2
418 425
1 6 2
35 315
1 7 2
173 413
1 10 2
134 192
1 11 2
381 472
1 13 2
228 445
1 3 2
172 480
1 11 2
25 386
1 12 2
356 478
1 9 2
366 440
1 15 2
313 494
1 4 2
251 385
1 2 2
354 365
1 12 2
35 239
1 3 2
100 383
1 11 2
365 492
1 6 2
45 69
1 3 2
304 485
1 12 2
253 296
1 8 2
350 448
1 12 2
111 487
1 11 2
94 305
1 2 2
22 154
1 12 2
343 465
1 5 2
212 417
1 7 2
290 391
1 8 2
12 369
1 2 2
24 375
1 2 2
103 453
1 8 2
325 475
1 7 2
295 471
1 6 2
52 451
1 8 2
409 433
1 13 2
9 447
1 14 2
35 425
1 12 2
172 310
1 12 2
61 369
1 8 2
382 482
1 12 2
12 151
1 5 2
418 423
1 7 2
342 393
1 5 2
193 391
1 5 2
372 417
1 5 2
19 455
1 4 2
92 485
1 2 2
32 476
1 10 2
308 378
1 9 2
289 462
1 6 2
327 463
1 3 2
199 268
1 14 2
84 363
1 8 2
115 161
1 9 2
215 419
1 9 2
380 490
1 13 2
102 255
1 6 2
232 355
1 8 2
347 405
1 10 2
309 358
1 2 2
55 217
1 11 2
45 406
1 12 2
37 410
1 15 2
91 498
1 2 2
211 392
1 15 2
11 361
1 12 2
263 475
1 13 2
75 209
1 7 2
135 496
1 7 2
35 99
1 5 2
11 176
1 15 2
63 116
1 2 2
139 326
1 10 2
250 498
1 10 2
316 345
1 9 2
278 433
1 7 2
325 472
1 8 2
311 381
1 11 2
320 458
1 11 2
262 374
1 14 2
40 365
1 10 2
238 426
1 9 2
158 456
1 5 2
25 479
1 13 2
49 76
1 3 2
180 321
1 9 2
0 315
1 12 2
140 257
1 15 2
273 427
1 3 2
185 428
1 12 2
262 424
1 14 2
455 491
1 7 2
65 167
1 4 2
84 191
1 8 2
189 351
1 10 2
189 195
1 13 2
110 284
1 12 2
43 49
1 3 2
212 328
1 15 2
31 186
1 2 2
92 182
1 6 2
182 381
1 13 2
201 387
1 11 2
13 485
1 8 2
261 286
1 14 2
105 377
1 14 2
204 244
1 3 2
336 433
1 15 2
258 300
1 11 2
409 445
1 3 2
112 177
1 11 2
196 435
1 9 2
214 222
1 7 2
198 226
1 6 2
108 345
1 2 2
179 392
1 4 2
1 422
1 2 2
301 441
1 6 2
142 186
1 13 2
377 413
1 7 2
242 312
1 14 2
38 258
1 13 2
100 164
1 9 2
27 191
1 9 2
94 192
1 9 2
409 440
1 9 2
53 364
1 2 2
117 303
1 9 2
112 194
1 8 2
86 358
1 13 2
87 492
1 4 2
375 445
1 7 2
180 235
1 15 2
191 203
1 7 2
337 345
1 8 2
252 322
1 2 2
53 232
1 11 2
247 448
1 13 2
47 437
1 5 2
2 471
1 5 2
100 166
1 12 2
386 469
1 10 2
315 443
1 13 2
63 114
1 13 2
7 470
1 8 2
95 108
1 11 2
202 354
1 15 2
141 283
1 15 2
128 170
1 12 2
259 439
1 14 2
134 362
1 4 2
436 454
1 12 2
46 360
1 15 2
261 293
1 14 2
173 437
1 3 2
104 367
1 15 2
41 467
1 8 2
366 442
1 3 2
109 428
1 14 2
174 301
1 4 2
160 480
1 10 2
162 358
1 14 2
215 307
1 7 2
280 287
1 4 2
270 354
1 6 2
30 287
1 11 2
177 388
1 10 2
9 196
1 15 2
106 472
1 13 2
285 301
1 13 2
159 303
1 11 2
249 309
1 5 2
229 479
1 7 2
444 450
1 15 2
116 264
1 11 2
132 268
1 5 2
305 318
1 6 2
44 429
1 6 2
315 317
1 11 2
150 170
1 2 2
163 392
1 6 2
228 390
1 15 2
192 290
1 8 2
78 228
1 2 2
7 90
1 3 2
164 316
1 10 2
56 411
1 2 2
220 456
1 2 2
159 317
1 11 2
11 104
1 10 2
133 480
1 12 2
104 365
1 9 2
255 269
1 5 2
76 384
1 12 2
176 324
1 4 2
32 197
1 11 2
48 415
1 10 2
305 371
1 12 2
212 476
1 7 2
54 296
1 10 2
123 251
1 6 2
2 105
1 15 2
359 404
1 3 2
22 180
1 6 2
17 358
1 15 2
162 374
1 9 2
147 319
1 7 2
318 454
1 11 2
110 199
1 4 2
39 286
1 13 2
100 243
1 11 2
110 454
1 14 2
362 478
1 7 2
41 457
1 2 2
80 496
1 11 2
78 356
1 13 2
51 243
1 10 2
133 497
1 11 2
79 364
1 2 2
84 347
1 12 2
196 343
1 12 2
167 492
1 13 2
391 469
1 5 2
38 456
1 7 2
3 306
1 13 2
72 473
1 15 2
359 401
1 10 2
307 443
1 14 2
354 491
1 6 2
436 469
1 5 2
298 487
1 13 2
76 479
1 7 2
200 395
1 15 2
16 289
1 11 2
331 390
1 7 2
188 250
1 5 2
97 350
1 13 2
33 158
1 2 2
0 314
1 9 2
55 187
1 13 2
264 438
1 13 2
201 218
1 11 2
366 376
1 7 2
294 343
1 8 2
168 408
1 3 2
39 319
1 3 2
101 194
1 15 2
7 323
1 15 2
152 262
1 11 2
72 125
1 8 2
382 406
1 4 2
61 162
1 2 2
28 82
1 3 2
176 435
1 5 2
144 198
1 10 2
381 388
1 4 2
131 335
1 2 2
94 387
1 2 2
117 177
1 2 2
271 441
1 5 2
423 497
1 3 2
31 385
1 14 2
51 306
1 8 2
215 406
1 14 2
266 454
1 5 2
107 251
1 8 2
157 212
1 4 2
328 357
1 5 2
351 370
1 10 2
201 331
1 10 2
117 400
1 5 2
267 411
1 15 2
197 423
1 11 2
191 317
1 4 2
73 462
1 4 2
229 477
1 7 2
281 466
1 15 2
113 162
1 4 2
70 94
1 14 2
62 483
1 3 2
88 328
1 13 2
249 258
1 11 2
57 130
1 15 2
277 471
1 14 2
85 439
1 3 2
11 193
1 3 2
118 169
1 13 2
354 419
1 9 2
7 150
1 10 2
125 273
1 4 2
89 497
1 4 2
103 466
1 13 2
125 362
1 6 2
388 426
1 12 2
46 255
1 4 2
34 391
1 12 2
211 295
1 12 2
435 486
1 9 2
43 284
1 11 2
294 411
1 13 2
312 426
1 11 2
108 416
1 3 2
170 361
1 13 2
127 210
1 5 2
165 351
1 9 2
363 428
1 11 2
207 385
1 5 2
213 404
1 3 2
66 165
1 13 2
93 207
1 6 2
250 464
1 14 2
205 217
1 5 2
54 351
1 6 2
311 347
1 9 2
175 208
1 11 2
342 422
1 15 2
254 371
1 3 2
322 378
1 5 2
159 483
1 15 2
36 110
1 2 2
118 493
1 3 2
295 419
1 14 2
73 424
1 12 2
199 209
1 8 2
131 400
1 11 2
99 147
1 12 2
427 432
1 7 2
229 444
1 6 2
225 294
1 2 2
81 84
1 7 2
210 381
1 2 2
195 202
1 12 2
102 243
1 13 2
283 291
1 7 2
69 153
1 8 2
370 467
1 6 2
103 390
1 9 2
231 243
1 8 2
153 439
1 6 2
131 326
1 10 2
73 480
1 5 2
81 375
1 4 2
387 421
1 2 2
382 391
1 6 2
301 325
1 11 2
261 383
1 12 2
132 237
1 9 2
117 413
1 6 2
94 394
1 12 2
34 476
1 8 2
128 374
1 11 2
190 404
1 8 2
99 412
1 10 2
268 277
1 9 2
78 83
1 15 2
118 404
1 5 2
105 207
1 12 2
216 382
1 5 2
358 374
1 7 2
30 292
1 4 2
92 211
1 14 2
340 461
1 9 2
15 487
1 6 2
119 276
1 14 2
347 410
1 12 2
473 491
1 7 2
391 398
1 14 2
152 430
1 13 2
80 103
1 14 2
68 228
1 2 2
334 335
1 6 2
263 319
1 9 2
182 247
1 10 2
170 484
1 4 2
54 233
1 5 2
24 25
1 5 2
229 467
1 7 2
35 82
1 12 2
5 102
1 12 2
360 369
1 4 2
99 193
1 10 2
181 189
1 9 2
428 479
1 3 2
137 492
1 3 2
131 309
1 12 2
60 170
1 12 2
392 468
1 5 2
113 467
1 6 2
34 492
1 11 2
87 419
1 7 2
74 303
1 5 2
203 462
1 12 2
227 400
1 7 2
207 370
1 15 2
79 207
1 7 2
403 420
1 4 2
290 494
1 9 2
155 156
1 7 2
199 255
1 3 2
50 165
1 5 2
354 484
1 11 2
141 286
1 9 2
324 361
1 14 2
169 327
1 15 2
202 456
1 3 2
121 380
1 12 2
56 340
1 4 2
283 491
1 7 2
186 376
1 3 2
406 418
1 9 2
211 354
1 5 2
199 251
1 7 2
69 474
1 9 2
116 247
1 5 2
212 376
1 7 2
18 319
1 6 2
19 46
1 8 2
157 266
1 3 2
369 376
1 9 2
184 449
1 3 2
54 252
1 2 2
105 272
1 15 2
154 184
1 11 2
10 101
1 9 2
198 220
1 5 2
109 246
1 15 2
29 169
1 4 2
109 245
1 6 2
90 295
1 14 2
8 361
1 14 2
45 84
1 15 2
331 417
1 9 2
105 172
1 7 2
243 458
1 13 2
15 32
1 8 2
94 345
1 11 2
105 154
1 14 2
193 300
1 8 2
136 390
1 2 2
363 461
1 3 2
181 190
1 7 2
297 476
1 8 2
270 408
1 2 2
21 151
1 3 2
290 484
1 14 2
13 15
1 7 2
29 390
1 11 2
285 343
1 4 2
63 284
1 2 2
62 214
1 10 2
109 265
1 4 2
116 392
1 10 2
50 460
1 2 2
150 312
1 15 2
121 437
1 11 2
156 219
1 3 2
148 330
1 15 2
325 402
1 7 2
19 195
1 3 2
263 285
1 12 2
96 391
1 8 2
102 256
1 13 2
384 452
1 4 2
8 466
1 6 2
163 329
1 4 2
66 168
1 8 2
48 151
1 6 2
272 351
1 6 2
82 112
1 11 2
101 391
1 3 2
67 171
1 8 2
454 473
1 12 2
59 267
1 6 2
183 449
1 15 2
251 463
1 14 2
131 178
1 7 2
20 318
1 5 2
69 345
1 8 2
132 362
1 10 2
42 155
1 11 2
58 395
1 11 2
147 193
1 4 2
209 494
1 12 2
167 184
1 10 2
70 443
1 13 2
133 303
1 14 2
233 299
1 3 2
428 462
1 7 2
146 269
1 11 2
9 189
1 10 2
6 379
1 9 2
33 435
1 11 2
249 387
1 6 2
107 266
1 5 2
134 319
1 9 2
337 459
1 15 2
209 422
1 14 2
36 353
1 6 2
48 128
1 9 2
274 466
1 2 2
208 275
1 14 2
16 266
1 8 2
178 368
1 3 2
337 494
1 2 2
80 341
1 2 2
134 227
1 3 2
296 451
1 8 2
174 366
1 4 2
237 349
1 7 2
128 433
1 6 2
23 49
1 4 2
204 326
1 12 2
152 317
1 10 2
86 312
1 13 2
112 169
1 15 2
256 262
1 11 2
163 430
1 12 2
402 420
1 12 2
95 157
1 3 2
140 333
1 8 2
87 89
1 4 2
435 487
1 15 2
153 176
1 12 2
373 472
1 8 2
116 157
1 10 2
8 218
1 2 2
102 136
1 9 2
183 460
1 11 2
30 83
1 14 2
279 301
1 4 2
83 98
1 4 2
192 356
1 14 2
95 455
1 5 2
90 219
1 9 2
29 376
1 9 2
188 232
1 14 2
327 391
1 3 2
331 426
1 6 2
207 419
1 9 2
302 388
1 8 2
76 305
1 12 2
37 445
1 3 2
216 427
1 9 2
115 288
1 2 2
357 483
1 11 2
5 408
1 5 2
51 183
1 2 2
94 219
1 10 2
31 491
1 14 2
258 343
1 8 2
45 182
1 12 2
243 254
1 7 2
206 242
1 4 2
94 435
1 12 2
344 389
1 14 2
8 71
1 11 2
321 462
1 5 2
93 117
1 7 2
21 416
1 5 2
145 262
1 4 2
122 403
1 9 2
120 129
1 6 2
204 402
1 11 2
48 432
1 4 2
180 459
1 11 2
321 476
1 4 2
462 471
1 6 2
95 301
1 13 2
280 355
1 12 2
26 263
1 11 2
184 251
1 8 2
79 120
1 13 2
193 350
1 11 2
205 437
1 2 2
40 467
1 5 2
85 145
1 10 2
5 94
1 14 2
32 162
1 11 2
154 488
1 9 2
43 320
1 14 2
227 377
1 7 2
16 76
1 6 2
352 473
1 14 2
345 373
1 8 2
8 196
1 11 2
97 342
1 15 2
20 330
1 7 2
242 247
1 14 2
239 292
1 6 2
84 202
1 11 2
82 246
1 9 2
62 281
1 10 2
205 249
1 7 2
405 423
1 11 2
69 489
1 12 2
149 328
1 4 2
0 184
1 2 2
252 351
1 3 2
21 35
1 5 2
260 418
1 3 2
53 166
1 2 2
262 338
1 15 2
172 316
1 5 2
347 445
1 4 2
59 157
1 4 2
47 473
1 11 2
9 194
1 6 2
47 208
1 15 2
193 363
1 10 2
212 274
1 3 2
37 498
1 6 2
140 324
1 5 2
22 239
1 2 2
75 93
1 12 2
67 212
1 15 2
88 184
1 12 2
252 366
1 11 2
282 374
1 10 2
87 463
1 9 2
206 241
1 9 2
105 109
1 5 2
23 326
1 4 2
476 492
1 9 2
133 241
1 15 2
51 276
1 12 2
264 412
1 2 2
150 440
1 15 2
363 437
1 9 2
232 406
1 13 2
51 392
1 10 2
320 322
1 13 2
223 228
1 5 2
61 219
1 7 2
93 364
1 13 2
369 433
1 10 2
200 239
1 9 2
132 458
1 13 2
52 253
1 6 2
26 249
1 12 2
334 353
1 15 2
276 456
1 6 2
176 295
1 7 2
20 287
1 9 2
364 374
1 5 2
50 151
1 12 2
8 41
1 6 2
3 104
1 15 2
89 220
1 3 2
190 328
1 10 2
422 425
1 5 2
381 462
1 9 2
50 402
1 9 2
18 453
1 10 2
368 419
1 5 2
94 446
1 2 2
383 491
1 6 2
256 305
1 5 2
305 349
1 13 2
206 467
1 9 2
67 411
1 12 2
112 270
1 10 2
35 438
1 13 2
37 438
1 8 2
438 439
1 2 2
11 319
1 8 2
91 221
1 13 2
54 276
1 9 2
202 364
1 8 2
6 325
1 11 2
125 420
1 5 2
156 381
1 15 2
186 427
1 10 2
236 325
1 12 2
104 348
1 8 2
199 245
1 11 2
216 398
1 4 2
121 317
1 7 2
70 231
1 3 2
24 27
1 4 2
153 232
1 5 2
246 461
1 13 2
23 287
1 12 2
225 340
1 3 2
308 473
1 4 2
276 434
1 9 2
6 137
1 3 2
2 170
1 12 2
22 238
1 8 2
324 428
1 7 2
165 390
1 14 2
356 370
1 2 2
123 220
1 4 2
268 346
1 3 2
424 483
1 15 2
243 266
1 10 2
378 453
1 15 2
345 364
1 15 2
140 262
1 2 2
41 209
1 10 2
168 490
1 3 2
39 193
1 15 2
269 311
1 4 2
187 424
1 6 2
352 361
1 9 2
95 381
1 12 2
18 315
1 6 2
165 419
1 11 2
214 442
1 11 2
110 253
1 13 2
71 358
1 9 2
109 337
1 5 2
102 349
1 5 2
112 374
1 7 2
429 495
1 2 2
29 329
1 9 2
112 252
1 4 2
278 343
1 10 2
238 309
1 4 2
103 120
1 9 2
55 62
1 11 2
49 207
1 10 2
228 411
1 6 2
279 433
1 2 2
91 182
1 14 2
135 408
1 13 2
14 124
1 3 2
3 324
1 14 2
317 423
1 14 2
43 166
1 5 2
156 361
1 3 2
184 486
1 2 2
154 407
1 4 2
442 472
1 3 2
70 357
1 3 2
449 456
1 12 2
208 400
1 3 2
232 367
1 9 2
96 255
1 3 2
104 380
1 6 2
270 299
1 12 2
297 341
1 3 2
16 90
1 14 2
143 220
1 6 2
11 371
1 14 2
394 413
1 14 2
4 10
1 9 2
52 271
1 10 2
92 119
1 12 2
259 344
1 3 2
12 347
1 9 2
159 195
1 8 2
88 335
1 4 2
165 388
1 3 2
33 153
1 8 2
43 380
1 3 2
80 224
1 4 2
106 383
1 13 2
30 112
1 7 2
30 51
1 4 2
185 271
1 3 2
4 460
1 7 2
2 400
1 2 2
360 399
1 6 2
292 412
1 3 2
37 275
1 3 2
255 480
1 11 2
224 374
1 6 2
190 410
1 2 2
86 91
1 9 2
199 333
1 5 2
73 415
1 6 2
290 307
1 15 2
191 389
1 7 2
307 453
1 6 2
344 441
1 3 2
324 369
1 12 2
149 498
1 3 2
69 236
1 2 2
46 333
1 12 2
35 86
1 13 2
392 485
1 13 2
109 443
1 11 2
246 451
1 10 2
216 441
1 12 2
271 323
1 14 2
168 294
1 3 2
353 498
1 2 2
33 301
1 13 2
211 441
1 10 2
204 434
1 3 2
219 380
1 2 2
60 88
1 14 2
68 440
1 5 2
119 191
1 12 2
64 71
1 11 2
72 376
1 12 2
134 314
1 13 2
143 216
1 14 2
22 166
1 5 2
103 105
1 10 2
132 252
1 6 2
15 473
1 9 2
45 231
1 6 2
43 279
1 11 2
151 402
1 9 2
310 363
1 11 2
158 460
1 11 2
295 411
1 12 2
215 467
1 13 2
193 294
1 5 2
371 482
1 14 2
139 460
1 3 2
26 411
1 6 2
76 396
1 14 2
96 147
1 8 2
389 452
1 8 2
76 267
1 3 2
7 45
1 13 2
46 491
1 11 2
104 411
1 10 2
308 463
1 6 2
224 466
1 5 2
63 421
1 2 2
196 480
1 15 2
193 377
1 5 2
68 127
1 11 2
240 435
1 5 2
121 384
1 10 2
308 368
1 8 2
32 251
1 4 2
143 283
1 7 2
303 315
1 6 2
197 440
1 3 2
2 297
1 9 2
188 269
1 9 2
173 304
1 15 2
23 378
1 7 2
99 456
1 12 2
484 491
1 4 2
36 391
1 14 2
11 221
1 3 2
181 437
1 2 2
411 473
1 3 2
281 300
1 3 2
333 469
1 15 2
161 292
1 3 2
78 377
1 4 2
21 47
1 14 2
125 405
1 13 2
35 377
1 10 2
89 101
1 13 2
53 466
1 13 2
1 18
1 14 2
28 349
1 12 2
108 344
1 8 2
120 230
1 2 2
158 278
1 3 2
227 352
1 10 2
164 421
1 3 2
266 292
1 9 2
9 40
1 6 2
41 224
1 13 2
92 97
1 11 2
138 382
1 11 2
103 195
1 10 2
184 301
1 2 2
112 117
1 3 2
33 290
1 3 2
147 350
1 12 2
71 362
1 7 2
2 456
1 15 2
286 352
1 14 2
308 412
1 3 2
463 491
1 3 2
86 206
1 13 2
148 233
1 3 2
108 163
1 14 2
117 423
1 10 2
76 229
1 3 2
42 382
1 2 2
272 291
1 7 2
97 117
1 13 2
62 260
1 11 2
426 460
1 15 2
167 209
1 8 2
178 337
1 7 2
287 379
1 4 2
134 465
1 14 2
271 331
1 10 2
6 422
1 4 2
211 410
1 15 2
194 435
1 4 2
54 59
1 7 2
160 225
1 11 2
65 134
1 5 2
210 367
1 15 2
9 385
1 15 2
154 304
1 12 2
14 492
1 15 2
155 338
1 14 2
323 368
1 12 2
61 255
1 15 2
60 422
1 8 2
332 412
1 3 2
22 153
1 13 2
126 382
1 8 2
268 457
1 9 2
120 130
1 9 2
251 447
1 10 2
50 136
1 2 2
12 416
1 9 2
258 454
1 11 2
351 467
1 6 2
42 429
1 9 2
355 479
1 13 2
245 348
1 8 2
137 257
1 13 2
165 454
1 11 2
71 443
1 11 2
6 233
1 11 2
146 267
1 14 2
383 417
1 5 2
334 465
1 2 2
146 297
1 7 2
152 181
1 11 2
203 321
1 15 2
296 400
1 9 2
71 444
1 12 2
93 299
1 6 2
420 452
1 9 2
85 489
1 12 2
138 387
1 13 2
75 405
1 8 2
395 429
1 14 2
43 308
1 5 2
317 376
1 6 2
12 54
1 13 2
70 101
1 9 2
37 208
1 7 2
133 177
1 2 2
278 341
1 6 2
166 345
1 11 2
247 287
1 6 2
22 45
1 9 2
32 384
1 9 2
266 438
1 10 2
74 318
1 6 2
171 399
1 4 2
91 232
1 2 2
315 378
1 5 2
77 80
1 13 2
267 378
1 3 2
294 344
1 6 2
160 269
1 9 2
24 220
1 4 2
54 469
1 12 2
16 101
1 13 2
25 59
1 10 2
201 298
1 15 2
206 286
1 14 2
49 260
1 7 2
137 372
1 5 2
161 479
1 9 2
288 470
1 14 2
130 403
1 14 2
17 270
1 7 2
250 473
1 14 2
32 217
1 9 2
174 338
1 6 2
216 288
1 15 2
17 458
1 9 2
62 419
1 13 2
218 380
1 12 2
175 374
1 8 2
14 182
1 3 2
33 218
1 14 2
55 463
1 10 2
191 438
1 2 2
234 473
1 6 2
268 376
1 13 2
55 364
1 3 2
194 485
1 8 2
237 365
1 12 2
6 254
1 14 2
205 463
1 15 2
87 165
1 8 2
202 209
1 6 2
135 164
1 12 2
204 237
1 11 2
116 232
1 5 2
386 496
1 11 2
297 467
1 12 2
27 252
1 8 2
134 140
1 9 2
0 330
1 9 2
90 433
1 4 2
169 273
1 10 2
457 478
1 4 2
97 337
1 8 2
335 415
1 8 2
217 406
1 12 2
230 496
1 6 2
21 268
1 13 2
51 356
1 6 2
18 113
1 2 2
193 484
1 4 2
150 450
1 14 2
50 248
1 14 2
142 398
1 13 2
416 459
1 7 2
154 257
1 5 2
228 467
1 4 2
49 141
1 7 2
350 489
1 15 2
24 485
1 8 2
79 252
1 6 2
28 471
1 8 2
157 461
1 4 2
278 326
1 5 2
76 249
1 15 2
258 366
1 10 2
278 397
1 4 2
387 476
1 7 2
226 391
1 13 2
247 259
1 4 2
6 105
1 10 2
427 466
1 7 2
267 486
1 2 2
218 489
1 7 2
123 427
1 5 2
95 326
1 15 2
361 383
1 10 2
212 479
1 3 2
166 324
1 2 2
304 315
1 4 2
356 445
1 5 2
212 292
1 15 2
6 131
1 15 2
91 365
1 12 2
251 420
1 14 2
371 489
1 5 2
38 367
1 5 2
165 418
1 13 2
110 472
1 10 2
41 203
1 15 2
201 360
1 3 2
331 414
1 11 2
0 225
1 6 2
36 405
1 11 2
337 484
1 12 2
409 468
1 15 2
414 488
1 2 2
5 59
1 5 2
16 82
1 7 2
201 493
1 12 2
367 489
1 9 2
129 306
1 8 2
31 478
1 4 2
17 400
1 2 2
86 175
1 8 2
55 325
1 4 2
226 499
1 11 2
57 247
1 6 2
276 323
1 13 2
34 381
1 6 2
223 423
1 10 2
110 221
1 9 2
245 355
1 15 2
135 399
1 5 2
75 159
1 14 2
61 105
1 15 2
310 405
1 9 2
83 436
1 5 2
112 397
1 13 2
365 386
1 11 2
189 291
1 15 2
262 477
1 9 2
262 346
1 8 2
133 452
1 7 2
70 409
1 4 2
130 499
1 5 2
107 226
1 8 2
200 208
1 13 2
280 457
1 2 2
81 489
1 6 2
6 12
1 4 2
50 140
1 13 2
54 160
1 12 2
77 462
1 14 2
66 458
1 2 2
28 378
1 13 2
225 355
1 6 2
79 498
1 8 2
316 403
1 14 2
192 441
1 3 2
360 431
1 4 2
68 145
1 8 2
124 125
1 14 2
142 366
1 6 2
86 433
1 2 2
96 444
1 15 2
264 296
1 6 2
62 100
1 10 2
0 152
1 15 2
111 172
1 11 2
224 239
1 11 2
53 233
1 11 2
201 282
1 12 2
106 129
1 4 2
173 349
1 10 2
243 256
1 12 2
5 281
1 5 2
194 448
1 3 2
286 331
1 10 2
110 357
1 2 2
122 253
1 8 2
107 248
1 9 2
41 158
1 5 2
306 385
1 3 2
128 310
1 12 2
95 268
1 2 2
205 453
1 15 2
125 459
1 4 2
210 297
1 7 2
276 498
1 12 2
9 358
1 11 2
33 473
1 15 2
232 345
1 6 2
254 294
1 12 2
288 309
1 3 2
36 189
1 12 2
208 488
1 7 2
405 439
1 14 2
168 461
1 5 2
31 320
1 9 2
11 478
1 11 2
114 130
1 10 2
159 458
1 3 2
5 70
1 4 2
30 387
1 12 2
72 81
1 5 2
46 395
1 7 2
113 401
1 11 2
143 329
1 11 2
314 402
1 3 2
6 305
1 3 2
259 401
1 10 2
51 73
1 14 2
1 203
1 4 2
120 222
1 5 2
212 478
1 14 2
327 377
1 8 2
48 377
1 13 2
197 246
1 3 2
16 306
1 15 2
184 307
1 12 2
179 374
1 15 2
290 311
1 11 2
60 245
1 9 2
197 328
1 8 2
166 355
1 12 2
219 444
1 13 2
93 112
1 7 2
39 486
1 15 2
125 193
1 12 2
126 322
1 7 2
116 207
1 3 2
158 225
1 3 2
63 450
1 8 2
227 465
1 4 2
252 281
1 6 2
72 212
1 12 2
151 215
1 6 2
18 74
1 5 2
161 234
1 14 2
124 436
1 3 2
83 298
1 8 2
200 345
1 14 2
436 464
1 7 2
160 475
1 13 2
55 169
1 7 2
205 238
1 12 2
313 432
1 4 2
375 494
1 14 2
64 317
1 5 2
89 256
1 5 2
86 205
1 5 2
156 338
1 11 2
135 190
1 2 2
302 374
1 4 2
130 275
1 15 2
135 385
1 7 2
315 393
1 10 2
125 374
1 8 2
167 338
1 2 2
198 240
1 13 2
91 307
1 9 2
67 148
1 12 2
170 495
1 7 2
173 453
1 9 2
119 375
1 10 2
167 330
1 7 2
177 312
1 8 2
105 194
1 12 2
142 430
1 10 2
209 437
1 12 2
59 312
1 5 2
342 401
1 4 2
42 284
1 3 2
254 299
1 2 2
368 427
1 11 2
9 255
1 11 2
178 284
1 13 2
72 404
1 15 2
49 382
1 9 2
264 349
1 8 2
118 300
1 2 2
268 312
1 10 2
0 355
1 13 2
224 237
1 8 2
405 471
1 10 2
167 459
1 14 2
42 332
1 2 2
280 299
1 3 2
69 276
1 5 2
42 92
1 3 2
217 306
1 13 2
34 162
1 14 2
63 267
1 13 2
335 343
1 3 2
164 194
1 3 2
235 349
1 7 2
158 450
1 12 2
10 138
1 14 2
297 471
1 4 2
172 264
1 12 2
75 338
1 6 2
180 345
1 2 2
210 435
1 13 2
101 172
1 14 2
238 319
1 10 2
118 499
1 10 2
422 440
1 11 2
32 51
1 5 2
19 164
1 13 2
190 475
1 14 2
107 340
1 12 2
79 323
1 15 2
101 193
1 12 2
249 485
1 11 2
324 459
1 14 2
159 348
1 6 2
58 106
1 11 2
204 445
1 6 2
261 356
1 4 2
413 453
1 2 2
137 367
1 2 2
130 361
1 3 2
195 321
1 8 2
263 312
1 12 2
294 352
1 7 2
82 491
1 11 2
19 20
1 15 2
185 341
1 10 2
58 129
1 3 2
13 393
1 9 2
70 96
1 5 2
42 296
1 9 2
25 239
1 13 2
266 307
1 4 2
302 487
1 4 2
61 167
1 12 2
424 447
1 6 2
68 471
1 4 2
180 332
1 10 2
230 293
1 15 2
11 285
1 2 2
230 256
1 15 2
215 254
1 11 2
249 457
1 9 2
116 122
1 14 2
92 147
1 2 2
41 296
1 13 2
350 424
1 7 2
202 492
1 12 2
311 350
1 6 2
199 413
1 8 2
61 434
1 13 2
142 353
1 9 2
41 194
1 4 2
330 478
1 12 2
208 464
1 10 2
57 234
1 13 2
301 433
1 13 2
115 190
1 3 2
97 187
1 14 2
104 248
1 8 2
190 224
1 6 2
2 352
1 8 2
16 260
1 2 2
66 490
1 10 2
409 489
1 6 2
38 155
1 15 2
80 402
1 12 2
101 221
1 10 2
388 424
1 14 2
84 103
1 14 2
192 457
1 9 2
146 409
1 6 2
153 372
1 5 2
410 461
1 12 2
9 257
1 4 2
394 483
1 4 2
33 214
1 12 2
278 369
1 4 2
143 374
1 8 2
104 187
1 14 2
27 473
1 15 2
180 324
1 10 2
256 437
1 9 2
182 442
1 13 2
172 179
1 9 2
12 121
1 15 2
91 147
1 8 2
248 381
1 5 2
98 227
1 2 2
203 459
1 11 2
111 368
1 10 2
178 236
1 9 2
67 238
1 4 2
272 337
1 4 2
33 248
1 14 2
41 149
1 14 2
109 468
1 5 2
48 420
1 6 2
138 318
1 10 2
90 491
1 8 2
281 389
1 11 2
199 212
1 6 2
363 377
1 3 2
359 418
1 14 2
406 419
1 7 2
121 127
1 8 2
187 338
1 14 2
349 426
1 3 2
287 292
1 2 2
231 462
1 12 2
59 395
1 8 2
142 267
1 5 2
231 354
1 8 2
51 336
1 4 2
169 386
1 9 2
5 99
1 10 2
142 450
1 6 2
24 162
1 3 2
409 474
1 5 2
144 304
1 4 2
304 326
1 11 2
69 444
1 13 2
92 499
1 12 2
59 387
1 12 2
183 290
1 5 2
195 322
1 8 2
40 284
1 9 2
133 207
1 6 2
99 187
1 6 2
106 272
1 14 2
71 396
1 5 2
242 430
1 8 2
36 214
1 14 2
286 320
1 9 2
60 378
1 7 2
34 482
1 14 2
450 495
1 2 2
102 421
1 2 2
168 214
1 6 2
16 113
1 7 2
159 370
1 15 2
81 331
1 14 2
113 439
1 9 2
5 429
1 13 2
30 124
1 2 2
489 490
1 12 2
197 297
1 2 2
74 488
1 2 2
145 270
1 2 2
280 427
1 14 2
159 314
1 13 2
80 169
1 15 2
160 400
1 14 2
57 337
1 10 2
374 407
1 7 2
97 120
1 9 2
171 228
1 11 2
119 451
1 6 2
91 426
1 5 2
10 145
1 15 2
406 462
1 7 2
266 394
1 5 2
178 285
1 15 2
401 419
1 8 2
73 173
1 8 2
350 452
1 15 2
242 372
1 2 2
433 491
1 8 2
180 210
1 13 2
185 205
1 2 2
140 149
1 4 2
437 459
1 3 2
64 133
1 7 2
229 490
1 6 2
56 207
1 12 2
4 328
1 7 2
359 474
1 6 2
48 96
1 6 2
40 347
1 11 2
230 291
1 4 2
62 334
1 6 2
266 419
1 9 2
174 258
1 5 2
60 369
1 8 2
169 482
1 3 2
150 457
1 14 2
2 273
1 10 2
28 155
1 10 2
8 441
1 11 2
234 440
1 11 2
320 370
1 8 2
4 86
1 11 2
171 307
1 8 2
443 497
1 6 2
336 442
1 4 2
240 274
1 9 2
75 138
1 12 2
47 372
1 8 2
84 150
1 2 2
140 213
1 2 2
71 421
1 14 2
0 173
1 7 2
87 200
1 5 2
125 491
1 10 2
61 289
1 12 2
29 333
1 7 2
164 338
1 10 2
22 85
1 13 2
377 441
1 8 2
365 379
1 9 2
123 339
1 6 2
174 407
1 2 2
53 167
1 12 2
24 493
1 11 2
131 245
1 12 2
174 209
1 6 2
312 354
1 14 2
23 299
1 5 2
243 346
1 7 2
379 485
1 14 2
17 454
1 7 2
197 344
1 11 2
204 266
1 2 2
282 295
1 15 2
158 174
1 15 2
318 421
1 14 2
19 105
1 12 2
76 326
1 9 2
17 27
1 4 2
20 351
1 13 2
34 464
1 2 2
137 143
1 3 2
344 422
1 7 2
296 413
1 10 2
181 248
1 5 2
23 152
1 5 2
91 451
1 15 2
218 365
1 15 2
168 410
1 11 2
22 256
1 15 2
11 327
1 5 2
391 489
1 11 2
300 435
1 3 2
384 492
1 13 2
9 373
1 13 2
288 388
1 5 2
128 491
1 4 2
28 65
1 9 2
54 354
1 4 2
146 311
1 6 2
148 156
1 14 2
89 147
1 9 2
204 253
1 2 2
117 305
1 4 2
75 216
1 6 2
46 301
1 6 2
388 488
1 11 2
346 394
1 2 2
38 398
1 8 2
71 234
1 9 2
99 160
1 6 2
202 262
1 7 2
2 339
1 5 2
71 153
1 12 2
66 493
1 4 2
183 396
1 15 2
216 242
1 13 2
189 308
1 3 2
275 441
1 11 2
26 410
1 10 2
179 220
1 9 2
82 239
1 15 2
256 269
1 6 2
193 399
1 14 2
225 464
1 8 2
43 289
1 4 2
385 466
1 11 2
12 473
1 5 2
166 391
1 6 2
13 272
1 5 2
325 348
1 4 2
91 130
1 6 2
83 116
1 7 2
81 293
1 4 2
92 151
1 10 2
215 379
1 2 2
216 277
1 14 2
116 260
1 4 2
353 385
1 8 2
173 372
1 11 2
141 261
1 11 2
30 203
1 13 2
33 44
1 7 2
66 173
1 4 2
36 175
1 5 2
128 355
1 4 2
276 317
1 4 2
18 91
1 11 2
196 308
1 10 2
37 326
1 2 2
71 336
1 12 2
123 488
1 5 2
58 111
1 5 2
122 258
1 8 2
118 305
1 8 2
276 319
1 8 2
210 474
1 11 2
78 425
1 9 2
285 385
1 6 2
228 229
1 5 2
48 62
1 6 2
133 335
1 5 2
228 396
1 7 2
59 334
1 5 2
83 215
1 14 2
358 487
1 14 2
328 335
1 5 2
38 310
1 10 2
165 398
1 11 2
218 393
1 6 2
192 272
1 2 2
228 458
1 4 2
147 299
1 13 2
97 273
1 7 2
197 382
1 11 2
270 285
1 12 2
57 465
1 3 2
42 161
1 7 2
325 498
1 14 2
299 395
1 11 2
119 331
1 15 2
26 344
1 11 2
155 387
1 8 2
439 450
1 12 2
302 351
1 6 2
174 414
1 7 2
361 386
1 5 2
221 489
1 10 2
116 362
1 6 2
181 474
1 15 2
68 219
1 5 2
29 92
1 2 2
429 478
1 10 2
365 485
1 3 2
126 295
1 15 2
118 230
1 6 2
147 224
1 14 2
255 486
1 10 2
47 230
1 6 2
217 279
1 5 2
120 429
1 7 2
167 333
1 4 2
20 88
1 11 2
77 127
1 14 2
168 442
1 13 2
50 212
1 8 2
19 83
1 13 2
62 444
1 9 2
212 483
1 5 2
46 199
1 9 2
98 206
1 7 2
404 417
1 8 2
86 427
1 5 2
236 421
1 13 2
36 223
1 4 2
295 354
1 4 2
137 395
1 15 2
91 208
1 14 2
114 151
1 8 2
93 316
1 9 2
113 127
1 7 2
76 144
1 9 2
34 171
1 13 2
83 444
1 13 2
128 267
1 2 2
193 233
1 4 2
123 272
1 8 2
19 220
1 2 2
122 156
1 5 2
20 128
1 3 2
457 484
1 13 2
104 284
1 11 2
34 213
1 5 2
314 457
1 13 2
243 480
1 2 2
303 462
1 11 2
0 270
1 6 2
16 71
1 14 2
109 236
1 8 2
74 359
1 4 2
12 46
1 7 2
284 458
1 8 2
127 285
1 12 2
83 230
1 12 2
103 207
1 15 2
220 485
1 13 2
32 488
1 11 2
305 499
1 10 2
226 425
1 10 2
222 266
1 6 2
46 197
1 7 2
405 430
1 15 2
122 388
1 9 2
140 275
1 13 2
219 426
1 2 2
12 490
1 8 2
38 465
1 9 2
163 185
1 12 2
156 347
1 2 2
171 318
1 7 2
6 16
1 4 2
149 444
1 12 2
107 278
1 2 2
23 89
1 14 2
202 488
1 10 2
386 447
1 9 2
382 446
1 8 2
9 440
1 13 2
36 390
1 15 2
32 308
1 4 2
78 144
1 2 2
445 447
1 14 2
175 243
1 4 2
399 489
1 13 2
157 330
1 3 2
4 412
1 11 2
47 102
1 4 2
74 397
1 7 2
124 391
1 13 2
480 495
1 10 2
113 494
1 8 2
44 357
1 14 2
259 432
1 8 2
29 441
1 5 2
326 417
1 11 2
179 337
1 2 2
178 370
1 10 2
18 288
1 10 2
37 199
1 15 2
76 470
1 5 2
390 495
1 14 2
126 229
1 13 2
79 356
1 8 2
37 153
1 13 2
102 165
1 3 2
83 398
1 8 2
99 315
1 11 2
177 406
1 14 2
63 270
1 10 2
303 365
1 14 2
235 249
1 2 2
218 264
1 7 2
0 408
1 4 2
41 245
1 9 2
170 177
1 15 2
356 375
1 7 2
149 250
1 12 2
148 270
1 4 2
132 490
1 3 2
199 315
1 4 2
197 486
1 8 2
312 490
1 15 2
68 166
1 6 2
247 327
1 13 2
152 183
1 9 2
144 348
1 4 2
291 393
1 5 2
361 471
1 3 2
296 316
1 12 2
187 467
1 4 2
7 239
1 8 2
231 325
1 11 2
7 241
1 13 2
104 488
1 7 2
11 37
1 10 2
405 472
1 10 2
325 364
1 12 2
12 495
1 3 2
97 444
1 15 2
18 317
1 12 2
134 306
1 4 2
17 452
1 7 2
327 432
1 11 2
178 411
1 2 2
202 260
1 8 2
478 492
1 12 2
358 432
1 9 2
44 58
1 7 2
107 463
1 12 2
131 418
1 11 2
66 281
1 10 2
20 133
1 12 2
42 395
1 14 2
87 468
1 7 2
42 329
1 10 2
6 473
1 9 2
183 218
1 8 2
220 309
1 6 2
349 491
1 3 2
300 408
1 3 2
193 370
1 6 2
56 69
1 4 2
22 105
1 2 2
322 398
1 8 2
41 344
1 14 2
34 227
1 14 2
323 324
1 5 2
408 426
1 6 2
79 454
1 4 2
281 319
1 14 2
139 454
1 11 2
334 470
1 5 2
349 425
1 11 2
342 373
1 15 2
362 373
1 5 2
220 333
1 3 2
96 471
1 5 2
163 256
1 13 2
149 196
1 4 2
362 466
1 11 2
300 456
1 4 2
308 394
1 15 2
50 129
1 11 2
75 196
1 4 2
8 228
1 15 2
239 343
1 7 2
298 349
1 9 2
105 158
1 9 2
4 146
1 15 2
359 434
1 4 2
51 74
1 9 2
312 353
1 6 2
13 185
1 8 2
240 243
1 6 2
219 405
1 7 2
259 320
1 11 2
186 285
1 13 2
238 355
1 4 2
126 329
1 10 2
17 405
1 9 2
137 464
1 8 2
72 423
1 13 2
312 338
1 5 2
75 129
1 6 2
162 246
1 9 2
269 491
1 15 2
16 37
1 10 2
148 336
1 4 2
351 414
1 5 2
221 231
1 4 2
7 394
1 5 2
62 351
1 6 2
215 493
1 9 2
76 149
1 6 2
44 410
1 6 2
360 397
1 2 2
209 303
1 12 2
327 359
1 13 2
103 433
1 4 2
211 269
1 14 2
146 469
1 13 2
25 152
1 4 2
85 405
1 7 2
162 496
1 10 2
135 147
1 10 2
64 207
1 10 2
162 483
1 8 2
65 175
1 14 2
392 435
1 14 2
46 81
1 11 2
110 481
1 14 2
394 478
1 14 2
391 443
1 13 2
226 493
1 2 2
172 317
1 2 2
132 233
1 5 2
166 245
1 4 2
85 187
1 9 2
70 76
1 2 2
120 376
1 13 2
359 373
1 5 2
346 482
1 5 2
333 407
1 11 2
17 282
1 12 2
9 46
1 5 2
156 451
1 13 2
144 155
1 14 2
103 381
1 7 2
182 334
1 12 2
258 420
1 6 2
169 309
1 7 2
21 158
1 5 2
299 466
1 2 2
58 394
1 6 2
267 334
1 13 2
186 269
1 12 2
151 344
1 5 2
386 478
1 2 2
122 460
1 7 2
31 396
1 8 2
165 428
1 10 2
370 489
1 7 2
136 214
1 13 2
89 367
1 10 2
207 335
1 2 2
206 305
1 5 2
209 269
1 15 2
11 40
1 3 2
216 238
1 9 2
334 408
1 2 2
237 283
1 9 2
96 493
1 6 2
303 322
1 14 2
329 489
1 8 2
91 472
1 11 2
116 429
1 2 2
20 310
1 5 2
24 144
1 11 2
359 413
1 10 2
31 358
1 11 2
132 323
1 15 2
98 291
1 11 2
163 495
1 2 2
161 481
1 3 2
138 227
1 6 2
274 461
1 2 2
349 421
1 7 2
264 288
1 7 2
220 256
1 7 2
206 281
1 3 2
13 419
1 13 2
191 278
1 7 2
320 489
1 11 2
314 437
1 8 2
295 399
1 5 2
7 76
1 4 2
97 360
1 8 2
118 351
1 15 2
154 278
1 2 2
37 177
1 15 2
403 468
1 3 2
137 369
1 8 2
238 450
1 15 2
98 407
1 9 2
179 477
1 11 2
23 404
1 15 2
60 326
1 15 2
233 401
1 12 2
104 163
1 12 2
463 473
1 16 2
333 342
1 6 2
349 473
1 19 2
484 495
1 5 2
42 356
1 6 2
170 287
1 12 2
116 182
1 8 2
242 390
1 17 2
59 150
1 12 2
8 251
1 14 2
173 491
1 25 2
136 146
1 16 2
126 214
1 6 2
29 285
1 16 2
109 251
1 17 2
237 477
1 23 2
196 279
1 17 2
133 460
1 9 2
145 444
1 19 2
17 193
1 26 2
78 398
1 16 2
226 441
