500 2963 2500
6 15 20 9 23 7 19 24 19 16 20 24 6 10 25 11 24 14 18 18 6 18 21 15 20 14 9 22 25 20 23 19 24 8 6 8 25 9 8 19 10 10 8 21 9 17 11 11 24 10 19 17 5 23 19 23 15 5 7 20 12 23 23 11 20 12 6 19 11 25 12 20 9 18 16 22 11 19 16 14 23 21 9 10 23 19 22 20 8 18 24 10 16 20 23 15 25 19 9 24 13 13 6 16 8 25 22 22 7 24 13 25 7 23 20 12 6 19 11 10 11 17 20 23 10 23 16 13 7 5 14 18 19 14 21 21 21 23 18 20 14 22 25 9 22 23 8 8 19 24 16 24 17 12 12 11 20 17 7 13 14 14 19 16 15 7 11 16 18 6 12 14 13 17 11 18 18 19 18 6 11 14 6 11 10 13 5 17 25 5 12 20 25 20 11 23 21 9 13 20 16 11 10 12 9 12 10 20 11 24 23 11 14 20 16 22 25 23 10 13 23 25 21 22 10 8 16 9 24 8 10 7 16 6 23 20 21 7 10 25 10 12 14 8 18 11 23 17 5 14 6 14 7 20 12 14 9 8 8 21 10 7 15 25 9 16 7 21 17 20 6 5 17 11 18 24 9 19 7 19 16 15 24 20 5 16 8 21 13 24 6 15 17 11 17 15 13 12 12 11 24 18 11 13 14 16 10 21 17 16 12 13 10 14 17 16 13 19 19 22 13 14 18 24 22 23 6 22 19 14 14 22 23 19 25 12 13 12 8 15 12 24 5 5 23 8 13 14 6 21 20 17 21 9 19 11 12 12 5 19 25 12 8 19 12 25 17 5 6 8 15 8 9 7 25 21 24 21 24 25 14 7 6 18 14 13 18 15 23 12 8 23 7 24 20 23 9 8 6 20 5 24 12 19 13 21 17 20 25 25 23 19 18 17 10 11 8 23 14 16 8 23 21 25 20 20 16 17 21 21 5 12 7 9 9 6 24 22 10 6 10 24 25 7 15 23 11 13 10 14 23 13 23 6 16 10 15 13 12 8 20 22 9 10 19 20 18 16 8 12 18 18 6 19 22 21 11 20 9 23 25 22 16 22 20 21 6 8 23 25 6 8 20 20 21 11 7 16 18 8
3 19 5 7 20 7 9 10 10 13 6 6 15 14 5 19 14 16 3 19 11 14 10 17 16 12 17 20 3 18 11 9 10 8 6 19 20 3 9 9 19 17 8 20 11 10 14 11 3 3 7 6 13 4 9 11 11 8 19 11 10 19 3 16 7 14 19 20 15 18 5 15 5 12 3 14 4 9 16 17 11 15 12 12 13 18 12 14 16 9 3 11 9 4 9 8 3 20 7 14 10 14 11 15 3 12 19 5 18 20 6 8 6 9 3 6 20 20 20 9 12 9 19 5 19 15 20 12 13 8 16 15 6 5 12 19 19 16 8 9 3 8 17 6 12 10 13 20 14 3 14 10 7 3 7 6 17 18 14 11 17 7 13 4 9 12 7 4 4 20 5 14 7 12 14 9 17 5 13 13 20 14 20 14 16 15 4 7 3 13 8 6 15 18 15 12 20 6 16 8 16 6 10 3 11 8 15 16 6 12 6 16 10 13 19 5 4 5 6 20 12 3 3 5 3 3 14 16 13 3 5 15 15 13 5 12 9 6 5 7 4 15 16 15 20 5 20 16 3 11 9 3 3 3 4 3 17 9 15 7 14 12 16 7 12 19 12 17 15 11 17 6 17 3 4 5 5 7 19 17 15 4 16 10 4 17 7 19 5 9 15 7 6 7 20 4 8 16 19 9 11 3 19 17 20 15 17 5 15 11 6 14 14 5 6 20 10 9 15 4 20 10 19 16 15 7 14 10 5 7 5 14 5 5 20 6 6 7 12 17 5 9 13 20 19 16 20 6 12 9 20 4 10 17 19 9 7 17 13 3 16 10 12 17 16 17 3 4 7 15 9 13 17 18 6 4 5 13 8 6 12 5 15 5 7 17 13 3 13 8 7 13 4 13 16 4 20 18 12 3 10 14 17 13 12 12 4 12 4 8 12 3 16 18 7 8 15 4 17 3 12 9 18 12 7 6 12 20 3 14 15 15 9 17 5 17 17 13 11 15 19 17 12 3 20 5 14 13 4 8 8 3 7 5 20 5 15 12 7 7 11 19 8 15 7 14 5 14 11 14 17 15 3 7 8 15 3 5 9 17 16 14 7 3 7 3 4 4 8 7 10 12 10 18 18 16 3 11 15 20
1 6 2
81 364
1 13 2
58 130
1 8 2
58 126
1 13 2
94 330
1 4 2
257 386
1 8 2
354 429
1 7 2
415 444
1 9 2
3 139
1 15 2
127 168
1 12 2
53 473
1 3 2
77 348
1 15 2
331 466
1 11 2
199 388
1 11 2
88 115
1 3 2
89 201
1 7 2
18 284
1 7 2
433 447
1 15 2
252 290
1 3 2
3 118
1 2 2
42 270
1 3 2
281 415
1 3 2
123 268
1 11 2
214 318
1 12 2
252 433
1 3 2
104 260
1 14 2
93 239
1 14 2
28 111
1 9 2
232 323
1 14 2
248 310
1 4 2
127 300
1 11 2
181 320
1 15 2
169 430
1 4 2
361 441
1 4 2
195 418
1 10 2
351 384
1 7 2
238 382
1 12 2
153 210
1 9 2
149 331
1 4 2
143 488
1 12 2
320 367
1 9 2
65 320
1 4 2
43 49
1 8 2
114 269
1 9 2
358 422
1 11 2
86 246
1 7 2
463 490
1 10 2
115 231
1 6 2
219 403
1 14 2
266 341
1 15 2
156 223
1 10 2
18 60
1 5 2
262 397
1 14 2
114 394
1 7 2
312 478
1 7 2
383 458
1 14 2
68 74
1 14 2
162 312
1 11 2
334 472
1 9 2
325 395
1 9 2
322 411
1 15 2
180 343
1 8 2
68 492
1 3 2
245 364
1 7 2
228 438
1 14 2
157 473
1 10 2
156 212
1 6 2
44 58
1 12 2
141 398
1 6 2
113 233
1 5 2
309 359
1 9 2
74 443
1 2 2
413 422
1 11 2
252 492
1 14 2
63 203
1 6 2
189 377
1 13 2
263 410
1 4 2
207 263
1 9 2
42 393
1 5 2
130 139
1 11 2
123 404
1 14 2
113 459
1 14 2
80 186
1 10 2
79 365
1 13 2
52 293
1 3 2
40 90
1 7 2
116 319
1 9 2
24 42
1 7 2
118 312
1 10 2
68 105
1 6 2
51 439
1 15 2
449 462
1 8 2
212 237
1 6 2
378 418
1 9 2
89 196
1 3 2
136 221
1 7 2
146 331
1 11 2
48 133
1 9 2
70 192
1 9 2
127 137
1 6 2
361 465
1 8 2
106 133
1 11 2
377 494
1 2 2
115 415
1 9 2
361 483
1 4 2
84 136
1 5 2
64 362
1 11 2
371 459
1 12 2
218 408
1 5 2
9 321
1 6 2
47 160
1 14 2
387 437
1 6 2
364 429
1 12 2
115 248
1 14 2
226 231
1 4 2
3 154
1 9 2
0 327
1 12 2
468 483
1 5 2
290 318
1 3 2
7 459
1 7 2
202 320
1 9 2
245 267
1 14 2
122 425
1 3 2
373 400
1 2 2
94 133
1 2 2
389 462
1 13 2
326 482
1 2 2
30 100
1 6 2
237 368
1 7 2
262 308
1 11 2
174 473
1 12 2
274 429
1 12 2
78 140
1 9 2
192 292
1 15 2
118 197
1 11 2
272 431
1 14 2
356 454
1 13 2
8 297
1 6 2
333 462
1 3 2
32 208
1 14 2
154 157
1 7 2
251 488
1 15 2
308 391
1 13 2
113 200
1 15 2
215 476
1 9 2
245 349
1 15 2
251 384
1 14 2
287 327
1 2 2
155 325
1 12 2
205 212
1 13 2
175 346
1 10 2
135 344
1 13 2
133 234
1 2 2
2 321
1 2 2
484 490
1 3 2
397 464
1 5 2
258 276
1 13 2
38 101
1 3 2
7 460
1 3 2
119 415
1 4 2
8 355
1 2 2
298 412
1 9 2
24 481
1 5 2
94 494
1 3 2
459 484
1 10 2
358 395
1 6 2
330 431
1 2 2
55 56
1 2 2
219 322
1 7 2
39 131
1 12 2
54 304
1 3 2
54 241
1 3 2
378 419
1 9 2
330 440
1 15 2
17 421
1 11 2
43 141
1 8 2
11 180
1 11 2
119 280
1 5 2
358 464
1 12 2
278 310
1 4 2
214 414
1 6 2
46 78
1 4 2
167 423
1 9 2
429 441
1 11 2
5 272
1 7 2
18 196
1 4 2
108 116
1 13 2
251 395
1 5 2
178 185
1 11 2
14 440
1 7 2
87 448
1 9 2
84 155
1 7 2
117 179
1 2 2
158 428
1 8 2
196 455
1 5 2
67 449
1 6 2
225 477
1 5 2
356 450
1 7 2
382 432
1 14 2
119 240
1 2 2
243 412
1 15 2
296 450
1 4 2
44 298
1 12 2
241 456
1 3 2
121 177
1 11 2
170 268
1 12 2
27 276
1 12 2
323 384
1 3 2
0 496
1 9 2
111 405
1 4 2
284 327
1 4 2
81 483
1 15 2
328 376
1 12 2
259 445
1 6 2
124 415
1 7 2
12 473
1 3 2
181 206
1 6 2
247 252
1 8 2
32 401
1 10 2
44 455
1 6 2
228 341
1 8 2
339 498
1 2 2
9 239
1 13 2
154 487
1 7 2
173 353
1 9 2
383 486
1 11 2
424 449
1 9 2
292 293
1 11 2
64 343
1 14 2
168 362
1 12 2
135 460
1 13 2
19 30
1 14 2
47 279
1 9 2
194 291
1 14 2
490 496
1 6 2
106 122
1 14 2
122 320
1 15 2
119 387
1 8 2
208 338
1 8 2
285 381
1 7 2
63 419
1 11 2
158 357
1 14 2
340 370
1 4 2
189 398
1 3 2
342 447
1 2 2
12 79
1 10 2
65 360
1 10 2
328 498
1 6 2
169 237
1 12 2
129 165
1 5 2
42 396
1 14 2
269 486
1 11 2
108 463
1 6 2
186 442
1 5 2
328 437
1 11 2
190 243
1 4 2
326 460
1 7 2
199 236
1 13 2
218 258
1 7 2
238 390
1 8 2
89 390
1 5 2
166 378
1 14 2
279 306
1 13 2
259 411
1 4 2
261 423
1 3 2
220 278
1 5 2
162 195
1 12 2
103 139
1 11 2
285 499
1 9 2
60 482
1 7 2
197 286
1 3 2
20 277
1 9 2
41 51
1 2 2
74 349
1 10 2
405 477
1 7 2
231 316
1 13 2
117 167
1 15 2
158 436
1 15 2
155 218
1 14 2
78 118
1 11 2
261 479
1 12 2
152 206
1 5 2
57 350
1 6 2
28 366
1 15 2
178 205
1 10 2
330 399
1 9 2
55 265
1 14 2
431 499
1 13 2
25 185
1 15 2
16 131
1 12 2
25 238
1 8 2
86 291
1 3 2
1 463
1 13 2
103 296
1 15 2
96 238
1 11 2
130 249
1 6 2
235 376
1 9 2
23 93
1 10 2
335 401
1 11 2
67 200
1 14 2
78 265
1 8 2
201 259
1 11 2
352 396
1 10 2
127 396
1 2 2
68 409
1 8 2
382 417
1 7 2
5 384
1 12 2
189 349
1 3 2
2 393
1 8 2
6 455
1 11 2
29 174
1 7 2
170 240
1 6 2
9 161
1 2 2
8 247
1 11 2
115 300
1 14 2
173 234
1 10 2
298 433
1 10 2
111 130
1 13 2
395 399
1 13 2
218 375
1 13 2
5 470
1 10 2
197 319
1 5 2
60 247
1 4 2
216 418
1 15 2
135 176
1 9 2
254 465
1 2 2
386 400
1 10 2
20 155
1 15 2
231 486
1 10 2
266 375
1 15 2
158 254
1 15 2
178 373
1 11 2
14 431
1 12 2
143 387
1 6 2
460 495
1 5 2
267 284
1 3 2
190 458
1 7 2
29 354
1 8 2
23 437
1 11 2
280 466
1 3 2
131 330
1 10 2
53 229
1 6 2
184 377
1 9 2
33 104
1 15 2
20 149
1 7 2
83 126
1 3 2
266 362
1 15 2
263 469
1 3 2
192 336
1 11 2
85 225
1 13 2
174 331
1 12 2
270 475
1 8 2
373 477
1 4 2
274 275
1 8 2
404 432
1 15 2
291 306
1 11 2
292 309
1 10 2
139 221
1 15 2
181 221
1 10 2
331 335
1 8 2
122 201
1 6 2
9 167
1 3 2
81 231
1 15 2
171 264
1 10 2
263 265
1 12 2
189 256
1 14 2
26 338
1 15 2
147 239
1 11 2
256 370
1 15 2
181 190
1 14 2
10 450
1 6 2
313 407
1 14 2
169 196
1 3 2
52 115
1 3 2
216 309
1 11 2
114 173
1 15 2
281 367
1 14 2
58 235
1 6 2
387 475
1 11 2
32 301
1 4 2
159 360
1 2 2
469 492
1 13 2
28 306
1 4 2
334 424
1 15 2
177 453
1 14 2
63 166
1 7 2
53 452
1 2 2
178 369
1 9 2
176 239
1 15 2
287 368
1 2 2
344 368
1 2 2
228 250
1 2 2
258 274
1 13 2
381 487
1 4 2
379 393
1 7 2
5 408
1 11 2
133 181
1 13 2
257 298
1 13 2
224 392
1 7 2
223 449
1 5 2
77 291
1 5 2
180 330
1 11 2
17 411
1 15 2
70 459
1 15 2
133 236
1 15 2
326 479
1 8 2
195 454
1 15 2
44 200
1 4 2
152 377
1 4 2
274 303
1 7 2
168 346
1 6 2
345 476
1 9 2
220 429
1 3 2
313 450
1 8 2
354 461
1 7 2
66 141
1 15 2
223 341
1 13 2
208 386
1 2 2
239 416
1 9 2
180 289
1 15 2
94 137
1 7 2
304 390
1 2 2
172 475
1 2 2
39 469
1 2 2
132 467
1 3 2
56 276
1 6 2
459 470
1 6 2
282 491
1 2 2
105 466
1 3 2
257 271
1 10 2
11 337
1 14 2
27 137
1 7 2
180 213
1 8 2
206 303
1 7 2
348 431
1 15 2
51 306
1 3 2
79 412
1 12 2
222 286
1 7 2
131 308
1 14 2
470 480
1 14 2
104 418
1 14 2
1 87
1 6 2
45 399
1 4 2
35 429
1 7 2
4 135
1 14 2
229 240
1 5 2
37 474
1 4 2
52 433
1 15 2
52 323
1 2 2
197 438
1 9 2
260 423
1 5 2
298 453
1 14 2
129 440
1 13 2
152 395
1 12 2
342 392
1 5 2
278 458
1 15 2
220 244
1 2 2
431 497
1 2 2
106 237
1 11 2
54 56
1 10 2
302 458
1 14 2
306 498
1 3 2
146 293
1 3 2
104 408
1 11 2
8 320
1 6 2
303 340
1 8 2
238 385
1 10 2
196 402
1 5 2
20 433
1 5 2
372 381
1 5 2
434 479
1 12 2
181 439
1 6 2
194 306
1 15 2
15 125
1 4 2
129 241
1 9 2
258 348
1 4 2
362 386
1 2 2
14 385
1 10 2
246 473
1 5 2
51 110
1 15 2
219 339
1 6 2
129 399
1 9 2
45 81
1 10 2
233 490
1 2 2
301 362
1 9 2
54 339
1 9 2
290 367
1 12 2
70 420
1 11 2
463 495
1 8 2
32 364
1 15 2
358 362
1 13 2
364 463
1 5 2
46 421
1 13 2
341 461
1 13 2
41 168
1 14 2
332 497
1 12 2
14 361
1 15 2
360 482
1 2 2
214 316
1 13 2
204 316
1 12 2
40 371
1 3 2
316 370
1 15 2
146 312
1 9 2
180 335
1 6 2
298 391
1 5 2
71 78
1 13 2
114 286
1 3 2
192 301
1 6 2
57 183
1 13 2
84 391
1 5 2
234 440
1 4 2
184 296
1 13 2
349 401
1 7 2
115 148
1 7 2
44 464
1 13 2
81 482
1 8 2
81 419
1 4 2
253 391
1 2 2
78 215
1 12 2
59 432
1 6 2
358 364
1 4 2
185 211
1 15 2
338 390
1 4 2
240 392
1 9 2
199 420
1 10 2
236 445
1 6 2
201 217
1 7 2
267 355
1 6 2
245 281
1 10 2
369 424
1 10 2
165 224
1 10 2
116 407
1 15 2
98 177
1 9 2
178 487
1 2 2
45 402
1 14 2
153 495
1 4 2
117 302
1 6 2
109 286
1 13 2
192 475
1 14 2
296 412
1 14 2
269 355
1 15 2
40 223
1 7 2
187 456
1 14 2
63 272
1 12 2
200 214
1 4 2
147 397
1 3 2
279 394
1 2 2
136 498
1 2 2
111 385
1 14 2
14 296
1 8 2
183 417
1 3 2
133 371
1 10 2
209 286
1 2 2
165 488
1 13 2
143 443
1 7 2
145 285
1 6 2
68 256
1 15 2
83 337
1 4 2
237 443
1 7 2
222 487
1 7 2
77 325
1 12 2
310 378
1 12 2
130 189
1 10 2
311 422
1 4 2
191 194
1 12 2
236 264
1 13 2
45 137
1 11 2
198 342
1 12 2
50 95
1 7 2
83 412
1 9 2
164 311
1 5 2
165 242
1 4 2
95 348
1 5 2
261 382
1 9 2
45 444
1 15 2
376 400
1 10 2
268 481
1 10 2
64 242
1 10 2
322 472
1 11 2
62 239
1 3 2
241 387
1 11 2
301 447
1 9 2
360 455
1 5 2
148 222
1 9 2
110 354
1 8 2
109 186
1 11 2
287 462
1 11 2
188 234
1 13 2
277 427
1 3 2
209 375
1 2 2
335 474
1 13 2
297 430
1 3 2
107 149
1 7 2
187 391
1 15 2
230 484
1 13 2
90 202
1 3 2
177 300
1 8 2
211 303
1 10 2
99 332
1 6 2
106 149
1 4 2
486 499
1 11 2
57 114
1 9 2
318 398
1 3 2
164 422
1 5 2
68 245
1 4 2
173 318
1 13 2
75 322
1 14 2
20 385
1 11 2
46 132
1 12 2
126 414
1 2 2
134 392
1 4 2
205 230
1 5 2
138 350
1 10 2
319 422
1 5 2
60 95
1 14 2
63 171
1 8 2
14 446
1 9 2
184 472
1 2 2
153 454
1 6 2
466 483
1 9 2
297 349
1 7 2
51 278
1 7 2
229 345
1 6 2
218 492
1 4 2
28 188
1 15 2
226 289
1 15 2
58 335
1 4 2
179 252
1 12 2
41 118
1 4 2
232 247
1 4 2
133 438
1 4 2
103 223
1 8 2
48 146
1 5 2
146 484
1 4 2
70 404
1 14 2
116 245
1 3 2
428 461
1 14 2
205 439
1 5 2
132 265
1 8 2
373 460
1 6 2
41 416
1 2 2
274 315
1 4 2
10 24
1 6 2
37 386
1 2 2
343 396
1 11 2
169 193
1 10 2
101 215
1 11 2
231 247
1 8 2
84 295
1 12 2
229 305
1 6 2
277 368
1 13 2
354 478
1 13 2
138 223
1 11 2
162 365
1 11 2
239 453
1 5 2
24 422
1 5 2
79 140
1 6 2
120 189
1 4 2
47 126
1 14 2
164 280
1 9 2
3 201
1 11 2
9 477
1 7 2
109 194
1 11 2
310 494
1 2 2
52 139
1 6 2
234 287
1 2 2
448 459
1 4 2
49 81
1 11 2
171 469
1 7 2
31 215
1 2 2
90 443
1 14 2
57 486
1 7 2
100 273
1 14 2
105 460
1 8 2
211 456
1 15 2
18 93
1 12 2
347 457
1 9 2
116 174
1 6 2
295 404
1 11 2
157 412
1 13 2
8 436
1 12 2
195 296
1 10 2
48 494
1 14 2
180 230
1 11 2
261 309
1 2 2
226 240
1 7 2
144 226
1 6 2
412 489
1 6 2
23 450
1 9 2
276 420
1 11 2
40 336
1 8 2
245 351
1 14 2
442 449
1 6 2
329 369
1 12 2
4 404
1 4 2
33 370
1 9 2
147 443
1 2 2
71 112
1 15 2
391 417
1 2 2
95 282
1 3 2
61 147
1 7 2
215 330
1 11 2
290 455
1 8 2
59 188
1 6 2
200 455
1 4 2
151 287
1 13 2
215 293
1 6 2
16 186
1 10 2
145 235
1 5 2
169 364
1 3 2
1 81
1 3 2
287 334
1 15 2
128 364
1 10 2
51 297
1 10 2
215 292
1 5 2
200 246
1 4 2
93 131
1 3 2
2 37
1 8 2
121 203
1 12 2
182 202
1 8 2
218 497
1 15 2
84 259
1 3 2
37 274
1 15 2
40 265
1 8 2
238 261
1 13 2
49 179
1 12 2
479 486
1 13 2
200 217
1 13 2
228 306
1 7 2
121 408
1 11 2
33 264
1 12 2
471 473
1 6 2
94 484
1 8 2
138 236
1 2 2
46 325
1 14 2
459 495
1 14 2
45 477
1 11 2
407 434
1 10 2
138 488
1 5 2
0 218
1 4 2
89 101
1 12 2
322 498
1 2 2
368 403
1 2 2
266 358
1 2 2
351 468
1 15 2
111 340
1 10 2
184 221
1 12 2
169 248
1 14 2
217 265
1 4 2
267 343
1 10 2
75 172
1 13 2
147 269
1 13 2
244 249
1 7 2
281 289
1 14 2
168 255
1 12 2
203 262
1 13 2
142 436
1 9 2
126 129
1 4 2
286 485
1 15 2
206 271
1 7 2
140 192
1 4 2
106 277
1 10 2
129 329
1 12 2
275 489
1 10 2
313 361
1 12 2
117 491
1 11 2
49 412
1 3 2
196 312
1 5 2
34 226
1 2 2
283 424
1 14 2
349 353
1 10 2
183 491
1 11 2
12 146
1 11 2
122 392
1 2 2
446 476
1 4 2
388 411
1 3 2
2 482
1 6 2
70 108
1 6 2
242 244
1 15 2
193 393
1 14 2
243 268
1 5 2
13 174
1 8 2
113 178
1 5 2
331 415
1 2 2
147 450
1 7 2
13 220
1 11 2
220 405
1 14 2
333 357
1 12 2
130 427
1 12 2
1 464
1 3 2
354 396
1 2 2
274 454
1 8 2
35 278
1 11 2
281 299
1 5 2
2 228
1 8 2
156 321
1 2 2
228 309
1 3 2
214 376
1 7 2
174 371
1 14 2
31 174
1 5 2
165 229
1 13 2
427 459
1 12 2
347 429
1 2 2
300 307
1 4 2
328 475
1 4 2
337 394
1 13 2
32 269
1 7 2
160 479
1 15 2
162 346
1 3 2
263 489
1 7 2
183 301
1 9 2
55 239
1 14 2
163 494
1 12 2
0 280
1 15 2
54 234
1 13 2
144 159
1 15 2
36 497
1 9 2
35 378
1 4 2
270 296
1 10 2
304 368
1 8 2
290 486
1 12 2
112 167
1 7 2
247 331
1 4 2
41 100
1 9 2
33 448
1 11 2
101 204
1 2 2
147 286
1 2 2
5 125
1 5 2
28 332
1 6 2
44 253
1 2 2
169 267
1 4 2
9 142
1 2 2
211 304
1 8 2
36 77
1 9 2
85 343
1 4 2
147 348
1 4 2
87 112
1 8 2
294 457
1 4 2
79 258
1 12 2
107 463
1 5 2
55 324
1 5 2
169 266
1 12 2
26 46
1 13 2
26 386
1 15 2
312 470
1 3 2
152 279
1 10 2
78 411
1 12 2
161 340
1 10 2
321 469
1 14 2
166 462
1 13 2
108 363
1 13 2
376 390
1 14 2
277 399
1 4 2
235 348
1 11 2
27 253
1 7 2
72 313
1 9 2
24 391
1 14 2
59 135
1 11 2
345 428
1 12 2
154 156
1 3 2
311 469
1 11 2
23 282
1 4 2
158 343
1 3 2
234 404
1 4 2
312 404
1 12 2
215 217
1 7 2
13 152
1 4 2
444 485
1 13 2
148 469
1 5 2
229 256
1 8 2
72 280
1 10 2
467 495
1 5 2
56 306
1 8 2
284 383
1 5 2
132 416
1 10 2
16 161
1 15 2
39 373
1 2 2
78 241
1 10 2
274 478
1 3 2
275 456
1 14 2
367 486
1 3 2
60 136
1 4 2
70 271
1 14 2
74 314
1 2 2
302 369
1 10 2
315 410
1 11 2
362 473
1 13 2
330 415
1 12 2
379 465
1 14 2
301 464
1 13 2
218 314
1 3 2
172 200
1 8 2
283 314
1 9 2
208 284
1 2 2
87 215
1 5 2
198 267
1 5 2
125 393
1 10 2
56 213
1 6 2
32 78
1 8 2
116 232
1 7 2
285 393
1 14 2
377 474
1 14 2
64 410
1 4 2
351 392
1 2 2
188 346
1 7 2
78 177
1 14 2
165 431
1 8 2
10 159
1 8 2
464 479
1 9 2
52 196
1 7 2
69 265
1 13 2
102 294
1 5 2
197 406
1 14 2
216 320
1 14 2
145 392
1 5 2
270 283
1 7 2
61 132
1 12 2
26 230
1 8 2
38 322
1 8 2
369 455
1 3 2
237 280
1 7 2
263 427
1 12 2
48 91
1 15 2
343 412
1 5 2
73 475
1 4 2
39 409
1 15 2
106 308
1 8 2
285 371
1 13 2
156 187
1 12 2
197 404
1 4 2
142 190
1 5 2
306 386
1 12 2
98 335
1 7 2
296 378
1 13 2
218 490
1 11 2
147 303
1 10 2
63 177
1 4 2
152 392
1 8 2
90 137
1 8 2
169 488
1 10 2
165 427
1 11 2
73 93
1 9 2
90 411
1 4 2
64 452
1 8 2
350 474
1 11 2
384 497
1 14 2
364 383
1 14 2
400 426
1 6 2
9 267
1 10 2
83 344
1 4 2
56 112
1 10 2
60 250
1 10 2
13 439
1 11 2
83 361
1 3 2
441 454
1 5 2
97 224
1 2 2
57 261
1 3 2
318 337
1 4 2
192 307
1 2 2
37 481
1 6 2
156 339
1 15 2
414 446
1 3 2
161 374
1 11 2
98 368
1 12 2
98 456
1 10 2
425 477
1 10 2
17 399
1 11 2
43 390
1 8 2
372 438
1 14 2
76 431
1 3 2
244 268
1 4 2
9 322
1 6 2
57 129
1 14 2
7 396
1 12 2
61 408
1 6 2
97 226
1 4 2
87 425
1 9 2
414 469
1 10 2
122 496
1 5 2
128 251
1 7 2
109 164
1 7 2
128 225
1 14 2
72 318
1 14 2
143 423
1 7 2
93 498
1 9 2
53 178
1 10 2
137 432
1 5 2
235 349
1 12 2
8 73
1 4 2
22 110
1 4 2
158 204
1 12 2
63 132
1 8 2
161 402
1 6 2
210 348
1 6 2
257 308
1 2 2
15 185
1 9 2
39 165
1 4 2
261 451
1 5 2
54 363
1 7 2
145 343
1 6 2
120 163
1 13 2
337 458
1 12 2
372 445
1 10 2
357 372
1 9 2
155 166
1 12 2
141 193
1 5 2
33 277
1 14 2
17 20
1 7 2
55 71
1 12 2
213 279
1 14 2
139 354
1 6 2
216 487
1 6 2
133 323
1 13 2
31 309
1 10 2
27 407
1 14 2
185 265
1 4 2
79 414
1 4 2
422 429
1 14 2
213 231
1 5 2
179 264
1 13 2
47 168
1 15 2
39 374
1 12 2
11 320
1 14 2
62 480
1 5 2
76 446
1 7 2
246 261
1 15 2
263 306
1 4 2
200 354
1 4 2
332 351
1 6 2
28 301
1 10 2
124 170
1 3 2
94 396
1 8 2
31 244
1 14 2
325 491
1 9 2
185 253
1 9 2
120 376
1 13 2
302 417
1 9 2
94 217
1 5 2
144 262
1 3 2
57 130
1 14 2
93 266
1 14 2
122 473
1 5 2
201 485
1 9 2
267 382
1 4 2
132 249
1 9 2
148 480
1 8 2
92 257
1 15 2
124 134
1 14 2
113 278
1 3 2
197 352
1 13 2
298 490
1 4 2
320 373
1 15 2
388 428
1 7 2
47 334
1 14 2
274 444
1 5 2
104 268
1 3 2
85 290
1 3 2
175 219
1 12 2
115 203
1 12 2
302 315
1 6 2
149 366
1 2 2
484 499
1 5 2
266 418
1 7 2
86 344
1 4 2
30 172
1 9 2
27 133
1 15 2
237 242
1 14 2
116 400
1 11 2
25 421
1 8 2
24 479
1 4 2
281 407
1 12 2
252 317
1 9 2
72 408
1 15 2
176 494
1 2 2
274 340
1 10 2
155 168
1 3 2
132 236
1 8 2
147 264
1 7 2
66 436
1 11 2
241 427
1 9 2
53 168
1 14 2
305 401
1 7 2
70 389
1 8 2
273 439
1 6 2
287 421
1 14 2
309 407
1 5 2
62 399
1 8 2
66 176
1 3 2
173 297
1 12 2
404 446
1 14 2
298 434
1 6 2
20 418
1 14 2
60 135
1 2 2
193 489
1 2 2
270 481
1 15 2
160 246
1 6 2
154 338
1 15 2
6 79
1 8 2
40 369
1 3 2
436 490
1 11 2
214 270
1 11 2
146 256
1 15 2
289 342
1 8 2
155 451
1 9 2
66 185
1 3 2
9 366
1 13 2
318 376
1 15 2
141 252
1 3 2
90 217
1 4 2
224 487
1 3 2
103 429
1 15 2
134 185
1 4 2
255 482
1 5 2
75 236
1 13 2
148 439
1 7 2
170 497
1 2 2
224 345
1 7 2
169 368
1 2 2
309 316
1 5 2
333 408
1 10 2
137 249
1 12 2
163 274
1 3 2
56 407
1 14 2
410 431
1 6 2
99 112
1 7 2
374 464
1 3 2
126 412
1 6 2
361 456
1 15 2
136 179
1 7 2
148 152
1 2 2
419 499
1 3 2
81 209
1 9 2
296 473
1 7 2
182 491
1 11 2
210 272
1 2 2
42 395
1 4 2
80 460
1 14 2
218 407
1 9 2
205 213
1 14 2
300 448
1 6 2
146 212
1 14 2
415 487
1 9 2
32 464
1 13 2
311 486
1 10 2
203 477
1 4 2
348 428
1 11 2
446 471
1 9 2
88 373
1 15 2
25 73
1 4 2
188 413
1 5 2
170 425
1 3 2
223 234
1 3 2
102 483
1 15 2
287 418
1 14 2
20 366
1 10 2
231 270
1 2 2
100 129
1 12 2
182 362
1 6 2
29 214
1 5 2
292 438
1 12 2
127 161
1 5 2
103 345
1 2 2
340 490
1 8 2
350 393
1 13 2
186 313
1 6 2
226 335
1 11 2
132 405
1 9 2
373 499
1 10 2
403 442
1 4 2
355 436
1 10 2
113 181
1 8 2
124 201
1 15 2
75 399
1 2 2
54 193
1 11 2
118 435
1 3 2
29 94
1 2 2
24 386
1 10 2
105 387
1 9 2
425 468
1 9 2
236 350
1 6 2
151 487
1 5 2
157 208
1 10 2
130 248
1 10 2
266 322
1 7 2
59 422
1 5 2
6 12
1 12 2
40 181
1 5 2
62 417
1 5 2
315 366
1 15 2
206 433
1 3 2
304 326
1 13 2
175 194
1 2 2
17 117
1 3 2
65 370
1 14 2
141 351
1 2 2
62 127
1 6 2
183 188
1 4 2
93 155
1 7 2
236 357
1 5 2
2 36
1 8 2
183 375
1 10 2
32 481
1 15 2
22 194
1 3 2
184 270
1 12 2
410 488
1 6 2
124 405
1 14 2
271 273
1 10 2
184 400
1 2 2
241 491
1 2 2
54 442
1 5 2
38 259
1 5 2
0 431
1 3 2
188 410
1 9 2
192 378
1 8 2
119 307
1 12 2
160 483
1 11 2
321 470
1 7 2
429 468
1 4 2
235 488
1 7 2
405 494
1 10 2
104 193
1 3 2
183 331
1 4 2
14 193
1 14 2
46 190
1 4 2
220 268
1 13 2
106 469
1 9 2
118 148
1 5 2
362 484
1 8 2
164 333
1 10 2
399 423
1 11 2
217 465
1 12 2
187 430
1 5 2
167 437
1 10 2
327 408
1 12 2
197 198
1 15 2
114 306
1 8 2
150 495
1 2 2
61 380
1 2 2
45 141
1 15 2
45 246
1 11 2
78 143
1 7 2
110 296
1 10 2
115 311
1 3 2
47 466
1 13 2
381 383
1 14 2
44 403
1 7 2
281 328
1 8 2
98 276
1 3 2
84 158
1 8 2
56 492
1 10 2
44 251
1 10 2
293 479
1 9 2
411 478
1 4 2
81 395
1 9 2
191 263
1 12 2
121 285
1 13 2
366 496
1 4 2
13 391
1 9 2
104 372
1 6 2
176 458
1 14 2
93 216
1 10 2
183 295
1 4 2
246 316
1 6 2
273 363
1 8 2
229 446
1 8 2
51 335
1 4 2
134 235
1 12 2
307 491
1 3 2
197 247
1 8 2
36 175
1 2 2
98 301
1 12 2
17 107
1 5 2
307 451
1 6 2
104 342
1 8 2
15 484
1 5 2
21 214
1 15 2
245 420
1 2 2
30 38
1 5 2
0 42
1 6 2
143 266
1 4 2
222 339
1 14 2
9 77
1 11 2
51 68
1 4 2
165 304
1 4 2
202 367
1 14 2
144 196
1 14 2
151 250
1 9 2
258 321
1 2 2
324 376
1 10 2
64 352
1 4 2
48 107
1 11 2
101 359
1 12 2
216 277
1 7 2
455 462
1 14 2
39 415
1 11 2
102 112
1 13 2
119 181
1 3 2
85 498
1 7 2
79 280
1 2 2
24 192
1 13 2
20 348
1 3 2
181 240
1 12 2
248 262
1 10 2
465 485
1 14 2
368 392
1 2 2
273 274
1 13 2
238 242
1 4 2
138 434
1 5 2
168 189
1 2 2
38 243
1 10 2
60 293
1 13 2
124 160
1 10 2
246 385
1 4 2
369 441
1 6 2
51 325
1 10 2
262 403
1 8 2
253 326
1 5 2
239 445
1 10 2
154 462
1 15 2
335 352
1 9 2
157 459
1 11 2
8 291
1 3 2
103 315
1 2 2
132 390
1 9 2
255 349
1 11 2
325 499
1 3 2
178 431
1 8 2
235 293
1 9 2
52 361
1 8 2
51 345
1 9 2
208 497
1 3 2
58 446
1 6 2
73 284
1 2 2
14 227
1 13 2
48 222
1 13 2
388 447
1 13 2
21 184
1 6 2
234 382
1 3 2
218 290
1 15 2
127 216
1 6 2
345 427
1 4 2
241 269
1 15 2
198 232
1 3 2
180 250
1 11 2
158 268
1 4 2
122 376
1 11 2
106 148
1 8 2
310 439
1 6 2
242 312
1 9 2
38 228
1 10 2
412 434
1 11 2
229 331
1 11 2
75 232
1 2 2
142 224
1 10 2
163 230
1 8 2
115 464
1 11 2
134 498
1 2 2
37 189
1 8 2
148 259
1 13 2
81 217
1 13 2
295 390
1 5 2
46 418
1 6 2
313 489
1 12 2
181 369
1 3 2
323 390
1 10 2
13 359
1 12 2
225 256
1 9 2
193 226
1 5 2
256 490
1 5 2
230 379
1 3 2
327 442
1 4 2
358 498
1 4 2
91 282
1 7 2
223 479
1 7 2
183 431
1 15 2
329 492
1 12 2
107 267
1 3 2
72 354
1 8 2
148 165
1 9 2
119 121
1 15 2
168 461
1 13 2
88 471
1 14 2
114 155
1 8 2
101 250
1 9 2
89 444
1 10 2
169 385
1 12 2
69 321
1 10 2
87 111
1 6 2
225 345
1 10 2
122 272
1 7 2
4 432
1 8 2
452 475
1 4 2
32 106
1 14 2
348 494
1 13 2
166 203
1 13 2
135 366
1 6 2
70 479
1 13 2
37 67
1 2 2
99 438
1 9 2
303 430
1 8 2
121 204
1 3 2
58 378
1 11 2
28 64
1 5 2
266 299
1 9 2
275 354
1 8 2
44 92
1 15 2
395 491
1 10 2
374 439
1 8 2
28 304
1 5 2
178 224
1 9 2
92 211
1 11 2
285 412
1 13 2
19 115
1 10 2
24 208
1 6 2
160 278
1 5 2
15 183
1 9 2
309 390
1 7 2
85 147
1 5 2
169 321
1 3 2
70 413
1 5 2
71 295
1 10 2
64 319
1 11 2
17 151
1 9 2
99 293
1 4 2
86 276
1 10 2
350 385
1 8 2
397 399
1 15 2
2 140
1 2 2
162 474
1 9 2
262 395
1 6 2
8 468
1 6 2
183 328
1 14 2
201 308
1 7 2
276 356
1 10 2
248 401
1 9 2
234 377
1 13 2
33 69
1 6 2
81 371
1 13 2
187 304
1 6 2
143 450
1 14 2
287 330
1 14 2
241 314
1 8 2
138 156
1 10 2
308 354
1 7 2
195 332
1 10 2
169 325
1 15 2
157 475
1 13 2
224 355
1 5 2
141 480
1 10 2
273 275
1 8 2
282 452
1 11 2
154 155
1 14 2
274 318
1 9 2
38 211
1 10 2
329 340
1 3 2
169 440
1 9 2
170 359
1 12 2
95 112
1 6 2
323 427
1 6 2
148 272
1 11 2
82 499
1 13 2
71 351
1 5 2
143 384
1 5 2
193 465
1 6 2
8 264
1 8 2
202 237
1 10 2
358 359
1 10 2
79 266
1 11 2
35 201
1 11 2
23 355
1 7 2
40 263
1 11 2
132 438
1 11 2
62 219
1 2 2
290 397
1 12 2
78 209
1 15 2
124 158
1 11 2
233 359
1 4 2
225 295
1 3 2
1 362
1 4 2
198 392
1 2 2
310 478
1 12 2
366 492
1 8 2
31 380
1 2 2
57 93
1 12 2
195 317
1 10 2
65 278
1 10 2
109 162
1 12 2
181 193
1 5 2
191 266
1 3 2
75 90
1 6 2
138 438
1 10 2
234 268
1 5 2
43 481
1 8 2
124 262
1 7 2
22 365
1 3 2
335 495
1 8 2
0 418
1 3 2
16 386
1 11 2
207 422
1 12 2
110 331
1 5 2
312 320
1 12 2
240 474
1 4 2
193 372
1 8 2
6 242
1 4 2
380 497
1 10 2
20 154
1 8 2
362 451
1 6 2
439 488
1 9 2
229 272
1 9 2
215 245
1 13 2
432 442
1 7 2
5 298
1 15 2
373 429
1 13 2
80 491
1 3 2
296 418
1 2 2
170 368
1 8 2
318 382
1 4 2
44 474
1 8 2
376 448
1 8 2
85 160
1 13 2
128 415
1 4 2
207 267
1 12 2
104 305
1 4 2
329 457
1 8 2
21 249
1 14 2
348 387
1 7 2
292 307
1 8 2
149 378
1 14 2
21 260
1 4 2
406 432
1 6 2
212 300
1 13 2
280 462
1 12 2
35 158
1 3 2
3 21
1 13 2
168 183
1 7 2
89 476
1 14 2
144 198
1 14 2
227 409
1 3 2
131 143
1 3 2
64 365
1 14 2
47 132
1 6 2
8 31
1 14 2
285 320
1 4 2
159 394
1 11 2
218 458
1 9 2
387 410
1 9 2
11 33
1 7 2
150 158
1 5 2
13 346
1 3 2
48 487
1 15 2
102 176
1 9 2
191 396
1 4 2
64 435
1 12 2
298 457
1 8 2
18 395
1 4 2
138 180
1 14 2
274 494
1 13 2
145 292
1 5 2
61 463
1 14 2
25 360
1 13 2
485 486
1 9 2
401 485
1 10 2
160 185
1 13 2
92 320
1 10 2
184 252
1 13 2
146 482
1 13 2
239 269
1 3 2
228 325
1 4 2
281 372
1 9 2
33 315
1 7 2
275 400
1 14 2
260 403
1 4 2
138 342
1 4 2
116 466
1 14 2
421 482
1 12 2
156 356
1 2 2
51 337
1 14 2
217 220
1 8 2
437 483
1 3 2
276 339
1 15 2
233 321
1 6 2
296 428
1 7 2
207 320
1 3 2
45 350
1 14 2
247 416
1 8 2
56 302
1 9 2
400 469
1 7 2
165 390
1 14 2
297 465
1 6 2
261 273
1 11 2
38 405
1 9 2
22 129
1 11 2
145 406
1 2 2
279 361
1 14 2
80 232
1 4 2
34 350
1 5 2
146 186
1 2 2
70 251
1 8 2
6 392
1 6 2
396 492
1 6 2
69 221
1 6 2
47 390
1 15 2
398 466
1 12 2
12 361
1 10 2
108 304
1 15 2
50 354
1 5 2
39 228
1 8 2
299 341
1 8 2
274 364
1 11 2
77 188
1 10 2
43 70
1 15 2
16 388
1 15 2
93 123
1 10 2
14 412
1 5 2
376 461
1 11 2
213 339
1 9 2
70 283
1 9 2
470 471
1 5 2
193 370
1 7 2
38 215
1 3 2
12 465
1 13 2
344 379
1 2 2
98 312
1 10 2
310 360
1 2 2
385 428
1 11 2
312 336
1 13 2
21 413
1 8 2
5 178
1 14 2
295 461
1 9 2
267 365
1 2 2
324 379
1 13 2
270 354
1 14 2
391 494
1 11 2
159 224
1 8 2
126 223
1 8 2
2 207
1 9 2
247 461
1 4 2
20 127
1 2 2
220 250
1 14 2
261 352
1 2 2
35 177
1 11 2
119 358
1 9 2
145 374
1 9 2
194 296
1 3 2
118 311
1 9 2
189 278
1 4 2
87 451
1 12 2
247 312
1 11 2
240 372
1 2 2
86 478
1 4 2
27 64
1 7 2
62 93
1 10 2
116 339
1 4 2
229 437
1 5 2
131 291
1 2 2
154 238
1 8 2
63 217
1 2 2
187 444
1 12 2
117 440
1 14 2
134 244
1 13 2
72 321
1 6 2
158 245
1 5 2
108 374
1 7 2
60 233
1 3 2
144 235
1 9 2
57 104
1 3 2
142 290
1 9 2
178 455
1 14 2
132 161
1 13 2
142 172
1 6 2
355 433
1 5 2
34 87
1 11 2
290 366
1 12 2
254 313
1 14 2
401 475
1 7 2
2 18
1 8 2
153 278
1 3 2
298 379
1 9 2
341 423
1 4 2
266 283
1 12 2
10 93
1 2 2
47 493
1 4 2
169 224
1 11 2
178 299
1 5 2
49 194
1 8 2
110 165
1 4 2
159 451
1 15 2
237 466
1 6 2
166 288
1 8 2
20 330
1 7 2
135 488
1 2 2
59 353
1 2 2
66 473
1 7 2
203 204
1 8 2
54 223
1 13 2
116 267
1 14 2
144 149
1 8 2
110 280
1 10 2
44 436
1 14 2
55 269
1 7 2
150 152
1 3 2
10 102
1 8 2
217 322
1 4 2
20 432
1 13 2
283 434
1 2 2
196 251
1 15 2
225 374
1 15 2
101 129
1 14 2
74 491
1 3 2
438 499
1 13 2
356 367
1 10 2
140 177
1 2 2
202 204
1 5 2
126 158
1 4 2
34 75
1 5 2
426 460
1 13 2
176 406
1 3 2
196 393
1 10 2
145 481
1 8 2
192 294
1 11 2
26 314
1 6 2
176 253
1 14 2
270 297
1 4 2
163 206
1 15 2
189 354
1 6 2
132 496
1 15 2
43 254
1 13 2
401 445
1 14 2
154 444
1 14 2
212 222
1 14 2
296 363
1 12 2
99 465
1 9 2
5 468
1 3 2
23 297
1 14 2
16 86
1 8 2
487 494
1 8 2
17 449
1 2 2
292 448
1 4 2
260 364
1 7 2
59 79
1 6 2
153 433
1 12 2
11 449
1 11 2
75 78
1 15 2
36 298
1 5 2
189 201
1 2 2
235 353
1 15 2
301 331
1 6 2
167 275
1 8 2
420 437
1 15 2
206 213
1 7 2
24 263
1 10 2
79 88
1 4 2
70 432
1 9 2
129 213
1 4 2
174 400
1 9 2
118 252
1 14 2
155 265
1 8 2
202 405
1 10 2
299 428
1 2 2
19 70
1 5 2
426 438
1 7 2
202 347
1 9 2
13 344
1 12 2
373 454
1 14 2
53 279
1 5 2
13 48
1 7 2
264 445
1 9 2
205 438
1 2 2
175 254
1 4 2
422 451
1 13 2
57 496
1 13 2
129 182
1 9 2
144 175
1 5 2
18 181
1 13 2
175 499
1 9 2
167 339
1 6 2
42 210
1 6 2
4 358
1 9 2
34 101
1 10 2
2 274
1 13 2
137 481
1 5 2
76 262
1 3 2
420 485
1 11 2
39 140
1 7 2
48 410
1 2 2
132 482
1 4 2
163 367
1 5 2
60 91
1 8 2
17 157
1 8 2
201 256
1 5 2
368 477
1 12 2
101 285
1 3 2
54 368
1 13 2
12 265
1 3 2
129 171
1 6 2
23 87
1 6 2
26 385
1 13 2
348 468
1 10 2
141 291
1 5 2
183 306
1 12 2
145 332
1 5 2
320 401
1 11 2
71 336
1 8 2
162 240
1 4 2
36 383
1 5 2
111 211
1 3 2
163 237
1 9 2
348 482
1 5 2
57 155
1 8 2
22 493
1 7 2
241 304
1 12 2
261 488
1 7 2
76 285
1 10 2
1 161
1 15 2
51 118
1 8 2
123 448
1 9 2
66 121
1 12 2
17 450
1 6 2
151 404
1 3 2
257 380
1 10 2
48 329
1 4 2
50 64
1 2 2
260 331
1 13 2
412 419
1 7 2
382 419
1 11 2
199 325
1 9 2
359 409
1 4 2
15 190
1 14 2
2 458
1 2 2
101 351
1 3 2
302 334
1 2 2
42 383
1 3 2
21 74
1 3 2
161 277
1 15 2
93 319
1 5 2
259 465
1 5 2
58 349
1 5 2
125 257
1 9 2
59 484
1 12 2
47 92
1 15 2
142 391
1 9 2
95 356
1 5 2
68 268
1 15 2
387 423
1 8 2
18 250
1 4 2
133 335
1 15 2
172 490
1 6 2
8 470
1 9 2
33 165
1 15 2
75 244
1 6 2
15 347
1 13 2
119 309
1 9 2
46 238
1 11 2
280 418
1 3 2
161 167
1 7 2
332 466
1 14 2
170 349
1 13 2
165 437
1 14 2
238 321
1 12 2
128 267
1 15 2
20 192
1 8 2
451 470
1 14 2
106 109
1 3 2
18 389
1 3 2
362 373
1 9 2
117 446
1 15 2
216 375
1 6 2
76 220
1 14 2
21 307
1 9 2
22 403
1 5 2
65 112
1 6 2
59 302
1 14 2
53 125
1 13 2
168 465
1 3 2
298 465
1 11 2
200 411
1 12 2
11 458
1 2 2
46 474
1 5 2
277 319
1 15 2
280 457
1 12 2
379 432
1 5 2
297 458
1 14 2
143 389
1 6 2
49 272
1 5 2
198 405
1 9 2
260 312
1 7 2
252 318
1 13 2
175 428
1 4 2
22 140
1 8 2
45 351
1 7 2
7 161
1 5 2
360 445
1 11 2
190 218
1 14 2
199 279
1 15 2
153 392
1 15 2
119 304
1 8 2
68 336
1 14 2
59 403
1 2 2
190 366
1 15 2
48 280
1 4 2
105 328
1 7 2
20 122
1 12 2
25 210
1 14 2
209 345
1 8 2
395 443
1 2 2
152 344
1 10 2
232 319
1 8 2
79 247
1 7 2
274 289
1 7 2
187 455
1 15 2
120 276
1 3 2
15 270
1 7 2
71 218
1 4 2
10 82
1 5 2
169 262
1 4 2
209 373
1 7 2
6 188
1 12 2
391 445
1 14 2
23 474
1 4 2
225 375
1 15 2
26 360
1 5 2
295 387
1 7 2
307 351
1 7 2
163 280
1 4 2
328 419
1 3 2
60 413
1 7 2
49 259
1 2 2
198 233
1 11 2
29 150
1 12 2
256 495
1 14 2
220 372
1 12 2
218 244
1 3 2
245 495
1 2 2
58 462
1 15 2
307 379
1 14 2
0 52
1 3 2
276 403
1 11 2
137 197
1 8 2
344 423
1 9 2
172 233
1 4 2
1 470
1 3 2
260 310
1 3 2
113 253
1 6 2
272 308
1 12 2
55 473
1 13 2
196 373
1 3 2
105 204
1 15 2
368 410
1 10 2
409 489
1 6 2
323 377
1 5 2
25 460
1 7 2
226 249
1 7 2
200 439
1 8 2
91 128
1 13 2
183 496
1 3 2
316 350
1 14 2
113 417
1 9 2
21 75
1 12 2
165 461
1 14 2
227 256
1 8 2
185 232
1 4 2
76 490
1 9 2
49 111
1 6 2
56 247
1 11 2
385 444
1 7 2
52 102
1 13 2
103 130
1 8 2
12 132
1 13 2
16 301
1 11 2
144 209
1 7 2
99 111
1 14 2
13 290
1 6 2
158 209
1 11 2
174 374
1 14 2
79 487
1 7 2
314 386
1 9 2
347 456
1 4 2
3 435
1 5 2
410 499
1 11 2
55 246
1 8 2
467 490
1 12 2
242 285
1 15 2
253 311
1 11 2
232 430
1 10 2
284 354
1 11 2
31 104
1 4 2
469 484
1 10 2
73 331
1 2 2
41 373
1 5 2
196 369
1 5 2
182 284
1 13 2
71 311
1 6 2
351 419
1 9 2
62 188
1 3 2
234 368
1 11 2
145 267
1 10 2
267 466
1 13 2
72 294
1 10 2
15 150
1 14 2
74 119
1 4 2
246 315
1 9 2
16 302
1 3 2
380 397
1 2 2
47 484
1 7 2
343 371
1 13 2
27 50
1 8 2
181 401
1 3 2
75 302
1 15 2
91 179
1 11 2
97 300
1 9 2
195 386
1 13 2
17 246
1 12 2
143 230
1 2 2
82 151
1 9 2
12 356
1 10 2
106 278
1 3 2
4 204
1 13 2
96 111
1 14 2
197 356
1 3 2
111 487
1 12 2
46 147
1 5 2
341 356
1 14 2
241 416
1 5 2
139 448
1 8 2
7 34
1 13 2
373 479
1 3 2
222 368
1 4 2
195 427
1 11 2
85 122
1 12 2
269 291
1 14 2
122 232
1 6 2
333 447
1 7 2
109 341
1 15 2
389 399
1 9 2
445 487
1 4 2
104 200
1 10 2
186 335
1 6 2
111 428
1 8 2
245 274
1 13 2
170 462
1 2 2
85 156
1 11 2
19 294
1 2 2
417 495
1 2 2
53 172
1 14 2
31 472
1 14 2
319 336
1 3 2
226 327
1 12 2
294 333
1 11 2
28 130
1 9 2
62 64
1 8 2
176 265
1 5 2
307 466
1 6 2
203 375
1 2 2
148 283
1 10 2
201 444
1 4 2
480 484
1 3 2
319 409
1 3 2
257 387
1 8 2
164 223
1 14 2
54 88
1 5 2
137 321
1 2 2
429 482
1 14 2
192 490
1 9 2
298 394
1 12 2
325 456
1 15 2
136 253
1 13 2
151 466
1 5 2
295 330
1 6 2
381 470
1 7 2
475 494
1 8 2
19 384
1 7 2
255 319
1 9 2
238 472
1 10 2
93 406
1 13 2
191 469
1 15 2
106 406
1 8 2
400 425
1 14 2
363 487
1 3 2
343 454
1 7 2
313 394
1 2 2
38 152
1 3 2
136 315
1 8 2
151 413
1 10 2
163 490
1 9 2
115 404
1 8 2
85 333
1 10 2
227 393
1 4 2
109 226
1 8 2
378 434
1 12 2
29 338
1 6 2
110 471
1 2 2
43 307
1 12 2
79 105
1 2 2
336 397
1 15 2
34 490
1 7 2
266 475
1 9 2
48 75
1 8 2
256 324
1 14 2
309 331
1 6 2
270 363
1 2 2
10 306
1 6 2
145 403
1 10 2
64 272
1 9 2
224 373
1 15 2
243 419
1 6 2
81 326
1 8 2
168 225
1 13 2
209 308
1 8 2
139 309
1 9 2
143 269
1 12 2
397 418
1 7 2
173 309
1 3 2
152 246
1 6 2
343 384
1 5 2
317 387
1 15 2
356 473
1 7 2
6 122
1 11 2
390 466
1 12 2
243 403
1 5 2
149 209
1 9 2
145 318
1 2 2
10 131
1 8 2
204 399
1 7 2
40 405
1 15 2
39 401
1 7 2
327 492
1 11 2
89 265
1 14 2
85 301
1 9 2
182 463
1 3 2
122 384
1 3 2
14 400
1 11 2
96 389
1 2 2
242 286
1 4 2
176 260
1 10 2
50 79
1 10 2
123 124
1 11 2
33 143
1 6 2
62 278
1 14 2
355 481
1 14 2
57 66
1 13 2
141 399
1 13 2
137 214
1 4 2
13 17
1 4 2
248 323
1 7 2
199 317
1 8 2
125 451
1 12 2
319 439
1 3 2
194 265
1 7 2
8 437
1 9 2
420 472
1 15 2
152 195
1 4 2
1 402
1 10 2
193 474
1 13 2
119 293
1 13 2
359 471
1 14 2
84 337
1 9 2
152 312
1 4 2
7 488
1 13 2
252 375
1 10 2
111 484
1 3 2
70 362
1 14 2
163 336
1 3 2
118 343
1 5 2
78 278
1 2 2
109 443
1 5 2
240 340
1 11 2
368 399
1 12 2
22 387
1 12 2
211 458
1 4 2
366 470
1 3 2
190 244
1 9 2
45 189
1 5 2
240 282
1 12 2
268 398
1 13 2
67 360
1 7 2
166 456
1 13 2
13 367
1 13 2
123 131
1 10 2
24 362
1 7 2
107 478
1 7 2
67 197
1 3 2
67 297
1 6 2
114 393
1 11 2
199 422
1 7 2
90 449
1 4 2
327 364
1 7 2
195 400
1 13 2
40 137
1 15 2
120 356
1 15 2
104 118
1 10 2
102 163
1 4 2
237 405
1 5 2
10 379
1 2 2
124 444
1 7 2
99 461
1 12 2
8 195
1 15 2
279 414
1 8 2
109 285
1 2 2
71 184
1 11 2
166 310
1 13 2
300 499
1 13 2
367 456
1 7 2
111 347
1 15 2
299 337
1 5 2
121 131
1 13 2
114 338
1 2 2
1 115
1 7 2
47 467
1 8 2
128 487
1 15 2
376 388
1 11 2
69 451
1 6 2
130 216
1 11 2
11 67
1 3 2
93 242
1 10 2
165 237
1 8 2
90 361
1 7 2
59 376
1 9 2
147 297
1 14 2
85 98
1 3 2
91 412
1 2 2
294 478
1 15 2
34 375
1 7 2
108 466
1 14 2
316 336
1 13 2
211 497
1 10 2
262 358
1 9 2
110 368
1 2 2
93 362
1 7 2
113 177
1 14 2
188 388
1 8 2
142 170
1 7 2
474 477
1 13 2
166 267
1 3 2
57 134
1 6 2
63 111
1 10 2
219 414
1 8 2
88 354
1 11 2
141 430
1 5 2
221 231
1 6 2
125 236
1 9 2
286 399
1 8 2
302 463
1 4 2
265 277
1 14 2
206 462
1 7 2
134 162
1 15 2
205 367
1 6 2
89 416
1 5 2
31 474
1 2 2
129 310
1 3 2
76 97
1 5 2
213 464
1 15 2
184 245
1 13 2
203 481
1 3 2
163 318
1 14 2
84 189
1 14 2
165 463
1 3 2
149 482
1 5 2
271 383
1 4 2
403 493
1 3 2
94 314
1 9 2
153 488
1 12 2
174 368
1 15 2
124 223
1 12 2
119 179
1 8 2
68 199
1 13 2
282 450
1 13 2
88 223
1 3 2
240 330
1 14 2
46 54
1 15 2
162 281
1 5 2
245 347
1 4 2
95 171
1 2 2
78 166
1 2 2
112 264
1 3 2
442 493
1 8 2
100 221
1 9 2
25 215
1 14 2
339 468
1 3 2
123 472
1 11 2
191 379
1 6 2
246 491
1 3 2
87 457
1 9 2
66 254
1 13 2
245 374
1 2 2
405 480
1 4 2
65 288
1 4 2
166 182
1 6 2
254 396
1 15 2
142 144
1 13 2
95 297
1 6 2
389 405
1 5 2
124 174
1 9 2
47 418
1 10 2
237 424
1 3 2
65 419
1 11 2
40 178
1 15 2
147 455
1 14 2
270 411
1 15 2
89 414
1 5 2
78 453
1 15 2
99 321
1 15 2
300 302
1 3 2
426 450
1 6 2
395 430
1 5 2
164 322
1 13 2
467 480
1 6 2
266 457
1 9 2
320 494
1 15 2
266 296
1 8 2
139 468
1 15 2
162 309
1 9 2
152 283
1 13 2
272 411
1 7 2
9 350
1 10 2
77 466
1 6 2
345 469
1 8 2
30 85
1 4 2
32 295
1 8 2
270 469
1 13 2
232 265
1 9 2
256 307
1 8 2
8 237
1 12 2
93 167
1 15 2
27 289
1 14 2
352 458
1 5 2
134 344
1 9 2
94 403
1 7 2
82 188
1 3 2
28 408
1 2 2
196 341
1 6 2
210 450
1 8 2
73 295
1 9 2
303 476
1 12 2
160 450
1 12 2
0 355
1 14 2
332 495
1 7 2
206 341
1 8 2
284 371
1 6 2
25 119
1 14 2
41 61
1 5 2
21 156
1 12 2
250 373
1 4 2
346 477
1 10 2
202 368
1 14 2
437 449
1 7 2
400 465
1 13 2
160 326
1 8 2
45 213
1 14 2
29 62
1 13 2
269 404
1 4 2
301 329
1 12 2
103 233
1 4 2
288 433
1 9 2
178 401
1 9 2
166 201
1 13 2
75 433
1 3 2
22 66
1 7 2
357 416
1 2 2
237 367
1 10 2
107 328
1 11 2
199 271
1 8 2
17 447
1 5 2
24 428
1 14 2
6 493
1 11 2
14 324
1 8 2
83 95
1 14 2
390 443
1 5 2
214 342
1 10 2
11 278
1 14 2
39 151
1 11 2
330 473
1 3 2
46 68
1 7 2
171 309
1 6 2
193 282
1 4 2
73 476
1 14 2
115 481
1 7 2
94 298
1 6 2
346 466
1 13 2
138 338
1 6 2
30 65
1 13 2
360 373
1 4 2
383 472
1 15 2
304 341
1 10 2
243 361
1 3 2
285 466
1 3 2
100 237
1 7 2
172 277
1 6 2
88 441
1 15 2
10 492
1 13 2
85 128
1 13 2
273 294
1 7 2
446 473
1 15 2
64 190
1 3 2
57 294
1 3 2
120 227
1 6 2
202 425
1 15 2
311 400
1 7 2
421 478
1 11 2
48 458
1 10 2
70 240
1 3 2
161 248
1 10 2
239 270
1 2 2
462 477
1 6 2
313 406
1 10 2
12 418
1 10 2
15 491
1 13 2
109 385
1 15 2
187 273
1 14 2
112 174
1 6 2
31 140
1 13 2
78 307
1 9 2
106 114
1 6 2
125 367
1 2 2
82 194
1 6 2
137 190
1 5 2
105 255
1 6 2
210 224
1 15 2
257 499
1 10 2
403 463
1 13 2
330 444
1 14 2
182 451
1 6 2
30 193
1 6 2
13 205
1 9 2
48 370
1 11 2
82 294
1 3 2
269 391
1 3 2
120 139
1 5 2
167 494
1 10 2
290 312
1 6 2
343 466
1 3 2
202 302
1 10 2
360 389
1 10 2
335 406
1 13 2
375 443
1 2 2
73 386
1 13 2
187 286
1 3 2
350 358
1 9 2
157 232
1 6 2
63 492
1 10 2
27 74
1 3 2
143 368
1 3 2
279 424
1 14 2
324 454
1 14 2
401 483
1 12 2
3 395
1 9 2
273 409
1 14 2
89 96
1 3 2
49 213
1 3 2
36 242
1 12 2
299 379
1 12 2
339 398
1 11 2
320 463
1 2 2
167 458
1 9 2
121 429
1 14 2
250 363
1 14 2
118 293
1 6 2
100 362
1 10 2
198 467
1 14 2
1 137
1 10 2
118 404
1 11 2
75 162
1 2 2
176 275
1 8 2
14 188
1 9 2
45 448
1 8 2
219 455
1 11 2
19 44
1 11 2
53 471
1 6 2
396 405
1 11 2
31 111
1 14 2
397 481
1 6 2
241 272
1 4 2
102 308
1 14 2
117 165
1 7 2
346 375
1 12 2
138 276
1 12 2
63 342
1 14 2
303 408
1 8 2
187 243
1 8 2
112 451
1 3 2
40 168
1 15 2
45 469
1 9 2
106 185
1 11 2
219 262
1 14 2
213 379
1 13 2
118 438
1 14 2
34 322
1 7 2
361 448
1 13 2
172 283
1 14 2
35 407
1 10 2
270 405
1 4 2
167 348
1 7 2
359 391
1 2 2
218 324
1 8 2
206 223
1 7 2
228 469
1 3 2
278 368
1 7 2
35 406
1 9 2
58 87
1 14 2
218 470
1 8 2
189 248
1 4 2
412 448
1 14 2
124 297
1 5 2
39 193
1 13 2
437 463
1 15 2
437 443
1 2 2
19 107
1 13 2
100 243
1 12 2
22 77
1 9 2
45 309
1 7 2
184 315
1 12 2
321 498
1 11 2
103 295
1 11 2
15 29
1 4 2
184 289
1 14 2
26 491
1 11 2
45 453
1 5 2
145 377
1 6 2
412 467
1 9 2
232 360
1 15 2
78 247
1 9 2
4 395
1 10 2
30 157
1 4 2
50 303
1 14 2
30 397
1 12 2
63 210
1 14 2
239 439
1 4 2
40 194
1 4 2
63 440
1 8 2
356 381
1 3 2
237 460
1 10 2
316 491
1 5 2
346 469
1 6 2
153 339
1 13 2
210 430
1 10 2
82 382
1 8 2
130 484
1 14 2
451 453
1 4 2
242 245
1 7 2
236 382
1 3 2
311 320
1 2 2
367 397
1 11 2
265 451
1 10 2
325 410
1 2 2
67 123
1 4 2
55 374
1 14 2
52 89
1 15 2
11 92
1 12 2
72 183
1 5 2
96 149
1 3 2
138 194
1 7 2
191 418
1 2 2
199 444
1 11 2
111 300
1 4 2
252 282
1 4 2
37 271
1 9 2
315 387
1 11 2
60 252
1 5 2
177 401
1 7 2
219 416
1 3 2
79 104
1 11 2
82 207
1 13 2
157 229
1 4 2
300 411
1 6 2
375 435
1 15 2
135 146
1 7 2
381 484
1 9 2
174 435
1 8 2
261 345
1 14 2
32 67
1 2 2
52 87
1 4 2
296 365
1 14 2
403 488
1 15 2
186 269
1 11 2
145 380
1 14 2
337 498
1 5 2
32 359
1 15 2
81 448
1 3 2
78 459
1 12 2
239 369
1 8 2
285 339
1 4 2
137 359
1 6 2
303 423
1 6 2
431 432
1 9 2
104 357
1 12 2
331 425
1 6 2
114 419
1 3 2
325 452
1 3 2
299 389
1 9 2
109 498
1 10 2
230 482
1 9 2
215 422
1 9 2
86 487
1 10 2
129 443
1 7 2
116 200
1 13 2
222 299
1 6 2
65 497
1 9 2
139 227
1 15 2
21 121
1 8 2
144 459
1 2 2
404 474
1 14 2
149 428
1 3 2
114 132
1 11 2
54 118
1 12 2
139 234
1 7 2
202 336
1 14 2
292 493
1 5 2
88 237
1 15 2
28 148
1 11 2
87 219
1 15 2
177 478
1 15 2
215 299
1 14 2
120 352
1 8 2
176 422
1 12 2
278 498
1 5 2
23 206
1 10 2
288 427
1 10 2
17 277
1 14 2
164 390
1 13 2
134 398
1 6 2
365 372
1 15 2
360 422
1 8 2
29 275
1 14 2
292 358
1 14 2
350 493
1 7 2
306 314
1 4 2
206 429
1 12 2
45 496
1 15 2
154 358
1 13 2
267 475
1 5 2
316 444
1 9 2
220 446
1 5 2
165 217
1 10 2
28 476
1 6 2
129 215
1 15 2
144 448
1 11 2
151 294
1 11 2
29 190
1 2 2
124 379
1 3 2
173 346
1 14 2
209 390
1 7 2
288 481
1 7 2
48 55
1 7 2
113 272
1 2 2
128 386
1 2 2
357 461
1 12 2
31 218
1 3 2
182 404
1 9 2
132 442
1 5 2
211 301
1 7 2
259 418
1 7 2
5 249
1 8 2
26 189
1 6 2
293 382
1 3 2
320 384
1 2 2
339 425
1 13 2
71 301
1 13 2
8 345
1 13 2
95 284
1 7 2
231 237
1 7 2
213 435
1 15 2
256 347
1 10 2
381 394
1 14 2
341 443
1 8 2
7 441
1 15 2
323 489
1 15 2
136 141
1 5 2
232 423
1 8 2
72 312
1 7 2
27 473
1 7 2
43 255
1 7 2
47 347
1 4 2
12 409
1 3 2
281 416
1 13 2
82 289
1 8 2
132 285
1 11 2
157 432
1 2 2
293 360
1 13 2
135 210
1 15 2
258 387
1 7 2
240 286
1 11 2
7 366
1 2 2
340 487
1 4 2
289 306
1 4 2
122 249
1 7 2
56 330
1 14 2
247 369
1 4 2
48 285
1 11 2
27 370
1 5 2
450 498
1 10 2
29 485
1 14 2
352 384
1 7 2
283 310
1 4 2
107 439
1 14 2
109 240
1 15 2
13 312
1 12 2
11 104
1 7 2
110 431
1 3 2
148 358
1 9 2
302 375
1 9 2
120 288
1 6 2
162 482
1 8 2
269 328
1 10 2
302 325
1 11 2
145 478
1 6 2
96 252
1 7 2
271 421
1 5 2
282 305
1 13 2
134 292
1 7 2
75 476
1 5 2
429 496
1 3 2
318 417
1 12 2
225 490
1 8 2
83 245
1 12 2
256 278
1 9 2
196 460
1 10 2
57 327
1 8 2
279 407
1 8 2
23 227
1 2 2
11 383
1 10 2
278 464
1 5 2
79 304
1 9 2
77 483
1 9 2
227 228
1 13 2
7 89
1 13 2
79 91
1 3 2
230 452
1 5 2
423 462
1 9 2
212 280
1 10 2
251 437
1 14 2
46 303
1 15 2
195 224
1 12 2
35 76
1 5 2
138 310
1 13 2
41 235
1 15 2
44 76
1 13 2
424 438
1 13 2
114 196
1 5 2
249 393
1 10 2
85 144
1 13 2
315 319
1 4 2
212 221
1 10 2
183 198
1 11 2
18 324
1 3 2
24 122
1 10 2
35 208
1 14 2
297 352
1 6 2
142 147
1 11 2
28 427
1 12 2
118 385
1 12 2
209 391
1 12 2
70 331
1 8 2
189 286
1 8 2
112 342
1 9 2
214 258
1 9 2
212 458
1 11 2
112 414
1 10 2
78 94
1 13 2
41 327
1 14 2
240 268
1 15 2
79 123
1 5 2
208 469
1 5 2
144 391
1 5 2
126 447
1 2 2
283 332
1 12 2
20 321
1 14 2
19 184
1 5 2
27 198
1 6 2
227 402
1 4 2
79 144
1 9 2
121 493
1 11 2
162 207
1 7 2
115 126
1 10 2
37 126
1 10 2
60 488
1 7 2
33 325
1 6 2
111 346
1 11 2
307 432
1 15 2
128 207
1 7 2
218 440
1 8 2
409 479
1 8 2
208 305
1 13 2
117 431
1 4 2
182 227
1 11 2
116 163
1 4 2
216 499
1 3 2
403 461
1 13 2
426 436
1 5 2
17 250
1 10 2
173 419
1 10 2
160 496
1 10 2
255 476
1 11 2
311 442
1 4 2
171 319
1 3 2
121 144
1 5 2
316 408
1 9 2
30 281
1 10 2
357 465
1 15 2
138 168
1 3 2
378 496
1 9 2
205 312
1 15 2
5 15
1 3 2
79 403
1 7 2
288 320
1 5 2
139 324
1 13 2
113 491
1 15 2
61 100
1 3 2
59 455
1 2 2
309 374
1 5 2
68 108
1 12 2
5 102
1 9 2
41 178
1 3 2
68 249
1 13 2
8 346
1 3 2
292 401
1 6 2
125 376
1 12 2
75 327
1 5 2
273 405
1 8 2
64 322
1 3 2
78 285
1 9 2
64 403
1 15 2
335 414
1 11 2
319 403
1 15 2
187 277
1 7 2
360 385
1 10 2
83 370
1 2 2
383 391
1 15 2
185 231
1 5 2
141 189
1 14 2
304 430
1 8 2
397 402
1 9 2
16 113
1 9 2
250 356
1 2 2
117 406
1 15 2
101 441
1 7 2
82 468
1 10 2
3 479
1 5 2
36 431
1 5 2
27 81
1 5 2
184 480
1 12 2
253 379
1 13 2
88 493
1 14 2
239 263
1 13 2
127 272
1 11 2
318 331
1 9 2
349 495
1 12 2
273 377
1 14 2
190 328
1 6 2
61 234
1 15 2
101 167
1 8 2
11 196
1 4 2
208 412
1 2 2
289 384
1 14 2
257 443
1 3 2
105 280
1 5 2
28 180
1 10 2
356 494
1 4 2
460 470
1 2 2
0 193
1 15 2
174 178
1 8 2
39 470
1 7 2
166 281
1 5 2
44 257
1 13 2
72 493
1 6 2
106 338
1 14 2
177 227
1 11 2
333 339
1 14 2
33 73
1 7 2
301 452
1 3 2
123 390
1 10 2
147 496
1 15 2
261 348
1 14 2
55 340
1 7 2
124 290
1 5 2
159 494
1 15 2
233 289
1 13 2
29 425
1 8 2
73 495
1 2 2
298 365
1 15 2
216 449
1 4 2
322 368
1 6 2
67 446
1 7 2
111 284
1 13 2
258 472
1 15 2
293 367
1 2 2
248 362
1 15 2
206 272
1 9 2
306 450
1 7 2
196 480
1 10 2
80 256
1 14 2
93 326
1 7 2
14 430
1 2 2
63 151
1 3 2
93 244
1 12 2
108 129
1 8 2
218 467
1 5 2
147 361
1 9 2
72 259
1 13 2
92 301
1 11 2
258 365
1 8 2
78 137
1 15 2
146 252
1 8 2
144 160
1 6 2
303 371
1 6 2
99 252
1 15 2
115 217
1 4 2
94 289
1 8 2
100 448
1 15 2
93 474
1 9 2
284 385
1 3 2
288 295
1 15 2
376 499
1 11 2
14 415
1 4 2
6 330
1 4 2
376 421
1 7 2
109 118
1 11 2
103 302
1 5 2
23 429
1 4 2
48 171
1 10 2
253 275
1 4 2
316 457
1 8 2
10 413
1 8 2
59 177
1 9 2
119 271
1 14 2
235 399
1 4 2
58 345
1 6 2
235 319
1 4 2
10 308
1 19 2
57 443
1 22 2
58 276
1 16 2
213 349
1 13 2
10 401
1 27 2
266 469
1 20 2
101 459
1 8 2
263 406
1 23 2
281 437
1 25 2
117 321
1 24 2
341 404
1 20 2
167 368
1 21 2
110 195
1 26 2
53 190
1 22 2
23 113
1 27 2
117 462
1 25 2
173 374
1 12 2
143 424
1 14 2
234 423
1 16 2
328 458
1 17 2
74 175
1 24 2
26 102
1 23 2
33 333
1 9 2
179 296
1 24 2
260 380
1 21 2
139 400
1 23 2
87 204
1 13 2
317 450
1 17 2
466 487
1 22 2
34 452
1 12 2
252 485
1 11 2
43 413
1 26 2
152 201
1 11 2
11 240
1 19 2
131 289
1 17 2
381 414
1 13 2
208 298
1 20 2
333 435
500 2963 2500
6 15 20 9 23 7 19 24 19 16 20 24 6 10 25 11 24 14 18 18 6 18 21 15 20 14 9 22 25 20 23 19 24 8 6 8 25 9 8 19 10 10 8 21 9 17 11 11 24 10 19 17 5 23 19 23 15 5 7 20 12 23 23 11 20 12 6 19 11 25 12 20 9 18 16 22 11 19 16 14 23 21 9 10 23 19 22 20 8 18 24 10 16 20 23 15 25 19 9 24 13 13 6 16 8 25 22 22 7 24 13 25 7 23 20 12 6 19 11 10 11 17 20 23 10 23 16 13 7 5 14 18 19 14 21 21 21 23 18 20 14 22 25 9 22 23 8 8 19 24 16 24 17 12 12 11 20 17 7 13 14 14 19 16 15 7 11 16 18 6 12 14 13 17 11 18 18 19 18 6 11 14 6 11 10 13 5 17 25 5 12 20 25 20 11 23 21 9 13 20 16 11 10 12 9 12 10 20 11 24 23 11 14 20 16 22 25 23 10 13 23 25 21 22 10 8 16 9 24 8 10 7 16 6 23 20 21 7 10 25 10 12 14 8 18 11 23 17 5 14 6 14 7 20 12 14 9 8 8 21 10 7 15 25 9 16 7 21 17 20 6 5 17 11 18 24 9 19 7 19 16 15 24 20 5 16 8 21 13 24 6 15 17 11 17 15 13 12 12 11 24 18 11 13 14 16 10 21 17 16 12 13 10 14 17 16 13 19 19 22 13 14 18 24 22 23 6 22 19 14 14 22 23 19 25 12 13 12 8 15 12 24 5 5 23 8 13 14 6 21 20 17 21 9 19 11 12 12 5 19 25 12 8 19 12 25 17 5 6 8 15 8 9 7 25 21 24 21 24 25 14 7 6 18 14 13 18 15 23 12 8 23 7 24 20 23 9 8 6 20 5 24 12 19 13 21 17 20 25 25 23 19 18 17 10 11 8 23 14 16 8 23 21 25 20 20 16 17 21 21 5 12 7 9 9 6 24 22 10 6 10 24 25 7 15 23 11 13 10 14 23 13 23 6 16 10 15 13 12 8 20 22 9 10 19 20 18 16 8 12 18 18 6 19 22 21 11 20 9 23 25 22 16 22 20 21 6 8 23 25 6 8 20 20 21 11 7 16 18 8
3 19 5 7 20 7 9 10 10 13 6 6 15 14 5 19 14 16 3 19 11 14 10 17 16 12 17 20 3 18 11 9 10 8 6 19 20 3 9 9 19 17 8 20 11 10 14 11 3 3 7 6 13 4 9 11 11 8 19 11 10 19 3 16 7 14 19 20 15 18 5 15 5 12 3 14 4 9 16 17 11 15 12 12 13 18 12 14 16 9 3 11 9 4 9 8 3 20 7 14 10 14 11 15 3 12 19 5 18 20 6 8 6 9 3 6 20 20 20 9 12 9 19 5 19 15 20 12 13 8 16 15 6 5 12 19 19 16 8 9 3 8 17 6 12 10 13 20 14 3 14 10 7 3 7 6 17 18 14 11 17 7 13 4 9 12 7 4 4 20 5 14 7 12 14 9 17 5 13 13 20 14 20 14 16 15 4 7 3 13 8 6 15 18 15 12 20 6 16 8 16 6 10 3 11 8 15 16 6 12 6 16 10 13 19 5 4 5 6 20 12 3 3 5 3 3 14 16 13 3 5 15 15 13 5 12 9 6 5 7 4 15 16 15 20 5 20 16 3 11 9 3 3 3 4 3 17 9 15 7 14 12 16 7 12 19 12 17 15 11 17 6 17 3 4 5 5 7 19 17 15 4 16 10 4 17 7 19 5 9 15 7 6 7 20 4 8 16 19 9 11 3 19 17 20 15 17 5 15 11 6 14 14 5 6 20 10 9 15 4 20 10 19 16 15 7 14 10 5 7 5 14 5 5 20 6 6 7 12 17 5 9 13 20 19 16 20 6 12 9 20 4 10 17 19 9 7 17 13 3 16 10 12 17 16 17 3 4 7 15 9 13 17 18 6 4 5 13 8 6 12 5 15 5 7 17 13 3 13 8 7 13 4 13 16 4 20 18 12 3 10 14 17 13 12 12 4 12 4 8 12 3 16 18 7 8 15 4 17 3 12 9 18 12 7 6 12 20 3 14 15 15 9 17 5 17 17 13 11 15 19 17 12 3 20 5 14 13 4 8 8 3 7 5 20 5 15 12 7 7 11 19 8 15 7 14 5 14 11 14 17 15 3 7 8 15 3 5 9 17 16 14 7 3 7 3 4 4 8 7 10 12 10 18 18 16 3 11 15 20
1 6 2
81 364
1 13 2
58 130
1 8 2
58 126
1 13 2
94 330
1 4 2
257 386
1 8 2
354 429
1 7 2
415 444
1 9 2
3 139
1 15 2
127 168
1 12 2
53 473
1 3 2
77 348
1 15 2
331 466
1 11 2
199 388
1 11 2
88 115
1 3 2
89 201
1 7 2
18 284
1 7 2
433 447
1 15 2
252 290
1 3 2
3 118
1 2 2
42 270
1 3 2
281 415
1 3 2
123 268
1 11 2
214 318
1 12 2
252 433
1 3 2
104 260
1 14 2
93 239
1 14 2
28 111
1 9 2
232 323
1 14 2
248 310
1 4 2
127 300
1 11 2
181 320
1 15 2
169 430
1 4 2
361 441
1 4 2
195 418
1 10 2
351 384
1 7 2
238 382
1 12 2
153 210
1 9 2
149 331
1 4 2
143 488
1 12 2
320 367
1 9 2
65 320
1 4 2
43 49
1 8 2
114 269
1 9 2
358 422
1 11 2
86 246
1 7 2
463 490
1 10 2
115 231
1 6 2
219 403
1 14 2
266 341
1 15 2
156 223
1 10 2
18 60
1 5 2
262 397
1 14 2
114 394
1 7 2
312 478
1 7 2
383 458
1 14 2
68 74
1 14 2
162 312
1 11 2
334 472
1 9 2
325 395
1 9 2
322 411
1 15 2
180 343
1 8 2
68 492
1 3 2
245 364
1 7 2
228 438
1 14 2
157 473
1 10 2
156 212
1 6 2
44 58
1 12 2
141 398
1 6 2
113 233
1 5 2
309 359
1 9 2
74 443
1 2 2
413 422
1 11 2
252 492
1 14 2
63 203
1 6 2
189 377
1 13 2
263 410
1 4 2
207 263
1 9 2
42 393
1 5 2
130 139
1 11 2
123 404
1 14 2
113 459
1 14 2
80 186
1 10 2
79 365
1 13 2
52 293
1 3 2
40 90
1 7 2
116 319
1 9 2
24 42
1 7 2
118 312
1 10 2
68 105
1 6 2
51 439
1 15 2
449 462
1 8 2
212 237
1 6 2
378 418
1 9 2
89 196
1 3 2
136 221
1 7 2
146 331
1 11 2
48 133
1 9 2
70 192
1 9 2
127 137
1 6 2
361 465
1 8 2
106 133
1 11 2
377 494
1 2 2
115 415
1 9 2
361 483
1 4 2
84 136
1 5 2
64 362
1 11 2
371 459
1 12 2
218 408
1 5 2
9 321
1 6 2
47 160
1 14 2
387 437
1 6 2
364 429
1 12 2
115 248
1 14 2
226 231
1 4 2
3 154
1 9 2
0 327
1 12 2
468 483
1 5 2
290 318
1 3 2
7 459
1 7 2
202 320
1 9 2
245 267
1 14 2
122 425
1 3 2
373 400
1 2 2
94 133
1 2 2
389 462
1 13 2
326 482
1 2 2
30 100
1 6 2
237 368
1 7 2
262 308
1 11 2
174 473
1 12 2
274 429
1 12 2
78 140
1 9 2
192 292
1 15 2
118 197
1 11 2
272 431
1 14 2
356 454
1 13 2
8 297
1 6 2
333 462
1 3 2
32 208
1 14 2
154 157
1 7 2
251 488
1 15 2
308 391
1 13 2
113 200
1 15 2
215 476
1 9 2
245 349
1 15 2
251 384
1 14 2
287 327
1 2 2
155 325
1 12 2
205 212
1 13 2
175 346
1 10 2
135 344
1 13 2
133 234
1 2 2
2 321
1 2 2
484 490
1 3 2
397 464
1 5 2
258 276
1 13 2
38 101
1 3 2
7 460
1 3 2
119 415
1 4 2
8 355
1 2 2
298 412
1 9 2
24 481
1 5 2
94 494
1 3 2
459 484
1 10 2
358 395
1 6 2
330 431
1 2 2
55 56
1 2 2
219 322
1 7 2
39 131
1 12 2
54 304
1 3 2
54 241
1 3 2
378 419
1 9 2
330 440
1 15 2
17 421
1 11 2
43 141
1 8 2
11 180
1 11 2
119 280
1 5 2
358 464
1 12 2
278 310
1 4 2
214 414
1 6 2
46 78
1 4 2
167 423
1 9 2
429 441
1 11 2
5 272
1 7 2
18 196
1 4 2
108 116
1 13 2
251 395
1 5 2
178 185
1 11 2
14 440
1 7 2
87 448
1 9 2
84 155
1 7 2
117 179
1 2 2
158 428
1 8 2
196 455
1 5 2
67 449
1 6 2
225 477
1 5 2
356 450
1 7 2
382 432
1 14 2
119 240
1 2 2
243 412
1 15 2
296 450
1 4 2
44 298
1 12 2
241 456
1 3 2
121 177
1 11 2
170 268
1 12 2
27 276
1 12 2
323 384
1 3 2
0 496
1 9 2
111 405
1 4 2
284 327
1 4 2
81 483
1 15 2
328 376
1 12 2
259 445
1 6 2
124 415
1 7 2
12 473
1 3 2
181 206
1 6 2
247 252
1 8 2
32 401
1 10 2
44 455
1 6 2
228 341
1 8 2
339 498
1 2 2
9 239
1 13 2
154 487
1 7 2
173 353
1 9 2
383 486
1 11 2
424 449
1 9 2
292 293
1 11 2
64 343
1 14 2
168 362
1 12 2
135 460
1 13 2
19 30
1 14 2
47 279
1 9 2
194 291
1 14 2
490 496
1 6 2
106 122
1 14 2
122 320
1 15 2
119 387
1 8 2
208 338
1 8 2
285 381
1 7 2
63 419
1 11 2
158 357
1 14 2
340 370
1 4 2
189 398
1 3 2
342 447
1 2 2
12 79
1 10 2
65 360
1 10 2
328 498
1 6 2
169 237
1 12 2
129 165
1 5 2
42 396
1 14 2
269 486
1 11 2
108 463
1 6 2
186 442
1 5 2
328 437
1 11 2
190 243
1 4 2
326 460
1 7 2
199 236
1 13 2
218 258
1 7 2
238 390
1 8 2
89 390
1 5 2
166 378
1 14 2
279 306
1 13 2
259 411
1 4 2
261 423
1 3 2
220 278
1 5 2
162 195
1 12 2
103 139
1 11 2
285 499
1 9 2
60 482
1 7 2
197 286
1 3 2
20 277
1 9 2
41 51
1 2 2
74 349
1 10 2
405 477
1 7 2
231 316
1 13 2
117 167
1 15 2
158 436
1 15 2
155 218
1 14 2
78 118
1 11 2
261 479
1 12 2
152 206
1 5 2
57 350
1 6 2
28 366
1 15 2
178 205
1 10 2
330 399
1 9 2
55 265
1 14 2
431 499
1 13 2
25 185
1 15 2
16 131
1 12 2
25 238
1 8 2
86 291
1 3 2
1 463
1 13 2
103 296
1 15 2
96 238
1 11 2
130 249
1 6 2
235 376
1 9 2
23 93
1 10 2
335 401
1 11 2
67 200
1 14 2
78 265
1 8 2
201 259
1 11 2
352 396
1 10 2
127 396
1 2 2
68 409
1 8 2
382 417
1 7 2
5 384
1 12 2
189 349
1 3 2
2 393
1 8 2
6 455
1 11 2
29 174
1 7 2
170 240
1 6 2
9 161
1 2 2
8 247
1 11 2
115 300
1 14 2
173 234
1 10 2
298 433
1 10 2
111 130
1 13 2
395 399
1 13 2
218 375
1 13 2
5 470
1 10 2
197 319
1 5 2
60 247
1 4 2
216 418
1 15 2
135 176
1 9 2
254 465
1 2 2
386 400
1 10 2
20 155
1 15 2
231 486
1 10 2
266 375
1 15 2
158 254
1 15 2
178 373
1 11 2
14 431
1 12 2
143 387
1 6 2
460 495
1 5 2
267 284
1 3 2
190 458
1 7 2
29 354
1 8 2
23 437
1 11 2
280 466
1 3 2
131 330
1 10 2
53 229
1 6 2
184 377
1 9 2
33 104
1 15 2
20 149
1 7 2
83 126
1 3 2
266 362
1 15 2
263 469
1 3 2
192 336
1 11 2
85 225
1 13 2
174 331
1 12 2
270 475
1 8 2
373 477
1 4 2
274 275
1 8 2
404 432
1 15 2
291 306
1 11 2
292 309
1 10 2
139 221
1 15 2
181 221
1 10 2
331 335
1 8 2
122 201
1 6 2
9 167
1 3 2
81 231
1 15 2
171 264
1 10 2
263 265
1 12 2
189 256
1 14 2
26 338
1 15 2
147 239
1 11 2
256 370
1 15 2
181 190
1 14 2
10 450
1 6 2
313 407
1 14 2
169 196
1 3 2
52 115
1 3 2
216 309
1 11 2
114 173
1 15 2
281 367
1 14 2
58 235
1 6 2
387 475
1 11 2
32 301
1 4 2
159 360
1 2 2
469 492
1 13 2
28 306
1 4 2
334 424
1 15 2
177 453
1 14 2
63 166
1 7 2
53 452
1 2 2
178 369
1 9 2
176 239
1 15 2
287 368
1 2 2
344 368
1 2 2
228 250
1 2 2
258 274
1 13 2
381 487
1 4 2
379 393
1 7 2
5 408
1 11 2
133 181
1 13 2
257 298
1 13 2
224 392
1 7 2
223 449
1 5 2
77 291
1 5 2
180 330
1 11 2
17 411
1 15 2
70 459
1 15 2
133 236
1 15 2
326 479
1 8 2
195 454
1 15 2
44 200
1 4 2
152 377
1 4 2
274 303
1 7 2
168 346
1 6 2
345 476
1 9 2
220 429
1 3 2
313 450
1 8 2
354 461
1 7 2
66 141
1 15 2
223 341
1 13 2
208 386
1 2 2
239 416
1 9 2
180 289
1 15 2
94 137
1 7 2
304 390
1 2 2
172 475
1 2 2
39 469
1 2 2
132 467
1 3 2
56 276
1 6 2
459 470
1 6 2
282 491
1 2 2
105 466
1 3 2
257 271
1 10 2
11 337
1 14 2
27 137
1 7 2
180 213
1 8 2
206 303
1 7 2
348 431
1 15 2
51 306
1 3 2
79 412
1 12 2
222 286
1 7 2
131 308
1 14 2
470 480
1 14 2
104 418
1 14 2
1 87
1 6 2
45 399
1 4 2
35 429
1 7 2
4 135
1 14 2
229 240
1 5 2
37 474
1 4 2
52 433
1 15 2
52 323
1 2 2
197 438
1 9 2
260 423
1 5 2
298 453
1 14 2
129 440
1 13 2
152 395
1 12 2
342 392
1 5 2
278 458
1 15 2
220 244
1 2 2
431 497
1 2 2
106 237
1 11 2
54 56
1 10 2
302 458
1 14 2
306 498
1 3 2
146 293
1 3 2
104 408
1 11 2
8 320
1 6 2
303 340
1 8 2
238 385
1 10 2
196 402
1 5 2
20 433
1 5 2
372 381
1 5 2
434 479
1 12 2
181 439
1 6 2
194 306
1 15 2
15 125
1 4 2
129 241
1 9 2
258 348
1 4 2
362 386
1 2 2
14 385
1 10 2
246 473
1 5 2
51 110
1 15 2
219 339
1 6 2
129 399
1 9 2
45 81
1 10 2
233 490
1 2 2
301 362
1 9 2
54 339
1 9 2
290 367
1 12 2
70 420
1 11 2
463 495
1 8 2
32 364
1 15 2
358 362
1 13 2
364 463
1 5 2
46 421
1 13 2
341 461
1 13 2
41 168
1 14 2
332 497
1 12 2
14 361
1 15 2
360 482
1 2 2
214 316
1 13 2
204 316
1 12 2
40 371
1 3 2
316 370
1 15 2
146 312
1 9 2
180 335
1 6 2
298 391
1 5 2
71 78
1 13 2
114 286
1 3 2
192 301
1 6 2
57 183
1 13 2
84 391
1 5 2
234 440
1 4 2
184 296
1 13 2
349 401
1 7 2
115 148
1 7 2
44 464
1 13 2
81 482
1 8 2
81 419
1 4 2
253 391
1 2 2
78 215
1 12 2
59 432
1 6 2
358 364
1 4 2
185 211
1 15 2
338 390
1 4 2
240 392
1 9 2
199 420
1 10 2
236 445
1 6 2
201 217
1 7 2
267 355
1 6 2
245 281
1 10 2
369 424
1 10 2
165 224
1 10 2
116 407
1 15 2
98 177
1 9 2
178 487
1 2 2
45 402
1 14 2
153 495
1 4 2
117 302
1 6 2
109 286
1 13 2
192 475
1 14 2
296 412
1 14 2
269 355
1 15 2
40 223
1 7 2
187 456
1 14 2
63 272
1 12 2
200 214
1 4 2
147 397
1 3 2
279 394
1 2 2
136 498
1 2 2
111 385
1 14 2
14 296
1 8 2
183 417
1 3 2
133 371
1 10 2
209 286
1 2 2
165 488
1 13 2
143 443
1 7 2
145 285
1 6 2
68 256
1 15 2
83 337
1 4 2
237 443
1 7 2
222 487
1 7 2
77 325
1 12 2
310 378
1 12 2
130 189
1 10 2
311 422
1 4 2
191 194
1 12 2
236 264
1 13 2
45 137
1 11 2
198 342
1 12 2
50 95
1 7 2
83 412
1 9 2
164 311
1 5 2
165 242
1 4 2
95 348
1 5 2
261 382
1 9 2
45 444
1 15 2
376 400
1 10 2
268 481
1 10 2
64 242
1 10 2
322 472
1 11 2
62 239
1 3 2
241 387
1 11 2
301 447
1 9 2
360 455
1 5 2
148 222
1 9 2
110 354
1 8 2
109 186
1 11 2
287 462
1 11 2
188 234
1 13 2
277 427
1 3 2
209 375
1 2 2
335 474
1 13 2
297 430
1 3 2
107 149
1 7 2
187 391
1 15 2
230 484
1 13 2
90 202
1 3 2
177 300
1 8 2
211 303
1 10 2
99 332
1 6 2
106 149
1 4 2
486 499
1 11 2
57 114
1 9 2
318 398
1 3 2
164 422
1 5 2
68 245
1 4 2
173 318
1 13 2
75 322
1 14 2
20 385
1 11 2
46 132
1 12 2
126 414
1 2 2
134 392
1 4 2
205 230
1 5 2
138 350
1 10 2
319 422
1 5 2
60 95
1 14 2
63 171
1 8 2
14 446
1 9 2
184 472
1 2 2
153 454
1 6 2
466 483
1 9 2
297 349
1 7 2
51 278
1 7 2
229 345
1 6 2
218 492
1 4 2
28 188
1 15 2
226 289
1 15 2
58 335
1 4 2
179 252
1 12 2
41 118
1 4 2
232 247
1 4 2
133 438
1 4 2
103 223
1 8 2
48 146
1 5 2
146 484
1 4 2
70 404
1 14 2
116 245
1 3 2
428 461
1 14 2
205 439
1 5 2
132 265
1 8 2
373 460
1 6 2
41 416
1 2 2
274 315
1 4 2
10 24
1 6 2
37 386
1 2 2
343 396
1 11 2
169 193
1 10 2
101 215
1 11 2
231 247
1 8 2
84 295
1 12 2
229 305
1 6 2
277 368
1 13 2
354 478
1 13 2
138 223
1 11 2
162 365
1 11 2
239 453
1 5 2
24 422
1 5 2
79 140
1 6 2
120 189
1 4 2
47 126
1 14 2
164 280
1 9 2
3 201
1 11 2
9 477
1 7 2
109 194
1 11 2
310 494
1 2 2
52 139
1 6 2
234 287
1 2 2
448 459
1 4 2
49 81
1 11 2
171 469
1 7 2
31 215
1 2 2
90 443
1 14 2
57 486
1 7 2
100 273
1 14 2
105 460
1 8 2
211 456
1 15 2
18 93
1 12 2
347 457
1 9 2
116 174
1 6 2
295 404
1 11 2
157 412
1 13 2
8 436
1 12 2
195 296
1 10 2
48 494
1 14 2
180 230
1 11 2
261 309
1 2 2
226 240
1 7 2
144 226
1 6 2
412 489
1 6 2
23 450
1 9 2
276 420
1 11 2
40 336
1 8 2
245 351
1 14 2
442 449
1 6 2
329 369
1 12 2
4 404
1 4 2
33 370
1 9 2
147 443
1 2 2
71 112
1 15 2
391 417
1 2 2
95 282
1 3 2
61 147
1 7 2
215 330
1 11 2
290 455
1 8 2
59 188
1 6 2
200 455
1 4 2
151 287
1 13 2
215 293
1 6 2
16 186
1 10 2
145 235
1 5 2
169 364
1 3 2
1 81
1 3 2
287 334
1 15 2
128 364
1 10 2
51 297
1 10 2
215 292
1 5 2
200 246
1 4 2
93 131
1 3 2
2 37
1 8 2
121 203
1 12 2
182 202
1 8 2
218 497
1 15 2
84 259
1 3 2
37 274
1 15 2
40 265
1 8 2
238 261
1 13 2
49 179
1 12 2
479 486
1 13 2
200 217
1 13 2
228 306
1 7 2
121 408
1 11 2
33 264
1 12 2
471 473
1 6 2
94 484
1 8 2
138 236
1 2 2
46 325
1 14 2
459 495
1 14 2
45 477
1 11 2
407 434
1 10 2
138 488
1 5 2
0 218
1 4 2
89 101
1 12 2
322 498
1 2 2
368 403
1 2 2
266 358
1 2 2
351 468
1 15 2
111 340
1 10 2
184 221
1 12 2
169 248
1 14 2
217 265
1 4 2
267 343
1 10 2
75 172
1 13 2
147 269
1 13 2
244 249
1 7 2
281 289
1 14 2
168 255
1 12 2
203 262
1 13 2
142 436
1 9 2
126 129
1 4 2
286 485
1 15 2
206 271
1 7 2
140 192
1 4 2
106 277
1 10 2
129 329
1 12 2
275 489
1 10 2
313 361
1 12 2
117 491
1 11 2
49 412
1 3 2
196 312
1 5 2
34 226
1 2 2
283 424
1 14 2
349 353
1 10 2
183 491
1 11 2
12 146
1 11 2
122 392
1 2 2
446 476
1 4 2
388 411
1 3 2
2 482
1 6 2
70 108
1 6 2
242 244
1 15 2
193 393
1 14 2
243 268
1 5 2
13 174
1 8 2
113 178
1 5 2
331 415
1 2 2
147 450
1 7 2
13 220
1 11 2
220 405
1 14 2
333 357
1 12 2
130 427
1 12 2
1 464
1 3 2
354 396
1 2 2
274 454
1 8 2
35 278
1 11 2
281 299
1 5 2
2 228
1 8 2
156 321
1 2 2
228 309
1 3 2
214 376
1 7 2
174 371
1 14 2
31 174
1 5 2
165 229
1 13 2
427 459
1 12 2
347 429
1 2 2
300 307
1 4 2
328 475
1 4 2
337 394
1 13 2
32 269
1 7 2
160 479
1 15 2
162 346
1 3 2
263 489
1 7 2
183 301
1 9 2
55 239
1 14 2
163 494
1 12 2
0 280
1 15 2
54 234
1 13 2
144 159
1 15 2
36 497
1 9 2
35 378
1 4 2
270 296
1 10 2
304 368
1 8 2
290 486
1 12 2
112 167
1 7 2
247 331
1 4 2
41 100
1 9 2
33 448
1 11 2
101 204
1 2 2
147 286
1 2 2
5 125
1 5 2
28 332
1 6 2
44 253
1 2 2
169 267
1 4 2
9 142
1 2 2
211 304
1 8 2
36 77
1 9 2
85 343
1 4 2
147 348
1 4 2
87 112
1 8 2
294 457
1 4 2
79 258
1 12 2
107 463
1 5 2
55 324
1 5 2
169 266
1 12 2
26 46
1 13 2
26 386
1 15 2
312 470
1 3 2
152 279
1 10 2
78 411
1 12 2
161 340
1 10 2
321 469
1 14 2
166 462
1 13 2
108 363
1 13 2
376 390
1 14 2
277 399
1 4 2
235 348
1 11 2
27 253
1 7 2
72 313
1 9 2
24 391
1 14 2
59 135
1 11 2
345 428
1 12 2
154 156
1 3 2
311 469
1 11 2
23 282
1 4 2
158 343
1 3 2
234 404
1 4 2
312 404
1 12 2
215 217
1 7 2
13 152
1 4 2
444 485
1 13 2
148 469
1 5 2
229 256
1 8 2
72 280
1 10 2
467 495
1 5 2
56 306
1 8 2
284 383
1 5 2
132 416
1 10 2
16 161
1 15 2
39 373
1 2 2
78 241
1 10 2
274 478
1 3 2
275 456
1 14 2
367 486
1 3 2
60 136
1 4 2
70 271
1 14 2
74 314
1 2 2
302 369
1 10 2
315 410
1 11 2
362 473
1 13 2
330 415
1 12 2
379 465
1 14 2
301 464
1 13 2
218 314
1 3 2
172 200
1 8 2
283 314
1 9 2
208 284
1 2 2
87 215
1 5 2
198 267
1 5 2
125 393
1 10 2
56 213
1 6 2
32 78
1 8 2
116 232
1 7 2
285 393
1 14 2
377 474
1 14 2
64 410
1 4 2
351 392
1 2 2
188 346
1 7 2
78 177
1 14 2
165 431
1 8 2
10 159
1 8 2
464 479
1 9 2
52 196
1 7 2
69 265
1 13 2
102 294
1 5 2
197 406
1 14 2
216 320
1 14 2
145 392
1 5 2
270 283
1 7 2
61 132
1 12 2
26 230
1 8 2
38 322
1 8 2
369 455
1 3 2
237 280
1 7 2
263 427
1 12 2
48 91
1 15 2
343 412
1 5 2
73 475
1 4 2
39 409
1 15 2
106 308
1 8 2
285 371
1 13 2
156 187
1 12 2
197 404
1 4 2
142 190
1 5 2
306 386
1 12 2
98 335
1 7 2
296 378
1 13 2
218 490
1 11 2
147 303
1 10 2
63 177
1 4 2
152 392
1 8 2
90 137
1 8 2
169 488
1 10 2
165 427
1 11 2
73 93
1 9 2
90 411
1 4 2
64 452
1 8 2
350 474
1 11 2
384 497
1 14 2
364 383
1 14 2
400 426
1 6 2
9 267
1 10 2
83 344
1 4 2
56 112
1 10 2
60 250
1 10 2
13 439
1 11 2
83 361
1 3 2
441 454
1 5 2
97 224
1 2 2
57 261
1 3 2
318 337
1 4 2
192 307
1 2 2
37 481
1 6 2
156 339
1 15 2
414 446
1 3 2
161 374
1 11 2
98 368
1 12 2
98 456
1 10 2
425 477
1 10 2
17 399
1 11 2
43 390
1 8 2
372 438
1 14 2
76 431
1 3 2
244 268
1 4 2
9 322
1 6 2
57 129
1 14 2
7 396
1 12 2
61 408
1 6 2
97 226
1 4 2
87 425
1 9 2
414 469
1 10 2
122 496
1 5 2
128 251
1 7 2
109 164
1 7 2
128 225
1 14 2
72 318
1 14 2
143 423
1 7 2
93 498
1 9 2
53 178
1 10 2
137 432
1 5 2
235 349
1 12 2
8 73
1 4 2
22 110
1 4 2
158 204
1 12 2
63 132
1 8 2
161 402
1 6 2
210 348
1 6 2
257 308
1 2 2
15 185
1 9 2
39 165
1 4 2
261 451
1 5 2
54 363
1 7 2
145 343
1 6 2
120 163
1 13 2
337 458
1 12 2
372 445
1 10 2
357 372
1 9 2
155 166
1 12 2
141 193
1 5 2
33 277
1 14 2
17 20
1 7 2
55 71
1 12 2
213 279
1 14 2
139 354
1 6 2
216 487
1 6 2
133 323
1 13 2
31 309
1 10 2
27 407
1 14 2
185 265
1 4 2
79 414
1 4 2
422 429
1 14 2
213 231
1 5 2
179 264
1 13 2
47 168
1 15 2
39 374
1 12 2
11 320
1 14 2
62 480
1 5 2
76 446
1 7 2
246 261
1 15 2
263 306
1 4 2
200 354
1 4 2
332 351
1 6 2
28 301
1 10 2
124 170
1 3 2
94 396
1 8 2
31 244
1 14 2
325 491
1 9 2
185 253
1 9 2
120 376
1 13 2
302 417
1 9 2
94 217
1 5 2
144 262
1 3 2
57 130
1 14 2
93 266
1 14 2
122 473
1 5 2
201 485
1 9 2
267 382
1 4 2
132 249
1 9 2
148 480
1 8 2
92 257
1 15 2
124 134
1 14 2
113 278
1 3 2
197 352
1 13 2
298 490
1 4 2
320 373
1 15 2
388 428
1 7 2
47 334
1 14 2
274 444
1 5 2
104 268
1 3 2
85 290
1 3 2
175 219
1 12 2
115 203
1 12 2
302 315
1 6 2
149 366
1 2 2
484 499
1 5 2
266 418
1 7 2
86 344
1 4 2
30 172
1 9 2
27 133
1 15 2
237 242
1 14 2
116 400
1 11 2
25 421
1 8 2
24 479
1 4 2
281 407
1 12 2
252 317
1 9 2
72 408
1 15 2
176 494
1 2 2
274 340
1 10 2
155 168
1 3 2
132 236
1 8 2
147 264
1 7 2
66 436
1 11 2
241 427
1 9 2
53 168
1 14 2
305 401
1 7 2
70 389
1 8 2
273 439
1 6 2
287 421
1 14 2
309 407
1 5 2
62 399
1 8 2
66 176
1 3 2
173 297
1 12 2
404 446
1 14 2
298 434
1 6 2
20 418
1 14 2
60 135
1 2 2
193 489
1 2 2
270 481
1 15 2
160 246
1 6 2
154 338
1 15 2
6 79
1 8 2
40 369
1 3 2
436 490
1 11 2
214 270
1 11 2
146 256
1 15 2
289 342
1 8 2
155 451
1 9 2
66 185
1 3 2
9 366
1 13 2
318 376
1 15 2
141 252
1 3 2
90 217
1 4 2
224 487
1 3 2
103 429
1 15 2
134 185
1 4 2
255 482
1 5 2
75 236
1 13 2
148 439
1 7 2
170 497
1 2 2
224 345
1 7 2
169 368
1 2 2
309 316
1 5 2
333 408
1 10 2
137 249
1 12 2
163 274
1 3 2
56 407
1 14 2
410 431
1 6 2
99 112
1 7 2
374 464
1 3 2
126 412
1 6 2
361 456
1 15 2
136 179
1 7 2
148 152
1 2 2
419 499
1 3 2
81 209
1 9 2
296 473
1 7 2
182 491
1 11 2
210 272
1 2 2
42 395
1 4 2
80 460
1 14 2
218 407
1 9 2
205 213
1 14 2
300 448
1 6 2
146 212
1 14 2
415 487
1 9 2
32 464
1 13 2
311 486
1 10 2
203 477
1 4 2
348 428
1 11 2
446 471
1 9 2
88 373
1 15 2
25 73
1 4 2
188 413
1 5 2
170 425
1 3 2
223 234
1 3 2
102 483
1 15 2
287 418
1 14 2
20 366
1 10 2
231 270
1 2 2
100 129
1 12 2
182 362
1 6 2
29 214
1 5 2
292 438
1 12 2
127 161
1 5 2
103 345
1 2 2
340 490
1 8 2
350 393
1 13 2
186 313
1 6 2
226 335
1 11 2
132 405
1 9 2
373 499
1 10 2
403 442
1 4 2
355 436
1 10 2
113 181
1 8 2
124 201
1 15 2
75 399
1 2 2
54 193
1 11 2
118 435
1 3 2
29 94
1 2 2
24 386
1 10 2
105 387
1 9 2
425 468
1 9 2
236 350
1 6 2
151 487
1 5 2
157 208
1 10 2
130 248
1 10 2
266 322
1 7 2
59 422
1 5 2
6 12
1 12 2
40 181
1 5 2
62 417
1 5 2
315 366
1 15 2
206 433
1 3 2
304 326
1 13 2
175 194
1 2 2
17 117
1 3 2
65 370
1 14 2
141 351
1 2 2
62 127
1 6 2
183 188
1 4 2
93 155
1 7 2
236 357
1 5 2
2 36
1 8 2
183 375
1 10 2
32 481
1 15 2
22 194
1 3 2
184 270
1 12 2
410 488
1 6 2
124 405
1 14 2
271 273
1 10 2
184 400
1 2 2
241 491
1 2 2
54 442
1 5 2
38 259
1 5 2
0 431
1 3 2
188 410
1 9 2
192 378
1 8 2
119 307
1 12 2
160 483
1 11 2
321 470
1 7 2
429 468
1 4 2
235 488
1 7 2
405 494
1 10 2
104 193
1 3 2
183 331
1 4 2
14 193
1 14 2
46 190
1 4 2
220 268
1 13 2
106 469
1 9 2
118 148
1 5 2
362 484
1 8 2
164 333
1 10 2
399 423
1 11 2
217 465
1 12 2
187 430
1 5 2
167 437
1 10 2
327 408
1 12 2
197 198
1 15 2
114 306
1 8 2
150 495
1 2 2
61 380
1 2 2
45 141
1 15 2
45 246
1 11 2
78 143
1 7 2
110 296
1 10 2
115 311
1 3 2
47 466
1 13 2
381 383
1 14 2
44 403
1 7 2
281 328
1 8 2
98 276
1 3 2
84 158
1 8 2
56 492
1 10 2
44 251
1 10 2
293 479
1 9 2
411 478
1 4 2
81 395
1 9 2
191 263
1 12 2
121 285
1 13 2
366 496
1 4 2
13 391
1 9 2
104 372
1 6 2
176 458
1 14 2
93 216
1 10 2
183 295
1 4 2
246 316
1 6 2
273 363
1 8 2
229 446
1 8 2
51 335
1 4 2
134 235
1 12 2
307 491
1 3 2
197 247
1 8 2
36 175
1 2 2
98 301
1 12 2
17 107
1 5 2
307 451
1 6 2
104 342
1 8 2
15 484
1 5 2
21 214
1 15 2
245 420
1 2 2
30 38
1 5 2
0 42
1 6 2
143 266
1 4 2
222 339
1 14 2
9 77
1 11 2
51 68
1 4 2
165 304
1 4 2
202 367
1 14 2
144 196
1 14 2
151 250
1 9 2
258 321
1 2 2
324 376
1 10 2
64 352
1 4 2
48 107
1 11 2
101 359
1 12 2
216 277
1 7 2
455 462
1 14 2
39 415
1 11 2
102 112
1 13 2
119 181
1 3 2
85 498
1 7 2
79 280
1 2 2
24 192
1 13 2
20 348
1 3 2
181 240
1 12 2
248 262
1 10 2
465 485
1 14 2
368 392
1 2 2
273 274
1 13 2
238 242
1 4 2
138 434
1 5 2
168 189
1 2 2
38 243
1 10 2
60 293
1 13 2
124 160
1 10 2
246 385
1 4 2
369 441
1 6 2
51 325
1 10 2
262 403
1 8 2
253 326
1 5 2
239 445
1 10 2
154 462
1 15 2
335 352
1 9 2
157 459
1 11 2
8 291
1 3 2
103 315
1 2 2
132 390
1 9 2
255 349
1 11 2
325 499
1 3 2
178 431
1 8 2
235 293
1 9 2
52 361
1 8 2
51 345
1 9 2
208 497
1 3 2
58 446
1 6 2
73 284
1 2 2
14 227
1 13 2
48 222
1 13 2
388 447
1 13 2
21 184
1 6 2
234 382
1 3 2
218 290
1 15 2
127 216
1 6 2
345 427
1 4 2
241 269
1 15 2
198 232
1 3 2
180 250
1 11 2
158 268
1 4 2
122 376
1 11 2
106 148
1 8 2
310 439
1 6 2
242 312
1 9 2
38 228
1 10 2
412 434
1 11 2
229 331
1 11 2
75 232
1 2 2
142 224
1 10 2
163 230
1 8 2
115 464
1 11 2
134 498
1 2 2
37 189
1 8 2
148 259
1 13 2
81 217
1 13 2
295 390
1 5 2
46 418
1 6 2
313 489
1 12 2
181 369
1 3 2
323 390
1 10 2
13 359
1 12 2
225 256
1 9 2
193 226
1 5 2
256 490
1 5 2
230 379
1 3 2
327 442
1 4 2
358 498
1 4 2
91 282
1 7 2
223 479
1 7 2
183 431
1 15 2
329 492
1 12 2
107 267
1 3 2
72 354
1 8 2
148 165
1 9 2
119 121
1 15 2
168 461
1 13 2
88 471
1 14 2
114 155
1 8 2
101 250
1 9 2
89 444
1 10 2
169 385
1 12 2
69 321
1 10 2
87 111
1 6 2
225 345
1 10 2
122 272
1 7 2
4 432
1 8 2
452 475
1 4 2
32 106
1 14 2
348 494
1 13 2
166 203
1 13 2
135 366
1 6 2
70 479
1 13 2
37 67
1 2 2
99 438
1 9 2
303 430
1 8 2
121 204
1 3 2
58 378
1 11 2
28 64
1 5 2
266 299
1 9 2
275 354
1 8 2
44 92
1 15 2
395 491
1 10 2
374 439
1 8 2
28 304
1 5 2
178 224
1 9 2
92 211
1 11 2
285 412
1 13 2
19 115
1 10 2
24 208
1 6 2
160 278
1 5 2
15 183
1 9 2
309 390
1 7 2
85 147
1 5 2
169 321
1 3 2
70 413
1 5 2
71 295
1 10 2
64 319
1 11 2
17 151
1 9 2
99 293
1 4 2
86 276
1 10 2
350 385
1 8 2
397 399
1 15 2
2 140
1 2 2
162 474
1 9 2
262 395
1 6 2
8 468
1 6 2
183 328
1 14 2
201 308
1 7 2
276 356
1 10 2
248 401
1 9 2
234 377
1 13 2
33 69
1 6 2
81 371
1 13 2
187 304
1 6 2
143 450
1 14 2
287 330
1 14 2
241 314
1 8 2
138 156
1 10 2
308 354
1 7 2
195 332
1 10 2
169 325
1 15 2
157 475
1 13 2
224 355
1 5 2
141 480
1 10 2
273 275
1 8 2
282 452
1 11 2
154 155
1 14 2
274 318
1 9 2
38 211
1 10 2
329 340
1 3 2
169 440
1 9 2
170 359
1 12 2
95 112
1 6 2
323 427
1 6 2
148 272
1 11 2
82 499
1 13 2
71 351
1 5 2
143 384
1 5 2
193 465
1 6 2
8 264
1 8 2
202 237
1 10 2
358 359
1 10 2
79 266
1 11 2
35 201
1 11 2
23 355
1 7 2
40 263
1 11 2
132 438
1 11 2
62 219
1 2 2
290 397
1 12 2
78 209
1 15 2
124 158
1 11 2
233 359
1 4 2
225 295
1 3 2
1 362
1 4 2
198 392
1 2 2
310 478
1 12 2
366 492
1 8 2
31 380
1 2 2
57 93
1 12 2
195 317
1 10 2
65 278
1 10 2
109 162
1 12 2
181 193
1 5 2
191 266
1 3 2
75 90
1 6 2
138 438
1 10 2
234 268
1 5 2
43 481
1 8 2
124 262
1 7 2
22 365
1 3 2
335 495
1 8 2
0 418
1 3 2
16 386
1 11 2
207 422
1 12 2
110 331
1 5 2
312 320
1 12 2
240 474
1 4 2
193 372
1 8 2
6 242
1 4 2
380 497
1 10 2
20 154
1 8 2
362 451
1 6 2
439 488
1 9 2
229 272
1 9 2
215 245
1 13 2
432 442
1 7 2
5 298
1 15 2
373 429
1 13 2
80 491
1 3 2
296 418
1 2 2
170 368
1 8 2
318 382
1 4 2
44 474
1 8 2
376 448
1 8 2
85 160
1 13 2
128 415
1 4 2
207 267
1 12 2
104 305
1 4 2
329 457
1 8 2
21 249
1 14 2
348 387
1 7 2
292 307
1 8 2
149 378
1 14 2
21 260
1 4 2
406 432
1 6 2
212 300
1 13 2
280 462
1 12 2
35 158
1 3 2
3 21
1 13 2
168 183
1 7 2
89 476
1 14 2
144 198
1 14 2
227 409
1 3 2
131 143
1 3 2
64 365
1 14 2
47 132
1 6 2
8 31
1 14 2
285 320
1 4 2
159 394
1 11 2
218 458
1 9 2
387 410
1 9 2
11 33
1 7 2
150 158
1 5 2
13 346
1 3 2
48 487
1 15 2
102 176
1 9 2
191 396
1 4 2
64 435
1 12 2
298 457
1 8 2
18 395
1 4 2
138 180
1 14 2
274 494
1 13 2
145 292
1 5 2
61 463
1 14 2
25 360
1 13 2
485 486
1 9 2
401 485
1 10 2
160 185
1 13 2
92 320
1 10 2
184 252
1 13 2
146 482
1 13 2
239 269
1 3 2
228 325
1 4 2
281 372
1 9 2
33 315
1 7 2
275 400
1 14 2
260 403
1 4 2
138 342
1 4 2
116 466
1 14 2
421 482
1 12 2
156 356
1 2 2
51 337
1 14 2
217 220
1 8 2
437 483
1 3 2
276 339
1 15 2
233 321
1 6 2
296 428
1 7 2
207 320
1 3 2
45 350
1 14 2
247 416
1 8 2
56 302
1 9 2
400 469
1 7 2
165 390
1 14 2
297 465
1 6 2
261 273
1 11 2
38 405
1 9 2
22 129
1 11 2
145 406
1 2 2
279 361
1 14 2
80 232
1 4 2
34 350
1 5 2
146 186
1 2 2
70 251
1 8 2
6 392
1 6 2
396 492
1 6 2
69 221
1 6 2
47 390
1 15 2
398 466
1 12 2
12 361
1 10 2
108 304
1 15 2
50 354
1 5 2
39 228
1 8 2
299 341
1 8 2
274 364
1 11 2
77 188
1 10 2
43 70
1 15 2
16 388
1 15 2
93 123
1 10 2
14 412
1 5 2
376 461
1 11 2
213 339
1 9 2
70 283
1 9 2
470 471
1 5 2
193 370
1 7 2
38 215
1 3 2
12 465
1 13 2
344 379
1 2 2
98 312
1 10 2
310 360
1 2 2
385 428
1 11 2
312 336
1 13 2
21 413
1 8 2
5 178
1 14 2
295 461
1 9 2
267 365
1 2 2
324 379
1 13 2
270 354
1 14 2
391 494
1 11 2
159 224
1 8 2
126 223
1 8 2
2 207
1 9 2
247 461
1 4 2
20 127
1 2 2
220 250
1 14 2
261 352
1 2 2
35 177
1 11 2
119 358
1 9 2
145 374
1 9 2
194 296
1 3 2
118 311
1 9 2
189 278
1 4 2
87 451
1 12 2
247 312
1 11 2
240 372
1 2 2
86 478
1 4 2
27 64
1 7 2
62 93
1 10 2
116 339
1 4 2
229 437
1 5 2
131 291
1 2 2
154 238
1 8 2
63 217
1 2 2
187 444
1 12 2
117 440
1 14 2
134 244
1 13 2
72 321
1 6 2
158 245
1 5 2
108 374
1 7 2
60 233
1 3 2
144 235
1 9 2
57 104
1 3 2
142 290
1 9 2
178 455
1 14 2
132 161
1 13 2
142 172
1 6 2
355 433
1 5 2
34 87
1 11 2
290 366
1 12 2
254 313
1 14 2
401 475
1 7 2
2 18
1 8 2
153 278
1 3 2
298 379
1 9 2
341 423
1 4 2
266 283
1 12 2
10 93
1 2 2
47 493
1 4 2
169 224
1 11 2
178 299
1 5 2
49 194
1 8 2
110 165
1 4 2
159 451
1 15 2
237 466
1 6 2
166 288
1 8 2
20 330
1 7 2
135 488
1 2 2
59 353
1 2 2
66 473
1 7 2
203 204
1 8 2
54 223
1 13 2
116 267
1 14 2
144 149
1 8 2
110 280
1 10 2
44 436
1 14 2
55 269
1 7 2
150 152
1 3 2
10 102
1 8 2
217 322
1 4 2
20 432
1 13 2
283 434
1 2 2
196 251
1 15 2
225 374
1 15 2
101 129
1 14 2
74 491
1 3 2
438 499
1 13 2
356 367
1 10 2
140 177
1 2 2
202 204
1 5 2
126 158
1 4 2
34 75
1 5 2
426 460
1 13 2
176 406
1 3 2
196 393
1 10 2
145 481
1 8 2
192 294
1 11 2
26 314
1 6 2
176 253
1 14 2
270 297
1 4 2
163 206
1 15 2
189 354
1 6 2
132 496
1 15 2
43 254
1 13 2
401 445
1 14 2
154 444
1 14 2
212 222
1 14 2
296 363
1 12 2
99 465
1 9 2
5 468
1 3 2
23 297
1 14 2
16 86
1 8 2
487 494
1 8 2
17 449
1 2 2
292 448
1 4 2
260 364
1 7 2
59 79
1 6 2
153 433
1 12 2
11 449
1 11 2
75 78
1 15 2
36 298
1 5 2
189 201
1 2 2
235 353
1 15 2
301 331
1 6 2
167 275
1 8 2
420 437
1 15 2
206 213
1 7 2
24 263
1 10 2
79 88
1 4 2
70 432
1 9 2
129 213
1 4 2
174 400
1 9 2
118 252
1 14 2
155 265
1 8 2
202 405
1 10 2
299 428
1 2 2
19 70
1 5 2
426 438
1 7 2
202 347
1 9 2
13 344
1 12 2
373 454
1 14 2
53 279
1 5 2
13 48
1 7 2
264 445
1 9 2
205 438
1 2 2
175 254
1 4 2
422 451
1 13 2
57 496
1 13 2
129 182
1 9 2
144 175
1 5 2
18 181
1 13 2
175 499
1 9 2
167 339
1 6 2
42 210
1 6 2
4 358
1 9 2
34 101
1 10 2
2 274
1 13 2
137 481
1 5 2
76 262
1 3 2
420 485
1 11 2
39 140
1 7 2
48 410
1 2 2
132 482
1 4 2
163 367
1 5 2
60 91
1 8 2
17 157
1 8 2
201 256
1 5 2
368 477
1 12 2
101 285
1 3 2
54 368
1 13 2
12 265
1 3 2
129 171
1 6 2
23 87
1 6 2
26 385
1 13 2
348 468
1 10 2
141 291
1 5 2
183 306
1 12 2
145 332
1 5 2
320 401
1 11 2
71 336
1 8 2
162 240
1 4 2
36 383
1 5 2
111 211
1 3 2
163 237
1 9 2
348 482
1 5 2
57 155
1 8 2
22 493
1 7 2
241 304
1 12 2
261 488
1 7 2
76 285
1 10 2
1 161
1 15 2
51 118
1 8 2
123 448
1 9 2
66 121
1 12 2
17 450
1 6 2
151 404
1 3 2
257 380
1 10 2
48 329
1 4 2
50 64
1 2 2
260 331
1 13 2
412 419
1 7 2
382 419
1 11 2
199 325
1 9 2
359 409
1 4 2
15 190
1 14 2
2 458
1 2 2
101 351
1 3 2
302 334
1 2 2
42 383
1 3 2
21 74
1 3 2
161 277
1 15 2
93 319
1 5 2
259 465
1 5 2
58 349
1 5 2
125 257
1 9 2
59 484
1 12 2
47 92
1 15 2
142 391
1 9 2
95 356
1 5 2
68 268
1 15 2
387 423
1 8 2
18 250
1 4 2
133 335
1 15 2
172 490
1 6 2
8 470
1 9 2
33 165
1 15 2
75 244
1 6 2
15 347
1 13 2
119 309
1 9 2
46 238
1 11 2
280 418
1 3 2
161 167
1 7 2
332 466
1 14 2
170 349
1 13 2
165 437
1 14 2
238 321
1 12 2
128 267
1 15 2
20 192
1 8 2
451 470
1 14 2
106 109
1 3 2
18 389
1 3 2
362 373
1 9 2
117 446
1 15 2
216 375
1 6 2
76 220
1 14 2
21 307
1 9 2
22 403
1 5 2
65 112
1 6 2
59 302
1 14 2
53 125
1 13 2
168 465
1 3 2
298 465
1 11 2
200 411
1 12 2
11 458
1 2 2
46 474
1 5 2
277 319
1 15 2
280 457
1 12 2
379 432
1 5 2
297 458
1 14 2
143 389
1 6 2
49 272
1 5 2
198 405
1 9 2
260 312
1 7 2
252 318
1 13 2
175 428
1 4 2
22 140
1 8 2
45 351
1 7 2
7 161
1 5 2
360 445
1 11 2
190 218
1 14 2
199 279
1 15 2
153 392
1 15 2
119 304
1 8 2
68 336
1 14 2
59 403
1 2 2
190 366
1 15 2
48 280
1 4 2
105 328
1 7 2
20 122
1 12 2
25 210
1 14 2
209 345
1 8 2
395 443
1 2 2
152 344
1 10 2
232 319
1 8 2
79 247
1 7 2
274 289
1 7 2
187 455
1 15 2
120 276
1 3 2
15 270
1 7 2
71 218
1 4 2
10 82
1 5 2
169 262
1 4 2
209 373
1 7 2
6 188
1 12 2
391 445
1 14 2
23 474
1 4 2
225 375
1 15 2
26 360
1 5 2
295 387
1 7 2
307 351
1 7 2
163 280
1 4 2
328 419
1 3 2
60 413
1 7 2
49 259
1 2 2
198 233
1 11 2
29 150
1 12 2
256 495
1 14 2
220 372
1 12 2
218 244
1 3 2
245 495
1 2 2
58 462
1 15 2
307 379
1 14 2
0 52
1 3 2
276 403
1 11 2
137 197
1 8 2
344 423
1 9 2
172 233
1 4 2
1 470
1 3 2
260 310
1 3 2
113 253
1 6 2
272 308
1 12 2
55 473
1 13 2
196 373
1 3 2
105 204
1 15 2
368 410
1 10 2
409 489
1 6 2
323 377
1 5 2
25 460
1 7 2
226 249
1 7 2
200 439
1 8 2
91 128
1 13 2
183 496
1 3 2
316 350
1 14 2
113 417
1 9 2
21 75
1 12 2
165 461
1 14 2
227 256
1 8 2
185 232
1 4 2
76 490
1 9 2
49 111
1 6 2
56 247
1 11 2
385 444
1 7 2
52 102
1 13 2
103 130
1 8 2
12 132
1 13 2
16 301
1 11 2
144 209
1 7 2
99 111
1 14 2
13 290
1 6 2
158 209
1 11 2
174 374
1 14 2
79 487
1 7 2
314 386
1 9 2
347 456
1 4 2
3 435
1 5 2
410 499
1 11 2
55 246
1 8 2
467 490
1 12 2
242 285
1 15 2
253 311
1 11 2
232 430
1 10 2
284 354
1 11 2
31 104
1 4 2
469 484
1 10 2
73 331
1 2 2
41 373
1 5 2
196 369
1 5 2
182 284
1 13 2
71 311
1 6 2
351 419
1 9 2
62 188
1 3 2
234 368
1 11 2
145 267
1 10 2
267 466
1 13 2
72 294
1 10 2
15 150
1 14 2
74 119
1 4 2
246 315
1 9 2
16 302
1 3 2
380 397
1 2 2
47 484
1 7 2
343 371
1 13 2
27 50
1 8 2
181 401
1 3 2
75 302
1 15 2
91 179
1 11 2
97 300
1 9 2
195 386
1 13 2
17 246
1 12 2
143 230
1 2 2
82 151
1 9 2
12 356
1 10 2
106 278
1 3 2
4 204
1 13 2
96 111
1 14 2
197 356
1 3 2
111 487
1 12 2
46 147
1 5 2
341 356
1 14 2
241 416
1 5 2
139 448
1 8 2
7 34
1 13 2
373 479
1 3 2
222 368
1 4 2
195 427
1 11 2
85 122
1 12 2
269 291
1 14 2
122 232
1 6 2
333 447
1 7 2
109 341
1 15 2
389 399
1 9 2
445 487
1 4 2
104 200
1 10 2
186 335
1 6 2
111 428
1 8 2
245 274
1 13 2
170 462
1 2 2
85 156
1 11 2
19 294
1 2 2
417 495
1 2 2
53 172
1 14 2
31 472
1 14 2
319 336
1 3 2
226 327
1 12 2
294 333
1 11 2
28 130
1 9 2
62 64
1 8 2
176 265
1 5 2
307 466
1 6 2
203 375
1 2 2
148 283
1 10 2
201 444
1 4 2
480 484
1 3 2
319 409
1 3 2
257 387
1 8 2
164 223
1 14 2
54 88
1 5 2
137 321
1 2 2
429 482
1 14 2
192 490
1 9 2
298 394
1 12 2
325 456
1 15 2
136 253
1 13 2
151 466
1 5 2
295 330
1 6 2
381 470
1 7 2
475 494
1 8 2
19 384
1 7 2
255 319
1 9 2
238 472
1 10 2
93 406
1 13 2
191 469
1 15 2
106 406
1 8 2
400 425
1 14 2
363 487
1 3 2
343 454
1 7 2
313 394
1 2 2
38 152
1 3 2
136 315
1 8 2
151 413
1 10 2
163 490
1 9 2
115 404
1 8 2
85 333
1 10 2
227 393
1 4 2
109 226
1 8 2
378 434
1 12 2
29 338
1 6 2
110 471
1 2 2
43 307
1 12 2
79 105
1 2 2
336 397
1 15 2
34 490
1 7 2
266 475
1 9 2
48 75
1 8 2
256 324
1 14 2
309 331
1 6 2
270 363
1 2 2
10 306
1 6 2
145 403
1 10 2
64 272
1 9 2
224 373
1 15 2
243 419
1 6 2
81 326
1 8 2
168 225
1 13 2
209 308
1 8 2
139 309
1 9 2
143 269
1 12 2
397 418
1 7 2
173 309
1 3 2
152 246
1 6 2
343 384
1 5 2
317 387
1 15 2
356 473
1 7 2
6 122
1 11 2
390 466
1 12 2
243 403
1 5 2
149 209
1 9 2
145 318
1 2 2
10 131
1 8 2
204 399
1 7 2
40 405
1 15 2
39 401
1 7 2
327 492
1 11 2
89 265
1 14 2
85 301
1 9 2
182 463
1 3 2
122 384
1 3 2
14 400
1 11 2
96 389
1 2 2
242 286
1 4 2
176 260
1 10 2
50 79
1 10 2
123 124
1 11 2
33 143
1 6 2
62 278
1 14 2
355 481
1 14 2
57 66
1 13 2
141 399
1 13 2
137 214
1 4 2
13 17
1 4 2
248 323
1 7 2
199 317
1 8 2
125 451
1 12 2
319 439
1 3 2
194 265
1 7 2
8 437
1 9 2
420 472
1 15 2
152 195
1 4 2
1 402
1 10 2
193 474
1 13 2
119 293
1 13 2
359 471
1 14 2
84 337
1 9 2
152 312
1 4 2
7 488
1 13 2
252 375
1 10 2
111 484
1 3 2
70 362
1 14 2
163 336
1 3 2
118 343
1 5 2
78 278
1 2 2
109 443
1 5 2
240 340
1 11 2
368 399
1 12 2
22 387
1 12 2
211 458
1 4 2
366 470
1 3 2
190 244
1 9 2
45 189
1 5 2
240 282
1 12 2
268 398
1 13 2
67 360
1 7 2
166 456
1 13 2
13 367
1 13 2
123 131
1 10 2
24 362
1 7 2
107 478
1 7 2
67 197
1 3 2
67 297
1 6 2
114 393
1 11 2
199 422
1 7 2
90 449
1 4 2
327 364
1 7 2
195 400
1 13 2
40 137
1 15 2
120 356
1 15 2
104 118
1 10 2
102 163
1 4 2
237 405
1 5 2
10 379
1 2 2
124 444
1 7 2
99 461
1 12 2
8 195
1 15 2
279 414
1 8 2
109 285
1 2 2
71 184
1 11 2
166 310
1 13 2
300 499
1 13 2
367 456
1 7 2
111 347
1 15 2
299 337
1 5 2
121 131
1 13 2
114 338
1 2 2
1 115
1 7 2
47 467
1 8 2
128 487
1 15 2
376 388
1 11 2
69 451
1 6 2
130 216
1 11 2
11 67
1 3 2
93 242
1 10 2
165 237
1 8 2
90 361
1 7 2
59 376
1 9 2
147 297
1 14 2
85 98
1 3 2
91 412
1 2 2
294 478
1 15 2
34 375
1 7 2
108 466
1 14 2
316 336
1 13 2
211 497
1 10 2
262 358
1 9 2
110 368
1 2 2
93 362
1 7 2
113 177
1 14 2
188 388
1 8 2
142 170
1 7 2
474 477
1 13 2
166 267
1 3 2
57 134
1 6 2
63 111
1 10 2
219 414
1 8 2
88 354
1 11 2
141 430
1 5 2
221 231
1 6 2
125 236
1 9 2
286 399
1 8 2
302 463
1 4 2
265 277
1 14 2
206 462
1 7 2
134 162
1 15 2
205 367
1 6 2
89 416
1 5 2
31 474
1 2 2
129 310
1 3 2
76 97
1 5 2
213 464
1 15 2
184 245
1 13 2
203 481
1 3 2
163 318
1 14 2
84 189
1 14 2
165 463
1 3 2
149 482
1 5 2
271 383
1 4 2
403 493
1 3 2
94 314
1 9 2
153 488
1 12 2
174 368
1 15 2
124 223
1 12 2
119 179
1 8 2
68 199
1 13 2
282 450
1 13 2
88 223
1 3 2
240 330
1 14 2
46 54
1 15 2
162 281
1 5 2
245 347
1 4 2
95 171
1 2 2
78 166
1 2 2
112 264
1 3 2
442 493
1 8 2
100 221
1 9 2
25 215
1 14 2
339 468
1 3 2
123 472
1 11 2
191 379
1 6 2
246 491
1 3 2
87 457
1 9 2
66 254
1 13 2
245 374
1 2 2
405 480
1 4 2
65 288
1 4 2
166 182
1 6 2
254 396
1 15 2
142 144
1 13 2
95 297
1 6 2
389 405
1 5 2
124 174
1 9 2
47 418
1 10 2
237 424
1 3 2
65 419
1 11 2
40 178
1 15 2
147 455
1 14 2
270 411
1 15 2
89 414
1 5 2
78 453
1 15 2
99 321
1 15 2
300 302
1 3 2
426 450
1 6 2
395 430
1 5 2
164 322
1 13 2
467 480
1 6 2
266 457
1 9 2
320 494
1 15 2
266 296
1 8 2
139 468
1 15 2
162 309
1 9 2
152 283
1 13 2
272 411
1 7 2
9 350
1 10 2
77 466
1 6 2
345 469
1 8 2
30 85
1 4 2
32 295
1 8 2
270 469
1 13 2
232 265
1 9 2
256 307
1 8 2
8 237
1 12 2
93 167
1 15 2
27 289
1 14 2
352 458
1 5 2
134 344
1 9 2
94 403
1 7 2
82 188
1 3 2
28 408
1 2 2
196 341
1 6 2
210 450
1 8 2
73 295
1 9 2
303 476
1 12 2
160 450
1 12 2
0 355
1 14 2
332 495
1 7 2
206 341
1 8 2
284 371
1 6 2
25 119
1 14 2
41 61
1 5 2
21 156
1 12 2
250 373
1 4 2
346 477
1 10 2
202 368
1 14 2
437 449
1 7 2
400 465
1 13 2
160 326
1 8 2
45 213
1 14 2
29 62
1 13 2
269 404
1 4 2
301 329
1 12 2
103 233
1 4 2
288 433
1 9 2
178 401
1 9 2
166 201
1 13 2
75 433
1 3 2
22 66
1 7 2
357 416
1 2 2
237 367
1 10 2
107 328
1 11 2
199 271
1 8 2
17 447
1 5 2
24 428
1 14 2
6 493
1 11 2
14 324
1 8 2
83 95
1 14 2
390 443
1 5 2
214 342
1 10 2
11 278
1 14 2
39 151
1 11 2
330 473
1 3 2
46 68
1 7 2
171 309
1 6 2
193 282
1 4 2
73 476
1 14 2
115 481
1 7 2
94 298
1 6 2
346 466
1 13 2
138 338
1 6 2
30 65
1 13 2
360 373
1 4 2
383 472
1 15 2
304 341
1 10 2
243 361
1 3 2
285 466
1 3 2
100 237
1 7 2
172 277
1 6 2
88 441
1 15 2
10 492
1 13 2
85 128
1 13 2
273 294
1 7 2
446 473
1 15 2
64 190
1 3 2
57 294
1 3 2
120 227
1 6 2
202 425
1 15 2
311 400
1 7 2
421 478
1 11 2
48 458
1 10 2
70 240
1 3 2
161 248
1 10 2
239 270
1 2 2
462 477
1 6 2
313 406
1 10 2
12 418
1 10 2
15 491
1 13 2
109 385
1 15 2
187 273
1 14 2
112 174
1 6 2
31 140
1 13 2
78 307
1 9 2
106 114
1 6 2
125 367
1 2 2
82 194
1 6 2
137 190
1 5 2
105 255
1 6 2
210 224
1 15 2
257 499
1 10 2
403 463
1 13 2
330 444
1 14 2
182 451
1 6 2
30 193
1 6 2
13 205
1 9 2
48 370
1 11 2
82 294
1 3 2
269 391
1 3 2
120 139
1 5 2
167 494
1 10 2
290 312
1 6 2
343 466
1 3 2
202 302
1 10 2
360 389
1 10 2
335 406
1 13 2
375 443
1 2 2
73 386
1 13 2
187 286
1 3 2
350 358
1 9 2
157 232
1 6 2
63 492
1 10 2
27 74
1 3 2
143 368
1 3 2
279 424
1 14 2
324 454
1 14 2
401 483
1 12 2
3 395
1 9 2
273 409
1 14 2
89 96
1 3 2
49 213
1 3 2
36 242
1 12 2
299 379
1 12 2
339 398
1 11 2
320 463
1 2 2
167 458
1 9 2
121 429
1 14 2
250 363
1 14 2
118 293
1 6 2
100 362
1 10 2
198 467
1 14 2
1 137
1 10 2
118 404
1 11 2
75 162
1 2 2
176 275
1 8 2
14 188
1 9 2
45 448
1 8 2
219 455
1 11 2
19 44
1 11 2
53 471
1 6 2
396 405
1 11 2
31 111
1 14 2
397 481
1 6 2
241 272
1 4 2
102 308
1 14 2
117 165
1 7 2
346 375
1 12 2
138 276
1 12 2
63 342
1 14 2
303 408
1 8 2
187 243
1 8 2
112 451
1 3 2
40 168
1 15 2
45 469
1 9 2
106 185
1 11 2
219 262
1 14 2
213 379
1 13 2
118 438
1 14 2
34 322
1 7 2
361 448
1 13 2
172 283
1 14 2
35 407
1 10 2
270 405
1 4 2
167 348
1 7 2
359 391
1 2 2
218 324
1 8 2
206 223
1 7 2
228 469
1 3 2
278 368
1 7 2
35 406
1 9 2
58 87
1 14 2
218 470
1 8 2
189 248
1 4 2
412 448
1 14 2
124 297
1 5 2
39 193
1 13 2
437 463
1 15 2
437 443
1 2 2
19 107
1 13 2
100 243
1 12 2
22 77
1 9 2
45 309
1 7 2
184 315
1 12 2
321 498
1 11 2
103 295
1 11 2
15 29
1 4 2
184 289
1 14 2
26 491
1 11 2
45 453
1 5 2
145 377
1 6 2
412 467
1 9 2
232 360
1 15 2
78 247
1 9 2
4 395
1 10 2
30 157
1 4 2
50 303
1 14 2
30 397
1 12 2
63 210
1 14 2
239 439
1 4 2
40 194
1 4 2
63 440
1 8 2
356 381
1 3 2
237 460
1 10 2
316 491
1 5 2
346 469
1 6 2
153 339
1 13 2
210 430
1 10 2
82 382
1 8 2
130 484
1 14 2
451 453
1 4 2
242 245
1 7 2
236 382
1 3 2
311 320
1 2 2
367 397
1 11 2
265 451
1 10 2
325 410
1 2 2
67 123
1 4 2
55 374
1 14 2
52 89
1 15 2
11 92
1 12 2
72 183
1 5 2
96 149
1 3 2
138 194
1 7 2
191 418
1 2 2
199 444
1 11 2
111 300
1 4 2
252 282
1 4 2
37 271
1 9 2
315 387
1 11 2
60 252
1 5 2
177 401
1 7 2
219 416
1 3 2
79 104
1 11 2
82 207
1 13 2
157 229
1 4 2
300 411
1 6 2
375 435
1 15 2
135 146
1 7 2
381 484
1 9 2
174 435
1 8 2
261 345
1 14 2
32 67
1 2 2
52 87
1 4 2
296 365
1 14 2
403 488
1 15 2
186 269
1 11 2
145 380
1 14 2
337 498
1 5 2
32 359
1 15 2
81 448
1 3 2
78 459
1 12 2
239 369
1 8 2
285 339
1 4 2
137 359
1 6 2
303 423
1 6 2
431 432
1 9 2
104 357
1 12 2
331 425
1 6 2
114 419
1 3 2
325 452
1 3 2
299 389
1 9 2
109 498
1 10 2
230 482
1 9 2
215 422
1 9 2
86 487
1 10 2
129 443
1 7 2
116 200
1 13 2
222 299
1 6 2
65 497
1 9 2
139 227
1 15 2
21 121
1 8 2
144 459
1 2 2
404 474
1 14 2
149 428
1 3 2
114 132
1 11 2
54 118
1 12 2
139 234
1 7 2
202 336
1 14 2
292 493
1 5 2
88 237
1 15 2
28 148
1 11 2
87 219
1 15 2
177 478
1 15 2
215 299
1 14 2
120 352
1 8 2
176 422
1 12 2
278 498
1 5 2
23 206
1 10 2
288 427
1 10 2
17 277
1 14 2
164 390
1 13 2
134 398
1 6 2
365 372
1 15 2
360 422
1 8 2
29 275
1 14 2
292 358
1 14 2
350 493
1 7 2
306 314
1 4 2
206 429
1 12 2
45 496
1 15 2
154 358
1 13 2
267 475
1 5 2
316 444
1 9 2
220 446
1 5 2
165 217
1 10 2
28 476
1 6 2
129 215
1 15 2
144 448
1 11 2
151 294
1 11 2
29 190
1 2 2
124 379
1 3 2
173 346
1 14 2
209 390
1 7 2
288 481
1 7 2
48 55
1 7 2
113 272
1 2 2
128 386
1 2 2
357 461
1 12 2
31 218
1 3 2
182 404
1 9 2
132 442
1 5 2
211 301
1 7 2
259 418
1 7 2
5 249
1 8 2
26 189
1 6 2
293 382
1 3 2
320 384
1 2 2
339 425
1 13 2
71 301
1 13 2
8 345
1 13 2
95 284
1 7 2
231 237
1 7 2
213 435
1 15 2
256 347
1 10 2
381 394
1 14 2
341 443
1 8 2
7 441
1 15 2
323 489
1 15 2
136 141
1 5 2
232 423
1 8 2
72 312
1 7 2
27 473
1 7 2
43 255
1 7 2
47 347
1 4 2
12 409
1 3 2
281 416
1 13 2
82 289
1 8 2
132 285
1 11 2
157 432
1 2 2
293 360
1 13 2
135 210
1 15 2
258 387
1 7 2
240 286
1 11 2
7 366
1 2 2
340 487
1 4 2
289 306
1 4 2
122 249
1 7 2
56 330
1 14 2
247 369
1 4 2
48 285
1 11 2
27 370
1 5 2
450 498
1 10 2
29 485
1 14 2
352 384
1 7 2
283 310
1 4 2
107 439
1 14 2
109 240
1 15 2
13 312
1 12 2
11 104
1 7 2
110 431
1 3 2
148 358
1 9 2
302 375
1 9 2
120 288
1 6 2
162 482
1 8 2
269 328
1 10 2
302 325
1 11 2
145 478
1 6 2
96 252
1 7 2
271 421
1 5 2
282 305
1 13 2
134 292
1 7 2
75 476
1 5 2
429 496
1 3 2
318 417
1 12 2
225 490
1 8 2
83 245
1 12 2
256 278
1 9 2
196 460
1 10 2
57 327
1 8 2
279 407
1 8 2
23 227
1 2 2
11 383
1 10 2
278 464
1 5 2
79 304
1 9 2
77 483
1 9 2
227 228
1 13 2
7 89
1 13 2
79 91
1 3 2
230 452
1 5 2
423 462
1 9 2
212 280
1 10 2
251 437
1 14 2
46 303
1 15 2
195 224
1 12 2
35 76
1 5 2
138 310
1 13 2
41 235
1 15 2
44 76
1 13 2
424 438
1 13 2
114 196
1 5 2
249 393
1 10 2
85 144
1 13 2
315 319
1 4 2
212 221
1 10 2
183 198
1 11 2
18 324
1 3 2
24 122
1 10 2
35 208
1 14 2
297 352
1 6 2
142 147
1 11 2
28 427
1 12 2
118 385
1 12 2
209 391
1 12 2
70 331
1 8 2
189 286
1 8 2
112 342
1 9 2
214 258
1 9 2
212 458
1 11 2
112 414
1 10 2
78 94
1 13 2
41 327
1 14 2
240 268
1 15 2
79 123
1 5 2
208 469
1 5 2
144 391
1 5 2
126 447
1 2 2
283 332
1 12 2
20 321
1 14 2
19 184
1 5 2
27 198
1 6 2
227 402
1 4 2
79 144
1 9 2
121 493
1 11 2
162 207
1 7 2
115 126
1 10 2
37 126
1 10 2
60 488
1 7 2
33 325
1 6 2
111 346
1 11 2
307 432
1 15 2
128 207
1 7 2
218 440
1 8 2
409 479
1 8 2
208 305
1 13 2
117 431
1 4 2
182 227
1 11 2
116 163
1 4 2
216 499
1 3 2
403 461
1 13 2
426 436
1 5 2
17 250
1 10 2
173 419
1 10 2
160 496
1 10 2
255 476
1 11 2
311 442
1 4 2
171 319
1 3 2
121 144
1 5 2
316 408
1 9 2
30 281
1 10 2
357 465
1 15 2
138 168
1 3 2
378 496
1 9 2
205 312
1 15 2
5 15
1 3 2
79 403
1 7 2
288 320
1 5 2
139 324
1 13 2
113 491
1 15 2
61 100
1 3 2
59 455
1 2 2
309 374
1 5 2
68 108
1 12 2
5 102
1 9 2
41 178
1 3 2
68 249
1 13 2
8 346
1 3 2
292 401
1 6 2
125 376
1 12 2
75 327
1 5 2
273 405
1 8 2
64 322
1 3 2
78 285
1 9 2
64 403
1 15 2
335 414
1 11 2
319 403
1 15 2
187 277
1 7 2
360 385
1 10 2
83 370
1 2 2
383 391
1 15 2
185 231
1 5 2
141 189
1 14 2
304 430
1 8 2
397 402
1 9 2
16 113
1 9 2
250 356
1 2 2
117 406
1 15 2
101 441
1 7 2
82 468
1 10 2
3 479
1 5 2
36 431
1 5 2
27 81
1 5 2
184 480
1 12 2
253 379
1 13 2
88 493
1 14 2
239 263
1 13 2
127 272
1 11 2
318 331
1 9 2
349 495
1 12 2
273 377
1 14 2
190 328
1 6 2
61 234
1 15 2
101 167
1 8 2
11 196
1 4 2
208 412
1 2 2
289 384
1 14 2
257 443
1 3 2
105 280
1 5 2
28 180
1 10 2
356 494
1 4 2
460 470
1 2 2
0 193
1 15 2
174 178
1 8 2
39 470
1 7 2
166 281
1 5 2
44 257
1 13 2
72 493
1 6 2
106 338
1 14 2
177 227
1 11 2
333 339
1 14 2
33 73
1 7 2
301 452
1 3 2
123 390
1 10 2
147 496
1 15 2
261 348
1 14 2
55 340
1 7 2
124 290
1 5 2
159 494
1 15 2
233 289
1 13 2
29 425
1 8 2
73 495
1 2 2
298 365
1 15 2
216 449
1 4 2
322 368
1 6 2
67 446
1 7 2
111 284
1 13 2
258 472
1 15 2
293 367
1 2 2
248 362
1 15 2
206 272
1 9 2
306 450
1 7 2
196 480
1 10 2
80 256
1 14 2
93 326
1 7 2
14 430
1 2 2
63 151
1 3 2
93 244
1 12 2
108 129
1 8 2
218 467
1 5 2
147 361
1 9 2
72 259
1 13 2
92 301
1 11 2
258 365
1 8 2
78 137
1 15 2
146 252
1 8 2
144 160
1 6 2
303 371
1 6 2
99 252
1 15 2
115 217
1 4 2
94 289
1 8 2
100 448
1 15 2
93 474
1 9 2
284 385
1 3 2
288 295
1 15 2
376 499
1 11 2
14 415
1 4 2
6 330
1 4 2
376 421
1 7 2
109 118
1 11 2
103 302
1 5 2
23 429
1 4 2
48 171
1 10 2
253 275
1 4 2
316 457
1 8 2
10 413
1 8 2
59 177
1 9 2
119 271
1 14 2
235 399
1 4 2
58 345
1 6 2
235 319
1 4 2
10 308
1 19 2
57 443
1 22 2
58 276
1 16 2
213 349
1 13 2
10 401
1 27 2
266 469
1 20 2
101 459
1 8 2
263 406
1 23 2
281 437
1 25 2
117 321
1 24 2
341 404
1 20 2
167 368
1 21 2
110 195
1 26 2
53 190
1 22 2
23 113
1 27 2
117 462
1 25 2
173 374
1 12 2
143 424
1 14 2
234 423
1 16 2
328 458
1 17 2
74 175
1 24 2
26 102
1 23 2
33 333
1 9 2
179 296
1 24 2
260 380
1 21 2
139 400
1 23 2
87 204
1 13 2
317 450
1 17 2
466 487
1 22 2
34 452
1 12 2
252 485
1 11 2
43 413
1 26 2
152 201
1 11 2
11 240
1 19 2
131 289
1 17 2
381 414
1 13 2
208 298
1 20 2
333 435
