500 2966 2500
22 10 17 23 7 25 14 15 14 17 9 16 22 25 14 25 5 20 24 17 8 16 10 22 6 21 18 24 24 13 21 18 24 23 23 8 11 15 16 11 23 19 22 25 19 12 23 25 22 24 12 12 12 18 10 20 16 23 5 21 11 23 10 14 8 15 18 11 20 8 6 23 5 20 6 18 21 24 21 6 8 12 25 12 14 5 9 20 6 10 25 8 9 19 12 19 9 23 22 22 19 22 12 5 20 23 12 22 22 7 7 7 5 10 24 16 5 8 11 5 25 24 13 22 7 11 9 7 25 10 22 6 16 21 9 5 10 23 9 5 25 10 14 11 21 9 18 5 8 20 6 18 25 14 22 5 16 8 18 8 23 5 7 5 8 11 8 7 8 20 10 19 24 7 14 5 18 9 9 22 18 9 20 7 14 25 16 11 18 25 15 19 7 24 5 11 10 11 10 19 7 17 10 25 12 12 7 9 16 12 13 22 22 23 17 19 7 14 7 6 19 15 14 7 23 12 19 16 22 7 9 16 6 9 12 24 9 8 18 23 25 6 15 19 9 11 9 7 11 12 6 13 11 24 10 20 17 9 7 7 10 7 21 12 10 22 20 12 18 9 13 25 17 18 25 19 17 5 6 24 18 6 19 8 16 8 14 11 15 21 25 21 20 13 8 12 15 8 7 20 21 9 6 24 22 10 18 13 22 10 5 20 7 7 17 9 5 11 6 19 10 21 25 10 19 24 20 14 14 11 18 21 14 17 8 17 14 12 9 20 9 17 10 14 14 20 8 16 11 21 6 16 5 10 8 11 6 6 25 18 6 18 13 15 22 12 25 11 19 18 15 17 17 7 8 9 20 11 9 6 14 16 19 5 8 14 6 19 7 16 5 10 6 21 7 21 20 8 6 19 15 7 22 10 22 21 23 24 12 22 5 15 16 24 16 8 16 25 22 25 6 11 19 21 24 17 24 21 9 18 21 21 6 24 5 12 21 5 14 7 16 13 18 12 20 18 10 11 22 19 8 23 25 20 11 16 10 25 5 15 14 8 24 10 10 6 25 13 7 6 6 12 24 16 10 16 17 12 9 6 10 24 5 22 6 5 12 17 5 24 24 21 6 18 7 18 25 9 23 21
3 16 8 18 14 19 19 19 20 7 10 6 7 15 3 20 13 8 7 13 14 16 13 13 9 3 13 9 19 18 6 17 20 20 9 18 3 8 12 19 8 7 15 14 9 7 12 20 15 4 13 15 4 6 15 10 15 10 9 18 20 18 9 17 12 10 7 11 3 19 7 3 14 19 4 9 3 13 5 19 9 8 17 20 15 7 15 13 14 14 14 20 20 16 19 18 4 15 6 10 3 4 3 4 9 5 14 18 18 15 4 20 9 4 11 20 12 9 17 20 5 10 12 14 9 12 8 11 12 4 15 15 19 5 7 3 18 18 4 18 10 6 7 10 5 17 12 6 4 15 8 11 20 17 9 13 15 15 10 8 9 10 3 12 5 11 7 3 9 14 19 8 4 14 5 19 10 15 9 11 7 19 3 15 15 14 16 15 4 6 11 10 6 14 19 18 4 7 10 12 7 10 16 15 5 8 8 15 8 20 17 12 6 11 7 5 10 8 11 18 8 5 12 10 12 17 18 19 8 3 16 7 15 20 3 8 9 6 12 7 19 10 4 7 11 8 17 4 14 6 11 6 17 10 6 7 3 6 13 19 7 13 3 19 9 9 5 9 6 17 4 11 9 19 7 4 13 5 4 9 7 9 19 20 18 3 4 5 16 10 15 10 16 15 14 17 4 7 19 11 11 14 11 3 11 16 4 6 11 10 16 20 14 4 11 10 14 9 15 13 18 20 14 7 8 4 3 10 18 5 19 5 8 8 4 8 6 6 19 13 5 8 10 14 20 11 20 20 5 8 11 3 10 9 5 3 19 20 4 15 19 11 10 20 5 3 10 3 13 18 19 13 11 9 20 8 12 14 5 12 16 4 16 19 5 14 15 9 18 13 20 19 5 19 4 17 13 18 4 4 5 12 7 7 10 15 12 9 4 13 10 6 3 5 7 13 4 17 11 14 18 18 4 14 9 17 18 3 20 11 15 7 4 5 17 5 11 13 12 13 11 13 4 10 6 5 6 3 16 14 8 15 3 16 17 5 11 9 13 17 8 4 6 18 3 17 19 10 7 9 20 7 7 6 13 17 18 9 19 9 20 6 8 11 4 20 14 5 14 6 9 9 11 19 7 6 3 15 10 5
1 7 2
141 349
1 6 2
376 489
1 4 2
361 486
1 7 2
89 424
1 8 2
156 421
1 15 2
134 325
1 11 2
59 244
1 14 2
44 147
1 9 2
122 191
1 5 2
188 451
1 8 2
93 417
1 8 2
36 477
1 2 2
310 373
1 5 2
34 198
1 12 2
97 385
1 9 2
129 348
1 15 2
104 435
1 7 2
61 240
1 2 2
111 150
1 8 2
35 196
1 8 2
21 28
1 8 2
343 460
1 8 2
275 288
1 7 2
89 165
1 7 2
142 165
1 10 2
164 437
1 13 2
26 241
1 15 2
132 309
1 3 2
69 231
1 3 2
31 152
1 11 2
331 347
1 8 2
12 352
1 8 2
394 454
1 14 2
50 253
1 7 2
6 45
1 5 2
168 322
1 9 2
212 255
1 5 2
195 389
1 15 2
250 297
1 5 2
131 313
1 2 2
175 441
1 12 2
13 322
1 14 2
0 169
1 2 2
308 317
1 4 2
271 283
1 13 2
83 391
1 3 2
314 383
1 3 2
112 289
1 10 2
365 406
1 13 2
246 391
1 15 2
48 352
1 3 2
370 453
1 4 2
289 475
1 13 2
225 370
1 4 2
232 279
1 9 2
23 397
1 9 2
384 483
1 8 2
295 369
1 5 2
67 198
1 6 2
285 363
1 9 2
131 144
1 10 2
162 446
1 8 2
65 483
1 11 2
275 408
1 15 2
55 328
1 9 2
138 190
1 6 2
103 378
1 14 2
20 499
1 12 2
155 456
1 5 2
19 102
1 8 2
172 420
1 8 2
198 427
1 4 2
461 466
1 12 2
122 275
1 13 2
290 495
1 2 2
362 366
1 14 2
129 253
1 12 2
288 383
1 9 2
458 492
1 7 2
3 129
1 5 2
385 478
1 8 2
61 132
1 8 2
120 320
1 9 2
160 450
1 8 2
105 275
1 3 2
67 347
1 7 2
134 155
1 9 2
5 138
1 7 2
35 287
1 12 2
90 210
1 4 2
52 157
1 13 2
119 174
1 2 2
179 345
1 11 2
424 427
1 10 2
363 379
1 10 2
56 241
1 8 2
15 98
1 4 2
131 412
1 10 2
57 396
1 7 2
20 141
1 13 2
135 350
1 3 2
139 197
1 10 2
45 215
1 3 2
25 278
1 14 2
40 367
1 9 2
123 409
1 2 2
1 117
1 6 2
231 249
1 15 2
61 317
1 8 2
45 86
1 13 2
336 375
1 7 2
165 250
1 9 2
89 158
1 11 2
335 364
1 2 2
57 482
1 15 2
106 495
1 10 2
141 479
1 15 2
234 296
1 6 2
300 406
1 11 2
19 141
1 8 2
292 379
1 3 2
93 155
1 5 2
156 249
1 13 2
267 303
1 7 2
334 391
1 4 2
87 103
1 6 2
254 474
1 14 2
135 200
1 8 2
70 384
1 2 2
228 353
1 13 2
65 358
1 12 2
60 333
1 11 2
159 234
1 8 2
48 149
1 12 2
130 184
1 10 2
3 66
1 9 2
168 483
1 6 2
175 426
1 2 2
110 344
1 9 2
428 485
1 2 2
15 179
1 4 2
294 434
1 11 2
345 479
1 10 2
28 180
1 6 2
25 388
1 11 2
155 374
1 14 2
139 415
1 4 2
120 349
1 5 2
200 441
1 5 2
57 361
1 7 2
64 220
1 4 2
175 242
1 8 2
295 380
1 5 2
167 316
1 11 2
163 256
1 2 2
0 343
1 2 2
208 361
1 11 2
79 324
1 9 2
141 345
1 7 2
234 351
1 4 2
166 407
1 9 2
229 239
1 7 2
97 125
1 4 2
266 367
1 4 2
119 351
1 9 2
186 332
1 11 2
1 263
1 13 2
44 136
1 10 2
111 300
1 5 2
327 440
1 12 2
169 384
1 14 2
125 340
1 5 2
272 486
1 13 2
276 407
1 2 2
159 184
1 6 2
166 364
1 8 2
19 327
1 10 2
362 477
1 6 2
207 278
1 14 2
264 315
1 2 2
287 307
1 12 2
318 461
1 7 2
52 417
1 7 2
22 87
1 8 2
252 336
1 2 2
8 186
1 8 2
294 301
1 2 2
365 377
1 14 2
30 41
1 5 2
254 482
1 4 2
193 289
1 13 2
6 483
1 5 2
136 423
1 10 2
268 394
1 11 2
285 347
1 3 2
167 221
1 3 2
201 484
1 14 2
1 314
1 12 2
155 435
1 9 2
156 362
1 10 2
79 372
1 3 2
164 181
1 15 2
18 244
1 3 2
186 329
1 14 2
174 175
1 9 2
313 412
1 15 2
26 193
1 11 2
319 335
1 2 2
312 498
1 11 2
238 444
1 8 2
75 432
1 10 2
204 309
1 13 2
97 453
1 5 2
105 315
1 13 2
300 389
1 10 2
240 488
1 15 2
199 471
1 3 2
222 235
1 6 2
126 190
1 9 2
284 455
1 12 2
232 238
1 9 2
295 348
1 11 2
176 304
1 7 2
251 419
1 9 2
152 212
1 10 2
192 373
1 6 2
303 360
1 12 2
222 254
1 4 2
247 333
1 5 2
294 328
1 9 2
103 254
1 15 2
248 334
1 10 2
148 412
1 4 2
447 491
1 10 2
105 493
1 3 2
468 484
1 8 2
181 258
1 5 2
276 307
1 14 2
153 312
1 7 2
135 447
1 9 2
5 295
1 4 2
204 429
1 6 2
248 469
1 13 2
98 195
1 15 2
86 230
1 9 2
40 292
1 6 2
57 376
1 3 2
174 433
1 8 2
296 375
1 11 2
383 410
1 14 2
25 63
1 11 2
112 287
1 13 2
11 361
1 14 2
349 376
1 7 2
46 343
1 4 2
436 497
1 9 2
336 373
1 10 2
430 456
1 13 2
96 206
1 5 2
24 415
1 10 2
90 342
1 8 2
342 443
1 2 2
40 275
1 12 2
277 425
1 3 2
238 350
1 10 2
373 417
1 11 2
130 434
1 7 2
93 346
1 11 2
143 171
1 3 2
93 238
1 10 2
32 290
1 4 2
229 451
1 5 2
4 235
1 2 2
312 316
1 14 2
77 102
1 5 2
417 471
1 14 2
180 200
1 11 2
342 359
1 5 2
329 369
1 6 2
96 391
1 5 2
310 323
1 11 2
184 443
1 12 2
195 343
1 14 2
451 492
1 9 2
314 440
1 2 2
61 101
1 14 2
155 348
1 7 2
191 453
1 11 2
124 128
1 15 2
150 291
1 5 2
265 362
1 12 2
79 430
1 10 2
104 255
1 3 2
303 324
1 11 2
56 67
1 3 2
132 466
1 2 2
333 402
1 13 2
101 111
1 15 2
230 460
1 9 2
84 396
1 4 2
170 426
1 15 2
37 337
1 15 2
164 311
1 2 2
35 53
1 9 2
136 200
1 4 2
461 463
1 7 2
305 371
1 15 2
54 398
1 15 2
195 246
1 13 2
64 446
1 5 2
219 353
1 9 2
372 475
1 11 2
16 285
1 12 2
381 451
1 2 2
58 432
1 8 2
119 443
1 13 2
426 478
1 10 2
47 91
1 4 2
58 313
1 12 2
147 477
1 13 2
145 406
1 8 2
169 467
1 13 2
14 338
1 5 2
65 422
1 3 2
197 200
1 5 2
81 389
1 3 2
69 242
1 7 2
273 339
1 14 2
353 390
1 11 2
284 390
1 5 2
271 364
1 8 2
480 489
1 13 2
9 95
1 5 2
240 314
1 3 2
164 308
1 3 2
339 363
1 11 2
5 304
1 9 2
337 392
1 14 2
13 148
1 15 2
248 401
1 10 2
21 497
1 12 2
356 454
1 14 2
8 450
1 14 2
124 273
1 3 2
120 343
1 8 2
21 180
1 9 2
147 163
1 3 2
121 144
1 14 2
323 486
1 3 2
385 405
1 10 2
204 338
1 6 2
26 271
1 3 2
97 381
1 7 2
89 175
1 12 2
74 391
1 9 2
101 253
1 11 2
13 215
1 15 2
90 105
1 14 2
133 393
1 3 2
125 497
1 2 2
172 487
1 8 2
132 442
1 3 2
8 337
1 12 2
352 370
1 14 2
149 188
1 13 2
146 406
1 8 2
266 418
1 2 2
154 398
1 11 2
230 261
1 7 2
65 255
1 13 2
28 299
1 9 2
356 429
1 4 2
64 497
1 3 2
112 233
1 15 2
163 196
1 14 2
295 316
1 10 2
139 432
1 3 2
76 197
1 15 2
388 442
1 14 2
42 492
1 15 2
55 433
1 8 2
64 149
1 11 2
25 248
1 4 2
7 486
1 10 2
330 383
1 3 2
30 392
1 4 2
34 374
1 12 2
142 453
1 11 2
362 481
1 10 2
161 394
1 4 2
55 239
1 12 2
306 482
1 5 2
35 308
1 15 2
333 423
1 2 2
46 426
1 4 2
141 172
1 7 2
218 416
1 7 2
104 314
1 7 2
31 307
1 8 2
253 281
1 7 2
79 486
1 12 2
269 363
1 7 2
404 495
1 7 2
28 349
1 10 2
376 436
1 8 2
293 490
1 2 2
234 392
1 3 2
27 243
1 2 2
322 462
1 15 2
38 372
1 5 2
17 143
1 2 2
160 481
1 6 2
109 318
1 12 2
60 101
1 5 2
347 461
1 5 2
133 255
1 4 2
43 395
1 3 2
143 349
1 14 2
49 384
1 7 2
4 483
1 4 2
18 301
1 11 2
103 127
1 15 2
107 314
1 6 2
231 471
1 9 2
126 456
1 3 2
47 271
1 15 2
124 221
1 14 2
54 79
1 13 2
119 350
1 9 2
156 404
1 8 2
65 478
1 6 2
201 298
1 10 2
196 201
1 12 2
39 76
1 7 2
134 414
1 12 2
168 200
1 15 2
213 380
1 3 2
318 335
1 5 2
191 283
1 5 2
3 291
1 5 2
25 414
1 14 2
384 433
1 15 2
117 391
1 8 2
179 271
1 13 2
394 498
1 11 2
455 460
1 14 2
176 327
1 10 2
194 274
1 3 2
40 86
1 8 2
147 371
1 4 2
94 439
1 15 2
205 370
1 4 2
209 312
1 13 2
312 460
1 3 2
5 233
1 11 2
6 180
1 5 2
108 348
1 7 2
378 460
1 15 2
338 412
1 3 2
155 255
1 7 2
94 434
1 7 2
220 305
1 5 2
275 320
1 4 2
102 316
1 12 2
222 363
1 15 2
57 261
1 8 2
47 119
1 9 2
154 496
1 4 2
486 490
1 10 2
252 340
1 12 2
53 493
1 14 2
371 377
1 8 2
103 114
1 6 2
138 177
1 12 2
74 208
1 10 2
172 188
1 8 2
340 431
1 12 2
296 318
1 3 2
120 339
1 7 2
198 317
1 13 2
193 252
1 6 2
46 487
1 15 2
339 382
1 8 2
283 323
1 8 2
225 473
1 14 2
254 322
1 2 2
151 391
1 12 2
267 346
1 8 2
184 455
1 11 2
13 488
1 5 2
59 401
1 15 2
31 124
1 9 2
434 457
1 14 2
48 446
1 14 2
457 463
1 11 2
22 393
1 5 2
395 448
1 10 2
4 374
1 2 2
73 326
1 4 2
189 373
1 13 2
51 471
1 5 2
81 217
1 12 2
104 179
1 12 2
143 286
1 2 2
89 432
1 6 2
171 390
1 12 2
451 484
1 10 2
370 495
1 15 2
169 371
1 5 2
157 240
1 11 2
335 498
1 13 2
307 384
1 5 2
179 427
1 11 2
159 316
1 8 2
387 397
1 8 2
240 301
1 15 2
150 395
1 6 2
85 118
1 9 2
110 497
1 11 2
295 472
1 12 2
62 245
1 8 2
88 129
1 12 2
175 203
1 11 2
50 347
1 9 2
94 197
1 3 2
363 370
1 7 2
207 258
1 12 2
392 464
1 8 2
206 239
1 11 2
309 354
1 6 2
135 149
1 2 2
5 253
1 2 2
242 450
1 11 2
5 31
1 8 2
348 448
1 10 2
94 208
1 7 2
344 424
1 4 2
245 400
1 9 2
160 289
1 4 2
10 417
1 11 2
159 218
1 12 2
367 398
1 12 2
57 79
1 15 2
317 403
1 7 2
86 467
1 8 2
8 246
1 14 2
56 246
1 6 2
426 487
1 4 2
147 288
1 7 2
88 239
1 5 2
91 172
1 9 2
197 438
1 14 2
194 343
1 13 2
204 397
1 5 2
269 498
1 7 2
181 340
1 7 2
46 324
1 15 2
269 462
1 14 2
435 461
1 3 2
197 420
1 4 2
70 93
1 14 2
192 239
1 6 2
346 362
1 6 2
16 206
1 4 2
5 329
1 9 2
34 119
1 9 2
37 427
1 14 2
250 376
1 13 2
166 458
1 6 2
189 359
1 2 2
83 124
1 11 2
77 448
1 3 2
106 227
1 3 2
440 453
1 5 2
301 423
1 4 2
276 466
1 3 2
200 401
1 10 2
184 451
1 12 2
278 326
1 10 2
33 293
1 3 2
408 464
1 15 2
294 381
1 2 2
98 299
1 10 2
150 207
1 2 2
228 304
1 11 2
208 341
1 3 2
275 312
1 7 2
106 486
1 3 2
48 491
1 13 2
181 435
1 9 2
287 348
1 7 2
171 250
1 3 2
185 235
1 14 2
315 437
1 11 2
191 373
1 7 2
372 408
1 15 2
441 467
1 4 2
89 181
1 2 2
48 52
1 14 2
65 373
1 14 2
80 304
1 5 2
215 257
1 8 2
350 489
1 12 2
97 430
1 15 2
205 382
1 14 2
120 347
1 9 2
157 499
1 13 2
100 260
1 11 2
233 490
1 14 2
108 149
1 9 2
321 377
1 9 2
209 367
1 4 2
33 40
1 2 2
245 411
1 4 2
204 313
1 14 2
42 379
1 4 2
97 260
1 5 2
249 294
1 6 2
55 140
1 6 2
6 305
1 15 2
176 318
1 9 2
297 406
1 8 2
20 385
1 10 2
398 483
1 8 2
181 447
1 14 2
85 188
1 8 2
43 164
1 6 2
82 265
1 14 2
81 148
1 6 2
261 400
1 3 2
7 19
1 2 2
45 449
1 2 2
68 443
1 11 2
30 71
1 12 2
172 388
1 10 2
65 370
1 5 2
205 218
1 15 2
20 145
1 8 2
152 471
1 8 2
199 242
1 10 2
13 101
1 12 2
262 279
1 10 2
311 473
1 5 2
114 293
1 13 2
29 74
1 11 2
216 340
1 14 2
141 348
1 10 2
7 60
1 6 2
323 411
1 12 2
1 58
1 12 2
168 255
1 14 2
118 209
1 6 2
41 346
1 9 2
47 418
1 4 2
220 443
1 2 2
35 344
1 3 2
378 472
1 9 2
321 358
1 10 2
72 177
1 4 2
194 455
1 15 2
172 227
1 9 2
136 383
1 14 2
124 156
1 7 2
182 201
1 10 2
46 439
1 5 2
49 102
1 9 2
93 274
1 15 2
90 494
1 4 2
241 412
1 5 2
193 240
1 10 2
35 325
1 14 2
118 257
1 6 2
44 106
1 14 2
182 214
1 7 2
322 335
1 11 2
264 485
1 8 2
372 447
1 9 2
10 28
1 2 2
243 309
1 11 2
388 428
1 11 2
32 135
1 14 2
240 353
1 4 2
108 420
1 9 2
324 343
1 6 2
187 325
1 8 2
101 261
1 13 2
59 157
1 7 2
75 429
1 12 2
50 246
1 13 2
104 233
1 6 2
141 475
1 13 2
385 419
1 8 2
25 456
1 2 2
151 161
1 6 2
262 448
1 13 2
362 387
1 14 2
279 338
1 5 2
36 133
1 4 2
156 337
1 12 2
137 142
1 11 2
123 233
1 2 2
251 370
1 3 2
104 294
1 9 2
130 148
1 14 2
0 209
1 8 2
91 324
1 13 2
119 191
1 4 2
114 417
1 10 2
198 485
1 15 2
113 308
1 3 2
114 227
1 9 2
298 419
1 13 2
408 414
1 8 2
172 407
1 9 2
225 401
1 10 2
125 249
1 4 2
223 484
1 2 2
150 176
1 5 2
288 488
1 11 2
68 205
1 15 2
304 330
1 4 2
31 345
1 7 2
298 443
1 12 2
97 254
1 15 2
2 208
1 7 2
43 220
1 11 2
147 405
1 6 2
287 482
1 7 2
123 416
1 8 2
199 223
1 14 2
197 222
1 5 2
119 369
1 5 2
258 475
1 13 2
168 264
1 8 2
80 346
1 4 2
14 410
1 7 2
386 450
1 3 2
212 269
1 11 2
64 113
1 10 2
110 252
1 6 2
13 305
1 7 2
196 252
1 7 2
325 423
1 2 2
399 406
1 2 2
6 469
1 7 2
53 287
1 11 2
52 413
1 9 2
65 451
1 15 2
264 361
1 13 2
59 151
1 5 2
118 223
1 8 2
195 428
1 10 2
103 260
1 6 2
202 273
1 9 2
246 343
1 14 2
67 376
1 6 2
168 311
1 10 2
80 188
1 8 2
179 336
1 3 2
189 286
1 9 2
121 335
1 11 2
94 259
1 7 2
94 214
1 4 2
164 206
1 14 2
273 292
1 13 2
357 446
1 12 2
27 32
1 7 2
476 495
1 2 2
285 439
1 13 2
9 425
1 5 2
330 362
1 6 2
247 419
1 13 2
43 249
1 5 2
202 422
1 11 2
188 378
1 14 2
83 319
1 5 2
192 387
1 15 2
119 470
1 9 2
73 365
1 12 2
155 301
1 3 2
101 227
1 3 2
194 384
1 7 2
262 273
1 12 2
187 248
1 15 2
173 222
1 5 2
1 218
1 9 2
78 393
1 4 2
103 146
1 6 2
228 426
1 2 2
350 457
1 7 2
140 175
1 12 2
58 158
1 8 2
128 470
1 13 2
359 388
1 12 2
121 486
1 11 2
300 316
1 6 2
231 416
1 10 2
8 219
1 11 2
325 375
1 13 2
229 482
1 4 2
83 200
1 4 2
38 392
1 10 2
77 264
1 10 2
36 336
1 13 2
50 135
1 9 2
72 155
1 12 2
178 425
1 7 2
289 368
1 11 2
142 490
1 4 2
430 447
1 2 2
230 269
1 15 2
237 363
1 5 2
212 476
1 15 2
149 332
1 2 2
149 391
1 14 2
49 140
1 5 2
50 207
1 4 2
111 329
1 15 2
52 243
1 4 2
11 467
1 11 2
406 409
1 10 2
16 448
1 6 2
139 193
1 6 2
95 171
1 12 2
145 298
1 11 2
228 422
1 7 2
161 266
1 4 2
255 270
1 5 2
144 187
1 2 2
33 154
1 12 2
17 308
1 14 2
49 86
1 11 2
402 490
1 14 2
175 391
1 3 2
140 361
1 13 2
175 375
1 12 2
84 108
1 2 2
171 318
1 4 2
190 311
1 5 2
172 318
1 13 2
97 295
1 10 2
370 396
1 7 2
51 442
1 9 2
329 431
1 10 2
12 87
1 15 2
267 456
1 7 2
221 410
1 11 2
8 332
1 5 2
240 403
1 14 2
131 325
1 7 2
121 233
1 13 2
310 414
1 9 2
151 159
1 12 2
79 368
1 10 2
4 239
1 14 2
56 380
1 11 2
340 459
1 13 2
10 414
1 2 2
425 432
1 3 2
144 424
1 3 2
329 432
1 2 2
166 261
1 14 2
79 474
1 2 2
223 288
1 8 2
452 463
1 7 2
45 364
1 8 2
340 434
1 13 2
315 349
1 14 2
389 454
1 15 2
210 349
1 8 2
99 252
1 13 2
135 476
1 11 2
265 482
1 7 2
283 376
1 3 2
14 486
1 13 2
82 416
1 15 2
100 293
1 10 2
485 496
1 12 2
171 199
1 13 2
112 467
1 3 2
36 352
1 5 2
174 305
1 13 2
254 465
1 7 2
440 446
1 2 2
269 464
1 14 2
237 343
1 4 2
25 187
1 2 2
121 129
1 11 2
276 464
1 5 2
257 260
1 8 2
128 422
1 14 2
148 335
1 5 2
339 450
1 3 2
360 384
1 5 2
61 241
1 13 2
267 352
1 12 2
277 410
1 3 2
69 461
1 8 2
84 480
1 11 2
63 398
1 9 2
272 278
1 11 2
215 437
1 7 2
3 185
1 6 2
379 461
1 2 2
152 354
1 5 2
80 347
1 10 2
150 357
1 10 2
358 479
1 11 2
405 432
1 3 2
190 445
1 9 2
109 182
1 15 2
104 224
1 4 2
184 368
1 7 2
464 477
1 7 2
20 491
1 3 2
12 69
1 6 2
290 419
1 9 2
56 81
1 13 2
5 373
1 2 2
77 195
1 2 2
291 317
1 11 2
207 298
1 9 2
208 397
1 12 2
157 243
1 13 2
119 434
1 7 2
310 317
1 2 2
124 135
1 2 2
265 431
1 11 2
199 323
1 11 2
61 463
1 15 2
263 346
1 2 2
201 332
1 3 2
197 427
1 14 2
18 46
1 10 2
344 482
1 7 2
38 175
1 4 2
324 384
1 13 2
220 232
1 13 2
131 265
1 14 2
29 258
1 5 2
306 466
1 4 2
73 398
1 15 2
181 349
1 5 2
233 394
1 9 2
20 74
1 3 2
268 407
1 8 2
23 248
1 4 2
329 403
1 3 2
107 333
1 14 2
1 45
1 15 2
101 167
1 3 2
76 345
1 2 2
281 431
1 7 2
52 239
1 8 2
315 447
1 5 2
125 198
1 5 2
79 210
1 11 2
113 133
1 12 2
299 315
1 14 2
84 342
1 10 2
143 435
1 5 2
22 172
1 15 2
133 224
1 12 2
120 277
1 7 2
93 349
1 4 2
178 204
1 14 2
53 279
1 2 2
197 488
1 5 2
19 109
1 13 2
122 314
1 15 2
113 213
1 7 2
153 472
1 5 2
144 335
1 12 2
353 485
1 3 2
388 436
1 8 2
4 136
1 10 2
45 434
1 2 2
167 445
1 14 2
490 492
1 14 2
43 304
1 13 2
311 348
1 13 2
383 494
1 8 2
284 432
1 15 2
225 461
1 8 2
123 436
1 14 2
243 379
1 5 2
187 470
1 6 2
405 477
1 14 2
245 356
1 11 2
157 352
1 2 2
258 383
1 9 2
73 497
1 15 2
60 211
1 2 2
42 298
1 3 2
252 477
1 4 2
234 428
1 12 2
39 495
1 11 2
185 335
1 14 2
20 158
1 7 2
174 449
1 12 2
295 374
1 2 2
47 61
1 5 2
433 437
1 4 2
41 336
1 15 2
3 101
1 10 2
358 490
1 15 2
33 258
1 7 2
17 104
1 7 2
50 88
1 15 2
90 203
1 14 2
95 150
1 14 2
100 437
1 14 2
171 310
1 5 2
126 197
1 10 2
104 161
1 7 2
196 383
1 2 2
286 337
1 3 2
116 167
1 14 2
217 223
1 3 2
163 421
1 8 2
188 311
1 5 2
380 497
1 4 2
27 261
1 9 2
7 306
1 5 2
36 143
1 2 2
84 353
1 15 2
422 436
1 12 2
221 434
1 10 2
81 189
1 8 2
180 185
1 8 2
25 302
1 14 2
13 47
1 9 2
17 172
1 4 2
397 415
1 9 2
2 499
1 14 2
311 459
1 2 2
160 262
1 8 2
98 251
1 4 2
236 483
1 15 2
188 202
1 11 2
74 283
1 5 2
54 375
1 14 2
313 460
1 15 2
204 378
1 8 2
156 172
1 3 2
115 135
1 12 2
161 417
1 6 2
285 454
1 14 2
313 493
1 7 2
121 346
1 6 2
19 341
1 9 2
59 320
1 12 2
353 370
1 5 2
122 378
1 5 2
177 211
1 3 2
30 171
1 15 2
43 254
1 10 2
11 485
1 13 2
241 364
1 12 2
368 416
1 13 2
140 412
1 4 2
282 286
1 10 2
49 135
1 5 2
8 417
1 3 2
88 383
1 5 2
63 150
1 4 2
150 285
1 4 2
154 269
1 6 2
70 172
1 4 2
3 405
1 14 2
310 330
1 10 2
17 94
1 8 2
80 259
1 6 2
75 442
1 13 2
187 234
1 15 2
456 470
1 2 2
38 220
1 15 2
26 381
1 11 2
232 442
1 9 2
275 334
1 12 2
102 430
1 3 2
73 288
1 10 2
186 463
1 8 2
402 480
1 2 2
188 498
1 7 2
156 466
1 6 2
12 365
1 11 2
308 410
1 12 2
98 429
1 8 2
180 252
1 15 2
78 211
1 2 2
304 390
1 8 2
309 387
1 13 2
253 498
1 15 2
315 480
1 7 2
101 134
1 9 2
51 180
1 5 2
172 267
1 2 2
132 173
1 7 2
217 253
1 9 2
137 267
1 8 2
28 167
1 13 2
52 226
1 12 2
49 199
1 2 2
197 366
1 8 2
106 244
1 14 2
380 467
1 2 2
451 474
1 14 2
263 324
1 7 2
149 464
1 3 2
34 47
1 14 2
8 67
1 9 2
186 407
1 2 2
222 265
1 15 2
183 352
1 9 2
205 284
1 8 2
13 421
1 12 2
5 292
1 4 2
291 464
1 11 2
282 424
1 5 2
329 446
1 5 2
63 291
1 7 2
40 170
1 7 2
81 376
1 13 2
226 478
1 11 2
131 212
1 14 2
96 219
1 7 2
136 373
1 2 2
178 258
1 5 2
127 187
1 13 2
220 397
1 12 2
181 367
1 11 2
146 447
1 7 2
268 418
1 2 2
44 385
1 9 2
291 390
1 3 2
219 491
1 12 2
261 404
1 12 2
111 491
1 14 2
8 109
1 13 2
300 478
1 7 2
267 486
1 13 2
141 294
1 9 2
86 199
1 6 2
80 139
1 13 2
196 368
1 3 2
160 184
1 6 2
1 28
1 7 2
49 459
1 11 2
213 440
1 11 2
370 399
1 4 2
143 481
1 12 2
362 412
1 3 2
42 297
1 15 2
276 370
1 9 2
85 375
1 9 2
137 303
1 5 2
171 344
1 8 2
348 465
1 14 2
183 214
1 3 2
34 252
1 9 2
18 125
1 13 2
140 185
1 6 2
74 200
1 11 2
165 172
1 14 2
156 256
1 5 2
173 490
1 12 2
251 467
1 5 2
107 353
1 7 2
206 399
1 15 2
36 118
1 9 2
47 228
1 2 2
246 278
1 13 2
363 389
1 14 2
309 487
1 10 2
125 409
1 4 2
131 324
1 7 2
127 290
1 5 2
3 419
1 12 2
375 410
1 6 2
74 492
1 6 2
486 487
1 4 2
0 237
1 15 2
172 369
1 6 2
218 236
1 7 2
243 402
1 10 2
75 139
1 2 2
202 447
1 4 2
202 363
1 14 2
262 473
1 7 2
108 284
1 10 2
7 16
1 15 2
445 451
1 6 2
108 222
1 4 2
115 459
1 3 2
18 355
1 4 2
213 475
1 9 2
16 347
1 13 2
57 290
1 5 2
103 278
1 6 2
115 389
1 7 2
451 464
1 8 2
51 338
1 8 2
23 384
1 9 2
368 422
1 6 2
235 340
1 7 2
121 146
1 7 2
170 436
1 5 2
79 107
1 6 2
181 363
1 5 2
106 338
1 5 2
147 391
1 14 2
69 210
1 13 2
317 462
1 10 2
302 424
1 10 2
256 364
1 5 2
29 261
1 14 2
246 485
1 15 2
32 204
1 14 2
149 351
1 14 2
7 55
1 13 2
119 153
1 6 2
410 483
1 12 2
313 334
1 6 2
188 385
1 12 2
154 424
1 3 2
74 402
1 3 2
341 437
1 15 2
34 171
1 2 2
251 270
1 10 2
88 388
1 7 2
387 458
1 14 2
73 237
1 14 2
30 371
1 13 2
68 283
1 9 2
46 298
1 10 2
214 341
1 10 2
168 448
1 9 2
296 499
1 13 2
291 387
1 15 2
11 326
1 7 2
105 160
1 13 2
95 294
1 14 2
147 284
1 9 2
122 146
1 3 2
73 92
1 7 2
332 460
1 11 2
205 443
1 15 2
307 356
1 2 2
38 356
1 15 2
23 37
1 6 2
282 402
1 13 2
65 436
1 8 2
161 253
1 10 2
366 475
1 3 2
43 338
1 7 2
47 95
1 14 2
107 364
1 3 2
109 215
1 7 2
22 495
1 4 2
63 320
1 6 2
358 375
1 6 2
13 477
1 9 2
201 376
1 4 2
80 397
1 6 2
23 443
1 9 2
132 218
1 4 2
17 489
1 12 2
143 436
1 3 2
445 488
1 3 2
433 493
1 7 2
132 464
1 14 2
141 193
1 11 2
161 288
1 4 2
230 447
1 11 2
41 401
1 7 2
303 391
1 6 2
255 331
1 13 2
44 443
1 15 2
43 449
1 6 2
256 294
1 10 2
232 243
1 9 2
140 188
1 5 2
146 328
1 14 2
184 287
1 14 2
30 67
1 6 2
59 378
1 6 2
274 373
1 8 2
138 192
1 11 2
147 294
1 10 2
102 253
1 15 2
266 379
1 12 2
335 339
1 13 2
462 478
1 5 2
245 492
1 2 2
429 453
1 3 2
124 326
1 6 2
206 398
1 4 2
78 134
1 13 2
154 270
1 6 2
211 413
1 4 2
207 332
1 7 2
273 326
1 3 2
304 396
1 2 2
302 479
1 12 2
118 437
1 13 2
48 303
1 2 2
211 406
1 4 2
107 449
1 3 2
270 468
1 2 2
253 356
1 14 2
72 378
1 11 2
362 485
1 5 2
386 407
1 4 2
358 465
1 4 2
239 258
1 12 2
112 193
1 9 2
208 425
1 4 2
263 362
1 12 2
106 188
1 10 2
55 391
1 4 2
56 452
1 10 2
117 203
1 14 2
156 269
1 3 2
230 492
1 8 2
333 343
1 9 2
310 344
1 9 2
29 134
1 7 2
1 478
1 3 2
49 150
1 11 2
14 456
1 3 2
99 379
1 9 2
203 219
1 6 2
210 425
1 10 2
118 146
1 6 2
367 451
1 5 2
300 407
1 2 2
40 498
1 5 2
250 298
1 2 2
37 486
1 5 2
145 229
1 14 2
147 305
1 13 2
92 98
1 7 2
141 464
1 11 2
349 356
1 9 2
35 230
1 6 2
384 451
1 13 2
169 440
1 3 2
138 366
1 14 2
43 96
1 5 2
131 169
1 6 2
326 347
1 11 2
116 325
1 8 2
36 320
1 6 2
244 382
1 3 2
299 449
1 10 2
216 230
1 3 2
355 450
1 14 2
393 437
1 4 2
28 426
1 10 2
213 468
1 2 2
63 165
1 3 2
194 368
1 13 2
305 423
1 9 2
119 293
1 13 2
17 370
1 5 2
9 170
1 15 2
32 36
1 2 2
144 164
1 6 2
166 193
1 8 2
17 152
1 11 2
243 491
1 6 2
226 273
1 10 2
1 184
1 7 2
258 287
1 4 2
171 356
1 8 2
75 192
1 10 2
363 459
1 15 2
223 482
1 10 2
214 353
1 8 2
335 338
1 8 2
57 307
1 2 2
78 149
1 9 2
21 249
1 8 2
261 493
1 4 2
233 381
1 7 2
147 292
1 14 2
148 298
1 5 2
40 291
1 12 2
291 414
1 4 2
191 314
1 13 2
5 279
1 11 2
287 480
1 12 2
63 427
1 5 2
146 351
1 11 2
77 489
1 6 2
7 398
1 6 2
92 426
1 4 2
38 437
1 6 2
406 468
1 15 2
159 322
1 12 2
62 72
1 13 2
150 390
1 4 2
145 162
1 9 2
98 281
1 2 2
299 438
1 9 2
208 403
1 15 2
269 354
1 13 2
127 251
1 15 2
338 415
1 13 2
182 277
1 14 2
87 205
1 11 2
326 337
1 8 2
8 147
1 5 2
235 417
1 12 2
90 298
1 5 2
72 255
1 3 2
12 294
1 6 2
128 476
1 7 2
68 470
1 3 2
92 308
1 5 2
27 340
1 9 2
206 373
1 15 2
357 449
1 6 2
72 189
1 4 2
370 475
1 15 2
167 381
1 11 2
108 226
1 5 2
409 472
1 6 2
97 370
1 15 2
173 301
1 3 2
7 105
1 5 2
178 466
1 2 2
121 423
1 2 2
88 475
1 3 2
73 429
1 7 2
148 274
1 10 2
376 399
1 3 2
99 383
1 13 2
182 380
1 8 2
150 202
1 8 2
155 477
1 15 2
183 281
1 5 2
100 343
1 3 2
242 342
1 10 2
140 469
1 13 2
308 453
1 4 2
225 449
1 12 2
145 439
1 3 2
59 203
1 6 2
427 456
1 12 2
168 434
1 2 2
55 178
1 11 2
129 326
1 10 2
324 422
1 2 2
108 177
1 12 2
4 89
1 13 2
326 463
1 10 2
126 214
1 5 2
129 432
1 12 2
162 311
1 13 2
34 457
1 5 2
257 277
1 9 2
37 243
1 4 2
181 463
1 2 2
241 254
1 8 2
45 124
1 2 2
12 31
1 5 2
234 421
1 3 2
334 338
1 2 2
54 273
1 13 2
7 471
1 2 2
8 118
1 3 2
32 33
1 5 2
99 298
1 7 2
87 152
1 8 2
357 398
1 7 2
2 412
1 12 2
251 448
1 15 2
56 355
1 14 2
252 394
1 13 2
345 413
1 8 2
138 242
1 7 2
209 482
1 12 2
167 404
1 14 2
222 406
1 9 2
174 215
1 11 2
18 272
1 3 2
111 350
1 8 2
135 158
1 11 2
289 320
1 8 2
365 393
1 2 2
63 318
1 14 2
50 416
1 6 2
177 219
1 2 2
226 397
1 6 2
246 455
1 11 2
232 472
1 14 2
370 406
1 9 2
75 242
1 8 2
244 461
1 12 2
76 451
1 9 2
33 235
1 10 2
10 214
1 6 2
241 413
1 8 2
38 294
1 6 2
28 399
1 8 2
58 390
1 6 2
128 374
1 13 2
363 482
1 8 2
258 279
1 3 2
431 441
1 12 2
90 439
1 7 2
10 196
1 5 2
11 155
1 15 2
368 476
1 4 2
119 375
1 3 2
131 395
1 7 2
223 415
1 7 2
25 126
1 13 2
355 401
1 3 2
345 354
1 11 2
38 102
1 9 2
62 362
1 8 2
298 456
1 6 2
40 208
1 5 2
27 83
1 3 2
79 427
1 8 2
85 350
1 14 2
128 182
1 4 2
27 47
1 13 2
243 493
1 3 2
247 410
1 7 2
4 73
1 8 2
377 421
1 3 2
16 356
1 6 2
36 314
1 5 2
78 122
1 7 2
210 284
1 3 2
51 237
1 10 2
50 239
1 9 2
255 376
1 9 2
240 476
1 15 2
438 487
1 11 2
211 285
1 9 2
89 243
1 15 2
1 149
1 4 2
203 403
1 5 2
298 486
1 4 2
140 218
1 9 2
39 173
1 13 2
32 427
1 5 2
111 220
1 12 2
192 461
1 11 2
100 252
1 9 2
239 430
1 4 2
85 461
1 8 2
114 350
1 9 2
158 263
1 14 2
72 237
1 8 2
85 138
1 5 2
104 118
1 4 2
140 327
1 5 2
117 165
1 14 2
240 459
1 13 2
165 381
1 9 2
91 295
1 3 2
274 432
1 13 2
156 328
1 12 2
135 286
1 3 2
44 441
1 12 2
36 372
1 4 2
145 158
1 3 2
214 355
1 8 2
307 455
1 9 2
187 358
1 14 2
14 31
1 11 2
256 299
1 4 2
299 402
1 15 2
21 264
1 13 2
129 477
1 4 2
129 455
1 14 2
6 461
1 2 2
111 319
1 10 2
137 286
1 4 2
17 350
1 5 2
161 353
1 15 2
474 490
1 12 2
146 176
1 10 2
243 249
1 4 2
66 144
1 4 2
11 486
1 5 2
350 461
1 2 2
457 482
1 2 2
128 311
1 2 2
116 277
1 2 2
18 59
1 15 2
11 449
1 10 2
140 239
1 5 2
181 254
1 13 2
248 447
1 5 2
263 277
1 5 2
10 381
1 14 2
58 154
1 12 2
116 387
1 11 2
35 143
1 10 2
275 458
1 7 2
147 150
1 9 2
35 471
1 5 2
3 252
1 15 2
39 177
1 2 2
325 486
1 13 2
114 367
1 13 2
23 291
1 5 2
123 434
1 7 2
20 226
1 13 2
178 496
1 10 2
157 219
1 2 2
121 333
1 13 2
54 121
1 2 2
99 433
1 11 2
246 348
1 5 2
164 253
1 14 2
63 112
1 11 2
6 106
1 12 2
109 364
1 2 2
225 319
1 2 2
83 323
1 9 2
212 370
1 13 2
168 173
1 5 2
64 146
1 2 2
397 495
1 15 2
64 459
1 14 2
250 442
1 9 2
292 458
1 2 2
24 289
1 6 2
113 394
1 15 2
155 229
1 6 2
426 469
1 15 2
40 160
1 10 2
377 415
1 7 2
15 279
1 13 2
173 306
1 4 2
80 373
1 6 2
379 407
1 6 2
144 317
1 4 2
173 281
1 3 2
48 236
1 10 2
176 208
1 8 2
18 446
1 4 2
358 363
1 6 2
17 115
1 10 2
175 350
1 8 2
114 487
1 15 2
108 139
1 13 2
36 198
1 7 2
43 282
1 14 2
80 434
1 2 2
224 356
1 3 2
153 318
1 6 2
218 471
1 10 2
354 476
1 2 2
338 471
1 14 2
333 406
1 5 2
19 375
1 13 2
189 354
1 11 2
369 420
1 10 2
158 374
1 4 2
116 314
1 15 2
105 188
1 2 2
67 489
1 3 2
48 125
1 2 2
154 423
1 13 2
243 362
1 8 2
113 315
1 4 2
12 160
1 15 2
97 436
1 14 2
106 273
1 10 2
387 499
1 3 2
233 298
1 13 2
203 226
1 3 2
153 314
1 9 2
141 209
1 2 2
277 403
1 6 2
51 183
1 2 2
349 415
1 2 2
187 440
1 5 2
263 291
1 8 2
467 484
1 3 2
337 435
1 8 2
249 494
1 10 2
84 129
1 7 2
339 386
1 3 2
90 421
1 7 2
365 415
1 13 2
162 361
1 9 2
32 46
1 9 2
49 196
1 8 2
21 236
1 6 2
73 345
1 13 2
37 220
1 11 2
198 231
1 9 2
194 398
1 4 2
205 433
1 13 2
94 392
1 3 2
309 324
1 9 2
428 491
1 6 2
448 493
1 4 2
120 139
1 10 2
16 129
1 3 2
128 471
1 11 2
114 275
1 4 2
140 256
1 6 2
1 217
1 14 2
4 225
1 7 2
76 92
1 2 2
131 159
1 6 2
138 485
1 15 2
447 466
1 14 2
19 140
1 8 2
345 358
1 6 2
103 395
1 14 2
114 187
1 2 2
17 303
1 3 2
4 248
1 6 2
53 449
1 13 2
174 369
1 15 2
84 301
1 7 2
310 359
1 3 2
159 445
1 12 2
116 485
1 12 2
44 222
1 11 2
66 130
1 11 2
340 379
1 11 2
264 370
1 3 2
294 448
1 11 2
160 490
1 9 2
398 410
1 12 2
141 389
1 4 2
79 190
1 14 2
176 330
1 10 2
148 472
1 14 2
18 471
1 4 2
243 289
1 6 2
83 281
1 12 2
258 262
1 6 2
18 48
1 15 2
68 164
1 3 2
283 306
1 3 2
278 292
1 13 2
232 465
1 4 2
26 232
1 3 2
105 338
1 15 2
219 386
1 12 2
150 313
1 9 2
45 419
1 2 2
294 492
1 15 2
99 158
1 5 2
306 391
1 10 2
83 265
1 6 2
122 297
1 5 2
15 134
1 6 2
245 408
1 9 2
47 300
1 5 2
35 370
1 4 2
352 402
1 14 2
39 85
1 10 2
42 232
1 12 2
389 474
1 2 2
128 287
1 5 2
118 466
1 15 2
136 313
1 6 2
17 127
1 4 2
377 410
1 9 2
147 487
1 10 2
1 278
1 9 2
55 210
1 11 2
12 173
1 13 2
379 387
1 6 2
433 497
1 9 2
225 414
1 9 2
8 100
1 6 2
274 438
1 12 2
85 362
1 6 2
3 83
1 2 2
157 340
1 8 2
327 384
1 2 2
362 371
1 7 2
194 302
1 13 2
448 491
1 2 2
264 394
1 11 2
70 87
1 12 2
226 365
1 13 2
185 436
1 5 2
103 403
1 11 2
251 368
1 15 2
285 418
1 12 2
292 297
1 13 2
334 345
1 3 2
74 256
1 4 2
177 301
1 6 2
355 416
1 8 2
446 497
1 6 2
68 414
1 8 2
421 491
1 5 2
112 115
1 3 2
373 390
1 15 2
121 174
1 15 2
40 350
1 7 2
165 398
1 7 2
88 148
1 11 2
113 187
1 7 2
155 280
1 13 2
195 425
1 12 2
354 395
1 14 2
17 259
1 5 2
54 362
1 15 2
413 472
1 15 2
228 318
1 2 2
4 221
1 2 2
305 398
1 2 2
320 419
1 15 2
103 232
1 3 2
186 401
1 10 2
255 306
1 7 2
29 48
1 15 2
173 337
1 12 2
316 472
1 9 2
34 499
1 5 2
233 427
1 8 2
100 409
1 9 2
237 325
1 13 2
68 201
1 6 2
271 420
1 11 2
79 89
1 15 2
159 326
1 2 2
345 498
1 2 2
223 327
1 6 2
255 301
1 9 2
325 457
1 4 2
141 413
1 10 2
169 321
1 14 2
128 467
1 13 2
84 197
1 15 2
160 306
1 14 2
119 365
1 4 2
19 300
1 13 2
31 406
1 13 2
141 243
1 12 2
123 429
1 6 2
89 282
1 11 2
95 472
1 8 2
75 193
1 7 2
32 449
1 2 2
284 286
1 5 2
5 135
1 6 2
94 383
1 3 2
171 455
1 12 2
28 446
1 13 2
135 387
1 10 2
353 454
1 5 2
19 478
1 7 2
210 361
1 13 2
5 343
1 6 2
36 267
1 13 2
47 200
1 13 2
249 305
1 13 2
251 393
1 2 2
112 381
1 8 2
84 276
1 4 2
204 237
1 4 2
104 147
1 12 2
49 494
1 7 2
458 473
1 2 2
59 420
1 12 2
256 477
1 5 2
0 357
1 4 2
181 392
1 6 2
126 332
1 14 2
266 269
1 11 2
241 308
1 11 2
227 378
1 2 2
190 458
1 15 2
60 384
1 15 2
125 194
1 5 2
263 410
1 12 2
154 473
1 6 2
136 318
1 8 2
17 383
1 2 2
144 304
1 5 2
67 349
1 6 2
459 460
1 12 2
47 339
1 3 2
18 470
1 3 2
55 363
1 3 2
247 493
1 10 2
299 313
1 13 2
0 279
1 14 2
358 485
1 2 2
143 282
1 8 2
151 213
1 3 2
165 460
1 14 2
283 402
1 6 2
34 153
1 4 2
259 347
1 14 2
331 477
1 5 2
64 235
1 3 2
218 425
1 11 2
86 367
1 5 2
214 440
1 6 2
55 241
1 3 2
27 341
1 5 2
172 492
1 13 2
264 402
1 6 2
137 437
1 15 2
131 486
1 6 2
90 248
1 11 2
86 218
1 13 2
4 308
1 13 2
23 246
1 9 2
312 350
1 3 2
121 236
1 3 2
0 382
1 12 2
276 277
1 11 2
65 331
1 2 2
245 430
1 11 2
284 486
1 10 2
89 499
1 8 2
157 358
1 13 2
35 382
1 8 2
90 165
1 5 2
313 498
1 2 2
127 294
1 3 2
214 323
1 8 2
108 213
1 5 2
141 377
1 2 2
34 304
1 15 2
152 269
1 7 2
6 488
1 11 2
324 462
1 8 2
56 434
1 13 2
8 41
1 7 2
128 191
1 4 2
88 374
1 14 2
139 374
1 4 2
281 392
1 11 2
200 348
1 5 2
172 464
1 6 2
105 291
1 13 2
13 119
1 7 2
328 459
1 11 2
22 269
1 2 2
114 175
1 3 2
285 409
1 10 2
199 219
1 5 2
132 445
1 6 2
353 486
1 15 2
71 80
1 12 2
178 317
1 14 2
95 416
1 6 2
91 393
1 4 2
372 434
1 11 2
83 181
1 10 2
249 388
1 3 2
278 390
1 9 2
454 489
1 6 2
58 454
1 15 2
25 270
1 10 2
3 288
1 9 2
91 497
1 9 2
405 465
1 4 2
10 138
1 5 2
44 318
1 3 2
385 489
1 10 2
316 446
1 11 2
271 368
1 9 2
111 287
1 9 2
67 259
1 14 2
54 201
1 5 2
209 275
1 4 2
190 322
1 13 2
372 499
1 12 2
132 487
1 14 2
216 491
1 14 2
226 382
1 5 2
272 481
1 4 2
168 417
1 14 2
217 299
1 10 2
4 130
1 15 2
45 251
1 2 2
244 423
1 5 2
111 292
1 9 2
156 217
1 5 2
81 304
1 10 2
65 304
1 6 2
189 340
1 12 2
94 199
1 10 2
63 71
1 12 2
73 152
1 11 2
110 314
1 8 2
44 442
1 4 2
241 284
1 6 2
269 445
1 15 2
115 481
1 6 2
418 474
1 3 2
291 412
1 8 2
125 297
1 7 2
185 437
1 12 2
414 480
1 2 2
21 103
1 5 2
379 484
1 10 2
42 90
1 13 2
9 124
1 10 2
349 464
1 15 2
92 97
1 12 2
355 391
1 15 2
33 416
1 10 2
253 462
1 9 2
283 490
1 3 2
73 395
1 12 2
218 488
1 3 2
43 243
1 5 2
86 225
1 5 2
128 166
1 14 2
29 469
1 8 2
100 291
1 6 2
85 442
1 13 2
184 311
1 8 2
89 422
1 9 2
219 461
1 5 2
119 245
1 12 2
124 318
1 13 2
350 369
1 8 2
62 449
1 12 2
219 479
1 3 2
242 352
1 2 2
237 415
1 11 2
180 244
1 10 2
121 151
1 15 2
88 386
1 11 2
165 482
1 10 2
198 313
1 9 2
38 139
1 11 2
232 446
1 6 2
73 387
1 11 2
66 209
1 15 2
3 197
1 6 2
25 49
1 6 2
166 266
1 6 2
33 182
1 13 2
7 391
1 10 2
294 330
1 7 2
384 418
1 14 2
312 329
1 14 2
116 121
1 3 2
34 426
1 5 2
49 358
1 7 2
264 351
1 6 2
106 449
1 10 2
240 484
1 3 2
313 315
1 14 2
54 247
1 8 2
407 437
1 7 2
354 457
1 15 2
149 248
1 3 2
190 334
1 5 2
83 162
1 6 2
189 400
1 7 2
265 430
1 15 2
442 466
1 13 2
92 364
1 13 2
230 403
1 10 2
172 223
1 11 2
129 492
1 14 2
7 348
1 2 2
48 407
1 11 2
68 343
1 13 2
24 285
1 2 2
121 318
1 15 2
223 314
1 3 2
172 247
1 2 2
131 372
1 13 2
198 496
1 5 2
249 377
1 3 2
262 352
1 11 2
390 472
1 7 2
203 217
1 14 2
244 378
1 7 2
354 391
1 9 2
234 282
1 6 2
257 472
1 5 2
147 326
1 12 2
83 177
1 4 2
56 488
1 4 2
83 453
1 8 2
148 485
1 5 2
137 379
1 11 2
134 233
1 10 2
105 127
1 2 2
126 310
1 14 2
48 372
1 2 2
222 274
1 5 2
8 151
1 11 2
16 282
1 4 2
25 325
1 15 2
136 418
1 15 2
107 400
1 3 2
175 356
1 14 2
14 47
1 13 2
434 445
1 15 2
285 429
1 6 2
91 417
1 9 2
417 473
1 6 2
185 325
1 4 2
430 443
1 15 2
76 215
1 5 2
91 114
1 3 2
51 187
1 5 2
106 374
1 10 2
17 81
1 6 2
78 328
1 11 2
59 184
1 5 2
13 275
1 3 2
29 266
1 14 2
10 43
1 9 2
100 447
1 2 2
336 392
1 6 2
0 446
1 3 2
329 436
1 6 2
105 212
1 10 2
87 260
1 10 2
182 293
1 8 2
85 376
1 15 2
248 439
1 3 2
0 337
1 3 2
228 295
1 3 2
85 430
1 15 2
159 273
1 15 2
172 378
1 4 2
49 380
1 9 2
131 385
1 4 2
34 72
1 13 2
62 87
1 14 2
58 434
1 8 2
141 431
1 5 2
399 467
1 10 2
34 181
1 9 2
190 479
1 10 2
60 328
1 2 2
69 147
1 9 2
120 431
1 6 2
160 219
1 6 2
68 210
1 15 2
30 58
1 8 2
24 163
1 15 2
207 393
1 4 2
290 317
1 5 2
360 374
1 3 2
116 193
1 4 2
24 335
1 4 2
3 435
1 10 2
179 231
1 4 2
329 376
1 6 2
446 455
1 2 2
73 477
1 9 2
347 421
1 4 2
163 382
1 3 2
187 228
1 3 2
152 365
1 7 2
79 391
1 4 2
82 277
1 9 2
299 451
1 11 2
217 441
1 7 2
422 424
1 6 2
220 432
1 4 2
325 357
1 13 2
4 303
1 7 2
342 494
1 5 2
73 260
1 9 2
291 454
1 6 2
25 355
1 5 2
70 171
1 11 2
224 364
1 15 2
377 467
1 4 2
50 415
1 15 2
376 445
1 13 2
0 316
1 10 2
8 472
1 11 2
177 357
1 13 2
192 421
1 8 2
297 309
1 3 2
12 122
1 6 2
51 358
1 5 2
262 472
1 14 2
32 117
1 8 2
432 474
1 6 2
217 471
1 14 2
385 391
1 4 2
149 367
1 4 2
76 298
1 14 2
419 476
1 4 2
194 494
1 9 2
208 238
1 15 2
119 129
1 8 2
367 401
1 4 2
193 265
1 2 2
31 446
1 9 2
4 311
1 14 2
2 233
1 6 2
48 223
1 15 2
147 382
1 3 2
38 370
1 12 2
234 411
1 4 2
209 377
1 14 2
192 283
1 5 2
11 479
1 2 2
84 246
1 11 2
1 124
1 15 2
132 256
1 8 2
31 335
1 7 2
12 180
1 2 2
226 386
1 11 2
156 200
1 4 2
256 292
1 15 2
2 453
1 7 2
82 261
1 15 2
143 292
1 4 2
188 217
1 15 2
215 373
1 6 2
161 180
1 2 2
80 264
1 12 2
443 472
1 15 2
271 416
1 13 2
306 419
1 5 2
116 216
1 13 2
176 271
1 2 2
110 219
1 4 2
175 373
1 9 2
91 385
1 10 2
39 428
1 15 2
31 207
1 13 2
84 315
1 12 2
141 260
1 3 2
419 462
1 14 2
21 426
1 15 2
205 431
1 13 2
85 130
1 3 2
28 73
1 10 2
44 393
1 14 2
140 485
1 7 2
123 382
1 10 2
224 355
1 10 2
282 369
1 9 2
188 234
1 15 2
62 284
1 11 2
55 93
1 8 2
4 499
1 2 2
122 493
1 6 2
77 363
1 5 2
30 251
1 14 2
40 286
1 12 2
294 464
1 2 2
80 172
1 3 2
211 330
1 8 2
396 482
1 11 2
276 442
1 5 2
154 488
1 10 2
67 237
1 4 2
38 276
1 13 2
207 339
1 12 2
329 387
1 12 2
375 493
1 7 2
255 421
1 8 2
75 476
1 8 2
130 157
1 9 2
347 384
1 8 2
299 321
1 9 2
7 153
1 2 2
106 112
1 9 2
5 54
1 13 2
458 493
1 15 2
175 408
1 4 2
46 72
1 15 2
146 461
1 13 2
273 447
1 4 2
45 146
1 13 2
328 411
1 14 2
0 457
1 13 2
59 301
1 10 2
115 378
1 14 2
29 408
1 12 2
169 473
1 5 2
94 136
1 11 2
36 50
1 6 2
224 234
1 2 2
231 450
1 10 2
400 499
1 8 2
177 279
1 10 2
309 323
1 7 2
11 23
1 11 2
21 440
1 8 2
108 380
1 5 2
11 140
1 9 2
92 197
1 8 2
261 430
1 3 2
83 118
1 7 2
26 212
1 2 2
244 393
1 14 2
189 304
1 8 2
301 448
1 9 2
125 247
1 7 2
57 259
1 4 2
139 144
1 3 2
89 100
1 11 2
37 53
1 3 2
191 278
1 4 2
250 324
1 9 2
114 177
1 8 2
162 359
1 13 2
375 465
1 14 2
212 223
1 10 2
61 158
1 7 2
133 201
1 8 2
316 454
1 15 2
70 114
1 13 2
399 486
1 11 2
386 491
1 5 2
288 486
1 7 2
377 438
1 10 2
230 380
1 3 2
84 320
1 15 2
25 419
1 15 2
106 441
1 11 2
44 366
1 15 2
34 493
1 15 2
341 442
1 13 2
69 333
1 15 2
67 372
1 9 2
55 196
1 13 2
8 176
1 4 2
177 276
1 9 2
45 286
1 5 2
145 297
1 9 2
296 309
1 11 2
188 256
1 7 2
273 424
1 15 2
314 404
1 8 2
217 259
1 8 2
315 371
1 14 2
135 366
1 4 2
336 355
1 15 2
121 386
1 4 2
444 486
1 15 2
19 29
1 2 2
295 426
1 4 2
200 342
1 9 2
191 332
1 14 2
132 272
1 11 2
114 247
1 12 2
308 498
1 3 2
439 443
1 9 2
48 121
1 14 2
57 347
1 3 2
170 265
1 9 2
226 231
1 7 2
52 185
1 11 2
167 421
1 8 2
137 241
1 13 2
423 485
1 13 2
64 396
1 12 2
271 333
1 12 2
198 448
1 8 2
111 145
1 12 2
54 71
1 2 2
190 308
1 5 2
55 451
1 8 2
181 294
1 13 2
96 336
1 5 2
211 270
1 3 2
269 277
1 14 2
56 262
1 5 2
109 435
1 12 2
32 187
1 4 2
128 497
1 10 2
160 382
1 3 2
159 192
1 15 2
215 379
1 5 2
275 424
1 15 2
51 238
1 6 2
112 232
1 13 2
177 307
1 10 2
67 442
1 12 2
25 177
1 10 2
329 352
1 11 2
127 379
1 8 2
127 153
1 15 2
174 255
1 10 2
263 470
1 5 2
278 433
1 4 2
44 213
1 12 2
454 462
1 4 2
261 307
1 14 2
21 222
1 3 2
12 176
1 6 2
177 374
1 7 2
308 392
1 13 2
353 432
1 5 2
20 408
1 8 2
411 447
1 7 2
212 216
1 9 2
111 410
1 13 2
7 390
1 15 2
22 189
1 14 2
355 462
1 11 2
20 172
1 4 2
217 330
1 8 2
61 170
1 15 2
345 351
1 15 2
135 187
1 14 2
103 323
1 6 2
293 461
1 9 2
23 315
1 11 2
92 336
1 14 2
136 311
1 3 2
410 430
1 2 2
215 458
1 8 2
228 344
1 8 2
151 209
1 6 2
231 253
1 2 2
195 449
1 15 2
131 230
1 2 2
132 289
1 7 2
181 372
1 4 2
29 91
1 5 2
147 245
1 15 2
31 460
1 4 2
55 383
1 14 2
62 437
1 4 2
208 422
1 4 2
48 241
1 3 2
37 320
1 7 2
7 494
1 7 2
274 277
1 5 2
75 287
1 4 2
287 354
1 10 2
221 287
1 3 2
423 480
1 11 2
46 464
1 13 2
150 449
1 10 2
374 406
1 6 2
447 461
1 10 2
33 426
1 2 2
370 430
1 5 2
170 217
1 2 2
29 368
1 4 2
64 436
1 6 2
331 339
1 6 2
270 418
1 3 2
295 327
1 14 2
189 383
1 9 2
1 29
1 5 2
116 146
1 11 2
79 254
1 3 2
405 417
1 13 2
30 138
1 11 2
157 190
1 13 2
11 307
1 12 2
320 454
1 8 2
233 310
1 13 2
234 307
1 8 2
281 317
1 5 2
115 346
1 9 2
92 473
1 14 2
67 417
1 9 2
66 287
1 15 2
180 283
1 5 2
110 285
1 3 2
259 424
1 7 2
188 382
1 4 2
201 398
1 7 2
224 495
1 13 2
78 242
1 11 2
275 394
1 15 2
316 324
1 2 2
136 166
1 8 2
71 356
1 15 2
363 382
1 13 2
265 469
1 15 2
31 262
1 14 2
176 262
1 6 2
128 289
1 7 2
118 128
1 6 2
22 186
1 10 2
409 429
1 14 2
189 442
1 7 2
151 181
1 15 2
189 267
1 8 2
11 410
1 6 2
241 447
1 13 2
74 306
1 14 2
120 487
1 7 2
211 325
1 5 2
181 492
1 10 2
114 143
1 2 2
250 432
1 4 2
37 240
1 9 2
381 493
1 6 2
82 100
1 2 2
15 79
1 10 2
30 388
1 12 2
309 467
1 11 2
19 146
1 9 2
309 375
1 3 2
212 497
1 9 2
32 229
1 2 2
149 216
1 14 2
137 391
1 5 2
284 348
1 6 2
121 468
1 10 2
24 95
1 15 2
381 457
1 9 2
212 498
1 9 2
344 480
1 11 2
2 32
1 13 2
46 118
1 8 2
249 399
1 6 2
104 479
1 6 2
162 314
1 9 2
117 207
1 3 2
190 391
1 4 2
252 494
1 12 2
18 243
1 3 2
2 242
1 3 2
37 297
1 14 2
20 478
1 6 2
293 462
1 10 2
279 443
1 7 2
80 356
1 2 2
24 154
1 14 2
39 375
1 14 2
100 407
1 3 2
378 395
1 3 2
286 317
1 13 2
217 279
1 6 2
229 438
1 9 2
347 452
1 5 2
184 478
1 3 2
111 459
1 5 2
26 133
1 8 2
466 471
1 14 2
385 401
1 2 2
195 468
1 13 2
66 440
1 8 2
65 325
1 7 2
395 402
1 3 2
99 323
1 10 2
192 278
1 11 2
193 497
1 14 2
160 416
1 10 2
246 477
1 9 2
116 306
1 3 2
76 181
1 10 2
3 289
1 15 2
195 196
1 5 2
98 360
1 10 2
365 493
1 6 2
317 386
1 13 2
36 101
1 14 2
331 383
1 14 2
227 363
1 3 2
443 454
1 9 2
20 328
1 4 2
259 462
1 11 2
163 467
1 3 2
22 140
1 15 2
61 357
1 6 2
10 35
1 3 2
210 495
1 10 2
61 99
1 11 2
116 302
1 6 2
214 349
1 11 2
129 290
1 13 2
147 474
1 12 2
83 134
1 4 2
136 192
1 4 2
225 481
1 15 2
81 106
1 10 2
258 323
1 10 2
134 143
1 11 2
82 444
1 11 2
452 481
1 13 2
126 158
1 15 2
327 392
1 14 2
181 482
1 6 2
20 457
1 4 2
267 479
1 15 2
30 401
1 14 2
344 345
1 8 2
97 201
1 2 2
259 326
1 8 2
2 278
1 13 2
155 162
1 8 2
81 354
1 4 2
243 297
1 2 2
143 371
1 15 2
137 150
1 14 2
182 384
1 11 2
323 362
1 2 2
264 337
1 10 2
40 119
1 12 2
124 290
1 13 2
242 484
1 2 2
3 376
1 14 2
51 302
1 9 2
319 498
1 13 2
179 361
1 10 2
129 377
1 5 2
105 238
1 3 2
52 431
1 6 2
299 404
1 15 2
401 412
1 9 2
166 452
1 5 2
407 429
1 2 2
212 358
1 14 2
85 265
1 10 2
3 453
1 14 2
221 447
1 11 2
297 459
1 12 2
398 438
1 10 2
0 284
1 8 2
433 462
1 6 2
28 321
1 5 2
43 210
1 14 2
61 402
1 15 2
246 347
1 15 2
248 279
1 3 2
37 329
1 7 2
187 272
1 12 2
277 349
1 5 2
311 326
1 8 2
172 286
1 5 2
69 185
1 14 2
113 330
1 12 2
127 262
1 14 2
87 213
1 12 2
282 453
1 5 2
88 351
1 15 2
449 478
1 9 2
120 301
1 7 2
10 285
1 13 2
103 293
1 14 2
329 414
1 4 2
337 385
1 4 2
274 320
1 5 2
293 382
1 6 2
168 224
1 12 2
174 251
1 9 2
27 410
1 8 2
236 346
1 13 2
265 293
1 15 2
76 250
1 3 2
18 351
1 3 2
108 441
1 2 2
383 447
1 15 2
109 312
1 14 2
57 173
1 15 2
286 440
1 9 2
443 471
1 9 2
180 275
1 7 2
167 236
1 6 2
376 440
1 6 2
258 320
1 13 2
141 188
1 7 2
84 186
1 3 2
58 242
1 8 2
27 461
1 8 2
80 109
1 3 2
81 451
1 7 2
37 455
1 13 2
39 296
1 5 2
51 99
1 11 2
351 419
1 2 2
346 380
1 10 2
375 454
1 7 2
77 462
1 15 2
247 440
1 15 2
114 419
1 11 2
421 486
1 8 2
68 454
1 15 2
68 294
1 2 2
59 410
1 10 2
49 465
1 11 2
283 367
1 14 2
65 476
1 4 2
151 474
1 4 2
60 162
1 9 2
142 241
1 7 2
145 482
1 14 2
225 275
1 10 2
76 343
1 2 2
273 418
1 13 2
152 345
1 2 2
207 263
1 11 2
350 408
1 15 2
248 269
1 9 2
164 355
1 5 2
128 199
1 3 2
210 479
1 3 2
344 492
1 13 2
260 314
1 12 2
208 439
1 6 2
4 66
1 5 2
16 288
1 14 2
463 488
1 2 2
209 236
1 14 2
55 323
1 10 2
354 367
1 6 2
198 469
1 14 2
26 433
1 14 2
225 375
1 11 2
137 191
1 12 2
1 267
1 12 2
386 479
1 5 2
12 286
1 2 2
314 395
1 4 2
154 291
1 6 2
212 438
1 13 2
87 90
1 8 2
349 469
1 4 2
171 209
1 2 2
36 301
1 14 2
82 164
1 13 2
366 487
1 2 2
188 315
1 9 2
184 231
1 7 2
289 381
1 4 2
265 353
1 3 2
142 172
1 2 2
184 278
1 3 2
227 323
1 8 2
276 443
1 12 2
10 82
1 4 2
389 489
1 7 2
346 496
1 14 2
27 377
1 8 2
340 465
1 7 2
21 72
1 12 2
37 73
1 13 2
33 109
1 13 2
198 346
1 8 2
310 412
1 7 2
201 465
1 4 2
180 476
1 12 2
38 133
1 3 2
191 222
1 11 2
141 258
1 6 2
463 478
1 6 2
140 267
1 13 2
29 296
1 15 2
33 387
1 2 2
96 249
1 13 2
284 354
1 2 2
70 132
1 9 2
171 374
1 13 2
135 321
1 6 2
41 478
1 11 2
87 357
1 11 2
346 485
1 15 2
24 177
1 13 2
393 405
1 4 2
94 472
1 13 2
36 204
1 12 2
264 422
1 3 2
39 69
1 7 2
18 232
1 13 2
282 347
1 14 2
31 223
1 4 2
287 382
1 15 2
221 347
1 8 2
452 480
1 8 2
90 140
1 14 2
90 376
1 13 2
81 302
1 9 2
175 322
1 14 2
4 473
1 9 2
188 220
1 2 2
44 103
1 7 2
133 268
1 11 2
184 268
1 12 2
277 287
1 3 2
127 267
1 7 2
31 276
1 2 2
142 168
1 15 2
445 481
1 8 2
39 361
1 2 2
387 493
1 11 2
131 294
1 3 2
76 376
1 9 2
381 408
1 2 2
54 489
1 2 2
169 182
1 15 2
122 461
1 5 2
21 420
1 2 2
102 268
1 15 2
94 131
1 9 2
396 430
1 12 2
60 312
1 10 2
374 383
1 5 2
468 477
1 5 2
161 239
1 6 2
163 275
1 11 2
166 461
1 5 2
49 409
1 3 2
131 282
1 2 2
160 162
1 14 2
44 338
1 7 2
443 490
1 4 2
146 392
1 15 2
355 399
1 14 2
320 334
1 3 2
61 262
1 5 2
339 460
1 15 2
293 398
1 2 2
238 386
1 3 2
43 397
1 7 2
148 462
1 2 2
335 366
1 7 2
16 177
1 3 2
407 444
1 4 2
64 476
1 3 2
83 340
1 12 2
55 297
1 10 2
27 486
1 11 2
105 361
1 10 2
76 357
1 9 2
216 293
1 6 2
24 201
1 6 2
220 473
1 7 2
128 488
1 4 2
221 400
1 3 2
364 467
1 8 2
70 334
1 4 2
6 55
1 4 2
154 298
1 10 2
195 254
1 9 2
117 384
1 13 2
358 482
1 15 2
315 414
1 14 2
194 335
1 15 2
337 460
1 13 2
6 193
1 10 2
214 229
1 11 2
3 98
1 8 2
93 227
1 6 2
69 479
1 12 2
337 371
1 11 2
45 46
1 10 2
119 211
1 3 2
212 234
1 9 2
360 424
1 8 2
94 495
1 8 2
56 232
1 5 2
230 480
1 3 2
301 434
1 10 2
136 257
1 10 2
422 447
1 13 2
46 166
1 14 2
24 361
1 13 2
319 405
1 11 2
171 336
1 14 2
105 142
1 12 2
104 332
1 11 2
161 192
1 9 2
197 261
1 3 2
93 102
1 11 2
182 252
1 7 2
23 336
1 5 2
220 491
1 12 2
198 335
1 12 2
84 238
1 11 2
20 437
1 9 2
446 451
1 6 2
6 397
1 5 2
34 429
1 15 2
193 249
1 4 2
45 381
1 4 2
191 460
1 4 2
168 476
1 2 2
277 426
1 13 2
20 196
1 15 2
353 448
1 12 2
93 177
1 5 2
177 423
1 6 2
417 454
1 3 2
49 395
1 2 2
48 326
1 11 2
447 486
1 2 2
20 96
1 11 2
62 370
1 13 2
193 330
1 3 2
176 179
1 12 2
91 352
1 8 2
222 411
1 5 2
87 159
1 15 2
215 459
1 9 2
28 395
1 2 2
249 448
1 9 2
51 459
1 12 2
31 179
1 11 2
384 487
1 4 2
291 416
1 15 2
32 110
1 9 2
123 246
1 7 2
129 300
1 15 2
33 97
1 7 2
89 394
1 2 2
170 470
1 6 2
356 478
1 6 2
120 236
1 9 2
101 340
1 10 2
116 362
1 13 2
326 329
1 5 2
41 302
1 9 2
199 287
1 14 2
166 349
1 12 2
437 441
1 7 2
263 319
1 8 2
124 184
1 8 2
77 251
1 4 2
191 267
1 2 2
160 436
1 7 2
93 171
1 6 2
63 322
1 16 2
332 399
1 11 2
31 421
1 22 2
51 64
1 22 2
249 432
1 21 2
311 322
1 15 2
30 305
1 9 2
189 477
1 16 2
113 238
1 14 2
121 383
1 24 2
369 437
1 17 2
2 136
1 11 2
36 339
1 11 2
335 451
1 25 2
406 487
1 26 2
411 432
1 12 2
161 256
1 10 2
389 476
1 18 2
58 184
1 12 2
461 498
1 23 2
316 397
1 5 2
294 350
1 14 2
161 257
1 18 2
296 316
1 16 2
183 359
1 10 2
216 255
1 16 2
224 297
1 7 2
306 458
1 19 2
178 489
1 15 2
207 281
1 25 2
268 472
1 23 2
36 467
1 15 2
209 316
1 24 2
114 131
500 2966 2500
22 10 17 23 7 25 14 15 14 17 9 16 22 25 14 25 5 20 24 17 8 16 10 22 6 21 18 24 24 13 21 18 24 23 23 8 11 15 16 11 23 19 22 25 19 12 23 25 22 24 12 12 12 18 10 20 16 23 5 21 11 23 10 14 8 15 18 11 20 8 6 23 5 20 6 18 21 24 21 6 8 12 25 12 14 5 9 20 6 10 25 8 9 19 12 19 9 23 22 22 19 22 12 5 20 23 12 22 22 7 7 7 5 10 24 16 5 8 11 5 25 24 13 22 7 11 9 7 25 10 22 6 16 21 9 5 10 23 9 5 25 10 14 11 21 9 18 5 8 20 6 18 25 14 22 5 16 8 18 8 23 5 7 5 8 11 8 7 8 20 10 19 24 7 14 5 18 9 9 22 18 9 20 7 14 25 16 11 18 25 15 19 7 24 5 11 10 11 10 19 7 17 10 25 12 12 7 9 16 12 13 22 22 23 17 19 7 14 7 6 19 15 14 7 23 12 19 16 22 7 9 16 6 9 12 24 9 8 18 23 25 6 15 19 9 11 9 7 11 12 6 13 11 24 10 20 17 9 7 7 10 7 21 12 10 22 20 12 18 9 13 25 17 18 25 19 17 5 6 24 18 6 19 8 16 8 14 11 15 21 25 21 20 13 8 12 15 8 7 20 21 9 6 24 22 10 18 13 22 10 5 20 7 7 17 9 5 11 6 19 10 21 25 10 19 24 20 14 14 11 18 21 14 17 8 17 14 12 9 20 9 17 10 14 14 20 8 16 11 21 6 16 5 10 8 11 6 6 25 18 6 18 13 15 22 12 25 11 19 18 15 17 17 7 8 9 20 11 9 6 14 16 19 5 8 14 6 19 7 16 5 10 6 21 7 21 20 8 6 19 15 7 22 10 22 21 23 24 12 22 5 15 16 24 16 8 16 25 22 25 6 11 19 21 24 17 24 21 9 18 21 21 6 24 5 12 21 5 14 7 16 13 18 12 20 18 10 11 22 19 8 23 25 20 11 16 10 25 5 15 14 8 24 10 10 6 25 13 7 6 6 12 24 16 10 16 17 12 9 6 10 24 5 22 6 5 12 17 5 24 24 21 6 18 7 18 25 9 23 21
3 16 8 18 14 19 19 19 20 7 10 6 7 15 3 20 13 8 7 13 14 16 13 13 9 3 13 9 19 18 6 17 20 20 9 18 3 8 12 19 8 7 15 14 9 7 12 20 15 4 13 15 4 6 15 10 15 10 9 18 20 18 9 17 12 10 7 11 3 19 7 3 14 19 4 9 3 13 5 19 9 8 17 20 15 7 15 13 14 14 14 20 20 16 19 18 4 15 6 10 3 4 3 4 9 5 14 18 18 15 4 20 9 4 11 20 12 9 17 20 5 10 12 14 9 12 8 11 12 4 15 15 19 5 7 3 18 18 4 18 10 6 7 10 5 17 12 6 4 15 8 11 20 17 9 13 15 15 10 8 9 10 3 12 5 11 7 3 9 14 19 8 4 14 5 19 10 15 9 11 7 19 3 15 15 14 16 15 4 6 11 10 6 14 19 18 4 7 10 12 7 10 16 15 5 8 8 15 8 20 17 12 6 11 7 5 10 8 11 18 8 5 12 10 12 17 18 19 8 3 16 7 15 20 3 8 9 6 12 7 19 10 4 7 11 8 17 4 14 6 11 6 17 10 6 7 3 6 13 19 7 13 3 19 9 9 5 9 6 17 4 11 9 19 7 4 13 5 4 9 7 9 19 20 18 3 4 5 16 10 15 10 16 15 14 17 4 7 19 11 11 14 11 3 11 16 4 6 11 10 16 20 14 4 11 10 14 9 15 13 18 20 14 7 8 4 3 10 18 5 19 5 8 8 4 8 6 6 19 13 5 8 10 14 20 11 20 20 5 8 11 3 10 9 5 3 19 20 4 15 19 11 10 20 5 3 10 3 13 18 19 13 11 9 20 8 12 14 5 12 16 4 16 19 5 14 15 9 18 13 20 19 5 19 4 17 13 18 4 4 5 12 7 7 10 15 12 9 4 13 10 6 3 5 7 13 4 17 11 14 18 18 4 14 9 17 18 3 20 11 15 7 4 5 17 5 11 13 12 13 11 13 4 10 6 5 6 3 16 14 8 15 3 16 17 5 11 9 13 17 8 4 6 18 3 17 19 10 7 9 20 7 7 6 13 17 18 9 19 9 20 6 8 11 4 20 14 5 14 6 9 9 11 19 7 6 3 15 10 5
1 7 2
141 349
1 6 2
376 489
1 4 2
361 486
1 7 2
89 424
1 8 2
156 421
1 15 2
134 325
1 11 2
59 244
1 14 2
44 147
1 9 2
122 191
1 5 2
188 451
1 8 2
93 417
1 8 2
36 477
1 2 2
310 373
1 5 2
34 198
1 12 2
97 385
1 9 2
129 348
1 15 2
104 435
1 7 2
61 240
1 2 2
111 150
1 8 2
35 196
1 8 2
21 28
1 8 2
343 460
1 8 2
275 288
1 7 2
89 165
1 7 2
142 165
1 10 2
164 437
1 13 2
26 241
1 15 2
132 309
1 3 2
69 231
1 3 2
31 152
1 11 2
331 347
1 8 2
12 352
1 8 2
394 454
1 14 2
50 253
1 7 2
6 45
1 5 2
168 322
1 9 2
212 255
1 5 2
195 389
1 15 2
250 297
1 5 2
131 313
1 2 2
175 441
1 12 2
13 322
1 14 2
0 169
1 2 2
308 317
1 4 2
271 283
1 13 2
83 391
1 3 2
314 383
1 3 2
112 289
1 10 2
365 406
1 13 2
246 391
1 15 2
48 352
1 3 2
370 453
1 4 2
289 475
1 13 2
225 370
1 4 2
232 279
1 9 2
23 397
1 9 2
384 483
1 8 2
295 369
1 5 2
67 198
1 6 2
285 363
1 9 2
131 144
1 10 2
162 446
1 8 2
65 483
1 11 2
275 408
1 15 2
55 328
1 9 2
138 190
1 6 2
103 378
1 14 2
20 499
1 12 2
155 456
1 5 2
19 102
1 8 2
172 420
1 8 2
198 427
1 4 2
461 466
1 12 2
122 275
1 13 2
290 495
1 2 2
362 366
1 14 2
129 253
1 12 2
288 383
1 9 2
458 492
1 7 2
3 129
1 5 2
385 478
1 8 2
61 132
1 8 2
120 320
1 9 2
160 450
1 8 2
105 275
1 3 2
67 347
1 7 2
134 155
1 9 2
5 138
1 7 2
35 287
1 12 2
90 210
1 4 2
52 157
1 13 2
119 174
1 2 2
179 345
1 11 2
424 427
1 10 2
363 379
1 10 2
56 241
1 8 2
15 98
1 4 2
131 412
1 10 2
57 396
1 7 2
20 141
1 13 2
135 350
1 3 2
139 197
1 10 2
45 215
1 3 2
25 278
1 14 2
40 367
1 9 2
123 409
1 2 2
1 117
1 6 2
231 249
1 15 2
61 317
1 8 2
45 86
1 13 2
336 375
1 7 2
165 250
1 9 2
89 158
1 11 2
335 364
1 2 2
57 482
1 15 2
106 495
1 10 2
141 479
1 15 2
234 296
1 6 2
300 406
1 11 2
19 141
1 8 2
292 379
1 3 2
93 155
1 5 2
156 249
1 13 2
267 303
1 7 2
334 391
1 4 2
87 103
1 6 2
254 474
1 14 2
135 200
1 8 2
70 384
1 2 2
228 353
1 13 2
65 358
1 12 2
60 333
1 11 2
159 234
1 8 2
48 149
1 12 2
130 184
1 10 2
3 66
1 9 2
168 483
1 6 2
175 426
1 2 2
110 344
1 9 2
428 485
1 2 2
15 179
1 4 2
294 434
1 11 2
345 479
1 10 2
28 180
1 6 2
25 388
1 11 2
155 374
1 14 2
139 415
1 4 2
120 349
1 5 2
200 441
1 5 2
57 361
1 7 2
64 220
1 4 2
175 242
1 8 2
295 380
1 5 2
167 316
1 11 2
163 256
1 2 2
0 343
1 2 2
208 361
1 11 2
79 324
1 9 2
141 345
1 7 2
234 351
1 4 2
166 407
1 9 2
229 239
1 7 2
97 125
1 4 2
266 367
1 4 2
119 351
1 9 2
186 332
1 11 2
1 263
1 13 2
44 136
1 10 2
111 300
1 5 2
327 440
1 12 2
169 384
1 14 2
125 340
1 5 2
272 486
1 13 2
276 407
1 2 2
159 184
1 6 2
166 364
1 8 2
19 327
1 10 2
362 477
1 6 2
207 278
1 14 2
264 315
1 2 2
287 307
1 12 2
318 461
1 7 2
52 417
1 7 2
22 87
1 8 2
252 336
1 2 2
8 186
1 8 2
294 301
1 2 2
365 377
1 14 2
30 41
1 5 2
254 482
1 4 2
193 289
1 13 2
6 483
1 5 2
136 423
1 10 2
268 394
1 11 2
285 347
1 3 2
167 221
1 3 2
201 484
1 14 2
1 314
1 12 2
155 435
1 9 2
156 362
1 10 2
79 372
1 3 2
164 181
1 15 2
18 244
1 3 2
186 329
1 14 2
174 175
1 9 2
313 412
1 15 2
26 193
1 11 2
319 335
1 2 2
312 498
1 11 2
238 444
1 8 2
75 432
1 10 2
204 309
1 13 2
97 453
1 5 2
105 315
1 13 2
300 389
1 10 2
240 488
1 15 2
199 471
1 3 2
222 235
1 6 2
126 190
1 9 2
284 455
1 12 2
232 238
1 9 2
295 348
1 11 2
176 304
1 7 2
251 419
1 9 2
152 212
1 10 2
192 373
1 6 2
303 360
1 12 2
222 254
1 4 2
247 333
1 5 2
294 328
1 9 2
103 254
1 15 2
248 334
1 10 2
148 412
1 4 2
447 491
1 10 2
105 493
1 3 2
468 484
1 8 2
181 258
1 5 2
276 307
1 14 2
153 312
1 7 2
135 447
1 9 2
5 295
1 4 2
204 429
1 6 2
248 469
1 13 2
98 195
1 15 2
86 230
1 9 2
40 292
1 6 2
57 376
1 3 2
174 433
1 8 2
296 375
1 11 2
383 410
1 14 2
25 63
1 11 2
112 287
1 13 2
11 361
1 14 2
349 376
1 7 2
46 343
1 4 2
436 497
1 9 2
336 373
1 10 2
430 456
1 13 2
96 206
1 5 2
24 415
1 10 2
90 342
1 8 2
342 443
1 2 2
40 275
1 12 2
277 425
1 3 2
238 350
1 10 2
373 417
1 11 2
130 434
1 7 2
93 346
1 11 2
143 171
1 3 2
93 238
1 10 2
32 290
1 4 2
229 451
1 5 2
4 235
1 2 2
312 316
1 14 2
77 102
1 5 2
417 471
1 14 2
180 200
1 11 2
342 359
1 5 2
329 369
1 6 2
96 391
1 5 2
310 323
1 11 2
184 443
1 12 2
195 343
1 14 2
451 492
1 9 2
314 440
1 2 2
61 101
1 14 2
155 348
1 7 2
191 453
1 11 2
124 128
1 15 2
150 291
1 5 2
265 362
1 12 2
79 430
1 10 2
104 255
1 3 2
303 324
1 11 2
56 67
1 3 2
132 466
1 2 2
333 402
1 13 2
101 111
1 15 2
230 460
1 9 2
84 396
1 4 2
170 426
1 15 2
37 337
1 15 2
164 311
1 2 2
35 53
1 9 2
136 200
1 4 2
461 463
1 7 2
305 371
1 15 2
54 398
1 15 2
195 246
1 13 2
64 446
1 5 2
219 353
1 9 2
372 475
1 11 2
16 285
1 12 2
381 451
1 2 2
58 432
1 8 2
119 443
1 13 2
426 478
1 10 2
47 91
1 4 2
58 313
1 12 2
147 477
1 13 2
145 406
1 8 2
169 467
1 13 2
14 338
1 5 2
65 422
1 3 2
197 200
1 5 2
81 389
1 3 2
69 242
1 7 2
273 339
1 14 2
353 390
1 11 2
284 390
1 5 2
271 364
1 8 2
480 489
1 13 2
9 95
1 5 2
240 314
1 3 2
164 308
1 3 2
339 363
1 11 2
5 304
1 9 2
337 392
1 14 2
13 148
1 15 2
248 401
1 10 2
21 497
1 12 2
356 454
1 14 2
8 450
1 14 2
124 273
1 3 2
120 343
1 8 2
21 180
1 9 2
147 163
1 3 2
121 144
1 14 2
323 486
1 3 2
385 405
1 10 2
204 338
1 6 2
26 271
1 3 2
97 381
1 7 2
89 175
1 12 2
74 391
1 9 2
101 253
1 11 2
13 215
1 15 2
90 105
1 14 2
133 393
1 3 2
125 497
1 2 2
172 487
1 8 2
132 442
1 3 2
8 337
1 12 2
352 370
1 14 2
149 188
1 13 2
146 406
1 8 2
266 418
1 2 2
154 398
1 11 2
230 261
1 7 2
65 255
1 13 2
28 299
1 9 2
356 429
1 4 2
64 497
1 3 2
112 233
1 15 2
163 196
1 14 2
295 316
1 10 2
139 432
1 3 2
76 197
1 15 2
388 442
1 14 2
42 492
1 15 2
55 433
1 8 2
64 149
1 11 2
25 248
1 4 2
7 486
1 10 2
330 383
1 3 2
30 392
1 4 2
34 374
1 12 2
142 453
1 11 2
362 481
1 10 2
161 394
1 4 2
55 239
1 12 2
306 482
1 5 2
35 308
1 15 2
333 423
1 2 2
46 426
1 4 2
141 172
1 7 2
218 416
1 7 2
104 314
1 7 2
31 307
1 8 2
253 281
1 7 2
79 486
1 12 2
269 363
1 7 2
404 495
1 7 2
28 349
1 10 2
376 436
1 8 2
293 490
1 2 2
234 392
1 3 2
27 243
1 2 2
322 462
1 15 2
38 372
1 5 2
17 143
1 2 2
160 481
1 6 2
109 318
1 12 2
60 101
1 5 2
347 461
1 5 2
133 255
1 4 2
43 395
1 3 2
143 349
1 14 2
49 384
1 7 2
4 483
1 4 2
18 301
1 11 2
103 127
1 15 2
107 314
1 6 2
231 471
1 9 2
126 456
1 3 2
47 271
1 15 2
124 221
1 14 2
54 79
1 13 2
119 350
1 9 2
156 404
1 8 2
65 478
1 6 2
201 298
1 10 2
196 201
1 12 2
39 76
1 7 2
134 414
1 12 2
168 200
1 15 2
213 380
1 3 2
318 335
1 5 2
191 283
1 5 2
3 291
1 5 2
25 414
1 14 2
384 433
1 15 2
117 391
1 8 2
179 271
1 13 2
394 498
1 11 2
455 460
1 14 2
176 327
1 10 2
194 274
1 3 2
40 86
1 8 2
147 371
1 4 2
94 439
1 15 2
205 370
1 4 2
209 312
1 13 2
312 460
1 3 2
5 233
1 11 2
6 180
1 5 2
108 348
1 7 2
378 460
1 15 2
338 412
1 3 2
155 255
1 7 2
94 434
1 7 2
220 305
1 5 2
275 320
1 4 2
102 316
1 12 2
222 363
1 15 2
57 261
1 8 2
47 119
1 9 2
154 496
1 4 2
486 490
1 10 2
252 340
1 12 2
53 493
1 14 2
371 377
1 8 2
103 114
1 6 2
138 177
1 12 2
74 208
1 10 2
172 188
1 8 2
340 431
1 12 2
296 318
1 3 2
120 339
1 7 2
198 317
1 13 2
193 252
1 6 2
46 487
1 15 2
339 382
1 8 2
283 323
1 8 2
225 473
1 14 2
254 322
1 2 2
151 391
1 12 2
267 346
1 8 2
184 455
1 11 2
13 488
1 5 2
59 401
1 15 2
31 124
1 9 2
434 457
1 14 2
48 446
1 14 2
457 463
1 11 2
22 393
1 5 2
395 448
1 10 2
4 374
1 2 2
73 326
1 4 2
189 373
1 13 2
51 471
1 5 2
81 217
1 12 2
104 179
1 12 2
143 286
1 2 2
89 432
1 6 2
171 390
1 12 2
451 484
1 10 2
370 495
1 15 2
169 371
1 5 2
157 240
1 11 2
335 498
1 13 2
307 384
1 5 2
179 427
1 11 2
159 316
1 8 2
387 397
1 8 2
240 301
1 15 2
150 395
1 6 2
85 118
1 9 2
110 497
1 11 2
295 472
1 12 2
62 245
1 8 2
88 129
1 12 2
175 203
1 11 2
50 347
1 9 2
94 197
1 3 2
363 370
1 7 2
207 258
1 12 2
392 464
1 8 2
206 239
1 11 2
309 354
1 6 2
135 149
1 2 2
5 253
1 2 2
242 450
1 11 2
5 31
1 8 2
348 448
1 10 2
94 208
1 7 2
344 424
1 4 2
245 400
1 9 2
160 289
1 4 2
10 417
1 11 2
159 218
1 12 2
367 398
1 12 2
57 79
1 15 2
317 403
1 7 2
86 467
1 8 2
8 246
1 14 2
56 246
1 6 2
426 487
1 4 2
147 288
1 7 2
88 239
1 5 2
91 172
1 9 2
197 438
1 14 2
194 343
1 13 2
204 397
1 5 2
269 498
1 7 2
181 340
1 7 2
46 324
1 15 2
269 462
1 14 2
435 461
1 3 2
197 420
1 4 2
70 93
1 14 2
192 239
1 6 2
346 362
1 6 2
16 206
1 4 2
5 329
1 9 2
34 119
1 9 2
37 427
1 14 2
250 376
1 13 2
166 458
1 6 2
189 359
1 2 2
83 124
1 11 2
77 448
1 3 2
106 227
1 3 2
440 453
1 5 2
301 423
1 4 2
276 466
1 3 2
200 401
1 10 2
184 451
1 12 2
278 326
1 10 2
33 293
1 3 2
408 464
1 15 2
294 381
1 2 2
98 299
1 10 2
150 207
1 2 2
228 304
1 11 2
208 341
1 3 2
275 312
1 7 2
106 486
1 3 2
48 491
1 13 2
181 435
1 9 2
287 348
1 7 2
171 250
1 3 2
185 235
1 14 2
315 437
1 11 2
191 373
1 7 2
372 408
1 15 2
441 467
1 4 2
89 181
1 2 2
48 52
1 14 2
65 373
1 14 2
80 304
1 5 2
215 257
1 8 2
350 489
1 12 2
97 430
1 15 2
205 382
1 14 2
120 347
1 9 2
157 499
1 13 2
100 260
1 11 2
233 490
1 14 2
108 149
1 9 2
321 377
1 9 2
209 367
1 4 2
33 40
1 2 2
245 411
1 4 2
204 313
1 14 2
42 379
1 4 2
97 260
1 5 2
249 294
1 6 2
55 140
1 6 2
6 305
1 15 2
176 318
1 9 2
297 406
1 8 2
20 385
1 10 2
398 483
1 8 2
181 447
1 14 2
85 188
1 8 2
43 164
1 6 2
82 265
1 14 2
81 148
1 6 2
261 400
1 3 2
7 19
1 2 2
45 449
1 2 2
68 443
1 11 2
30 71
1 12 2
172 388
1 10 2
65 370
1 5 2
205 218
1 15 2
20 145
1 8 2
152 471
1 8 2
199 242
1 10 2
13 101
1 12 2
262 279
1 10 2
311 473
1 5 2
114 293
1 13 2
29 74
1 11 2
216 340
1 14 2
141 348
1 10 2
7 60
1 6 2
323 411
1 12 2
1 58
1 12 2
168 255
1 14 2
118 209
1 6 2
41 346
1 9 2
47 418
1 4 2
220 443
1 2 2
35 344
1 3 2
378 472
1 9 2
321 358
1 10 2
72 177
1 4 2
194 455
1 15 2
172 227
1 9 2
136 383
1 14 2
124 156
1 7 2
182 201
1 10 2
46 439
1 5 2
49 102
1 9 2
93 274
1 15 2
90 494
1 4 2
241 412
1 5 2
193 240
1 10 2
35 325
1 14 2
118 257
1 6 2
44 106
1 14 2
182 214
1 7 2
322 335
1 11 2
264 485
1 8 2
372 447
1 9 2
10 28
1 2 2
243 309
1 11 2
388 428
1 11 2
32 135
1 14 2
240 353
1 4 2
108 420
1 9 2
324 343
1 6 2
187 325
1 8 2
101 261
1 13 2
59 157
1 7 2
75 429
1 12 2
50 246
1 13 2
104 233
1 6 2
141 475
1 13 2
385 419
1 8 2
25 456
1 2 2
151 161
1 6 2
262 448
1 13 2
362 387
1 14 2
279 338
1 5 2
36 133
1 4 2
156 337
1 12 2
137 142
1 11 2
123 233
1 2 2
251 370
1 3 2
104 294
1 9 2
130 148
1 14 2
0 209
1 8 2
91 324
1 13 2
119 191
1 4 2
114 417
1 10 2
198 485
1 15 2
113 308
1 3 2
114 227
1 9 2
298 419
1 13 2
408 414
1 8 2
172 407
1 9 2
225 401
1 10 2
125 249
1 4 2
223 484
1 2 2
150 176
1 5 2
288 488
1 11 2
68 205
1 15 2
304 330
1 4 2
31 345
1 7 2
298 443
1 12 2
97 254
1 15 2
2 208
1 7 2
43 220
1 11 2
147 405
1 6 2
287 482
1 7 2
123 416
1 8 2
199 223
1 14 2
197 222
1 5 2
119 369
1 5 2
258 475
1 13 2
168 264
1 8 2
80 346
1 4 2
14 410
1 7 2
386 450
1 3 2
212 269
1 11 2
64 113
1 10 2
110 252
1 6 2
13 305
1 7 2
196 252
1 7 2
325 423
1 2 2
399 406
1 2 2
6 469
1 7 2
53 287
1 11 2
52 413
1 9 2
65 451
1 15 2
264 361
1 13 2
59 151
1 5 2
118 223
1 8 2
195 428
1 10 2
103 260
1 6 2
202 273
1 9 2
246 343
1 14 2
67 376
1 6 2
168 311
1 10 2
80 188
1 8 2
179 336
1 3 2
189 286
1 9 2
121 335
1 11 2
94 259
1 7 2
94 214
1 4 2
164 206
1 14 2
273 292
1 13 2
357 446
1 12 2
27 32
1 7 2
476 495
1 2 2
285 439
1 13 2
9 425
1 5 2
330 362
1 6 2
247 419
1 13 2
43 249
1 5 2
202 422
1 11 2
188 378
1 14 2
83 319
1 5 2
192 387
1 15 2
119 470
1 9 2
73 365
1 12 2
155 301
1 3 2
101 227
1 3 2
194 384
1 7 2
262 273
1 12 2
187 248
1 15 2
173 222
1 5 2
1 218
1 9 2
78 393
1 4 2
103 146
1 6 2
228 426
1 2 2
350 457
1 7 2
140 175
1 12 2
58 158
1 8 2
128 470
1 13 2
359 388
1 12 2
121 486
1 11 2
300 316
1 6 2
231 416
1 10 2
8 219
1 11 2
325 375
1 13 2
229 482
1 4 2
83 200
1 4 2
38 392
1 10 2
77 264
1 10 2
36 336
1 13 2
50 135
1 9 2
72 155
1 12 2
178 425
1 7 2
289 368
1 11 2
142 490
1 4 2
430 447
1 2 2
230 269
1 15 2
237 363
1 5 2
212 476
1 15 2
149 332
1 2 2
149 391
1 14 2
49 140
1 5 2
50 207
1 4 2
111 329
1 15 2
52 243
1 4 2
11 467
1 11 2
406 409
1 10 2
16 448
1 6 2
139 193
1 6 2
95 171
1 12 2
145 298
1 11 2
228 422
1 7 2
161 266
1 4 2
255 270
1 5 2
144 187
1 2 2
33 154
1 12 2
17 308
1 14 2
49 86
1 11 2
402 490
1 14 2
175 391
1 3 2
140 361
1 13 2
175 375
1 12 2
84 108
1 2 2
171 318
1 4 2
190 311
1 5 2
172 318
1 13 2
97 295
1 10 2
370 396
1 7 2
51 442
1 9 2
329 431
1 10 2
12 87
1 15 2
267 456
1 7 2
221 410
1 11 2
8 332
1 5 2
240 403
1 14 2
131 325
1 7 2
121 233
1 13 2
310 414
1 9 2
151 159
1 12 2
79 368
1 10 2
4 239
1 14 2
56 380
1 11 2
340 459
1 13 2
10 414
1 2 2
425 432
1 3 2
144 424
1 3 2
329 432
1 2 2
166 261
1 14 2
79 474
1 2 2
223 288
1 8 2
452 463
1 7 2
45 364
1 8 2
340 434
1 13 2
315 349
1 14 2
389 454
1 15 2
210 349
1 8 2
99 252
1 13 2
135 476
1 11 2
265 482
1 7 2
283 376
1 3 2
14 486
1 13 2
82 416
1 15 2
100 293
1 10 2
485 496
1 12 2
171 199
1 13 2
112 467
1 3 2
36 352
1 5 2
174 305
1 13 2
254 465
1 7 2
440 446
1 2 2
269 464
1 14 2
237 343
1 4 2
25 187
1 2 2
121 129
1 11 2
276 464
1 5 2
257 260
1 8 2
128 422
1 14 2
148 335
1 5 2
339 450
1 3 2
360 384
1 5 2
61 241
1 13 2
267 352
1 12 2
277 410
1 3 2
69 461
1 8 2
84 480
1 11 2
63 398
1 9 2
272 278
1 11 2
215 437
1 7 2
3 185
1 6 2
379 461
1 2 2
152 354
1 5 2
80 347
1 10 2
150 357
1 10 2
358 479
1 11 2
405 432
1 3 2
190 445
1 9 2
109 182
1 15 2
104 224
1 4 2
184 368
1 7 2
464 477
1 7 2
20 491
1 3 2
12 69
1 6 2
290 419
1 9 2
56 81
1 13 2
5 373
1 2 2
77 195
1 2 2
291 317
1 11 2
207 298
1 9 2
208 397
1 12 2
157 243
1 13 2
119 434
1 7 2
310 317
1 2 2
124 135
1 2 2
265 431
1 11 2
199 323
1 11 2
61 463
1 15 2
263 346
1 2 2
201 332
1 3 2
197 427
1 14 2
18 46
1 10 2
344 482
1 7 2
38 175
1 4 2
324 384
1 13 2
220 232
1 13 2
131 265
1 14 2
29 258
1 5 2
306 466
1 4 2
73 398
1 15 2
181 349
1 5 2
233 394
1 9 2
20 74
1 3 2
268 407
1 8 2
23 248
1 4 2
329 403
1 3 2
107 333
1 14 2
1 45
1 15 2
101 167
1 3 2
76 345
1 2 2
281 431
1 7 2
52 239
1 8 2
315 447
1 5 2
125 198
1 5 2
79 210
1 11 2
113 133
1 12 2
299 315
1 14 2
84 342
1 10 2
143 435
1 5 2
22 172
1 15 2
133 224
1 12 2
120 277
1 7 2
93 349
1 4 2
178 204
1 14 2
53 279
1 2 2
197 488
1 5 2
19 109
1 13 2
122 314
1 15 2
113 213
1 7 2
153 472
1 5 2
144 335
1 12 2
353 485
1 3 2
388 436
1 8 2
4 136
1 10 2
45 434
1 2 2
167 445
1 14 2
490 492
1 14 2
43 304
1 13 2
311 348
1 13 2
383 494
1 8 2
284 432
1 15 2
225 461
1 8 2
123 436
1 14 2
243 379
1 5 2
187 470
1 6 2
405 477
1 14 2
245 356
1 11 2
157 352
1 2 2
258 383
1 9 2
73 497
1 15 2
60 211
1 2 2
42 298
1 3 2
252 477
1 4 2
234 428
1 12 2
39 495
1 11 2
185 335
1 14 2
20 158
1 7 2
174 449
1 12 2
295 374
1 2 2
47 61
1 5 2
433 437
1 4 2
41 336
1 15 2
3 101
1 10 2
358 490
1 15 2
33 258
1 7 2
17 104
1 7 2
50 88
1 15 2
90 203
1 14 2
95 150
1 14 2
100 437
1 14 2
171 310
1 5 2
126 197
1 10 2
104 161
1 7 2
196 383
1 2 2
286 337
1 3 2
116 167
1 14 2
217 223
1 3 2
163 421
1 8 2
188 311
1 5 2
380 497
1 4 2
27 261
1 9 2
7 306
1 5 2
36 143
1 2 2
84 353
1 15 2
422 436
1 12 2
221 434
1 10 2
81 189
1 8 2
180 185
1 8 2
25 302
1 14 2
13 47
1 9 2
17 172
1 4 2
397 415
1 9 2
2 499
1 14 2
311 459
1 2 2
160 262
1 8 2
98 251
1 4 2
236 483
1 15 2
188 202
1 11 2
74 283
1 5 2
54 375
1 14 2
313 460
1 15 2
204 378
1 8 2
156 172
1 3 2
115 135
1 12 2
161 417
1 6 2
285 454
1 14 2
313 493
1 7 2
121 346
1 6 2
19 341
1 9 2
59 320
1 12 2
353 370
1 5 2
122 378
1 5 2
177 211
1 3 2
30 171
1 15 2
43 254
1 10 2
11 485
1 13 2
241 364
1 12 2
368 416
1 13 2
140 412
1 4 2
282 286
1 10 2
49 135
1 5 2
8 417
1 3 2
88 383
1 5 2
63 150
1 4 2
150 285
1 4 2
154 269
1 6 2
70 172
1 4 2
3 405
1 14 2
310 330
1 10 2
17 94
1 8 2
80 259
1 6 2
75 442
1 13 2
187 234
1 15 2
456 470
1 2 2
38 220
1 15 2
26 381
1 11 2
232 442
1 9 2
275 334
1 12 2
102 430
1 3 2
73 288
1 10 2
186 463
1 8 2
402 480
1 2 2
188 498
1 7 2
156 466
1 6 2
12 365
1 11 2
308 410
1 12 2
98 429
1 8 2
180 252
1 15 2
78 211
1 2 2
304 390
1 8 2
309 387
1 13 2
253 498
1 15 2
315 480
1 7 2
101 134
1 9 2
51 180
1 5 2
172 267
1 2 2
132 173
1 7 2
217 253
1 9 2
137 267
1 8 2
28 167
1 13 2
52 226
1 12 2
49 199
1 2 2
197 366
1 8 2
106 244
1 14 2
380 467
1 2 2
451 474
1 14 2
263 324
1 7 2
149 464
1 3 2
34 47
1 14 2
8 67
1 9 2
186 407
1 2 2
222 265
1 15 2
183 352
1 9 2
205 284
1 8 2
13 421
1 12 2
5 292
1 4 2
291 464
1 11 2
282 424
1 5 2
329 446
1 5 2
63 291
1 7 2
40 170
1 7 2
81 376
1 13 2
226 478
1 11 2
131 212
1 14 2
96 219
1 7 2
136 373
1 2 2
178 258
1 5 2
127 187
1 13 2
220 397
1 12 2
181 367
1 11 2
146 447
1 7 2
268 418
1 2 2
44 385
1 9 2
291 390
1 3 2
219 491
1 12 2
261 404
1 12 2
111 491
1 14 2
8 109
1 13 2
300 478
1 7 2
267 486
1 13 2
141 294
1 9 2
86 199
1 6 2
80 139
1 13 2
196 368
1 3 2
160 184
1 6 2
1 28
1 7 2
49 459
1 11 2
213 440
1 11 2
370 399
1 4 2
143 481
1 12 2
362 412
1 3 2
42 297
1 15 2
276 370
1 9 2
85 375
1 9 2
137 303
1 5 2
171 344
1 8 2
348 465
1 14 2
183 214
1 3 2
34 252
1 9 2
18 125
1 13 2
140 185
1 6 2
74 200
1 11 2
165 172
1 14 2
156 256
1 5 2
173 490
1 12 2
251 467
1 5 2
107 353
1 7 2
206 399
1 15 2
36 118
1 9 2
47 228
1 2 2
246 278
1 13 2
363 389
1 14 2
309 487
1 10 2
125 409
1 4 2
131 324
1 7 2
127 290
1 5 2
3 419
1 12 2
375 410
1 6 2
74 492
1 6 2
486 487
1 4 2
0 237
1 15 2
172 369
1 6 2
218 236
1 7 2
243 402
1 10 2
75 139
1 2 2
202 447
1 4 2
202 363
1 14 2
262 473
1 7 2
108 284
1 10 2
7 16
1 15 2
445 451
1 6 2
108 222
1 4 2
115 459
1 3 2
18 355
1 4 2
213 475
1 9 2
16 347
1 13 2
57 290
1 5 2
103 278
1 6 2
115 389
1 7 2
451 464
1 8 2
51 338
1 8 2
23 384
1 9 2
368 422
1 6 2
235 340
1 7 2
121 146
1 7 2
170 436
1 5 2
79 107
1 6 2
181 363
1 5 2
106 338
1 5 2
147 391
1 14 2
69 210
1 13 2
317 462
1 10 2
302 424
1 10 2
256 364
1 5 2
29 261
1 14 2
246 485
1 15 2
32 204
1 14 2
149 351
1 14 2
7 55
1 13 2
119 153
1 6 2
410 483
1 12 2
313 334
1 6 2
188 385
1 12 2
154 424
1 3 2
74 402
1 3 2
341 437
1 15 2
34 171
1 2 2
251 270
1 10 2
88 388
1 7 2
387 458
1 14 2
73 237
1 14 2
30 371
1 13 2
68 283
1 9 2
46 298
1 10 2
214 341
1 10 2
168 448
1 9 2
296 499
1 13 2
291 387
1 15 2
11 326
1 7 2
105 160
1 13 2
95 294
1 14 2
147 284
1 9 2
122 146
1 3 2
73 92
1 7 2
332 460
1 11 2
205 443
1 15 2
307 356
1 2 2
38 356
1 15 2
23 37
1 6 2
282 402
1 13 2
65 436
1 8 2
161 253
1 10 2
366 475
1 3 2
43 338
1 7 2
47 95
1 14 2
107 364
1 3 2
109 215
1 7 2
22 495
1 4 2
63 320
1 6 2
358 375
1 6 2
13 477
1 9 2
201 376
1 4 2
80 397
1 6 2
23 443
1 9 2
132 218
1 4 2
17 489
1 12 2
143 436
1 3 2
445 488
1 3 2
433 493
1 7 2
132 464
1 14 2
141 193
1 11 2
161 288
1 4 2
230 447
1 11 2
41 401
1 7 2
303 391
1 6 2
255 331
1 13 2
44 443
1 15 2
43 449
1 6 2
256 294
1 10 2
232 243
1 9 2
140 188
1 5 2
146 328
1 14 2
184 287
1 14 2
30 67
1 6 2
59 378
1 6 2
274 373
1 8 2
138 192
1 11 2
147 294
1 10 2
102 253
1 15 2
266 379
1 12 2
335 339
1 13 2
462 478
1 5 2
245 492
1 2 2
429 453
1 3 2
124 326
1 6 2
206 398
1 4 2
78 134
1 13 2
154 270
1 6 2
211 413
1 4 2
207 332
1 7 2
273 326
1 3 2
304 396
1 2 2
302 479
1 12 2
118 437
1 13 2
48 303
1 2 2
211 406
1 4 2
107 449
1 3 2
270 468
1 2 2
253 356
1 14 2
72 378
1 11 2
362 485
1 5 2
386 407
1 4 2
358 465
1 4 2
239 258
1 12 2
112 193
1 9 2
208 425
1 4 2
263 362
1 12 2
106 188
1 10 2
55 391
1 4 2
56 452
1 10 2
117 203
1 14 2
156 269
1 3 2
230 492
1 8 2
333 343
1 9 2
310 344
1 9 2
29 134
1 7 2
1 478
1 3 2
49 150
1 11 2
14 456
1 3 2
99 379
1 9 2
203 219
1 6 2
210 425
1 10 2
118 146
1 6 2
367 451
1 5 2
300 407
1 2 2
40 498
1 5 2
250 298
1 2 2
37 486
1 5 2
145 229
1 14 2
147 305
1 13 2
92 98
1 7 2
141 464
1 11 2
349 356
1 9 2
35 230
1 6 2
384 451
1 13 2
169 440
1 3 2
138 366
1 14 2
43 96
1 5 2
131 169
1 6 2
326 347
1 11 2
116 325
1 8 2
36 320
1 6 2
244 382
1 3 2
299 449
1 10 2
216 230
1 3 2
355 450
1 14 2
393 437
1 4 2
28 426
1 10 2
213 468
1 2 2
63 165
1 3 2
194 368
1 13 2
305 423
1 9 2
119 293
1 13 2
17 370
1 5 2
9 170
1 15 2
32 36
1 2 2
144 164
1 6 2
166 193
1 8 2
17 152
1 11 2
243 491
1 6 2
226 273
1 10 2
1 184
1 7 2
258 287
1 4 2
171 356
1 8 2
75 192
1 10 2
363 459
1 15 2
223 482
1 10 2
214 353
1 8 2
335 338
1 8 2
57 307
1 2 2
78 149
1 9 2
21 249
1 8 2
261 493
1 4 2
233 381
1 7 2
147 292
1 14 2
148 298
1 5 2
40 291
1 12 2
291 414
1 4 2
191 314
1 13 2
5 279
1 11 2
287 480
1 12 2
63 427
1 5 2
146 351
1 11 2
77 489
1 6 2
7 398
1 6 2
92 426
1 4 2
38 437
1 6 2
406 468
1 15 2
159 322
1 12 2
62 72
1 13 2
150 390
1 4 2
145 162
1 9 2
98 281
1 2 2
299 438
1 9 2
208 403
1 15 2
269 354
1 13 2
127 251
1 15 2
338 415
1 13 2
182 277
1 14 2
87 205
1 11 2
326 337
1 8 2
8 147
1 5 2
235 417
1 12 2
90 298
1 5 2
72 255
1 3 2
12 294
1 6 2
128 476
1 7 2
68 470
1 3 2
92 308
1 5 2
27 340
1 9 2
206 373
1 15 2
357 449
1 6 2
72 189
1 4 2
370 475
1 15 2
167 381
1 11 2
108 226
1 5 2
409 472
1 6 2
97 370
1 15 2
173 301
1 3 2
7 105
1 5 2
178 466
1 2 2
121 423
1 2 2
88 475
1 3 2
73 429
1 7 2
148 274
1 10 2
376 399
1 3 2
99 383
1 13 2
182 380
1 8 2
150 202
1 8 2
155 477
1 15 2
183 281
1 5 2
100 343
1 3 2
242 342
1 10 2
140 469
1 13 2
308 453
1 4 2
225 449
1 12 2
145 439
1 3 2
59 203
1 6 2
427 456
1 12 2
168 434
1 2 2
55 178
1 11 2
129 326
1 10 2
324 422
1 2 2
108 177
1 12 2
4 89
1 13 2
326 463
1 10 2
126 214
1 5 2
129 432
1 12 2
162 311
1 13 2
34 457
1 5 2
257 277
1 9 2
37 243
1 4 2
181 463
1 2 2
241 254
1 8 2
45 124
1 2 2
12 31
1 5 2
234 421
1 3 2
334 338
1 2 2
54 273
1 13 2
7 471
1 2 2
8 118
1 3 2
32 33
1 5 2
99 298
1 7 2
87 152
1 8 2
357 398
1 7 2
2 412
1 12 2
251 448
1 15 2
56 355
1 14 2
252 394
1 13 2
345 413
1 8 2
138 242
1 7 2
209 482
1 12 2
167 404
1 14 2
222 406
1 9 2
174 215
1 11 2
18 272
1 3 2
111 350
1 8 2
135 158
1 11 2
289 320
1 8 2
365 393
1 2 2
63 318
1 14 2
50 416
1 6 2
177 219
1 2 2
226 397
1 6 2
246 455
1 11 2
232 472
1 14 2
370 406
1 9 2
75 242
1 8 2
244 461
1 12 2
76 451
1 9 2
33 235
1 10 2
10 214
1 6 2
241 413
1 8 2
38 294
1 6 2
28 399
1 8 2
58 390
1 6 2
128 374
1 13 2
363 482
1 8 2
258 279
1 3 2
431 441
1 12 2
90 439
1 7 2
10 196
1 5 2
11 155
1 15 2
368 476
1 4 2
119 375
1 3 2
131 395
1 7 2
223 415
1 7 2
25 126
1 13 2
355 401
1 3 2
345 354
1 11 2
38 102
1 9 2
62 362
1 8 2
298 456
1 6 2
40 208
1 5 2
27 83
1 3 2
79 427
1 8 2
85 350
1 14 2
128 182
1 4 2
27 47
1 13 2
243 493
1 3 2
247 410
1 7 2
4 73
1 8 2
377 421
1 3 2
16 356
1 6 2
36 314
1 5 2
78 122
1 7 2
210 284
1 3 2
51 237
1 10 2
50 239
1 9 2
255 376
1 9 2
240 476
1 15 2
438 487
1 11 2
211 285
1 9 2
89 243
1 15 2
1 149
1 4 2
203 403
1 5 2
298 486
1 4 2
140 218
1 9 2
39 173
1 13 2
32 427
1 5 2
111 220
1 12 2
192 461
1 11 2
100 252
1 9 2
239 430
1 4 2
85 461
1 8 2
114 350
1 9 2
158 263
1 14 2
72 237
1 8 2
85 138
1 5 2
104 118
1 4 2
140 327
1 5 2
117 165
1 14 2
240 459
1 13 2
165 381
1 9 2
91 295
1 3 2
274 432
1 13 2
156 328
1 12 2
135 286
1 3 2
44 441
1 12 2
36 372
1 4 2
145 158
1 3 2
214 355
1 8 2
307 455
1 9 2
187 358
1 14 2
14 31
1 11 2
256 299
1 4 2
299 402
1 15 2
21 264
1 13 2
129 477
1 4 2
129 455
1 14 2
6 461
1 2 2
111 319
1 10 2
137 286
1 4 2
17 350
1 5 2
161 353
1 15 2
474 490
1 12 2
146 176
1 10 2
243 249
1 4 2
66 144
1 4 2
11 486
1 5 2
350 461
1 2 2
457 482
1 2 2
128 311
1 2 2
116 277
1 2 2
18 59
1 15 2
11 449
1 10 2
140 239
1 5 2
181 254
1 13 2
248 447
1 5 2
263 277
1 5 2
10 381
1 14 2
58 154
1 12 2
116 387
1 11 2
35 143
1 10 2
275 458
1 7 2
147 150
1 9 2
35 471
1 5 2
3 252
1 15 2
39 177
1 2 2
325 486
1 13 2
114 367
1 13 2
23 291
1 5 2
123 434
1 7 2
20 226
1 13 2
178 496
1 10 2
157 219
1 2 2
121 333
1 13 2
54 121
1 2 2
99 433
1 11 2
246 348
1 5 2
164 253
1 14 2
63 112
1 11 2
6 106
1 12 2
109 364
1 2 2
225 319
1 2 2
83 323
1 9 2
212 370
1 13 2
168 173
1 5 2
64 146
1 2 2
397 495
1 15 2
64 459
1 14 2
250 442
1 9 2
292 458
1 2 2
24 289
1 6 2
113 394
1 15 2
155 229
1 6 2
426 469
1 15 2
40 160
1 10 2
377 415
1 7 2
15 279
1 13 2
173 306
1 4 2
80 373
1 6 2
379 407
1 6 2
144 317
1 4 2
173 281
1 3 2
48 236
1 10 2
176 208
1 8 2
18 446
1 4 2
358 363
1 6 2
17 115
1 10 2
175 350
1 8 2
114 487
1 15 2
108 139
1 13 2
36 198
1 7 2
43 282
1 14 2
80 434
1 2 2
224 356
1 3 2
153 318
1 6 2
218 471
1 10 2
354 476
1 2 2
338 471
1 14 2
333 406
1 5 2
19 375
1 13 2
189 354
1 11 2
369 420
1 10 2
158 374
1 4 2
116 314
1 15 2
105 188
1 2 2
67 489
1 3 2
48 125
1 2 2
154 423
1 13 2
243 362
1 8 2
113 315
1 4 2
12 160
1 15 2
97 436
1 14 2
106 273
1 10 2
387 499
1 3 2
233 298
1 13 2
203 226
1 3 2
153 314
1 9 2
141 209
1 2 2
277 403
1 6 2
51 183
1 2 2
349 415
1 2 2
187 440
1 5 2
263 291
1 8 2
467 484
1 3 2
337 435
1 8 2
249 494
1 10 2
84 129
1 7 2
339 386
1 3 2
90 421
1 7 2
365 415
1 13 2
162 361
1 9 2
32 46
1 9 2
49 196
1 8 2
21 236
1 6 2
73 345
1 13 2
37 220
1 11 2
198 231
1 9 2
194 398
1 4 2
205 433
1 13 2
94 392
1 3 2
309 324
1 9 2
428 491
1 6 2
448 493
1 4 2
120 139
1 10 2
16 129
1 3 2
128 471
1 11 2
114 275
1 4 2
140 256
1 6 2
1 217
1 14 2
4 225
1 7 2
76 92
1 2 2
131 159
1 6 2
138 485
1 15 2
447 466
1 14 2
19 140
1 8 2
345 358
1 6 2
103 395
1 14 2
114 187
1 2 2
17 303
1 3 2
4 248
1 6 2
53 449
1 13 2
174 369
1 15 2
84 301
1 7 2
310 359
1 3 2
159 445
1 12 2
116 485
1 12 2
44 222
1 11 2
66 130
1 11 2
340 379
1 11 2
264 370
1 3 2
294 448
1 11 2
160 490
1 9 2
398 410
1 12 2
141 389
1 4 2
79 190
1 14 2
176 330
1 10 2
148 472
1 14 2
18 471
1 4 2
243 289
1 6 2
83 281
1 12 2
258 262
1 6 2
18 48
1 15 2
68 164
1 3 2
283 306
1 3 2
278 292
1 13 2
232 465
1 4 2
26 232
1 3 2
105 338
1 15 2
219 386
1 12 2
150 313
1 9 2
45 419
1 2 2
294 492
1 15 2
99 158
1 5 2
306 391
1 10 2
83 265
1 6 2
122 297
1 5 2
15 134
1 6 2
245 408
1 9 2
47 300
1 5 2
35 370
1 4 2
352 402
1 14 2
39 85
1 10 2
42 232
1 12 2
389 474
1 2 2
128 287
1 5 2
118 466
1 15 2
136 313
1 6 2
17 127
1 4 2
377 410
1 9 2
147 487
1 10 2
1 278
1 9 2
55 210
1 11 2
12 173
1 13 2
379 387
1 6 2
433 497
1 9 2
225 414
1 9 2
8 100
1 6 2
274 438
1 12 2
85 362
1 6 2
3 83
1 2 2
157 340
1 8 2
327 384
1 2 2
362 371
1 7 2
194 302
1 13 2
448 491
1 2 2
264 394
1 11 2
70 87
1 12 2
226 365
1 13 2
185 436
1 5 2
103 403
1 11 2
251 368
1 15 2
285 418
1 12 2
292 297
1 13 2
334 345
1 3 2
74 256
1 4 2
177 301
1 6 2
355 416
1 8 2
446 497
1 6 2
68 414
1 8 2
421 491
1 5 2
112 115
1 3 2
373 390
1 15 2
121 174
1 15 2
40 350
1 7 2
165 398
1 7 2
88 148
1 11 2
113 187
1 7 2
155 280
1 13 2
195 425
1 12 2
354 395
1 14 2
17 259
1 5 2
54 362
1 15 2
413 472
1 15 2
228 318
1 2 2
4 221
1 2 2
305 398
1 2 2
320 419
1 15 2
103 232
1 3 2
186 401
1 10 2
255 306
1 7 2
29 48
1 15 2
173 337
1 12 2
316 472
1 9 2
34 499
1 5 2
233 427
1 8 2
100 409
1 9 2
237 325
1 13 2
68 201
1 6 2
271 420
1 11 2
79 89
1 15 2
159 326
1 2 2
345 498
1 2 2
223 327
1 6 2
255 301
1 9 2
325 457
1 4 2
141 413
1 10 2
169 321
1 14 2
128 467
1 13 2
84 197
1 15 2
160 306
1 14 2
119 365
1 4 2
19 300
1 13 2
31 406
1 13 2
141 243
1 12 2
123 429
1 6 2
89 282
1 11 2
95 472
1 8 2
75 193
1 7 2
32 449
1 2 2
284 286
1 5 2
5 135
1 6 2
94 383
1 3 2
171 455
1 12 2
28 446
1 13 2
135 387
1 10 2
353 454
1 5 2
19 478
1 7 2
210 361
1 13 2
5 343
1 6 2
36 267
1 13 2
47 200
1 13 2
249 305
1 13 2
251 393
1 2 2
112 381
1 8 2
84 276
1 4 2
204 237
1 4 2
104 147
1 12 2
49 494
1 7 2
458 473
1 2 2
59 420
1 12 2
256 477
1 5 2
0 357
1 4 2
181 392
1 6 2
126 332
1 14 2
266 269
1 11 2
241 308
1 11 2
227 378
1 2 2
190 458
1 15 2
60 384
1 15 2
125 194
1 5 2
263 410
1 12 2
154 473
1 6 2
136 318
1 8 2
17 383
1 2 2
144 304
1 5 2
67 349
1 6 2
459 460
1 12 2
47 339
1 3 2
18 470
1 3 2
55 363
1 3 2
247 493
1 10 2
299 313
1 13 2
0 279
1 14 2
358 485
1 2 2
143 282
1 8 2
151 213
1 3 2
165 460
1 14 2
283 402
1 6 2
34 153
1 4 2
259 347
1 14 2
331 477
1 5 2
64 235
1 3 2
218 425
1 11 2
86 367
1 5 2
214 440
1 6 2
55 241
1 3 2
27 341
1 5 2
172 492
1 13 2
264 402
1 6 2
137 437
1 15 2
131 486
1 6 2
90 248
1 11 2
86 218
1 13 2
4 308
1 13 2
23 246
1 9 2
312 350
1 3 2
121 236
1 3 2
0 382
1 12 2
276 277
1 11 2
65 331
1 2 2
245 430
1 11 2
284 486
1 10 2
89 499
1 8 2
157 358
1 13 2
35 382
1 8 2
90 165
1 5 2
313 498
1 2 2
127 294
1 3 2
214 323
1 8 2
108 213
1 5 2
141 377
1 2 2
34 304
1 15 2
152 269
1 7 2
6 488
1 11 2
324 462
1 8 2
56 434
1 13 2
8 41
1 7 2
128 191
1 4 2
88 374
1 14 2
139 374
1 4 2
281 392
1 11 2
200 348
1 5 2
172 464
1 6 2
105 291
1 13 2
13 119
1 7 2
328 459
1 11 2
22 269
1 2 2
114 175
1 3 2
285 409
1 10 2
199 219
1 5 2
132 445
1 6 2
353 486
1 15 2
71 80
1 12 2
178 317
1 14 2
95 416
1 6 2
91 393
1 4 2
372 434
1 11 2
83 181
1 10 2
249 388
1 3 2
278 390
1 9 2
454 489
1 6 2
58 454
1 15 2
25 270
1 10 2
3 288
1 9 2
91 497
1 9 2
405 465
1 4 2
10 138
1 5 2
44 318
1 3 2
385 489
1 10 2
316 446
1 11 2
271 368
1 9 2
111 287
1 9 2
67 259
1 14 2
54 201
1 5 2
209 275
1 4 2
190 322
1 13 2
372 499
1 12 2
132 487
1 14 2
216 491
1 14 2
226 382
1 5 2
272 481
1 4 2
168 417
1 14 2
217 299
1 10 2
4 130
1 15 2
45 251
1 2 2
244 423
1 5 2
111 292
1 9 2
156 217
1 5 2
81 304
1 10 2
65 304
1 6 2
189 340
1 12 2
94 199
1 10 2
63 71
1 12 2
73 152
1 11 2
110 314
1 8 2
44 442
1 4 2
241 284
1 6 2
269 445
1 15 2
115 481
1 6 2
418 474
1 3 2
291 412
1 8 2
125 297
1 7 2
185 437
1 12 2
414 480
1 2 2
21 103
1 5 2
379 484
1 10 2
42 90
1 13 2
9 124
1 10 2
349 464
1 15 2
92 97
1 12 2
355 391
1 15 2
33 416
1 10 2
253 462
1 9 2
283 490
1 3 2
73 395
1 12 2
218 488
1 3 2
43 243
1 5 2
86 225
1 5 2
128 166
1 14 2
29 469
1 8 2
100 291
1 6 2
85 442
1 13 2
184 311
1 8 2
89 422
1 9 2
219 461
1 5 2
119 245
1 12 2
124 318
1 13 2
350 369
1 8 2
62 449
1 12 2
219 479
1 3 2
242 352
1 2 2
237 415
1 11 2
180 244
1 10 2
121 151
1 15 2
88 386
1 11 2
165 482
1 10 2
198 313
1 9 2
38 139
1 11 2
232 446
1 6 2
73 387
1 11 2
66 209
1 15 2
3 197
1 6 2
25 49
1 6 2
166 266
1 6 2
33 182
1 13 2
7 391
1 10 2
294 330
1 7 2
384 418
1 14 2
312 329
1 14 2
116 121
1 3 2
34 426
1 5 2
49 358
1 7 2
264 351
1 6 2
106 449
1 10 2
240 484
1 3 2
313 315
1 14 2
54 247
1 8 2
407 437
1 7 2
354 457
1 15 2
149 248
1 3 2
190 334
1 5 2
83 162
1 6 2
189 400
1 7 2
265 430
1 15 2
442 466
1 13 2
92 364
1 13 2
230 403
1 10 2
172 223
1 11 2
129 492
1 14 2
7 348
1 2 2
48 407
1 11 2
68 343
1 13 2
24 285
1 2 2
121 318
1 15 2
223 314
1 3 2
172 247
1 2 2
131 372
1 13 2
198 496
1 5 2
249 377
1 3 2
262 352
1 11 2
390 472
1 7 2
203 217
1 14 2
244 378
1 7 2
354 391
1 9 2
234 282
1 6 2
257 472
1 5 2
147 326
1 12 2
83 177
1 4 2
56 488
1 4 2
83 453
1 8 2
148 485
1 5 2
137 379
1 11 2
134 233
1 10 2
105 127
1 2 2
126 310
1 14 2
48 372
1 2 2
222 274
1 5 2
8 151
1 11 2
16 282
1 4 2
25 325
1 15 2
136 418
1 15 2
107 400
1 3 2
175 356
1 14 2
14 47
1 13 2
434 445
1 15 2
285 429
1 6 2
91 417
1 9 2
417 473
1 6 2
185 325
1 4 2
430 443
1 15 2
76 215
1 5 2
91 114
1 3 2
51 187
1 5 2
106 374
1 10 2
17 81
1 6 2
78 328
1 11 2
59 184
1 5 2
13 275
1 3 2
29 266
1 14 2
10 43
1 9 2
100 447
1 2 2
336 392
1 6 2
0 446
1 3 2
329 436
1 6 2
105 212
1 10 2
87 260
1 10 2
182 293
1 8 2
85 376
1 15 2
248 439
1 3 2
0 337
1 3 2
228 295
1 3 2
85 430
1 15 2
159 273
1 15 2
172 378
1 4 2
49 380
1 9 2
131 385
1 4 2
34 72
1 13 2
62 87
1 14 2
58 434
1 8 2
141 431
1 5 2
399 467
1 10 2
34 181
1 9 2
190 479
1 10 2
60 328
1 2 2
69 147
1 9 2
120 431
1 6 2
160 219
1 6 2
68 210
1 15 2
30 58
1 8 2
24 163
1 15 2
207 393
1 4 2
290 317
1 5 2
360 374
1 3 2
116 193
1 4 2
24 335
1 4 2
3 435
1 10 2
179 231
1 4 2
329 376
1 6 2
446 455
1 2 2
73 477
1 9 2
347 421
1 4 2
163 382
1 3 2
187 228
1 3 2
152 365
1 7 2
79 391
1 4 2
82 277
1 9 2
299 451
1 11 2
217 441
1 7 2
422 424
1 6 2
220 432
1 4 2
325 357
1 13 2
4 303
1 7 2
342 494
1 5 2
73 260
1 9 2
291 454
1 6 2
25 355
1 5 2
70 171
1 11 2
224 364
1 15 2
377 467
1 4 2
50 415
1 15 2
376 445
1 13 2
0 316
1 10 2
8 472
1 11 2
177 357
1 13 2
192 421
1 8 2
297 309
1 3 2
12 122
1 6 2
51 358
1 5 2
262 472
1 14 2
32 117
1 8 2
432 474
1 6 2
217 471
1 14 2
385 391
1 4 2
149 367
1 4 2
76 298
1 14 2
419 476
1 4 2
194 494
1 9 2
208 238
1 15 2
119 129
1 8 2
367 401
1 4 2
193 265
1 2 2
31 446
1 9 2
4 311
1 14 2
2 233
1 6 2
48 223
1 15 2
147 382
1 3 2
38 370
1 12 2
234 411
1 4 2
209 377
1 14 2
192 283
1 5 2
11 479
1 2 2
84 246
1 11 2
1 124
1 15 2
132 256
1 8 2
31 335
1 7 2
12 180
1 2 2
226 386
1 11 2
156 200
1 4 2
256 292
1 15 2
2 453
1 7 2
82 261
1 15 2
143 292
1 4 2
188 217
1 15 2
215 373
1 6 2
161 180
1 2 2
80 264
1 12 2
443 472
1 15 2
271 416
1 13 2
306 419
1 5 2
116 216
1 13 2
176 271
1 2 2
110 219
1 4 2
175 373
1 9 2
91 385
1 10 2
39 428
1 15 2
31 207
1 13 2
84 315
1 12 2
141 260
1 3 2
419 462
1 14 2
21 426
1 15 2
205 431
1 13 2
85 130
1 3 2
28 73
1 10 2
44 393
1 14 2
140 485
1 7 2
123 382
1 10 2
224 355
1 10 2
282 369
1 9 2
188 234
1 15 2
62 284
1 11 2
55 93
1 8 2
4 499
1 2 2
122 493
1 6 2
77 363
1 5 2
30 251
1 14 2
40 286
1 12 2
294 464
1 2 2
80 172
1 3 2
211 330
1 8 2
396 482
1 11 2
276 442
1 5 2
154 488
1 10 2
67 237
1 4 2
38 276
1 13 2
207 339
1 12 2
329 387
1 12 2
375 493
1 7 2
255 421
1 8 2
75 476
1 8 2
130 157
1 9 2
347 384
1 8 2
299 321
1 9 2
7 153
1 2 2
106 112
1 9 2
5 54
1 13 2
458 493
1 15 2
175 408
1 4 2
46 72
1 15 2
146 461
1 13 2
273 447
1 4 2
45 146
1 13 2
328 411
1 14 2
0 457
1 13 2
59 301
1 10 2
115 378
1 14 2
29 408
1 12 2
169 473
1 5 2
94 136
1 11 2
36 50
1 6 2
224 234
1 2 2
231 450
1 10 2
400 499
1 8 2
177 279
1 10 2
309 323
1 7 2
11 23
1 11 2
21 440
1 8 2
108 380
1 5 2
11 140
1 9 2
92 197
1 8 2
261 430
1 3 2
83 118
1 7 2
26 212
1 2 2
244 393
1 14 2
189 304
1 8 2
301 448
1 9 2
125 247
1 7 2
57 259
1 4 2
139 144
1 3 2
89 100
1 11 2
37 53
1 3 2
191 278
1 4 2
250 324
1 9 2
114 177
1 8 2
162 359
1 13 2
375 465
1 14 2
212 223
1 10 2
61 158
1 7 2
133 201
1 8 2
316 454
1 15 2
70 114
1 13 2
399 486
1 11 2
386 491
1 5 2
288 486
1 7 2
377 438
1 10 2
230 380
1 3 2
84 320
1 15 2
25 419
1 15 2
106 441
1 11 2
44 366
1 15 2
34 493
1 15 2
341 442
1 13 2
69 333
1 15 2
67 372
1 9 2
55 196
1 13 2
8 176
1 4 2
177 276
1 9 2
45 286
1 5 2
145 297
1 9 2
296 309
1 11 2
188 256
1 7 2
273 424
1 15 2
314 404
1 8 2
217 259
1 8 2
315 371
1 14 2
135 366
1 4 2
336 355
1 15 2
121 386
1 4 2
444 486
1 15 2
19 29
1 2 2
295 426
1 4 2
200 342
1 9 2
191 332
1 14 2
132 272
1 11 2
114 247
1 12 2
308 498
1 3 2
439 443
1 9 2
48 121
1 14 2
57 347
1 3 2
170 265
1 9 2
226 231
1 7 2
52 185
1 11 2
167 421
1 8 2
137 241
1 13 2
423 485
1 13 2
64 396
1 12 2
271 333
1 12 2
198 448
1 8 2
111 145
1 12 2
54 71
1 2 2
190 308
1 5 2
55 451
1 8 2
181 294
1 13 2
96 336
1 5 2
211 270
1 3 2
269 277
1 14 2
56 262
1 5 2
109 435
1 12 2
32 187
1 4 2
128 497
1 10 2
160 382
1 3 2
159 192
1 15 2
215 379
1 5 2
275 424
1 15 2
51 238
1 6 2
112 232
1 13 2
177 307
1 10 2
67 442
1 12 2
25 177
1 10 2
329 352
1 11 2
127 379
1 8 2
127 153
1 15 2
174 255
1 10 2
263 470
1 5 2
278 433
1 4 2
44 213
1 12 2
454 462
1 4 2
261 307
1 14 2
21 222
1 3 2
12 176
1 6 2
177 374
1 7 2
308 392
1 13 2
353 432
1 5 2
20 408
1 8 2
411 447
1 7 2
212 216
1 9 2
111 410
1 13 2
7 390
1 15 2
22 189
1 14 2
355 462
1 11 2
20 172
1 4 2
217 330
1 8 2
61 170
1 15 2
345 351
1 15 2
135 187
1 14 2
103 323
1 6 2
293 461
1 9 2
23 315
1 11 2
92 336
1 14 2
136 311
1 3 2
410 430
1 2 2
215 458
1 8 2
228 344
1 8 2
151 209
1 6 2
231 253
1 2 2
195 449
1 15 2
131 230
1 2 2
132 289
1 7 2
181 372
1 4 2
29 91
1 5 2
147 245
1 15 2
31 460
1 4 2
55 383
1 14 2
62 437
1 4 2
208 422
1 4 2
48 241
1 3 2
37 320
1 7 2
7 494
1 7 2
274 277
1 5 2
75 287
1 4 2
287 354
1 10 2
221 287
1 3 2
423 480
1 11 2
46 464
1 13 2
150 449
1 10 2
374 406
1 6 2
447 461
1 10 2
33 426
1 2 2
370 430
1 5 2
170 217
1 2 2
29 368
1 4 2
64 436
1 6 2
331 339
1 6 2
270 418
1 3 2
295 327
1 14 2
189 383
1 9 2
1 29
1 5 2
116 146
1 11 2
79 254
1 3 2
405 417
1 13 2
30 138
1 11 2
157 190
1 13 2
11 307
1 12 2
320 454
1 8 2
233 310
1 13 2
234 307
1 8 2
281 317
1 5 2
115 346
1 9 2
92 473
1 14 2
67 417
1 9 2
66 287
1 15 2
180 283
1 5 2
110 285
1 3 2
259 424
1 7 2
188 382
1 4 2
201 398
1 7 2
224 495
1 13 2
78 242
1 11 2
275 394
1 15 2
316 324
1 2 2
136 166
1 8 2
71 356
1 15 2
363 382
1 13 2
265 469
1 15 2
31 262
1 14 2
176 262
1 6 2
128 289
1 7 2
118 128
1 6 2
22 186
1 10 2
409 429
1 14 2
189 442
1 7 2
151 181
1 15 2
189 267
1 8 2
11 410
1 6 2
241 447
1 13 2
74 306
1 14 2
120 487
1 7 2
211 325
1 5 2
181 492
1 10 2
114 143
1 2 2
250 432
1 4 2
37 240
1 9 2
381 493
1 6 2
82 100
1 2 2
15 79
1 10 2
30 388
1 12 2
309 467
1 11 2
19 146
1 9 2
309 375
1 3 2
212 497
1 9 2
32 229
1 2 2
149 216
1 14 2
137 391
1 5 2
284 348
1 6 2
121 468
1 10 2
24 95
1 15 2
381 457
1 9 2
212 498
1 9 2
344 480
1 11 2
2 32
1 13 2
46 118
1 8 2
249 399
1 6 2
104 479
1 6 2
162 314
1 9 2
117 207
1 3 2
190 391
1 4 2
252 494
1 12 2
18 243
1 3 2
2 242
1 3 2
37 297
1 14 2
20 478
1 6 2
293 462
1 10 2
279 443
1 7 2
80 356
1 2 2
24 154
1 14 2
39 375
1 14 2
100 407
1 3 2
378 395
1 3 2
286 317
1 13 2
217 279
1 6 2
229 438
1 9 2
347 452
1 5 2
184 478
1 3 2
111 459
1 5 2
26 133
1 8 2
466 471
1 14 2
385 401
1 2 2
195 468
1 13 2
66 440
1 8 2
65 325
1 7 2
395 402
1 3 2
99 323
1 10 2
192 278
1 11 2
193 497
1 14 2
160 416
1 10 2
246 477
1 9 2
116 306
1 3 2
76 181
1 10 2
3 289
1 15 2
195 196
1 5 2
98 360
1 10 2
365 493
1 6 2
317 386
1 13 2
36 101
1 14 2
331 383
1 14 2
227 363
1 3 2
443 454
1 9 2
20 328
1 4 2
259 462
1 11 2
163 467
1 3 2
22 140
1 15 2
61 357
1 6 2
10 35
1 3 2
210 495
1 10 2
61 99
1 11 2
116 302
1 6 2
214 349
1 11 2
129 290
1 13 2
147 474
1 12 2
83 134
1 4 2
136 192
1 4 2
225 481
1 15 2
81 106
1 10 2
258 323
1 10 2
134 143
1 11 2
82 444
1 11 2
452 481
1 13 2
126 158
1 15 2
327 392
1 14 2
181 482
1 6 2
20 457
1 4 2
267 479
1 15 2
30 401
1 14 2
344 345
1 8 2
97 201
1 2 2
259 326
1 8 2
2 278
1 13 2
155 162
1 8 2
81 354
1 4 2
243 297
1 2 2
143 371
1 15 2
137 150
1 14 2
182 384
1 11 2
323 362
1 2 2
264 337
1 10 2
40 119
1 12 2
124 290
1 13 2
242 484
1 2 2
3 376
1 14 2
51 302
1 9 2
319 498
1 13 2
179 361
1 10 2
129 377
1 5 2
105 238
1 3 2
52 431
1 6 2
299 404
1 15 2
401 412
1 9 2
166 452
1 5 2
407 429
1 2 2
212 358
1 14 2
85 265
1 10 2
3 453
1 14 2
221 447
1 11 2
297 459
1 12 2
398 438
1 10 2
0 284
1 8 2
433 462
1 6 2
28 321
1 5 2
43 210
1 14 2
61 402
1 15 2
246 347
1 15 2
248 279
1 3 2
37 329
1 7 2
187 272
1 12 2
277 349
1 5 2
311 326
1 8 2
172 286
1 5 2
69 185
1 14 2
113 330
1 12 2
127 262
1 14 2
87 213
1 12 2
282 453
1 5 2
88 351
1 15 2
449 478
1 9 2
120 301
1 7 2
10 285
1 13 2
103 293
1 14 2
329 414
1 4 2
337 385
1 4 2
274 320
1 5 2
293 382
1 6 2
168 224
1 12 2
174 251
1 9 2
27 410
1 8 2
236 346
1 13 2
265 293
1 15 2
76 250
1 3 2
18 351
1 3 2
108 441
1 2 2
383 447
1 15 2
109 312
1 14 2
57 173
1 15 2
286 440
1 9 2
443 471
1 9 2
180 275
1 7 2
167 236
1 6 2
376 440
1 6 2
258 320
1 13 2
141 188
1 7 2
84 186
1 3 2
58 242
1 8 2
27 461
1 8 2
80 109
1 3 2
81 451
1 7 2
37 455
1 13 2
39 296
1 5 2
51 99
1 11 2
351 419
1 2 2
346 380
1 10 2
375 454
1 7 2
77 462
1 15 2
247 440
1 15 2
114 419
1 11 2
421 486
1 8 2
68 454
1 15 2
68 294
1 2 2
59 410
1 10 2
49 465
1 11 2
283 367
1 14 2
65 476
1 4 2
151 474
1 4 2
60 162
1 9 2
142 241
1 7 2
145 482
1 14 2
225 275
1 10 2
76 343
1 2 2
273 418
1 13 2
152 345
1 2 2
207 263
1 11 2
350 408
1 15 2
248 269
1 9 2
164 355
1 5 2
128 199
1 3 2
210 479
1 3 2
344 492
1 13 2
260 314
1 12 2
208 439
1 6 2
4 66
1 5 2
16 288
1 14 2
463 488
1 2 2
209 236
1 14 2
55 323
1 10 2
354 367
1 6 2
198 469
1 14 2
26 433
1 14 2
225 375
1 11 2
137 191
1 12 2
1 267
1 12 2
386 479
1 5 2
12 286
1 2 2
314 395
1 4 2
154 291
1 6 2
212 438
1 13 2
87 90
1 8 2
349 469
1 4 2
171 209
1 2 2
36 301
1 14 2
82 164
1 13 2
366 487
1 2 2
188 315
1 9 2
184 231
1 7 2
289 381
1 4 2
265 353
1 3 2
142 172
1 2 2
184 278
1 3 2
227 323
1 8 2
276 443
1 12 2
10 82
1 4 2
389 489
1 7 2
346 496
1 14 2
27 377
1 8 2
340 465
1 7 2
21 72
1 12 2
37 73
1 13 2
33 109
1 13 2
198 346
1 8 2
310 412
1 7 2
201 465
1 4 2
180 476
1 12 2
38 133
1 3 2
191 222
1 11 2
141 258
1 6 2
463 478
1 6 2
140 267
1 13 2
29 296
1 15 2
33 387
1 2 2
96 249
1 13 2
284 354
1 2 2
70 132
1 9 2
171 374
1 13 2
135 321
1 6 2
41 478
1 11 2
87 357
1 11 2
346 485
1 15 2
24 177
1 13 2
393 405
1 4 2
94 472
1 13 2
36 204
1 12 2
264 422
1 3 2
39 69
1 7 2
18 232
1 13 2
282 347
1 14 2
31 223
1 4 2
287 382
1 15 2
221 347
1 8 2
452 480
1 8 2
90 140
1 14 2
90 376
1 13 2
81 302
1 9 2
175 322
1 14 2
4 473
1 9 2
188 220
1 2 2
44 103
1 7 2
133 268
1 11 2
184 268
1 12 2
277 287
1 3 2
127 267
1 7 2
31 276
1 2 2
142 168
1 15 2
445 481
1 8 2
39 361
1 2 2
387 493
1 11 2
131 294
1 3 2
76 376
1 9 2
381 408
1 2 2
54 489
1 2 2
169 182
1 15 2
122 461
1 5 2
21 420
1 2 2
102 268
1 15 2
94 131
1 9 2
396 430
1 12 2
60 312
1 10 2
374 383
1 5 2
468 477
1 5 2
161 239
1 6 2
163 275
1 11 2
166 461
1 5 2
49 409
1 3 2
131 282
1 2 2
160 162
1 14 2
44 338
1 7 2
443 490
1 4 2
146 392
1 15 2
355 399
1 14 2
320 334
1 3 2
61 262
1 5 2
339 460
1 15 2
293 398
1 2 2
238 386
1 3 2
43 397
1 7 2
148 462
1 2 2
335 366
1 7 2
16 177
1 3 2
407 444
1 4 2
64 476
1 3 2
83 340
1 12 2
55 297
1 10 2
27 486
1 11 2
105 361
1 10 2
76 357
1 9 2
216 293
1 6 2
24 201
1 6 2
220 473
1 7 2
128 488
1 4 2
221 400
1 3 2
364 467
1 8 2
70 334
1 4 2
6 55
1 4 2
154 298
1 10 2
195 254
1 9 2
117 384
1 13 2
358 482
1 15 2
315 414
1 14 2
194 335
1 15 2
337 460
1 13 2
6 193
1 10 2
214 229
1 11 2
3 98
1 8 2
93 227
1 6 2
69 479
1 12 2
337 371
1 11 2
45 46
1 10 2
119 211
1 3 2
212 234
1 9 2
360 424
1 8 2
94 495
1 8 2
56 232
1 5 2
230 480
1 3 2
301 434
1 10 2
136 257
1 10 2
422 447
1 13 2
46 166
1 14 2
24 361
1 13 2
319 405
1 11 2
171 336
1 14 2
105 142
1 12 2
104 332
1 11 2
161 192
1 9 2
197 261
1 3 2
93 102
1 11 2
182 252
1 7 2
23 336
1 5 2
220 491
1 12 2
198 335
1 12 2
84 238
1 11 2
20 437
1 9 2
446 451
1 6 2
6 397
1 5 2
34 429
1 15 2
193 249
1 4 2
45 381
1 4 2
191 460
1 4 2
168 476
1 2 2
277 426
1 13 2
20 196
1 15 2
353 448
1 12 2
93 177
1 5 2
177 423
1 6 2
417 454
1 3 2
49 395
1 2 2
48 326
1 11 2
447 486
1 2 2
20 96
1 11 2
62 370
1 13 2
193 330
1 3 2
176 179
1 12 2
91 352
1 8 2
222 411
1 5 2
87 159
1 15 2
215 459
1 9 2
28 395
1 2 2
249 448
1 9 2
51 459
1 12 2
31 179
1 11 2
384 487
1 4 2
291 416
1 15 2
32 110
1 9 2
123 246
1 7 2
129 300
1 15 2
33 97
1 7 2
89 394
1 2 2
170 470
1 6 2
356 478
1 6 2
120 236
1 9 2
101 340
1 10 2
116 362
1 13 2
326 329
1 5 2
41 302
1 9 2
199 287
1 14 2
166 349
1 12 2
437 441
1 7 2
263 319
1 8 2
124 184
1 8 2
77 251
1 4 2
191 267
1 2 2
160 436
1 7 2
93 171
1 6 2
63 322
1 16 2
332 399
1 11 2
31 421
1 22 2
51 64
1 22 2
249 432
1 21 2
311 322
1 15 2
30 305
1 9 2
189 477
1 16 2
113 238
1 14 2
121 383
1 24 2
369 437
1 17 2
2 136
1 11 2
36 339
1 11 2
335 451
1 25 2
406 487
1 26 2
411 432
1 12 2
161 256
1 10 2
389 476
1 18 2
58 184
1 12 2
461 498
1 23 2
316 397
1 5 2
294 350
1 14 2
161 257
1 18 2
296 316
1 16 2
183 359
1 10 2
216 255
1 16 2
224 297
1 7 2
306 458
1 19 2
178 489
1 15 2
207 281
1 25 2
268 472
1 23 2
36 467
1 15 2
209 316
1 24 2
114 131
