500 2955 2500
22 11 18 9 25 12 24 20 9 18 11 12 15 18 17 11 6 5 22 20 20 7 22 10 25 14 22 20 12 5 20 9 14 9 9 6 17 7 22 6 16 6 19 9 19 21 6 5 10 7 12 10 10 13 5 10 25 9 22 14 11 9 21 15 22 17 8 25 25 13 5 24 14 16 6 10 11 5 9 14 6 16 6 22 20 6 16 25 25 14 17 16 13 23 21 24 24 7 10 8 20 16 22 17 12 10 22 6 24 19 8 14 20 13 24 20 19 6 21 19 21 16 23 22 6 5 18 25 17 11 15 21 24 22 12 13 11 17 25 15 13 15 8 21 17 16 8 21 8 8 24 6 8 13 10 21 19 6 17 7 19 7 14 22 15 13 11 22 10 10 9 10 18 25 23 11 25 15 9 7 5 24 13 20 24 17 8 20 7 11 18 16 11 14 20 10 24 6 20 23 16 6 10 14 6 13 16 24 9 5 15 9 19 19 16 9 19 9 25 24 13 24 18 8 23 10 7 12 21 20 10 13 25 7 7 10 18 6 15 11 20 10 17 21 25 16 14 25 10 12 8 7 5 8 22 23 22 8 19 8 9 22 18 12 12 13 12 14 23 16 21 8 19 19 6 13 14 20 24 10 12 16 6 14 9 8 25 24 8 7 14 18 15 25 14 21 21 17 12 20 15 12 10 25 19 23 12 21 7 12 16 12 11 22 14 21 23 22 7 12 12 25 11 17 7 6 18 11 21 5 6 6 22 21 11 25 16 21 11 8 23 17 6 14 20 23 11 6 24 11 22 17 18 22 5 5 5 8 16 7 11 21 18 8 10 12 13 21 11 13 25 24 9 5 16 22 11 17 12 22 25 7 19 24 14 6 13 24 25 25 23 11 11 21 25 25 10 25 18 15 19 12 17 21 13 23 14 11 25 13 5 23 17 10 11 24 22 8 20 9 12 13 6 16 16 24 13 15 25 11 20 18 8 6 9 11 23 12 21 13 18 18 23 10 15 5 21 12 8 18 20 21 24 11 9 10 9 18 14 25 22 13 9 23 23 25 19 12 17 10 11 11 19 21 20 23 11 12 9 10 20 25 25 19 12 16 22 13 7 5 9 7 20 23 18 8 14 18 17 14
3 10 7 3 16 9 13 17 7 17 7 9 8 5 11 10 11 7 6 18 17 8 5 6 14 11 18 20 6 17 13 9 5 3 8 18 4 5 9 16 13 7 18 18 9 5 3 4 5 5 20 13 13 12 6 20 3 20 10 4 12 9 3 20 14 3 4 12 18 8 7 20 18 9 11 8 12 18 14 20 19 16 4 4 9 16 10 17 10 6 15 8 9 16 11 10 20 14 12 12 13 3 16 15 7 12 13 12 12 18 3 10 6 12 15 6 16 15 8 6 17 6 7 9 19 4 7 19 11 9 12 20 13 11 16 17 6 13 7 20 9 4 18 7 3 10 11 7 3 5 17 6 11 16 6 11 6 4 7 8 10 5 12 11 12 8 11 15 12 4 3 4 4 9 10 16 3 7 19 11 16 7 14 12 12 10 13 4 18 10 13 19 10 18 12 19 15 6 8 12 14 18 6 20 5 3 16 3 6 4 20 8 3 11 11 8 16 12 9 12 11 9 4 4 19 14 16 6 12 9 17 16 16 14 5 13 15 11 10 7 14 15 13 5 12 9 3 5 16 13 14 20 9 18 5 3 15 13 14 5 4 18 14 18 8 17 19 13 5 20 13 13 4 10 4 9 5 14 5 8 12 5 6 20 9 6 15 3 4 5 11 13 3 11 5 7 18 8 6 9 11 10 16 19 15 4 3 15 8 7 16 13 11 4 10 15 16 17 16 16 7 13 10 15 11 6 3 7 19 5 7 20 11 9 13 19 7 5 11 20 6 20 11 7 17 13 7 15 15 20 19 20 20 4 11 15 9 13 9 3 10 4 16 6 4 15 13 18 7 7 4 19 9 16 17 20 19 9 4 4 19 18 11 10 3 13 18 19 8 3 15 15 5 17 14 9 18 17 20 3 15 18 11 12 4 8 5 17 13 10 3 13 3 4 7 10 19 8 3 8 10 14 11 20 20 13 9 6 17 4 7 3 17 19 4 17 10 13 18 9 9 9 8 11 7 15 9 10 15 6 6 9 8 13 15 20 8 10 10 5 3 7 19 14 20 16 10 10 8 8 6 20 12 6 8 8 15 20 11 19 19 9 18 9 8 5 4 19 14 17 11 11 8 17 12 4 18 8 17 13
1 5 2
175 271
1 6 2
120 260
1 2 2
140 462
1 9 2
124 320
1 2 2
31 85
1 6 2
71 252
1 3 2
42 56
1 14 2
47 188
1 11 2
7 281
1 2 2
282 436
1 12 2
79 196
1 9 2
394 482
1 8 2
166 187
1 7 2
165 389
1 15 2
87 305
1 9 2
105 435
1 6 2
406 441
1 9 2
281 348
1 12 2
160 472
1 7 2
32 317
1 14 2
205 373
1 15 2
43 249
1 5 2
65 313
1 10 2
64 158
1 4 2
240 486
1 9 2
281 455
1 9 2
119 498
1 15 2
207 314
1 6 2
10 356
1 11 2
73 457
1 8 2
123 385
1 15 2
288 488
1 8 2
84 282
1 4 2
195 384
1 4 2
153 216
1 4 2
5 411
1 8 2
309 446
1 13 2
25 99
1 3 2
141 221
1 5 2
196 316
1 11 2
290 485
1 8 2
352 378
1 3 2
128 353
1 10 2
83 386
1 3 2
348 458
1 7 2
42 78
1 11 2
406 411
1 12 2
351 414
1 6 2
436 487
1 9 2
96 285
1 3 2
183 427
1 6 2
26 415
1 8 2
292 466
1 7 2
162 226
1 8 2
23 353
1 11 2
61 436
1 14 2
107 152
1 3 2
50 464
1 11 2
16 379
1 9 2
223 274
1 3 2
7 258
1 14 2
114 427
1 8 2
209 310
1 2 2
3 113
1 13 2
194 319
1 14 2
134 456
1 11 2
342 387
1 7 2
127 421
1 12 2
36 293
1 5 2
308 489
1 8 2
55 319
1 14 2
412 482
1 6 2
211 351
1 10 2
97 177
1 15 2
344 388
1 12 2
110 469
1 3 2
185 458
1 11 2
53 80
1 2 2
115 391
1 12 2
188 421
1 5 2
273 424
1 8 2
38 203
1 8 2
355 465
1 10 2
183 444
1 14 2
365 390
1 11 2
64 91
1 2 2
427 456
1 8 2
41 62
1 9 2
26 90
1 2 2
324 464
1 3 2
42 295
1 15 2
318 425
1 13 2
321 380
1 3 2
105 360
1 13 2
155 275
1 3 2
215 259
1 8 2
307 348
1 11 2
273 388
1 4 2
110 188
1 2 2
245 409
1 12 2
17 64
1 14 2
69 461
1 11 2
87 397
1 15 2
6 124
1 5 2
114 486
1 15 2
148 458
1 14 2
110 407
1 6 2
107 378
1 9 2
304 490
1 14 2
177 349
1 2 2
50 399
1 11 2
288 469
1 6 2
75 120
1 4 2
109 222
1 13 2
34 378
1 10 2
372 382
1 12 2
33 335
1 10 2
243 474
1 4 2
124 286
1 10 2
190 482
1 14 2
142 498
1 2 2
75 460
1 10 2
213 268
1 10 2
6 120
1 15 2
54 161
1 5 2
383 413
1 12 2
189 312
1 7 2
147 369
1 6 2
73 330
1 12 2
10 398
1 7 2
174 478
1 12 2
44 123
1 12 2
22 228
1 12 2
280 333
1 2 2
57 151
1 10 2
105 332
1 3 2
111 404
1 6 2
231 277
1 13 2
173 199
1 7 2
141 164
1 6 2
123 338
1 6 2
198 276
1 2 2
246 272
1 13 2
399 477
1 7 2
57 124
1 14 2
170 196
1 3 2
16 498
1 14 2
54 289
1 11 2
233 494
1 4 2
174 265
1 15 2
339 471
1 5 2
136 459
1 11 2
145 244
1 12 2
55 311
1 2 2
92 214
1 14 2
41 126
1 12 2
164 475
1 11 2
126 197
1 5 2
94 315
1 9 2
24 204
1 4 2
274 397
1 3 2
117 227
1 11 2
37 206
1 5 2
134 435
1 14 2
205 325
1 9 2
257 356
1 6 2
66 94
1 13 2
389 431
1 13 2
36 466
1 9 2
54 404
1 7 2
22 412
1 4 2
3 470
1 9 2
6 299
1 13 2
30 220
1 7 2
63 144
1 3 2
385 454
1 2 2
92 168
1 14 2
163 390
1 15 2
230 330
1 11 2
266 275
1 7 2
222 302
1 8 2
84 344
1 8 2
253 274
1 5 2
99 277
1 13 2
9 142
1 8 2
124 261
1 15 2
16 445
1 12 2
7 368
1 4 2
344 489
1 9 2
329 444
1 2 2
309 419
1 4 2
218 260
1 3 2
97 411
1 2 2
162 212
1 2 2
104 279
1 9 2
104 369
1 8 2
315 483
1 2 2
81 364
1 15 2
305 350
1 11 2
265 445
1 2 2
221 274
1 15 2
282 309
1 6 2
284 453
1 4 2
390 465
1 15 2
257 430
1 3 2
416 445
1 15 2
119 183
1 14 2
31 340
1 7 2
310 409
1 3 2
14 460
1 14 2
393 427
1 14 2
321 359
1 11 2
52 179
1 2 2
306 403
1 12 2
50 89
1 5 2
190 458
1 8 2
34 430
1 14 2
291 327
1 13 2
152 402
1 7 2
152 233
1 5 2
379 436
1 3 2
89 396
1 6 2
221 342
1 2 2
49 443
1 12 2
266 463
1 10 2
228 263
1 3 2
134 329
1 10 2
76 80
1 7 2
0 318
1 4 2
177 196
1 10 2
312 334
1 5 2
83 441
1 6 2
107 289
1 15 2
238 488
1 2 2
210 216
1 7 2
163 467
1 6 2
322 425
1 7 2
84 304
1 11 2
43 483
1 3 2
381 471
1 11 2
72 393
1 8 2
3 440
1 2 2
170 260
1 2 2
73 444
1 15 2
204 253
1 4 2
126 402
1 10 2
393 397
1 6 2
176 288
1 7 2
314 359
1 9 2
202 378
1 12 2
88 150
1 3 2
72 262
1 4 2
86 194
1 5 2
28 174
1 9 2
37 62
1 5 2
77 349
1 8 2
160 206
1 12 2
417 484
1 5 2
120 133
1 9 2
194 333
1 6 2
176 222
1 14 2
141 412
1 11 2
260 324
1 2 2
226 392
1 15 2
227 438
1 15 2
139 499
1 13 2
158 448
1 15 2
332 343
1 6 2
35 170
1 15 2
42 55
1 7 2
367 377
1 9 2
136 157
1 12 2
29 371
1 2 2
291 481
1 6 2
96 338
1 2 2
53 222
1 14 2
173 354
1 12 2
85 314
1 9 2
406 483
1 10 2
91 441
1 7 2
168 382
1 13 2
13 417
1 9 2
137 350
1 11 2
42 85
1 7 2
261 456
1 7 2
80 192
1 6 2
198 231
1 11 2
145 272
1 13 2
102 114
1 6 2
91 189
1 13 2
196 233
1 8 2
27 439
1 2 2
209 447
1 9 2
92 135
1 4 2
72 127
1 14 2
133 406
1 4 2
0 44
1 6 2
189 416
1 4 2
77 417
1 8 2
261 389
1 6 2
179 240
1 6 2
176 181
1 6 2
387 428
1 12 2
191 477
1 4 2
422 468
1 13 2
355 414
1 9 2
86 87
1 7 2
195 295
1 6 2
3 87
1 3 2
153 448
1 6 2
307 411
1 14 2
80 197
1 12 2
172 441
1 4 2
285 447
1 4 2
104 254
1 11 2
155 417
1 9 2
187 233
1 10 2
204 397
1 8 2
106 421
1 11 2
127 435
1 2 2
292 312
1 14 2
151 264
1 12 2
205 420
1 6 2
152 350
1 10 2
89 185
1 8 2
277 389
1 3 2
365 428
1 15 2
92 257
1 6 2
234 453
1 12 2
39 106
1 5 2
417 489
1 7 2
414 455
1 10 2
121 391
1 13 2
79 191
1 7 2
198 252
1 14 2
265 485
1 8 2
39 148
1 7 2
164 312
1 6 2
272 391
1 4 2
392 456
1 10 2
198 203
1 7 2
285 467
1 15 2
155 399
1 9 2
444 494
1 14 2
27 378
1 11 2
352 475
1 2 2
135 223
1 8 2
13 426
1 15 2
168 320
1 4 2
201 336
1 3 2
466 478
1 13 2
204 463
1 10 2
94 336
1 15 2
2 10
1 8 2
176 449
1 9 2
111 172
1 11 2
156 276
1 7 2
142 268
1 14 2
310 375
1 13 2
354 362
1 10 2
329 410
1 8 2
128 213
1 4 2
225 287
1 9 2
123 281
1 9 2
308 454
1 8 2
30 67
1 2 2
74 417
1 3 2
94 134
1 5 2
16 490
1 9 2
301 485
1 9 2
23 333
1 14 2
348 431
1 15 2
201 267
1 8 2
150 291
1 8 2
193 405
1 12 2
1 396
1 11 2
170 338
1 13 2
211 305
1 3 2
29 254
1 3 2
473 496
1 8 2
136 325
1 15 2
17 464
1 12 2
422 491
1 13 2
130 496
1 12 2
127 255
1 14 2
141 229
1 2 2
144 294
1 11 2
124 418
1 10 2
383 479
1 10 2
311 350
1 14 2
48 118
1 7 2
24 370
1 14 2
313 434
1 5 2
132 486
1 12 2
153 455
1 7 2
215 243
1 8 2
1 257
1 6 2
35 333
1 2 2
166 394
1 9 2
173 495
1 13 2
207 380
1 3 2
37 241
1 2 2
144 325
1 10 2
55 290
1 15 2
65 67
1 11 2
7 396
1 11 2
392 408
1 14 2
283 396
1 5 2
297 480
1 15 2
81 155
1 9 2
33 434
1 10 2
303 356
1 3 2
470 494
1 11 2
39 73
1 3 2
139 180
1 9 2
346 348
1 7 2
377 406
1 2 2
290 377
1 8 2
131 459
1 14 2
36 317
1 10 2
44 465
1 13 2
67 205
1 4 2
164 437
1 15 2
202 246
1 6 2
61 363
1 9 2
78 187
1 13 2
346 456
1 10 2
215 246
1 9 2
23 129
1 2 2
221 449
1 4 2
322 382
1 13 2
234 470
1 12 2
141 259
1 2 2
135 331
1 6 2
47 86
1 4 2
35 480
1 12 2
238 264
1 6 2
28 437
1 6 2
217 314
1 10 2
70 107
1 13 2
102 160
1 9 2
289 394
1 10 2
151 490
1 7 2
265 392
1 3 2
94 239
1 5 2
17 26
1 5 2
364 392
1 3 2
323 360
1 2 2
70 217
1 10 2
422 453
1 8 2
188 436
1 7 2
203 436
1 13 2
240 473
1 13 2
274 480
1 4 2
34 364
1 14 2
165 455
1 12 2
306 418
1 15 2
273 425
1 15 2
150 240
1 9 2
20 65
1 3 2
191 229
1 14 2
175 362
1 2 2
403 481
1 4 2
101 127
1 13 2
333 368
1 6 2
243 453
1 5 2
163 363
1 10 2
245 486
1 10 2
166 329
1 14 2
230 304
1 15 2
4 365
1 10 2
92 374
1 5 2
466 496
1 13 2
446 480
1 8 2
231 469
1 11 2
22 53
1 14 2
24 305
1 7 2
130 175
1 3 2
338 429
1 3 2
31 480
1 15 2
287 387
1 4 2
44 308
1 7 2
48 387
1 15 2
227 465
1 4 2
74 310
1 8 2
83 193
1 7 2
45 365
1 4 2
421 437
1 8 2
5 109
1 4 2
149 356
1 6 2
57 62
1 7 2
397 406
1 11 2
12 67
1 12 2
2 83
1 4 2
110 429
1 11 2
240 258
1 3 2
209 438
1 2 2
282 433
1 11 2
14 205
1 2 2
329 419
1 2 2
343 376
1 12 2
208 426
1 15 2
365 429
1 6 2
341 396
1 12 2
231 413
1 10 2
122 402
1 7 2
184 333
1 13 2
63 287
1 3 2
183 260
1 5 2
255 337
1 13 2
411 466
1 12 2
150 206
1 7 2
92 337
1 15 2
27 93
1 15 2
260 434
1 5 2
425 495
1 12 2
319 460
1 13 2
31 166
1 4 2
321 374
1 9 2
69 345
1 8 2
422 428
1 3 2
64 78
1 3 2
82 482
1 2 2
282 302
1 7 2
147 199
1 5 2
220 407
1 8 2
204 234
1 13 2
245 432
1 8 2
365 485
1 4 2
21 166
1 11 2
274 295
1 3 2
12 448
1 11 2
111 245
1 12 2
191 197
1 6 2
111 292
1 15 2
59 203
1 4 2
166 349
1 11 2
233 376
1 4 2
117 231
1 6 2
0 139
1 2 2
78 367
1 3 2
256 374
1 2 2
99 334
1 15 2
63 170
1 4 2
160 305
1 14 2
4 242
1 7 2
295 463
1 15 2
176 357
1 2 2
250 291
1 8 2
28 255
1 3 2
15 411
1 10 2
429 430
1 2 2
7 335
1 12 2
231 260
1 13 2
22 271
1 9 2
226 487
1 3 2
61 218
1 4 2
373 432
1 3 2
81 469
1 6 2
330 477
1 10 2
136 476
1 3 2
119 165
1 6 2
295 333
1 10 2
57 406
1 10 2
46 73
1 13 2
113 235
1 8 2
166 495
1 2 2
189 427
1 7 2
125 221
1 14 2
96 138
1 4 2
392 429
1 8 2
153 209
1 9 2
64 187
1 15 2
186 210
1 13 2
295 312
1 12 2
65 376
1 14 2
364 484
1 11 2
141 320
1 15 2
129 149
1 5 2
31 83
1 2 2
246 481
1 14 2
26 428
1 11 2
164 383
1 6 2
228 453
1 4 2
217 326
1 2 2
167 270
1 5 2
340 342
1 4 2
87 322
1 7 2
241 336
1 2 2
279 474
1 4 2
126 175
1 11 2
180 454
1 15 2
185 393
1 5 2
355 392
1 6 2
147 438
1 4 2
105 124
1 12 2
259 374
1 11 2
56 93
1 9 2
170 188
1 4 2
157 329
1 8 2
315 372
1 8 2
141 410
1 10 2
338 351
1 4 2
104 436
1 8 2
195 416
1 8 2
192 281
1 9 2
278 346
1 2 2
299 451
1 7 2
292 394
1 3 2
149 462
1 11 2
223 467
1 2 2
206 343
1 7 2
73 292
1 6 2
64 484
1 14 2
148 463
1 5 2
40 187
1 3 2
145 436
1 9 2
175 489
1 3 2
8 371
1 13 2
429 461
1 2 2
206 383
1 3 2
222 375
1 6 2
199 244
1 13 2
292 351
1 5 2
212 485
1 10 2
189 239
1 2 2
138 266
1 4 2
110 322
1 6 2
65 390
1 8 2
8 388
1 9 2
326 445
1 12 2
175 374
1 4 2
256 415
1 5 2
444 473
1 5 2
158 226
1 2 2
55 96
1 12 2
86 88
1 13 2
326 376
1 2 2
223 292
1 4 2
136 353
1 5 2
248 375
1 11 2
122 164
1 3 2
248 361
1 3 2
339 384
1 9 2
95 454
1 2 2
112 153
1 13 2
61 192
1 11 2
23 114
1 3 2
280 375
1 10 2
239 251
1 9 2
282 449
1 8 2
55 326
1 11 2
55 466
1 14 2
199 401
1 12 2
245 484
1 9 2
117 235
1 6 2
418 435
1 4 2
82 280
1 11 2
250 354
1 15 2
146 242
1 2 2
8 260
1 12 2
130 241
1 6 2
160 249
1 10 2
407 416
1 6 2
12 307
1 15 2
26 150
1 6 2
196 269
1 8 2
132 139
1 12 2
139 229
1 2 2
281 350
1 6 2
36 174
1 13 2
19 95
1 12 2
35 408
1 6 2
339 426
1 2 2
430 481
1 12 2
276 497
1 15 2
90 493
1 15 2
258 449
1 14 2
298 314
1 15 2
210 266
1 2 2
38 280
1 10 2
4 171
1 9 2
284 440
1 3 2
387 412
1 5 2
15 74
1 7 2
247 478
1 3 2
151 302
1 13 2
86 452
1 3 2
354 410
1 6 2
35 491
1 8 2
162 289
1 10 2
38 115
1 13 2
105 381
1 8 2
78 336
1 3 2
29 487
1 8 2
429 490
1 4 2
37 331
1 8 2
227 485
1 6 2
126 346
1 12 2
207 486
1 14 2
34 192
1 5 2
203 268
1 8 2
52 258
1 2 2
130 294
1 8 2
306 454
1 6 2
140 308
1 12 2
50 406
1 7 2
36 296
1 13 2
67 72
1 14 2
209 296
1 8 2
254 311
1 12 2
193 455
1 4 2
401 499
1 3 2
369 372
1 3 2
240 449
1 6 2
279 288
1 15 2
67 442
1 4 2
7 286
1 12 2
82 413
1 2 2
158 212
1 9 2
145 353
1 3 2
42 288
1 3 2
173 251
1 15 2
276 335
1 7 2
177 280
1 4 2
406 408
1 9 2
388 401
1 2 2
2 404
1 9 2
195 495
1 5 2
59 385
1 8 2
159 181
1 9 2
252 360
1 3 2
443 474
1 6 2
90 412
1 12 2
362 415
1 10 2
77 472
1 11 2
95 429
1 5 2
313 394
1 8 2
224 282
1 3 2
26 327
1 9 2
29 374
1 3 2
86 400
1 5 2
58 83
1 8 2
18 44
1 8 2
65 142
1 15 2
51 262
1 11 2
281 479
1 11 2
281 384
1 13 2
93 229
1 15 2
171 428
1 10 2
289 442
1 14 2
105 358
1 11 2
205 358
1 14 2
338 357
1 5 2
434 460
1 9 2
280 330
1 5 2
49 307
1 9 2
190 358
1 15 2
340 394
1 12 2
44 100
1 3 2
236 387
1 11 2
264 499
1 4 2
55 79
1 12 2
98 310
1 4 2
172 262
1 6 2
402 499
1 3 2
279 388
1 7 2
424 449
1 7 2
14 397
1 10 2
179 202
1 15 2
98 141
1 7 2
339 410
1 6 2
101 398
1 5 2
234 357
1 11 2
397 476
1 13 2
55 490
1 9 2
287 349
1 7 2
64 401
1 3 2
22 350
1 4 2
170 474
1 11 2
118 364
1 5 2
329 341
1 9 2
27 63
1 3 2
177 214
1 10 2
149 287
1 3 2
56 302
1 10 2
22 424
1 14 2
112 165
1 8 2
194 218
1 7 2
117 496
1 4 2
74 397
1 3 2
64 340
1 5 2
2 209
1 7 2
154 375
1 3 2
23 224
1 7 2
263 429
1 3 2
80 151
1 11 2
134 313
1 5 2
165 378
1 10 2
125 201
1 4 2
264 297
1 13 2
29 238
1 14 2
389 482
1 7 2
361 438
1 13 2
161 480
1 2 2
144 161
1 2 2
341 425
1 13 2
256 456
1 11 2
5 279
1 4 2
57 356
1 9 2
25 240
1 10 2
128 478
1 10 2
34 449
1 13 2
74 157
1 5 2
48 241
1 7 2
197 233
1 6 2
189 297
1 11 2
257 495
1 5 2
80 155
1 13 2
162 342
1 14 2
31 315
1 6 2
168 328
1 11 2
232 349
1 3 2
38 465
1 13 2
46 307
1 14 2
11 387
1 12 2
335 490
1 6 2
363 493
1 15 2
149 457
1 14 2
426 445
1 15 2
134 391
1 12 2
306 469
1 12 2
143 491
1 13 2
56 267
1 12 2
231 320
1 7 2
27 265
1 10 2
29 53
1 4 2
155 312
1 12 2
91 102
1 3 2
16 30
1 10 2
36 306
1 2 2
162 313
1 6 2
312 473
1 4 2
167 351
1 9 2
193 320
1 9 2
242 492
1 7 2
139 457
1 12 2
377 464
1 9 2
197 436
1 10 2
174 379
1 13 2
154 271
1 9 2
416 469
1 4 2
122 468
1 2 2
38 362
1 3 2
90 326
1 14 2
180 397
1 10 2
162 202
1 14 2
317 480
1 6 2
39 102
1 6 2
161 231
1 7 2
60 126
1 5 2
12 488
1 15 2
378 465
1 6 2
34 312
1 6 2
234 252
1 13 2
284 399
1 9 2
319 443
1 15 2
420 445
1 8 2
44 476
1 15 2
33 361
1 6 2
370 390
1 5 2
217 321
1 12 2
118 210
1 3 2
48 442
1 4 2
121 202
1 15 2
95 466
1 14 2
31 48
1 7 2
92 466
1 6 2
240 458
1 12 2
197 256
1 8 2
35 204
1 9 2
48 407
1 15 2
356 419
1 7 2
46 242
1 12 2
397 431
1 12 2
377 409
1 15 2
305 421
1 5 2
140 313
1 7 2
44 258
1 4 2
335 415
1 9 2
149 288
1 9 2
354 406
1 12 2
337 358
1 3 2
215 299
1 12 2
320 455
1 11 2
46 217
1 14 2
129 262
1 9 2
130 135
1 2 2
194 252
1 4 2
271 428
1 6 2
103 156
1 5 2
222 255
1 12 2
130 340
1 8 2
300 426
1 13 2
389 467
1 6 2
92 252
1 3 2
112 420
1 7 2
19 456
1 14 2
23 182
1 10 2
276 368
1 10 2
240 406
1 12 2
69 447
1 15 2
311 362
1 2 2
52 403
1 10 2
24 295
1 14 2
83 417
1 8 2
30 127
1 10 2
13 331
1 15 2
271 449
1 7 2
250 325
1 6 2
177 405
1 8 2
173 267
1 11 2
2 23
1 4 2
151 353
1 11 2
20 183
1 8 2
299 489
1 10 2
316 319
1 7 2
186 338
1 13 2
115 369
1 13 2
253 350
1 15 2
193 266
1 7 2
91 364
1 6 2
247 335
1 3 2
212 383
1 11 2
272 486
1 6 2
123 407
1 12 2
94 243
1 13 2
163 349
1 3 2
69 212
1 13 2
262 283
1 12 2
86 467
1 13 2
246 374
1 6 2
201 292
1 14 2
128 207
1 14 2
52 395
1 2 2
12 484
1 7 2
61 411
1 15 2
44 448
1 4 2
261 410
1 7 2
10 247
1 5 2
244 295
1 9 2
432 460
1 11 2
190 369
1 14 2
160 430
1 9 2
41 86
1 15 2
118 367
1 3 2
32 212
1 15 2
54 201
1 11 2
135 358
1 15 2
200 396
1 10 2
219 269
1 9 2
124 184
1 12 2
90 250
1 12 2
290 314
1 11 2
224 386
1 10 2
194 465
1 9 2
325 480
1 15 2
27 142
1 11 2
321 399
1 11 2
16 149
1 13 2
162 264
1 3 2
93 135
1 10 2
100 264
1 4 2
213 343
1 15 2
171 280
1 8 2
366 418
1 6 2
86 325
1 3 2
368 495
1 5 2
101 309
1 4 2
258 466
1 15 2
128 295
1 3 2
86 478
1 13 2
182 406
1 10 2
20 367
1 12 2
289 446
1 11 2
161 390
1 10 2
195 204
1 11 2
139 142
1 3 2
0 172
1 15 2
143 368
1 13 2
178 284
1 3 2
117 239
1 12 2
223 277
1 10 2
81 291
1 8 2
451 491
1 10 2
466 480
1 4 2
3 85
1 6 2
214 400
1 4 2
227 286
1 4 2
472 490
1 12 2
230 300
1 8 2
62 368
1 10 2
212 433
1 14 2
236 498
1 6 2
54 439
1 15 2
72 144
1 6 2
156 346
1 15 2
215 354
1 11 2
286 442
1 8 2
117 269
1 11 2
179 338
1 7 2
153 201
1 2 2
48 58
1 14 2
274 278
1 2 2
19 340
1 7 2
202 365
1 14 2
101 430
1 15 2
185 191
1 2 2
12 34
1 13 2
178 223
1 11 2
144 430
1 7 2
78 197
1 5 2
78 388
1 8 2
307 499
1 9 2
3 426
1 2 2
77 354
1 10 2
195 312
1 2 2
33 448
1 11 2
190 412
1 5 2
249 465
1 8 2
176 340
1 3 2
148 153
1 8 2
159 409
1 15 2
348 352
1 14 2
135 154
1 7 2
110 437
1 10 2
147 259
1 2 2
255 308
1 9 2
217 382
1 14 2
96 245
1 4 2
25 393
1 13 2
236 389
1 5 2
290 334
1 14 2
106 146
1 10 2
152 482
1 9 2
374 415
1 10 2
286 469
1 14 2
215 424
1 5 2
1 368
1 4 2
291 379
1 6 2
180 475
1 3 2
6 142
1 3 2
103 457
1 9 2
259 387
1 9 2
92 241
1 3 2
208 282
1 9 2
151 176
1 7 2
167 322
1 12 2
103 320
1 5 2
2 220
1 8 2
116 389
1 8 2
87 483
1 5 2
187 260
1 2 2
198 246
1 5 2
222 339
1 7 2
70 382
1 5 2
399 440
1 10 2
203 398
1 3 2
307 308
1 15 2
151 248
1 8 2
140 412
1 11 2
182 497
1 7 2
62 71
1 10 2
334 399
1 7 2
254 455
1 15 2
14 309
1 8 2
224 362
1 12 2
367 389
1 6 2
56 75
1 4 2
91 381
1 2 2
212 290
1 3 2
153 485
1 2 2
43 211
1 4 2
303 474
1 13 2
456 495
1 6 2
143 489
1 11 2
79 90
1 11 2
75 308
1 4 2
294 373
1 2 2
74 268
1 5 2
6 284
1 6 2
63 121
1 4 2
74 326
1 4 2
446 495
1 8 2
64 238
1 12 2
88 325
1 14 2
192 339
1 7 2
57 89
1 3 2
302 480
1 8 2
65 147
1 10 2
388 453
1 12 2
300 346
1 8 2
351 450
1 5 2
209 499
1 4 2
53 262
1 7 2
102 444
1 4 2
159 237
1 10 2
124 342
1 10 2
105 420
1 14 2
46 356
1 14 2
9 174
1 4 2
341 387
1 12 2
0 431
1 5 2
183 351
1 3 2
289 306
1 9 2
92 115
1 6 2
73 116
1 15 2
204 387
1 13 2
71 360
1 3 2
161 443
1 11 2
1 361
1 14 2
452 480
1 7 2
231 401
1 9 2
52 98
1 13 2
153 473
1 3 2
135 400
1 10 2
46 208
1 14 2
137 346
1 3 2
320 337
1 6 2
104 413
1 8 2
28 195
1 10 2
123 318
1 2 2
47 184
1 7 2
159 349
1 3 2
272 488
1 12 2
86 265
1 14 2
49 394
1 8 2
312 385
1 2 2
4 6
1 6 2
173 456
1 9 2
32 253
1 3 2
24 472
1 8 2
0 12
1 7 2
159 321
1 12 2
390 399
1 2 2
45 407
1 14 2
93 423
1 14 2
202 448
1 13 2
140 415
1 14 2
21 60
1 10 2
75 437
1 2 2
37 317
1 12 2
266 499
1 2 2
352 414
1 7 2
82 194
1 12 2
241 257
1 8 2
59 368
1 4 2
136 458
1 14 2
39 82
1 6 2
272 442
1 8 2
237 380
1 8 2
319 324
1 11 2
60 237
1 2 2
354 446
1 5 2
188 383
1 7 2
378 448
1 2 2
10 497
1 6 2
49 74
1 15 2
15 333
1 4 2
78 135
1 9 2
129 428
1 6 2
270 421
1 12 2
96 451
1 3 2
88 189
1 2 2
148 290
1 14 2
423 429
1 13 2
137 389
1 9 2
231 296
1 2 2
48 210
1 2 2
101 490
1 4 2
350 494
1 2 2
9 163
1 7 2
39 375
1 7 2
218 242
1 8 2
9 381
1 4 2
427 439
1 3 2
429 491
1 7 2
30 149
1 3 2
330 474
1 10 2
96 232
1 5 2
33 453
1 10 2
163 201
1 11 2
57 79
1 4 2
87 246
1 13 2
49 190
1 14 2
26 489
1 3 2
30 375
1 14 2
64 98
1 5 2
58 230
1 12 2
155 278
1 5 2
10 265
1 10 2
172 460
1 14 2
42 116
1 14 2
181 313
1 9 2
30 286
1 12 2
8 163
1 6 2
111 286
1 3 2
19 435
1 15 2
13 115
1 13 2
52 194
1 13 2
5 406
1 7 2
76 152
1 9 2
232 294
1 3 2
263 354
1 7 2
47 195
1 13 2
108 142
1 2 2
243 417
1 9 2
260 297
1 15 2
214 427
1 11 2
342 448
1 7 2
215 340
1 12 2
115 140
1 6 2
15 406
1 6 2
63 374
1 2 2
22 400
1 2 2
204 413
1 9 2
4 300
1 12 2
76 93
1 3 2
26 365
1 7 2
117 140
1 6 2
13 282
1 11 2
229 363
1 10 2
382 399
1 4 2
182 184
1 12 2
269 474
1 11 2
296 297
1 12 2
5 465
1 10 2
184 437
1 11 2
175 313
1 6 2
160 437
1 12 2
133 268
1 11 2
67 429
1 3 2
341 349
1 15 2
277 461
1 4 2
286 368
1 11 2
18 159
1 7 2
284 379
1 8 2
108 287
1 8 2
285 422
1 9 2
402 479
1 7 2
242 337
1 4 2
151 303
1 5 2
8 305
1 8 2
173 316
1 6 2
360 433
1 3 2
125 433
1 8 2
12 263
1 12 2
91 443
1 5 2
272 461
1 4 2
184 492
1 8 2
83 302
1 9 2
115 161
1 4 2
283 486
1 14 2
88 166
1 14 2
121 161
1 3 2
250 339
1 2 2
284 435
1 12 2
65 413
1 11 2
98 102
1 8 2
224 269
1 6 2
26 344
1 8 2
92 448
1 7 2
199 410
1 13 2
134 281
1 5 2
304 344
1 13 2
29 367
1 4 2
26 304
1 8 2
299 473
1 13 2
180 228
1 8 2
43 202
1 10 2
289 482
1 2 2
186 209
1 9 2
203 394
1 15 2
101 286
1 4 2
256 458
1 10 2
15 76
1 11 2
19 166
1 14 2
324 402
1 4 2
187 239
1 8 2
4 183
1 2 2
90 154
1 12 2
265 369
1 7 2
407 433
1 4 2
66 140
1 3 2
0 10
1 14 2
254 267
1 15 2
309 427
1 10 2
171 318
1 15 2
29 498
1 15 2
455 482
1 6 2
368 374
1 11 2
111 239
1 13 2
341 482
1 15 2
120 220
1 5 2
108 187
1 9 2
126 385
1 9 2
187 294
1 15 2
65 330
1 14 2
74 475
1 12 2
33 368
1 11 2
93 443
1 9 2
137 351
1 14 2
414 431
1 15 2
232 446
1 15 2
68 216
1 8 2
23 439
1 9 2
218 382
1 14 2
155 340
1 15 2
355 380
1 13 2
215 479
1 11 2
132 310
1 6 2
18 460
1 12 2
12 172
1 15 2
200 344
1 2 2
104 133
1 9 2
166 296
1 14 2
131 172
1 4 2
59 116
1 11 2
30 232
1 9 2
135 456
1 9 2
426 473
1 9 2
9 160
1 15 2
245 422
1 2 2
163 457
1 5 2
188 457
1 12 2
211 365
1 9 2
291 403
1 12 2
80 322
1 15 2
150 397
1 10 2
364 455
1 11 2
265 276
1 14 2
25 387
1 3 2
25 472
1 13 2
50 498
1 9 2
21 339
1 4 2
149 193
1 7 2
17 271
1 2 2
22 124
1 13 2
95 308
1 6 2
130 388
1 10 2
40 122
1 12 2
228 328
1 11 2
199 281
1 9 2
68 93
1 4 2
207 210
1 14 2
164 233
1 9 2
299 360
1 15 2
348 393
1 12 2
263 346
1 6 2
17 257
1 3 2
59 248
1 7 2
115 474
1 13 2
81 483
1 2 2
35 49
1 5 2
197 282
1 6 2
226 242
1 5 2
261 298
1 7 2
110 412
1 10 2
249 384
1 7 2
11 447
1 7 2
148 274
1 10 2
169 488
1 12 2
300 341
1 12 2
168 341
1 8 2
85 405
1 7 2
50 299
1 12 2
16 276
1 9 2
53 85
1 8 2
89 110
1 5 2
151 429
1 6 2
72 409
1 15 2
212 285
1 7 2
346 497
1 14 2
23 179
1 4 2
56 335
1 7 2
142 364
1 10 2
100 368
1 7 2
479 482
1 14 2
80 425
1 2 2
54 416
1 4 2
13 166
1 15 2
212 456
1 10 2
95 441
1 11 2
327 488
1 8 2
196 280
1 6 2
397 466
1 14 2
15 178
1 7 2
85 345
1 12 2
58 203
1 11 2
359 478
1 4 2
198 307
1 2 2
160 420
1 13 2
262 263
1 2 2
188 473
1 3 2
60 276
1 5 2
167 391
1 9 2
160 405
1 14 2
308 331
1 7 2
35 442
1 8 2
382 454
1 11 2
300 414
1 7 2
199 467
1 10 2
208 270
1 4 2
28 282
1 4 2
71 231
1 8 2
150 172
1 5 2
29 490
1 5 2
245 312
1 5 2
246 478
1 6 2
184 247
1 15 2
267 321
1 3 2
293 442
1 13 2
79 387
1 12 2
190 196
1 14 2
180 226
1 6 2
221 423
1 7 2
73 167
1 12 2
15 270
1 9 2
214 297
1 14 2
194 240
1 14 2
21 245
1 15 2
176 452
1 9 2
96 427
1 15 2
71 423
1 10 2
147 338
1 13 2
189 281
1 12 2
236 341
1 7 2
187 439
1 6 2
206 240
1 5 2
308 392
1 4 2
26 487
1 6 2
177 245
1 2 2
183 407
1 3 2
59 305
1 3 2
201 477
1 10 2
66 410
1 11 2
272 368
1 2 2
62 294
1 7 2
394 493
1 8 2
70 371
1 2 2
409 465
1 9 2
126 183
1 8 2
119 292
1 7 2
100 436
1 12 2
219 491
1 2 2
79 131
1 13 2
34 477
1 10 2
203 491
1 7 2
406 491
1 6 2
335 473
1 14 2
170 313
1 9 2
89 130
1 13 2
282 427
1 12 2
202 479
1 15 2
338 465
1 14 2
20 495
1 14 2
129 314
1 7 2
371 401
1 15 2
155 158
1 2 2
262 284
1 10 2
324 465
1 8 2
402 441
1 10 2
4 470
1 13 2
261 350
1 4 2
48 243
1 4 2
54 312
1 11 2
267 276
1 9 2
419 429
1 12 2
47 127
1 11 2
122 156
1 11 2
257 270
1 15 2
12 355
1 2 2
414 492
1 10 2
86 355
1 9 2
310 346
1 15 2
218 274
1 9 2
115 423
1 10 2
12 59
1 7 2
124 276
1 8 2
40 341
1 2 2
26 200
1 2 2
352 360
1 11 2
94 136
1 8 2
340 411
1 8 2
138 155
1 3 2
141 201
1 14 2
33 106
1 12 2
85 488
1 14 2
41 203
1 15 2
180 205
1 12 2
144 344
1 14 2
153 321
1 13 2
175 192
1 15 2
116 310
1 11 2
276 277
1 9 2
175 216
1 3 2
20 364
1 13 2
36 106
1 10 2
242 358
1 14 2
347 495
1 7 2
0 200
1 3 2
57 236
1 2 2
19 93
1 6 2
245 340
1 6 2
38 211
1 12 2
69 364
1 12 2
265 296
1 4 2
39 280
1 2 2
170 216
1 3 2
18 36
1 8 2
27 428
1 6 2
67 335
1 7 2
86 382
1 6 2
11 18
1 4 2
185 194
1 5 2
220 398
1 4 2
161 202
1 7 2
181 331
1 8 2
239 375
1 14 2
73 393
1 7 2
74 120
1 13 2
222 300
1 10 2
349 423
1 15 2
408 486
1 15 2
22 88
1 12 2
113 441
1 10 2
76 412
1 12 2
244 472
1 3 2
413 430
1 15 2
39 114
1 5 2
67 323
1 6 2
51 147
1 14 2
41 182
1 8 2
391 485
1 12 2
7 371
1 3 2
320 399
1 6 2
67 365
1 9 2
315 457
1 2 2
191 223
1 4 2
208 414
1 12 2
21 405
1 5 2
29 242
1 2 2
85 397
1 14 2
170 334
1 9 2
187 465
1 5 2
256 491
1 6 2
143 165
1 12 2
161 391
1 5 2
408 453
1 2 2
82 314
1 8 2
231 463
1 6 2
191 445
1 15 2
0 70
1 13 2
149 499
1 4 2
95 313
1 11 2
456 493
1 4 2
289 304
1 2 2
229 350
1 11 2
147 299
1 3 2
235 351
1 13 2
371 446
1 12 2
88 109
1 3 2
206 300
1 6 2
32 265
1 10 2
73 423
1 14 2
174 403
1 6 2
115 387
1 3 2
76 442
1 3 2
341 457
1 5 2
333 400
1 14 2
88 186
1 6 2
21 341
1 10 2
422 473
1 6 2
90 181
1 9 2
121 132
1 9 2
150 268
1 6 2
52 215
1 12 2
210 467
1 14 2
4 493
1 5 2
284 404
1 4 2
236 466
1 3 2
22 284
1 14 2
241 340
1 6 2
242 445
1 13 2
81 481
1 8 2
171 222
1 10 2
16 449
1 9 2
233 442
1 15 2
91 327
1 15 2
105 324
1 4 2
79 100
1 8 2
95 122
1 7 2
156 229
1 5 2
167 473
1 13 2
262 365
1 10 2
221 355
1 2 2
306 419
1 2 2
120 165
1 5 2
315 415
1 11 2
183 455
1 2 2
73 385
1 15 2
122 465
1 10 2
149 483
1 15 2
158 353
1 2 2
153 363
1 8 2
408 454
1 7 2
392 470
1 13 2
105 274
1 5 2
141 166
1 3 2
57 196
1 6 2
310 313
1 3 2
303 375
1 7 2
92 279
1 6 2
287 363
1 9 2
247 446
1 6 2
83 434
1 6 2
55 219
1 6 2
66 206
1 14 2
48 258
1 12 2
354 443
1 8 2
106 143
1 11 2
133 255
1 3 2
322 356
1 3 2
175 245
1 3 2
16 271
1 12 2
44 122
1 2 2
2 55
1 5 2
178 457
1 11 2
25 60
1 14 2
129 284
1 13 2
64 213
1 15 2
233 250
1 10 2
66 392
1 6 2
53 398
1 12 2
200 237
1 9 2
172 261
1 6 2
374 484
1 8 2
50 205
1 2 2
129 415
1 8 2
282 484
1 7 2
186 447
1 8 2
182 458
1 11 2
39 117
1 13 2
286 337
1 9 2
75 386
1 6 2
93 220
1 7 2
133 298
1 8 2
107 357
1 9 2
108 260
1 8 2
8 225
1 13 2
225 345
1 15 2
68 136
1 2 2
440 492
1 14 2
218 490
1 6 2
18 72
1 10 2
145 184
1 15 2
69 377
1 15 2
209 344
1 3 2
20 85
1 15 2
217 452
1 12 2
162 223
1 12 2
153 367
1 10 2
74 433
1 15 2
100 266
1 14 2
334 414
1 12 2
431 496
1 14 2
146 425
1 8 2
121 369
1 13 2
215 494
1 2 2
252 328
1 2 2
320 408
1 7 2
363 481
1 9 2
115 361
1 13 2
208 402
1 4 2
25 106
1 6 2
368 484
1 13 2
382 410
1 11 2
142 186
1 11 2
217 453
1 12 2
80 236
1 7 2
131 250
1 4 2
295 361
1 12 2
7 447
1 7 2
371 419
1 11 2
186 332
1 11 2
182 251
1 3 2
263 270
1 9 2
300 343
1 2 2
144 304
1 6 2
34 116
1 3 2
108 200
1 11 2
118 166
1 8 2
29 335
1 7 2
173 378
1 11 2
14 280
1 5 2
358 363
1 2 2
55 242
1 10 2
59 250
1 2 2
330 386
1 5 2
362 383
1 8 2
0 381
1 13 2
27 48
1 14 2
252 400
1 2 2
129 159
1 9 2
5 145
1 14 2
57 230
1 8 2
170 361
1 2 2
304 423
1 4 2
66 445
1 12 2
61 136
1 2 2
199 201
1 3 2
144 407
1 2 2
28 410
1 4 2
11 443
1 4 2
45 184
1 14 2
17 434
1 14 2
60 154
1 8 2
196 417
1 5 2
102 303
1 6 2
130 396
1 6 2
138 241
1 9 2
2 231
1 14 2
63 130
1 10 2
162 165
1 5 2
462 481
1 8 2
367 369
1 5 2
116 218
1 6 2
36 70
1 13 2
57 490
1 15 2
201 312
1 4 2
461 470
1 3 2
396 427
1 15 2
11 361
1 12 2
157 293
1 9 2
76 308
1 7 2
39 121
1 5 2
34 103
1 5 2
282 396
1 11 2
328 411
1 4 2
86 216
1 10 2
168 361
1 4 2
118 396
1 9 2
53 427
1 3 2
52 233
1 3 2
9 246
1 4 2
212 396
1 3 2
175 349
1 9 2
146 279
1 14 2
233 425
1 3 2
391 392
1 9 2
264 330
1 6 2
98 109
1 11 2
375 440
1 13 2
134 238
1 9 2
18 82
1 6 2
33 130
1 7 2
190 336
1 14 2
100 410
1 12 2
200 360
1 15 2
140 476
1 2 2
168 311
1 4 2
105 482
1 6 2
161 218
1 3 2
32 273
1 5 2
78 341
1 2 2
60 246
1 5 2
38 449
1 13 2
433 494
1 3 2
70 450
1 3 2
283 435
1 7 2
7 367
1 3 2
208 465
1 4 2
216 481
1 11 2
31 133
1 13 2
7 165
1 8 2
33 475
1 2 2
198 245
1 5 2
305 433
1 11 2
28 115
1 7 2
297 484
1 4 2
254 336
1 11 2
419 437
1 4 2
332 485
1 4 2
136 269
1 5 2
98 121
1 8 2
134 146
1 2 2
387 446
1 6 2
285 409
1 14 2
259 266
1 7 2
313 471
1 8 2
38 334
1 11 2
328 414
1 14 2
489 494
1 6 2
37 338
1 10 2
357 442
1 15 2
248 450
1 5 2
163 272
1 11 2
23 411
1 15 2
100 400
1 3 2
359 451
1 6 2
178 252
1 10 2
103 389
1 11 2
173 215
1 15 2
67 211
1 7 2
190 325
1 15 2
50 295
1 8 2
195 423
1 12 2
258 324
1 7 2
317 435
1 14 2
82 181
1 14 2
322 469
1 9 2
66 371
1 14 2
281 471
1 10 2
131 429
1 11 2
141 408
1 11 2
94 143
1 8 2
138 424
1 14 2
323 489
1 8 2
226 377
1 8 2
294 441
1 2 2
108 382
1 14 2
245 383
1 8 2
179 405
1 2 2
201 357
1 5 2
23 116
1 4 2
360 487
1 3 2
394 453
1 9 2
79 202
1 6 2
144 182
1 2 2
99 190
1 8 2
370 439
1 10 2
240 379
1 14 2
48 174
1 9 2
175 352
1 2 2
107 290
1 11 2
418 480
1 14 2
196 213
1 15 2
50 370
1 7 2
146 296
1 3 2
144 176
1 5 2
156 463
1 2 2
22 273
1 8 2
36 109
1 7 2
19 204
1 8 2
253 499
1 2 2
259 384
1 7 2
157 480
1 5 2
53 368
1 7 2
387 475
1 9 2
60 223
1 4 2
70 412
1 10 2
249 486
1 8 2
57 65
1 6 2
120 179
1 5 2
64 405
1 8 2
229 402
1 9 2
27 126
1 14 2
211 346
1 2 2
69 348
1 14 2
84 328
1 14 2
452 476
1 15 2
14 31
1 15 2
3 190
1 14 2
48 212
1 11 2
80 328
1 2 2
34 49
1 12 2
202 458
1 14 2
165 498
1 6 2
255 472
1 11 2
409 485
1 3 2
101 396
1 3 2
319 494
1 10 2
175 280
1 5 2
340 410
1 13 2
273 449
1 4 2
84 479
1 5 2
41 462
1 8 2
16 28
1 7 2
335 354
1 2 2
112 174
1 15 2
58 251
1 15 2
81 296
1 14 2
137 454
1 6 2
116 494
1 5 2
336 404
1 5 2
42 491
1 10 2
10 103
1 10 2
255 499
1 8 2
215 326
1 10 2
298 357
1 8 2
333 480
1 2 2
148 202
1 9 2
62 196
1 14 2
96 244
1 10 2
92 235
1 10 2
134 412
1 4 2
63 312
1 6 2
75 171
1 2 2
15 282
1 13 2
114 238
1 3 2
124 210
1 14 2
169 494
1 7 2
188 313
1 3 2
238 286
1 15 2
84 151
1 8 2
59 153
1 13 2
301 430
1 15 2
237 399
1 13 2
32 133
1 9 2
97 261
1 4 2
139 446
1 4 2
407 444
1 12 2
102 415
1 4 2
42 140
1 15 2
141 367
1 8 2
226 311
1 3 2
69 139
1 7 2
21 367
1 6 2
49 257
1 5 2
347 437
1 4 2
311 417
1 4 2
132 272
1 13 2
146 478
1 3 2
163 352
1 4 2
23 144
1 6 2
94 269
1 4 2
56 124
1 6 2
76 103
1 11 2
259 491
1 15 2
44 462
1 14 2
11 127
1 2 2
204 375
1 6 2
268 370
1 14 2
180 462
1 7 2
330 444
1 12 2
37 490
1 6 2
5 314
1 7 2
9 431
1 7 2
36 95
1 10 2
151 391
1 11 2
330 397
1 13 2
26 262
1 7 2
45 157
1 3 2
54 485
1 14 2
292 479
1 11 2
115 471
1 8 2
72 157
1 15 2
345 361
1 13 2
152 447
1 6 2
66 466
1 4 2
110 272
1 8 2
205 364
1 12 2
214 370
1 6 2
60 385
1 10 2
196 370
1 9 2
231 280
1 9 2
203 448
1 13 2
113 445
1 15 2
375 392
1 8 2
235 356
1 4 2
67 457
1 7 2
134 330
1 12 2
240 366
1 15 2
236 290
1 12 2
0 422
1 5 2
343 445
1 12 2
25 216
1 2 2
159 449
1 5 2
84 315
1 5 2
81 124
1 14 2
28 99
1 4 2
283 419
1 7 2
178 339
1 3 2
208 473
1 8 2
155 276
1 3 2
332 491
1 11 2
9 64
1 13 2
130 147
1 3 2
191 407
1 9 2
66 372
1 7 2
194 396
1 13 2
378 440
1 15 2
323 496
1 5 2
259 264
1 3 2
1 371
1 15 2
135 231
1 14 2
172 187
1 12 2
125 348
1 2 2
482 493
1 8 2
162 331
1 11 2
89 133
1 11 2
73 459
1 11 2
90 348
1 13 2
401 461
1 9 2
167 273
1 14 2
162 489
1 14 2
17 437
1 4 2
6 330
1 13 2
402 466
1 15 2
134 169
1 9 2
30 176
1 10 2
12 69
1 2 2
176 213
1 13 2
254 418
1 10 2
51 477
1 12 2
15 124
1 2 2
257 273
1 4 2
195 213
1 10 2
197 481
1 7 2
39 266
1 3 2
23 143
1 14 2
313 482
1 5 2
20 249
1 9 2
344 352
1 3 2
29 460
1 10 2
180 263
1 7 2
156 427
1 9 2
268 319
1 12 2
155 416
1 6 2
137 453
1 11 2
37 479
1 12 2
228 447
1 9 2
152 324
1 6 2
352 391
1 10 2
372 460
1 5 2
290 400
1 11 2
50 275
1 11 2
67 360
1 7 2
10 364
1 8 2
48 291
1 7 2
378 495
1 7 2
138 322
1 5 2
46 447
1 11 2
210 342
1 3 2
446 470
1 12 2
322 491
1 9 2
38 496
1 11 2
66 157
1 4 2
215 376
1 2 2
6 289
1 12 2
408 420
1 3 2
449 485
1 7 2
247 498
1 15 2
152 443
1 8 2
88 399
1 14 2
125 427
1 7 2
386 487
1 2 2
81 294
1 6 2
180 200
1 14 2
239 439
1 3 2
84 230
1 9 2
114 117
1 5 2
139 236
1 10 2
265 352
1 13 2
139 353
1 14 2
299 321
1 2 2
100 473
1 13 2
128 332
1 12 2
31 380
1 11 2
253 477
1 10 2
280 371
1 11 2
208 449
1 12 2
31 79
1 10 2
182 193
1 13 2
101 361
1 8 2
85 353
1 7 2
82 456
1 10 2
9 334
1 12 2
221 285
1 10 2
321 382
1 2 2
10 427
1 5 2
89 328
1 7 2
187 339
1 4 2
275 371
1 5 2
166 229
1 12 2
115 137
1 2 2
380 452
1 13 2
54 151
1 9 2
4 475
1 3 2
290 464
1 11 2
87 463
1 8 2
62 376
1 2 2
28 49
1 11 2
114 337
1 4 2
175 253
1 14 2
311 317
1 7 2
77 368
1 13 2
421 474
1 15 2
26 57
1 6 2
170 437
1 3 2
109 209
1 5 2
222 401
1 4 2
478 499
1 4 2
109 233
1 10 2
2 203
1 9 2
164 422
1 6 2
40 377
1 8 2
76 248
1 6 2
289 386
1 8 2
36 158
1 6 2
332 497
1 9 2
264 414
1 6 2
45 195
1 11 2
422 434
1 4 2
137 402
1 15 2
193 273
1 7 2
265 422
1 4 2
333 496
1 6 2
227 415
1 14 2
18 363
1 11 2
89 365
1 4 2
137 409
1 13 2
41 70
1 11 2
20 214
1 7 2
211 486
1 2 2
270 470
1 3 2
84 166
1 4 2
229 406
1 9 2
455 490
1 9 2
65 486
1 5 2
201 409
1 6 2
89 312
1 4 2
385 463
1 3 2
129 304
1 7 2
129 204
1 4 2
267 308
1 3 2
175 199
1 8 2
289 361
1 3 2
397 403
1 8 2
243 421
1 5 2
95 355
1 3 2
283 371
1 2 2
383 403
1 6 2
314 341
1 2 2
109 257
1 12 2
13 310
1 14 2
133 279
1 13 2
235 263
1 5 2
3 435
1 13 2
241 413
1 5 2
188 428
1 13 2
6 123
1 15 2
357 398
1 8 2
399 434
1 10 2
175 241
1 15 2
139 350
1 6 2
75 215
1 12 2
61 405
1 9 2
34 492
1 8 2
171 277
1 3 2
244 458
1 4 2
244 408
1 14 2
182 350
1 10 2
8 94
1 4 2
228 302
1 9 2
19 250
1 5 2
17 361
1 14 2
261 318
1 5 2
252 361
1 5 2
284 411
1 14 2
351 391
1 12 2
312 402
1 3 2
39 392
1 11 2
369 433
1 13 2
296 440
1 3 2
122 235
1 5 2
135 480
1 11 2
50 402
1 8 2
303 467
1 15 2
187 223
1 9 2
338 369
1 9 2
41 449
1 14 2
135 185
1 10 2
156 374
1 3 2
60 221
1 12 2
244 316
1 6 2
29 50
1 13 2
117 350
1 11 2
229 483
1 8 2
340 407
1 7 2
56 365
1 14 2
364 418
1 4 2
406 462
1 4 2
229 421
1 15 2
243 426
1 12 2
448 463
1 6 2
31 165
1 6 2
275 403
1 10 2
131 365
1 7 2
1 124
1 11 2
292 355
1 3 2
147 351
1 8 2
48 147
1 10 2
214 365
1 4 2
69 123
1 12 2
285 326
1 13 2
134 492
1 13 2
447 498
1 9 2
214 255
1 12 2
281 409
1 8 2
415 447
1 2 2
262 380
1 9 2
110 452
1 15 2
35 347
1 14 2
295 341
1 12 2
67 149
1 4 2
113 286
1 7 2
120 384
1 6 2
271 440
1 15 2
23 440
1 11 2
379 492
1 8 2
106 141
1 3 2
159 274
1 8 2
154 266
1 5 2
165 351
1 5 2
316 447
1 2 2
62 398
1 2 2
261 323
1 5 2
241 434
1 9 2
177 391
1 6 2
147 341
1 11 2
200 408
1 4 2
111 165
1 3 2
78 306
1 15 2
59 476
1 8 2
89 409
1 9 2
256 482
1 14 2
277 399
1 12 2
109 228
1 11 2
239 240
1 6 2
185 331
1 5 2
343 452
1 7 2
1 170
1 4 2
16 495
1 3 2
356 457
1 5 2
21 301
1 13 2
0 462
1 14 2
90 375
1 9 2
168 238
1 6 2
221 465
1 11 2
139 218
1 5 2
157 455
1 13 2
252 342
1 5 2
180 451
1 14 2
40 330
1 12 2
103 450
1 7 2
240 313
1 13 2
156 327
1 10 2
147 230
1 3 2
11 311
1 13 2
336 485
1 12 2
69 368
1 6 2
419 456
1 8 2
189 190
1 14 2
149 278
1 11 2
104 464
1 13 2
255 394
1 11 2
24 494
1 13 2
9 299
1 5 2
94 286
1 7 2
196 385
1 7 2
201 280
1 2 2
173 397
1 12 2
144 305
1 5 2
377 481
1 5 2
5 27
1 3 2
41 437
1 7 2
143 301
1 2 2
204 235
1 2 2
61 114
1 11 2
8 288
1 10 2
200 474
1 4 2
212 415
1 14 2
350 411
1 7 2
17 295
1 2 2
148 152
1 4 2
146 379
1 3 2
104 421
1 5 2
16 175
1 3 2
174 233
1 14 2
250 448
1 12 2
50 440
1 14 2
144 390
1 13 2
19 75
1 15 2
335 440
1 9 2
155 311
1 10 2
92 111
1 11 2
208 252
1 3 2
142 153
1 4 2
137 239
1 7 2
37 416
1 6 2
63 124
1 5 2
58 388
1 3 2
117 220
1 10 2
18 30
1 13 2
118 170
1 14 2
66 229
1 12 2
246 343
1 13 2
63 116
1 15 2
208 448
1 13 2
337 349
1 3 2
287 360
1 6 2
154 155
1 6 2
412 430
1 6 2
53 109
1 11 2
324 461
1 4 2
62 414
1 6 2
97 378
1 13 2
33 338
1 14 2
273 324
1 10 2
9 289
1 3 2
61 273
1 10 2
60 474
1 13 2
190 436
1 12 2
266 408
1 6 2
212 239
1 8 2
95 296
1 6 2
286 436
1 7 2
32 428
1 14 2
385 407
1 8 2
221 488
1 4 2
373 448
1 12 2
78 234
1 11 2
83 104
1 10 2
277 337
1 8 2
256 367
1 15 2
88 297
1 8 2
86 453
1 11 2
189 482
1 2 2
23 357
1 12 2
183 312
1 3 2
147 420
1 12 2
284 454
1 3 2
219 402
1 2 2
135 493
1 10 2
376 409
1 2 2
65 432
1 13 2
376 464
1 11 2
227 420
1 4 2
99 372
1 13 2
14 111
1 11 2
114 251
1 11 2
106 305
1 5 2
63 70
1 7 2
169 216
1 5 2
131 314
1 11 2
109 472
1 6 2
99 113
1 2 2
112 346
1 5 2
342 482
1 3 2
318 445
1 7 2
258 448
1 13 2
159 326
1 11 2
100 347
1 2 2
6 282
1 15 2
42 237
1 9 2
31 268
1 15 2
273 329
1 8 2
117 125
1 11 2
215 445
1 10 2
22 471
1 15 2
173 437
1 6 2
134 468
1 14 2
322 490
1 8 2
185 310
1 10 2
355 376
1 15 2
67 68
1 13 2
75 150
1 14 2
195 494
1 9 2
8 482
1 3 2
143 349
1 9 2
232 378
1 8 2
113 424
1 14 2
108 449
1 5 2
40 391
1 3 2
255 467
1 7 2
248 269
1 7 2
135 449
1 14 2
257 298
1 10 2
98 375
1 3 2
164 338
1 4 2
308 350
1 13 2
319 457
1 4 2
54 307
1 3 2
43 104
1 10 2
53 400
1 10 2
121 317
1 6 2
342 384
1 12 2
37 178
1 6 2
440 491
1 2 2
195 418
1 11 2
324 354
1 12 2
85 151
1 15 2
73 280
1 14 2
151 206
1 9 2
345 462
1 6 2
68 248
1 8 2
108 378
1 2 2
476 477
1 14 2
219 441
1 12 2
294 367
1 7 2
199 329
1 8 2
24 135
1 8 2
32 85
1 10 2
382 422
1 8 2
192 234
1 7 2
59 261
1 7 2
74 262
1 2 2
37 377
1 9 2
148 301
1 6 2
70 204
1 4 2
6 121
1 10 2
17 134
1 13 2
73 327
1 3 2
182 464
1 9 2
63 321
1 2 2
232 239
1 7 2
4 419
1 3 2
307 464
1 11 2
16 86
1 8 2
153 273
1 5 2
186 306
1 14 2
174 413
1 11 2
44 452
1 10 2
439 467
1 4 2
113 203
1 3 2
335 461
1 4 2
149 344
1 4 2
114 287
1 13 2
211 366
1 14 2
222 427
1 12 2
83 269
1 4 2
237 337
1 11 2
128 330
1 11 2
58 326
1 10 2
93 338
1 12 2
104 258
1 11 2
2 204
1 11 2
254 291
1 12 2
393 474
1 3 2
118 424
1 13 2
17 373
1 2 2
320 323
1 8 2
47 220
1 6 2
108 470
1 8 2
46 85
1 12 2
281 345
1 7 2
198 242
1 5 2
172 276
1 11 2
67 177
1 12 2
102 344
1 11 2
42 187
1 11 2
191 455
1 14 2
229 377
1 15 2
275 429
1 5 2
14 272
1 14 2
346 492
1 13 2
57 343
1 12 2
161 423
1 8 2
376 481
1 11 2
101 128
1 15 2
227 421
1 2 2
294 391
1 11 2
390 391
1 12 2
207 301
1 12 2
238 313
1 15 2
138 494
1 8 2
86 210
1 15 2
5 169
1 15 2
444 457
1 8 2
200 402
1 11 2
298 484
1 15 2
85 161
1 3 2
65 335
1 12 2
204 271
1 7 2
104 320
1 4 2
123 316
1 11 2
18 78
1 4 2
132 284
1 7 2
178 343
1 7 2
203 270
1 12 2
191 265
1 5 2
451 466
1 13 2
85 224
1 8 2
105 319
1 7 2
72 378
1 6 2
219 314
1 11 2
16 477
1 5 2
307 466
1 7 2
22 275
1 7 2
108 406
1 10 2
30 452
1 3 2
72 169
1 4 2
154 329
1 3 2
104 226
1 14 2
425 499
1 9 2
347 472
1 6 2
6 324
1 15 2
307 444
1 8 2
62 486
1 9 2
209 306
1 5 2
98 105
1 5 2
14 258
1 7 2
122 339
1 13 2
65 473
1 5 2
362 464
1 8 2
175 426
1 3 2
191 311
1 2 2
240 295
1 5 2
97 370
1 9 2
185 378
1 5 2
69 278
1 9 2
34 152
1 14 2
452 491
1 12 2
292 301
1 10 2
450 488
1 15 2
295 445
1 8 2
92 327
1 13 2
49 217
1 5 2
141 455
1 5 2
174 396
1 6 2
194 302
1 14 2
222 362
1 7 2
438 493
1 6 2
134 398
1 14 2
458 481
1 13 2
153 259
1 15 2
420 470
1 11 2
206 371
1 6 2
131 318
1 11 2
43 140
1 14 2
95 364
1 3 2
112 499
1 4 2
107 172
1 5 2
220 247
1 6 2
173 180
1 14 2
119 217
1 12 2
28 252
1 4 2
114 170
1 9 2
168 244
1 15 2
20 421
1 11 2
227 474
1 8 2
297 450
1 6 2
147 260
1 14 2
284 468
1 8 2
327 359
1 4 2
5 451
1 7 2
134 341
1 10 2
288 468
1 4 2
190 469
1 3 2
124 290
1 3 2
369 498
1 5 2
166 208
1 15 2
286 369
1 13 2
320 380
1 6 2
487 494
1 5 2
349 430
1 11 2
141 158
1 15 2
286 452
1 6 2
21 246
1 8 2
231 333
1 5 2
215 237
1 2 2
85 374
1 9 2
374 409
1 5 2
96 290
1 4 2
278 335
1 6 2
459 477
1 7 2
321 381
1 13 2
58 272
1 7 2
89 272
1 8 2
74 195
1 8 2
77 245
1 13 2
306 406
1 12 2
422 475
1 6 2
270 359
1 4 2
450 499
1 10 2
13 229
1 15 2
280 474
1 12 2
261 433
1 15 2
219 407
1 5 2
26 263
1 5 2
9 149
1 10 2
226 402
1 7 2
143 295
1 10 2
122 334
1 9 2
239 396
1 13 2
28 330
1 4 2
198 323
1 6 2
361 470
1 12 2
172 322
1 2 2
133 302
1 13 2
220 344
1 13 2
119 352
1 10 2
434 437
1 3 2
9 351
1 10 2
172 228
1 15 2
143 313
1 6 2
17 379
1 9 2
103 328
1 10 2
246 365
1 13 2
244 480
1 6 2
37 219
1 6 2
167 283
1 14 2
87 297
1 15 2
64 93
1 12 2
279 431
1 7 2
307 338
1 5 2
122 424
1 8 2
263 388
1 3 2
127 227
1 10 2
3 91
1 15 2
246 454
1 15 2
104 406
1 7 2
145 492
1 14 2
206 286
1 9 2
257 360
1 10 2
292 452
1 10 2
199 210
1 11 2
389 488
1 15 2
28 162
1 10 2
20 175
1 2 2
18 75
1 10 2
176 433
1 15 2
64 362
1 2 2
132 351
1 11 2
305 465
1 12 2
82 425
1 9 2
41 103
1 15 2
188 240
1 5 2
178 209
1 8 2
8 125
1 12 2
235 274
1 10 2
233 396
1 12 2
87 198
1 3 2
54 442
1 2 2
98 116
1 7 2
339 453
1 2 2
96 114
1 7 2
269 428
1 5 2
236 388
1 2 2
14 57
1 14 2
253 446
1 3 2
89 285
1 13 2
168 477
1 5 2
444 450
1 3 2
227 395
1 3 2
165 301
1 8 2
311 360
1 5 2
67 265
1 2 2
118 477
1 9 2
241 332
1 6 2
34 429
1 3 2
320 332
1 10 2
48 216
1 12 2
298 377
1 13 2
44 225
1 7 2
256 435
1 14 2
187 251
1 12 2
279 470
1 3 2
63 458
1 7 2
316 363
1 10 2
319 380
1 5 2
93 213
1 12 2
114 334
1 6 2
1 498
1 11 2
295 400
1 7 2
251 441
1 12 2
385 439
1 9 2
214 410
1 4 2
241 373
1 15 2
257 263
1 11 2
338 374
1 4 2
40 324
1 11 2
181 232
1 8 2
251 377
1 10 2
77 493
1 5 2
33 90
1 14 2
101 235
1 5 2
76 120
1 2 2
324 474
1 5 2
82 313
1 6 2
209 411
1 7 2
106 496
1 15 2
48 131
1 2 2
10 76
1 10 2
36 379
1 4 2
126 317
1 10 2
123 295
1 2 2
129 276
1 8 2
271 343
1 9 2
367 493
1 13 2
148 151
1 12 2
275 499
1 12 2
105 172
1 4 2
228 387
1 4 2
17 397
1 4 2
3 244
1 9 2
57 299
1 15 2
240 466
1 10 2
35 99
1 2 2
61 418
1 2 2
4 139
1 14 2
32 303
1 5 2
215 467
1 3 2
354 465
1 7 2
219 481
1 15 2
31 129
1 2 2
228 379
1 4 2
41 440
1 2 2
382 472
1 2 2
281 473
1 9 2
210 285
1 8 2
212 480
1 5 2
131 352
1 14 2
321 360
1 10 2
170 419
1 5 2
233 455
1 12 2
58 184
1 2 2
117 282
1 14 2
30 247
1 10 2
162 337
1 13 2
65 241
1 15 2
303 348
1 13 2
11 357
1 14 2
87 115
1 10 2
241 288
1 13 2
35 273
1 15 2
85 202
1 12 2
400 476
1 13 2
95 280
1 11 2
209 423
1 6 2
166 243
1 8 2
62 222
1 9 2
49 147
1 11 2
186 486
1 12 2
176 473
1 9 2
211 408
1 13 2
180 304
1 15 2
95 186
1 4 2
240 340
1 4 2
95 475
1 14 2
205 328
1 13 2
218 470
1 5 2
60 153
1 15 2
223 320
1 10 2
191 470
1 7 2
219 296
1 3 2
60 409
1 13 2
51 96
1 5 2
387 493
1 3 2
72 282
1 10 2
29 268
1 8 2
46 167
1 10 2
197 230
1 9 2
174 301
1 7 2
35 157
1 12 2
368 392
1 11 2
178 241
1 11 2
133 210
1 12 2
241 342
1 11 2
317 392
1 4 2
419 462
1 13 2
356 422
1 6 2
379 459
1 5 2
216 487
1 2 2
66 219
1 10 2
100 435
1 4 2
17 269
1 3 2
412 454
1 6 2
117 398
1 3 2
85 219
1 3 2
228 309
1 6 2
451 458
1 7 2
103 399
1 12 2
154 401
1 10 2
51 61
1 3 2
50 203
1 2 2
109 430
1 14 2
404 499
1 8 2
154 367
1 4 2
221 351
1 9 2
301 382
1 2 2
445 460
1 11 2
176 187
1 9 2
37 54
1 3 2
124 258
1 12 2
106 249
1 3 2
33 452
1 8 2
3 372
1 6 2
236 257
1 12 2
149 156
1 14 2
50 289
1 6 2
141 438
1 14 2
155 432
1 6 2
439 472
1 9 2
16 278
1 6 2
99 228
1 14 2
301 329
1 12 2
7 14
1 7 2
78 220
1 13 2
392 437
1 2 2
50 59
1 14 2
131 357
1 5 2
190 291
1 11 2
316 353
1 2 2
233 469
1 3 2
27 150
1 11 2
154 250
1 13 2
303 312
1 15 2
252 491
1 9 2
8 108
1 14 2
65 296
1 9 2
457 484
1 12 2
349 397
1 3 2
184 384
1 8 2
90 249
1 10 2
130 344
1 11 2
413 485
1 7 2
113 218
1 9 2
50 169
1 8 2
233 298
1 4 2
107 424
1 8 2
201 324
1 10 2
234 400
1 13 2
157 385
1 4 2
214 455
1 13 2
25 449
1 7 2
114 121
1 11 2
22 260
1 7 2
315 328
1 13 2
244 275
1 15 2
131 447
1 3 2
106 364
1 12 2
121 131
1 13 2
79 376
1 6 2
261 338
1 15 2
143 231
1 8 2
81 190
1 14 2
77 426
1 7 2
67 341
1 9 2
73 226
1 7 2
133 383
1 8 2
130 200
1 13 2
11 490
1 15 2
75 158
1 13 2
124 253
1 9 2
13 246
1 6 2
381 474
1 12 2
350 377
1 3 2
362 389
1 14 2
388 436
1 6 2
149 289
1 10 2
227 245
1 4 2
199 457
1 10 2
356 420
1 9 2
242 488
1 12 2
91 146
1 4 2
48 251
1 15 2
387 402
1 2 2
156 496
1 6 2
94 238
1 4 2
69 396
1 2 2
376 417
1 12 2
20 312
1 5 2
111 374
1 4 2
64 74
1 3 2
166 454
1 14 2
183 343
1 7 2
6 482
1 12 2
232 311
1 15 2
96 336
1 5 2
102 279
1 15 2
295 350
1 15 2
311 444
1 9 2
306 458
1 4 2
286 377
1 14 2
214 238
1 10 2
148 307
1 4 2
41 359
1 5 2
88 409
1 15 2
239 464
1 13 2
330 494
1 12 2
186 452
1 2 2
383 407
1 12 2
337 441
1 15 2
169 480
1 5 2
392 461
1 6 2
207 318
1 6 2
135 222
1 4 2
46 437
1 5 2
390 429
1 8 2
205 214
1 8 2
203 424
1 3 2
186 428
1 12 2
42 242
1 3 2
128 358
1 8 2
28 237
1 5 2
167 261
1 7 2
38 199
1 3 2
308 336
1 5 2
275 433
1 7 2
206 497
1 14 2
21 244
1 18 2
344 376
1 11 2
71 451
1 27 2
121 372
1 26 2
173 230
1 26 2
19 473
1 20 2
123 150
1 19 2
287 484
1 9 2
165 269
1 15 2
218 454
1 22 2
28 102
1 15 2
24 477
1 27 2
8 403
1 15 2
20 118
1 20 2
84 462
1 17 2
87 479
1 23 2
133 170
1 11 2
181 383
1 24 2
190 318
1 7 2
315 364
1 17 2
374 438
1 7 2
90 301
1 14 2
351 353
1 12 2
11 431
1 15 2
35 200
1 18 2
69 225
1 26 2
12 58
1 17 2
87 287
1 16 2
66 204
1 14 2
131 312
1 20 2
108 201
1 11 2
272 318
1 14 2
126 258
1 22 2
204 497
1 10 2
70 391
1 20 2
37 106
1 29 2
145 325
1 16 2
287 337
1 10 2
90 239
1 21 2
123 184
1 19 2
247 255
1 26 2
121 282
1 21 2
54 314
500 2955 2500
22 11 18 9 25 12 24 20 9 18 11 12 15 18 17 11 6 5 22 20 20 7 22 10 25 14 22 20 12 5 20 9 14 9 9 6 17 7 22 6 16 6 19 9 19 21 6 5 10 7 12 10 10 13 5 10 25 9 22 14 11 9 21 15 22 17 8 25 25 13 5 24 14 16 6 10 11 5 9 14 6 16 6 22 20 6 16 25 25 14 17 16 13 23 21 24 24 7 10 8 20 16 22 17 12 10 22 6 24 19 8 14 20 13 24 20 19 6 21 19 21 16 23 22 6 5 18 25 17 11 15 21 24 22 12 13 11 17 25 15 13 15 8 21 17 16 8 21 8 8 24 6 8 13 10 21 19 6 17 7 19 7 14 22 15 13 11 22 10 10 9 10 18 25 23 11 25 15 9 7 5 24 13 20 24 17 8 20 7 11 18 16 11 14 20 10 24 6 20 23 16 6 10 14 6 13 16 24 9 5 15 9 19 19 16 9 19 9 25 24 13 24 18 8 23 10 7 12 21 20 10 13 25 7 7 10 18 6 15 11 20 10 17 21 25 16 14 25 10 12 8 7 5 8 22 23 22 8 19 8 9 22 18 12 12 13 12 14 23 16 21 8 19 19 6 13 14 20 24 10 12 16 6 14 9 8 25 24 8 7 14 18 15 25 14 21 21 17 12 20 15 12 10 25 19 23 12 21 7 12 16 12 11 22 14 21 23 22 7 12 12 25 11 17 7 6 18 11 21 5 6 6 22 21 11 25 16 21 11 8 23 17 6 14 20 23 11 6 24 11 22 17 18 22 5 5 5 8 16 7 11 21 18 8 10 12 13 21 11 13 25 24 9 5 16 22 11 17 12 22 25 7 19 24 14 6 13 24 25 25 23 11 11 21 25 25 10 25 18 15 19 12 17 21 13 23 14 11 25 13 5 23 17 10 11 24 22 8 20 9 12 13 6 16 16 24 13 15 25 11 20 18 8 6 9 11 23 12 21 13 18 18 23 10 15 5 21 12 8 18 20 21 24 11 9 10 9 18 14 25 22 13 9 23 23 25 19 12 17 10 11 11 19 21 20 23 11 12 9 10 20 25 25 19 12 16 22 13 7 5 9 7 20 23 18 8 14 18 17 14
3 10 7 3 16 9 13 17 7 17 7 9 8 5 11 10 11 7 6 18 17 8 5 6 14 11 18 20 6 17 13 9 5 3 8 18 4 5 9 16 13 7 18 18 9 5 3 4 5 5 20 13 13 12 6 20 3 20 10 4 12 9 3 20 14 3 4 12 18 8 7 20 18 9 11 8 12 18 14 20 19 16 4 4 9 16 10 17 10 6 15 8 9 16 11 10 20 14 12 12 13 3 16 15 7 12 13 12 12 18 3 10 6 12 15 6 16 15 8 6 17 6 7 9 19 4 7 19 11 9 12 20 13 11 16 17 6 13 7 20 9 4 18 7 3 10 11 7 3 5 17 6 11 16 6 11 6 4 7 8 10 5 12 11 12 8 11 15 12 4 3 4 4 9 10 16 3 7 19 11 16 7 14 12 12 10 13 4 18 10 13 19 10 18 12 19 15 6 8 12 14 18 6 20 5 3 16 3 6 4 20 8 3 11 11 8 16 12 9 12 11 9 4 4 19 14 16 6 12 9 17 16 16 14 5 13 15 11 10 7 14 15 13 5 12 9 3 5 16 13 14 20 9 18 5 3 15 13 14 5 4 18 14 18 8 17 19 13 5 20 13 13 4 10 4 9 5 14 5 8 12 5 6 20 9 6 15 3 4 5 11 13 3 11 5 7 18 8 6 9 11 10 16 19 15 4 3 15 8 7 16 13 11 4 10 15 16 17 16 16 7 13 10 15 11 6 3 7 19 5 7 20 11 9 13 19 7 5 11 20 6 20 11 7 17 13 7 15 15 20 19 20 20 4 11 15 9 13 9 3 10 4 16 6 4 15 13 18 7 7 4 19 9 16 17 20 19 9 4 4 19 18 11 10 3 13 18 19 8 3 15 15 5 17 14 9 18 17 20 3 15 18 11 12 4 8 5 17 13 10 3 13 3 4 7 10 19 8 3 8 10 14 11 20 20 13 9 6 17 4 7 3 17 19 4 17 10 13 18 9 9 9 8 11 7 15 9 10 15 6 6 9 8 13 15 20 8 10 10 5 3 7 19 14 20 16 10 10 8 8 6 20 12 6 8 8 15 20 11 19 19 9 18 9 8 5 4 19 14 17 11 11 8 17 12 4 18 8 17 13
1 5 2
175 271
1 6 2
120 260
1 2 2
140 462
1 9 2
124 320
1 2 2
31 85
1 6 2
71 252
1 3 2
42 56
1 14 2
47 188
1 11 2
7 281
1 2 2
282 436
1 12 2
79 196
1 9 2
394 482
1 8 2
166 187
1 7 2
165 389
1 15 2
87 305
1 9 2
105 435
1 6 2
406 441
1 9 2
281 348
1 12 2
160 472
1 7 2
32 317
1 14 2
205 373
1 15 2
43 249
1 5 2
65 313
1 10 2
64 158
1 4 2
240 486
1 9 2
281 455
1 9 2
119 498
1 15 2
207 314
1 6 2
10 356
1 11 2
73 457
1 8 2
123 385
1 15 2
288 488
1 8 2
84 282
1 4 2
195 384
1 4 2
153 216
1 4 2
5 411
1 8 2
309 446
1 13 2
25 99
1 3 2
141 221
1 5 2
196 316
1 11 2
290 485
1 8 2
352 378
1 3 2
128 353
1 10 2
83 386
1 3 2
348 458
1 7 2
42 78
1 11 2
406 411
1 12 2
351 414
1 6 2
436 487
1 9 2
96 285
1 3 2
183 427
1 6 2
26 415
1 8 2
292 466
1 7 2
162 226
1 8 2
23 353
1 11 2
61 436
1 14 2
107 152
1 3 2
50 464
1 11 2
16 379
1 9 2
223 274
1 3 2
7 258
1 14 2
114 427
1 8 2
209 310
1 2 2
3 113
1 13 2
194 319
1 14 2
134 456
1 11 2
342 387
1 7 2
127 421
1 12 2
36 293
1 5 2
308 489
1 8 2
55 319
1 14 2
412 482
1 6 2
211 351
1 10 2
97 177
1 15 2
344 388
1 12 2
110 469
1 3 2
185 458
1 11 2
53 80
1 2 2
115 391
1 12 2
188 421
1 5 2
273 424
1 8 2
38 203
1 8 2
355 465
1 10 2
183 444
1 14 2
365 390
1 11 2
64 91
1 2 2
427 456
1 8 2
41 62
1 9 2
26 90
1 2 2
324 464
1 3 2
42 295
1 15 2
318 425
1 13 2
321 380
1 3 2
105 360
1 13 2
155 275
1 3 2
215 259
1 8 2
307 348
1 11 2
273 388
1 4 2
110 188
1 2 2
245 409
1 12 2
17 64
1 14 2
69 461
1 11 2
87 397
1 15 2
6 124
1 5 2
114 486
1 15 2
148 458
1 14 2
110 407
1 6 2
107 378
1 9 2
304 490
1 14 2
177 349
1 2 2
50 399
1 11 2
288 469
1 6 2
75 120
1 4 2
109 222
1 13 2
34 378
1 10 2
372 382
1 12 2
33 335
1 10 2
243 474
1 4 2
124 286
1 10 2
190 482
1 14 2
142 498
1 2 2
75 460
1 10 2
213 268
1 10 2
6 120
1 15 2
54 161
1 5 2
383 413
1 12 2
189 312
1 7 2
147 369
1 6 2
73 330
1 12 2
10 398
1 7 2
174 478
1 12 2
44 123
1 12 2
22 228
1 12 2
280 333
1 2 2
57 151
1 10 2
105 332
1 3 2
111 404
1 6 2
231 277
1 13 2
173 199
1 7 2
141 164
1 6 2
123 338
1 6 2
198 276
1 2 2
246 272
1 13 2
399 477
1 7 2
57 124
1 14 2
170 196
1 3 2
16 498
1 14 2
54 289
1 11 2
233 494
1 4 2
174 265
1 15 2
339 471
1 5 2
136 459
1 11 2
145 244
1 12 2
55 311
1 2 2
92 214
1 14 2
41 126
1 12 2
164 475
1 11 2
126 197
1 5 2
94 315
1 9 2
24 204
1 4 2
274 397
1 3 2
117 227
1 11 2
37 206
1 5 2
134 435
1 14 2
205 325
1 9 2
257 356
1 6 2
66 94
1 13 2
389 431
1 13 2
36 466
1 9 2
54 404
1 7 2
22 412
1 4 2
3 470
1 9 2
6 299
1 13 2
30 220
1 7 2
63 144
1 3 2
385 454
1 2 2
92 168
1 14 2
163 390
1 15 2
230 330
1 11 2
266 275
1 7 2
222 302
1 8 2
84 344
1 8 2
253 274
1 5 2
99 277
1 13 2
9 142
1 8 2
124 261
1 15 2
16 445
1 12 2
7 368
1 4 2
344 489
1 9 2
329 444
1 2 2
309 419
1 4 2
218 260
1 3 2
97 411
1 2 2
162 212
1 2 2
104 279
1 9 2
104 369
1 8 2
315 483
1 2 2
81 364
1 15 2
305 350
1 11 2
265 445
1 2 2
221 274
1 15 2
282 309
1 6 2
284 453
1 4 2
390 465
1 15 2
257 430
1 3 2
416 445
1 15 2
119 183
1 14 2
31 340
1 7 2
310 409
1 3 2
14 460
1 14 2
393 427
1 14 2
321 359
1 11 2
52 179
1 2 2
306 403
1 12 2
50 89
1 5 2
190 458
1 8 2
34 430
1 14 2
291 327
1 13 2
152 402
1 7 2
152 233
1 5 2
379 436
1 3 2
89 396
1 6 2
221 342
1 2 2
49 443
1 12 2
266 463
1 10 2
228 263
1 3 2
134 329
1 10 2
76 80
1 7 2
0 318
1 4 2
177 196
1 10 2
312 334
1 5 2
83 441
1 6 2
107 289
1 15 2
238 488
1 2 2
210 216
1 7 2
163 467
1 6 2
322 425
1 7 2
84 304
1 11 2
43 483
1 3 2
381 471
1 11 2
72 393
1 8 2
3 440
1 2 2
170 260
1 2 2
73 444
1 15 2
204 253
1 4 2
126 402
1 10 2
393 397
1 6 2
176 288
1 7 2
314 359
1 9 2
202 378
1 12 2
88 150
1 3 2
72 262
1 4 2
86 194
1 5 2
28 174
1 9 2
37 62
1 5 2
77 349
1 8 2
160 206
1 12 2
417 484
1 5 2
120 133
1 9 2
194 333
1 6 2
176 222
1 14 2
141 412
1 11 2
260 324
1 2 2
226 392
1 15 2
227 438
1 15 2
139 499
1 13 2
158 448
1 15 2
332 343
1 6 2
35 170
1 15 2
42 55
1 7 2
367 377
1 9 2
136 157
1 12 2
29 371
1 2 2
291 481
1 6 2
96 338
1 2 2
53 222
1 14 2
173 354
1 12 2
85 314
1 9 2
406 483
1 10 2
91 441
1 7 2
168 382
1 13 2
13 417
1 9 2
137 350
1 11 2
42 85
1 7 2
261 456
1 7 2
80 192
1 6 2
198 231
1 11 2
145 272
1 13 2
102 114
1 6 2
91 189
1 13 2
196 233
1 8 2
27 439
1 2 2
209 447
1 9 2
92 135
1 4 2
72 127
1 14 2
133 406
1 4 2
0 44
1 6 2
189 416
1 4 2
77 417
1 8 2
261 389
1 6 2
179 240
1 6 2
176 181
1 6 2
387 428
1 12 2
191 477
1 4 2
422 468
1 13 2
355 414
1 9 2
86 87
1 7 2
195 295
1 6 2
3 87
1 3 2
153 448
1 6 2
307 411
1 14 2
80 197
1 12 2
172 441
1 4 2
285 447
1 4 2
104 254
1 11 2
155 417
1 9 2
187 233
1 10 2
204 397
1 8 2
106 421
1 11 2
127 435
1 2 2
292 312
1 14 2
151 264
1 12 2
205 420
1 6 2
152 350
1 10 2
89 185
1 8 2
277 389
1 3 2
365 428
1 15 2
92 257
1 6 2
234 453
1 12 2
39 106
1 5 2
417 489
1 7 2
414 455
1 10 2
121 391
1 13 2
79 191
1 7 2
198 252
1 14 2
265 485
1 8 2
39 148
1 7 2
164 312
1 6 2
272 391
1 4 2
392 456
1 10 2
198 203
1 7 2
285 467
1 15 2
155 399
1 9 2
444 494
1 14 2
27 378
1 11 2
352 475
1 2 2
135 223
1 8 2
13 426
1 15 2
168 320
1 4 2
201 336
1 3 2
466 478
1 13 2
204 463
1 10 2
94 336
1 15 2
2 10
1 8 2
176 449
1 9 2
111 172
1 11 2
156 276
1 7 2
142 268
1 14 2
310 375
1 13 2
354 362
1 10 2
329 410
1 8 2
128 213
1 4 2
225 287
1 9 2
123 281
1 9 2
308 454
1 8 2
30 67
1 2 2
74 417
1 3 2
94 134
1 5 2
16 490
1 9 2
301 485
1 9 2
23 333
1 14 2
348 431
1 15 2
201 267
1 8 2
150 291
1 8 2
193 405
1 12 2
1 396
1 11 2
170 338
1 13 2
211 305
1 3 2
29 254
1 3 2
473 496
1 8 2
136 325
1 15 2
17 464
1 12 2
422 491
1 13 2
130 496
1 12 2
127 255
1 14 2
141 229
1 2 2
144 294
1 11 2
124 418
1 10 2
383 479
1 10 2
311 350
1 14 2
48 118
1 7 2
24 370
1 14 2
313 434
1 5 2
132 486
1 12 2
153 455
1 7 2
215 243
1 8 2
1 257
1 6 2
35 333
1 2 2
166 394
1 9 2
173 495
1 13 2
207 380
1 3 2
37 241
1 2 2
144 325
1 10 2
55 290
1 15 2
65 67
1 11 2
7 396
1 11 2
392 408
1 14 2
283 396
1 5 2
297 480
1 15 2
81 155
1 9 2
33 434
1 10 2
303 356
1 3 2
470 494
1 11 2
39 73
1 3 2
139 180
1 9 2
346 348
1 7 2
377 406
1 2 2
290 377
1 8 2
131 459
1 14 2
36 317
1 10 2
44 465
1 13 2
67 205
1 4 2
164 437
1 15 2
202 246
1 6 2
61 363
1 9 2
78 187
1 13 2
346 456
1 10 2
215 246
1 9 2
23 129
1 2 2
221 449
1 4 2
322 382
1 13 2
234 470
1 12 2
141 259
1 2 2
135 331
1 6 2
47 86
1 4 2
35 480
1 12 2
238 264
1 6 2
28 437
1 6 2
217 314
1 10 2
70 107
1 13 2
102 160
1 9 2
289 394
1 10 2
151 490
1 7 2
265 392
1 3 2
94 239
1 5 2
17 26
1 5 2
364 392
1 3 2
323 360
1 2 2
70 217
1 10 2
422 453
1 8 2
188 436
1 7 2
203 436
1 13 2
240 473
1 13 2
274 480
1 4 2
34 364
1 14 2
165 455
1 12 2
306 418
1 15 2
273 425
1 15 2
150 240
1 9 2
20 65
1 3 2
191 229
1 14 2
175 362
1 2 2
403 481
1 4 2
101 127
1 13 2
333 368
1 6 2
243 453
1 5 2
163 363
1 10 2
245 486
1 10 2
166 329
1 14 2
230 304
1 15 2
4 365
1 10 2
92 374
1 5 2
466 496
1 13 2
446 480
1 8 2
231 469
1 11 2
22 53
1 14 2
24 305
1 7 2
130 175
1 3 2
338 429
1 3 2
31 480
1 15 2
287 387
1 4 2
44 308
1 7 2
48 387
1 15 2
227 465
1 4 2
74 310
1 8 2
83 193
1 7 2
45 365
1 4 2
421 437
1 8 2
5 109
1 4 2
149 356
1 6 2
57 62
1 7 2
397 406
1 11 2
12 67
1 12 2
2 83
1 4 2
110 429
1 11 2
240 258
1 3 2
209 438
1 2 2
282 433
1 11 2
14 205
1 2 2
329 419
1 2 2
343 376
1 12 2
208 426
1 15 2
365 429
1 6 2
341 396
1 12 2
231 413
1 10 2
122 402
1 7 2
184 333
1 13 2
63 287
1 3 2
183 260
1 5 2
255 337
1 13 2
411 466
1 12 2
150 206
1 7 2
92 337
1 15 2
27 93
1 15 2
260 434
1 5 2
425 495
1 12 2
319 460
1 13 2
31 166
1 4 2
321 374
1 9 2
69 345
1 8 2
422 428
1 3 2
64 78
1 3 2
82 482
1 2 2
282 302
1 7 2
147 199
1 5 2
220 407
1 8 2
204 234
1 13 2
245 432
1 8 2
365 485
1 4 2
21 166
1 11 2
274 295
1 3 2
12 448
1 11 2
111 245
1 12 2
191 197
1 6 2
111 292
1 15 2
59 203
1 4 2
166 349
1 11 2
233 376
1 4 2
117 231
1 6 2
0 139
1 2 2
78 367
1 3 2
256 374
1 2 2
99 334
1 15 2
63 170
1 4 2
160 305
1 14 2
4 242
1 7 2
295 463
1 15 2
176 357
1 2 2
250 291
1 8 2
28 255
1 3 2
15 411
1 10 2
429 430
1 2 2
7 335
1 12 2
231 260
1 13 2
22 271
1 9 2
226 487
1 3 2
61 218
1 4 2
373 432
1 3 2
81 469
1 6 2
330 477
1 10 2
136 476
1 3 2
119 165
1 6 2
295 333
1 10 2
57 406
1 10 2
46 73
1 13 2
113 235
1 8 2
166 495
1 2 2
189 427
1 7 2
125 221
1 14 2
96 138
1 4 2
392 429
1 8 2
153 209
1 9 2
64 187
1 15 2
186 210
1 13 2
295 312
1 12 2
65 376
1 14 2
364 484
1 11 2
141 320
1 15 2
129 149
1 5 2
31 83
1 2 2
246 481
1 14 2
26 428
1 11 2
164 383
1 6 2
228 453
1 4 2
217 326
1 2 2
167 270
1 5 2
340 342
1 4 2
87 322
1 7 2
241 336
1 2 2
279 474
1 4 2
126 175
1 11 2
180 454
1 15 2
185 393
1 5 2
355 392
1 6 2
147 438
1 4 2
105 124
1 12 2
259 374
1 11 2
56 93
1 9 2
170 188
1 4 2
157 329
1 8 2
315 372
1 8 2
141 410
1 10 2
338 351
1 4 2
104 436
1 8 2
195 416
1 8 2
192 281
1 9 2
278 346
1 2 2
299 451
1 7 2
292 394
1 3 2
149 462
1 11 2
223 467
1 2 2
206 343
1 7 2
73 292
1 6 2
64 484
1 14 2
148 463
1 5 2
40 187
1 3 2
145 436
1 9 2
175 489
1 3 2
8 371
1 13 2
429 461
1 2 2
206 383
1 3 2
222 375
1 6 2
199 244
1 13 2
292 351
1 5 2
212 485
1 10 2
189 239
1 2 2
138 266
1 4 2
110 322
1 6 2
65 390
1 8 2
8 388
1 9 2
326 445
1 12 2
175 374
1 4 2
256 415
1 5 2
444 473
1 5 2
158 226
1 2 2
55 96
1 12 2
86 88
1 13 2
326 376
1 2 2
223 292
1 4 2
136 353
1 5 2
248 375
1 11 2
122 164
1 3 2
248 361
1 3 2
339 384
1 9 2
95 454
1 2 2
112 153
1 13 2
61 192
1 11 2
23 114
1 3 2
280 375
1 10 2
239 251
1 9 2
282 449
1 8 2
55 326
1 11 2
55 466
1 14 2
199 401
1 12 2
245 484
1 9 2
117 235
1 6 2
418 435
1 4 2
82 280
1 11 2
250 354
1 15 2
146 242
1 2 2
8 260
1 12 2
130 241
1 6 2
160 249
1 10 2
407 416
1 6 2
12 307
1 15 2
26 150
1 6 2
196 269
1 8 2
132 139
1 12 2
139 229
1 2 2
281 350
1 6 2
36 174
1 13 2
19 95
1 12 2
35 408
1 6 2
339 426
1 2 2
430 481
1 12 2
276 497
1 15 2
90 493
1 15 2
258 449
1 14 2
298 314
1 15 2
210 266
1 2 2
38 280
1 10 2
4 171
1 9 2
284 440
1 3 2
387 412
1 5 2
15 74
1 7 2
247 478
1 3 2
151 302
1 13 2
86 452
1 3 2
354 410
1 6 2
35 491
1 8 2
162 289
1 10 2
38 115
1 13 2
105 381
1 8 2
78 336
1 3 2
29 487
1 8 2
429 490
1 4 2
37 331
1 8 2
227 485
1 6 2
126 346
1 12 2
207 486
1 14 2
34 192
1 5 2
203 268
1 8 2
52 258
1 2 2
130 294
1 8 2
306 454
1 6 2
140 308
1 12 2
50 406
1 7 2
36 296
1 13 2
67 72
1 14 2
209 296
1 8 2
254 311
1 12 2
193 455
1 4 2
401 499
1 3 2
369 372
1 3 2
240 449
1 6 2
279 288
1 15 2
67 442
1 4 2
7 286
1 12 2
82 413
1 2 2
158 212
1 9 2
145 353
1 3 2
42 288
1 3 2
173 251
1 15 2
276 335
1 7 2
177 280
1 4 2
406 408
1 9 2
388 401
1 2 2
2 404
1 9 2
195 495
1 5 2
59 385
1 8 2
159 181
1 9 2
252 360
1 3 2
443 474
1 6 2
90 412
1 12 2
362 415
1 10 2
77 472
1 11 2
95 429
1 5 2
313 394
1 8 2
224 282
1 3 2
26 327
1 9 2
29 374
1 3 2
86 400
1 5 2
58 83
1 8 2
18 44
1 8 2
65 142
1 15 2
51 262
1 11 2
281 479
1 11 2
281 384
1 13 2
93 229
1 15 2
171 428
1 10 2
289 442
1 14 2
105 358
1 11 2
205 358
1 14 2
338 357
1 5 2
434 460
1 9 2
280 330
1 5 2
49 307
1 9 2
190 358
1 15 2
340 394
1 12 2
44 100
1 3 2
236 387
1 11 2
264 499
1 4 2
55 79
1 12 2
98 310
1 4 2
172 262
1 6 2
402 499
1 3 2
279 388
1 7 2
424 449
1 7 2
14 397
1 10 2
179 202
1 15 2
98 141
1 7 2
339 410
1 6 2
101 398
1 5 2
234 357
1 11 2
397 476
1 13 2
55 490
1 9 2
287 349
1 7 2
64 401
1 3 2
22 350
1 4 2
170 474
1 11 2
118 364
1 5 2
329 341
1 9 2
27 63
1 3 2
177 214
1 10 2
149 287
1 3 2
56 302
1 10 2
22 424
1 14 2
112 165
1 8 2
194 218
1 7 2
117 496
1 4 2
74 397
1 3 2
64 340
1 5 2
2 209
1 7 2
154 375
1 3 2
23 224
1 7 2
263 429
1 3 2
80 151
1 11 2
134 313
1 5 2
165 378
1 10 2
125 201
1 4 2
264 297
1 13 2
29 238
1 14 2
389 482
1 7 2
361 438
1 13 2
161 480
1 2 2
144 161
1 2 2
341 425
1 13 2
256 456
1 11 2
5 279
1 4 2
57 356
1 9 2
25 240
1 10 2
128 478
1 10 2
34 449
1 13 2
74 157
1 5 2
48 241
1 7 2
197 233
1 6 2
189 297
1 11 2
257 495
1 5 2
80 155
1 13 2
162 342
1 14 2
31 315
1 6 2
168 328
1 11 2
232 349
1 3 2
38 465
1 13 2
46 307
1 14 2
11 387
1 12 2
335 490
1 6 2
363 493
1 15 2
149 457
1 14 2
426 445
1 15 2
134 391
1 12 2
306 469
1 12 2
143 491
1 13 2
56 267
1 12 2
231 320
1 7 2
27 265
1 10 2
29 53
1 4 2
155 312
1 12 2
91 102
1 3 2
16 30
1 10 2
36 306
1 2 2
162 313
1 6 2
312 473
1 4 2
167 351
1 9 2
193 320
1 9 2
242 492
1 7 2
139 457
1 12 2
377 464
1 9 2
197 436
1 10 2
174 379
1 13 2
154 271
1 9 2
416 469
1 4 2
122 468
1 2 2
38 362
1 3 2
90 326
1 14 2
180 397
1 10 2
162 202
1 14 2
317 480
1 6 2
39 102
1 6 2
161 231
1 7 2
60 126
1 5 2
12 488
1 15 2
378 465
1 6 2
34 312
1 6 2
234 252
1 13 2
284 399
1 9 2
319 443
1 15 2
420 445
1 8 2
44 476
1 15 2
33 361
1 6 2
370 390
1 5 2
217 321
1 12 2
118 210
1 3 2
48 442
1 4 2
121 202
1 15 2
95 466
1 14 2
31 48
1 7 2
92 466
1 6 2
240 458
1 12 2
197 256
1 8 2
35 204
1 9 2
48 407
1 15 2
356 419
1 7 2
46 242
1 12 2
397 431
1 12 2
377 409
1 15 2
305 421
1 5 2
140 313
1 7 2
44 258
1 4 2
335 415
1 9 2
149 288
1 9 2
354 406
1 12 2
337 358
1 3 2
215 299
1 12 2
320 455
1 11 2
46 217
1 14 2
129 262
1 9 2
130 135
1 2 2
194 252
1 4 2
271 428
1 6 2
103 156
1 5 2
222 255
1 12 2
130 340
1 8 2
300 426
1 13 2
389 467
1 6 2
92 252
1 3 2
112 420
1 7 2
19 456
1 14 2
23 182
1 10 2
276 368
1 10 2
240 406
1 12 2
69 447
1 15 2
311 362
1 2 2
52 403
1 10 2
24 295
1 14 2
83 417
1 8 2
30 127
1 10 2
13 331
1 15 2
271 449
1 7 2
250 325
1 6 2
177 405
1 8 2
173 267
1 11 2
2 23
1 4 2
151 353
1 11 2
20 183
1 8 2
299 489
1 10 2
316 319
1 7 2
186 338
1 13 2
115 369
1 13 2
253 350
1 15 2
193 266
1 7 2
91 364
1 6 2
247 335
1 3 2
212 383
1 11 2
272 486
1 6 2
123 407
1 12 2
94 243
1 13 2
163 349
1 3 2
69 212
1 13 2
262 283
1 12 2
86 467
1 13 2
246 374
1 6 2
201 292
1 14 2
128 207
1 14 2
52 395
1 2 2
12 484
1 7 2
61 411
1 15 2
44 448
1 4 2
261 410
1 7 2
10 247
1 5 2
244 295
1 9 2
432 460
1 11 2
190 369
1 14 2
160 430
1 9 2
41 86
1 15 2
118 367
1 3 2
32 212
1 15 2
54 201
1 11 2
135 358
1 15 2
200 396
1 10 2
219 269
1 9 2
124 184
1 12 2
90 250
1 12 2
290 314
1 11 2
224 386
1 10 2
194 465
1 9 2
325 480
1 15 2
27 142
1 11 2
321 399
1 11 2
16 149
1 13 2
162 264
1 3 2
93 135
1 10 2
100 264
1 4 2
213 343
1 15 2
171 280
1 8 2
366 418
1 6 2
86 325
1 3 2
368 495
1 5 2
101 309
1 4 2
258 466
1 15 2
128 295
1 3 2
86 478
1 13 2
182 406
1 10 2
20 367
1 12 2
289 446
1 11 2
161 390
1 10 2
195 204
1 11 2
139 142
1 3 2
0 172
1 15 2
143 368
1 13 2
178 284
1 3 2
117 239
1 12 2
223 277
1 10 2
81 291
1 8 2
451 491
1 10 2
466 480
1 4 2
3 85
1 6 2
214 400
1 4 2
227 286
1 4 2
472 490
1 12 2
230 300
1 8 2
62 368
1 10 2
212 433
1 14 2
236 498
1 6 2
54 439
1 15 2
72 144
1 6 2
156 346
1 15 2
215 354
1 11 2
286 442
1 8 2
117 269
1 11 2
179 338
1 7 2
153 201
1 2 2
48 58
1 14 2
274 278
1 2 2
19 340
1 7 2
202 365
1 14 2
101 430
1 15 2
185 191
1 2 2
12 34
1 13 2
178 223
1 11 2
144 430
1 7 2
78 197
1 5 2
78 388
1 8 2
307 499
1 9 2
3 426
1 2 2
77 354
1 10 2
195 312
1 2 2
33 448
1 11 2
190 412
1 5 2
249 465
1 8 2
176 340
1 3 2
148 153
1 8 2
159 409
1 15 2
348 352
1 14 2
135 154
1 7 2
110 437
1 10 2
147 259
1 2 2
255 308
1 9 2
217 382
1 14 2
96 245
1 4 2
25 393
1 13 2
236 389
1 5 2
290 334
1 14 2
106 146
1 10 2
152 482
1 9 2
374 415
1 10 2
286 469
1 14 2
215 424
1 5 2
1 368
1 4 2
291 379
1 6 2
180 475
1 3 2
6 142
1 3 2
103 457
1 9 2
259 387
1 9 2
92 241
1 3 2
208 282
1 9 2
151 176
1 7 2
167 322
1 12 2
103 320
1 5 2
2 220
1 8 2
116 389
1 8 2
87 483
1 5 2
187 260
1 2 2
198 246
1 5 2
222 339
1 7 2
70 382
1 5 2
399 440
1 10 2
203 398
1 3 2
307 308
1 15 2
151 248
1 8 2
140 412
1 11 2
182 497
1 7 2
62 71
1 10 2
334 399
1 7 2
254 455
1 15 2
14 309
1 8 2
224 362
1 12 2
367 389
1 6 2
56 75
1 4 2
91 381
1 2 2
212 290
1 3 2
153 485
1 2 2
43 211
1 4 2
303 474
1 13 2
456 495
1 6 2
143 489
1 11 2
79 90
1 11 2
75 308
1 4 2
294 373
1 2 2
74 268
1 5 2
6 284
1 6 2
63 121
1 4 2
74 326
1 4 2
446 495
1 8 2
64 238
1 12 2
88 325
1 14 2
192 339
1 7 2
57 89
1 3 2
302 480
1 8 2
65 147
1 10 2
388 453
1 12 2
300 346
1 8 2
351 450
1 5 2
209 499
1 4 2
53 262
1 7 2
102 444
1 4 2
159 237
1 10 2
124 342
1 10 2
105 420
1 14 2
46 356
1 14 2
9 174
1 4 2
341 387
1 12 2
0 431
1 5 2
183 351
1 3 2
289 306
1 9 2
92 115
1 6 2
73 116
1 15 2
204 387
1 13 2
71 360
1 3 2
161 443
1 11 2
1 361
1 14 2
452 480
1 7 2
231 401
1 9 2
52 98
1 13 2
153 473
1 3 2
135 400
1 10 2
46 208
1 14 2
137 346
1 3 2
320 337
1 6 2
104 413
1 8 2
28 195
1 10 2
123 318
1 2 2
47 184
1 7 2
159 349
1 3 2
272 488
1 12 2
86 265
1 14 2
49 394
1 8 2
312 385
1 2 2
4 6
1 6 2
173 456
1 9 2
32 253
1 3 2
24 472
1 8 2
0 12
1 7 2
159 321
1 12 2
390 399
1 2 2
45 407
1 14 2
93 423
1 14 2
202 448
1 13 2
140 415
1 14 2
21 60
1 10 2
75 437
1 2 2
37 317
1 12 2
266 499
1 2 2
352 414
1 7 2
82 194
1 12 2
241 257
1 8 2
59 368
1 4 2
136 458
1 14 2
39 82
1 6 2
272 442
1 8 2
237 380
1 8 2
319 324
1 11 2
60 237
1 2 2
354 446
1 5 2
188 383
1 7 2
378 448
1 2 2
10 497
1 6 2
49 74
1 15 2
15 333
1 4 2
78 135
1 9 2
129 428
1 6 2
270 421
1 12 2
96 451
1 3 2
88 189
1 2 2
148 290
1 14 2
423 429
1 13 2
137 389
1 9 2
231 296
1 2 2
48 210
1 2 2
101 490
1 4 2
350 494
1 2 2
9 163
1 7 2
39 375
1 7 2
218 242
1 8 2
9 381
1 4 2
427 439
1 3 2
429 491
1 7 2
30 149
1 3 2
330 474
1 10 2
96 232
1 5 2
33 453
1 10 2
163 201
1 11 2
57 79
1 4 2
87 246
1 13 2
49 190
1 14 2
26 489
1 3 2
30 375
1 14 2
64 98
1 5 2
58 230
1 12 2
155 278
1 5 2
10 265
1 10 2
172 460
1 14 2
42 116
1 14 2
181 313
1 9 2
30 286
1 12 2
8 163
1 6 2
111 286
1 3 2
19 435
1 15 2
13 115
1 13 2
52 194
1 13 2
5 406
1 7 2
76 152
1 9 2
232 294
1 3 2
263 354
1 7 2
47 195
1 13 2
108 142
1 2 2
243 417
1 9 2
260 297
1 15 2
214 427
1 11 2
342 448
1 7 2
215 340
1 12 2
115 140
1 6 2
15 406
1 6 2
63 374
1 2 2
22 400
1 2 2
204 413
1 9 2
4 300
1 12 2
76 93
1 3 2
26 365
1 7 2
117 140
1 6 2
13 282
1 11 2
229 363
1 10 2
382 399
1 4 2
182 184
1 12 2
269 474
1 11 2
296 297
1 12 2
5 465
1 10 2
184 437
1 11 2
175 313
1 6 2
160 437
1 12 2
133 268
1 11 2
67 429
1 3 2
341 349
1 15 2
277 461
1 4 2
286 368
1 11 2
18 159
1 7 2
284 379
1 8 2
108 287
1 8 2
285 422
1 9 2
402 479
1 7 2
242 337
1 4 2
151 303
1 5 2
8 305
1 8 2
173 316
1 6 2
360 433
1 3 2
125 433
1 8 2
12 263
1 12 2
91 443
1 5 2
272 461
1 4 2
184 492
1 8 2
83 302
1 9 2
115 161
1 4 2
283 486
1 14 2
88 166
1 14 2
121 161
1 3 2
250 339
1 2 2
284 435
1 12 2
65 413
1 11 2
98 102
1 8 2
224 269
1 6 2
26 344
1 8 2
92 448
1 7 2
199 410
1 13 2
134 281
1 5 2
304 344
1 13 2
29 367
1 4 2
26 304
1 8 2
299 473
1 13 2
180 228
1 8 2
43 202
1 10 2
289 482
1 2 2
186 209
1 9 2
203 394
1 15 2
101 286
1 4 2
256 458
1 10 2
15 76
1 11 2
19 166
1 14 2
324 402
1 4 2
187 239
1 8 2
4 183
1 2 2
90 154
1 12 2
265 369
1 7 2
407 433
1 4 2
66 140
1 3 2
0 10
1 14 2
254 267
1 15 2
309 427
1 10 2
171 318
1 15 2
29 498
1 15 2
455 482
1 6 2
368 374
1 11 2
111 239
1 13 2
341 482
1 15 2
120 220
1 5 2
108 187
1 9 2
126 385
1 9 2
187 294
1 15 2
65 330
1 14 2
74 475
1 12 2
33 368
1 11 2
93 443
1 9 2
137 351
1 14 2
414 431
1 15 2
232 446
1 15 2
68 216
1 8 2
23 439
1 9 2
218 382
1 14 2
155 340
1 15 2
355 380
1 13 2
215 479
1 11 2
132 310
1 6 2
18 460
1 12 2
12 172
1 15 2
200 344
1 2 2
104 133
1 9 2
166 296
1 14 2
131 172
1 4 2
59 116
1 11 2
30 232
1 9 2
135 456
1 9 2
426 473
1 9 2
9 160
1 15 2
245 422
1 2 2
163 457
1 5 2
188 457
1 12 2
211 365
1 9 2
291 403
1 12 2
80 322
1 15 2
150 397
1 10 2
364 455
1 11 2
265 276
1 14 2
25 387
1 3 2
25 472
1 13 2
50 498
1 9 2
21 339
1 4 2
149 193
1 7 2
17 271
1 2 2
22 124
1 13 2
95 308
1 6 2
130 388
1 10 2
40 122
1 12 2
228 328
1 11 2
199 281
1 9 2
68 93
1 4 2
207 210
1 14 2
164 233
1 9 2
299 360
1 15 2
348 393
1 12 2
263 346
1 6 2
17 257
1 3 2
59 248
1 7 2
115 474
1 13 2
81 483
1 2 2
35 49
1 5 2
197 282
1 6 2
226 242
1 5 2
261 298
1 7 2
110 412
1 10 2
249 384
1 7 2
11 447
1 7 2
148 274
1 10 2
169 488
1 12 2
300 341
1 12 2
168 341
1 8 2
85 405
1 7 2
50 299
1 12 2
16 276
1 9 2
53 85
1 8 2
89 110
1 5 2
151 429
1 6 2
72 409
1 15 2
212 285
1 7 2
346 497
1 14 2
23 179
1 4 2
56 335
1 7 2
142 364
1 10 2
100 368
1 7 2
479 482
1 14 2
80 425
1 2 2
54 416
1 4 2
13 166
1 15 2
212 456
1 10 2
95 441
1 11 2
327 488
1 8 2
196 280
1 6 2
397 466
1 14 2
15 178
1 7 2
85 345
1 12 2
58 203
1 11 2
359 478
1 4 2
198 307
1 2 2
160 420
1 13 2
262 263
1 2 2
188 473
1 3 2
60 276
1 5 2
167 391
1 9 2
160 405
1 14 2
308 331
1 7 2
35 442
1 8 2
382 454
1 11 2
300 414
1 7 2
199 467
1 10 2
208 270
1 4 2
28 282
1 4 2
71 231
1 8 2
150 172
1 5 2
29 490
1 5 2
245 312
1 5 2
246 478
1 6 2
184 247
1 15 2
267 321
1 3 2
293 442
1 13 2
79 387
1 12 2
190 196
1 14 2
180 226
1 6 2
221 423
1 7 2
73 167
1 12 2
15 270
1 9 2
214 297
1 14 2
194 240
1 14 2
21 245
1 15 2
176 452
1 9 2
96 427
1 15 2
71 423
1 10 2
147 338
1 13 2
189 281
1 12 2
236 341
1 7 2
187 439
1 6 2
206 240
1 5 2
308 392
1 4 2
26 487
1 6 2
177 245
1 2 2
183 407
1 3 2
59 305
1 3 2
201 477
1 10 2
66 410
1 11 2
272 368
1 2 2
62 294
1 7 2
394 493
1 8 2
70 371
1 2 2
409 465
1 9 2
126 183
1 8 2
119 292
1 7 2
100 436
1 12 2
219 491
1 2 2
79 131
1 13 2
34 477
1 10 2
203 491
1 7 2
406 491
1 6 2
335 473
1 14 2
170 313
1 9 2
89 130
1 13 2
282 427
1 12 2
202 479
1 15 2
338 465
1 14 2
20 495
1 14 2
129 314
1 7 2
371 401
1 15 2
155 158
1 2 2
262 284
1 10 2
324 465
1 8 2
402 441
1 10 2
4 470
1 13 2
261 350
1 4 2
48 243
1 4 2
54 312
1 11 2
267 276
1 9 2
419 429
1 12 2
47 127
1 11 2
122 156
1 11 2
257 270
1 15 2
12 355
1 2 2
414 492
1 10 2
86 355
1 9 2
310 346
1 15 2
218 274
1 9 2
115 423
1 10 2
12 59
1 7 2
124 276
1 8 2
40 341
1 2 2
26 200
1 2 2
352 360
1 11 2
94 136
1 8 2
340 411
1 8 2
138 155
1 3 2
141 201
1 14 2
33 106
1 12 2
85 488
1 14 2
41 203
1 15 2
180 205
1 12 2
144 344
1 14 2
153 321
1 13 2
175 192
1 15 2
116 310
1 11 2
276 277
1 9 2
175 216
1 3 2
20 364
1 13 2
36 106
1 10 2
242 358
1 14 2
347 495
1 7 2
0 200
1 3 2
57 236
1 2 2
19 93
1 6 2
245 340
1 6 2
38 211
1 12 2
69 364
1 12 2
265 296
1 4 2
39 280
1 2 2
170 216
1 3 2
18 36
1 8 2
27 428
1 6 2
67 335
1 7 2
86 382
1 6 2
11 18
1 4 2
185 194
1 5 2
220 398
1 4 2
161 202
1 7 2
181 331
1 8 2
239 375
1 14 2
73 393
1 7 2
74 120
1 13 2
222 300
1 10 2
349 423
1 15 2
408 486
1 15 2
22 88
1 12 2
113 441
1 10 2
76 412
1 12 2
244 472
1 3 2
413 430
1 15 2
39 114
1 5 2
67 323
1 6 2
51 147
1 14 2
41 182
1 8 2
391 485
1 12 2
7 371
1 3 2
320 399
1 6 2
67 365
1 9 2
315 457
1 2 2
191 223
1 4 2
208 414
1 12 2
21 405
1 5 2
29 242
1 2 2
85 397
1 14 2
170 334
1 9 2
187 465
1 5 2
256 491
1 6 2
143 165
1 12 2
161 391
1 5 2
408 453
1 2 2
82 314
1 8 2
231 463
1 6 2
191 445
1 15 2
0 70
1 13 2
149 499
1 4 2
95 313
1 11 2
456 493
1 4 2
289 304
1 2 2
229 350
1 11 2
147 299
1 3 2
235 351
1 13 2
371 446
1 12 2
88 109
1 3 2
206 300
1 6 2
32 265
1 10 2
73 423
1 14 2
174 403
1 6 2
115 387
1 3 2
76 442
1 3 2
341 457
1 5 2
333 400
1 14 2
88 186
1 6 2
21 341
1 10 2
422 473
1 6 2
90 181
1 9 2
121 132
1 9 2
150 268
1 6 2
52 215
1 12 2
210 467
1 14 2
4 493
1 5 2
284 404
1 4 2
236 466
1 3 2
22 284
1 14 2
241 340
1 6 2
242 445
1 13 2
81 481
1 8 2
171 222
1 10 2
16 449
1 9 2
233 442
1 15 2
91 327
1 15 2
105 324
1 4 2
79 100
1 8 2
95 122
1 7 2
156 229
1 5 2
167 473
1 13 2
262 365
1 10 2
221 355
1 2 2
306 419
1 2 2
120 165
1 5 2
315 415
1 11 2
183 455
1 2 2
73 385
1 15 2
122 465
1 10 2
149 483
1 15 2
158 353
1 2 2
153 363
1 8 2
408 454
1 7 2
392 470
1 13 2
105 274
1 5 2
141 166
1 3 2
57 196
1 6 2
310 313
1 3 2
303 375
1 7 2
92 279
1 6 2
287 363
1 9 2
247 446
1 6 2
83 434
1 6 2
55 219
1 6 2
66 206
1 14 2
48 258
1 12 2
354 443
1 8 2
106 143
1 11 2
133 255
1 3 2
322 356
1 3 2
175 245
1 3 2
16 271
1 12 2
44 122
1 2 2
2 55
1 5 2
178 457
1 11 2
25 60
1 14 2
129 284
1 13 2
64 213
1 15 2
233 250
1 10 2
66 392
1 6 2
53 398
1 12 2
200 237
1 9 2
172 261
1 6 2
374 484
1 8 2
50 205
1 2 2
129 415
1 8 2
282 484
1 7 2
186 447
1 8 2
182 458
1 11 2
39 117
1 13 2
286 337
1 9 2
75 386
1 6 2
93 220
1 7 2
133 298
1 8 2
107 357
1 9 2
108 260
1 8 2
8 225
1 13 2
225 345
1 15 2
68 136
1 2 2
440 492
1 14 2
218 490
1 6 2
18 72
1 10 2
145 184
1 15 2
69 377
1 15 2
209 344
1 3 2
20 85
1 15 2
217 452
1 12 2
162 223
1 12 2
153 367
1 10 2
74 433
1 15 2
100 266
1 14 2
334 414
1 12 2
431 496
1 14 2
146 425
1 8 2
121 369
1 13 2
215 494
1 2 2
252 328
1 2 2
320 408
1 7 2
363 481
1 9 2
115 361
1 13 2
208 402
1 4 2
25 106
1 6 2
368 484
1 13 2
382 410
1 11 2
142 186
1 11 2
217 453
1 12 2
80 236
1 7 2
131 250
1 4 2
295 361
1 12 2
7 447
1 7 2
371 419
1 11 2
186 332
1 11 2
182 251
1 3 2
263 270
1 9 2
300 343
1 2 2
144 304
1 6 2
34 116
1 3 2
108 200
1 11 2
118 166
1 8 2
29 335
1 7 2
173 378
1 11 2
14 280
1 5 2
358 363
1 2 2
55 242
1 10 2
59 250
1 2 2
330 386
1 5 2
362 383
1 8 2
0 381
1 13 2
27 48
1 14 2
252 400
1 2 2
129 159
1 9 2
5 145
1 14 2
57 230
1 8 2
170 361
1 2 2
304 423
1 4 2
66 445
1 12 2
61 136
1 2 2
199 201
1 3 2
144 407
1 2 2
28 410
1 4 2
11 443
1 4 2
45 184
1 14 2
17 434
1 14 2
60 154
1 8 2
196 417
1 5 2
102 303
1 6 2
130 396
1 6 2
138 241
1 9 2
2 231
1 14 2
63 130
1 10 2
162 165
1 5 2
462 481
1 8 2
367 369
1 5 2
116 218
1 6 2
36 70
1 13 2
57 490
1 15 2
201 312
1 4 2
461 470
1 3 2
396 427
1 15 2
11 361
1 12 2
157 293
1 9 2
76 308
1 7 2
39 121
1 5 2
34 103
1 5 2
282 396
1 11 2
328 411
1 4 2
86 216
1 10 2
168 361
1 4 2
118 396
1 9 2
53 427
1 3 2
52 233
1 3 2
9 246
1 4 2
212 396
1 3 2
175 349
1 9 2
146 279
1 14 2
233 425
1 3 2
391 392
1 9 2
264 330
1 6 2
98 109
1 11 2
375 440
1 13 2
134 238
1 9 2
18 82
1 6 2
33 130
1 7 2
190 336
1 14 2
100 410
1 12 2
200 360
1 15 2
140 476
1 2 2
168 311
1 4 2
105 482
1 6 2
161 218
1 3 2
32 273
1 5 2
78 341
1 2 2
60 246
1 5 2
38 449
1 13 2
433 494
1 3 2
70 450
1 3 2
283 435
1 7 2
7 367
1 3 2
208 465
1 4 2
216 481
1 11 2
31 133
1 13 2
7 165
1 8 2
33 475
1 2 2
198 245
1 5 2
305 433
1 11 2
28 115
1 7 2
297 484
1 4 2
254 336
1 11 2
419 437
1 4 2
332 485
1 4 2
136 269
1 5 2
98 121
1 8 2
134 146
1 2 2
387 446
1 6 2
285 409
1 14 2
259 266
1 7 2
313 471
1 8 2
38 334
1 11 2
328 414
1 14 2
489 494
1 6 2
37 338
1 10 2
357 442
1 15 2
248 450
1 5 2
163 272
1 11 2
23 411
1 15 2
100 400
1 3 2
359 451
1 6 2
178 252
1 10 2
103 389
1 11 2
173 215
1 15 2
67 211
1 7 2
190 325
1 15 2
50 295
1 8 2
195 423
1 12 2
258 324
1 7 2
317 435
1 14 2
82 181
1 14 2
322 469
1 9 2
66 371
1 14 2
281 471
1 10 2
131 429
1 11 2
141 408
1 11 2
94 143
1 8 2
138 424
1 14 2
323 489
1 8 2
226 377
1 8 2
294 441
1 2 2
108 382
1 14 2
245 383
1 8 2
179 405
1 2 2
201 357
1 5 2
23 116
1 4 2
360 487
1 3 2
394 453
1 9 2
79 202
1 6 2
144 182
1 2 2
99 190
1 8 2
370 439
1 10 2
240 379
1 14 2
48 174
1 9 2
175 352
1 2 2
107 290
1 11 2
418 480
1 14 2
196 213
1 15 2
50 370
1 7 2
146 296
1 3 2
144 176
1 5 2
156 463
1 2 2
22 273
1 8 2
36 109
1 7 2
19 204
1 8 2
253 499
1 2 2
259 384
1 7 2
157 480
1 5 2
53 368
1 7 2
387 475
1 9 2
60 223
1 4 2
70 412
1 10 2
249 486
1 8 2
57 65
1 6 2
120 179
1 5 2
64 405
1 8 2
229 402
1 9 2
27 126
1 14 2
211 346
1 2 2
69 348
1 14 2
84 328
1 14 2
452 476
1 15 2
14 31
1 15 2
3 190
1 14 2
48 212
1 11 2
80 328
1 2 2
34 49
1 12 2
202 458
1 14 2
165 498
1 6 2
255 472
1 11 2
409 485
1 3 2
101 396
1 3 2
319 494
1 10 2
175 280
1 5 2
340 410
1 13 2
273 449
1 4 2
84 479
1 5 2
41 462
1 8 2
16 28
1 7 2
335 354
1 2 2
112 174
1 15 2
58 251
1 15 2
81 296
1 14 2
137 454
1 6 2
116 494
1 5 2
336 404
1 5 2
42 491
1 10 2
10 103
1 10 2
255 499
1 8 2
215 326
1 10 2
298 357
1 8 2
333 480
1 2 2
148 202
1 9 2
62 196
1 14 2
96 244
1 10 2
92 235
1 10 2
134 412
1 4 2
63 312
1 6 2
75 171
1 2 2
15 282
1 13 2
114 238
1 3 2
124 210
1 14 2
169 494
1 7 2
188 313
1 3 2
238 286
1 15 2
84 151
1 8 2
59 153
1 13 2
301 430
1 15 2
237 399
1 13 2
32 133
1 9 2
97 261
1 4 2
139 446
1 4 2
407 444
1 12 2
102 415
1 4 2
42 140
1 15 2
141 367
1 8 2
226 311
1 3 2
69 139
1 7 2
21 367
1 6 2
49 257
1 5 2
347 437
1 4 2
311 417
1 4 2
132 272
1 13 2
146 478
1 3 2
163 352
1 4 2
23 144
1 6 2
94 269
1 4 2
56 124
1 6 2
76 103
1 11 2
259 491
1 15 2
44 462
1 14 2
11 127
1 2 2
204 375
1 6 2
268 370
1 14 2
180 462
1 7 2
330 444
1 12 2
37 490
1 6 2
5 314
1 7 2
9 431
1 7 2
36 95
1 10 2
151 391
1 11 2
330 397
1 13 2
26 262
1 7 2
45 157
1 3 2
54 485
1 14 2
292 479
1 11 2
115 471
1 8 2
72 157
1 15 2
345 361
1 13 2
152 447
1 6 2
66 466
1 4 2
110 272
1 8 2
205 364
1 12 2
214 370
1 6 2
60 385
1 10 2
196 370
1 9 2
231 280
1 9 2
203 448
1 13 2
113 445
1 15 2
375 392
1 8 2
235 356
1 4 2
67 457
1 7 2
134 330
1 12 2
240 366
1 15 2
236 290
1 12 2
0 422
1 5 2
343 445
1 12 2
25 216
1 2 2
159 449
1 5 2
84 315
1 5 2
81 124
1 14 2
28 99
1 4 2
283 419
1 7 2
178 339
1 3 2
208 473
1 8 2
155 276
1 3 2
332 491
1 11 2
9 64
1 13 2
130 147
1 3 2
191 407
1 9 2
66 372
1 7 2
194 396
1 13 2
378 440
1 15 2
323 496
1 5 2
259 264
1 3 2
1 371
1 15 2
135 231
1 14 2
172 187
1 12 2
125 348
1 2 2
482 493
1 8 2
162 331
1 11 2
89 133
1 11 2
73 459
1 11 2
90 348
1 13 2
401 461
1 9 2
167 273
1 14 2
162 489
1 14 2
17 437
1 4 2
6 330
1 13 2
402 466
1 15 2
134 169
1 9 2
30 176
1 10 2
12 69
1 2 2
176 213
1 13 2
254 418
1 10 2
51 477
1 12 2
15 124
1 2 2
257 273
1 4 2
195 213
1 10 2
197 481
1 7 2
39 266
1 3 2
23 143
1 14 2
313 482
1 5 2
20 249
1 9 2
344 352
1 3 2
29 460
1 10 2
180 263
1 7 2
156 427
1 9 2
268 319
1 12 2
155 416
1 6 2
137 453
1 11 2
37 479
1 12 2
228 447
1 9 2
152 324
1 6 2
352 391
1 10 2
372 460
1 5 2
290 400
1 11 2
50 275
1 11 2
67 360
1 7 2
10 364
1 8 2
48 291
1 7 2
378 495
1 7 2
138 322
1 5 2
46 447
1 11 2
210 342
1 3 2
446 470
1 12 2
322 491
1 9 2
38 496
1 11 2
66 157
1 4 2
215 376
1 2 2
6 289
1 12 2
408 420
1 3 2
449 485
1 7 2
247 498
1 15 2
152 443
1 8 2
88 399
1 14 2
125 427
1 7 2
386 487
1 2 2
81 294
1 6 2
180 200
1 14 2
239 439
1 3 2
84 230
1 9 2
114 117
1 5 2
139 236
1 10 2
265 352
1 13 2
139 353
1 14 2
299 321
1 2 2
100 473
1 13 2
128 332
1 12 2
31 380
1 11 2
253 477
1 10 2
280 371
1 11 2
208 449
1 12 2
31 79
1 10 2
182 193
1 13 2
101 361
1 8 2
85 353
1 7 2
82 456
1 10 2
9 334
1 12 2
221 285
1 10 2
321 382
1 2 2
10 427
1 5 2
89 328
1 7 2
187 339
1 4 2
275 371
1 5 2
166 229
1 12 2
115 137
1 2 2
380 452
1 13 2
54 151
1 9 2
4 475
1 3 2
290 464
1 11 2
87 463
1 8 2
62 376
1 2 2
28 49
1 11 2
114 337
1 4 2
175 253
1 14 2
311 317
1 7 2
77 368
1 13 2
421 474
1 15 2
26 57
1 6 2
170 437
1 3 2
109 209
1 5 2
222 401
1 4 2
478 499
1 4 2
109 233
1 10 2
2 203
1 9 2
164 422
1 6 2
40 377
1 8 2
76 248
1 6 2
289 386
1 8 2
36 158
1 6 2
332 497
1 9 2
264 414
1 6 2
45 195
1 11 2
422 434
1 4 2
137 402
1 15 2
193 273
1 7 2
265 422
1 4 2
333 496
1 6 2
227 415
1 14 2
18 363
1 11 2
89 365
1 4 2
137 409
1 13 2
41 70
1 11 2
20 214
1 7 2
211 486
1 2 2
270 470
1 3 2
84 166
1 4 2
229 406
1 9 2
455 490
1 9 2
65 486
1 5 2
201 409
1 6 2
89 312
1 4 2
385 463
1 3 2
129 304
1 7 2
129 204
1 4 2
267 308
1 3 2
175 199
1 8 2
289 361
1 3 2
397 403
1 8 2
243 421
1 5 2
95 355
1 3 2
283 371
1 2 2
383 403
1 6 2
314 341
1 2 2
109 257
1 12 2
13 310
1 14 2
133 279
1 13 2
235 263
1 5 2
3 435
1 13 2
241 413
1 5 2
188 428
1 13 2
6 123
1 15 2
357 398
1 8 2
399 434
1 10 2
175 241
1 15 2
139 350
1 6 2
75 215
1 12 2
61 405
1 9 2
34 492
1 8 2
171 277
1 3 2
244 458
1 4 2
244 408
1 14 2
182 350
1 10 2
8 94
1 4 2
228 302
1 9 2
19 250
1 5 2
17 361
1 14 2
261 318
1 5 2
252 361
1 5 2
284 411
1 14 2
351 391
1 12 2
312 402
1 3 2
39 392
1 11 2
369 433
1 13 2
296 440
1 3 2
122 235
1 5 2
135 480
1 11 2
50 402
1 8 2
303 467
1 15 2
187 223
1 9 2
338 369
1 9 2
41 449
1 14 2
135 185
1 10 2
156 374
1 3 2
60 221
1 12 2
244 316
1 6 2
29 50
1 13 2
117 350
1 11 2
229 483
1 8 2
340 407
1 7 2
56 365
1 14 2
364 418
1 4 2
406 462
1 4 2
229 421
1 15 2
243 426
1 12 2
448 463
1 6 2
31 165
1 6 2
275 403
1 10 2
131 365
1 7 2
1 124
1 11 2
292 355
1 3 2
147 351
1 8 2
48 147
1 10 2
214 365
1 4 2
69 123
1 12 2
285 326
1 13 2
134 492
1 13 2
447 498
1 9 2
214 255
1 12 2
281 409
1 8 2
415 447
1 2 2
262 380
1 9 2
110 452
1 15 2
35 347
1 14 2
295 341
1 12 2
67 149
1 4 2
113 286
1 7 2
120 384
1 6 2
271 440
1 15 2
23 440
1 11 2
379 492
1 8 2
106 141
1 3 2
159 274
1 8 2
154 266
1 5 2
165 351
1 5 2
316 447
1 2 2
62 398
1 2 2
261 323
1 5 2
241 434
1 9 2
177 391
1 6 2
147 341
1 11 2
200 408
1 4 2
111 165
1 3 2
78 306
1 15 2
59 476
1 8 2
89 409
1 9 2
256 482
1 14 2
277 399
1 12 2
109 228
1 11 2
239 240
1 6 2
185 331
1 5 2
343 452
1 7 2
1 170
1 4 2
16 495
1 3 2
356 457
1 5 2
21 301
1 13 2
0 462
1 14 2
90 375
1 9 2
168 238
1 6 2
221 465
1 11 2
139 218
1 5 2
157 455
1 13 2
252 342
1 5 2
180 451
1 14 2
40 330
1 12 2
103 450
1 7 2
240 313
1 13 2
156 327
1 10 2
147 230
1 3 2
11 311
1 13 2
336 485
1 12 2
69 368
1 6 2
419 456
1 8 2
189 190
1 14 2
149 278
1 11 2
104 464
1 13 2
255 394
1 11 2
24 494
1 13 2
9 299
1 5 2
94 286
1 7 2
196 385
1 7 2
201 280
1 2 2
173 397
1 12 2
144 305
1 5 2
377 481
1 5 2
5 27
1 3 2
41 437
1 7 2
143 301
1 2 2
204 235
1 2 2
61 114
1 11 2
8 288
1 10 2
200 474
1 4 2
212 415
1 14 2
350 411
1 7 2
17 295
1 2 2
148 152
1 4 2
146 379
1 3 2
104 421
1 5 2
16 175
1 3 2
174 233
1 14 2
250 448
1 12 2
50 440
1 14 2
144 390
1 13 2
19 75
1 15 2
335 440
1 9 2
155 311
1 10 2
92 111
1 11 2
208 252
1 3 2
142 153
1 4 2
137 239
1 7 2
37 416
1 6 2
63 124
1 5 2
58 388
1 3 2
117 220
1 10 2
18 30
1 13 2
118 170
1 14 2
66 229
1 12 2
246 343
1 13 2
63 116
1 15 2
208 448
1 13 2
337 349
1 3 2
287 360
1 6 2
154 155
1 6 2
412 430
1 6 2
53 109
1 11 2
324 461
1 4 2
62 414
1 6 2
97 378
1 13 2
33 338
1 14 2
273 324
1 10 2
9 289
1 3 2
61 273
1 10 2
60 474
1 13 2
190 436
1 12 2
266 408
1 6 2
212 239
1 8 2
95 296
1 6 2
286 436
1 7 2
32 428
1 14 2
385 407
1 8 2
221 488
1 4 2
373 448
1 12 2
78 234
1 11 2
83 104
1 10 2
277 337
1 8 2
256 367
1 15 2
88 297
1 8 2
86 453
1 11 2
189 482
1 2 2
23 357
1 12 2
183 312
1 3 2
147 420
1 12 2
284 454
1 3 2
219 402
1 2 2
135 493
1 10 2
376 409
1 2 2
65 432
1 13 2
376 464
1 11 2
227 420
1 4 2
99 372
1 13 2
14 111
1 11 2
114 251
1 11 2
106 305
1 5 2
63 70
1 7 2
169 216
1 5 2
131 314
1 11 2
109 472
1 6 2
99 113
1 2 2
112 346
1 5 2
342 482
1 3 2
318 445
1 7 2
258 448
1 13 2
159 326
1 11 2
100 347
1 2 2
6 282
1 15 2
42 237
1 9 2
31 268
1 15 2
273 329
1 8 2
117 125
1 11 2
215 445
1 10 2
22 471
1 15 2
173 437
1 6 2
134 468
1 14 2
322 490
1 8 2
185 310
1 10 2
355 376
1 15 2
67 68
1 13 2
75 150
1 14 2
195 494
1 9 2
8 482
1 3 2
143 349
1 9 2
232 378
1 8 2
113 424
1 14 2
108 449
1 5 2
40 391
1 3 2
255 467
1 7 2
248 269
1 7 2
135 449
1 14 2
257 298
1 10 2
98 375
1 3 2
164 338
1 4 2
308 350
1 13 2
319 457
1 4 2
54 307
1 3 2
43 104
1 10 2
53 400
1 10 2
121 317
1 6 2
342 384
1 12 2
37 178
1 6 2
440 491
1 2 2
195 418
1 11 2
324 354
1 12 2
85 151
1 15 2
73 280
1 14 2
151 206
1 9 2
345 462
1 6 2
68 248
1 8 2
108 378
1 2 2
476 477
1 14 2
219 441
1 12 2
294 367
1 7 2
199 329
1 8 2
24 135
1 8 2
32 85
1 10 2
382 422
1 8 2
192 234
1 7 2
59 261
1 7 2
74 262
1 2 2
37 377
1 9 2
148 301
1 6 2
70 204
1 4 2
6 121
1 10 2
17 134
1 13 2
73 327
1 3 2
182 464
1 9 2
63 321
1 2 2
232 239
1 7 2
4 419
1 3 2
307 464
1 11 2
16 86
1 8 2
153 273
1 5 2
186 306
1 14 2
174 413
1 11 2
44 452
1 10 2
439 467
1 4 2
113 203
1 3 2
335 461
1 4 2
149 344
1 4 2
114 287
1 13 2
211 366
1 14 2
222 427
1 12 2
83 269
1 4 2
237 337
1 11 2
128 330
1 11 2
58 326
1 10 2
93 338
1 12 2
104 258
1 11 2
2 204
1 11 2
254 291
1 12 2
393 474
1 3 2
118 424
1 13 2
17 373
1 2 2
320 323
1 8 2
47 220
1 6 2
108 470
1 8 2
46 85
1 12 2
281 345
1 7 2
198 242
1 5 2
172 276
1 11 2
67 177
1 12 2
102 344
1 11 2
42 187
1 11 2
191 455
1 14 2
229 377
1 15 2
275 429
1 5 2
14 272
1 14 2
346 492
1 13 2
57 343
1 12 2
161 423
1 8 2
376 481
1 11 2
101 128
1 15 2
227 421
1 2 2
294 391
1 11 2
390 391
1 12 2
207 301
1 12 2
238 313
1 15 2
138 494
1 8 2
86 210
1 15 2
5 169
1 15 2
444 457
1 8 2
200 402
1 11 2
298 484
1 15 2
85 161
1 3 2
65 335
1 12 2
204 271
1 7 2
104 320
1 4 2
123 316
1 11 2
18 78
1 4 2
132 284
1 7 2
178 343
1 7 2
203 270
1 12 2
191 265
1 5 2
451 466
1 13 2
85 224
1 8 2
105 319
1 7 2
72 378
1 6 2
219 314
1 11 2
16 477
1 5 2
307 466
1 7 2
22 275
1 7 2
108 406
1 10 2
30 452
1 3 2
72 169
1 4 2
154 329
1 3 2
104 226
1 14 2
425 499
1 9 2
347 472
1 6 2
6 324
1 15 2
307 444
1 8 2
62 486
1 9 2
209 306
1 5 2
98 105
1 5 2
14 258
1 7 2
122 339
1 13 2
65 473
1 5 2
362 464
1 8 2
175 426
1 3 2
191 311
1 2 2
240 295
1 5 2
97 370
1 9 2
185 378
1 5 2
69 278
1 9 2
34 152
1 14 2
452 491
1 12 2
292 301
1 10 2
450 488
1 15 2
295 445
1 8 2
92 327
1 13 2
49 217
1 5 2
141 455
1 5 2
174 396
1 6 2
194 302
1 14 2
222 362
1 7 2
438 493
1 6 2
134 398
1 14 2
458 481
1 13 2
153 259
1 15 2
420 470
1 11 2
206 371
1 6 2
131 318
1 11 2
43 140
1 14 2
95 364
1 3 2
112 499
1 4 2
107 172
1 5 2
220 247
1 6 2
173 180
1 14 2
119 217
1 12 2
28 252
1 4 2
114 170
1 9 2
168 244
1 15 2
20 421
1 11 2
227 474
1 8 2
297 450
1 6 2
147 260
1 14 2
284 468
1 8 2
327 359
1 4 2
5 451
1 7 2
134 341
1 10 2
288 468
1 4 2
190 469
1 3 2
124 290
1 3 2
369 498
1 5 2
166 208
1 15 2
286 369
1 13 2
320 380
1 6 2
487 494
1 5 2
349 430
1 11 2
141 158
1 15 2
286 452
1 6 2
21 246
1 8 2
231 333
1 5 2
215 237
1 2 2
85 374
1 9 2
374 409
1 5 2
96 290
1 4 2
278 335
1 6 2
459 477
1 7 2
321 381
1 13 2
58 272
1 7 2
89 272
1 8 2
74 195
1 8 2
77 245
1 13 2
306 406
1 12 2
422 475
1 6 2
270 359
1 4 2
450 499
1 10 2
13 229
1 15 2
280 474
1 12 2
261 433
1 15 2
219 407
1 5 2
26 263
1 5 2
9 149
1 10 2
226 402
1 7 2
143 295
1 10 2
122 334
1 9 2
239 396
1 13 2
28 330
1 4 2
198 323
1 6 2
361 470
1 12 2
172 322
1 2 2
133 302
1 13 2
220 344
1 13 2
119 352
1 10 2
434 437
1 3 2
9 351
1 10 2
172 228
1 15 2
143 313
1 6 2
17 379
1 9 2
103 328
1 10 2
246 365
1 13 2
244 480
1 6 2
37 219
1 6 2
167 283
1 14 2
87 297
1 15 2
64 93
1 12 2
279 431
1 7 2
307 338
1 5 2
122 424
1 8 2
263 388
1 3 2
127 227
1 10 2
3 91
1 15 2
246 454
1 15 2
104 406
1 7 2
145 492
1 14 2
206 286
1 9 2
257 360
1 10 2
292 452
1 10 2
199 210
1 11 2
389 488
1 15 2
28 162
1 10 2
20 175
1 2 2
18 75
1 10 2
176 433
1 15 2
64 362
1 2 2
132 351
1 11 2
305 465
1 12 2
82 425
1 9 2
41 103
1 15 2
188 240
1 5 2
178 209
1 8 2
8 125
1 12 2
235 274
1 10 2
233 396
1 12 2
87 198
1 3 2
54 442
1 2 2
98 116
1 7 2
339 453
1 2 2
96 114
1 7 2
269 428
1 5 2
236 388
1 2 2
14 57
1 14 2
253 446
1 3 2
89 285
1 13 2
168 477
1 5 2
444 450
1 3 2
227 395
1 3 2
165 301
1 8 2
311 360
1 5 2
67 265
1 2 2
118 477
1 9 2
241 332
1 6 2
34 429
1 3 2
320 332
1 10 2
48 216
1 12 2
298 377
1 13 2
44 225
1 7 2
256 435
1 14 2
187 251
1 12 2
279 470
1 3 2
63 458
1 7 2
316 363
1 10 2
319 380
1 5 2
93 213
1 12 2
114 334
1 6 2
1 498
1 11 2
295 400
1 7 2
251 441
1 12 2
385 439
1 9 2
214 410
1 4 2
241 373
1 15 2
257 263
1 11 2
338 374
1 4 2
40 324
1 11 2
181 232
1 8 2
251 377
1 10 2
77 493
1 5 2
33 90
1 14 2
101 235
1 5 2
76 120
1 2 2
324 474
1 5 2
82 313
1 6 2
209 411
1 7 2
106 496
1 15 2
48 131
1 2 2
10 76
1 10 2
36 379
1 4 2
126 317
1 10 2
123 295
1 2 2
129 276
1 8 2
271 343
1 9 2
367 493
1 13 2
148 151
1 12 2
275 499
1 12 2
105 172
1 4 2
228 387
1 4 2
17 397
1 4 2
3 244
1 9 2
57 299
1 15 2
240 466
1 10 2
35 99
1 2 2
61 418
1 2 2
4 139
1 14 2
32 303
1 5 2
215 467
1 3 2
354 465
1 7 2
219 481
1 15 2
31 129
1 2 2
228 379
1 4 2
41 440
1 2 2
382 472
1 2 2
281 473
1 9 2
210 285
1 8 2
212 480
1 5 2
131 352
1 14 2
321 360
1 10 2
170 419
1 5 2
233 455
1 12 2
58 184
1 2 2
117 282
1 14 2
30 247
1 10 2
162 337
1 13 2
65 241
1 15 2
303 348
1 13 2
11 357
1 14 2
87 115
1 10 2
241 288
1 13 2
35 273
1 15 2
85 202
1 12 2
400 476
1 13 2
95 280
1 11 2
209 423
1 6 2
166 243
1 8 2
62 222
1 9 2
49 147
1 11 2
186 486
1 12 2
176 473
1 9 2
211 408
1 13 2
180 304
1 15 2
95 186
1 4 2
240 340
1 4 2
95 475
1 14 2
205 328
1 13 2
218 470
1 5 2
60 153
1 15 2
223 320
1 10 2
191 470
1 7 2
219 296
1 3 2
60 409
1 13 2
51 96
1 5 2
387 493
1 3 2
72 282
1 10 2
29 268
1 8 2
46 167
1 10 2
197 230
1 9 2
174 301
1 7 2
35 157
1 12 2
368 392
1 11 2
178 241
1 11 2
133 210
1 12 2
241 342
1 11 2
317 392
1 4 2
419 462
1 13 2
356 422
1 6 2
379 459
1 5 2
216 487
1 2 2
66 219
1 10 2
100 435
1 4 2
17 269
1 3 2
412 454
1 6 2
117 398
1 3 2
85 219
1 3 2
228 309
1 6 2
451 458
1 7 2
103 399
1 12 2
154 401
1 10 2
51 61
1 3 2
50 203
1 2 2
109 430
1 14 2
404 499
1 8 2
154 367
1 4 2
221 351
1 9 2
301 382
1 2 2
445 460
1 11 2
176 187
1 9 2
37 54
1 3 2
124 258
1 12 2
106 249
1 3 2
33 452
1 8 2
3 372
1 6 2
236 257
1 12 2
149 156
1 14 2
50 289
1 6 2
141 438
1 14 2
155 432
1 6 2
439 472
1 9 2
16 278
1 6 2
99 228
1 14 2
301 329
1 12 2
7 14
1 7 2
78 220
1 13 2
392 437
1 2 2
50 59
1 14 2
131 357
1 5 2
190 291
1 11 2
316 353
1 2 2
233 469
1 3 2
27 150
1 11 2
154 250
1 13 2
303 312
1 15 2
252 491
1 9 2
8 108
1 14 2
65 296
1 9 2
457 484
1 12 2
349 397
1 3 2
184 384
1 8 2
90 249
1 10 2
130 344
1 11 2
413 485
1 7 2
113 218
1 9 2
50 169
1 8 2
233 298
1 4 2
107 424
1 8 2
201 324
1 10 2
234 400
1 13 2
157 385
1 4 2
214 455
1 13 2
25 449
1 7 2
114 121
1 11 2
22 260
1 7 2
315 328
1 13 2
244 275
1 15 2
131 447
1 3 2
106 364
1 12 2
121 131
1 13 2
79 376
1 6 2
261 338
1 15 2
143 231
1 8 2
81 190
1 14 2
77 426
1 7 2
67 341
1 9 2
73 226
1 7 2
133 383
1 8 2
130 200
1 13 2
11 490
1 15 2
75 158
1 13 2
124 253
1 9 2
13 246
1 6 2
381 474
1 12 2
350 377
1 3 2
362 389
1 14 2
388 436
1 6 2
149 289
1 10 2
227 245
1 4 2
199 457
1 10 2
356 420
1 9 2
242 488
1 12 2
91 146
1 4 2
48 251
1 15 2
387 402
1 2 2
156 496
1 6 2
94 238
1 4 2
69 396
1 2 2
376 417
1 12 2
20 312
1 5 2
111 374
1 4 2
64 74
1 3 2
166 454
1 14 2
183 343
1 7 2
6 482
1 12 2
232 311
1 15 2
96 336
1 5 2
102 279
1 15 2
295 350
1 15 2
311 444
1 9 2
306 458
1 4 2
286 377
1 14 2
214 238
1 10 2
148 307
1 4 2
41 359
1 5 2
88 409
1 15 2
239 464
1 13 2
330 494
1 12 2
186 452
1 2 2
383 407
1 12 2
337 441
1 15 2
169 480
1 5 2
392 461
1 6 2
207 318
1 6 2
135 222
1 4 2
46 437
1 5 2
390 429
1 8 2
205 214
1 8 2
203 424
1 3 2
186 428
1 12 2
42 242
1 3 2
128 358
1 8 2
28 237
1 5 2
167 261
1 7 2
38 199
1 3 2
308 336
1 5 2
275 433
1 7 2
206 497
1 14 2
21 244
1 18 2
344 376
1 11 2
71 451
1 27 2
121 372
1 26 2
173 230
1 26 2
19 473
1 20 2
123 150
1 19 2
287 484
1 9 2
165 269
1 15 2
218 454
1 22 2
28 102
1 15 2
24 477
1 27 2
8 403
1 15 2
20 118
1 20 2
84 462
1 17 2
87 479
1 23 2
133 170
1 11 2
181 383
1 24 2
190 318
1 7 2
315 364
1 17 2
374 438
1 7 2
90 301
1 14 2
351 353
1 12 2
11 431
1 15 2
35 200
1 18 2
69 225
1 26 2
12 58
1 17 2
87 287
1 16 2
66 204
1 14 2
131 312
1 20 2
108 201
1 11 2
272 318
1 14 2
126 258
1 22 2
204 497
1 10 2
70 391
1 20 2
37 106
1 29 2
145 325
1 16 2
287 337
1 10 2
90 239
1 21 2
123 184
1 19 2
247 255
1 26 2
121 282
1 21 2
54 314
