500 2980 2500
8 9 5 8 9 8 16 25 14 15 21 20 21 9 25 16 10 9 11 14 16 11 6 18 18 17 24 9 12 5 19 6 7 17 9 20 18 21 11 16 18 24 14 24 12 24 6 22 14 9 13 7 8 14 8 8 9 25 6 13 21 8 12 24 15 20 18 11 24 15 13 15 16 22 5 14 18 16 21 23 5 13 20 6 19 10 15 6 18 23 21 19 22 5 23 11 15 24 21 18 11 8 10 9 5 16 13 9 10 15 24 9 20 7 15 20 8 8 15 7 6 19 21 8 18 13 5 20 16 8 9 21 17 15 25 24 19 16 16 11 18 20 16 13 20 25 23 18 25 18 20 6 16 18 19 9 17 18 6 9 8 10 25 19 13 14 22 20 11 13 22 11 24 17 19 21 13 18 12 12 15 21 13 10 12 20 13 25 21 17 22 25 18 14 24 16 23 19 22 25 15 12 18 13 22 25 14 18 13 14 19 16 25 18 24 16 6 16 23 8 15 9 12 11 25 5 19 18 21 14 16 7 6 13 17 22 24 10 15 13 8 10 24 14 10 24 21 18 11 15 20 20 21 18 10 18 23 8 23 25 9 16 17 10 23 13 8 6 13 11 24 11 21 15 21 14 10 19 22 24 13 18 21 23 17 21 24 21 9 7 17 8 8 10 23 19 18 25 25 25 24 22 22 7 7 8 12 17 6 23 12 14 19 18 18 5 21 22 19 10 22 15 10 6 10 15 5 16 7 19 24 13 23 9 11 24 9 7 14 25 25 14 6 24 6 5 17 9 9 12 10 20 14 17 13 13 5 9 6 23 15 7 20 12 19 21 5 22 20 7 20 15 5 11 15 23 6 25 19 11 24 10 15 6 13 18 25 25 14 14 25 10 14 21 23 13 15 10 24 8 24 21 23 25 7 12 19 8 17 6 7 11 10 15 8 13 8 6 21 22 13 12 24 24 23 20 24 19 6 24 10 24 25 10 11 23 25 18 22 5 14 18 9 24 21 23 23 24 13 21 21 14 15 8 15 18 13 17 8 14 21 22 16 17 5 12 13 11 14 12 13 12 5 13 19 11 25 19 21 6 13 21 13 5 17 23 7 8 14 21 6 5 5 10 5 20 23 20 8 14
3 16 10 11 20 10 9 5 19 11 4 16 6 16 3 10 5 20 19 8 16 11 20 16 17 9 19 18 3 14 7 10 9 5 20 16 7 18 16 4 9 8 14 9 12 19 10 16 20 4 6 4 13 20 4 6 3 7 6 19 20 15 4 3 16 13 3 15 6 18 17 6 19 13 11 20 18 19 5 19 11 12 17 12 18 14 7 14 3 16 7 20 4 13 18 11 19 9 17 19 6 7 8 14 3 12 9 20 3 16 20 5 13 15 4 8 20 5 6 16 5 9 10 19 17 8 8 10 8 9 18 11 18 14 7 15 3 16 16 15 3 4 10 19 15 19 10 8 13 14 6 9 16 13 10 5 20 3 7 13 17 16 13 19 12 12 4 16 15 15 4 11 8 10 20 4 8 7 10 9 9 19 7 20 16 15 11 15 20 11 9 8 15 18 18 20 16 10 9 17 12 12 15 7 3 4 10 15 16 11 16 20 15 11 15 19 8 9 6 14 5 18 19 8 18 10 18 19 6 15 13 9 7 14 9 15 6 12 3 4 19 4 13 4 16 19 10 17 9 15 4 13 14 5 8 6 16 6 12 4 15 4 13 9 15 15 5 13 5 15 6 17 13 14 8 12 3 15 16 5 3 12 5 13 20 17 14 14 18 3 11 8 4 16 20 11 7 3 7 12 15 13 6 15 10 16 3 13 6 5 4 19 9 6 9 19 14 11 18 8 4 14 8 12 14 8 20 10 8 20 17 20 8 4 16 19 19 3 4 18 8 9 17 10 6 16 5 10 14 15 14 9 8 7 12 20 7 3 6 19 4 5 15 3 7 19 19 15 17 17 14 6 3 4 16 5 15 11 4 9 14 14 8 7 15 15 15 3 20 11 5 7 5 12 9 3 8 10 9 16 6 16 6 10 15 16 19 3 7 20 20 10 12 7 12 8 6 19 14 4 18 6 16 17 9 17 20 5 13 14 8 4 8 6 10 3 20 8 7 15 16 6 20 8 13 9 14 15 14 14 17 13 11 13 17 5 7 4 12 6 15 15 19 12 5 4 11 18 13 9 8 16 3 10 18 19 16 14 6 15 10 14 17 18 3 12 7 3 17 19 10 19 12 7 12 3 11 8 5 12
1 15 2
55 250
1 3 2
38 378
1 2 2
66 215
1 2 2
267 387
1 10 2
43 412
1 10 2
195 449
1 5 2
333 335
1 13 2
78 86
1 11 2
276 281
1 6 2
251 439
1 3 2
334 476
1 12 2
212 277
1 2 2
227 282
1 14 2
1 341
1 14 2
27 144
1 15 2
460 479
1 12 2
98 277
1 11 2
399 442
1 15 2
20 341
1 10 2
74 434
1 11 2
88 125
1 7 2
76 316
1 12 2
28 230
1 4 2
105 320
1 3 2
282 351
1 4 2
5 17
1 12 2
197 296
1 2 2
197 367
1 4 2
199 434
1 9 2
87 260
1 12 2
162 185
1 9 2
303 368
1 5 2
218 397
1 5 2
271 441
1 15 2
77 486
1 10 2
65 263
1 15 2
214 438
1 7 2
120 140
1 11 2
364 447
1 8 2
175 288
1 5 2
98 385
1 10 2
21 179
1 4 2
106 150
1 15 2
203 454
1 3 2
30 312
1 13 2
375 394
1 4 2
100 384
1 3 2
203 428
1 4 2
199 453
1 9 2
296 390
1 10 2
384 471
1 6 2
207 328
1 10 2
281 465
1 15 2
224 329
1 13 2
383 413
1 8 2
305 427
1 5 2
204 459
1 5 2
6 339
1 11 2
410 494
1 15 2
63 348
1 7 2
6 371
1 2 2
407 463
1 9 2
291 415
1 9 2
188 356
1 7 2
162 225
1 9 2
111 407
1 9 2
282 461
1 7 2
7 129
1 2 2
23 238
1 12 2
168 225
1 3 2
1 56
1 6 2
46 82
1 15 2
111 449
1 5 2
146 170
1 6 2
73 250
1 3 2
70 357
1 12 2
5 249
1 10 2
154 313
1 10 2
180 452
1 14 2
194 404
1 14 2
366 415
1 8 2
12 326
1 12 2
55 327
1 11 2
139 363
1 4 2
211 259
1 6 2
160 313
1 12 2
259 323
1 12 2
196 487
1 11 2
29 307
1 2 2
9 283
1 5 2
326 487
1 10 2
251 294
1 12 2
71 155
1 7 2
11 271
1 5 2
100 137
1 11 2
69 345
1 11 2
56 135
1 12 2
89 97
1 4 2
227 484
1 14 2
124 430
1 6 2
397 466
1 5 2
142 475
1 10 2
214 253
1 15 2
45 218
1 5 2
165 228
1 10 2
13 133
1 10 2
373 497
1 15 2
386 489
1 5 2
98 242
1 7 2
160 428
1 11 2
1 93
1 10 2
155 272
1 7 2
161 487
1 3 2
107 234
1 2 2
348 401
1 13 2
9 82
1 6 2
30 267
1 10 2
218 324
1 6 2
371 392
1 8 2
5 26
1 12 2
199 345
1 13 2
90 327
1 10 2
310 313
1 15 2
199 448
1 10 2
41 233
1 8 2
108 241
1 14 2
138 426
1 12 2
404 430
1 12 2
95 236
1 13 2
350 411
1 8 2
256 359
1 5 2
96 297
1 14 2
238 400
1 12 2
101 132
1 3 2
109 368
1 3 2
68 388
1 9 2
10 250
1 10 2
27 363
1 9 2
67 130
1 9 2
143 478
1 11 2
471 473
1 11 2
57 239
1 13 2
127 265
1 3 2
3 154
1 12 2
247 433
1 15 2
90 385
1 13 2
117 344
1 4 2
227 382
1 5 2
242 499
1 7 2
29 334
1 6 2
136 217
1 13 2
101 115
1 7 2
316 375
1 9 2
107 118
1 12 2
172 233
1 3 2
224 334
1 9 2
128 366
1 4 2
288 309
1 12 2
168 388
1 3 2
192 381
1 10 2
232 289
1 5 2
64 73
1 12 2
223 336
1 13 2
288 490
1 11 2
47 405
1 9 2
53 418
1 4 2
313 401
1 4 2
25 248
1 6 2
338 490
1 5 2
282 365
1 15 2
227 462
1 5 2
132 391
1 11 2
55 412
1 9 2
242 276
1 6 2
58 390
1 9 2
53 267
1 13 2
173 260
1 10 2
29 463
1 14 2
115 146
1 4 2
7 10
1 7 2
220 492
1 12 2
118 308
1 10 2
322 477
1 14 2
224 254
1 5 2
274 283
1 7 2
139 348
1 11 2
203 287
1 8 2
67 225
1 10 2
242 364
1 4 2
385 426
1 8 2
259 439
1 4 2
400 477
1 4 2
264 398
1 11 2
91 387
1 4 2
138 261
1 10 2
16 461
1 4 2
136 455
1 5 2
49 120
1 12 2
15 190
1 13 2
84 212
1 11 2
83 86
1 9 2
357 461
1 2 2
83 222
1 7 2
302 465
1 6 2
247 401
1 2 2
160 170
1 5 2
130 131
1 2 2
305 412
1 15 2
67 134
1 11 2
148 348
1 4 2
331 474
1 14 2
111 124
1 13 2
277 285
1 14 2
6 372
1 15 2
36 357
1 5 2
71 141
1 7 2
144 203
1 12 2
2 131
1 11 2
154 234
1 5 2
32 474
1 3 2
48 238
1 4 2
236 242
1 2 2
193 390
1 13 2
205 463
1 5 2
253 394
1 15 2
8 317
1 9 2
136 335
1 14 2
43 93
1 13 2
230 304
1 9 2
339 350
1 15 2
286 382
1 12 2
92 370
1 6 2
290 295
1 2 2
192 348
1 8 2
187 244
1 3 2
127 410
1 3 2
224 488
1 8 2
0 394
1 12 2
36 56
1 8 2
337 378
1 13 2
53 279
1 5 2
184 224
1 14 2
246 264
1 11 2
183 369
1 6 2
94 405
1 14 2
157 275
1 7 2
89 350
1 13 2
372 388
1 15 2
479 488
1 11 2
69 90
1 12 2
84 146
1 14 2
11 162
1 11 2
244 349
1 3 2
47 255
1 13 2
207 359
1 6 2
156 416
1 12 2
401 476
1 2 2
113 190
1 8 2
111 450
1 10 2
174 282
1 8 2
82 435
1 2 2
309 351
1 4 2
242 431
1 3 2
171 409
1 4 2
142 216
1 5 2
0 234
1 10 2
93 417
1 4 2
455 463
1 5 2
31 173
1 15 2
39 279
1 4 2
13 161
1 4 2
302 340
1 2 2
63 409
1 3 2
150 344
1 10 2
238 422
1 14 2
81 84
1 3 2
323 396
1 6 2
91 141
1 15 2
40 107
1 14 2
100 421
1 2 2
287 347
1 10 2
59 162
1 11 2
269 365
1 11 2
11 145
1 6 2
4 145
1 5 2
393 399
1 9 2
123 315
1 9 2
30 132
1 9 2
238 276
1 5 2
199 293
1 4 2
166 186
1 4 2
108 228
1 8 2
162 186
1 9 2
162 242
1 7 2
388 430
1 3 2
150 270
1 14 2
26 326
1 5 2
8 42
1 10 2
241 450
1 7 2
32 196
1 10 2
323 440
1 13 2
81 87
1 12 2
13 28
1 9 2
39 302
1 2 2
126 351
1 8 2
233 467
1 8 2
22 23
1 4 2
207 271
1 6 2
196 310
1 12 2
104 257
1 8 2
489 498
1 6 2
268 272
1 12 2
54 499
1 14 2
144 344
1 7 2
123 492
1 12 2
426 427
1 8 2
325 405
1 10 2
26 183
1 14 2
87 160
1 2 2
234 456
1 6 2
139 336
1 10 2
387 412
1 5 2
123 233
1 5 2
85 481
1 7 2
161 455
1 2 2
299 450
1 11 2
290 337
1 15 2
431 484
1 2 2
3 220
1 14 2
43 161
1 4 2
15 104
1 3 2
402 408
1 8 2
78 390
1 9 2
131 235
1 5 2
306 491
1 2 2
243 287
1 11 2
354 361
1 4 2
152 464
1 4 2
34 409
1 9 2
34 410
1 15 2
119 193
1 14 2
12 401
1 12 2
17 245
1 2 2
5 131
1 7 2
90 181
1 8 2
323 453
1 15 2
181 445
1 9 2
141 242
1 7 2
17 333
1 8 2
38 92
1 11 2
40 480
1 5 2
176 207
1 7 2
37 241
1 5 2
27 397
1 8 2
124 233
1 15 2
3 216
1 11 2
209 411
1 7 2
404 419
1 3 2
67 400
1 4 2
200 209
1 9 2
240 284
1 12 2
58 463
1 12 2
239 460
1 11 2
7 145
1 12 2
47 100
1 13 2
99 260
1 15 2
189 408
1 12 2
4 382
1 12 2
214 255
1 10 2
196 201
1 10 2
9 389
1 7 2
317 436
1 13 2
384 402
1 6 2
321 495
1 6 2
84 189
1 5 2
320 386
1 12 2
71 176
1 5 2
173 398
1 10 2
340 445
1 14 2
194 369
1 12 2
146 361
1 14 2
76 432
1 8 2
12 227
1 2 2
137 444
1 3 2
70 308
1 7 2
67 319
1 3 2
90 180
1 5 2
71 360
1 15 2
56 384
1 8 2
147 280
1 3 2
89 423
1 4 2
24 307
1 8 2
6 429
1 12 2
149 291
1 13 2
193 479
1 7 2
187 369
1 2 2
208 401
1 2 2
191 495
1 6 2
161 339
1 7 2
87 262
1 4 2
75 402
1 8 2
384 409
1 10 2
266 270
1 4 2
252 418
1 12 2
40 404
1 11 2
34 134
1 15 2
172 218
1 14 2
284 396
1 13 2
112 444
1 7 2
7 191
1 3 2
113 164
1 15 2
161 294
1 5 2
36 283
1 3 2
12 236
1 14 2
49 313
1 13 2
55 124
1 14 2
190 386
1 2 2
16 98
1 11 2
370 455
1 6 2
28 325
1 13 2
279 289
1 12 2
154 241
1 12 2
106 152
1 6 2
236 323
1 4 2
19 432
1 7 2
142 311
1 14 2
72 120
1 5 2
312 466
1 14 2
234 260
1 11 2
90 495
1 5 2
343 404
1 14 2
38 125
1 13 2
171 427
1 4 2
251 474
1 7 2
63 342
1 11 2
228 337
1 10 2
230 329
1 12 2
146 458
1 5 2
0 463
1 9 2
144 488
1 13 2
29 319
1 7 2
96 269
1 12 2
110 315
1 13 2
356 491
1 2 2
119 272
1 5 2
2 388
1 9 2
75 166
1 15 2
98 107
1 13 2
130 314
1 2 2
1 82
1 4 2
57 434
1 3 2
62 223
1 5 2
92 491
1 10 2
201 227
1 4 2
219 462
1 9 2
63 434
1 8 2
308 429
1 4 2
4 204
1 14 2
219 396
1 2 2
317 364
1 5 2
362 376
1 8 2
29 92
1 9 2
237 331
1 3 2
229 388
1 2 2
46 158
1 8 2
88 144
1 3 2
10 457
1 4 2
47 368
1 8 2
135 306
1 10 2
62 217
1 2 2
170 470
1 9 2
110 456
1 7 2
41 87
1 2 2
125 181
1 10 2
186 272
1 8 2
254 332
1 5 2
110 361
1 14 2
64 70
1 3 2
115 198
1 6 2
112 301
1 10 2
26 355
1 2 2
60 195
1 10 2
246 398
1 11 2
410 467
1 14 2
53 487
1 8 2
99 312
1 4 2
185 313
1 3 2
98 227
1 6 2
176 308
1 7 2
71 140
1 10 2
260 402
1 11 2
375 430
1 12 2
211 291
1 2 2
286 425
1 3 2
29 215
1 7 2
51 177
1 5 2
153 486
1 6 2
193 353
1 13 2
189 475
1 5 2
184 350
1 6 2
138 152
1 3 2
184 476
1 9 2
341 404
1 13 2
51 306
1 3 2
259 472
1 2 2
204 305
1 7 2
21 381
1 14 2
258 328
1 2 2
86 108
1 3 2
158 485
1 10 2
144 371
1 15 2
240 252
1 6 2
79 321
1 11 2
272 448
1 11 2
252 302
1 10 2
55 345
1 14 2
189 201
1 6 2
34 283
1 6 2
38 122
1 12 2
40 356
1 8 2
1 257
1 11 2
154 213
1 3 2
49 99
1 7 2
308 310
1 6 2
28 250
1 10 2
341 370
1 13 2
113 343
1 14 2
8 495
1 15 2
78 324
1 14 2
268 353
1 13 2
316 489
1 9 2
27 225
1 3 2
225 495
1 2 2
429 476
1 14 2
9 24
1 11 2
218 413
1 4 2
173 226
1 13 2
48 83
1 5 2
67 281
1 2 2
176 363
1 9 2
255 417
1 6 2
147 407
1 3 2
189 438
1 14 2
237 318
1 4 2
276 451
1 13 2
151 393
1 15 2
97 320
1 11 2
112 438
1 11 2
172 448
1 9 2
186 365
1 14 2
148 346
1 5 2
203 498
1 12 2
121 325
1 2 2
238 350
1 6 2
225 400
1 12 2
234 301
1 4 2
32 68
1 11 2
422 460
1 3 2
145 255
1 15 2
70 241
1 4 2
102 139
1 10 2
266 456
1 10 2
147 324
1 12 2
4 212
1 13 2
47 345
1 13 2
139 185
1 4 2
42 204
1 7 2
102 374
1 5 2
17 359
1 11 2
366 439
1 3 2
87 483
1 13 2
5 387
1 6 2
214 258
1 5 2
46 458
1 6 2
5 100
1 15 2
380 439
1 3 2
143 319
1 4 2
183 236
1 15 2
301 414
1 10 2
233 321
1 8 2
81 249
1 14 2
364 493
1 12 2
88 494
1 7 2
137 164
1 12 2
309 366
1 2 2
50 68
1 11 2
300 354
1 4 2
77 219
1 7 2
331 459
1 5 2
339 468
1 8 2
103 446
1 9 2
125 389
1 14 2
178 407
1 11 2
0 367
1 6 2
278 457
1 14 2
97 169
1 10 2
127 175
1 2 2
438 483
1 14 2
109 387
1 13 2
29 459
1 13 2
28 179
1 2 2
278 311
1 8 2
164 466
1 15 2
179 383
1 5 2
218 259
1 7 2
29 61
1 5 2
46 71
1 2 2
232 338
1 14 2
66 429
1 9 2
128 474
1 9 2
384 494
1 4 2
120 145
1 8 2
221 292
1 3 2
5 153
1 15 2
125 436
1 6 2
196 411
1 6 2
200 301
1 11 2
133 340
1 13 2
169 264
1 7 2
93 157
1 15 2
226 329
1 13 2
453 469
1 7 2
259 285
1 9 2
438 466
1 14 2
164 481
1 13 2
295 409
1 15 2
316 497
1 13 2
139 186
1 8 2
45 145
1 9 2
227 380
1 7 2
354 359
1 15 2
418 479
1 3 2
185 302
1 3 2
9 474
1 2 2
341 445
1 2 2
391 496
1 3 2
321 350
1 3 2
131 231
1 6 2
35 264
1 6 2
35 381
1 9 2
218 302
1 3 2
140 402
1 4 2
97 302
1 7 2
164 362
1 11 2
235 460
1 3 2
215 487
1 6 2
82 449
1 9 2
20 166
1 13 2
122 225
1 4 2
109 162
1 13 2
208 269
1 5 2
58 260
1 11 2
78 113
1 11 2
124 482
1 7 2
167 225
1 13 2
49 423
1 5 2
231 473
1 13 2
295 463
1 13 2
171 418
1 2 2
239 255
1 4 2
461 480
1 10 2
155 355
1 2 2
408 421
1 15 2
147 469
1 3 2
140 418
1 12 2
92 369
1 4 2
416 438
1 8 2
164 472
1 5 2
99 148
1 8 2
26 473
1 3 2
25 433
1 12 2
231 295
1 7 2
77 260
1 9 2
14 42
1 8 2
305 385
1 8 2
54 254
1 2 2
150 436
1 7 2
61 117
1 15 2
324 489
1 9 2
78 181
1 15 2
282 411
1 10 2
223 233
1 5 2
22 266
1 2 2
251 377
1 10 2
118 312
1 10 2
335 352
1 2 2
305 387
1 7 2
2 370
1 10 2
323 368
1 13 2
162 398
1 7 2
7 72
1 7 2
263 312
1 14 2
166 210
1 10 2
406 489
1 13 2
146 436
1 15 2
173 480
1 3 2
153 487
1 10 2
14 307
1 12 2
256 315
1 12 2
251 278
1 5 2
25 294
1 10 2
176 448
1 3 2
142 402
1 10 2
168 255
1 9 2
210 359
1 2 2
250 447
1 7 2
355 418
1 5 2
14 168
1 15 2
291 311
1 10 2
13 459
1 6 2
119 499
1 7 2
137 362
1 12 2
189 400
1 8 2
221 281
1 12 2
117 149
1 12 2
161 219
1 3 2
305 351
1 8 2
33 464
1 9 2
2 378
1 8 2
121 265
1 3 2
31 68
1 4 2
171 422
1 3 2
338 457
1 9 2
233 308
1 8 2
122 353
1 3 2
379 387
1 14 2
72 242
1 10 2
116 152
1 15 2
315 495
1 4 2
323 404
1 15 2
14 184
1 14 2
122 180
1 11 2
213 224
1 4 2
171 376
1 14 2
244 402
1 9 2
180 456
1 15 2
459 492
1 13 2
41 355
1 13 2
87 284
1 6 2
194 311
1 3 2
64 99
1 12 2
319 394
1 11 2
18 364
1 13 2
34 460
1 11 2
33 136
1 3 2
284 362
1 13 2
109 377
1 11 2
177 256
1 5 2
4 218
1 6 2
49 279
1 2 2
110 466
1 14 2
342 484
1 6 2
68 375
1 11 2
4 130
1 10 2
297 491
1 11 2
267 315
1 6 2
107 236
1 5 2
205 441
1 15 2
176 380
1 13 2
96 468
1 9 2
349 378
1 12 2
30 83
1 9 2
320 416
1 8 2
354 475
1 7 2
338 491
1 10 2
21 173
1 6 2
132 366
1 11 2
11 136
1 14 2
270 395
1 11 2
79 347
1 13 2
439 452
1 8 2
8 369
1 4 2
296 452
1 15 2
11 392
1 12 2
146 204
1 9 2
209 439
1 8 2
398 453
1 8 2
166 472
1 2 2
179 376
1 9 2
0 222
1 6 2
87 189
1 12 2
303 347
1 12 2
400 416
1 5 2
289 324
1 12 2
274 406
1 12 2
93 355
1 12 2
76 389
1 6 2
1 375
1 11 2
100 188
1 14 2
83 416
1 14 2
69 157
1 5 2
243 371
1 8 2
194 316
1 5 2
208 261
1 6 2
106 262
1 7 2
96 254
1 5 2
193 480
1 9 2
87 101
1 4 2
239 282
1 11 2
296 429
1 5 2
133 425
1 15 2
139 177
1 14 2
55 202
1 8 2
51 231
1 8 2
104 428
1 4 2
87 95
1 8 2
173 241
1 8 2
53 152
1 4 2
351 382
1 7 2
445 494
1 3 2
20 110
1 13 2
367 396
1 12 2
414 466
1 11 2
102 230
1 9 2
86 176
1 2 2
19 376
1 2 2
20 117
1 4 2
487 489
1 8 2
190 209
1 7 2
14 475
1 14 2
89 135
1 8 2
374 468
1 13 2
172 270
1 4 2
169 343
1 12 2
128 311
1 7 2
234 385
1 11 2
53 104
1 13 2
31 78
1 13 2
187 346
1 12 2
216 237
1 3 2
413 428
1 12 2
132 251
1 11 2
343 436
1 13 2
151 447
1 11 2
243 351
1 4 2
68 339
1 12 2
64 321
1 10 2
127 396
1 5 2
322 498
1 6 2
127 208
1 12 2
272 435
1 6 2
26 221
1 2 2
35 351
1 3 2
47 204
1 9 2
268 444
1 7 2
308 359
1 2 2
146 239
1 12 2
279 304
1 6 2
36 428
1 13 2
114 426
1 12 2
208 303
1 2 2
253 435
1 5 2
234 323
1 13 2
19 33
1 11 2
30 291
1 14 2
138 247
1 13 2
173 266
1 12 2
164 289
1 2 2
111 461
1 2 2
282 447
1 3 2
170 215
1 9 2
4 267
1 8 2
364 432
1 2 2
99 338
1 6 2
3 231
1 3 2
299 483
1 4 2
159 175
1 3 2
111 216
1 4 2
92 193
1 9 2
379 425
1 12 2
148 284
1 5 2
214 374
1 5 2
147 197
1 6 2
204 306
1 5 2
333 438
1 11 2
161 304
1 6 2
18 295
1 10 2
88 171
1 2 2
171 407
1 13 2
111 259
1 2 2
44 64
1 4 2
25 31
1 2 2
47 227
1 15 2
166 246
1 3 2
371 387
1 11 2
144 422
1 11 2
149 155
1 8 2
121 210
1 14 2
147 376
1 14 2
236 406
1 7 2
323 366
1 5 2
55 179
1 12 2
141 437
1 5 2
216 288
1 15 2
126 362
1 14 2
158 359
1 9 2
141 354
1 10 2
150 448
1 12 2
189 377
1 2 2
362 427
1 7 2
29 361
1 8 2
315 438
1 7 2
65 202
1 4 2
73 423
1 6 2
291 317
1 7 2
228 463
1 14 2
138 346
1 7 2
48 80
1 3 2
364 482
1 7 2
103 452
1 2 2
383 435
1 4 2
225 373
1 8 2
231 234
1 14 2
190 482
1 3 2
342 481
1 2 2
86 309
1 11 2
237 418
1 3 2
57 488
1 14 2
60 352
1 10 2
305 369
1 13 2
361 419
1 10 2
87 352
1 5 2
29 387
1 14 2
191 427
1 5 2
11 192
1 3 2
259 366
1 12 2
330 484
1 3 2
13 26
1 14 2
80 151
1 12 2
92 219
1 12 2
133 242
1 14 2
273 290
1 5 2
275 296
1 4 2
0 407
1 7 2
64 104
1 12 2
7 68
1 8 2
334 492
1 12 2
96 435
1 4 2
393 422
1 8 2
89 99
1 14 2
60 497
1 4 2
139 181
1 10 2
104 314
1 12 2
19 252
1 14 2
295 473
1 13 2
112 457
1 8 2
33 404
1 5 2
162 478
1 10 2
178 423
1 15 2
12 170
1 14 2
180 217
1 2 2
275 376
1 7 2
333 386
1 9 2
145 193
1 4 2
169 417
1 6 2
186 420
1 5 2
45 276
1 7 2
81 321
1 15 2
218 409
1 8 2
236 496
1 10 2
90 469
1 13 2
134 412
1 2 2
110 459
1 4 2
357 431
1 14 2
160 295
1 12 2
71 82
1 15 2
227 276
1 12 2
308 476
1 6 2
386 464
1 4 2
300 326
1 14 2
109 282
1 6 2
277 398
1 8 2
282 331
1 12 2
211 411
1 10 2
66 251
1 6 2
34 131
1 10 2
412 431
1 12 2
103 440
1 12 2
366 390
1 2 2
393 425
1 6 2
121 430
1 8 2
315 488
1 15 2
199 289
1 7 2
5 104
1 14 2
68 490
1 2 2
99 214
1 10 2
12 35
1 3 2
29 313
1 3 2
42 123
1 12 2
124 387
1 10 2
275 459
1 9 2
312 373
1 11 2
64 138
1 5 2
182 318
1 4 2
291 346
1 8 2
283 358
1 3 2
213 452
1 8 2
221 320
1 6 2
442 461
1 15 2
293 495
1 11 2
150 402
1 11 2
274 416
1 2 2
181 361
1 10 2
406 447
1 3 2
20 497
1 4 2
163 281
1 13 2
94 488
1 7 2
315 320
1 2 2
9 387
1 12 2
265 397
1 14 2
7 108
1 9 2
352 403
1 5 2
161 467
1 9 2
207 440
1 11 2
166 208
1 15 2
429 489
1 2 2
35 494
1 3 2
155 389
1 5 2
218 229
1 9 2
168 180
1 10 2
69 374
1 9 2
84 490
1 5 2
215 453
1 13 2
246 426
1 7 2
201 437
1 4 2
179 238
1 4 2
33 89
1 10 2
196 373
1 9 2
23 312
1 6 2
84 257
1 15 2
87 119
1 6 2
301 358
1 3 2
12 167
1 3 2
2 214
1 11 2
103 111
1 8 2
38 112
1 10 2
14 167
1 15 2
376 491
1 3 2
204 341
1 14 2
114 257
1 11 2
218 288
1 14 2
319 366
1 7 2
352 358
1 7 2
58 95
1 6 2
282 453
1 10 2
31 495
1 6 2
43 76
1 5 2
395 429
1 10 2
420 479
1 4 2
227 301
1 10 2
377 495
1 15 2
244 296
1 8 2
25 289
1 14 2
45 350
1 5 2
31 82
1 14 2
124 373
1 12 2
57 205
1 5 2
31 434
1 4 2
148 248
1 15 2
133 237
1 6 2
259 312
1 10 2
76 296
1 5 2
4 279
1 14 2
284 329
1 6 2
45 245
1 4 2
97 215
1 10 2
11 193
1 8 2
245 388
1 6 2
55 273
1 11 2
326 446
1 11 2
91 93
1 2 2
2 486
1 14 2
123 369
1 14 2
133 150
1 2 2
44 73
1 10 2
282 454
1 3 2
176 231
1 5 2
121 155
1 12 2
403 452
1 11 2
203 346
1 14 2
192 336
1 7 2
173 189
1 12 2
24 259
1 8 2
31 446
1 7 2
266 491
1 14 2
260 360
1 14 2
254 415
1 11 2
232 242
1 8 2
44 51
1 11 2
95 258
1 14 2
152 394
1 3 2
167 357
1 2 2
47 215
1 7 2
122 365
1 8 2
9 488
1 12 2
291 360
1 12 2
386 455
1 10 2
466 495
1 10 2
298 485
1 15 2
383 486
1 6 2
85 391
1 14 2
239 340
1 15 2
79 158
1 11 2
66 480
1 10 2
178 205
1 8 2
239 365
1 11 2
73 97
1 8 2
58 328
1 4 2
120 245
1 10 2
22 244
1 11 2
328 403
1 3 2
28 142
1 15 2
200 459
1 3 2
107 354
1 11 2
268 464
1 4 2
50 414
1 13 2
345 425
1 11 2
339 445
1 11 2
287 356
1 3 2
79 373
1 13 2
118 487
1 6 2
207 340
1 10 2
58 124
1 12 2
267 426
1 8 2
139 377
1 3 2
60 155
1 13 2
217 460
1 4 2
25 207
1 10 2
125 157
1 11 2
348 368
1 9 2
376 450
1 6 2
332 348
1 9 2
148 393
1 3 2
25 137
1 8 2
96 304
1 6 2
178 299
1 8 2
193 496
1 13 2
355 485
1 2 2
143 251
1 2 2
363 475
1 7 2
426 465
1 2 2
23 64
1 13 2
136 187
1 7 2
268 452
1 10 2
451 471
1 11 2
47 220
1 13 2
184 273
1 12 2
166 279
1 9 2
194 301
1 14 2
383 488
1 3 2
23 473
1 7 2
150 322
1 9 2
40 120
1 10 2
372 453
1 12 2
34 420
1 15 2
289 338
1 10 2
48 291
1 15 2
257 464
1 13 2
329 496
1 12 2
183 286
1 8 2
291 455
1 5 2
251 366
1 11 2
26 171
1 15 2
243 302
1 4 2
193 262
1 15 2
7 155
1 5 2
354 363
1 8 2
131 194
1 11 2
181 246
1 5 2
164 214
1 5 2
414 473
1 10 2
202 243
1 6 2
82 420
1 15 2
97 220
1 13 2
154 350
1 2 2
349 489
1 12 2
296 367
1 8 2
10 260
1 11 2
427 468
1 2 2
71 275
1 3 2
49 93
1 15 2
228 278
1 12 2
147 264
1 7 2
31 280
1 5 2
37 293
1 14 2
2 139
1 12 2
206 418
1 9 2
309 328
1 13 2
8 276
1 12 2
60 455
1 15 2
4 313
1 10 2
238 338
1 15 2
50 59
1 10 2
7 109
1 13 2
12 33
1 11 2
187 248
1 13 2
426 442
1 12 2
151 420
1 3 2
200 266
1 7 2
373 393
1 7 2
395 402
1 13 2
138 420
1 9 2
453 460
1 6 2
71 470
1 12 2
50 298
1 9 2
290 340
1 7 2
162 293
1 15 2
393 435
1 4 2
414 467
1 10 2
328 405
1 5 2
44 309
1 14 2
357 415
1 2 2
15 119
1 3 2
422 449
1 2 2
67 343
1 11 2
233 499
1 4 2
35 301
1 4 2
61 461
1 5 2
25 423
1 13 2
209 223
1 8 2
136 207
1 7 2
237 493
1 6 2
335 483
1 4 2
347 381
1 13 2
286 412
1 13 2
41 159
1 14 2
200 208
1 4 2
25 187
1 5 2
18 187
1 6 2
133 446
1 7 2
152 213
1 2 2
175 320
1 13 2
59 72
1 7 2
61 140
1 5 2
421 435
1 14 2
41 176
1 8 2
23 387
1 9 2
291 325
1 12 2
221 472
1 15 2
176 445
1 15 2
23 295
1 11 2
81 225
1 5 2
430 453
1 8 2
142 279
1 12 2
176 182
1 14 2
415 496
1 3 2
154 499
1 6 2
99 424
1 6 2
98 234
1 3 2
224 281
1 2 2
58 371
1 10 2
200 314
1 6 2
180 431
1 6 2
295 441
1 11 2
233 301
1 6 2
103 234
1 9 2
8 232
1 10 2
19 366
1 11 2
90 388
1 4 2
359 406
1 6 2
78 393
1 4 2
316 393
1 6 2
28 139
1 8 2
158 462
1 11 2
1 260
1 2 2
50 272
1 3 2
83 110
1 5 2
51 251
1 5 2
329 456
1 13 2
131 322
1 13 2
430 434
1 3 2
143 257
1 14 2
96 469
1 12 2
86 491
1 11 2
112 229
1 3 2
158 409
1 2 2
69 115
1 15 2
56 91
1 9 2
256 380
1 5 2
55 213
1 14 2
75 167
1 2 2
167 440
1 4 2
410 447
1 15 2
275 299
1 3 2
102 272
1 11 2
247 248
1 4 2
69 138
1 11 2
165 168
1 12 2
17 328
1 14 2
134 388
1 14 2
73 465
1 4 2
35 242
1 2 2
95 313
1 12 2
139 162
1 7 2
142 441
1 10 2
70 363
1 5 2
155 284
1 7 2
79 427
1 12 2
100 482
1 4 2
89 357
1 2 2
67 144
1 8 2
328 388
1 12 2
69 223
1 13 2
90 365
1 8 2
263 438
1 3 2
379 476
1 8 2
8 163
1 2 2
5 199
1 10 2
201 305
1 14 2
96 138
1 8 2
80 412
1 9 2
403 436
1 6 2
76 354
1 6 2
450 495
1 10 2
192 453
1 6 2
249 282
1 6 2
136 441
1 10 2
447 497
1 2 2
237 396
1 5 2
387 469
1 8 2
351 437
1 8 2
234 454
1 7 2
141 446
1 5 2
43 323
1 2 2
63 164
1 6 2
222 340
1 2 2
95 155
1 13 2
112 185
1 5 2
264 367
1 4 2
303 411
1 6 2
301 337
1 5 2
287 440
1 3 2
140 335
1 11 2
221 246
1 8 2
31 395
1 15 2
40 327
1 11 2
366 477
1 6 2
300 433
1 2 2
25 134
1 12 2
42 372
1 3 2
168 439
1 3 2
93 392
1 7 2
127 442
1 2 2
188 239
1 8 2
161 274
1 12 2
239 261
1 4 2
360 482
1 3 2
91 476
1 3 2
12 442
1 7 2
157 322
1 2 2
43 279
1 3 2
102 464
1 12 2
17 144
1 7 2
75 200
1 10 2
60 326
1 2 2
32 164
1 12 2
391 472
1 15 2
361 390
1 10 2
299 354
1 12 2
135 235
1 13 2
18 360
1 4 2
82 180
1 13 2
40 92
1 2 2
51 232
1 6 2
342 433
1 8 2
328 491
1 8 2
107 180
1 10 2
260 431
1 8 2
121 499
1 4 2
29 428
1 7 2
361 453
1 8 2
58 428
1 4 2
334 396
1 9 2
136 378
1 4 2
69 265
1 5 2
20 306
1 4 2
248 317
1 5 2
105 377
1 3 2
229 402
1 6 2
107 376
1 12 2
254 348
1 15 2
102 197
1 2 2
147 482
1 4 2
251 431
1 2 2
130 450
1 15 2
318 481
1 5 2
313 342
1 7 2
344 396
1 7 2
43 278
1 14 2
135 449
1 5 2
182 385
1 5 2
267 428
1 3 2
191 392
1 11 2
21 152
1 10 2
140 447
1 12 2
361 411
1 10 2
206 474
1 10 2
154 164
1 3 2
178 283
1 4 2
275 461
1 7 2
135 284
1 8 2
133 435
1 5 2
317 457
1 10 2
476 484
1 12 2
3 248
1 7 2
144 410
1 9 2
263 390
1 13 2
59 336
1 2 2
173 403
1 9 2
99 209
1 8 2
415 432
1 7 2
351 372
1 2 2
104 415
1 13 2
36 238
1 13 2
54 445
1 14 2
64 280
1 8 2
176 453
1 14 2
109 262
1 3 2
73 265
1 10 2
171 366
1 3 2
174 498
1 3 2
73 486
1 9 2
134 459
1 5 2
280 348
1 6 2
183 382
1 13 2
73 348
1 3 2
49 155
1 5 2
126 447
1 14 2
161 168
1 13 2
308 472
1 4 2
279 372
1 7 2
189 228
1 8 2
148 205
1 5 2
401 453
1 4 2
104 478
1 14 2
250 394
1 10 2
227 482
1 5 2
425 447
1 6 2
155 363
1 9 2
341 479
1 10 2
16 218
1 15 2
378 408
1 7 2
212 296
1 4 2
112 416
1 9 2
20 144
1 3 2
107 185
1 7 2
231 450
1 6 2
28 436
1 8 2
42 54
1 12 2
211 408
1 4 2
102 107
1 12 2
61 367
1 3 2
226 493
1 10 2
194 373
1 9 2
222 492
1 3 2
225 429
1 6 2
277 448
1 3 2
9 174
1 7 2
249 498
1 7 2
304 386
1 9 2
441 482
1 6 2
109 412
1 5 2
152 298
1 7 2
224 326
1 10 2
80 187
1 15 2
193 398
1 11 2
237 313
1 4 2
60 137
1 6 2
4 206
1 11 2
225 257
1 7 2
102 355
1 6 2
19 389
1 9 2
358 398
1 9 2
264 419
1 10 2
268 369
1 6 2
148 475
1 3 2
46 459
1 5 2
174 382
1 5 2
275 464
1 14 2
224 471
1 5 2
229 450
1 13 2
182 471
1 3 2
467 486
1 6 2
52 249
1 3 2
307 421
1 2 2
100 180
1 2 2
215 254
1 5 2
27 403
1 14 2
264 335
1 2 2
252 300
1 15 2
304 420
1 11 2
452 486
1 11 2
52 114
1 10 2
144 489
1 11 2
210 300
1 15 2
66 222
1 2 2
114 179
1 3 2
213 245
1 14 2
32 458
1 5 2
12 448
1 15 2
47 390
1 15 2
330 436
1 13 2
99 206
1 5 2
70 167
1 2 2
40 397
1 10 2
28 158
1 4 2
70 79
1 11 2
81 373
1 11 2
66 473
1 4 2
440 473
1 14 2
124 179
1 13 2
73 181
1 12 2
88 375
1 3 2
142 151
1 6 2
37 346
1 15 2
207 405
1 5 2
109 407
1 5 2
448 467
1 15 2
144 362
1 4 2
55 446
1 12 2
292 396
1 8 2
315 379
1 14 2
49 430
1 4 2
114 176
1 10 2
152 379
1 9 2
44 194
1 13 2
5 206
1 9 2
267 444
1 8 2
436 448
1 2 2
244 412
1 6 2
67 150
1 11 2
139 421
1 14 2
272 388
1 15 2
168 191
1 3 2
34 54
1 12 2
431 453
1 13 2
401 492
1 6 2
102 252
1 3 2
36 457
1 3 2
103 454
1 11 2
302 424
1 10 2
131 419
1 10 2
141 431
1 4 2
318 405
1 3 2
26 440
1 4 2
286 323
1 3 2
38 166
1 11 2
335 454
1 10 2
132 368
1 14 2
400 465
1 2 2
232 330
1 2 2
329 336
1 3 2
264 486
1 14 2
318 431
1 12 2
351 462
1 5 2
195 417
1 14 2
135 205
1 9 2
80 441
1 7 2
288 366
1 9 2
70 417
1 10 2
156 364
1 12 2
330 457
1 2 2
159 293
1 13 2
221 400
1 11 2
226 449
1 8 2
80 448
1 7 2
37 116
1 14 2
89 240
1 5 2
252 390
1 15 2
104 155
1 2 2
148 398
1 5 2
157 437
1 15 2
25 447
1 2 2
69 319
1 6 2
395 453
1 2 2
9 284
1 15 2
245 424
1 4 2
297 351
1 9 2
64 152
1 5 2
68 93
1 9 2
135 388
1 5 2
297 483
1 10 2
165 194
1 12 2
186 386
1 4 2
74 112
1 2 2
252 472
1 8 2
59 108
1 11 2
96 401
1 15 2
454 455
1 2 2
272 449
1 3 2
370 498
1 9 2
148 229
1 7 2
21 442
1 14 2
50 453
1 8 2
84 231
1 10 2
124 349
1 11 2
241 443
1 5 2
146 339
1 8 2
225 474
1 13 2
57 206
1 8 2
231 462
1 4 2
176 233
1 3 2
6 384
1 7 2
198 312
1 15 2
167 439
1 11 2
15 487
1 10 2
107 471
1 9 2
106 252
1 14 2
228 254
1 10 2
5 258
1 2 2
166 483
1 5 2
24 488
1 2 2
3 227
1 6 2
152 308
1 5 2
182 400
1 14 2
21 431
1 15 2
321 457
1 6 2
171 307
1 11 2
159 343
1 10 2
116 399
1 11 2
200 335
1 6 2
28 56
1 10 2
81 470
1 8 2
11 148
1 3 2
4 349
1 5 2
399 496
1 6 2
130 362
1 3 2
115 127
1 5 2
335 367
1 6 2
139 323
1 3 2
277 317
1 14 2
49 452
1 12 2
253 425
1 14 2
177 209
1 5 2
367 431
1 8 2
178 429
1 7 2
77 429
1 10 2
61 219
1 13 2
75 326
1 11 2
194 254
1 15 2
205 450
1 12 2
75 92
1 11 2
150 419
1 2 2
232 362
1 11 2
20 348
1 13 2
231 474
1 6 2
229 397
1 10 2
204 248
1 13 2
157 166
1 8 2
321 375
1 11 2
162 441
1 8 2
117 196
1 15 2
411 444
1 15 2
85 451
1 2 2
206 228
1 6 2
120 341
1 10 2
297 413
1 3 2
348 441
1 15 2
173 493
1 5 2
111 126
1 2 2
44 256
1 4 2
307 327
1 10 2
35 125
1 11 2
85 495
1 10 2
332 359
1 3 2
3 372
1 4 2
161 472
1 15 2
242 261
1 6 2
111 118
1 6 2
72 494
1 14 2
101 382
1 8 2
293 409
1 15 2
16 425
1 14 2
135 261
1 15 2
212 221
1 11 2
37 474
1 15 2
13 261
1 15 2
339 345
1 2 2
45 240
1 7 2
67 398
1 6 2
124 431
1 10 2
296 462
1 5 2
57 186
1 11 2
189 436
1 14 2
206 234
1 9 2
372 409
1 14 2
327 368
1 2 2
201 477
1 9 2
88 284
1 15 2
86 186
1 11 2
485 495
1 6 2
350 487
1 14 2
325 453
1 5 2
380 434
1 4 2
145 294
1 2 2
188 196
1 12 2
37 451
1 6 2
11 70
1 12 2
301 369
1 4 2
191 240
1 2 2
292 347
1 7 2
181 447
1 4 2
204 349
1 4 2
36 337
1 3 2
47 286
1 14 2
185 204
1 9 2
84 128
1 11 2
278 295
1 13 2
243 342
1 5 2
367 496
1 14 2
88 288
1 11 2
308 454
1 14 2
0 317
1 10 2
365 497
1 6 2
252 305
1 9 2
316 388
1 3 2
110 421
1 5 2
311 498
1 6 2
451 485
1 6 2
160 374
1 15 2
353 471
1 4 2
377 462
1 14 2
38 375
1 15 2
397 429
1 7 2
22 350
1 4 2
229 375
1 10 2
59 189
1 8 2
27 140
1 3 2
42 285
1 9 2
79 398
1 14 2
145 377
1 8 2
80 81
1 14 2
172 499
1 3 2
12 235
1 13 2
15 391
1 9 2
289 327
1 5 2
414 443
1 13 2
271 335
1 5 2
262 333
1 2 2
287 484
1 5 2
299 440
1 7 2
293 344
1 13 2
53 122
1 5 2
378 442
1 7 2
42 459
1 14 2
160 279
1 4 2
97 461
1 6 2
81 91
1 9 2
214 265
1 6 2
170 337
1 6 2
153 403
1 13 2
98 161
1 12 2
15 234
1 9 2
3 446
1 15 2
51 286
1 3 2
214 224
1 11 2
151 338
1 12 2
74 470
1 5 2
58 402
1 3 2
356 388
1 4 2
202 425
1 3 2
121 368
1 14 2
99 251
1 14 2
292 445
1 15 2
326 400
1 12 2
328 366
1 10 2
241 251
1 2 2
46 476
1 10 2
25 282
1 13 2
57 202
1 11 2
154 380
1 4 2
254 464
1 2 2
63 320
1 7 2
182 203
1 7 2
261 453
1 7 2
58 255
1 10 2
186 231
1 7 2
279 463
1 2 2
340 401
1 9 2
226 341
1 3 2
42 111
1 15 2
69 353
1 14 2
190 280
1 14 2
249 314
1 9 2
10 248
1 11 2
85 341
1 4 2
229 244
1 5 2
156 182
1 8 2
161 430
1 6 2
50 472
1 13 2
341 480
1 5 2
115 314
1 13 2
231 491
1 13 2
62 190
1 7 2
213 234
1 9 2
31 165
1 3 2
395 489
1 9 2
43 366
1 13 2
327 350
1 15 2
110 170
1 14 2
126 179
1 12 2
18 79
1 15 2
43 264
1 14 2
429 434
1 15 2
225 317
1 2 2
355 402
1 3 2
46 214
1 2 2
113 219
1 6 2
12 173
1 6 2
231 325
1 15 2
330 381
1 3 2
133 400
1 13 2
172 375
1 4 2
203 294
1 15 2
283 394
1 10 2
59 207
1 2 2
387 444
1 2 2
245 474
1 5 2
157 486
1 11 2
39 400
1 7 2
44 80
1 6 2
145 259
1 4 2
383 406
1 14 2
252 496
1 5 2
19 91
1 3 2
385 474
1 9 2
117 354
1 2 2
123 226
1 6 2
66 382
1 13 2
188 263
1 8 2
95 188
1 11 2
30 235
1 5 2
378 399
1 8 2
124 146
1 9 2
11 61
1 9 2
168 336
1 5 2
51 139
1 6 2
136 482
1 3 2
89 314
1 7 2
144 249
1 2 2
380 463
1 3 2
139 175
1 13 2
259 443
1 5 2
97 397
1 6 2
136 275
1 6 2
193 248
1 15 2
95 411
1 15 2
201 472
1 11 2
65 275
1 4 2
221 263
1 7 2
210 439
1 13 2
113 234
1 6 2
2 102
1 3 2
128 329
1 6 2
377 394
1 13 2
134 175
1 8 2
61 155
1 7 2
199 486
1 10 2
240 488
1 14 2
144 395
1 11 2
355 472
1 6 2
119 126
1 11 2
156 207
1 4 2
53 178
1 2 2
170 339
1 7 2
300 385
1 7 2
27 94
1 9 2
88 470
1 8 2
278 466
1 14 2
113 132
1 11 2
427 475
1 10 2
83 180
1 13 2
128 170
1 3 2
7 159
1 4 2
261 454
1 4 2
267 380
1 2 2
318 361
1 3 2
87 494
1 10 2
386 456
1 12 2
59 431
1 12 2
158 481
1 15 2
252 478
1 13 2
341 475
1 7 2
235 335
1 3 2
303 463
1 4 2
39 325
1 3 2
153 294
1 15 2
44 60
1 8 2
214 216
1 6 2
76 360
1 15 2
248 259
1 2 2
100 331
1 12 2
36 150
1 14 2
301 430
1 6 2
264 359
1 5 2
48 168
1 11 2
158 306
1 9 2
120 207
1 15 2
319 440
1 15 2
154 358
1 11 2
40 458
1 8 2
399 433
1 7 2
295 431
1 5 2
296 420
1 13 2
386 400
1 2 2
52 414
1 5 2
114 379
1 6 2
201 489
1 5 2
3 97
1 6 2
279 444
1 12 2
249 351
1 9 2
173 272
1 13 2
71 407
1 7 2
200 302
1 10 2
182 472
1 4 2
106 193
1 9 2
236 400
1 14 2
33 429
1 2 2
211 409
1 6 2
334 435
1 9 2
139 332
1 10 2
29 438
1 14 2
23 345
1 14 2
75 251
1 2 2
94 278
1 7 2
178 478
1 7 2
175 488
1 4 2
451 497
1 2 2
4 496
1 12 2
19 222
1 8 2
394 460
1 13 2
34 139
1 5 2
334 352
1 11 2
59 464
1 6 2
204 308
1 6 2
96 233
1 8 2
80 149
1 5 2
105 392
1 15 2
17 199
1 11 2
48 302
1 9 2
345 430
1 3 2
82 392
1 4 2
74 303
1 4 2
359 427
1 12 2
364 487
1 15 2
223 483
1 14 2
150 372
1 3 2
314 380
1 12 2
411 482
1 4 2
126 175
1 15 2
340 382
1 4 2
149 219
1 8 2
289 404
1 5 2
365 498
1 9 2
18 396
1 11 2
39 54
1 8 2
283 498
1 5 2
17 334
1 11 2
173 225
1 4 2
150 399
1 8 2
44 445
1 4 2
40 374
1 2 2
269 374
1 6 2
30 103
1 4 2
53 401
1 8 2
49 250
1 12 2
209 233
1 5 2
47 221
1 4 2
3 21
1 15 2
112 461
1 11 2
1 421
1 5 2
85 294
1 2 2
138 258
1 3 2
150 220
1 13 2
362 389
1 6 2
77 185
1 3 2
342 411
1 15 2
442 452
1 9 2
99 138
1 10 2
188 446
1 12 2
319 327
1 5 2
185 495
1 2 2
244 401
1 4 2
258 450
1 3 2
178 394
1 8 2
188 473
1 9 2
49 176
1 5 2
297 372
1 7 2
3 293
1 15 2
152 358
1 15 2
445 489
1 13 2
258 444
1 14 2
210 322
1 4 2
87 283
1 6 2
388 404
1 13 2
317 482
1 5 2
36 378
1 13 2
56 223
1 6 2
274 445
1 4 2
349 481
1 2 2
170 186
1 7 2
119 459
1 14 2
116 377
1 9 2
57 77
1 3 2
80 255
1 12 2
25 123
1 4 2
76 144
1 15 2
48 128
1 11 2
300 308
1 15 2
206 390
1 13 2
43 112
1 3 2
94 365
1 13 2
410 457
1 4 2
244 436
1 13 2
133 297
1 10 2
182 351
1 12 2
253 265
1 8 2
132 484
1 10 2
345 390
1 5 2
227 371
1 7 2
107 314
1 8 2
173 454
1 3 2
165 436
1 6 2
337 410
1 5 2
198 307
1 4 2
349 426
1 9 2
131 204
1 8 2
78 129
1 8 2
268 292
1 4 2
98 196
1 5 2
156 289
1 4 2
0 433
1 2 2
37 266
1 13 2
72 338
1 13 2
124 191
1 3 2
137 297
1 7 2
185 224
1 12 2
118 187
1 9 2
1 188
1 15 2
372 431
1 14 2
202 434
1 2 2
94 392
1 5 2
231 418
1 12 2
348 458
1 14 2
242 314
1 6 2
18 215
1 12 2
184 212
1 3 2
255 266
1 4 2
253 306
1 15 2
395 496
1 14 2
154 372
1 12 2
131 446
1 5 2
57 492
1 10 2
173 257
1 2 2
33 272
1 7 2
22 238
1 11 2
15 383
1 6 2
285 425
1 13 2
17 75
1 15 2
134 231
1 9 2
42 233
1 13 2
234 296
1 14 2
292 483
1 10 2
168 417
1 7 2
155 442
1 13 2
222 381
1 14 2
373 461
1 4 2
81 360
1 10 2
271 410
1 5 2
85 499
1 5 2
82 103
1 14 2
376 417
1 11 2
64 396
1 14 2
321 389
1 2 2
51 69
1 14 2
213 383
1 9 2
10 266
1 2 2
276 288
1 9 2
199 230
1 15 2
157 383
1 8 2
171 229
1 11 2
54 136
1 11 2
178 355
1 10 2
91 326
1 2 2
364 443
1 10 2
13 420
1 3 2
106 397
1 13 2
313 418
1 5 2
181 255
1 3 2
84 99
1 12 2
301 466
1 8 2
124 272
1 13 2
195 269
1 6 2
54 346
1 12 2
147 350
1 4 2
4 332
1 2 2
74 437
1 9 2
288 419
1 8 2
1 331
1 5 2
369 424
1 2 2
134 497
1 8 2
13 226
1 3 2
280 394
1 6 2
185 223
1 15 2
222 476
1 8 2
92 108
1 7 2
352 435
1 4 2
123 326
1 6 2
134 332
1 14 2
302 398
1 5 2
452 493
1 12 2
3 110
1 3 2
25 291
1 12 2
344 383
1 6 2
138 160
1 10 2
47 202
1 8 2
350 477
1 13 2
229 249
1 9 2
101 170
1 10 2
116 398
1 9 2
237 492
1 14 2
63 104
1 12 2
315 450
1 13 2
252 277
1 7 2
191 268
1 7 2
287 373
1 14 2
73 236
1 6 2
302 307
1 13 2
269 327
1 3 2
301 350
1 12 2
355 368
1 5 2
13 137
1 10 2
47 54
1 10 2
83 386
1 13 2
35 108
1 6 2
7 447
1 10 2
34 443
1 4 2
258 352
1 13 2
166 433
1 6 2
74 423
1 15 2
380 395
1 10 2
146 347
1 8 2
234 441
1 13 2
21 163
1 2 2
99 262
1 11 2
271 330
1 11 2
187 314
1 5 2
213 434
1 8 2
149 271
1 4 2
396 463
1 2 2
224 239
1 10 2
326 481
1 6 2
262 416
1 14 2
52 231
1 13 2
14 207
1 11 2
178 293
1 2 2
104 436
1 9 2
20 122
1 10 2
40 305
1 11 2
7 472
1 2 2
16 222
1 9 2
149 474
1 11 2
76 156
1 13 2
413 447
1 10 2
89 318
1 2 2
158 392
1 15 2
92 107
1 13 2
115 172
1 6 2
69 338
1 15 2
255 274
1 8 2
104 394
1 12 2
12 387
1 6 2
43 131
1 5 2
68 422
1 11 2
17 168
1 3 2
399 407
1 5 2
283 333
1 11 2
146 433
1 13 2
75 419
1 10 2
339 477
1 8 2
78 489
1 14 2
55 325
1 9 2
183 266
1 7 2
236 454
1 12 2
235 437
1 11 2
83 118
1 2 2
58 312
1 8 2
357 369
1 9 2
440 466
1 14 2
56 153
1 3 2
172 394
1 2 2
447 475
1 11 2
252 253
1 5 2
291 295
1 6 2
142 377
1 9 2
211 274
1 3 2
249 431
1 6 2
300 378
1 2 2
111 187
1 15 2
86 422
1 13 2
116 290
1 8 2
188 211
1 4 2
48 396
1 4 2
89 297
1 14 2
26 472
1 6 2
118 129
1 9 2
140 477
1 4 2
104 202
1 11 2
13 130
1 14 2
89 182
1 13 2
363 409
1 6 2
3 201
1 10 2
344 420
1 8 2
415 495
1 3 2
48 277
1 10 2
392 458
1 11 2
20 141
1 8 2
36 309
1 14 2
144 455
1 12 2
303 448
1 6 2
199 439
1 12 2
140 442
1 4 2
151 252
1 13 2
295 361
1 13 2
307 459
1 13 2
181 359
1 5 2
135 442
1 3 2
42 206
1 7 2
184 364
1 10 2
173 304
1 12 2
72 311
1 12 2
180 208
1 4 2
158 262
1 15 2
260 489
1 13 2
378 418
1 14 2
166 493
1 12 2
41 168
1 2 2
31 275
1 14 2
21 127
1 11 2
32 199
1 5 2
98 437
1 9 2
362 496
1 14 2
55 247
1 14 2
8 407
1 4 2
148 442
1 15 2
17 188
1 6 2
36 395
1 6 2
249 355
1 5 2
23 476
1 2 2
14 349
1 15 2
51 464
1 8 2
125 189
1 8 2
277 340
1 15 2
75 462
1 10 2
291 408
1 15 2
224 420
1 3 2
212 332
1 11 2
218 321
1 12 2
199 368
1 11 2
35 117
1 8 2
188 463
1 7 2
214 440
1 2 2
120 446
1 6 2
346 477
1 2 2
25 424
1 10 2
105 127
1 8 2
344 459
1 8 2
21 301
1 15 2
21 451
1 5 2
16 91
1 6 2
413 453
1 10 2
33 137
1 13 2
25 319
1 5 2
363 497
1 7 2
204 357
1 8 2
217 318
1 11 2
75 129
1 8 2
251 307
1 7 2
269 400
1 8 2
30 468
1 6 2
57 498
1 4 2
204 244
1 13 2
43 403
1 5 2
133 410
1 2 2
216 289
1 6 2
75 97
1 3 2
234 361
1 10 2
125 450
1 8 2
56 332
1 3 2
166 379
1 8 2
63 242
1 15 2
231 289
1 14 2
257 280
1 8 2
129 170
1 12 2
408 467
1 2 2
70 234
1 8 2
104 278
1 12 2
50 399
1 4 2
334 479
1 2 2
161 353
1 6 2
28 272
1 13 2
22 179
1 8 2
50 115
1 14 2
54 151
1 3 2
193 454
1 3 2
81 397
1 4 2
98 246
1 13 2
107 255
1 8 2
70 72
1 10 2
285 490
1 7 2
83 315
1 12 2
151 413
1 7 2
116 402
1 15 2
227 320
1 9 2
160 493
1 12 2
200 283
1 13 2
11 475
1 15 2
64 209
1 6 2
9 204
1 8 2
86 415
1 8 2
293 299
1 7 2
266 470
1 12 2
369 437
1 5 2
88 257
1 9 2
169 409
1 10 2
305 418
1 6 2
84 362
1 8 2
54 218
1 4 2
225 241
1 7 2
271 273
1 14 2
436 453
1 11 2
4 330
1 5 2
90 303
1 15 2
18 242
1 10 2
296 435
1 13 2
300 352
1 5 2
70 336
1 5 2
11 77
1 2 2
105 402
1 3 2
271 396
1 7 2
90 400
1 9 2
1 495
1 15 2
32 264
1 11 2
101 420
1 7 2
14 220
1 13 2
259 316
1 5 2
113 359
1 15 2
371 477
1 4 2
49 417
1 12 2
52 344
1 10 2
438 496
1 3 2
25 170
1 13 2
97 244
1 8 2
345 432
1 10 2
197 206
1 6 2
192 392
1 7 2
279 368
1 15 2
79 374
1 12 2
6 335
1 9 2
24 275
1 3 2
64 100
1 7 2
390 438
1 12 2
8 217
1 13 2
70 216
1 6 2
186 287
1 4 2
31 334
1 11 2
54 361
1 15 2
59 122
1 11 2
217 474
1 13 2
321 490
1 15 2
9 138
1 12 2
63 311
1 4 2
275 422
1 6 2
33 472
1 4 2
134 464
1 4 2
21 499
1 11 2
169 318
1 6 2
201 229
1 9 2
60 444
1 15 2
9 252
1 2 2
274 391
1 13 2
70 490
1 4 2
63 296
1 4 2
190 216
1 9 2
366 486
1 7 2
350 458
1 15 2
200 252
1 2 2
209 435
1 13 2
12 68
1 6 2
136 294
1 13 2
346 416
1 4 2
123 465
1 15 2
284 317
1 12 2
126 273
1 15 2
294 342
1 9 2
45 331
1 4 2
20 227
1 2 2
349 402
1 15 2
246 336
1 10 2
48 208
1 9 2
74 186
1 4 2
301 355
1 3 2
113 200
1 8 2
239 440
1 7 2
116 465
1 10 2
62 113
1 12 2
210 440
1 12 2
92 290
1 3 2
14 353
1 5 2
401 424
1 2 2
6 304
1 10 2
205 425
1 13 2
108 208
1 14 2
189 361
1 10 2
200 482
1 9 2
304 352
1 5 2
79 205
1 4 2
15 483
1 3 2
101 343
1 3 2
138 140
1 9 2
261 314
1 7 2
79 364
1 13 2
76 237
1 5 2
140 392
1 5 2
148 427
1 7 2
7 373
1 5 2
207 496
1 14 2
104 461
1 8 2
122 158
1 4 2
5 259
1 8 2
450 486
1 6 2
183 264
1 15 2
288 322
1 8 2
199 272
1 2 2
227 455
1 13 2
19 242
1 3 2
218 406
1 7 2
167 447
1 6 2
196 368
1 15 2
14 449
1 13 2
250 313
1 2 2
61 487
1 2 2
171 331
1 3 2
221 422
1 4 2
439 465
1 6 2
190 231
1 4 2
122 137
1 3 2
475 488
1 15 2
200 232
1 13 2
254 257
1 11 2
19 201
1 6 2
145 368
1 11 2
230 322
1 6 2
36 332
1 7 2
407 411
1 6 2
42 124
1 6 2
143 314
1 11 2
39 284
1 13 2
188 373
1 6 2
239 471
1 15 2
463 492
1 8 2
94 228
1 14 2
70 271
1 4 2
163 190
1 8 2
179 352
1 6 2
212 315
1 8 2
328 441
1 4 2
116 263
1 12 2
312 429
1 5 2
72 74
1 12 2
97 233
1 6 2
8 411
1 8 2
154 484
1 10 2
271 298
1 7 2
54 412
1 7 2
320 383
1 11 2
255 456
1 10 2
34 372
1 2 2
160 314
1 2 2
421 429
1 6 2
343 444
1 4 2
30 245
1 12 2
124 354
1 11 2
75 386
1 5 2
127 437
1 14 2
49 130
1 3 2
150 482
1 14 2
298 348
1 7 2
385 396
1 13 2
213 444
1 9 2
202 257
1 10 2
121 228
1 15 2
16 99
1 9 2
1 63
1 12 2
58 285
1 8 2
483 486
1 3 2
21 373
1 6 2
116 311
1 9 2
1 136
1 5 2
175 463
1 4 2
5 404
1 10 2
332 346
1 13 2
59 295
1 6 2
353 424
1 8 2
288 391
1 5 2
214 226
1 14 2
235 392
1 13 2
165 372
1 11 2
172 176
1 15 2
434 467
1 3 2
306 389
1 10 2
60 357
1 2 2
164 223
1 11 2
20 476
1 2 2
117 422
1 10 2
124 385
1 7 2
131 150
1 11 2
104 110
1 8 2
202 236
1 11 2
419 452
1 4 2
103 161
1 15 2
19 281
1 3 2
57 177
1 2 2
4 301
1 8 2
278 429
1 15 2
275 377
1 11 2
139 320
1 14 2
384 444
1 11 2
298 431
1 11 2
356 445
1 11 2
170 320
1 4 2
241 475
1 2 2
135 430
1 3 2
201 432
1 7 2
6 358
1 4 2
66 82
1 6 2
382 403
1 7 2
123 358
1 5 2
277 290
1 10 2
128 351
1 2 2
85 93
1 11 2
109 283
1 9 2
278 379
1 6 2
15 337
1 14 2
52 443
1 4 2
3 238
1 9 2
277 481
1 5 2
239 417
1 12 2
17 146
1 6 2
107 356
1 9 2
14 182
1 7 2
345 395
1 14 2
21 95
1 14 2
53 493
1 10 2
88 450
1 13 2
411 443
1 7 2
200 449
1 6 2
381 425
1 2 2
69 110
1 7 2
421 499
1 10 2
28 408
1 3 2
223 265
1 6 2
166 219
1 6 2
368 413
1 4 2
358 403
1 15 2
148 337
1 7 2
127 186
1 6 2
278 350
1 10 2
175 209
1 7 2
2 110
1 12 2
266 435
1 3 2
300 321
1 6 2
207 417
1 4 2
30 439
1 2 2
238 411
1 2 2
21 88
1 14 2
347 477
1 13 2
316 439
1 6 2
39 411
1 10 2
210 294
1 8 2
27 34
1 8 2
273 468
1 13 2
250 349
1 14 2
95 271
1 8 2
42 212
1 3 2
105 339
1 4 2
173 281
1 9 2
192 295
1 4 2
422 478
1 5 2
264 326
1 3 2
197 371
1 9 2
223 245
1 14 2
82 195
1 13 2
100 161
1 13 2
24 50
1 6 2
154 343
1 2 2
99 150
1 11 2
246 307
1 7 2
52 282
1 11 2
248 274
1 15 2
304 427
1 2 2
420 460
1 6 2
15 87
1 9 2
255 299
1 3 2
241 457
1 12 2
44 238
1 13 2
248 287
1 3 2
397 426
1 12 2
226 302
1 6 2
206 284
1 13 2
8 145
1 15 2
105 434
1 11 2
76 214
1 5 2
117 455
1 15 2
134 235
1 5 2
313 350
1 4 2
259 360
1 13 2
199 255
1 15 2
265 403
1 11 2
73 230
1 9 2
83 99
1 9 2
26 184
1 10 2
10 27
1 9 2
61 268
1 8 2
234 381
1 4 2
6 62
1 14 2
257 385
1 11 2
422 482
1 2 2
17 471
1 8 2
271 470
1 12 2
163 449
1 15 2
46 406
1 7 2
124 494
1 9 2
345 469
1 15 2
319 361
1 5 2
81 96
1 4 2
227 268
1 15 2
158 160
1 8 2
195 337
1 14 2
41 351
1 11 2
209 285
1 8 2
236 240
1 4 2
99 228
1 2 2
90 485
1 5 2
81 449
1 6 2
267 365
1 7 2
108 268
1 6 2
96 197
1 12 2
176 400
1 9 2
301 360
1 2 2
83 183
1 15 2
120 344
1 13 2
169 413
1 14 2
260 483
1 2 2
106 153
1 11 2
233 312
1 6 2
67 311
1 8 2
36 84
1 12 2
80 239
1 13 2
41 429
1 4 2
301 467
1 7 2
80 302
1 14 2
25 419
1 7 2
273 282
1 3 2
163 223
1 15 2
107 417
1 8 2
137 378
1 4 2
20 309
1 5 2
116 350
1 2 2
88 275
1 11 2
163 457
1 12 2
3 62
1 7 2
283 304
1 10 2
67 152
1 10 2
116 301
1 14 2
351 429
1 5 2
381 398
1 8 2
259 411
1 8 2
166 333
1 4 2
366 380
1 10 2
40 90
1 10 2
49 416
1 6 2
281 457
1 5 2
342 496
1 5 2
313 384
1 13 2
275 322
1 2 2
219 376
1 5 2
16 459
1 8 2
408 483
1 8 2
136 485
1 15 2
161 259
1 11 2
369 431
1 10 2
203 351
1 8 2
308 490
1 8 2
38 225
1 4 2
33 446
1 6 2
89 428
1 4 2
46 296
1 10 2
304 400
1 5 2
16 171
1 4 2
266 415
1 2 2
140 491
1 7 2
48 347
1 13 2
404 467
1 14 2
294 466
1 3 2
208 372
1 10 2
36 163
1 11 2
216 358
1 8 2
2 426
1 9 2
42 159
1 7 2
226 261
1 6 2
293 345
1 7 2
115 190
1 4 2
31 442
1 12 2
209 405
1 13 2
135 175
1 15 2
102 202
1 2 2
152 302
1 11 2
24 332
1 4 2
34 469
1 3 2
214 458
1 6 2
152 285
1 12 2
16 494
1 10 2
277 427
1 2 2
99 268
1 6 2
119 386
1 4 2
96 150
1 9 2
101 293
1 6 2
53 211
1 2 2
113 363
1 2 2
169 189
1 8 2
39 335
1 14 2
319 498
1 3 2
54 93
1 15 2
311 458
1 3 2
16 140
1 15 2
193 488
1 12 2
391 485
1 9 2
383 440
1 11 2
22 110
1 10 2
27 227
1 8 2
200 250
1 9 2
138 488
1 11 2
1 336
1 15 2
92 139
1 13 2
76 471
1 12 2
217 392
1 13 2
12 153
1 11 2
137 407
1 13 2
125 385
1 14 2
36 68
1 5 2
83 360
1 3 2
159 316
1 10 2
322 373
1 7 2
374 419
1 7 2
139 464
1 10 2
76 461
1 6 2
377 447
1 10 2
255 491
1 14 2
48 153
1 13 2
266 360
1 11 2
146 424
1 11 2
219 366
1 6 2
238 349
1 7 2
173 473
1 12 2
44 152
1 8 2
231 271
1 3 2
55 169
1 14 2
48 474
1 12 2
172 472
1 2 2
307 325
1 9 2
235 449
1 3 2
86 283
1 2 2
40 443
1 9 2
279 283
1 14 2
3 55
1 12 2
22 55
1 13 2
5 149
1 7 2
105 384
1 6 2
228 280
1 12 2
356 358
1 9 2
117 473
1 8 2
126 203
1 14 2
343 374
1 6 2
331 381
1 3 2
352 421
1 5 2
285 440
1 2 2
168 477
1 14 2
117 356
1 13 2
132 214
1 5 2
0 318
1 10 2
99 193
1 7 2
232 415
1 10 2
277 312
1 7 2
101 137
1 15 2
293 411
1 7 2
107 239
1 12 2
333 382
1 15 2
195 382
1 2 2
107 270
1 14 2
60 234
1 10 2
115 484
1 15 2
166 386
1 6 2
256 415
1 12 2
290 402
1 7 2
437 465
1 15 2
140 278
1 5 2
185 403
1 8 2
17 243
1 11 2
63 283
1 2 2
207 449
1 13 2
82 276
1 2 2
333 388
1 4 2
193 210
1 10 2
0 289
1 14 2
135 464
1 15 2
253 336
1 12 2
355 473
1 13 2
283 332
1 4 2
8 485
1 2 2
218 392
1 8 2
221 475
1 5 2
272 416
1 5 2
223 446
1 10 2
334 429
1 4 2
99 403
1 10 2
292 442
1 11 2
25 387
1 12 2
315 451
1 13 2
16 122
1 2 2
49 375
1 4 2
171 357
1 15 2
272 422
1 11 2
44 182
1 8 2
185 380
1 15 2
306 421
1 6 2
335 479
1 9 2
128 443
1 5 2
34 477
1 13 2
38 285
1 11 2
234 236
1 15 2
17 93
1 14 2
333 408
1 2 2
266 319
1 6 2
118 479
1 2 2
182 387
1 2 2
290 343
1 13 2
97 449
1 13 2
68 279
1 9 2
96 410
1 13 2
67 323
1 11 2
251 497
1 9 2
1 463
1 6 2
76 393
1 4 2
431 441
1 11 2
4 298
1 13 2
105 306
1 12 2
304 470
1 4 2
213 441
1 8 2
350 371
1 2 2
451 462
1 6 2
120 189
1 13 2
179 318
1 2 2
97 341
1 8 2
0 488
1 9 2
277 454
1 6 2
121 174
1 7 2
108 269
1 6 2
126 280
1 13 2
129 316
1 6 2
195 412
1 2 2
155 180
1 11 2
21 208
1 8 2
20 236
1 6 2
109 243
1 12 2
182 220
1 4 2
79 297
1 7 2
160 192
1 7 2
11 376
1 12 2
5 386
1 6 2
64 266
1 6 2
382 422
1 10 2
447 449
1 2 2
61 454
1 5 2
333 390
1 3 2
29 72
1 6 2
199 351
1 14 2
28 221
1 5 2
114 196
1 9 2
113 444
1 12 2
175 438
1 15 2
140 460
1 9 2
383 439
1 14 2
400 469
1 13 2
51 92
1 11 2
393 464
1 6 2
133 436
1 14 2
234 446
1 10 2
120 222
1 2 2
87 157
1 6 2
167 206
1 6 2
121 214
1 15 2
212 488
1 2 2
42 480
1 13 2
115 225
1 7 2
357 368
1 2 2
144 451
1 2 2
151 389
1 15 2
100 258
1 15 2
127 459
1 3 2
122 342
1 7 2
218 463
1 5 2
114 271
1 3 2
280 467
1 15 2
411 462
1 11 2
205 436
1 6 2
328 472
1 7 2
254 361
1 4 2
169 385
1 10 2
148 362
1 13 2
301 409
1 6 2
352 389
1 9 2
3 274
1 11 2
275 398
1 9 2
197 393
1 12 2
174 397
1 5 2
216 487
1 9 2
100 406
1 10 2
127 199
1 13 2
14 111
1 13 2
187 216
1 15 2
25 192
1 8 2
136 374
1 11 2
84 284
1 14 2
30 431
1 11 2
11 487
1 5 2
348 376
1 7 2
338 479
1 7 2
102 130
1 11 2
68 407
1 4 2
266 367
1 13 2
141 325
1 11 2
310 418
1 10 2
82 232
1 10 2
215 271
1 5 2
173 249
1 6 2
46 309
1 15 2
37 49
1 3 2
280 438
1 11 2
67 192
1 10 2
6 356
1 8 2
352 467
1 3 2
141 397
1 3 2
45 338
1 2 2
66 468
1 14 2
305 422
1 13 2
60 334
1 14 2
19 344
1 14 2
58 196
1 2 2
189 270
1 10 2
265 344
1 16 2
150 210
1 14 2
153 381
1 27 2
16 34
1 26 2
107 433
1 15 2
22 147
1 7 2
199 336
1 13 2
134 180
1 19 2
31 376
1 13 2
150 338
1 25 2
53 453
1 13 2
116 219
1 20 2
204 444
1 14 2
353 429
1 19 2
52 91
1 19 2
162 352
1 7 2
277 374
1 14 2
334 448
1 6 2
28 473
1 5 2
83 111
500 2980 2500
8 9 5 8 9 8 16 25 14 15 21 20 21 9 25 16 10 9 11 14 16 11 6 18 18 17 24 9 12 5 19 6 7 17 9 20 18 21 11 16 18 24 14 24 12 24 6 22 14 9 13 7 8 14 8 8 9 25 6 13 21 8 12 24 15 20 18 11 24 15 13 15 16 22 5 14 18 16 21 23 5 13 20 6 19 10 15 6 18 23 21 19 22 5 23 11 15 24 21 18 11 8 10 9 5 16 13 9 10 15 24 9 20 7 15 20 8 8 15 7 6 19 21 8 18 13 5 20 16 8 9 21 17 15 25 24 19 16 16 11 18 20 16 13 20 25 23 18 25 18 20 6 16 18 19 9 17 18 6 9 8 10 25 19 13 14 22 20 11 13 22 11 24 17 19 21 13 18 12 12 15 21 13 10 12 20 13 25 21 17 22 25 18 14 24 16 23 19 22 25 15 12 18 13 22 25 14 18 13 14 19 16 25 18 24 16 6 16 23 8 15 9 12 11 25 5 19 18 21 14 16 7 6 13 17 22 24 10 15 13 8 10 24 14 10 24 21 18 11 15 20 20 21 18 10 18 23 8 23 25 9 16 17 10 23 13 8 6 13 11 24 11 21 15 21 14 10 19 22 24 13 18 21 23 17 21 24 21 9 7 17 8 8 10 23 19 18 25 25 25 24 22 22 7 7 8 12 17 6 23 12 14 19 18 18 5 21 22 19 10 22 15 10 6 10 15 5 16 7 19 24 13 23 9 11 24 9 7 14 25 25 14 6 24 6 5 17 9 9 12 10 20 14 17 13 13 5 9 6 23 15 7 20 12 19 21 5 22 20 7 20 15 5 11 15 23 6 25 19 11 24 10 15 6 13 18 25 25 14 14 25 10 14 21 23 13 15 10 24 8 24 21 23 25 7 12 19 8 17 6 7 11 10 15 8 13 8 6 21 22 13 12 24 24 23 20 24 19 6 24 10 24 25 10 11 23 25 18 22 5 14 18 9 24 21 23 23 24 13 21 21 14 15 8 15 18 13 17 8 14 21 22 16 17 5 12 13 11 14 12 13 12 5 13 19 11 25 19 21 6 13 21 13 5 17 23 7 8 14 21 6 5 5 10 5 20 23 20 8 14
3 16 10 11 20 10 9 5 19 11 4 16 6 16 3 10 5 20 19 8 16 11 20 16 17 9 19 18 3 14 7 10 9 5 20 16 7 18 16 4 9 8 14 9 12 19 10 16 20 4 6 4 13 20 4 6 3 7 6 19 20 15 4 3 16 13 3 15 6 18 17 6 19 13 11 20 18 19 5 19 11 12 17 12 18 14 7 14 3 16 7 20 4 13 18 11 19 9 17 19 6 7 8 14 3 12 9 20 3 16 20 5 13 15 4 8 20 5 6 16 5 9 10 19 17 8 8 10 8 9 18 11 18 14 7 15 3 16 16 15 3 4 10 19 15 19 10 8 13 14 6 9 16 13 10 5 20 3 7 13 17 16 13 19 12 12 4 16 15 15 4 11 8 10 20 4 8 7 10 9 9 19 7 20 16 15 11 15 20 11 9 8 15 18 18 20 16 10 9 17 12 12 15 7 3 4 10 15 16 11 16 20 15 11 15 19 8 9 6 14 5 18 19 8 18 10 18 19 6 15 13 9 7 14 9 15 6 12 3 4 19 4 13 4 16 19 10 17 9 15 4 13 14 5 8 6 16 6 12 4 15 4 13 9 15 15 5 13 5 15 6 17 13 14 8 12 3 15 16 5 3 12 5 13 20 17 14 14 18 3 11 8 4 16 20 11 7 3 7 12 15 13 6 15 10 16 3 13 6 5 4 19 9 6 9 19 14 11 18 8 4 14 8 12 14 8 20 10 8 20 17 20 8 4 16 19 19 3 4 18 8 9 17 10 6 16 5 10 14 15 14 9 8 7 12 20 7 3 6 19 4 5 15 3 7 19 19 15 17 17 14 6 3 4 16 5 15 11 4 9 14 14 8 7 15 15 15 3 20 11 5 7 5 12 9 3 8 10 9 16 6 16 6 10 15 16 19 3 7 20 20 10 12 7 12 8 6 19 14 4 18 6 16 17 9 17 20 5 13 14 8 4 8 6 10 3 20 8 7 15 16 6 20 8 13 9 14 15 14 14 17 13 11 13 17 5 7 4 12 6 15 15 19 12 5 4 11 18 13 9 8 16 3 10 18 19 16 14 6 15 10 14 17 18 3 12 7 3 17 19 10 19 12 7 12 3 11 8 5 12
1 15 2
55 250
1 3 2
38 378
1 2 2
66 215
1 2 2
267 387
1 10 2
43 412
1 10 2
195 449
1 5 2
333 335
1 13 2
78 86
1 11 2
276 281
1 6 2
251 439
1 3 2
334 476
1 12 2
212 277
1 2 2
227 282
1 14 2
1 341
1 14 2
27 144
1 15 2
460 479
1 12 2
98 277
1 11 2
399 442
1 15 2
20 341
1 10 2
74 434
1 11 2
88 125
1 7 2
76 316
1 12 2
28 230
1 4 2
105 320
1 3 2
282 351
1 4 2
5 17
1 12 2
197 296
1 2 2
197 367
1 4 2
199 434
1 9 2
87 260
1 12 2
162 185
1 9 2
303 368
1 5 2
218 397
1 5 2
271 441
1 15 2
77 486
1 10 2
65 263
1 15 2
214 438
1 7 2
120 140
1 11 2
364 447
1 8 2
175 288
1 5 2
98 385
1 10 2
21 179
1 4 2
106 150
1 15 2
203 454
1 3 2
30 312
1 13 2
375 394
1 4 2
100 384
1 3 2
203 428
1 4 2
199 453
1 9 2
296 390
1 10 2
384 471
1 6 2
207 328
1 10 2
281 465
1 15 2
224 329
1 13 2
383 413
1 8 2
305 427
1 5 2
204 459
1 5 2
6 339
1 11 2
410 494
1 15 2
63 348
1 7 2
6 371
1 2 2
407 463
1 9 2
291 415
1 9 2
188 356
1 7 2
162 225
1 9 2
111 407
1 9 2
282 461
1 7 2
7 129
1 2 2
23 238
1 12 2
168 225
1 3 2
1 56
1 6 2
46 82
1 15 2
111 449
1 5 2
146 170
1 6 2
73 250
1 3 2
70 357
1 12 2
5 249
1 10 2
154 313
1 10 2
180 452
1 14 2
194 404
1 14 2
366 415
1 8 2
12 326
1 12 2
55 327
1 11 2
139 363
1 4 2
211 259
1 6 2
160 313
1 12 2
259 323
1 12 2
196 487
1 11 2
29 307
1 2 2
9 283
1 5 2
326 487
1 10 2
251 294
1 12 2
71 155
1 7 2
11 271
1 5 2
100 137
1 11 2
69 345
1 11 2
56 135
1 12 2
89 97
1 4 2
227 484
1 14 2
124 430
1 6 2
397 466
1 5 2
142 475
1 10 2
214 253
1 15 2
45 218
1 5 2
165 228
1 10 2
13 133
1 10 2
373 497
1 15 2
386 489
1 5 2
98 242
1 7 2
160 428
1 11 2
1 93
1 10 2
155 272
1 7 2
161 487
1 3 2
107 234
1 2 2
348 401
1 13 2
9 82
1 6 2
30 267
1 10 2
218 324
1 6 2
371 392
1 8 2
5 26
1 12 2
199 345
1 13 2
90 327
1 10 2
310 313
1 15 2
199 448
1 10 2
41 233
1 8 2
108 241
1 14 2
138 426
1 12 2
404 430
1 12 2
95 236
1 13 2
350 411
1 8 2
256 359
1 5 2
96 297
1 14 2
238 400
1 12 2
101 132
1 3 2
109 368
1 3 2
68 388
1 9 2
10 250
1 10 2
27 363
1 9 2
67 130
1 9 2
143 478
1 11 2
471 473
1 11 2
57 239
1 13 2
127 265
1 3 2
3 154
1 12 2
247 433
1 15 2
90 385
1 13 2
117 344
1 4 2
227 382
1 5 2
242 499
1 7 2
29 334
1 6 2
136 217
1 13 2
101 115
1 7 2
316 375
1 9 2
107 118
1 12 2
172 233
1 3 2
224 334
1 9 2
128 366
1 4 2
288 309
1 12 2
168 388
1 3 2
192 381
1 10 2
232 289
1 5 2
64 73
1 12 2
223 336
1 13 2
288 490
1 11 2
47 405
1 9 2
53 418
1 4 2
313 401
1 4 2
25 248
1 6 2
338 490
1 5 2
282 365
1 15 2
227 462
1 5 2
132 391
1 11 2
55 412
1 9 2
242 276
1 6 2
58 390
1 9 2
53 267
1 13 2
173 260
1 10 2
29 463
1 14 2
115 146
1 4 2
7 10
1 7 2
220 492
1 12 2
118 308
1 10 2
322 477
1 14 2
224 254
1 5 2
274 283
1 7 2
139 348
1 11 2
203 287
1 8 2
67 225
1 10 2
242 364
1 4 2
385 426
1 8 2
259 439
1 4 2
400 477
1 4 2
264 398
1 11 2
91 387
1 4 2
138 261
1 10 2
16 461
1 4 2
136 455
1 5 2
49 120
1 12 2
15 190
1 13 2
84 212
1 11 2
83 86
1 9 2
357 461
1 2 2
83 222
1 7 2
302 465
1 6 2
247 401
1 2 2
160 170
1 5 2
130 131
1 2 2
305 412
1 15 2
67 134
1 11 2
148 348
1 4 2
331 474
1 14 2
111 124
1 13 2
277 285
1 14 2
6 372
1 15 2
36 357
1 5 2
71 141
1 7 2
144 203
1 12 2
2 131
1 11 2
154 234
1 5 2
32 474
1 3 2
48 238
1 4 2
236 242
1 2 2
193 390
1 13 2
205 463
1 5 2
253 394
1 15 2
8 317
1 9 2
136 335
1 14 2
43 93
1 13 2
230 304
1 9 2
339 350
1 15 2
286 382
1 12 2
92 370
1 6 2
290 295
1 2 2
192 348
1 8 2
187 244
1 3 2
127 410
1 3 2
224 488
1 8 2
0 394
1 12 2
36 56
1 8 2
337 378
1 13 2
53 279
1 5 2
184 224
1 14 2
246 264
1 11 2
183 369
1 6 2
94 405
1 14 2
157 275
1 7 2
89 350
1 13 2
372 388
1 15 2
479 488
1 11 2
69 90
1 12 2
84 146
1 14 2
11 162
1 11 2
244 349
1 3 2
47 255
1 13 2
207 359
1 6 2
156 416
1 12 2
401 476
1 2 2
113 190
1 8 2
111 450
1 10 2
174 282
1 8 2
82 435
1 2 2
309 351
1 4 2
242 431
1 3 2
171 409
1 4 2
142 216
1 5 2
0 234
1 10 2
93 417
1 4 2
455 463
1 5 2
31 173
1 15 2
39 279
1 4 2
13 161
1 4 2
302 340
1 2 2
63 409
1 3 2
150 344
1 10 2
238 422
1 14 2
81 84
1 3 2
323 396
1 6 2
91 141
1 15 2
40 107
1 14 2
100 421
1 2 2
287 347
1 10 2
59 162
1 11 2
269 365
1 11 2
11 145
1 6 2
4 145
1 5 2
393 399
1 9 2
123 315
1 9 2
30 132
1 9 2
238 276
1 5 2
199 293
1 4 2
166 186
1 4 2
108 228
1 8 2
162 186
1 9 2
162 242
1 7 2
388 430
1 3 2
150 270
1 14 2
26 326
1 5 2
8 42
1 10 2
241 450
1 7 2
32 196
1 10 2
323 440
1 13 2
81 87
1 12 2
13 28
1 9 2
39 302
1 2 2
126 351
1 8 2
233 467
1 8 2
22 23
1 4 2
207 271
1 6 2
196 310
1 12 2
104 257
1 8 2
489 498
1 6 2
268 272
1 12 2
54 499
1 14 2
144 344
1 7 2
123 492
1 12 2
426 427
1 8 2
325 405
1 10 2
26 183
1 14 2
87 160
1 2 2
234 456
1 6 2
139 336
1 10 2
387 412
1 5 2
123 233
1 5 2
85 481
1 7 2
161 455
1 2 2
299 450
1 11 2
290 337
1 15 2
431 484
1 2 2
3 220
1 14 2
43 161
1 4 2
15 104
1 3 2
402 408
1 8 2
78 390
1 9 2
131 235
1 5 2
306 491
1 2 2
243 287
1 11 2
354 361
1 4 2
152 464
1 4 2
34 409
1 9 2
34 410
1 15 2
119 193
1 14 2
12 401
1 12 2
17 245
1 2 2
5 131
1 7 2
90 181
1 8 2
323 453
1 15 2
181 445
1 9 2
141 242
1 7 2
17 333
1 8 2
38 92
1 11 2
40 480
1 5 2
176 207
1 7 2
37 241
1 5 2
27 397
1 8 2
124 233
1 15 2
3 216
1 11 2
209 411
1 7 2
404 419
1 3 2
67 400
1 4 2
200 209
1 9 2
240 284
1 12 2
58 463
1 12 2
239 460
1 11 2
7 145
1 12 2
47 100
1 13 2
99 260
1 15 2
189 408
1 12 2
4 382
1 12 2
214 255
1 10 2
196 201
1 10 2
9 389
1 7 2
317 436
1 13 2
384 402
1 6 2
321 495
1 6 2
84 189
1 5 2
320 386
1 12 2
71 176
1 5 2
173 398
1 10 2
340 445
1 14 2
194 369
1 12 2
146 361
1 14 2
76 432
1 8 2
12 227
1 2 2
137 444
1 3 2
70 308
1 7 2
67 319
1 3 2
90 180
1 5 2
71 360
1 15 2
56 384
1 8 2
147 280
1 3 2
89 423
1 4 2
24 307
1 8 2
6 429
1 12 2
149 291
1 13 2
193 479
1 7 2
187 369
1 2 2
208 401
1 2 2
191 495
1 6 2
161 339
1 7 2
87 262
1 4 2
75 402
1 8 2
384 409
1 10 2
266 270
1 4 2
252 418
1 12 2
40 404
1 11 2
34 134
1 15 2
172 218
1 14 2
284 396
1 13 2
112 444
1 7 2
7 191
1 3 2
113 164
1 15 2
161 294
1 5 2
36 283
1 3 2
12 236
1 14 2
49 313
1 13 2
55 124
1 14 2
190 386
1 2 2
16 98
1 11 2
370 455
1 6 2
28 325
1 13 2
279 289
1 12 2
154 241
1 12 2
106 152
1 6 2
236 323
1 4 2
19 432
1 7 2
142 311
1 14 2
72 120
1 5 2
312 466
1 14 2
234 260
1 11 2
90 495
1 5 2
343 404
1 14 2
38 125
1 13 2
171 427
1 4 2
251 474
1 7 2
63 342
1 11 2
228 337
1 10 2
230 329
1 12 2
146 458
1 5 2
0 463
1 9 2
144 488
1 13 2
29 319
1 7 2
96 269
1 12 2
110 315
1 13 2
356 491
1 2 2
119 272
1 5 2
2 388
1 9 2
75 166
1 15 2
98 107
1 13 2
130 314
1 2 2
1 82
1 4 2
57 434
1 3 2
62 223
1 5 2
92 491
1 10 2
201 227
1 4 2
219 462
1 9 2
63 434
1 8 2
308 429
1 4 2
4 204
1 14 2
219 396
1 2 2
317 364
1 5 2
362 376
1 8 2
29 92
1 9 2
237 331
1 3 2
229 388
1 2 2
46 158
1 8 2
88 144
1 3 2
10 457
1 4 2
47 368
1 8 2
135 306
1 10 2
62 217
1 2 2
170 470
1 9 2
110 456
1 7 2
41 87
1 2 2
125 181
1 10 2
186 272
1 8 2
254 332
1 5 2
110 361
1 14 2
64 70
1 3 2
115 198
1 6 2
112 301
1 10 2
26 355
1 2 2
60 195
1 10 2
246 398
1 11 2
410 467
1 14 2
53 487
1 8 2
99 312
1 4 2
185 313
1 3 2
98 227
1 6 2
176 308
1 7 2
71 140
1 10 2
260 402
1 11 2
375 430
1 12 2
211 291
1 2 2
286 425
1 3 2
29 215
1 7 2
51 177
1 5 2
153 486
1 6 2
193 353
1 13 2
189 475
1 5 2
184 350
1 6 2
138 152
1 3 2
184 476
1 9 2
341 404
1 13 2
51 306
1 3 2
259 472
1 2 2
204 305
1 7 2
21 381
1 14 2
258 328
1 2 2
86 108
1 3 2
158 485
1 10 2
144 371
1 15 2
240 252
1 6 2
79 321
1 11 2
272 448
1 11 2
252 302
1 10 2
55 345
1 14 2
189 201
1 6 2
34 283
1 6 2
38 122
1 12 2
40 356
1 8 2
1 257
1 11 2
154 213
1 3 2
49 99
1 7 2
308 310
1 6 2
28 250
1 10 2
341 370
1 13 2
113 343
1 14 2
8 495
1 15 2
78 324
1 14 2
268 353
1 13 2
316 489
1 9 2
27 225
1 3 2
225 495
1 2 2
429 476
1 14 2
9 24
1 11 2
218 413
1 4 2
173 226
1 13 2
48 83
1 5 2
67 281
1 2 2
176 363
1 9 2
255 417
1 6 2
147 407
1 3 2
189 438
1 14 2
237 318
1 4 2
276 451
1 13 2
151 393
1 15 2
97 320
1 11 2
112 438
1 11 2
172 448
1 9 2
186 365
1 14 2
148 346
1 5 2
203 498
1 12 2
121 325
1 2 2
238 350
1 6 2
225 400
1 12 2
234 301
1 4 2
32 68
1 11 2
422 460
1 3 2
145 255
1 15 2
70 241
1 4 2
102 139
1 10 2
266 456
1 10 2
147 324
1 12 2
4 212
1 13 2
47 345
1 13 2
139 185
1 4 2
42 204
1 7 2
102 374
1 5 2
17 359
1 11 2
366 439
1 3 2
87 483
1 13 2
5 387
1 6 2
214 258
1 5 2
46 458
1 6 2
5 100
1 15 2
380 439
1 3 2
143 319
1 4 2
183 236
1 15 2
301 414
1 10 2
233 321
1 8 2
81 249
1 14 2
364 493
1 12 2
88 494
1 7 2
137 164
1 12 2
309 366
1 2 2
50 68
1 11 2
300 354
1 4 2
77 219
1 7 2
331 459
1 5 2
339 468
1 8 2
103 446
1 9 2
125 389
1 14 2
178 407
1 11 2
0 367
1 6 2
278 457
1 14 2
97 169
1 10 2
127 175
1 2 2
438 483
1 14 2
109 387
1 13 2
29 459
1 13 2
28 179
1 2 2
278 311
1 8 2
164 466
1 15 2
179 383
1 5 2
218 259
1 7 2
29 61
1 5 2
46 71
1 2 2
232 338
1 14 2
66 429
1 9 2
128 474
1 9 2
384 494
1 4 2
120 145
1 8 2
221 292
1 3 2
5 153
1 15 2
125 436
1 6 2
196 411
1 6 2
200 301
1 11 2
133 340
1 13 2
169 264
1 7 2
93 157
1 15 2
226 329
1 13 2
453 469
1 7 2
259 285
1 9 2
438 466
1 14 2
164 481
1 13 2
295 409
1 15 2
316 497
1 13 2
139 186
1 8 2
45 145
1 9 2
227 380
1 7 2
354 359
1 15 2
418 479
1 3 2
185 302
1 3 2
9 474
1 2 2
341 445
1 2 2
391 496
1 3 2
321 350
1 3 2
131 231
1 6 2
35 264
1 6 2
35 381
1 9 2
218 302
1 3 2
140 402
1 4 2
97 302
1 7 2
164 362
1 11 2
235 460
1 3 2
215 487
1 6 2
82 449
1 9 2
20 166
1 13 2
122 225
1 4 2
109 162
1 13 2
208 269
1 5 2
58 260
1 11 2
78 113
1 11 2
124 482
1 7 2
167 225
1 13 2
49 423
1 5 2
231 473
1 13 2
295 463
1 13 2
171 418
1 2 2
239 255
1 4 2
461 480
1 10 2
155 355
1 2 2
408 421
1 15 2
147 469
1 3 2
140 418
1 12 2
92 369
1 4 2
416 438
1 8 2
164 472
1 5 2
99 148
1 8 2
26 473
1 3 2
25 433
1 12 2
231 295
1 7 2
77 260
1 9 2
14 42
1 8 2
305 385
1 8 2
54 254
1 2 2
150 436
1 7 2
61 117
1 15 2
324 489
1 9 2
78 181
1 15 2
282 411
1 10 2
223 233
1 5 2
22 266
1 2 2
251 377
1 10 2
118 312
1 10 2
335 352
1 2 2
305 387
1 7 2
2 370
1 10 2
323 368
1 13 2
162 398
1 7 2
7 72
1 7 2
263 312
1 14 2
166 210
1 10 2
406 489
1 13 2
146 436
1 15 2
173 480
1 3 2
153 487
1 10 2
14 307
1 12 2
256 315
1 12 2
251 278
1 5 2
25 294
1 10 2
176 448
1 3 2
142 402
1 10 2
168 255
1 9 2
210 359
1 2 2
250 447
1 7 2
355 418
1 5 2
14 168
1 15 2
291 311
1 10 2
13 459
1 6 2
119 499
1 7 2
137 362
1 12 2
189 400
1 8 2
221 281
1 12 2
117 149
1 12 2
161 219
1 3 2
305 351
1 8 2
33 464
1 9 2
2 378
1 8 2
121 265
1 3 2
31 68
1 4 2
171 422
1 3 2
338 457
1 9 2
233 308
1 8 2
122 353
1 3 2
379 387
1 14 2
72 242
1 10 2
116 152
1 15 2
315 495
1 4 2
323 404
1 15 2
14 184
1 14 2
122 180
1 11 2
213 224
1 4 2
171 376
1 14 2
244 402
1 9 2
180 456
1 15 2
459 492
1 13 2
41 355
1 13 2
87 284
1 6 2
194 311
1 3 2
64 99
1 12 2
319 394
1 11 2
18 364
1 13 2
34 460
1 11 2
33 136
1 3 2
284 362
1 13 2
109 377
1 11 2
177 256
1 5 2
4 218
1 6 2
49 279
1 2 2
110 466
1 14 2
342 484
1 6 2
68 375
1 11 2
4 130
1 10 2
297 491
1 11 2
267 315
1 6 2
107 236
1 5 2
205 441
1 15 2
176 380
1 13 2
96 468
1 9 2
349 378
1 12 2
30 83
1 9 2
320 416
1 8 2
354 475
1 7 2
338 491
1 10 2
21 173
1 6 2
132 366
1 11 2
11 136
1 14 2
270 395
1 11 2
79 347
1 13 2
439 452
1 8 2
8 369
1 4 2
296 452
1 15 2
11 392
1 12 2
146 204
1 9 2
209 439
1 8 2
398 453
1 8 2
166 472
1 2 2
179 376
1 9 2
0 222
1 6 2
87 189
1 12 2
303 347
1 12 2
400 416
1 5 2
289 324
1 12 2
274 406
1 12 2
93 355
1 12 2
76 389
1 6 2
1 375
1 11 2
100 188
1 14 2
83 416
1 14 2
69 157
1 5 2
243 371
1 8 2
194 316
1 5 2
208 261
1 6 2
106 262
1 7 2
96 254
1 5 2
193 480
1 9 2
87 101
1 4 2
239 282
1 11 2
296 429
1 5 2
133 425
1 15 2
139 177
1 14 2
55 202
1 8 2
51 231
1 8 2
104 428
1 4 2
87 95
1 8 2
173 241
1 8 2
53 152
1 4 2
351 382
1 7 2
445 494
1 3 2
20 110
1 13 2
367 396
1 12 2
414 466
1 11 2
102 230
1 9 2
86 176
1 2 2
19 376
1 2 2
20 117
1 4 2
487 489
1 8 2
190 209
1 7 2
14 475
1 14 2
89 135
1 8 2
374 468
1 13 2
172 270
1 4 2
169 343
1 12 2
128 311
1 7 2
234 385
1 11 2
53 104
1 13 2
31 78
1 13 2
187 346
1 12 2
216 237
1 3 2
413 428
1 12 2
132 251
1 11 2
343 436
1 13 2
151 447
1 11 2
243 351
1 4 2
68 339
1 12 2
64 321
1 10 2
127 396
1 5 2
322 498
1 6 2
127 208
1 12 2
272 435
1 6 2
26 221
1 2 2
35 351
1 3 2
47 204
1 9 2
268 444
1 7 2
308 359
1 2 2
146 239
1 12 2
279 304
1 6 2
36 428
1 13 2
114 426
1 12 2
208 303
1 2 2
253 435
1 5 2
234 323
1 13 2
19 33
1 11 2
30 291
1 14 2
138 247
1 13 2
173 266
1 12 2
164 289
1 2 2
111 461
1 2 2
282 447
1 3 2
170 215
1 9 2
4 267
1 8 2
364 432
1 2 2
99 338
1 6 2
3 231
1 3 2
299 483
1 4 2
159 175
1 3 2
111 216
1 4 2
92 193
1 9 2
379 425
1 12 2
148 284
1 5 2
214 374
1 5 2
147 197
1 6 2
204 306
1 5 2
333 438
1 11 2
161 304
1 6 2
18 295
1 10 2
88 171
1 2 2
171 407
1 13 2
111 259
1 2 2
44 64
1 4 2
25 31
1 2 2
47 227
1 15 2
166 246
1 3 2
371 387
1 11 2
144 422
1 11 2
149 155
1 8 2
121 210
1 14 2
147 376
1 14 2
236 406
1 7 2
323 366
1 5 2
55 179
1 12 2
141 437
1 5 2
216 288
1 15 2
126 362
1 14 2
158 359
1 9 2
141 354
1 10 2
150 448
1 12 2
189 377
1 2 2
362 427
1 7 2
29 361
1 8 2
315 438
1 7 2
65 202
1 4 2
73 423
1 6 2
291 317
1 7 2
228 463
1 14 2
138 346
1 7 2
48 80
1 3 2
364 482
1 7 2
103 452
1 2 2
383 435
1 4 2
225 373
1 8 2
231 234
1 14 2
190 482
1 3 2
342 481
1 2 2
86 309
1 11 2
237 418
1 3 2
57 488
1 14 2
60 352
1 10 2
305 369
1 13 2
361 419
1 10 2
87 352
1 5 2
29 387
1 14 2
191 427
1 5 2
11 192
1 3 2
259 366
1 12 2
330 484
1 3 2
13 26
1 14 2
80 151
1 12 2
92 219
1 12 2
133 242
1 14 2
273 290
1 5 2
275 296
1 4 2
0 407
1 7 2
64 104
1 12 2
7 68
1 8 2
334 492
1 12 2
96 435
1 4 2
393 422
1 8 2
89 99
1 14 2
60 497
1 4 2
139 181
1 10 2
104 314
1 12 2
19 252
1 14 2
295 473
1 13 2
112 457
1 8 2
33 404
1 5 2
162 478
1 10 2
178 423
1 15 2
12 170
1 14 2
180 217
1 2 2
275 376
1 7 2
333 386
1 9 2
145 193
1 4 2
169 417
1 6 2
186 420
1 5 2
45 276
1 7 2
81 321
1 15 2
218 409
1 8 2
236 496
1 10 2
90 469
1 13 2
134 412
1 2 2
110 459
1 4 2
357 431
1 14 2
160 295
1 12 2
71 82
1 15 2
227 276
1 12 2
308 476
1 6 2
386 464
1 4 2
300 326
1 14 2
109 282
1 6 2
277 398
1 8 2
282 331
1 12 2
211 411
1 10 2
66 251
1 6 2
34 131
1 10 2
412 431
1 12 2
103 440
1 12 2
366 390
1 2 2
393 425
1 6 2
121 430
1 8 2
315 488
1 15 2
199 289
1 7 2
5 104
1 14 2
68 490
1 2 2
99 214
1 10 2
12 35
1 3 2
29 313
1 3 2
42 123
1 12 2
124 387
1 10 2
275 459
1 9 2
312 373
1 11 2
64 138
1 5 2
182 318
1 4 2
291 346
1 8 2
283 358
1 3 2
213 452
1 8 2
221 320
1 6 2
442 461
1 15 2
293 495
1 11 2
150 402
1 11 2
274 416
1 2 2
181 361
1 10 2
406 447
1 3 2
20 497
1 4 2
163 281
1 13 2
94 488
1 7 2
315 320
1 2 2
9 387
1 12 2
265 397
1 14 2
7 108
1 9 2
352 403
1 5 2
161 467
1 9 2
207 440
1 11 2
166 208
1 15 2
429 489
1 2 2
35 494
1 3 2
155 389
1 5 2
218 229
1 9 2
168 180
1 10 2
69 374
1 9 2
84 490
1 5 2
215 453
1 13 2
246 426
1 7 2
201 437
1 4 2
179 238
1 4 2
33 89
1 10 2
196 373
1 9 2
23 312
1 6 2
84 257
1 15 2
87 119
1 6 2
301 358
1 3 2
12 167
1 3 2
2 214
1 11 2
103 111
1 8 2
38 112
1 10 2
14 167
1 15 2
376 491
1 3 2
204 341
1 14 2
114 257
1 11 2
218 288
1 14 2
319 366
1 7 2
352 358
1 7 2
58 95
1 6 2
282 453
1 10 2
31 495
1 6 2
43 76
1 5 2
395 429
1 10 2
420 479
1 4 2
227 301
1 10 2
377 495
1 15 2
244 296
1 8 2
25 289
1 14 2
45 350
1 5 2
31 82
1 14 2
124 373
1 12 2
57 205
1 5 2
31 434
1 4 2
148 248
1 15 2
133 237
1 6 2
259 312
1 10 2
76 296
1 5 2
4 279
1 14 2
284 329
1 6 2
45 245
1 4 2
97 215
1 10 2
11 193
1 8 2
245 388
1 6 2
55 273
1 11 2
326 446
1 11 2
91 93
1 2 2
2 486
1 14 2
123 369
1 14 2
133 150
1 2 2
44 73
1 10 2
282 454
1 3 2
176 231
1 5 2
121 155
1 12 2
403 452
1 11 2
203 346
1 14 2
192 336
1 7 2
173 189
1 12 2
24 259
1 8 2
31 446
1 7 2
266 491
1 14 2
260 360
1 14 2
254 415
1 11 2
232 242
1 8 2
44 51
1 11 2
95 258
1 14 2
152 394
1 3 2
167 357
1 2 2
47 215
1 7 2
122 365
1 8 2
9 488
1 12 2
291 360
1 12 2
386 455
1 10 2
466 495
1 10 2
298 485
1 15 2
383 486
1 6 2
85 391
1 14 2
239 340
1 15 2
79 158
1 11 2
66 480
1 10 2
178 205
1 8 2
239 365
1 11 2
73 97
1 8 2
58 328
1 4 2
120 245
1 10 2
22 244
1 11 2
328 403
1 3 2
28 142
1 15 2
200 459
1 3 2
107 354
1 11 2
268 464
1 4 2
50 414
1 13 2
345 425
1 11 2
339 445
1 11 2
287 356
1 3 2
79 373
1 13 2
118 487
1 6 2
207 340
1 10 2
58 124
1 12 2
267 426
1 8 2
139 377
1 3 2
60 155
1 13 2
217 460
1 4 2
25 207
1 10 2
125 157
1 11 2
348 368
1 9 2
376 450
1 6 2
332 348
1 9 2
148 393
1 3 2
25 137
1 8 2
96 304
1 6 2
178 299
1 8 2
193 496
1 13 2
355 485
1 2 2
143 251
1 2 2
363 475
1 7 2
426 465
1 2 2
23 64
1 13 2
136 187
1 7 2
268 452
1 10 2
451 471
1 11 2
47 220
1 13 2
184 273
1 12 2
166 279
1 9 2
194 301
1 14 2
383 488
1 3 2
23 473
1 7 2
150 322
1 9 2
40 120
1 10 2
372 453
1 12 2
34 420
1 15 2
289 338
1 10 2
48 291
1 15 2
257 464
1 13 2
329 496
1 12 2
183 286
1 8 2
291 455
1 5 2
251 366
1 11 2
26 171
1 15 2
243 302
1 4 2
193 262
1 15 2
7 155
1 5 2
354 363
1 8 2
131 194
1 11 2
181 246
1 5 2
164 214
1 5 2
414 473
1 10 2
202 243
1 6 2
82 420
1 15 2
97 220
1 13 2
154 350
1 2 2
349 489
1 12 2
296 367
1 8 2
10 260
1 11 2
427 468
1 2 2
71 275
1 3 2
49 93
1 15 2
228 278
1 12 2
147 264
1 7 2
31 280
1 5 2
37 293
1 14 2
2 139
1 12 2
206 418
1 9 2
309 328
1 13 2
8 276
1 12 2
60 455
1 15 2
4 313
1 10 2
238 338
1 15 2
50 59
1 10 2
7 109
1 13 2
12 33
1 11 2
187 248
1 13 2
426 442
1 12 2
151 420
1 3 2
200 266
1 7 2
373 393
1 7 2
395 402
1 13 2
138 420
1 9 2
453 460
1 6 2
71 470
1 12 2
50 298
1 9 2
290 340
1 7 2
162 293
1 15 2
393 435
1 4 2
414 467
1 10 2
328 405
1 5 2
44 309
1 14 2
357 415
1 2 2
15 119
1 3 2
422 449
1 2 2
67 343
1 11 2
233 499
1 4 2
35 301
1 4 2
61 461
1 5 2
25 423
1 13 2
209 223
1 8 2
136 207
1 7 2
237 493
1 6 2
335 483
1 4 2
347 381
1 13 2
286 412
1 13 2
41 159
1 14 2
200 208
1 4 2
25 187
1 5 2
18 187
1 6 2
133 446
1 7 2
152 213
1 2 2
175 320
1 13 2
59 72
1 7 2
61 140
1 5 2
421 435
1 14 2
41 176
1 8 2
23 387
1 9 2
291 325
1 12 2
221 472
1 15 2
176 445
1 15 2
23 295
1 11 2
81 225
1 5 2
430 453
1 8 2
142 279
1 12 2
176 182
1 14 2
415 496
1 3 2
154 499
1 6 2
99 424
1 6 2
98 234
1 3 2
224 281
1 2 2
58 371
1 10 2
200 314
1 6 2
180 431
1 6 2
295 441
1 11 2
233 301
1 6 2
103 234
1 9 2
8 232
1 10 2
19 366
1 11 2
90 388
1 4 2
359 406
1 6 2
78 393
1 4 2
316 393
1 6 2
28 139
1 8 2
158 462
1 11 2
1 260
1 2 2
50 272
1 3 2
83 110
1 5 2
51 251
1 5 2
329 456
1 13 2
131 322
1 13 2
430 434
1 3 2
143 257
1 14 2
96 469
1 12 2
86 491
1 11 2
112 229
1 3 2
158 409
1 2 2
69 115
1 15 2
56 91
1 9 2
256 380
1 5 2
55 213
1 14 2
75 167
1 2 2
167 440
1 4 2
410 447
1 15 2
275 299
1 3 2
102 272
1 11 2
247 248
1 4 2
69 138
1 11 2
165 168
1 12 2
17 328
1 14 2
134 388
1 14 2
73 465
1 4 2
35 242
1 2 2
95 313
1 12 2
139 162
1 7 2
142 441
1 10 2
70 363
1 5 2
155 284
1 7 2
79 427
1 12 2
100 482
1 4 2
89 357
1 2 2
67 144
1 8 2
328 388
1 12 2
69 223
1 13 2
90 365
1 8 2
263 438
1 3 2
379 476
1 8 2
8 163
1 2 2
5 199
1 10 2
201 305
1 14 2
96 138
1 8 2
80 412
1 9 2
403 436
1 6 2
76 354
1 6 2
450 495
1 10 2
192 453
1 6 2
249 282
1 6 2
136 441
1 10 2
447 497
1 2 2
237 396
1 5 2
387 469
1 8 2
351 437
1 8 2
234 454
1 7 2
141 446
1 5 2
43 323
1 2 2
63 164
1 6 2
222 340
1 2 2
95 155
1 13 2
112 185
1 5 2
264 367
1 4 2
303 411
1 6 2
301 337
1 5 2
287 440
1 3 2
140 335
1 11 2
221 246
1 8 2
31 395
1 15 2
40 327
1 11 2
366 477
1 6 2
300 433
1 2 2
25 134
1 12 2
42 372
1 3 2
168 439
1 3 2
93 392
1 7 2
127 442
1 2 2
188 239
1 8 2
161 274
1 12 2
239 261
1 4 2
360 482
1 3 2
91 476
1 3 2
12 442
1 7 2
157 322
1 2 2
43 279
1 3 2
102 464
1 12 2
17 144
1 7 2
75 200
1 10 2
60 326
1 2 2
32 164
1 12 2
391 472
1 15 2
361 390
1 10 2
299 354
1 12 2
135 235
1 13 2
18 360
1 4 2
82 180
1 13 2
40 92
1 2 2
51 232
1 6 2
342 433
1 8 2
328 491
1 8 2
107 180
1 10 2
260 431
1 8 2
121 499
1 4 2
29 428
1 7 2
361 453
1 8 2
58 428
1 4 2
334 396
1 9 2
136 378
1 4 2
69 265
1 5 2
20 306
1 4 2
248 317
1 5 2
105 377
1 3 2
229 402
1 6 2
107 376
1 12 2
254 348
1 15 2
102 197
1 2 2
147 482
1 4 2
251 431
1 2 2
130 450
1 15 2
318 481
1 5 2
313 342
1 7 2
344 396
1 7 2
43 278
1 14 2
135 449
1 5 2
182 385
1 5 2
267 428
1 3 2
191 392
1 11 2
21 152
1 10 2
140 447
1 12 2
361 411
1 10 2
206 474
1 10 2
154 164
1 3 2
178 283
1 4 2
275 461
1 7 2
135 284
1 8 2
133 435
1 5 2
317 457
1 10 2
476 484
1 12 2
3 248
1 7 2
144 410
1 9 2
263 390
1 13 2
59 336
1 2 2
173 403
1 9 2
99 209
1 8 2
415 432
1 7 2
351 372
1 2 2
104 415
1 13 2
36 238
1 13 2
54 445
1 14 2
64 280
1 8 2
176 453
1 14 2
109 262
1 3 2
73 265
1 10 2
171 366
1 3 2
174 498
1 3 2
73 486
1 9 2
134 459
1 5 2
280 348
1 6 2
183 382
1 13 2
73 348
1 3 2
49 155
1 5 2
126 447
1 14 2
161 168
1 13 2
308 472
1 4 2
279 372
1 7 2
189 228
1 8 2
148 205
1 5 2
401 453
1 4 2
104 478
1 14 2
250 394
1 10 2
227 482
1 5 2
425 447
1 6 2
155 363
1 9 2
341 479
1 10 2
16 218
1 15 2
378 408
1 7 2
212 296
1 4 2
112 416
1 9 2
20 144
1 3 2
107 185
1 7 2
231 450
1 6 2
28 436
1 8 2
42 54
1 12 2
211 408
1 4 2
102 107
1 12 2
61 367
1 3 2
226 493
1 10 2
194 373
1 9 2
222 492
1 3 2
225 429
1 6 2
277 448
1 3 2
9 174
1 7 2
249 498
1 7 2
304 386
1 9 2
441 482
1 6 2
109 412
1 5 2
152 298
1 7 2
224 326
1 10 2
80 187
1 15 2
193 398
1 11 2
237 313
1 4 2
60 137
1 6 2
4 206
1 11 2
225 257
1 7 2
102 355
1 6 2
19 389
1 9 2
358 398
1 9 2
264 419
1 10 2
268 369
1 6 2
148 475
1 3 2
46 459
1 5 2
174 382
1 5 2
275 464
1 14 2
224 471
1 5 2
229 450
1 13 2
182 471
1 3 2
467 486
1 6 2
52 249
1 3 2
307 421
1 2 2
100 180
1 2 2
215 254
1 5 2
27 403
1 14 2
264 335
1 2 2
252 300
1 15 2
304 420
1 11 2
452 486
1 11 2
52 114
1 10 2
144 489
1 11 2
210 300
1 15 2
66 222
1 2 2
114 179
1 3 2
213 245
1 14 2
32 458
1 5 2
12 448
1 15 2
47 390
1 15 2
330 436
1 13 2
99 206
1 5 2
70 167
1 2 2
40 397
1 10 2
28 158
1 4 2
70 79
1 11 2
81 373
1 11 2
66 473
1 4 2
440 473
1 14 2
124 179
1 13 2
73 181
1 12 2
88 375
1 3 2
142 151
1 6 2
37 346
1 15 2
207 405
1 5 2
109 407
1 5 2
448 467
1 15 2
144 362
1 4 2
55 446
1 12 2
292 396
1 8 2
315 379
1 14 2
49 430
1 4 2
114 176
1 10 2
152 379
1 9 2
44 194
1 13 2
5 206
1 9 2
267 444
1 8 2
436 448
1 2 2
244 412
1 6 2
67 150
1 11 2
139 421
1 14 2
272 388
1 15 2
168 191
1 3 2
34 54
1 12 2
431 453
1 13 2
401 492
1 6 2
102 252
1 3 2
36 457
1 3 2
103 454
1 11 2
302 424
1 10 2
131 419
1 10 2
141 431
1 4 2
318 405
1 3 2
26 440
1 4 2
286 323
1 3 2
38 166
1 11 2
335 454
1 10 2
132 368
1 14 2
400 465
1 2 2
232 330
1 2 2
329 336
1 3 2
264 486
1 14 2
318 431
1 12 2
351 462
1 5 2
195 417
1 14 2
135 205
1 9 2
80 441
1 7 2
288 366
1 9 2
70 417
1 10 2
156 364
1 12 2
330 457
1 2 2
159 293
1 13 2
221 400
1 11 2
226 449
1 8 2
80 448
1 7 2
37 116
1 14 2
89 240
1 5 2
252 390
1 15 2
104 155
1 2 2
148 398
1 5 2
157 437
1 15 2
25 447
1 2 2
69 319
1 6 2
395 453
1 2 2
9 284
1 15 2
245 424
1 4 2
297 351
1 9 2
64 152
1 5 2
68 93
1 9 2
135 388
1 5 2
297 483
1 10 2
165 194
1 12 2
186 386
1 4 2
74 112
1 2 2
252 472
1 8 2
59 108
1 11 2
96 401
1 15 2
454 455
1 2 2
272 449
1 3 2
370 498
1 9 2
148 229
1 7 2
21 442
1 14 2
50 453
1 8 2
84 231
1 10 2
124 349
1 11 2
241 443
1 5 2
146 339
1 8 2
225 474
1 13 2
57 206
1 8 2
231 462
1 4 2
176 233
1 3 2
6 384
1 7 2
198 312
1 15 2
167 439
1 11 2
15 487
1 10 2
107 471
1 9 2
106 252
1 14 2
228 254
1 10 2
5 258
1 2 2
166 483
1 5 2
24 488
1 2 2
3 227
1 6 2
152 308
1 5 2
182 400
1 14 2
21 431
1 15 2
321 457
1 6 2
171 307
1 11 2
159 343
1 10 2
116 399
1 11 2
200 335
1 6 2
28 56
1 10 2
81 470
1 8 2
11 148
1 3 2
4 349
1 5 2
399 496
1 6 2
130 362
1 3 2
115 127
1 5 2
335 367
1 6 2
139 323
1 3 2
277 317
1 14 2
49 452
1 12 2
253 425
1 14 2
177 209
1 5 2
367 431
1 8 2
178 429
1 7 2
77 429
1 10 2
61 219
1 13 2
75 326
1 11 2
194 254
1 15 2
205 450
1 12 2
75 92
1 11 2
150 419
1 2 2
232 362
1 11 2
20 348
1 13 2
231 474
1 6 2
229 397
1 10 2
204 248
1 13 2
157 166
1 8 2
321 375
1 11 2
162 441
1 8 2
117 196
1 15 2
411 444
1 15 2
85 451
1 2 2
206 228
1 6 2
120 341
1 10 2
297 413
1 3 2
348 441
1 15 2
173 493
1 5 2
111 126
1 2 2
44 256
1 4 2
307 327
1 10 2
35 125
1 11 2
85 495
1 10 2
332 359
1 3 2
3 372
1 4 2
161 472
1 15 2
242 261
1 6 2
111 118
1 6 2
72 494
1 14 2
101 382
1 8 2
293 409
1 15 2
16 425
1 14 2
135 261
1 15 2
212 221
1 11 2
37 474
1 15 2
13 261
1 15 2
339 345
1 2 2
45 240
1 7 2
67 398
1 6 2
124 431
1 10 2
296 462
1 5 2
57 186
1 11 2
189 436
1 14 2
206 234
1 9 2
372 409
1 14 2
327 368
1 2 2
201 477
1 9 2
88 284
1 15 2
86 186
1 11 2
485 495
1 6 2
350 487
1 14 2
325 453
1 5 2
380 434
1 4 2
145 294
1 2 2
188 196
1 12 2
37 451
1 6 2
11 70
1 12 2
301 369
1 4 2
191 240
1 2 2
292 347
1 7 2
181 447
1 4 2
204 349
1 4 2
36 337
1 3 2
47 286
1 14 2
185 204
1 9 2
84 128
1 11 2
278 295
1 13 2
243 342
1 5 2
367 496
1 14 2
88 288
1 11 2
308 454
1 14 2
0 317
1 10 2
365 497
1 6 2
252 305
1 9 2
316 388
1 3 2
110 421
1 5 2
311 498
1 6 2
451 485
1 6 2
160 374
1 15 2
353 471
1 4 2
377 462
1 14 2
38 375
1 15 2
397 429
1 7 2
22 350
1 4 2
229 375
1 10 2
59 189
1 8 2
27 140
1 3 2
42 285
1 9 2
79 398
1 14 2
145 377
1 8 2
80 81
1 14 2
172 499
1 3 2
12 235
1 13 2
15 391
1 9 2
289 327
1 5 2
414 443
1 13 2
271 335
1 5 2
262 333
1 2 2
287 484
1 5 2
299 440
1 7 2
293 344
1 13 2
53 122
1 5 2
378 442
1 7 2
42 459
1 14 2
160 279
1 4 2
97 461
1 6 2
81 91
1 9 2
214 265
1 6 2
170 337
1 6 2
153 403
1 13 2
98 161
1 12 2
15 234
1 9 2
3 446
1 15 2
51 286
1 3 2
214 224
1 11 2
151 338
1 12 2
74 470
1 5 2
58 402
1 3 2
356 388
1 4 2
202 425
1 3 2
121 368
1 14 2
99 251
1 14 2
292 445
1 15 2
326 400
1 12 2
328 366
1 10 2
241 251
1 2 2
46 476
1 10 2
25 282
1 13 2
57 202
1 11 2
154 380
1 4 2
254 464
1 2 2
63 320
1 7 2
182 203
1 7 2
261 453
1 7 2
58 255
1 10 2
186 231
1 7 2
279 463
1 2 2
340 401
1 9 2
226 341
1 3 2
42 111
1 15 2
69 353
1 14 2
190 280
1 14 2
249 314
1 9 2
10 248
1 11 2
85 341
1 4 2
229 244
1 5 2
156 182
1 8 2
161 430
1 6 2
50 472
1 13 2
341 480
1 5 2
115 314
1 13 2
231 491
1 13 2
62 190
1 7 2
213 234
1 9 2
31 165
1 3 2
395 489
1 9 2
43 366
1 13 2
327 350
1 15 2
110 170
1 14 2
126 179
1 12 2
18 79
1 15 2
43 264
1 14 2
429 434
1 15 2
225 317
1 2 2
355 402
1 3 2
46 214
1 2 2
113 219
1 6 2
12 173
1 6 2
231 325
1 15 2
330 381
1 3 2
133 400
1 13 2
172 375
1 4 2
203 294
1 15 2
283 394
1 10 2
59 207
1 2 2
387 444
1 2 2
245 474
1 5 2
157 486
1 11 2
39 400
1 7 2
44 80
1 6 2
145 259
1 4 2
383 406
1 14 2
252 496
1 5 2
19 91
1 3 2
385 474
1 9 2
117 354
1 2 2
123 226
1 6 2
66 382
1 13 2
188 263
1 8 2
95 188
1 11 2
30 235
1 5 2
378 399
1 8 2
124 146
1 9 2
11 61
1 9 2
168 336
1 5 2
51 139
1 6 2
136 482
1 3 2
89 314
1 7 2
144 249
1 2 2
380 463
1 3 2
139 175
1 13 2
259 443
1 5 2
97 397
1 6 2
136 275
1 6 2
193 248
1 15 2
95 411
1 15 2
201 472
1 11 2
65 275
1 4 2
221 263
1 7 2
210 439
1 13 2
113 234
1 6 2
2 102
1 3 2
128 329
1 6 2
377 394
1 13 2
134 175
1 8 2
61 155
1 7 2
199 486
1 10 2
240 488
1 14 2
144 395
1 11 2
355 472
1 6 2
119 126
1 11 2
156 207
1 4 2
53 178
1 2 2
170 339
1 7 2
300 385
1 7 2
27 94
1 9 2
88 470
1 8 2
278 466
1 14 2
113 132
1 11 2
427 475
1 10 2
83 180
1 13 2
128 170
1 3 2
7 159
1 4 2
261 454
1 4 2
267 380
1 2 2
318 361
1 3 2
87 494
1 10 2
386 456
1 12 2
59 431
1 12 2
158 481
1 15 2
252 478
1 13 2
341 475
1 7 2
235 335
1 3 2
303 463
1 4 2
39 325
1 3 2
153 294
1 15 2
44 60
1 8 2
214 216
1 6 2
76 360
1 15 2
248 259
1 2 2
100 331
1 12 2
36 150
1 14 2
301 430
1 6 2
264 359
1 5 2
48 168
1 11 2
158 306
1 9 2
120 207
1 15 2
319 440
1 15 2
154 358
1 11 2
40 458
1 8 2
399 433
1 7 2
295 431
1 5 2
296 420
1 13 2
386 400
1 2 2
52 414
1 5 2
114 379
1 6 2
201 489
1 5 2
3 97
1 6 2
279 444
1 12 2
249 351
1 9 2
173 272
1 13 2
71 407
1 7 2
200 302
1 10 2
182 472
1 4 2
106 193
1 9 2
236 400
1 14 2
33 429
1 2 2
211 409
1 6 2
334 435
1 9 2
139 332
1 10 2
29 438
1 14 2
23 345
1 14 2
75 251
1 2 2
94 278
1 7 2
178 478
1 7 2
175 488
1 4 2
451 497
1 2 2
4 496
1 12 2
19 222
1 8 2
394 460
1 13 2
34 139
1 5 2
334 352
1 11 2
59 464
1 6 2
204 308
1 6 2
96 233
1 8 2
80 149
1 5 2
105 392
1 15 2
17 199
1 11 2
48 302
1 9 2
345 430
1 3 2
82 392
1 4 2
74 303
1 4 2
359 427
1 12 2
364 487
1 15 2
223 483
1 14 2
150 372
1 3 2
314 380
1 12 2
411 482
1 4 2
126 175
1 15 2
340 382
1 4 2
149 219
1 8 2
289 404
1 5 2
365 498
1 9 2
18 396
1 11 2
39 54
1 8 2
283 498
1 5 2
17 334
1 11 2
173 225
1 4 2
150 399
1 8 2
44 445
1 4 2
40 374
1 2 2
269 374
1 6 2
30 103
1 4 2
53 401
1 8 2
49 250
1 12 2
209 233
1 5 2
47 221
1 4 2
3 21
1 15 2
112 461
1 11 2
1 421
1 5 2
85 294
1 2 2
138 258
1 3 2
150 220
1 13 2
362 389
1 6 2
77 185
1 3 2
342 411
1 15 2
442 452
1 9 2
99 138
1 10 2
188 446
1 12 2
319 327
1 5 2
185 495
1 2 2
244 401
1 4 2
258 450
1 3 2
178 394
1 8 2
188 473
1 9 2
49 176
1 5 2
297 372
1 7 2
3 293
1 15 2
152 358
1 15 2
445 489
1 13 2
258 444
1 14 2
210 322
1 4 2
87 283
1 6 2
388 404
1 13 2
317 482
1 5 2
36 378
1 13 2
56 223
1 6 2
274 445
1 4 2
349 481
1 2 2
170 186
1 7 2
119 459
1 14 2
116 377
1 9 2
57 77
1 3 2
80 255
1 12 2
25 123
1 4 2
76 144
1 15 2
48 128
1 11 2
300 308
1 15 2
206 390
1 13 2
43 112
1 3 2
94 365
1 13 2
410 457
1 4 2
244 436
1 13 2
133 297
1 10 2
182 351
1 12 2
253 265
1 8 2
132 484
1 10 2
345 390
1 5 2
227 371
1 7 2
107 314
1 8 2
173 454
1 3 2
165 436
1 6 2
337 410
1 5 2
198 307
1 4 2
349 426
1 9 2
131 204
1 8 2
78 129
1 8 2
268 292
1 4 2
98 196
1 5 2
156 289
1 4 2
0 433
1 2 2
37 266
1 13 2
72 338
1 13 2
124 191
1 3 2
137 297
1 7 2
185 224
1 12 2
118 187
1 9 2
1 188
1 15 2
372 431
1 14 2
202 434
1 2 2
94 392
1 5 2
231 418
1 12 2
348 458
1 14 2
242 314
1 6 2
18 215
1 12 2
184 212
1 3 2
255 266
1 4 2
253 306
1 15 2
395 496
1 14 2
154 372
1 12 2
131 446
1 5 2
57 492
1 10 2
173 257
1 2 2
33 272
1 7 2
22 238
1 11 2
15 383
1 6 2
285 425
1 13 2
17 75
1 15 2
134 231
1 9 2
42 233
1 13 2
234 296
1 14 2
292 483
1 10 2
168 417
1 7 2
155 442
1 13 2
222 381
1 14 2
373 461
1 4 2
81 360
1 10 2
271 410
1 5 2
85 499
1 5 2
82 103
1 14 2
376 417
1 11 2
64 396
1 14 2
321 389
1 2 2
51 69
1 14 2
213 383
1 9 2
10 266
1 2 2
276 288
1 9 2
199 230
1 15 2
157 383
1 8 2
171 229
1 11 2
54 136
1 11 2
178 355
1 10 2
91 326
1 2 2
364 443
1 10 2
13 420
1 3 2
106 397
1 13 2
313 418
1 5 2
181 255
1 3 2
84 99
1 12 2
301 466
1 8 2
124 272
1 13 2
195 269
1 6 2
54 346
1 12 2
147 350
1 4 2
4 332
1 2 2
74 437
1 9 2
288 419
1 8 2
1 331
1 5 2
369 424
1 2 2
134 497
1 8 2
13 226
1 3 2
280 394
1 6 2
185 223
1 15 2
222 476
1 8 2
92 108
1 7 2
352 435
1 4 2
123 326
1 6 2
134 332
1 14 2
302 398
1 5 2
452 493
1 12 2
3 110
1 3 2
25 291
1 12 2
344 383
1 6 2
138 160
1 10 2
47 202
1 8 2
350 477
1 13 2
229 249
1 9 2
101 170
1 10 2
116 398
1 9 2
237 492
1 14 2
63 104
1 12 2
315 450
1 13 2
252 277
1 7 2
191 268
1 7 2
287 373
1 14 2
73 236
1 6 2
302 307
1 13 2
269 327
1 3 2
301 350
1 12 2
355 368
1 5 2
13 137
1 10 2
47 54
1 10 2
83 386
1 13 2
35 108
1 6 2
7 447
1 10 2
34 443
1 4 2
258 352
1 13 2
166 433
1 6 2
74 423
1 15 2
380 395
1 10 2
146 347
1 8 2
234 441
1 13 2
21 163
1 2 2
99 262
1 11 2
271 330
1 11 2
187 314
1 5 2
213 434
1 8 2
149 271
1 4 2
396 463
1 2 2
224 239
1 10 2
326 481
1 6 2
262 416
1 14 2
52 231
1 13 2
14 207
1 11 2
178 293
1 2 2
104 436
1 9 2
20 122
1 10 2
40 305
1 11 2
7 472
1 2 2
16 222
1 9 2
149 474
1 11 2
76 156
1 13 2
413 447
1 10 2
89 318
1 2 2
158 392
1 15 2
92 107
1 13 2
115 172
1 6 2
69 338
1 15 2
255 274
1 8 2
104 394
1 12 2
12 387
1 6 2
43 131
1 5 2
68 422
1 11 2
17 168
1 3 2
399 407
1 5 2
283 333
1 11 2
146 433
1 13 2
75 419
1 10 2
339 477
1 8 2
78 489
1 14 2
55 325
1 9 2
183 266
1 7 2
236 454
1 12 2
235 437
1 11 2
83 118
1 2 2
58 312
1 8 2
357 369
1 9 2
440 466
1 14 2
56 153
1 3 2
172 394
1 2 2
447 475
1 11 2
252 253
1 5 2
291 295
1 6 2
142 377
1 9 2
211 274
1 3 2
249 431
1 6 2
300 378
1 2 2
111 187
1 15 2
86 422
1 13 2
116 290
1 8 2
188 211
1 4 2
48 396
1 4 2
89 297
1 14 2
26 472
1 6 2
118 129
1 9 2
140 477
1 4 2
104 202
1 11 2
13 130
1 14 2
89 182
1 13 2
363 409
1 6 2
3 201
1 10 2
344 420
1 8 2
415 495
1 3 2
48 277
1 10 2
392 458
1 11 2
20 141
1 8 2
36 309
1 14 2
144 455
1 12 2
303 448
1 6 2
199 439
1 12 2
140 442
1 4 2
151 252
1 13 2
295 361
1 13 2
307 459
1 13 2
181 359
1 5 2
135 442
1 3 2
42 206
1 7 2
184 364
1 10 2
173 304
1 12 2
72 311
1 12 2
180 208
1 4 2
158 262
1 15 2
260 489
1 13 2
378 418
1 14 2
166 493
1 12 2
41 168
1 2 2
31 275
1 14 2
21 127
1 11 2
32 199
1 5 2
98 437
1 9 2
362 496
1 14 2
55 247
1 14 2
8 407
1 4 2
148 442
1 15 2
17 188
1 6 2
36 395
1 6 2
249 355
1 5 2
23 476
1 2 2
14 349
1 15 2
51 464
1 8 2
125 189
1 8 2
277 340
1 15 2
75 462
1 10 2
291 408
1 15 2
224 420
1 3 2
212 332
1 11 2
218 321
1 12 2
199 368
1 11 2
35 117
1 8 2
188 463
1 7 2
214 440
1 2 2
120 446
1 6 2
346 477
1 2 2
25 424
1 10 2
105 127
1 8 2
344 459
1 8 2
21 301
1 15 2
21 451
1 5 2
16 91
1 6 2
413 453
1 10 2
33 137
1 13 2
25 319
1 5 2
363 497
1 7 2
204 357
1 8 2
217 318
1 11 2
75 129
1 8 2
251 307
1 7 2
269 400
1 8 2
30 468
1 6 2
57 498
1 4 2
204 244
1 13 2
43 403
1 5 2
133 410
1 2 2
216 289
1 6 2
75 97
1 3 2
234 361
1 10 2
125 450
1 8 2
56 332
1 3 2
166 379
1 8 2
63 242
1 15 2
231 289
1 14 2
257 280
1 8 2
129 170
1 12 2
408 467
1 2 2
70 234
1 8 2
104 278
1 12 2
50 399
1 4 2
334 479
1 2 2
161 353
1 6 2
28 272
1 13 2
22 179
1 8 2
50 115
1 14 2
54 151
1 3 2
193 454
1 3 2
81 397
1 4 2
98 246
1 13 2
107 255
1 8 2
70 72
1 10 2
285 490
1 7 2
83 315
1 12 2
151 413
1 7 2
116 402
1 15 2
227 320
1 9 2
160 493
1 12 2
200 283
1 13 2
11 475
1 15 2
64 209
1 6 2
9 204
1 8 2
86 415
1 8 2
293 299
1 7 2
266 470
1 12 2
369 437
1 5 2
88 257
1 9 2
169 409
1 10 2
305 418
1 6 2
84 362
1 8 2
54 218
1 4 2
225 241
1 7 2
271 273
1 14 2
436 453
1 11 2
4 330
1 5 2
90 303
1 15 2
18 242
1 10 2
296 435
1 13 2
300 352
1 5 2
70 336
1 5 2
11 77
1 2 2
105 402
1 3 2
271 396
1 7 2
90 400
1 9 2
1 495
1 15 2
32 264
1 11 2
101 420
1 7 2
14 220
1 13 2
259 316
1 5 2
113 359
1 15 2
371 477
1 4 2
49 417
1 12 2
52 344
1 10 2
438 496
1 3 2
25 170
1 13 2
97 244
1 8 2
345 432
1 10 2
197 206
1 6 2
192 392
1 7 2
279 368
1 15 2
79 374
1 12 2
6 335
1 9 2
24 275
1 3 2
64 100
1 7 2
390 438
1 12 2
8 217
1 13 2
70 216
1 6 2
186 287
1 4 2
31 334
1 11 2
54 361
1 15 2
59 122
1 11 2
217 474
1 13 2
321 490
1 15 2
9 138
1 12 2
63 311
1 4 2
275 422
1 6 2
33 472
1 4 2
134 464
1 4 2
21 499
1 11 2
169 318
1 6 2
201 229
1 9 2
60 444
1 15 2
9 252
1 2 2
274 391
1 13 2
70 490
1 4 2
63 296
1 4 2
190 216
1 9 2
366 486
1 7 2
350 458
1 15 2
200 252
1 2 2
209 435
1 13 2
12 68
1 6 2
136 294
1 13 2
346 416
1 4 2
123 465
1 15 2
284 317
1 12 2
126 273
1 15 2
294 342
1 9 2
45 331
1 4 2
20 227
1 2 2
349 402
1 15 2
246 336
1 10 2
48 208
1 9 2
74 186
1 4 2
301 355
1 3 2
113 200
1 8 2
239 440
1 7 2
116 465
1 10 2
62 113
1 12 2
210 440
1 12 2
92 290
1 3 2
14 353
1 5 2
401 424
1 2 2
6 304
1 10 2
205 425
1 13 2
108 208
1 14 2
189 361
1 10 2
200 482
1 9 2
304 352
1 5 2
79 205
1 4 2
15 483
1 3 2
101 343
1 3 2
138 140
1 9 2
261 314
1 7 2
79 364
1 13 2
76 237
1 5 2
140 392
1 5 2
148 427
1 7 2
7 373
1 5 2
207 496
1 14 2
104 461
1 8 2
122 158
1 4 2
5 259
1 8 2
450 486
1 6 2
183 264
1 15 2
288 322
1 8 2
199 272
1 2 2
227 455
1 13 2
19 242
1 3 2
218 406
1 7 2
167 447
1 6 2
196 368
1 15 2
14 449
1 13 2
250 313
1 2 2
61 487
1 2 2
171 331
1 3 2
221 422
1 4 2
439 465
1 6 2
190 231
1 4 2
122 137
1 3 2
475 488
1 15 2
200 232
1 13 2
254 257
1 11 2
19 201
1 6 2
145 368
1 11 2
230 322
1 6 2
36 332
1 7 2
407 411
1 6 2
42 124
1 6 2
143 314
1 11 2
39 284
1 13 2
188 373
1 6 2
239 471
1 15 2
463 492
1 8 2
94 228
1 14 2
70 271
1 4 2
163 190
1 8 2
179 352
1 6 2
212 315
1 8 2
328 441
1 4 2
116 263
1 12 2
312 429
1 5 2
72 74
1 12 2
97 233
1 6 2
8 411
1 8 2
154 484
1 10 2
271 298
1 7 2
54 412
1 7 2
320 383
1 11 2
255 456
1 10 2
34 372
1 2 2
160 314
1 2 2
421 429
1 6 2
343 444
1 4 2
30 245
1 12 2
124 354
1 11 2
75 386
1 5 2
127 437
1 14 2
49 130
1 3 2
150 482
1 14 2
298 348
1 7 2
385 396
1 13 2
213 444
1 9 2
202 257
1 10 2
121 228
1 15 2
16 99
1 9 2
1 63
1 12 2
58 285
1 8 2
483 486
1 3 2
21 373
1 6 2
116 311
1 9 2
1 136
1 5 2
175 463
1 4 2
5 404
1 10 2
332 346
1 13 2
59 295
1 6 2
353 424
1 8 2
288 391
1 5 2
214 226
1 14 2
235 392
1 13 2
165 372
1 11 2
172 176
1 15 2
434 467
1 3 2
306 389
1 10 2
60 357
1 2 2
164 223
1 11 2
20 476
1 2 2
117 422
1 10 2
124 385
1 7 2
131 150
1 11 2
104 110
1 8 2
202 236
1 11 2
419 452
1 4 2
103 161
1 15 2
19 281
1 3 2
57 177
1 2 2
4 301
1 8 2
278 429
1 15 2
275 377
1 11 2
139 320
1 14 2
384 444
1 11 2
298 431
1 11 2
356 445
1 11 2
170 320
1 4 2
241 475
1 2 2
135 430
1 3 2
201 432
1 7 2
6 358
1 4 2
66 82
1 6 2
382 403
1 7 2
123 358
1 5 2
277 290
1 10 2
128 351
1 2 2
85 93
1 11 2
109 283
1 9 2
278 379
1 6 2
15 337
1 14 2
52 443
1 4 2
3 238
1 9 2
277 481
1 5 2
239 417
1 12 2
17 146
1 6 2
107 356
1 9 2
14 182
1 7 2
345 395
1 14 2
21 95
1 14 2
53 493
1 10 2
88 450
1 13 2
411 443
1 7 2
200 449
1 6 2
381 425
1 2 2
69 110
1 7 2
421 499
1 10 2
28 408
1 3 2
223 265
1 6 2
166 219
1 6 2
368 413
1 4 2
358 403
1 15 2
148 337
1 7 2
127 186
1 6 2
278 350
1 10 2
175 209
1 7 2
2 110
1 12 2
266 435
1 3 2
300 321
1 6 2
207 417
1 4 2
30 439
1 2 2
238 411
1 2 2
21 88
1 14 2
347 477
1 13 2
316 439
1 6 2
39 411
1 10 2
210 294
1 8 2
27 34
1 8 2
273 468
1 13 2
250 349
1 14 2
95 271
1 8 2
42 212
1 3 2
105 339
1 4 2
173 281
1 9 2
192 295
1 4 2
422 478
1 5 2
264 326
1 3 2
197 371
1 9 2
223 245
1 14 2
82 195
1 13 2
100 161
1 13 2
24 50
1 6 2
154 343
1 2 2
99 150
1 11 2
246 307
1 7 2
52 282
1 11 2
248 274
1 15 2
304 427
1 2 2
420 460
1 6 2
15 87
1 9 2
255 299
1 3 2
241 457
1 12 2
44 238
1 13 2
248 287
1 3 2
397 426
1 12 2
226 302
1 6 2
206 284
1 13 2
8 145
1 15 2
105 434
1 11 2
76 214
1 5 2
117 455
1 15 2
134 235
1 5 2
313 350
1 4 2
259 360
1 13 2
199 255
1 15 2
265 403
1 11 2
73 230
1 9 2
83 99
1 9 2
26 184
1 10 2
10 27
1 9 2
61 268
1 8 2
234 381
1 4 2
6 62
1 14 2
257 385
1 11 2
422 482
1 2 2
17 471
1 8 2
271 470
1 12 2
163 449
1 15 2
46 406
1 7 2
124 494
1 9 2
345 469
1 15 2
319 361
1 5 2
81 96
1 4 2
227 268
1 15 2
158 160
1 8 2
195 337
1 14 2
41 351
1 11 2
209 285
1 8 2
236 240
1 4 2
99 228
1 2 2
90 485
1 5 2
81 449
1 6 2
267 365
1 7 2
108 268
1 6 2
96 197
1 12 2
176 400
1 9 2
301 360
1 2 2
83 183
1 15 2
120 344
1 13 2
169 413
1 14 2
260 483
1 2 2
106 153
1 11 2
233 312
1 6 2
67 311
1 8 2
36 84
1 12 2
80 239
1 13 2
41 429
1 4 2
301 467
1 7 2
80 302
1 14 2
25 419
1 7 2
273 282
1 3 2
163 223
1 15 2
107 417
1 8 2
137 378
1 4 2
20 309
1 5 2
116 350
1 2 2
88 275
1 11 2
163 457
1 12 2
3 62
1 7 2
283 304
1 10 2
67 152
1 10 2
116 301
1 14 2
351 429
1 5 2
381 398
1 8 2
259 411
1 8 2
166 333
1 4 2
366 380
1 10 2
40 90
1 10 2
49 416
1 6 2
281 457
1 5 2
342 496
1 5 2
313 384
1 13 2
275 322
1 2 2
219 376
1 5 2
16 459
1 8 2
408 483
1 8 2
136 485
1 15 2
161 259
1 11 2
369 431
1 10 2
203 351
1 8 2
308 490
1 8 2
38 225
1 4 2
33 446
1 6 2
89 428
1 4 2
46 296
1 10 2
304 400
1 5 2
16 171
1 4 2
266 415
1 2 2
140 491
1 7 2
48 347
1 13 2
404 467
1 14 2
294 466
1 3 2
208 372
1 10 2
36 163
1 11 2
216 358
1 8 2
2 426
1 9 2
42 159
1 7 2
226 261
1 6 2
293 345
1 7 2
115 190
1 4 2
31 442
1 12 2
209 405
1 13 2
135 175
1 15 2
102 202
1 2 2
152 302
1 11 2
24 332
1 4 2
34 469
1 3 2
214 458
1 6 2
152 285
1 12 2
16 494
1 10 2
277 427
1 2 2
99 268
1 6 2
119 386
1 4 2
96 150
1 9 2
101 293
1 6 2
53 211
1 2 2
113 363
1 2 2
169 189
1 8 2
39 335
1 14 2
319 498
1 3 2
54 93
1 15 2
311 458
1 3 2
16 140
1 15 2
193 488
1 12 2
391 485
1 9 2
383 440
1 11 2
22 110
1 10 2
27 227
1 8 2
200 250
1 9 2
138 488
1 11 2
1 336
1 15 2
92 139
1 13 2
76 471
1 12 2
217 392
1 13 2
12 153
1 11 2
137 407
1 13 2
125 385
1 14 2
36 68
1 5 2
83 360
1 3 2
159 316
1 10 2
322 373
1 7 2
374 419
1 7 2
139 464
1 10 2
76 461
1 6 2
377 447
1 10 2
255 491
1 14 2
48 153
1 13 2
266 360
1 11 2
146 424
1 11 2
219 366
1 6 2
238 349
1 7 2
173 473
1 12 2
44 152
1 8 2
231 271
1 3 2
55 169
1 14 2
48 474
1 12 2
172 472
1 2 2
307 325
1 9 2
235 449
1 3 2
86 283
1 2 2
40 443
1 9 2
279 283
1 14 2
3 55
1 12 2
22 55
1 13 2
5 149
1 7 2
105 384
1 6 2
228 280
1 12 2
356 358
1 9 2
117 473
1 8 2
126 203
1 14 2
343 374
1 6 2
331 381
1 3 2
352 421
1 5 2
285 440
1 2 2
168 477
1 14 2
117 356
1 13 2
132 214
1 5 2
0 318
1 10 2
99 193
1 7 2
232 415
1 10 2
277 312
1 7 2
101 137
1 15 2
293 411
1 7 2
107 239
1 12 2
333 382
1 15 2
195 382
1 2 2
107 270
1 14 2
60 234
1 10 2
115 484
1 15 2
166 386
1 6 2
256 415
1 12 2
290 402
1 7 2
437 465
1 15 2
140 278
1 5 2
185 403
1 8 2
17 243
1 11 2
63 283
1 2 2
207 449
1 13 2
82 276
1 2 2
333 388
1 4 2
193 210
1 10 2
0 289
1 14 2
135 464
1 15 2
253 336
1 12 2
355 473
1 13 2
283 332
1 4 2
8 485
1 2 2
218 392
1 8 2
221 475
1 5 2
272 416
1 5 2
223 446
1 10 2
334 429
1 4 2
99 403
1 10 2
292 442
1 11 2
25 387
1 12 2
315 451
1 13 2
16 122
1 2 2
49 375
1 4 2
171 357
1 15 2
272 422
1 11 2
44 182
1 8 2
185 380
1 15 2
306 421
1 6 2
335 479
1 9 2
128 443
1 5 2
34 477
1 13 2
38 285
1 11 2
234 236
1 15 2
17 93
1 14 2
333 408
1 2 2
266 319
1 6 2
118 479
1 2 2
182 387
1 2 2
290 343
1 13 2
97 449
1 13 2
68 279
1 9 2
96 410
1 13 2
67 323
1 11 2
251 497
1 9 2
1 463
1 6 2
76 393
1 4 2
431 441
1 11 2
4 298
1 13 2
105 306
1 12 2
304 470
1 4 2
213 441
1 8 2
350 371
1 2 2
451 462
1 6 2
120 189
1 13 2
179 318
1 2 2
97 341
1 8 2
0 488
1 9 2
277 454
1 6 2
121 174
1 7 2
108 269
1 6 2
126 280
1 13 2
129 316
1 6 2
195 412
1 2 2
155 180
1 11 2
21 208
1 8 2
20 236
1 6 2
109 243
1 12 2
182 220
1 4 2
79 297
1 7 2
160 192
1 7 2
11 376
1 12 2
5 386
1 6 2
64 266
1 6 2
382 422
1 10 2
447 449
1 2 2
61 454
1 5 2
333 390
1 3 2
29 72
1 6 2
199 351
1 14 2
28 221
1 5 2
114 196
1 9 2
113 444
1 12 2
175 438
1 15 2
140 460
1 9 2
383 439
1 14 2
400 469
1 13 2
51 92
1 11 2
393 464
1 6 2
133 436
1 14 2
234 446
1 10 2
120 222
1 2 2
87 157
1 6 2
167 206
1 6 2
121 214
1 15 2
212 488
1 2 2
42 480
1 13 2
115 225
1 7 2
357 368
1 2 2
144 451
1 2 2
151 389
1 15 2
100 258
1 15 2
127 459
1 3 2
122 342
1 7 2
218 463
1 5 2
114 271
1 3 2
280 467
1 15 2
411 462
1 11 2
205 436
1 6 2
328 472
1 7 2
254 361
1 4 2
169 385
1 10 2
148 362
1 13 2
301 409
1 6 2
352 389
1 9 2
3 274
1 11 2
275 398
1 9 2
197 393
1 12 2
174 397
1 5 2
216 487
1 9 2
100 406
1 10 2
127 199
1 13 2
14 111
1 13 2
187 216
1 15 2
25 192
1 8 2
136 374
1 11 2
84 284
1 14 2
30 431
1 11 2
11 487
1 5 2
348 376
1 7 2
338 479
1 7 2
102 130
1 11 2
68 407
1 4 2
266 367
1 13 2
141 325
1 11 2
310 418
1 10 2
82 232
1 10 2
215 271
1 5 2
173 249
1 6 2
46 309
1 15 2
37 49
1 3 2
280 438
1 11 2
67 192
1 10 2
6 356
1 8 2
352 467
1 3 2
141 397
1 3 2
45 338
1 2 2
66 468
1 14 2
305 422
1 13 2
60 334
1 14 2
19 344
1 14 2
58 196
1 2 2
189 270
1 10 2
265 344
1 16 2
150 210
1 14 2
153 381
1 27 2
16 34
1 26 2
107 433
1 15 2
22 147
1 7 2
199 336
1 13 2
134 180
1 19 2
31 376
1 13 2
150 338
1 25 2
53 453
1 13 2
116 219
1 20 2
204 444
1 14 2
353 429
1 19 2
52 91
1 19 2
162 352
1 7 2
277 374
1 14 2
334 448
1 6 2
28 473
1 5 2
83 111
