700 5600 2100
6 14 7 20 23 16 13 5 18 5 7 24 24 22 12 18 24 23 6 15 11 18 6 20 19 17 8 24 7 14 12 10 11 6 18 10 18 17 20 13 21 20 13 5 22 24 6 21 11 9 11 6 22 18 21 12 6 7 5 18 9 10 8 16 15 14 22 19 20 8 16 15 9 8 20 17 7 14 19 5 16 18 23 9 8 12 10 15 12 25 11 17 16 19 23 18 14 6 19 21 9 6 22 23 16 18 22 21 24 14 25 24 11 5 10 22 18 22 9 18 7 7 22 14 10 13 20 23 22 5 8 19 8 14 13 15 8 23 16 8 21 5 18 20 13 15 21 11 5 6 24 8 8 10 21 12 25 18 25 7 5 18 9 22 21 24 16 22 24 9 18 10 12 11 13 10 12 12 9 17 9 12 13 19 24 24 20 22 8 9 10 11 18 7 14 19 23 16 20 24 8 6 21 13 20 9 21 12 16 19 8 12 22 21 11 13 7 22 19 15 24 6 7 16 20 9 21 24 24 16 5 24 18 7 7 19 21 11 13 20 7 21 15 21 12 13 17 21 6 15 16 17 5 15 9 23 14 19 12 18 5 21 15 16 15 6 7 24 6 15 10 5 18 22 18 18 5 15 17 22 24 7 9 5 9 19 8 10 17 21 15 23 16 16 15 11 18 13 22 10 8 17 15 13 17 8 13 14 23 24 13 15 14 15 20 25 5 13 5 8 21 20 25 17 15 9 7 12 7 13 25 11 18 10 17 20 16 23 12 10 16 25 10 23 10 17 14 14 10 25 19 11 23 19 20 9 21 21 5 20 21 22 23 16 6 7 21 6 19 15 11 6 13 5 5 18 9 13 20 15 25 23 6 17 6 8 18 7 20 25 12 9 18 8 6 12 12 13 5 15 16 20 24 13 25 8 18 5 17 14 11 9 17 24 13 12 17 20 13 21 18 17 6 21 19 12 13 23 22 16 14 14 25 6 11 21 23 9 5 21 20 19 23 11 6 20 19 9 15 16 6 16 20 15 8 23 24 20 10 6 14 16 6 21 15 25 5 15 19 14 8 10 13 15 24 16 5 10 16 13 18 16 23 15 15 22 16 5 11 21 18 7 5 18 23 5 19 9 13 19 15 10 23 22 24 11 11 14 23 9 22 10 17 20 23 23 18 19 18 21 12 7 20 20 17 22 23 14 21 15 22 19 11 21 22 12 22 21 18 25 6 10 10 17 8 14 15 18 12 14 11 13 17 9 20 19 15 7 11 10 18 20 21 8 5 11 12 15 9 9 24 25 7 15 11 18 16 23 23 6 7 17 14 10 9 10 16 12 6 17 21 18 5 11 25 15 12 23 11 18 20 21 22 11 5 7 21 14 21 22 25 25 25 9 22 11 5 24 18 8 9 20 19 6 16 23 7 12 14 22 18 21 7 11 21 5 5 17 25 19 19 23 18 23 25 10 21 17 22 24 7 10 20 20 6 9 10 15 25 21 16 23 15 24 18 6 15 11 8 21 22 19 9 24 12 11 14 22 21 19 20 9 16 12 23 6 17 23 17 14 15 11 17 13 6 18 6 24 13 17
3 14 11 16 16 9 4 12 20 15 12 20 18 7 6 9 20 12 10 20 5 7 20 20 15 8 17 18 12 6 16 16 12 12 18 9 8 9 4 10 11 15 20 20 7 11 6 9 19 4 12 18 6 8 15 8 13 15 11 3 11 12 12 6 6 17 14 10 6 14 8 7 16 13 10 5 14 10 20 14 10 17 13 5 5 19 3 3 10 14 5 4 13 6 9 12 6 12 5 18 17 20 19 10 6 17 7 13 14 17 13 9 19 3 15 5 18 12 6 9 16 20 8 14 16 16 7 13 7 12 19 17 10 7 4 6 6 8 3 3 7 14 14 3 12 12 20 9 4 17 15 19 12 5 10 13 7 19 5 3 9 10 20 20 10 5 5 6 18 6 7 10 3 12 15 10 5 13 20 3 19 15 12 9 9 8 8 6 19 20 15 4 14 3 15 15 5 10 9 19 15 9 16 12 9 7 19 11 12 8 10 9 5 17 7 6 10 5 4 5 18 5 19 6 16 7 5 3 19 15 12 7 5 4 12 7 13 16 12 16 17 16 13 20 7 5 3 3 20 8 14 20 4 5 8 10 12 9 7 19 16 9 14 11 16 19 16 10 16 10 3 19 13 3 7 10 20 16 14 9 15 12 9 10 6 10 4 16 8 17 20 13 14 15 13 12 18 14 11 17 16 12 5 6 11 7 8 18 15 3 5 10 6 19 19 6 9 20 7 7 8 10 4 17 17 4 20 3 12 20 12 18 4 15 17 8 6 14 8 4 14 13 19 13 19 18 20 16 20 15 11 5 17 10 4 11 17 13 15 16 20 12 12 16 13 4 5 18 5 8 8 12 12 11 20 13 13 9 16 5 14 5 10 12 11 15 16 11 12 20 16 13 5 3 9 20 3 7 10 19 3 19 13 6 8 8 7 15 12 9 9 19 15 19 8 6 6 10 6 17 3 19 4 14 7 10 12 18 4 13 3 13 14 11 10 18 17 11 20 3 17 3 3 14 10 14 12 10 19 18 14 10 3 4 5 17 11 16 10 16 3 20 16 3 6 6 17 15 3 20 18 12 16 17 11 5 9 20 11 15 18 11 17 20 5 16 20 19 5 10 11 10 17 13 16 7 7 9 17 11 13 6 18 15 18 15 16 18 16 17 8 15 20 11 17 18 3 5 15 10 18 16 12 9 6 16 17 7 14 17 8 15 9 7 4 7 18 4 14 6 4 10 14 20 7 7 19 11 6 9 5 15 15 8 10 17 7 16 15 6 20 15 19 16 6 12 18 18 9 3 17 15 18 17 15 20 17 11 19 13 13 17 15 17 13 9 3 7 11 18 14 15 16 6 6 14 6 15 19 9 6 18 15 5 9 18 13 4 11 12 13 3 13 17 15 18 5 11 16 16 9 17 4 19 17 3 16 18 19 18 19 19 15 16 20 9 12 9 20 7 9 20 5 14 15 14 11 4 7 10 6 3 11 9 17 18 8 17 13 13 6 15 3 6 7 12 17 18 9 16 15 9 17 15 6 5 4 19 4 13 19 12 6 12 4 6 13 3 8 19 9 15 13 17 11 8 8 10 18 11
1 14 2
581 490
1 9 2
347 311
1 15 2
159 616
1 10 2
546 504
1 4 2
47 272
1 7 2
290 285
1 5 2
29 34
1 12 2
216 466
1 4 2
570 18
1 11 2
327 140
1 12 2
559 659
1 12 2
144 560
1 8 2
314 580
1 14 2
201 141
1 13 2
113 445
1 2 2
105 158
1 11 2
361 215
1 14 2
258 219
1 11 2
127 136
1 4 2
388 439
1 7 2
137 387
1 12 2
547 558
1 13 2
84 491
1 4 2
317 605
1 10 2
275 227
1 6 2
227 398
1 9 2
409 350
1 8 2
284 245
1 10 2
650 528
1 5 2
320 22
1 13 2
175 122
1 4 2
320 15
1 6 2
577 646
1 14 2
381 149
1 3 2
353 240
1 9 2
646 296
1 8 2
526 2
1 10 2
590 232
1 10 2
5 335
1 14 2
556 485
1 7 2
69 454
1 4 2
295 334
1 13 2
498 504
1 11 2
526 438
1 11 2
372 618
1 11 2
460 651
1 12 2
630 596
1 15 2
170 111
1 13 2
274 487
1 15 2
483 534
1 10 2
611 111
1 14 2
87 476
1 3 2
601 299
1 6 2
320 7
1 5 2
68 574
1 4 2
350 469
1 13 2
191 65
1 9 2
30 228
1 12 2
622 299
1 6 2
449 471
1 15 2
488 634
1 8 2
596 593
1 11 2
371 567
1 9 2
42 227
1 3 2
586 414
1 14 2
122 289
1 3 2
475 577
1 10 2
690 633
1 10 2
49 487
1 11 2
670 321
1 9 2
250 84
1 9 2
421 192
1 14 2
655 243
1 7 2
234 170
1 13 2
393 63
1 9 2
290 368
1 4 2
483 681
1 15 2
30 455
1 3 2
538 369
1 8 2
687 63
1 7 2
460 533
1 7 2
400 144
1 6 2
607 72
1 13 2
235 297
1 11 2
660 482
1 4 2
102 483
1 6 2
469 422
1 9 2
6 12
1 14 2
143 423
1 10 2
335 313
1 13 2
562 41
1 3 2
421 433
1 4 2
7 203
1 5 2
424 431
1 13 2
665 598
1 3 2
126 464
1 11 2
257 468
1 8 2
267 6
1 10 2
451 286
1 9 2
670 278
1 15 2
11 381
1 8 2
685 34
1 11 2
149 335
1 14 2
362 115
1 14 2
649 412
1 13 2
424 425
1 12 2
223 107
1 10 2
503 372
1 14 2
143 47
1 8 2
4 574
1 5 2
223 350
1 9 2
152 357
1 10 2
120 343
1 8 2
398 386
1 2 2
586 373
1 11 2
530 102
1 8 2
342 294
1 2 2
355 206
1 15 2
362 472
1 11 2
615 150
1 3 2
644 439
1 2 2
699 14
1 3 2
18 531
1 8 2
9 699
1 6 2
62 241
1 12 2
650 497
1 15 2
198 617
1 8 2
631 598
1 5 2
517 82
1 11 2
469 289
1 12 2
478 431
1 10 2
449 154
1 4 2
357 561
1 8 2
498 612
1 10 2
155 140
1 4 2
533 615
1 14 2
266 484
1 3 2
692 22
1 11 2
83 375
1 5 2
582 484
1 13 2
447 353
1 14 2
562 644
1 15 2
108 275
1 11 2
62 455
1 14 2
605 4
1 9 2
513 347
1 11 2
365 172
1 12 2
667 453
1 7 2
300 558
1 9 2
220 318
1 15 2
505 495
1 6 2
477 289
1 6 2
42 332
1 11 2
488 1
1 11 2
276 322
1 6 2
560 577
1 8 2
608 61
1 13 2
173 12
1 10 2
111 262
1 7 2
337 216
1 5 2
229 326
1 9 2
592 362
1 9 2
579 341
1 12 2
258 6
1 13 2
352 523
1 8 2
260 319
1 14 2
112 434
1 8 2
283 463
1 4 2
608 683
1 8 2
478 154
1 11 2
25 566
1 13 2
146 360
1 5 2
639 9
1 9 2
553 468
1 4 2
262 531
1 15 2
189 680
1 11 2
46 100
1 6 2
192 144
1 9 2
497 451
1 3 2
627 599
1 6 2
526 329
1 15 2
397 321
1 4 2
470 624
1 13 2
405 523
1 8 2
248 374
1 3 2
70 257
1 8 2
206 466
1 12 2
71 42
1 11 2
135 693
1 12 2
10 584
1 2 2
29 694
1 9 2
348 352
1 14 2
312 652
1 2 2
455 666
1 10 2
617 457
1 9 2
399 314
1 2 2
44 256
1 10 2
298 548
1 9 2
151 512
1 6 2
403 677
1 13 2
473 276
1 14 2
91 21
1 15 2
599 286
1 11 2
535 31
1 2 2
120 609
1 2 2
649 223
1 5 2
376 35
1 8 2
16 560
1 8 2
315 68
1 3 2
499 449
1 12 2
222 511
1 2 2
648 608
1 7 2
110 128
1 11 2
181 203
1 12 2
56 13
1 9 2
497 93
1 6 2
556 541
1 14 2
328 356
1 10 2
679 420
1 2 2
120 551
1 10 2
604 400
1 6 2
369 319
1 3 2
180 543
1 2 2
483 537
1 7 2
475 590
1 11 2
526 619
1 7 2
101 80
1 4 2
265 405
1 4 2
276 347
1 3 2
474 92
1 10 2
588 119
1 5 2
340 490
1 15 2
409 381
1 3 2
347 242
1 14 2
357 538
1 9 2
45 470
1 13 2
92 681
1 6 2
292 421
1 15 2
12 530
1 8 2
308 435
1 7 2
45 489
1 3 2
121 11
1 2 2
645 616
1 5 2
30 262
1 14 2
117 285
1 4 2
256 126
1 7 2
585 124
1 2 2
322 432
1 2 2
475 311
1 8 2
697 556
1 6 2
54 410
1 2 2
66 402
1 14 2
404 72
1 14 2
299 243
1 4 2
11 25
1 3 2
397 423
1 6 2
690 662
1 7 2
272 164
1 15 2
74 495
1 14 2
645 227
1 10 2
396 94
1 11 2
236 82
1 13 2
599 548
1 6 2
426 294
1 5 2
516 561
1 4 2
471 645
1 12 2
556 515
1 5 2
98 585
1 7 2
68 593
1 15 2
50 249
1 13 2
357 271
1 14 2
655 406
1 7 2
266 325
1 6 2
676 218
1 3 2
192 133
1 15 2
587 479
1 7 2
23 367
1 3 2
315 149
1 9 2
103 264
1 7 2
655 172
1 4 2
26 280
1 7 2
640 389
1 9 2
514 664
1 9 2
170 679
1 8 2
363 187
1 11 2
650 187
1 5 2
30 579
1 6 2
414 139
1 5 2
483 280
1 13 2
682 560
1 14 2
682 490
1 7 2
177 538
1 6 2
346 116
1 10 2
228 455
1 8 2
364 310
1 11 2
158 391
1 7 2
90 654
1 13 2
101 396
1 8 2
251 622
1 6 2
139 39
1 3 2
161 116
1 13 2
678 312
1 11 2
25 475
1 6 2
245 603
1 10 2
301 575
1 14 2
280 380
1 8 2
249 656
1 6 2
193 337
1 10 2
3 398
1 3 2
457 624
1 8 2
52 61
1 10 2
555 391
1 14 2
461 65
1 9 2
565 402
1 4 2
515 112
1 14 2
541 448
1 5 2
71 549
1 14 2
683 623
1 14 2
460 341
1 3 2
351 166
1 12 2
344 161
1 13 2
226 602
1 9 2
263 176
1 12 2
41 670
1 3 2
541 510
1 14 2
590 693
1 9 2
646 307
1 13 2
113 105
1 9 2
360 626
1 4 2
587 458
1 7 2
623 415
1 3 2
593 630
1 11 2
276 193
1 14 2
259 650
1 9 2
42 392
1 3 2
314 250
1 7 2
367 552
1 9 2
556 149
1 10 2
204 658
1 13 2
496 185
1 5 2
158 453
1 6 2
158 249
1 3 2
603 140
1 7 2
569 228
1 12 2
371 435
1 3 2
409 340
1 12 2
125 148
1 4 2
264 591
1 2 2
500 253
1 10 2
396 666
1 9 2
99 601
1 10 2
158 687
1 6 2
482 472
1 6 2
139 215
1 7 2
331 291
1 4 2
501 388
1 8 2
139 319
1 9 2
181 283
1 10 2
45 272
1 7 2
649 143
1 11 2
284 43
1 5 2
449 274
1 3 2
444 545
1 15 2
589 66
1 13 2
255 522
1 12 2
604 327
1 10 2
17 693
1 4 2
659 229
1 2 2
338 42
1 2 2
211 171
1 7 2
658 1
1 6 2
539 456
1 14 2
632 200
1 12 2
623 207
1 11 2
606 331
1 4 2
624 569
1 3 2
172 331
1 5 2
393 43
1 15 2
455 627
1 10 2
16 684
1 6 2
87 288
1 7 2
241 418
1 6 2
204 507
1 14 2
513 382
1 14 2
692 307
1 2 2
600 273
1 13 2
123 652
1 4 2
592 597
1 3 2
570 458
1 9 2
462 172
1 6 2
667 289
1 3 2
603 337
1 4 2
1 672
1 12 2
464 614
1 9 2
75 408
1 15 2
12 628
1 14 2
424 577
1 6 2
389 642
1 11 2
608 104
1 14 2
193 126
1 3 2
78 206
1 9 2
54 260
1 9 2
578 461
1 7 2
305 623
1 13 2
551 80
1 8 2
423 305
1 5 2
51 611
1 12 2
568 484
1 6 2
339 521
1 2 2
349 229
1 15 2
228 571
1 12 2
271 197
1 11 2
171 471
1 8 2
693 532
1 10 2
253 352
1 8 2
505 344
1 5 2
378 11
1 14 2
384 525
1 9 2
274 393
1 6 2
282 426
1 5 2
690 629
1 13 2
653 140
1 4 2
303 104
1 9 2
574 109
1 7 2
666 212
1 7 2
27 217
1 12 2
636 414
1 2 2
492 10
1 8 2
505 139
1 9 2
360 685
1 9 2
145 294
1 9 2
40 188
1 9 2
67 240
1 3 2
43 10
1 6 2
596 67
1 5 2
237 109
1 4 2
399 58
1 15 2
608 429
1 12 2
208 194
1 7 2
219 54
1 13 2
697 379
1 4 2
597 18
1 7 2
231 156
1 3 2
108 552
1 6 2
261 100
1 5 2
24 698
1 11 2
554 375
1 5 2
96 488
1 4 2
653 280
1 15 2
401 569
1 9 2
298 239
1 8 2
308 439
1 13 2
458 491
1 5 2
695 563
1 7 2
512 610
1 2 2
84 412
1 8 2
262 51
1 2 2
567 573
1 11 2
613 204
1 9 2
389 592
1 8 2
90 339
1 3 2
400 297
1 5 2
601 394
1 6 2
14 387
1 3 2
354 656
1 9 2
516 574
1 6 2
661 551
1 5 2
258 181
1 11 2
413 216
1 12 2
596 273
1 7 2
645 444
1 8 2
641 77
1 6 2
103 598
1 13 2
349 682
1 5 2
217 338
1 7 2
612 8
1 10 2
12 317
1 8 2
221 266
1 15 2
294 140
1 4 2
371 68
1 3 2
392 229
1 13 2
584 349
1 4 2
26 6
1 10 2
441 642
1 12 2
45 628
1 13 2
38 582
1 12 2
456 476
1 11 2
454 633
1 3 2
563 86
1 4 2
376 341
1 5 2
166 412
1 14 2
67 259
1 14 2
262 48
1 9 2
161 603
1 7 2
146 591
1 10 2
447 366
1 7 2
346 46
1 11 2
396 24
1 14 2
564 611
1 12 2
122 369
1 8 2
483 326
1 14 2
169 384
1 3 2
527 439
1 3 2
682 201
1 4 2
546 648
1 10 2
319 113
1 5 2
168 152
1 4 2
233 644
1 9 2
439 32
1 6 2
23 676
1 5 2
14 291
1 2 2
490 427
1 2 2
562 463
1 13 2
303 209
1 14 2
466 523
1 9 2
668 63
1 12 2
161 203
1 6 2
183 542
1 12 2
6 191
1 6 2
139 607
1 8 2
436 462
1 11 2
26 494
1 14 2
98 402
1 11 2
423 637
1 13 2
38 109
1 14 2
367 573
1 4 2
478 279
1 8 2
536 541
1 14 2
262 484
1 5 2
572 344
1 12 2
57 230
1 3 2
533 339
1 6 2
62 108
1 3 2
446 263
1 8 2
460 372
1 9 2
472 127
1 9 2
491 682
1 4 2
481 69
1 2 2
304 163
1 10 2
84 403
1 9 2
295 44
1 4 2
281 135
1 11 2
319 10
1 7 2
234 288
1 10 2
326 128
1 13 2
107 148
1 3 2
509 199
1 15 2
534 79
1 3 2
420 94
1 12 2
553 373
1 11 2
338 177
1 13 2
409 523
1 13 2
52 141
1 14 2
244 606
1 3 2
11 174
1 6 2
294 612
1 7 2
100 380
1 11 2
562 202
1 15 2
519 150
1 6 2
454 563
1 4 2
354 296
1 5 2
294 628
1 8 2
164 29
1 14 2
633 554
1 5 2
480 609
1 11 2
647 298
1 7 2
390 527
1 13 2
252 15
1 11 2
97 677
1 6 2
239 216
1 14 2
255 570
1 4 2
117 263
1 10 2
335 38
1 4 2
111 599
1 8 2
106 116
1 5 2
168 99
1 4 2
538 666
1 8 2
671 516
1 9 2
594 541
1 6 2
459 403
1 12 2
186 235
1 12 2
50 536
1 14 2
211 268
1 9 2
127 143
1 14 2
641 452
1 12 2
469 397
1 9 2
673 538
1 12 2
483 435
1 5 2
148 345
1 6 2
29 494
1 9 2
42 509
1 6 2
474 683
1 14 2
122 80
1 13 2
189 506
1 15 2
186 360
1 4 2
313 508
1 15 2
46 663
1 11 2
404 82
1 6 2
95 452
1 2 2
178 49
1 2 2
92 178
1 4 2
443 282
1 13 2
89 254
1 15 2
124 257
1 15 2
398 584
1 6 2
625 698
1 10 2
171 299
1 15 2
377 512
1 15 2
414 612
1 14 2
264 578
1 3 2
519 199
1 2 2
212 575
1 2 2
155 425
1 11 2
299 362
1 9 2
562 379
1 13 2
36 604
1 10 2
258 267
1 8 2
164 6
1 14 2
457 688
1 3 2
681 621
1 12 2
15 270
1 14 2
415 267
1 11 2
79 13
1 5 2
413 198
1 7 2
363 464
1 11 2
360 564
1 11 2
242 222
1 6 2
362 67
1 6 2
5 407
1 11 2
124 81
1 11 2
307 652
1 8 2
525 183
1 12 2
105 614
1 14 2
29 499
1 3 2
47 456
1 15 2
464 328
1 7 2
682 82
1 13 2
682 124
1 10 2
241 10
1 3 2
85 675
1 10 2
247 635
1 12 2
65 561
1 11 2
136 191
1 3 2
289 680
1 13 2
665 175
1 11 2
538 589
1 8 2
396 175
1 5 2
370 354
1 3 2
207 15
1 14 2
531 188
1 11 2
353 406
1 13 2
660 492
1 13 2
189 580
1 9 2
637 414
1 5 2
674 110
1 14 2
551 48
1 2 2
43 324
1 6 2
416 115
1 11 2
556 661
1 5 2
610 283
1 11 2
645 598
1 2 2
176 113
1 5 2
21 522
1 4 2
126 39
1 5 2
89 568
1 6 2
107 429
1 3 2
584 491
1 8 2
349 504
1 8 2
520 413
1 2 2
362 63
1 15 2
175 205
1 6 2
503 144
1 4 2
338 133
1 13 2
369 277
1 10 2
145 420
1 12 2
567 676
1 11 2
172 576
1 10 2
145 259
1 9 2
47 568
1 2 2
114 124
1 7 2
72 162
1 15 2
315 561
1 12 2
621 343
1 12 2
529 214
1 3 2
419 313
1 7 2
391 519
1 13 2
432 433
1 8 2
172 572
1 11 2
358 65
1 5 2
246 282
1 8 2
260 87
1 7 2
282 334
1 6 2
266 261
1 12 2
282 691
1 5 2
229 639
1 12 2
223 271
1 15 2
260 426
1 2 2
176 141
1 14 2
484 637
1 7 2
70 114
1 10 2
578 34
1 12 2
262 473
1 2 2
262 124
1 12 2
222 34
1 5 2
25 226
1 8 2
4 562
1 11 2
395 633
1 5 2
477 591
1 3 2
46 605
1 9 2
441 26
1 11 2
459 38
1 12 2
62 579
1 10 2
695 386
1 11 2
186 574
1 4 2
130 312
1 13 2
411 350
1 10 2
172 665
1 8 2
561 605
1 11 2
107 420
1 15 2
365 402
1 9 2
642 83
1 13 2
608 458
1 6 2
656 429
1 12 2
193 150
1 12 2
238 310
1 12 2
49 124
1 8 2
7 58
1 8 2
382 190
1 11 2
227 56
1 4 2
124 679
1 3 2
30 50
1 11 2
592 567
1 15 2
357 322
1 6 2
356 650
1 4 2
416 484
1 2 2
318 1
1 15 2
235 58
1 10 2
376 677
1 7 2
621 24
1 3 2
435 573
1 15 2
137 612
1 3 2
591 499
1 15 2
231 314
1 3 2
60 368
1 11 2
231 674
1 6 2
518 622
1 6 2
640 533
1 14 2
155 606
1 9 2
189 13
1 9 2
292 665
1 10 2
14 687
1 7 2
357 326
1 13 2
157 267
1 12 2
688 14
1 6 2
691 570
1 14 2
384 477
1 15 2
329 248
1 10 2
426 139
1 14 2
477 598
1 4 2
146 49
1 13 2
619 542
1 2 2
531 144
1 14 2
540 482
1 5 2
147 426
1 13 2
24 348
1 14 2
680 643
1 11 2
24 36
1 7 2
688 511
1 6 2
192 582
1 14 2
523 250
1 15 2
351 586
1 12 2
353 196
1 15 2
478 489
1 5 2
694 602
1 6 2
665 401
1 5 2
606 592
1 6 2
633 612
1 5 2
677 406
1 2 2
325 608
1 8 2
586 478
1 7 2
406 334
1 3 2
179 493
1 15 2
581 155
1 3 2
521 330
1 13 2
468 138
1 10 2
297 153
1 8 2
399 380
1 11 2
47 681
1 9 2
381 291
1 14 2
8 632
1 3 2
534 147
1 2 2
518 153
1 5 2
565 620
1 4 2
551 454
1 12 2
457 535
1 8 2
25 151
1 14 2
329 272
1 10 2
275 547
1 14 2
353 697
1 5 2
112 282
1 10 2
622 265
1 11 2
314 367
1 6 2
450 63
1 12 2
30 521
1 8 2
641 525
1 10 2
273 471
1 6 2
107 568
1 15 2
217 622
1 6 2
464 118
1 11 2
20 476
1 4 2
605 623
1 13 2
506 236
1 9 2
393 33
1 12 2
362 420
1 10 2
27 247
1 7 2
53 179
1 4 2
74 660
1 12 2
449 374
1 5 2
348 620
1 8 2
602 329
1 9 2
69 693
1 7 2
5 605
1 6 2
149 523
1 8 2
130 618
1 8 2
690 556
1 14 2
679 597
1 5 2
532 270
1 2 2
12 291
1 12 2
46 356
1 14 2
606 443
1 7 2
405 375
1 6 2
442 36
1 15 2
572 170
1 11 2
666 44
1 13 2
546 600
1 2 2
186 572
1 7 2
187 43
1 11 2
511 648
1 2 2
293 236
1 7 2
92 215
1 4 2
425 636
1 7 2
64 453
1 11 2
7 488
1 3 2
470 637
1 4 2
347 68
1 10 2
264 595
1 5 2
170 622
1 6 2
228 330
1 10 2
221 159
1 12 2
597 511
1 9 2
60 43
1 8 2
43 147
1 10 2
214 432
1 14 2
91 649
1 9 2
669 465
1 4 2
645 9
1 12 2
64 91
1 14 2
289 598
1 2 2
233 631
1 13 2
597 417
1 5 2
486 219
1 8 2
662 79
1 2 2
526 28
1 2 2
579 542
1 11 2
186 158
1 6 2
103 664
1 9 2
230 168
1 2 2
676 97
1 10 2
584 414
1 10 2
675 340
1 3 2
462 468
1 13 2
626 18
1 15 2
364 366
1 7 2
75 563
1 9 2
652 362
1 13 2
509 699
1 11 2
416 350
1 5 2
328 21
1 2 2
89 545
1 4 2
335 519
1 15 2
453 19
1 11 2
512 149
1 15 2
257 507
1 14 2
545 78
1 11 2
541 581
1 12 2
573 331
1 13 2
370 23
1 6 2
647 175
1 5 2
674 100
1 15 2
498 413
1 6 2
546 291
1 13 2
351 482
1 5 2
599 311
1 5 2
604 680
1 4 2
314 530
1 7 2
36 417
1 10 2
595 456
1 5 2
92 368
1 4 2
73 340
1 15 2
593 359
1 2 2
7 582
1 3 2
592 57
1 14 2
55 694
1 11 2
597 361
1 7 2
162 301
1 3 2
211 248
1 11 2
497 420
1 15 2
592 257
1 11 2
640 618
1 8 2
580 522
1 10 2
677 671
1 15 2
560 650
1 12 2
563 188
1 8 2
641 402
1 8 2
646 309
1 15 2
303 471
1 6 2
312 286
1 9 2
635 57
1 15 2
232 389
1 13 2
197 534
1 14 2
34 500
1 10 2
22 151
1 6 2
126 397
1 10 2
289 485
1 11 2
584 570
1 2 2
683 671
1 2 2
25 364
1 4 2
342 159
1 12 2
456 525
1 7 2
15 169
1 3 2
262 366
1 7 2
108 56
1 14 2
592 230
1 12 2
163 136
1 12 2
120 486
1 7 2
517 610
1 13 2
143 280
1 7 2
384 372
1 14 2
185 172
1 4 2
323 332
1 13 2
364 65
1 14 2
577 554
1 4 2
428 535
1 4 2
541 558
1 4 2
575 479
1 9 2
339 578
1 9 2
519 172
1 11 2
102 59
1 6 2
219 496
1 15 2
484 606
1 8 2
509 213
1 9 2
531 434
1 10 2
164 238
1 11 2
52 506
1 12 2
530 282
1 13 2
317 210
1 7 2
540 606
1 8 2
170 699
1 2 2
683 236
1 11 2
543 298
1 10 2
156 385
1 10 2
698 64
1 2 2
554 332
1 5 2
26 93
1 5 2
345 41
1 15 2
137 258
1 15 2
360 70
1 2 2
519 166
1 14 2
426 390
1 2 2
503 364
1 12 2
567 62
1 2 2
501 293
1 6 2
480 548
1 15 2
271 24
1 6 2
56 222
1 7 2
269 420
1 14 2
550 65
1 5 2
616 56
1 7 2
602 256
1 13 2
420 107
1 9 2
425 344
1 8 2
234 636
1 6 2
639 451
1 14 2
468 230
1 8 2
506 104
1 10 2
295 399
1 10 2
610 486
1 3 2
686 126
1 15 2
137 282
1 11 2
326 149
1 3 2
637 430
1 12 2
313 30
1 12 2
614 530
1 12 2
202 63
1 12 2
175 670
1 2 2
579 574
1 7 2
455 97
1 5 2
631 220
1 2 2
176 533
1 8 2
125 358
1 2 2
592 364
1 2 2
699 177
1 2 2
357 420
1 2 2
30 358
1 13 2
392 512
1 6 2
486 11
1 8 2
163 26
1 13 2
260 532
1 5 2
671 249
1 11 2
422 20
1 2 2
396 683
1 8 2
32 190
1 13 2
567 10
1 2 2
522 155
1 7 2
94 328
1 10 2
690 136
1 2 2
548 193
1 11 2
494 334
1 2 2
579 80
1 11 2
500 164
1 2 2
590 304
1 4 2
91 248
1 15 2
505 110
1 14 2
298 386
1 5 2
569 573
1 11 2
168 208
1 7 2
75 570
1 7 2
106 211
1 14 2
73 676
1 12 2
462 97
1 11 2
530 465
1 8 2
430 400
1 4 2
14 683
1 9 2
448 40
1 15 2
434 624
1 7 2
628 242
1 7 2
433 35
1 15 2
435 462
1 11 2
541 346
1 3 2
593 203
1 10 2
57 376
1 6 2
380 283
1 11 2
498 1
1 3 2
566 118
1 5 2
152 430
1 3 2
431 248
1 4 2
677 270
1 7 2
239 148
1 5 2
99 141
1 9 2
504 246
1 8 2
123 85
1 2 2
623 197
1 13 2
498 339
1 4 2
513 675
1 14 2
607 207
1 14 2
375 544
1 15 2
230 305
1 8 2
449 325
1 12 2
651 584
1 11 2
480 500
1 13 2
437 683
1 14 2
1 408
1 8 2
39 41
1 10 2
417 26
1 15 2
224 579
1 13 2
247 482
1 6 2
656 297
1 14 2
480 60
1 10 2
121 671
1 11 2
83 304
1 3 2
656 254
1 9 2
283 287
1 6 2
465 410
1 5 2
578 353
1 10 2
297 498
1 11 2
358 623
1 7 2
546 307
1 11 2
586 296
1 13 2
240 120
1 14 2
673 167
1 12 2
657 70
1 11 2
419 518
1 3 2
331 332
1 3 2
302 476
1 14 2
532 307
1 9 2
539 131
1 2 2
565 343
1 15 2
83 569
1 10 2
616 534
1 3 2
257 631
1 15 2
674 448
1 4 2
649 412
1 4 2
236 189
1 13 2
698 195
1 2 2
647 668
1 3 2
410 475
1 2 2
237 451
1 13 2
65 297
1 11 2
548 92
1 10 2
240 127
1 3 2
461 364
1 11 2
89 290
1 14 2
144 548
1 7 2
351 145
1 4 2
383 537
1 6 2
216 91
1 14 2
227 346
1 6 2
244 328
1 5 2
371 609
1 4 2
490 88
1 14 2
47 630
1 11 2
473 226
1 7 2
342 222
1 14 2
327 58
1 2 2
629 128
1 4 2
378 570
1 9 2
698 585
1 10 2
230 621
1 13 2
334 539
1 3 2
571 406
1 15 2
187 339
1 8 2
248 245
1 12 2
667 537
1 6 2
635 268
1 3 2
320 109
1 9 2
123 353
1 15 2
227 471
1 3 2
74 496
1 3 2
237 559
1 13 2
377 485
1 14 2
362 496
1 5 2
190 424
1 10 2
281 525
1 5 2
373 62
1 3 2
653 130
1 5 2
379 376
1 14 2
81 42
1 4 2
176 428
1 2 2
287 185
1 5 2
462 321
1 4 2
340 584
1 13 2
299 122
1 10 2
395 26
1 2 2
215 457
1 8 2
208 397
1 5 2
171 674
1 12 2
656 568
1 14 2
579 388
1 8 2
365 688
1 2 2
440 254
1 10 2
0 514
1 5 2
245 464
1 15 2
411 52
1 4 2
168 218
1 4 2
138 443
1 14 2
44 466
1 10 2
633 665
1 9 2
92 133
1 15 2
459 684
1 3 2
427 199
1 14 2
69 691
1 9 2
488 637
1 12 2
412 397
1 12 2
598 296
1 4 2
522 570
1 3 2
659 416
1 14 2
237 500
1 7 2
198 684
1 7 2
379 68
1 5 2
234 62
1 15 2
169 89
1 4 2
352 560
1 13 2
521 602
1 10 2
57 355
1 3 2
455 349
1 15 2
632 485
1 9 2
188 35
1 8 2
587 149
1 14 2
371 663
1 2 2
33 132
1 10 2
651 648
1 13 2
653 308
1 5 2
240 542
1 9 2
11 10
1 9 2
508 492
1 12 2
332 228
1 13 2
574 126
1 9 2
120 458
1 7 2
232 501
1 14 2
198 262
1 4 2
16 485
1 3 2
562 319
1 15 2
470 152
1 10 2
127 108
1 10 2
30 680
1 4 2
44 309
1 5 2
247 311
1 11 2
33 625
1 6 2
178 10
1 12 2
339 119
1 10 2
403 645
1 2 2
150 81
1 2 2
502 108
1 3 2
4 251
1 5 2
526 43
1 4 2
117 146
1 7 2
320 35
1 5 2
11 616
1 10 2
648 115
1 10 2
592 521
1 7 2
674 353
1 4 2
42 353
1 13 2
230 5
1 5 2
6 92
1 10 2
599 88
1 3 2
396 256
1 11 2
122 349
1 13 2
429 663
1 15 2
119 6
1 5 2
236 277
1 3 2
143 630
1 6 2
585 529
1 14 2
265 247
1 9 2
197 480
1 11 2
339 143
1 13 2
439 301
1 6 2
235 340
1 7 2
588 187
1 8 2
339 295
1 9 2
258 42
1 11 2
40 463
1 15 2
410 415
1 3 2
54 179
1 7 2
90 572
1 5 2
697 673
1 14 2
322 42
1 6 2
580 341
1 12 2
653 29
1 11 2
648 124
1 8 2
559 590
1 7 2
593 649
1 4 2
47 597
1 10 2
81 611
1 14 2
101 491
1 15 2
0 21
1 9 2
623 695
1 4 2
236 355
1 7 2
73 138
1 5 2
108 376
1 5 2
36 27
1 4 2
521 493
1 2 2
493 311
1 15 2
506 204
1 6 2
493 213
1 12 2
582 654
1 7 2
442 677
1 7 2
651 47
1 9 2
504 670
1 15 2
102 187
1 2 2
456 467
1 2 2
694 150
1 7 2
380 444
1 2 2
55 559
1 9 2
5 204
1 8 2
32 437
1 12 2
168 213
1 11 2
492 620
1 12 2
665 477
1 5 2
245 10
1 4 2
439 65
1 6 2
482 412
1 4 2
234 442
1 13 2
652 448
1 13 2
602 90
1 15 2
572 541
1 6 2
373 456
1 12 2
535 587
1 15 2
176 373
1 10 2
20 92
1 2 2
247 11
1 9 2
85 282
1 13 2
514 444
1 5 2
331 343
1 13 2
231 145
1 12 2
523 623
1 15 2
513 390
1 11 2
133 45
1 13 2
201 589
1 6 2
690 446
1 4 2
696 33
1 9 2
8 461
1 2 2
532 368
1 8 2
510 2
1 12 2
24 619
1 6 2
668 322
1 11 2
332 510
1 12 2
615 234
1 2 2
355 408
1 5 2
28 126
1 7 2
316 130
1 13 2
643 147
1 13 2
96 310
1 2 2
502 190
1 2 2
294 407
1 5 2
677 190
1 9 2
322 238
1 7 2
525 461
1 5 2
224 389
1 5 2
233 483
1 9 2
382 614
1 4 2
600 239
1 11 2
486 250
1 5 2
172 417
1 15 2
90 503
1 5 2
218 136
1 11 2
511 279
1 8 2
227 688
1 14 2
426 154
1 9 2
652 293
1 13 2
408 465
1 4 2
112 456
1 9 2
12 484
1 3 2
367 476
1 15 2
477 434
1 7 2
353 569
1 9 2
514 363
1 2 2
51 547
1 12 2
473 274
1 5 2
167 229
1 11 2
461 571
1 7 2
133 624
1 2 2
546 55
1 12 2
291 488
1 11 2
366 224
1 11 2
169 71
1 13 2
311 297
1 10 2
216 608
1 15 2
517 0
1 6 2
440 653
1 3 2
449 656
1 12 2
403 599
1 12 2
698 308
1 8 2
602 563
1 13 2
435 534
1 3 2
511 389
1 14 2
335 405
1 13 2
545 531
1 2 2
143 166
1 9 2
14 61
1 8 2
70 233
1 9 2
82 599
1 2 2
362 31
1 3 2
405 439
1 13 2
287 264
1 5 2
626 307
1 2 2
35 471
1 14 2
165 385
1 12 2
548 420
1 6 2
296 689
1 10 2
635 167
1 5 2
44 381
1 13 2
138 455
1 14 2
157 5
1 15 2
589 408
1 12 2
341 43
1 10 2
508 362
1 7 2
113 626
1 5 2
481 550
1 8 2
370 391
1 11 2
159 45
1 5 2
620 559
1 8 2
93 1
1 10 2
65 190
1 11 2
244 212
1 13 2
93 523
1 3 2
524 262
1 11 2
393 137
1 6 2
572 568
1 4 2
178 250
1 15 2
562 391
1 7 2
386 239
1 13 2
433 271
1 13 2
318 94
1 6 2
354 483
1 10 2
612 0
1 13 2
212 219
1 8 2
276 549
1 2 2
549 251
1 2 2
146 57
1 14 2
643 347
1 2 2
78 555
1 9 2
682 389
1 5 2
186 291
1 4 2
268 599
1 2 2
355 527
1 3 2
234 67
1 10 2
467 135
1 2 2
389 427
1 3 2
125 441
1 3 2
451 224
1 9 2
58 307
1 14 2
316 511
1 3 2
613 491
1 10 2
120 506
1 7 2
443 294
1 14 2
503 419
1 2 2
101 221
1 4 2
216 211
1 5 2
340 119
1 2 2
223 664
1 6 2
30 522
1 8 2
51 49
1 6 2
240 417
1 15 2
652 37
1 4 2
20 157
1 8 2
125 533
1 15 2
342 661
1 13 2
192 119
1 3 2
216 105
1 7 2
525 621
1 11 2
455 98
1 11 2
369 680
1 4 2
241 287
1 2 2
172 56
1 15 2
518 168
1 12 2
294 88
1 4 2
435 231
1 9 2
424 576
1 10 2
216 143
1 6 2
582 179
1 2 2
685 651
1 6 2
94 283
1 7 2
576 683
1 5 2
432 342
1 7 2
123 579
1 15 2
52 99
1 11 2
231 680
1 9 2
293 352
1 15 2
201 122
1 8 2
531 547
1 14 2
659 612
1 12 2
190 122
1 12 2
354 154
1 8 2
683 73
1 15 2
9 499
1 4 2
425 672
1 12 2
393 606
1 9 2
126 622
1 14 2
555 517
1 2 2
42 19
1 11 2
395 302
1 8 2
589 440
1 11 2
433 479
1 13 2
217 75
1 13 2
329 157
1 3 2
355 644
1 2 2
171 190
1 15 2
59 676
1 14 2
436 488
1 7 2
272 266
1 10 2
259 133
1 10 2
143 287
1 4 2
45 93
1 9 2
199 126
1 15 2
250 174
1 13 2
42 203
1 11 2
408 553
1 15 2
67 606
1 9 2
25 133
1 13 2
98 192
1 9 2
450 602
1 7 2
223 133
1 4 2
231 462
1 9 2
192 211
1 9 2
119 402
1 6 2
430 195
1 11 2
419 636
1 3 2
596 435
1 12 2
600 257
1 13 2
549 415
1 3 2
181 611
1 12 2
116 23
1 8 2
200 95
1 2 2
308 6
1 8 2
36 543
1 15 2
423 535
1 11 2
263 587
1 3 2
9 523
1 2 2
173 461
1 13 2
25 315
1 12 2
360 120
1 10 2
372 481
1 5 2
29 512
1 3 2
120 204
1 3 2
185 595
1 4 2
182 551
1 12 2
140 668
1 4 2
385 142
1 14 2
119 620
1 8 2
650 437
1 7 2
11 656
1 8 2
610 446
1 2 2
49 144
1 3 2
585 519
1 2 2
234 598
1 12 2
657 14
1 7 2
637 220
1 11 2
93 159
1 15 2
279 83
1 7 2
226 475
1 10 2
209 324
1 14 2
181 509
1 6 2
621 377
1 10 2
578 74
1 4 2
593 572
1 9 2
43 431
1 5 2
532 591
1 8 2
48 447
1 5 2
470 158
1 14 2
47 237
1 6 2
91 600
1 12 2
109 451
1 15 2
249 162
1 7 2
472 601
1 15 2
237 213
1 13 2
65 397
1 8 2
552 379
1 14 2
166 149
1 13 2
261 343
1 4 2
502 77
1 13 2
690 71
1 11 2
26 298
1 13 2
286 326
1 2 2
460 517
1 15 2
251 235
1 6 2
306 156
1 2 2
22 411
1 9 2
8 183
1 15 2
687 621
1 11 2
488 343
1 11 2
400 179
1 9 2
315 215
1 9 2
579 562
1 6 2
306 390
1 13 2
412 310
1 5 2
240 167
1 11 2
525 155
1 8 2
472 571
1 12 2
696 572
1 6 2
505 372
1 15 2
169 681
1 8 2
518 187
1 12 2
151 556
1 8 2
530 375
1 11 2
458 568
1 10 2
609 308
1 3 2
685 154
1 9 2
618 68
1 8 2
132 312
1 13 2
59 594
1 10 2
227 423
1 5 2
615 610
1 10 2
322 544
1 5 2
606 499
1 7 2
615 19
1 14 2
595 182
1 4 2
631 518
1 3 2
420 56
1 4 2
674 92
1 12 2
131 307
1 10 2
268 143
1 15 2
212 64
1 2 2
633 403
1 12 2
113 28
1 14 2
271 81
1 8 2
471 687
1 13 2
204 533
1 15 2
468 653
1 10 2
229 572
1 10 2
25 669
1 9 2
359 574
1 6 2
287 308
1 9 2
377 18
1 10 2
123 174
1 12 2
97 205
1 4 2
384 661
1 9 2
698 645
1 2 2
677 561
1 5 2
414 224
1 14 2
61 515
1 6 2
272 267
1 4 2
384 190
1 12 2
328 190
1 6 2
231 640
1 13 2
417 532
1 4 2
679 24
1 12 2
319 399
1 5 2
5 586
1 14 2
274 315
1 2 2
481 474
1 12 2
53 3
1 7 2
170 93
1 7 2
563 311
1 9 2
81 522
1 7 2
439 484
1 7 2
644 453
1 6 2
579 235
1 4 2
158 646
1 14 2
650 8
1 12 2
173 476
1 14 2
499 8
1 9 2
698 393
1 6 2
193 508
1 12 2
436 406
1 11 2
450 87
1 2 2
572 331
1 2 2
124 409
1 6 2
30 689
1 13 2
69 312
1 10 2
29 111
1 7 2
520 175
1 7 2
595 484
1 10 2
444 321
1 7 2
669 465
1 2 2
255 264
1 9 2
121 552
1 13 2
681 659
1 6 2
283 667
1 6 2
469 27
1 7 2
236 547
1 4 2
215 595
1 6 2
639 524
1 3 2
685 36
1 3 2
435 168
1 7 2
650 5
1 11 2
171 670
1 13 2
103 144
1 6 2
683 348
1 9 2
374 173
1 12 2
93 250
1 6 2
376 303
1 15 2
196 14
1 10 2
151 387
1 7 2
167 432
1 12 2
13 547
1 7 2
287 12
1 10 2
591 520
1 10 2
504 478
1 6 2
193 292
1 7 2
106 333
1 11 2
29 471
1 11 2
28 668
1 2 2
303 395
1 10 2
355 238
1 4 2
592 519
1 10 2
300 481
1 2 2
88 613
1 8 2
647 623
1 2 2
94 264
1 15 2
533 305
1 15 2
651 697
1 10 2
403 341
1 6 2
545 598
1 7 2
35 543
1 6 2
68 348
1 15 2
309 283
1 15 2
117 515
1 3 2
246 602
1 15 2
440 301
1 10 2
177 518
1 2 2
97 48
1 12 2
172 676
1 4 2
101 263
1 10 2
381 389
1 14 2
343 432
1 13 2
82 631
1 4 2
256 245
1 14 2
407 237
1 5 2
268 639
1 15 2
499 650
1 15 2
494 554
1 6 2
282 297
1 4 2
131 194
1 9 2
359 400
1 5 2
140 511
1 10 2
576 25
1 8 2
49 583
1 7 2
296 393
1 2 2
382 33
1 14 2
163 216
1 7 2
442 342
1 11 2
10 421
1 7 2
544 49
1 4 2
439 5
1 7 2
46 487
1 2 2
151 120
1 15 2
324 485
1 12 2
82 259
1 7 2
529 268
1 8 2
609 647
1 7 2
138 399
1 2 2
393 403
1 11 2
612 127
1 7 2
474 84
1 14 2
699 303
1 4 2
463 698
1 4 2
683 92
1 3 2
156 285
1 2 2
694 548
1 13 2
367 200
1 6 2
531 681
1 4 2
44 238
1 8 2
116 410
1 15 2
456 179
1 2 2
88 171
1 6 2
229 56
1 12 2
311 31
1 7 2
654 33
1 15 2
385 343
1 14 2
409 519
1 6 2
26 71
1 6 2
67 83
1 15 2
135 292
1 6 2
236 204
1 10 2
530 604
1 8 2
118 221
1 10 2
295 441
1 10 2
456 277
1 4 2
228 641
1 4 2
50 148
1 8 2
542 398
1 8 2
313 26
1 12 2
595 101
1 10 2
457 552
1 2 2
640 39
1 8 2
143 274
1 5 2
460 277
1 4 2
676 520
1 5 2
99 118
1 2 2
409 596
1 4 2
122 402
1 7 2
643 116
1 5 2
59 46
1 13 2
545 12
1 11 2
364 356
1 3 2
478 634
1 14 2
395 192
1 6 2
381 110
1 3 2
489 467
1 5 2
561 179
1 3 2
24 400
1 6 2
11 590
1 11 2
606 300
1 5 2
362 230
1 3 2
384 349
1 8 2
303 528
1 11 2
80 18
1 10 2
607 637
1 13 2
493 215
1 10 2
106 52
1 10 2
644 372
1 2 2
103 100
1 12 2
623 637
1 13 2
671 118
1 2 2
200 426
1 13 2
415 672
1 3 2
35 53
1 6 2
349 279
1 14 2
107 108
1 10 2
263 265
1 12 2
102 298
1 4 2
577 338
1 2 2
32 202
1 8 2
482 620
1 11 2
512 330
1 12 2
186 346
1 8 2
678 125
1 10 2
361 456
1 14 2
635 487
1 13 2
290 335
1 12 2
694 672
1 10 2
486 622
1 4 2
690 658
1 15 2
236 421
1 2 2
290 167
1 2 2
288 290
1 4 2
204 181
1 9 2
499 418
1 14 2
539 186
1 14 2
398 403
1 7 2
154 637
1 15 2
210 683
1 5 2
681 199
1 3 2
102 464
1 14 2
9 483
1 11 2
675 354
1 14 2
452 142
1 7 2
9 125
1 3 2
2 151
1 5 2
350 589
1 13 2
586 304
1 15 2
285 473
1 11 2
460 398
1 5 2
560 246
1 8 2
225 196
1 2 2
121 400
1 8 2
638 498
1 6 2
257 343
1 10 2
260 428
1 9 2
383 140
1 2 2
337 312
1 10 2
185 218
1 6 2
309 327
1 9 2
524 132
1 7 2
575 238
1 5 2
199 698
1 2 2
201 28
1 2 2
71 554
1 3 2
624 37
1 5 2
441 498
1 10 2
146 534
1 4 2
664 350
1 11 2
84 581
1 5 2
91 690
1 13 2
567 418
1 15 2
449 217
1 15 2
494 38
1 15 2
433 280
1 14 2
72 606
1 6 2
252 472
1 11 2
414 261
1 10 2
238 146
1 7 2
390 458
1 7 2
529 118
1 11 2
600 507
1 12 2
548 648
1 15 2
287 320
1 7 2
629 371
1 5 2
506 232
1 4 2
291 604
1 15 2
15 497
1 6 2
294 221
1 11 2
544 66
1 7 2
8 339
1 13 2
350 280
1 3 2
424 71
1 13 2
135 155
1 12 2
534 613
1 8 2
649 693
1 3 2
365 28
1 10 2
504 252
1 12 2
122 648
1 6 2
340 136
1 12 2
207 353
1 8 2
629 578
1 11 2
171 335
1 12 2
303 477
1 12 2
265 613
1 6 2
456 641
1 15 2
30 688
1 9 2
329 47
1 8 2
432 412
1 11 2
578 10
1 5 2
85 602
1 2 2
55 362
1 15 2
205 264
1 2 2
156 455
1 15 2
382 299
1 5 2
586 477
1 4 2
470 95
1 12 2
646 164
1 3 2
421 389
1 8 2
562 58
1 8 2
243 578
1 6 2
13 404
1 6 2
319 230
1 7 2
167 469
1 2 2
94 557
1 4 2
461 46
1 11 2
492 426
1 9 2
313 387
1 15 2
7 438
1 13 2
131 138
1 9 2
19 579
1 6 2
326 53
1 2 2
190 56
1 13 2
259 50
1 2 2
410 556
1 8 2
612 104
1 4 2
86 22
1 8 2
599 470
1 6 2
659 207
1 7 2
172 619
1 4 2
649 419
1 12 2
410 39
1 15 2
130 77
1 15 2
14 49
1 14 2
380 594
1 4 2
70 332
1 11 2
390 386
1 10 2
570 553
1 2 2
338 253
1 11 2
127 261
1 5 2
321 346
1 14 2
261 404
1 2 2
65 464
1 5 2
265 101
1 13 2
648 559
1 12 2
162 269
1 5 2
48 647
1 12 2
251 508
1 11 2
402 260
1 5 2
411 541
1 15 2
557 692
1 11 2
475 235
1 5 2
543 385
1 11 2
407 157
1 12 2
327 356
1 3 2
516 73
1 14 2
518 132
1 4 2
184 237
1 12 2
208 37
1 6 2
163 170
1 5 2
412 389
1 13 2
280 162
1 11 2
537 39
1 4 2
25 618
1 12 2
408 397
1 3 2
332 611
1 10 2
158 211
1 2 2
154 349
1 8 2
599 131
1 8 2
147 283
1 14 2
417 273
1 8 2
210 550
1 12 2
324 522
1 6 2
568 306
1 6 2
96 150
1 9 2
240 176
1 12 2
79 284
1 3 2
530 674
1 8 2
558 214
1 11 2
235 54
1 5 2
603 235
1 5 2
266 495
1 11 2
560 297
1 7 2
1 488
1 11 2
451 434
1 12 2
531 605
1 3 2
308 402
1 12 2
568 307
1 11 2
117 204
1 8 2
441 646
1 14 2
689 426
1 5 2
211 521
1 3 2
139 579
1 11 2
539 505
1 7 2
589 500
1 11 2
510 191
1 5 2
476 180
1 7 2
207 259
1 6 2
276 103
1 13 2
19 499
1 14 2
255 17
1 3 2
371 551
1 15 2
99 61
1 6 2
173 562
1 10 2
612 464
1 12 2
584 215
1 7 2
48 310
1 9 2
258 305
1 4 2
342 101
1 11 2
686 401
1 7 2
64 166
1 4 2
179 684
1 5 2
173 623
1 5 2
694 423
1 15 2
214 499
1 3 2
539 431
1 2 2
184 87
1 12 2
221 137
1 12 2
237 0
1 9 2
589 51
1 7 2
272 26
1 12 2
231 58
1 15 2
350 400
1 3 2
335 500
1 6 2
216 174
1 13 2
571 53
1 11 2
666 218
1 11 2
638 447
1 11 2
192 355
1 12 2
379 162
1 6 2
387 557
1 13 2
16 79
1 7 2
520 672
1 7 2
166 295
1 9 2
233 210
1 5 2
295 367
1 13 2
229 609
1 7 2
132 510
1 5 2
158 609
1 6 2
218 203
1 11 2
590 155
1 11 2
330 482
1 13 2
287 392
1 14 2
218 38
1 6 2
472 203
1 10 2
409 140
1 8 2
643 395
1 8 2
637 346
1 7 2
699 320
1 13 2
340 171
1 13 2
85 84
1 2 2
505 355
1 6 2
93 215
1 8 2
224 142
1 15 2
32 542
1 13 2
323 646
1 8 2
558 178
1 8 2
180 377
1 6 2
559 493
1 10 2
235 657
1 7 2
271 650
1 11 2
339 582
1 12 2
592 487
1 4 2
615 620
1 8 2
322 436
1 5 2
288 394
1 3 2
44 375
1 4 2
506 463
1 2 2
94 291
1 2 2
31 288
1 5 2
30 127
1 9 2
209 311
1 8 2
405 238
1 13 2
21 638
1 12 2
586 321
1 14 2
509 443
1 13 2
119 323
1 5 2
32 404
1 8 2
655 493
1 9 2
462 166
1 12 2
504 30
1 13 2
77 3
1 6 2
456 671
1 2 2
507 89
1 15 2
278 647
1 2 2
555 74
1 6 2
313 279
1 5 2
239 680
1 13 2
28 151
1 3 2
521 190
1 6 2
236 140
1 11 2
133 664
1 10 2
415 241
1 12 2
296 375
1 7 2
298 153
1 7 2
369 282
1 8 2
164 532
1 14 2
474 526
1 14 2
348 260
1 15 2
192 493
1 15 2
50 14
1 9 2
690 200
1 10 2
352 383
1 7 2
338 580
1 15 2
143 26
1 3 2
316 654
1 13 2
370 361
1 10 2
123 644
1 13 2
115 361
1 3 2
676 122
1 11 2
651 585
1 3 2
40 365
1 13 2
159 181
1 4 2
312 233
1 14 2
425 48
1 6 2
538 621
1 10 2
266 184
1 5 2
5 81
1 2 2
407 341
1 10 2
680 260
1 12 2
238 34
1 2 2
399 669
1 8 2
483 403
1 2 2
323 147
1 2 2
406 446
1 8 2
76 584
1 4 2
234 503
1 15 2
592 355
1 10 2
92 50
1 3 2
13 439
1 13 2
12 99
1 4 2
256 669
1 9 2
609 13
1 15 2
179 559
1 3 2
575 396
1 2 2
552 326
1 8 2
612 557
1 3 2
47 592
1 9 2
83 28
1 8 2
399 433
1 9 2
91 44
1 10 2
480 373
1 14 2
516 120
1 2 2
181 464
1 15 2
650 674
1 10 2
309 658
1 9 2
578 455
1 10 2
131 364
1 14 2
7 149
1 11 2
1 266
1 14 2
653 13
1 9 2
487 274
1 10 2
632 571
1 6 2
269 74
1 6 2
459 472
1 4 2
117 296
1 4 2
358 246
1 4 2
45 67
1 3 2
653 261
1 14 2
659 161
1 12 2
215 494
1 2 2
447 68
1 14 2
533 419
1 8 2
258 404
1 14 2
38 222
1 7 2
503 120
1 11 2
450 602
1 2 2
438 408
1 7 2
373 697
1 10 2
302 682
1 5 2
438 524
1 14 2
574 599
1 3 2
240 5
1 10 2
66 332
1 4 2
266 627
1 3 2
216 316
1 12 2
621 499
1 7 2
648 255
1 8 2
171 107
1 13 2
599 411
1 11 2
97 551
1 13 2
381 10
1 11 2
241 437
1 5 2
682 540
1 11 2
178 173
1 15 2
511 343
1 5 2
522 563
1 8 2
315 47
1 11 2
289 69
1 13 2
641 434
1 8 2
104 106
1 7 2
31 418
1 11 2
74 29
1 12 2
35 264
1 6 2
689 637
1 15 2
217 573
1 8 2
282 460
1 9 2
136 469
1 6 2
477 133
1 11 2
555 390
1 3 2
212 612
1 3 2
374 359
1 5 2
168 575
1 12 2
23 524
1 3 2
662 13
1 9 2
598 123
1 2 2
530 412
1 14 2
122 512
1 13 2
25 274
1 5 2
94 205
1 5 2
482 101
1 7 2
64 656
1 9 2
164 6
1 11 2
78 171
1 15 2
9 375
1 2 2
64 481
1 9 2
591 401
1 9 2
571 187
1 13 2
671 699
1 5 2
249 699
1 9 2
210 579
1 13 2
8 663
1 7 2
667 483
1 15 2
408 79
1 15 2
582 364
1 12 2
458 414
1 5 2
170 435
1 13 2
190 125
1 9 2
665 576
1 13 2
665 635
1 13 2
140 196
1 12 2
511 184
1 2 2
670 120
1 3 2
432 15
1 4 2
207 264
1 5 2
341 567
1 3 2
53 119
1 4 2
166 652
1 10 2
142 55
1 15 2
394 117
1 12 2
288 304
1 15 2
107 214
1 2 2
236 626
1 2 2
414 207
1 14 2
237 448
1 2 2
87 680
1 3 2
590 116
1 2 2
584 161
1 9 2
194 275
1 15 2
37 35
1 7 2
128 579
1 12 2
603 638
1 8 2
379 58
1 8 2
583 107
1 4 2
168 698
1 3 2
170 425
1 10 2
467 528
1 11 2
496 558
1 10 2
300 306
1 4 2
569 240
1 14 2
53 339
1 4 2
407 245
1 5 2
595 123
1 5 2
346 506
1 15 2
172 16
1 12 2
92 540
1 13 2
531 427
1 2 2
365 137
1 7 2
521 78
1 8 2
1 211
1 11 2
284 277
1 11 2
669 338
1 12 2
664 320
1 9 2
285 386
1 6 2
544 470
1 13 2
260 388
1 7 2
426 241
1 11 2
369 436
1 10 2
151 60
1 8 2
85 666
1 5 2
289 666
1 13 2
593 357
1 3 2
579 545
1 14 2
265 74
1 2 2
34 213
1 3 2
434 334
1 7 2
22 117
1 9 2
626 22
1 12 2
420 479
1 13 2
64 364
1 14 2
693 79
1 3 2
3 375
1 6 2
647 417
1 14 2
264 683
1 15 2
513 101
1 5 2
587 464
1 13 2
20 420
1 11 2
151 323
1 15 2
280 611
1 14 2
212 646
1 2 2
606 78
1 5 2
302 610
1 3 2
370 366
1 2 2
248 49
1 2 2
638 389
1 8 2
297 449
1 4 2
109 630
1 6 2
59 177
1 5 2
686 556
1 12 2
329 543
1 6 2
358 5
1 2 2
570 453
1 2 2
689 232
1 9 2
127 449
1 4 2
51 302
1 7 2
693 668
1 8 2
548 588
1 7 2
242 674
1 7 2
58 532
1 14 2
298 363
1 7 2
461 72
1 10 2
669 620
1 6 2
679 40
1 6 2
205 320
1 8 2
672 481
1 14 2
498 594
1 12 2
294 694
1 12 2
596 452
1 5 2
500 510
1 4 2
402 469
1 4 2
15 483
1 15 2
468 232
1 10 2
23 254
1 2 2
629 336
1 9 2
245 291
1 13 2
550 399
1 6 2
346 8
1 11 2
534 358
1 5 2
95 374
1 4 2
248 456
1 12 2
461 333
1 10 2
323 378
1 14 2
551 284
1 7 2
572 246
1 10 2
68 530
1 2 2
291 108
1 9 2
678 80
1 2 2
343 56
1 9 2
244 339
1 5 2
455 572
1 10 2
614 551
1 3 2
424 250
1 2 2
497 107
1 7 2
228 621
1 7 2
360 96
1 2 2
564 440
1 13 2
333 113
1 4 2
213 112
1 7 2
64 326
1 5 2
268 648
1 13 2
114 504
1 14 2
521 677
1 11 2
154 307
1 14 2
566 520
1 14 2
104 213
1 9 2
230 594
1 15 2
6 556
1 9 2
686 106
1 13 2
36 21
1 12 2
57 689
1 9 2
131 685
1 15 2
389 9
1 5 2
23 417
1 2 2
427 107
1 9 2
166 295
1 4 2
205 558
1 3 2
331 394
1 3 2
589 387
1 2 2
179 207
1 6 2
447 583
1 3 2
606 215
1 12 2
230 478
1 5 2
240 443
1 12 2
388 609
1 12 2
47 448
1 7 2
26 147
1 6 2
356 548
1 3 2
382 537
1 9 2
270 205
1 3 2
303 294
1 4 2
635 128
1 6 2
46 439
1 3 2
618 231
1 12 2
572 431
1 4 2
465 321
1 14 2
589 175
1 15 2
558 73
1 12 2
24 490
1 10 2
149 649
1 2 2
411 202
1 8 2
69 394
1 3 2
280 262
1 14 2
395 139
1 10 2
226 415
1 15 2
130 640
1 7 2
377 218
1 11 2
566 370
1 10 2
406 604
1 5 2
501 609
1 2 2
661 460
1 13 2
91 128
1 11 2
527 314
1 5 2
354 42
1 9 2
464 414
1 13 2
144 396
1 12 2
548 404
1 10 2
188 697
1 9 2
438 92
1 3 2
532 82
1 7 2
530 528
1 7 2
661 504
1 10 2
613 602
1 7 2
664 503
1 14 2
170 421
1 15 2
611 648
1 2 2
35 546
1 2 2
584 531
1 12 2
304 378
1 7 2
499 256
1 6 2
419 471
1 2 2
537 225
1 6 2
565 164
1 6 2
187 256
1 12 2
194 82
1 6 2
607 69
1 4 2
623 438
1 6 2
78 666
1 15 2
547 593
1 13 2
68 311
1 5 2
53 298
1 5 2
367 251
1 3 2
627 301
1 5 2
281 496
1 10 2
224 536
1 10 2
84 165
1 4 2
530 103
1 12 2
191 439
1 13 2
116 220
1 2 2
593 210
1 2 2
491 584
1 7 2
481 665
1 10 2
664 91
1 14 2
265 262
1 4 2
512 283
1 10 2
516 527
1 4 2
520 632
1 10 2
149 76
1 13 2
53 441
1 9 2
380 124
1 10 2
689 375
1 5 2
146 113
1 5 2
550 456
1 13 2
75 103
1 10 2
270 388
1 12 2
606 291
1 12 2
651 397
1 12 2
575 95
1 12 2
293 673
1 3 2
567 286
1 11 2
374 670
1 2 2
360 184
1 9 2
679 610
1 6 2
451 160
1 5 2
101 28
1 4 2
481 634
1 15 2
399 133
1 9 2
376 443
1 6 2
122 7
1 9 2
64 629
1 12 2
646 379
1 13 2
502 407
1 6 2
291 179
1 3 2
375 60
1 12 2
149 258
1 2 2
104 236
1 8 2
229 657
1 12 2
572 486
1 15 2
577 523
1 2 2
289 650
1 11 2
291 350
1 9 2
193 163
1 6 2
292 118
1 4 2
550 231
1 8 2
66 36
1 2 2
51 11
1 4 2
593 689
1 7 2
248 168
1 13 2
96 436
1 9 2
192 690
1 6 2
70 686
1 6 2
55 142
1 15 2
619 269
1 2 2
500 581
1 14 2
314 631
1 4 2
37 318
1 5 2
22 452
1 3 2
437 378
1 9 2
397 14
1 3 2
531 593
1 13 2
182 469
1 8 2
687 293
1 9 2
495 350
1 10 2
200 526
1 8 2
624 605
1 5 2
546 662
1 10 2
288 174
1 6 2
199 125
1 9 2
180 217
1 3 2
32 671
1 9 2
608 670
1 13 2
678 151
1 9 2
202 134
1 15 2
312 63
1 5 2
191 356
1 11 2
253 420
1 11 2
277 505
1 5 2
295 635
1 7 2
35 683
1 8 2
185 85
1 2 2
22 129
1 15 2
342 590
1 5 2
326 352
1 14 2
283 185
1 2 2
561 68
1 3 2
445 319
1 6 2
541 681
1 12 2
405 64
1 13 2
607 382
1 15 2
547 504
1 12 2
65 324
1 3 2
360 669
1 8 2
218 665
1 10 2
481 280
1 13 2
45 403
1 12 2
210 645
1 6 2
539 385
1 4 2
289 300
1 4 2
189 234
1 10 2
234 360
1 8 2
100 60
1 9 2
503 404
1 4 2
414 124
1 5 2
613 2
1 11 2
512 59
1 7 2
326 410
1 6 2
445 31
1 10 2
694 254
1 9 2
368 438
1 5 2
341 661
1 3 2
454 545
1 10 2
222 129
1 15 2
602 387
1 12 2
146 365
1 11 2
608 200
1 11 2
502 109
1 11 2
244 260
1 3 2
238 99
1 15 2
574 69
1 6 2
379 81
1 4 2
481 424
1 5 2
319 650
1 5 2
483 341
1 9 2
325 554
1 13 2
92 496
1 9 2
385 237
1 11 2
15 538
1 14 2
251 130
1 5 2
145 70
1 11 2
343 34
1 8 2
691 486
1 2 2
362 195
1 8 2
609 411
1 4 2
405 462
1 6 2
54 698
1 2 2
455 502
1 9 2
518 656
1 8 2
318 426
1 4 2
609 54
1 8 2
699 680
1 5 2
306 43
1 4 2
510 318
1 5 2
546 505
1 10 2
654 285
1 11 2
380 363
1 4 2
369 642
1 5 2
502 105
1 9 2
238 368
1 11 2
474 452
1 8 2
27 251
1 12 2
496 187
1 15 2
220 438
1 8 2
481 124
1 11 2
619 494
1 9 2
533 639
1 6 2
463 85
1 4 2
151 183
1 6 2
577 331
1 15 2
178 339
1 8 2
73 536
1 10 2
659 378
1 11 2
690 80
1 15 2
577 247
1 5 2
206 370
1 14 2
421 156
1 4 2
284 51
1 9 2
515 337
1 5 2
552 213
1 6 2
289 251
1 6 2
197 585
1 13 2
267 554
1 9 2
12 92
1 3 2
334 265
1 6 2
258 163
1 11 2
198 320
1 5 2
77 500
1 13 2
288 355
1 9 2
618 62
1 14 2
311 242
1 2 2
153 73
1 3 2
627 165
1 7 2
329 465
1 14 2
384 48
1 10 2
370 532
1 3 2
585 292
1 4 2
569 306
1 2 2
572 286
1 13 2
447 444
1 2 2
641 606
1 14 2
461 171
1 8 2
672 693
1 11 2
289 618
1 6 2
593 680
1 2 2
550 561
1 6 2
26 282
1 14 2
536 230
1 10 2
365 674
1 15 2
530 449
1 12 2
117 539
1 12 2
242 413
1 12 2
614 130
1 5 2
157 130
1 2 2
200 375
1 9 2
254 409
1 12 2
8 69
1 13 2
683 51
1 3 2
598 653
1 11 2
400 42
1 15 2
267 442
1 5 2
459 377
1 13 2
34 543
1 14 2
304 101
1 5 2
563 630
1 2 2
62 46
1 10 2
299 578
1 5 2
582 514
1 9 2
13 558
1 10 2
566 206
1 2 2
235 604
1 15 2
163 617
1 13 2
317 573
1 11 2
538 613
1 13 2
329 236
1 2 2
585 211
1 8 2
260 191
1 10 2
450 100
1 11 2
101 541
1 5 2
16 448
1 15 2
151 331
1 5 2
668 425
1 11 2
240 644
1 6 2
211 140
1 12 2
438 335
1 3 2
354 74
1 5 2
539 271
1 15 2
319 529
1 9 2
444 346
1 5 2
368 696
1 11 2
0 305
1 9 2
699 289
1 14 2
476 459
1 7 2
618 290
1 6 2
605 127
1 14 2
349 641
1 10 2
543 266
1 6 2
687 253
1 5 2
68 36
1 15 2
194 611
1 7 2
232 409
1 12 2
604 476
1 13 2
262 544
1 8 2
368 195
1 15 2
24 50
1 3 2
341 608
1 15 2
350 252
1 7 2
606 392
1 8 2
236 308
1 5 2
646 192
1 3 2
688 258
1 11 2
130 178
1 6 2
547 578
1 2 2
40 631
1 14 2
316 64
1 9 2
75 60
1 5 2
125 227
1 12 2
231 679
1 11 2
83 265
1 4 2
229 6
1 12 2
120 142
1 7 2
253 271
1 2 2
125 67
1 14 2
315 282
1 13 2
260 461
1 14 2
492 17
1 7 2
396 502
1 11 2
579 476
1 14 2
283 436
1 8 2
42 536
1 15 2
512 405
1 3 2
76 50
1 8 2
693 284
1 4 2
555 65
1 11 2
244 213
1 4 2
348 631
1 14 2
563 475
1 7 2
216 474
1 6 2
347 132
1 13 2
237 445
1 13 2
628 508
1 5 2
446 138
1 11 2
206 291
1 12 2
564 628
1 2 2
616 501
1 15 2
606 46
1 15 2
328 559
1 12 2
127 689
1 6 2
268 493
1 8 2
496 79
1 14 2
32 47
1 5 2
334 276
1 7 2
116 572
1 2 2
694 362
1 4 2
623 559
1 14 2
661 645
1 14 2
687 39
1 11 2
70 183
1 5 2
205 9
1 15 2
127 80
1 10 2
310 5
1 15 2
430 596
1 12 2
373 284
1 9 2
447 126
1 4 2
481 449
1 5 2
488 17
1 6 2
585 359
1 3 2
639 689
1 13 2
673 463
1 6 2
558 479
1 4 2
294 674
1 2 2
509 405
1 9 2
571 424
1 13 2
237 71
1 2 2
677 399
1 4 2
108 264
1 3 2
649 547
1 3 2
305 21
1 3 2
108 345
1 15 2
400 509
1 11 2
699 673
1 5 2
326 570
1 5 2
144 502
1 14 2
127 257
1 15 2
594 504
1 13 2
558 595
1 12 2
478 297
1 12 2
598 172
1 5 2
405 491
1 4 2
605 564
1 11 2
199 507
1 13 2
581 414
1 2 2
695 475
1 6 2
665 230
1 14 2
255 448
1 10 2
647 216
1 10 2
524 432
1 13 2
71 580
1 8 2
328 426
1 6 2
483 163
1 13 2
407 554
1 5 2
529 297
1 15 2
212 172
1 13 2
387 98
1 11 2
475 605
1 8 2
606 586
1 12 2
602 187
1 12 2
547 325
1 5 2
669 113
1 10 2
48 169
1 10 2
234 524
1 11 2
86 141
1 7 2
413 455
1 12 2
505 412
1 12 2
225 212
1 11 2
478 415
1 5 2
345 477
1 14 2
551 192
1 9 2
104 323
1 11 2
553 201
1 13 2
606 275
1 10 2
199 561
1 5 2
157 96
1 2 2
625 82
1 11 2
347 120
1 13 2
134 400
1 10 2
339 530
1 9 2
346 403
1 9 2
686 54
1 5 2
32 634
1 6 2
532 72
1 9 2
321 68
1 8 2
198 245
1 7 2
465 491
1 3 2
473 352
1 15 2
451 689
1 6 2
636 555
1 11 2
558 471
1 4 2
363 108
1 9 2
357 604
1 5 2
323 146
1 12 2
73 301
1 3 2
612 175
1 14 2
156 326
1 8 2
378 429
1 4 2
532 138
1 15 2
675 349
1 8 2
53 121
1 2 2
24 269
1 8 2
389 433
1 4 2
312 187
1 12 2
330 457
1 11 2
562 213
1 12 2
684 206
1 15 2
269 281
1 5 2
603 382
1 15 2
118 373
1 8 2
79 472
1 12 2
195 388
1 12 2
355 338
1 14 2
7 633
1 5 2
75 518
1 2 2
218 683
1 11 2
606 571
1 3 2
666 95
1 14 2
257 57
1 6 2
420 92
1 13 2
322 192
1 10 2
108 70
1 14 2
306 17
1 14 2
685 440
1 2 2
186 572
1 5 2
442 484
1 13 2
581 664
1 6 2
319 298
1 12 2
309 39
1 5 2
195 641
1 12 2
66 104
1 6 2
330 401
1 14 2
343 574
1 12 2
585 301
1 15 2
295 129
1 14 2
264 383
1 10 2
360 467
1 11 2
414 666
1 4 2
79 610
1 13 2
649 372
1 15 2
691 531
1 11 2
80 481
1 11 2
69 80
1 13 2
334 675
1 3 2
122 411
1 9 2
694 24
1 9 2
583 9
1 2 2
88 328
1 2 2
541 442
1 13 2
468 522
1 11 2
251 126
1 11 2
12 523
1 12 2
29 589
1 12 2
233 98
1 3 2
171 502
1 14 2
280 36
1 2 2
59 400
1 7 2
584 113
1 6 2
338 280
1 4 2
599 332
1 5 2
328 389
1 14 2
549 428
1 10 2
218 261
1 6 2
162 215
1 15 2
89 427
1 9 2
430 102
1 7 2
0 485
1 13 2
674 489
1 13 2
196 324
1 12 2
377 467
1 10 2
73 378
1 15 2
107 263
1 15 2
393 343
1 13 2
22 695
1 8 2
675 293
1 12 2
556 650
1 13 2
61 15
1 13 2
427 186
1 12 2
327 618
1 11 2
327 521
1 4 2
688 221
1 7 2
247 68
1 7 2
434 512
1 7 2
401 423
1 4 2
200 355
1 10 2
428 260
1 11 2
581 187
1 13 2
461 699
1 9 2
348 492
1 7 2
172 555
1 12 2
299 586
1 11 2
342 0
1 10 2
322 355
1 14 2
536 412
1 2 2
163 127
1 7 2
464 426
1 7 2
0 477
1 5 2
53 463
1 12 2
448 63
1 7 2
9 380
1 9 2
629 167
1 6 2
507 210
1 14 2
511 151
1 9 2
168 386
1 9 2
401 629
1 2 2
552 458
1 9 2
543 553
1 11 2
625 544
1 7 2
270 579
1 6 2
276 422
1 3 2
409 337
1 12 2
696 521
1 8 2
406 526
1 15 2
125 384
1 13 2
176 529
1 13 2
487 504
1 4 2
230 215
1 10 2
35 606
1 4 2
52 571
1 7 2
36 633
1 4 2
213 352
1 3 2
455 350
1 12 2
120 254
1 9 2
355 699
1 4 2
354 292
1 10 2
641 444
1 2 2
175 68
1 12 2
584 620
1 14 2
320 591
1 6 2
264 58
1 11 2
78 180
1 4 2
402 355
1 8 2
695 628
1 15 2
184 480
1 13 2
187 326
1 5 2
69 612
1 5 2
156 638
1 11 2
102 435
1 8 2
280 452
1 5 2
598 151
1 11 2
676 572
1 4 2
73 544
1 10 2
223 316
1 7 2
73 666
1 6 2
645 86
1 14 2
546 88
1 15 2
558 536
1 12 2
441 344
1 10 2
319 699
1 15 2
114 272
1 9 2
402 277
1 15 2
338 417
1 7 2
166 264
1 11 2
243 140
1 8 2
638 248
1 8 2
578 418
1 14 2
651 191
1 8 2
376 158
1 7 2
542 277
1 13 2
627 34
1 2 2
230 583
1 5 2
45 370
1 9 2
76 63
1 2 2
479 343
1 5 2
244 666
1 13 2
567 560
1 10 2
544 532
1 9 2
238 338
1 12 2
192 395
1 8 2
84 629
1 11 2
133 477
1 5 2
211 552
1 3 2
630 151
1 6 2
631 177
1 14 2
605 642
1 13 2
247 440
1 14 2
53 176
1 5 2
453 55
1 8 2
139 637
1 11 2
694 586
1 2 2
662 605
1 14 2
433 199
1 6 2
398 519
1 15 2
575 121
1 13 2
560 189
1 11 2
420 70
1 2 2
610 516
1 4 2
10 22
1 14 2
687 609
1 7 2
503 508
1 8 2
108 195
1 5 2
38 251
1 6 2
319 300
1 13 2
157 676
1 15 2
85 127
1 12 2
534 612
1 3 2
581 658
1 15 2
357 125
1 13 2
495 243
1 13 2
352 324
1 10 2
558 373
1 7 2
337 217
1 3 2
336 396
1 3 2
143 213
1 8 2
476 37
1 4 2
618 298
1 9 2
193 554
1 11 2
104 506
1 13 2
522 148
1 14 2
279 696
1 7 2
519 108
1 2 2
588 197
1 2 2
235 19
1 10 2
6 27
1 11 2
549 480
1 3 2
512 15
1 14 2
250 624
1 9 2
207 577
1 6 2
155 106
1 12 2
372 161
1 9 2
293 389
1 6 2
2 382
1 4 2
669 636
1 2 2
225 382
1 8 2
325 599
1 9 2
594 166
1 11 2
682 635
1 4 2
140 655
1 2 2
552 190
1 4 2
60 190
1 4 2
359 40
1 4 2
644 196
1 13 2
330 595
1 15 2
626 482
1 5 2
517 155
1 3 2
497 146
1 7 2
687 137
1 11 2
643 186
1 9 2
604 490
1 11 2
550 528
1 13 2
201 248
1 5 2
304 470
1 7 2
57 517
1 15 2
269 197
1 2 2
561 223
1 2 2
6 418
1 4 2
604 643
1 10 2
329 416
1 8 2
494 633
1 11 2
349 660
1 4 2
624 152
1 12 2
669 533
1 12 2
73 527
1 11 2
88 424
1 12 2
529 651
1 12 2
121 195
1 10 2
640 548
1 4 2
194 140
1 15 2
331 408
1 15 2
609 589
1 9 2
201 75
1 12 2
170 252
1 14 2
695 366
1 5 2
118 565
1 10 2
356 123
1 6 2
503 388
1 9 2
233 28
1 5 2
684 60
1 3 2
533 171
1 9 2
218 454
1 3 2
683 375
1 15 2
582 196
1 3 2
232 361
1 6 2
1 506
1 7 2
299 486
1 6 2
547 560
1 7 2
12 325
1 14 2
661 177
1 5 2
265 617
1 8 2
56 344
1 15 2
309 547
1 10 2
234 118
1 3 2
430 529
1 7 2
498 586
1 5 2
291 533
1 15 2
371 271
1 6 2
457 65
1 3 2
352 56
1 5 2
454 621
1 7 2
180 610
1 10 2
294 413
1 7 2
681 509
1 5 2
471 112
1 6 2
619 47
1 10 2
87 99
1 4 2
501 194
1 4 2
619 376
1 5 2
324 651
1 15 2
106 324
1 10 2
125 403
1 7 2
49 473
1 3 2
296 280
1 13 2
230 456
1 15 2
380 417
1 6 2
670 425
1 11 2
335 404
1 11 2
449 101
1 6 2
558 272
1 13 2
28 358
1 8 2
589 269
1 2 2
266 192
1 8 2
44 78
1 3 2
276 366
1 8 2
698 470
1 2 2
647 511
1 14 2
103 507
1 14 2
129 136
1 11 2
24 690
1 13 2
86 378
1 6 2
184 644
1 8 2
417 316
1 8 2
677 94
1 4 2
23 551
1 10 2
89 413
1 15 2
650 572
1 5 2
327 59
1 14 2
589 456
1 7 2
145 517
1 2 2
561 206
1 7 2
450 648
1 9 2
325 616
1 8 2
661 671
1 9 2
652 471
1 8 2
124 194
1 4 2
518 209
1 12 2
93 496
1 15 2
57 600
1 5 2
564 34
1 10 2
307 531
1 5 2
461 88
1 7 2
455 350
1 3 2
482 404
1 4 2
134 639
1 7 2
641 310
1 3 2
309 85
1 8 2
143 52
1 5 2
521 696
1 4 2
586 635
1 10 2
148 189
1 12 2
511 132
1 8 2
420 416
1 12 2
418 474
1 2 2
551 495
1 6 2
228 33
1 11 2
452 518
1 6 2
146 471
1 4 2
578 462
1 13 2
346 126
1 12 2
548 337
1 4 2
112 673
1 13 2
314 382
1 15 2
299 104
1 15 2
440 194
1 12 2
458 325
1 14 2
403 225
1 7 2
542 694
1 6 2
447 17
1 11 2
323 635
1 2 2
195 263
1 8 2
665 21
1 6 2
406 399
1 6 2
632 409
1 5 2
329 324
1 3 2
453 52
1 2 2
45 54
1 10 2
521 414
1 6 2
225 138
1 14 2
167 236
1 12 2
299 63
1 11 2
158 189
1 7 2
335 348
1 4 2
475 321
1 3 2
416 610
1 3 2
40 655
1 13 2
547 681
1 15 2
279 473
1 11 2
653 416
1 11 2
347 261
1 11 2
323 489
1 8 2
540 348
1 3 2
228 262
1 2 2
77 320
1 15 2
365 318
1 9 2
618 339
1 7 2
469 472
1 3 2
320 301
1 4 2
395 291
1 7 2
421 520
1 15 2
520 408
1 15 2
500 213
1 13 2
595 613
1 8 2
569 238
1 3 2
569 49
1 11 2
59 429
1 8 2
141 282
1 13 2
143 164
1 6 2
45 634
1 5 2
462 39
1 12 2
612 537
1 10 2
45 100
1 3 2
43 639
1 5 2
360 417
1 14 2
211 384
1 5 2
39 375
1 12 2
221 392
1 3 2
146 619
1 10 2
374 661
1 5 2
402 380
1 5 2
7 448
1 12 2
689 634
1 6 2
481 603
1 4 2
429 105
1 4 2
146 67
1 2 2
556 697
1 11 2
675 262
1 10 2
304 382
1 8 2
155 140
1 9 2
627 149
1 11 2
175 136
1 3 2
239 195
1 2 2
688 457
1 14 2
315 302
1 8 2
332 519
1 5 2
55 517
1 8 2
145 348
1 5 2
99 167
1 2 2
30 294
1 7 2
94 197
1 10 2
209 679
1 7 2
319 426
1 7 2
657 598
1 10 2
296 356
1 7 2
39 548
1 8 2
576 433
1 15 2
142 438
1 7 2
153 582
1 15 2
331 68
1 11 2
125 556
1 14 2
326 515
1 11 2
559 561
1 2 2
9 260
1 5 2
173 432
1 6 2
663 415
1 2 2
433 145
1 6 2
102 637
1 6 2
432 247
1 10 2
194 598
1 11 2
581 599
1 10 2
641 601
1 10 2
164 4
1 8 2
421 489
1 7 2
362 470
1 6 2
527 679
1 13 2
381 287
1 10 2
247 165
1 6 2
188 697
1 2 2
236 408
1 8 2
304 319
1 8 2
57 559
1 2 2
646 670
1 6 2
494 313
1 9 2
246 488
1 5 2
376 632
1 5 2
540 176
1 11 2
619 635
1 9 2
422 183
1 8 2
161 166
1 8 2
372 117
1 15 2
193 198
1 7 2
515 641
1 6 2
540 591
1 4 2
429 372
1 12 2
555 662
1 13 2
19 528
1 10 2
532 340
1 7 2
657 356
1 2 2
62 80
1 8 2
698 49
1 3 2
54 53
1 4 2
136 367
1 2 2
75 14
1 11 2
184 580
1 13 2
628 82
1 10 2
334 598
1 10 2
195 27
1 4 2
233 628
1 9 2
344 670
1 12 2
155 642
1 9 2
505 136
1 9 2
67 697
1 5 2
496 382
1 7 2
394 629
1 7 2
559 598
1 10 2
588 225
1 13 2
386 455
1 6 2
360 664
1 6 2
43 687
1 8 2
629 2
1 10 2
433 407
1 8 2
611 267
1 2 2
399 599
1 11 2
117 655
1 12 2
323 121
1 3 2
222 12
1 5 2
112 238
1 2 2
302 514
1 5 2
482 308
1 2 2
52 225
1 10 2
210 553
1 5 2
346 86
1 10 2
150 58
1 3 2
154 76
1 5 2
310 67
1 6 2
234 599
1 5 2
409 335
1 13 2
503 302
1 5 2
53 433
1 15 2
669 47
1 7 2
661 607
1 14 2
492 144
1 9 2
71 28
1 12 2
167 175
1 12 2
291 504
1 12 2
50 75
1 6 2
413 187
1 15 2
376 555
1 3 2
546 186
1 13 2
31 128
1 5 2
195 358
1 3 2
564 440
1 10 2
112 158
1 6 2
464 588
1 3 2
394 336
1 5 2
42 319
1 13 2
603 80
1 10 2
206 70
1 15 2
673 85
1 13 2
640 504
1 10 2
163 114
1 14 2
8 634
1 4 2
593 495
1 15 2
551 548
1 3 2
103 50
1 9 2
230 293
1 11 2
500 594
1 15 2
377 77
1 9 2
92 379
1 13 2
532 222
1 13 2
667 523
1 10 2
17 217
1 3 2
421 422
1 15 2
488 445
1 15 2
10 602
1 2 2
150 283
1 15 2
626 405
1 15 2
264 469
1 2 2
184 65
1 12 2
126 181
1 5 2
629 645
1 6 2
534 164
1 12 2
132 317
1 2 2
299 260
1 10 2
459 380
1 4 2
336 233
1 4 2
660 42
1 9 2
698 274
1 12 2
495 496
1 11 2
264 564
1 11 2
603 464
1 10 2
470 48
1 3 2
88 59
1 3 2
259 392
1 6 2
171 30
1 15 2
604 624
1 10 2
504 220
1 12 2
13 25
1 10 2
195 56
1 8 2
214 501
1 13 2
102 682
1 12 2
58 148
1 7 2
415 657
1 8 2
100 19
1 13 2
239 611
1 13 2
588 260
1 3 2
148 251
1 12 2
57 520
1 7 2
539 15
1 8 2
473 630
1 3 2
308 523
1 4 2
322 663
1 2 2
625 25
1 5 2
11 136
1 6 2
228 391
1 9 2
24 415
1 9 2
628 697
1 3 2
1 120
1 3 2
59 14
1 5 2
320 323
1 2 2
484 419
1 10 2
686 424
1 3 2
534 371
1 8 2
428 577
1 11 2
561 316
1 7 2
34 356
1 3 2
73 556
1 15 2
105 43
1 14 2
9 171
1 15 2
647 494
1 3 2
83 526
1 4 2
370 34
1 13 2
427 370
1 8 2
76 501
1 3 2
219 232
1 14 2
269 505
1 3 2
366 595
1 12 2
24 201
1 10 2
608 640
1 15 2
295 217
1 14 2
684 672
1 13 2
313 180
1 6 2
612 639
1 10 2
276 595
1 14 2
677 492
1 8 2
75 26
1 5 2
91 273
1 9 2
330 296
1 4 2
463 428
1 10 2
318 553
1 6 2
615 348
1 14 2
382 632
1 13 2
58 394
1 4 2
60 165
1 12 2
211 647
1 15 2
320 260
1 13 2
136 347
1 3 2
593 411
1 2 2
226 3
1 2 2
224 292
1 7 2
344 422
1 11 2
174 257
1 2 2
663 511
1 11 2
371 28
1 7 2
196 448
1 11 2
50 653
1 5 2
350 535
1 8 2
389 545
1 12 2
482 52
1 3 2
189 527
1 10 2
627 43
1 11 2
382 109
1 12 2
461 258
1 13 2
83 97
1 5 2
215 182
1 4 2
572 378
1 14 2
287 248
1 4 2
269 637
1 4 2
259 239
1 12 2
318 534
1 4 2
19 285
1 13 2
627 202
1 2 2
61 337
1 2 2
602 470
1 13 2
278 402
1 11 2
195 201
1 12 2
24 592
1 7 2
342 189
1 9 2
200 518
1 5 2
245 392
1 9 2
387 150
1 10 2
465 112
1 14 2
430 43
1 8 2
185 41
1 7 2
119 554
1 15 2
217 403
1 12 2
336 50
1 11 2
62 249
1 13 2
698 53
1 13 2
240 552
1 10 2
364 471
1 8 2
293 185
1 12 2
336 497
1 4 2
640 246
1 11 2
97 198
1 13 2
658 471
1 4 2
438 262
1 15 2
553 161
1 4 2
206 244
1 4 2
224 41
1 4 2
297 171
1 15 2
382 175
1 2 2
544 213
1 15 2
476 571
1 3 2
240 625
1 5 2
632 126
1 8 2
115 345
1 9 2
684 698
1 10 2
356 453
1 9 2
402 655
1 12 2
621 86
1 13 2
344 448
1 11 2
265 153
1 10 2
194 207
1 3 2
160 136
1 10 2
68 502
1 4 2
489 506
1 7 2
311 167
1 4 2
284 99
1 7 2
65 185
1 12 2
459 18
1 9 2
431 318
1 6 2
254 44
1 5 2
333 623
1 15 2
152 229
1 10 2
309 109
1 5 2
383 114
1 9 2
161 684
1 4 2
235 257
1 10 2
347 11
1 11 2
61 150
1 10 2
674 44
1 11 2
481 523
1 3 2
385 118
1 6 2
674 564
1 14 2
376 554
1 14 2
314 272
1 5 2
55 653
1 12 2
699 47
1 15 2
686 488
1 15 2
429 180
1 3 2
85 551
1 13 2
101 341
1 6 2
81 182
1 5 2
124 330
1 11 2
186 563
1 10 2
285 295
1 10 2
457 80
1 8 2
187 341
1 14 2
31 371
1 14 2
470 303
1 12 2
389 538
1 4 2
101 110
1 4 2
367 270
1 3 2
499 489
1 6 2
488 427
1 8 2
321 269
1 14 2
315 571
1 15 2
520 666
1 14 2
386 393
1 6 2
327 338
1 11 2
486 209
1 4 2
673 580
1 11 2
277 666
1 3 2
94 411
1 11 2
667 467
1 2 2
466 319
1 9 2
136 20
1 9 2
167 478
1 15 2
306 195
1 15 2
393 123
1 7 2
334 254
1 14 2
555 371
1 10 2
7 155
1 13 2
206 227
1 3 2
399 274
1 15 2
238 58
1 3 2
486 417
1 3 2
625 477
1 2 2
420 88
1 6 2
569 657
1 3 2
564 568
1 14 2
152 289
1 15 2
92 559
1 3 2
622 659
1 7 2
233 330
1 5 2
64 525
1 10 2
370 65
1 4 2
28 664
1 13 2
122 125
1 11 2
326 609
1 8 2
184 283
1 11 2
312 67
1 7 2
615 149
1 4 2
615 225
1 5 2
395 38
1 8 2
54 431
1 3 2
245 599
1 10 2
558 187
1 2 2
84 140
1 6 2
107 682
1 4 2
402 368
1 5 2
564 421
1 10 2
218 77
1 2 2
438 618
1 12 2
645 395
1 8 2
12 669
1 8 2
31 355
1 12 2
606 181
1 13 2
652 459
1 7 2
366 266
1 15 2
297 611
1 11 2
35 425
1 7 2
415 206
1 2 2
303 105
1 4 2
563 55
1 2 2
55 474
1 6 2
533 634
1 14 2
678 51
1 11 2
441 12
1 11 2
687 73
1 7 2
551 141
1 13 2
133 344
1 9 2
581 597
1 3 2
529 56
1 4 2
168 696
1 13 2
500 671
1 11 2
217 93
1 10 2
655 430
1 13 2
332 532
1 5 2
420 615
1 2 2
439 322
1 11 2
55 175
1 10 2
650 554
1 6 2
356 402
1 13 2
202 88
1 7 2
65 324
1 9 2
61 453
1 3 2
217 165
1 12 2
58 434
1 5 2
193 204
1 3 2
403 454
1 8 2
274 207
1 15 2
548 288
1 2 2
365 70
1 3 2
399 585
1 8 2
571 108
1 6 2
294 556
1 15 2
133 394
1 12 2
622 427
1 6 2
462 55
1 5 2
496 662
1 8 2
262 419
1 11 2
378 267
1 9 2
693 57
1 11 2
323 456
1 12 2
362 240
1 8 2
165 90
1 7 2
363 568
1 6 2
534 192
1 11 2
663 415
1 3 2
559 516
1 14 2
298 437
1 8 2
137 316
1 3 2
133 546
1 13 2
283 128
1 3 2
602 308
1 6 2
641 107
1 8 2
305 161
1 3 2
159 34
1 14 2
417 309
1 15 2
128 314
1 3 2
500 561
1 2 2
497 311
1 15 2
259 188
1 7 2
89 484
1 9 2
664 410
1 3 2
438 145
1 9 2
345 79
1 15 2
456 329
1 8 2
650 30
1 7 2
0 679
1 12 2
191 120
1 15 2
345 659
1 15 2
102 268
1 12 2
160 511
1 5 2
72 394
1 10 2
349 467
1 9 2
207 606
1 8 2
463 154
1 15 2
75 171
1 15 2
430 322
1 11 2
34 47
1 2 2
126 495
1 12 2
572 278
1 4 2
378 163
1 13 2
261 234
1 13 2
579 458
1 10 2
677 140
1 3 2
252 32
1 14 2
466 212
1 12 2
417 665
1 7 2
388 698
1 9 2
694 522
1 2 2
22 540
1 13 2
490 249
1 8 2
563 112
1 5 2
568 130
1 3 2
286 265
1 15 2
115 154
1 8 2
543 260
1 15 2
177 530
1 7 2
195 494
1 5 2
175 398
1 10 2
577 106
1 3 2
9 81
1 9 2
439 229
1 4 2
387 4
1 14 2
104 281
1 4 2
610 37
1 8 2
291 674
1 2 2
250 349
1 12 2
138 634
1 5 2
593 297
1 4 2
406 572
1 8 2
476 331
1 6 2
191 483
1 7 2
253 285
1 6 2
410 438
1 2 2
348 211
1 15 2
238 640
1 12 2
117 586
1 8 2
221 678
1 13 2
107 213
1 4 2
519 456
1 2 2
238 696
1 15 2
285 190
1 4 2
372 556
1 5 2
391 194
1 5 2
227 170
1 4 2
201 416
1 11 2
66 39
1 11 2
275 365
1 4 2
79 29
1 10 2
639 146
1 4 2
638 455
1 2 2
476 432
1 11 2
464 575
1 8 2
538 157
1 8 2
140 653
1 6 2
87 155
1 11 2
60 337
1 11 2
126 280
1 3 2
460 362
1 12 2
515 314
1 14 2
507 559
1 5 2
662 297
1 8 2
223 682
1 8 2
24 517
1 3 2
170 550
1 13 2
325 372
1 3 2
121 478
1 9 2
479 469
1 10 2
581 472
1 11 2
193 631
1 13 2
181 330
1 14 2
38 342
1 7 2
524 47
1 13 2
56 300
1 7 2
139 217
1 10 2
125 55
1 10 2
89 263
1 8 2
540 167
1 8 2
256 693
1 2 2
33 539
1 3 2
245 337
1 7 2
442 184
1 14 2
377 574
1 2 2
516 511
1 2 2
564 21
1 6 2
302 495
1 14 2
60 691
1 5 2
550 639
1 9 2
293 421
1 5 2
488 80
1 6 2
665 119
1 3 2
618 584
1 4 2
645 466
1 3 2
696 366
1 12 2
448 188
1 7 2
267 263
1 4 2
446 15
1 13 2
529 95
1 14 2
78 317
1 2 2
95 26
1 10 2
561 424
1 9 2
637 190
1 12 2
406 475
1 4 2
316 365
1 2 2
435 407
1 10 2
255 666
1 2 2
296 636
1 9 2
39 407
1 11 2
281 181
1 7 2
637 115
1 12 2
649 696
1 12 2
31 629
1 8 2
370 537
1 2 2
174 132
1 5 2
568 428
1 13 2
345 99
1 11 2
52 457
1 2 2
257 8
1 10 2
679 468
1 11 2
632 629
1 10 2
147 681
1 11 2
176 467
1 8 2
193 110
1 12 2
382 384
1 7 2
6 609
1 14 2
478 445
1 14 2
545 194
1 12 2
683 138
1 3 2
152 575
1 9 2
410 364
1 2 2
61 389
1 9 2
244 234
1 6 2
519 443
1 14 2
33 574
1 4 2
560 582
1 5 2
263 2
1 7 2
77 530
1 9 2
379 472
1 5 2
113 456
1 3 2
226 451
1 15 2
573 531
1 7 2
413 492
1 9 2
1 151
1 12 2
671 54
1 9 2
680 124
1 2 2
457 144
1 15 2
61 33
1 7 2
490 283
1 5 2
648 172
1 10 2
580 354
1 14 2
20 685
1 13 2
684 517
1 3 2
171 203
1 9 2
207 143
1 7 2
81 548
1 12 2
616 276
1 5 2
222 61
1 13 2
156 419
1 10 2
286 385
1 6 2
148 372
1 11 2
25 276
1 9 2
8 546
1 13 2
101 146
1 9 2
443 298
1 13 2
305 665
1 4 2
178 462
1 8 2
655 260
1 2 2
137 640
1 12 2
25 424
1 9 2
643 534
1 8 2
620 32
1 4 2
364 372
1 15 2
47 251
1 5 2
65 412
1 7 2
435 348
1 2 2
446 143
1 5 2
135 95
1 4 2
96 485
1 4 2
656 162
1 11 2
630 539
1 13 2
425 446
1 4 2
328 518
1 4 2
292 519
1 11 2
141 137
1 15 2
229 461
1 10 2
444 570
1 5 2
668 394
1 5 2
425 466
1 10 2
19 359
1 5 2
386 545
1 14 2
431 692
1 4 2
250 22
1 4 2
249 40
1 6 2
288 564
1 2 2
365 546
1 11 2
631 613
1 12 2
379 283
1 5 2
383 557
1 3 2
117 366
1 10 2
401 185
1 5 2
307 314
1 7 2
281 651
1 12 2
419 213
1 11 2
181 508
1 3 2
301 184
1 12 2
243 617
1 13 2
138 7
1 3 2
264 240
1 2 2
508 479
1 15 2
395 652
1 8 2
9 651
1 6 2
566 42
1 14 2
180 3
1 10 2
659 268
1 11 2
560 661
1 14 2
569 216
1 4 2
597 227
1 11 2
463 387
1 7 2
60 475
1 14 2
479 526
1 9 2
591 340
1 2 2
638 587
1 9 2
411 633
1 14 2
421 124
1 6 2
46 215
1 7 2
691 292
1 6 2
599 448
1 13 2
363 334
1 10 2
3 114
1 4 2
110 64
1 9 2
581 377
1 8 2
646 111
1 3 2
529 382
1 6 2
603 119
1 5 2
582 423
1 7 2
604 550
1 5 2
350 95
1 4 2
251 351
1 2 2
559 77
1 5 2
504 244
1 13 2
307 456
1 15 2
415 651
1 11 2
439 149
1 9 2
221 391
1 13 2
431 612
1 7 2
376 576
1 12 2
641 52
1 12 2
580 66
1 2 2
378 657
1 8 2
305 115
1 8 2
125 458
1 4 2
149 280
1 14 2
312 387
1 8 2
239 390
1 8 2
456 555
1 6 2
634 242
1 6 2
660 275
1 10 2
127 169
1 12 2
172 421
1 7 2
401 124
1 5 2
48 620
1 8 2
589 527
1 2 2
559 104
1 7 2
263 316
1 7 2
621 237
1 6 2
461 673
1 9 2
105 114
1 5 2
170 38
1 6 2
467 233
1 2 2
690 607
1 2 2
56 533
1 7 2
686 537
1 5 2
87 566
1 9 2
361 408
1 3 2
340 63
1 5 2
355 515
1 14 2
299 226
1 8 2
18 549
1 10 2
107 362
1 12 2
665 132
1 10 2
409 568
1 12 2
112 462
1 5 2
641 302
1 3 2
676 33
1 10 2
197 335
1 14 2
134 509
1 13 2
38 180
1 9 2
18 128
1 4 2
345 336
1 2 2
69 381
1 11 2
660 69
1 10 2
528 196
1 13 2
43 375
1 15 2
474 37
1 4 2
476 657
1 4 2
166 647
1 10 2
258 312
1 10 2
477 640
1 5 2
16 179
1 5 2
53 84
1 4 2
97 167
1 10 2
92 475
1 9 2
97 694
1 7 2
4 124
1 11 2
185 683
1 11 2
308 678
1 9 2
371 220
1 8 2
278 456
1 10 2
295 636
1 14 2
325 93
1 14 2
646 206
1 12 2
140 542
1 14 2
542 353
1 14 2
77 212
1 11 2
656 140
1 12 2
271 651
1 15 2
406 632
1 5 2
88 315
1 12 2
79 345
1 10 2
297 328
1 11 2
16 196
1 13 2
473 615
1 8 2
225 419
1 3 2
91 58
1 3 2
525 294
1 9 2
337 137
1 8 2
61 420
1 5 2
22 667
1 4 2
304 679
1 5 2
665 400
1 15 2
498 62
1 8 2
132 627
1 5 2
180 154
1 14 2
366 279
1 3 2
51 508
1 10 2
121 12
1 8 2
218 384
1 15 2
135 611
1 10 2
96 45
1 9 2
594 350
1 13 2
697 532
1 9 2
342 322
1 6 2
409 607
1 2 2
239 566
1 7 2
322 522
1 14 2
245 461
1 12 2
527 365
1 9 2
216 611
1 8 2
226 478
1 15 2
590 348
1 10 2
648 348
1 8 2
378 158
1 8 2
79 472
1 4 2
461 585
1 2 2
575 518
1 7 2
320 47
1 6 2
192 129
1 10 2
669 517
1 5 2
260 248
1 3 2
155 98
1 3 2
131 612
1 4 2
567 688
1 6 2
388 348
1 4 2
345 3
1 7 2
317 627
1 6 2
691 311
1 11 2
608 605
1 12 2
228 353
1 3 2
84 650
1 2 2
643 122
1 4 2
309 548
1 12 2
142 29
1 9 2
228 354
1 8 2
693 105
1 13 2
280 489
1 15 2
11 156
1 12 2
316 593
1 7 2
386 266
1 8 2
548 40
1 9 2
576 95
1 9 2
436 591
1 5 2
562 221
1 3 2
128 696
1 15 2
485 667
1 13 2
556 115
1 13 2
529 218
1 15 2
548 286
1 5 2
208 543
1 4 2
558 664
1 3 2
21 480
1 6 2
433 497
1 15 2
614 128
1 13 2
673 255
1 6 2
623 546
1 12 2
501 502
1 3 2
522 667
1 11 2
191 409
1 10 2
462 456
1 5 2
32 688
1 4 2
432 428
1 3 2
66 277
1 10 2
261 98
1 11 2
692 516
1 6 2
219 564
1 4 2
529 415
1 10 2
187 223
1 14 2
696 689
1 5 2
576 268
1 10 2
356 50
1 7 2
687 294
1 14 2
639 655
1 12 2
43 408
1 13 2
151 606
1 12 2
140 693
1 11 2
683 426
1 7 2
458 681
1 10 2
77 7
1 3 2
260 619
1 13 2
82 300
1 13 2
60 5
1 15 2
304 545
1 14 2
194 275
1 9 2
126 654
1 5 2
259 496
1 13 2
218 325
1 13 2
322 190
1 9 2
594 340
1 12 2
659 400
1 4 2
471 492
1 12 2
630 349
1 13 2
265 418
1 12 2
418 338
1 8 2
76 530
1 11 2
389 590
1 11 2
354 224
1 15 2
228 603
1 7 2
282 353
1 14 2
356 578
1 7 2
234 60
1 13 2
631 139
1 8 2
529 239
1 15 2
629 251
1 14 2
397 44
1 11 2
308 31
1 7 2
666 596
1 7 2
97 482
1 9 2
140 642
1 5 2
304 640
1 5 2
370 104
1 3 2
422 447
1 7 2
113 488
1 7 2
84 24
1 15 2
486 138
1 10 2
17 197
1 6 2
410 143
1 11 2
295 646
1 7 2
180 2
1 8 2
361 421
1 5 2
562 510
1 14 2
56 138
1 6 2
139 611
1 2 2
676 23
1 8 2
325 43
1 2 2
266 441
1 13 2
199 145
1 8 2
155 191
1 11 2
553 247
1 7 2
313 482
1 7 2
353 64
1 4 2
329 182
1 11 2
250 409
1 12 2
467 576
1 7 2
564 8
1 10 2
48 368
1 11 2
603 567
1 2 2
235 296
1 14 2
662 286
1 3 2
17 506
1 9 2
399 453
1 4 2
696 447
1 10 2
513 484
1 4 2
268 392
1 7 2
81 698
1 15 2
490 89
1 2 2
460 191
1 11 2
127 503
1 2 2
153 321
1 5 2
23 634
1 15 2
0 60
1 5 2
609 272
1 10 2
383 598
1 15 2
244 132
1 2 2
489 35
1 3 2
539 576
1 12 2
35 231
1 15 2
268 207
1 4 2
381 8
1 14 2
561 615
1 8 2
412 643
1 11 2
134 325
1 9 2
274 217
1 13 2
198 171
1 15 2
608 325
1 12 2
498 619
1 12 2
186 25
1 11 2
218 610
1 4 2
684 229
1 14 2
631 286
1 15 2
253 473
1 15 2
335 27
1 6 2
275 268
1 3 2
10 269
1 8 2
500 270
1 5 2
259 221
1 11 2
563 492
1 10 2
547 595
1 15 2
396 448
1 12 2
443 160
1 7 2
36 56
1 7 2
209 520
1 9 2
645 126
1 11 2
668 228
1 13 2
380 70
1 15 2
180 659
1 12 2
146 114
1 2 2
420 34
1 15 2
662 425
1 12 2
347 129
1 5 2
689 76
1 11 2
151 381
1 14 2
524 46
1 12 2
315 633
1 5 2
439 129
1 3 2
185 481
1 13 2
167 328
1 7 2
599 608
1 6 2
158 237
1 8 2
122 525
1 9 2
453 273
1 4 2
279 303
1 10 2
10 231
1 14 2
231 638
1 9 2
92 147
1 8 2
671 223
1 5 2
67 315
1 15 2
239 281
1 6 2
695 671
1 15 2
432 251
1 8 2
514 27
1 11 2
208 575
1 14 2
326 385
1 12 2
43 563
1 12 2
403 37
1 7 2
543 165
1 8 2
597 313
1 2 2
610 364
1 10 2
374 515
1 7 2
492 246
1 15 2
152 318
1 13 2
3 81
1 8 2
34 327
1 6 2
137 431
1 5 2
197 429
1 12 2
433 364
1 4 2
481 340
1 4 2
445 382
1 14 2
602 16
1 9 2
356 600
1 11 2
500 407
1 12 2
35 489
1 12 2
259 270
1 8 2
59 553
1 13 2
88 494
1 2 2
40 683
1 7 2
191 231
1 12 2
476 569
1 3 2
397 530
1 8 2
44 545
1 8 2
537 20
1 2 2
660 510
1 12 2
55 592
1 9 2
428 502
1 2 2
300 346
1 8 2
531 35
1 2 2
56 116
1 11 2
694 99
1 6 2
313 643
1 9 2
185 170
1 12 2
691 674
1 2 2
381 588
1 15 2
402 380
1 13 2
133 2
1 3 2
561 576
1 14 2
537 496
1 12 2
665 628
1 9 2
514 309
1 3 2
567 428
1 14 2
35 517
1 6 2
166 181
1 8 2
361 342
1 5 2
89 607
1 2 2
259 178
1 11 2
699 2
1 5 2
690 289
1 11 2
367 111
1 6 2
325 320
1 11 2
366 662
1 12 2
636 266
1 11 2
422 328
1 6 2
656 648
1 2 2
495 311
1 10 2
118 539
1 12 2
337 549
1 9 2
153 225
1 7 2
474 558
1 6 2
676 360
1 15 2
608 127
1 4 2
216 566
1 7 2
530 668
1 4 2
271 378
1 3 2
548 269
1 8 2
583 666
1 11 2
323 264
1 8 2
112 178
1 2 2
501 534
1 8 2
296 430
1 4 2
192 481
1 13 2
361 150
1 8 2
196 67
1 9 2
65 141
1 12 2
504 200
1 7 2
459 678
1 14 2
199 492
1 2 2
254 360
1 7 2
101 482
1 4 2
281 683
1 15 2
383 478
1 3 2
548 585
1 6 2
321 15
1 3 2
342 434
1 10 2
502 89
1 14 2
444 608
1 11 2
227 35
1 7 2
546 505
1 2 2
503 223
1 14 2
23 444
1 12 2
652 671
1 13 2
417 235
1 6 2
482 331
1 7 2
59 95
1 6 2
629 524
1 4 2
589 677
1 14 2
288 441
1 3 2
353 387
1 14 2
336 531
1 15 2
257 326
1 14 2
645 602
1 13 2
29 233
1 4 2
324 24
1 6 2
58 90
1 15 2
44 124
1 14 2
256 570
1 6 2
32 182
1 4 2
149 343
1 8 2
406 695
1 2 2
227 105
1 11 2
49 488
1 13 2
105 310
1 12 2
624 454
1 3 2
318 596
1 6 2
354 370
1 15 2
652 547
1 12 2
250 665
1 12 2
535 259
1 13 2
568 253
1 9 2
489 478
1 7 2
8 414
1 2 2
297 122
1 15 2
56 404
1 15 2
659 63
1 10 2
38 54
1 5 2
494 629
1 10 2
537 32
1 7 2
406 585
1 12 2
610 696
1 10 2
198 296
1 13 2
677 609
1 10 2
161 46
1 11 2
413 645
1 3 2
32 495
1 10 2
363 455
1 2 2
306 122
1 10 2
622 383
1 12 2
513 212
1 14 2
82 476
1 4 2
270 250
1 14 2
487 582
1 3 2
175 579
1 14 2
309 654
1 8 2
567 545
1 7 2
559 309
1 8 2
628 655
1 11 2
287 165
1 6 2
557 517
1 8 2
486 632
1 4 2
546 62
1 7 2
419 496
1 8 2
355 146
1 8 2
317 118
1 10 2
133 421
1 8 2
394 276
1 10 2
424 15
1 6 2
228 130
1 12 2
492 30
1 13 2
181 472
1 6 2
80 371
1 13 2
609 373
1 2 2
172 241
1 2 2
321 158
1 3 2
417 244
1 8 2
338 600
1 5 2
595 413
1 6 2
519 156
1 15 2
378 323
1 6 2
657 76
1 8 2
423 241
1 14 2
234 211
1 13 2
609 10
1 13 2
633 395
1 2 2
411 214
1 15 2
59 445
1 13 2
505 503
1 7 2
431 696
1 5 2
266 487
1 2 2
282 202
1 12 2
662 250
1 3 2
620 55
1 7 2
497 18
1 3 2
195 381
1 12 2
682 660
1 8 2
581 446
1 13 2
445 260
1 15 2
626 343
1 11 2
19 183
1 7 2
530 323
1 13 2
25 381
1 14 2
58 151
1 10 2
304 420
1 3 2
142 5
1 14 2
363 9
1 11 2
303 453
1 10 2
101 639
1 10 2
659 214
1 11 2
437 40
1 15 2
585 592
1 3 2
174 61
1 15 2
463 697
1 5 2
473 494
1 5 2
605 487
1 15 2
184 245
1 4 2
388 178
1 13 2
366 196
1 8 2
221 69
1 10 2
586 469
1 15 2
51 135
1 12 2
202 508
1 3 2
425 378
1 3 2
667 293
1 2 2
293 98
1 5 2
68 106
1 2 2
646 639
1 8 2
37 570
1 8 2
133 124
1 2 2
652 611
1 11 2
24 450
1 13 2
590 421
1 9 2
422 370
1 13 2
501 672
1 15 2
596 44
1 6 2
200 490
1 14 2
630 642
1 3 2
539 265
1 13 2
681 163
1 3 2
558 362
1 11 2
464 45
1 9 2
91 409
1 2 2
475 501
1 5 2
33 220
1 4 2
536 666
1 11 2
236 669
1 3 2
695 261
1 14 2
47 540
1 12 2
266 640
1 3 2
396 542
1 4 2
35 530
1 15 2
337 229
1 3 2
677 643
1 10 2
437 46
1 5 2
660 69
1 3 2
12 262
1 8 2
666 560
1 4 2
285 687
1 14 2
632 473
1 13 2
368 683
1 5 2
44 74
1 2 2
674 580
1 2 2
650 262
1 5 2
185 589
1 8 2
137 152
1 9 2
167 33
1 12 2
2 265
1 14 2
194 680
1 15 2
336 59
1 2 2
8 350
1 4 2
128 63
1 9 2
694 610
1 6 2
610 277
1 10 2
671 227
1 14 2
254 321
1 3 2
326 287
1 13 2
580 368
1 6 2
342 584
1 12 2
209 493
1 7 2
195 125
1 10 2
620 476
1 14 2
576 504
1 3 2
603 125
1 12 2
476 682
1 4 2
698 583
1 11 2
35 663
1 6 2
345 505
1 14 2
171 124
1 11 2
65 55
1 14 2
59 449
1 9 2
69 7
1 2 2
234 382
1 9 2
506 543
1 15 2
685 166
1 5 2
119 568
1 5 2
93 144
1 6 2
300 250
1 14 2
42 109
1 6 2
279 496
1 13 2
637 421
1 2 2
316 9
1 13 2
372 286
1 13 2
430 309
1 5 2
677 694
1 3 2
541 225
1 5 2
261 235
1 14 2
481 321
1 14 2
413 540
1 8 2
204 249
1 9 2
318 687
1 15 2
417 571
1 5 2
495 187
1 15 2
183 372
1 9 2
530 415
1 12 2
629 410
1 4 2
10 498
1 6 2
569 689
1 6 2
272 77
1 5 2
330 500
1 8 2
239 326
1 15 2
102 483
1 15 2
210 167
1 11 2
589 618
1 13 2
105 629
1 6 2
650 599
1 3 2
90 442
1 5 2
482 24
1 6 2
545 458
1 5 2
594 528
1 14 2
699 678
1 8 2
441 435
1 9 2
657 366
1 4 2
473 258
1 3 2
442 30
1 7 2
382 655
1 13 2
208 279
1 8 2
235 325
1 15 2
536 453
1 8 2
215 218
1 10 2
31 335
1 4 2
29 223
1 4 2
164 361
1 15 2
61 249
1 13 2
423 604
1 9 2
105 10
1 12 2
360 280
1 13 2
611 138
1 2 2
562 64
1 11 2
264 46
1 6 2
629 247
1 6 2
489 359
1 14 2
316 128
1 11 2
26 188
1 9 2
594 429
1 11 2
571 149
1 5 2
489 267
1 13 2
380 65
1 10 2
373 533
1 8 2
651 192
1 4 2
336 235
1 14 2
634 363
1 11 2
22 565
1 9 2
547 660
1 13 2
435 450
1 6 2
121 593
1 4 2
560 222
1 6 2
231 368
1 13 2
431 83
1 11 2
364 304
1 6 2
178 170
1 15 2
542 481
1 14 2
74 579
1 13 2
307 159
1 4 2
246 214
1 14 2
152 406
1 2 2
646 368
1 11 2
377 672
1 7 2
428 222
1 9 2
470 554
1 12 2
512 31
1 7 2
681 342
1 6 2
485 620
1 8 2
113 450
1 3 2
1 207
1 2 2
286 138
1 3 2
417 22
1 15 2
149 7
1 15 2
432 385
1 12 2
475 508
1 14 2
390 617
1 15 2
450 442
1 13 2
91 477
1 6 2
115 402
1 4 2
505 447
1 8 2
550 391
1 6 2
549 595
1 7 2
298 371
1 11 2
622 437
1 2 2
168 60
1 2 2
393 213
1 10 2
333 48
1 13 2
596 105
1 6 2
142 197
1 6 2
490 57
1 8 2
292 642
1 8 2
228 330
1 3 2
506 162
1 6 2
488 402
1 8 2
686 430
1 12 2
327 73
1 3 2
87 679
1 15 2
418 180
1 3 2
361 34
1 12 2
449 275
1 14 2
289 404
1 10 2
585 591
1 8 2
450 678
1 2 2
614 212
1 8 2
646 153
1 9 2
672 388
1 2 2
160 245
1 5 2
350 548
1 2 2
490 90
1 11 2
540 527
1 4 2
388 266
1 4 2
268 37
1 7 2
632 676
1 15 2
382 47
1 3 2
59 117
1 12 2
145 37
1 4 2
618 682
1 2 2
101 22
1 8 2
58 383
1 6 2
267 163
1 4 2
381 695
1 9 2
658 36
1 3 2
249 673
1 12 2
258 146
1 3 2
204 546
1 15 2
457 435
1 6 2
538 324
1 9 2
633 188
1 11 2
487 582
1 11 2
259 697
1 8 2
364 56
1 11 2
444 115
1 10 2
48 523
1 8 2
618 239
1 11 2
310 60
1 7 2
690 12
1 13 2
300 554
1 14 2
200 128
1 15 2
468 356
1 6 2
141 666
1 12 2
688 321
1 7 2
691 391
1 10 2
437 416
1 12 2
562 609
1 8 2
190 457
1 11 2
554 506
1 15 2
282 460
1 5 2
179 144
1 3 2
593 244
1 10 2
201 260
1 8 2
657 168
1 7 2
107 300
1 3 2
352 175
1 15 2
518 88
1 6 2
333 82
1 3 2
592 525
1 2 2
156 30
1 10 2
438 606
1 7 2
361 503
1 6 2
110 587
1 13 2
562 481
1 4 2
28 5
1 10 2
476 122
1 12 2
434 568
1 15 2
367 524
1 10 2
579 560
1 14 2
683 502
1 14 2
74 555
1 8 2
240 536
1 2 2
458 286
1 6 2
162 175
1 8 2
60 146
1 3 2
53 630
1 15 2
31 611
1 4 2
8 334
1 15 2
383 288
1 9 2
455 495
1 8 2
34 108
1 11 2
692 460
1 7 2
381 243
1 8 2
56 201
1 2 2
441 335
1 3 2
483 294
1 2 2
541 328
1 10 2
207 30
1 3 2
356 91
1 3 2
348 250
1 6 2
396 261
1 8 2
696 458
1 11 2
606 693
1 9 2
238 78
1 11 2
139 441
1 9 2
324 320
1 11 2
521 91
1 15 2
663 271
1 12 2
102 94
1 12 2
471 323
1 8 2
238 227
1 12 2
341 548
1 13 2
121 510
1 10 2
445 580
1 13 2
665 515
1 15 2
57 9
1 7 2
135 371
1 3 2
596 635
1 13 2
162 164
1 12 2
436 123
1 2 2
612 395
1 4 2
433 65
1 6 2
64 234
1 6 2
208 669
1 4 2
87 606
1 10 2
194 135
1 3 2
675 36
1 13 2
334 50
1 15 2
20 97
1 2 2
220 615
1 14 2
175 68
1 11 2
653 66
1 6 2
153 127
1 14 2
241 518
1 11 2
516 450
1 15 2
97 220
1 13 2
596 405
1 10 2
458 371
1 9 2
243 322
1 2 2
97 476
1 9 2
565 150
1 6 2
527 78
1 14 2
242 390
1 8 2
24 147
1 14 2
220 601
1 6 2
618 393
1 11 2
363 115
1 7 2
166 587
1 4 2
390 495
1 13 2
636 452
1 5 2
461 220
1 8 2
424 490
1 2 2
134 30
1 12 2
353 287
1 7 2
440 146
1 3 2
394 383
1 15 2
487 425
1 9 2
215 313
1 6 2
97 583
1 12 2
563 576
1 11 2
51 605
1 2 2
287 294
1 6 2
60 16
1 5 2
192 75
1 15 2
101 351
1 3 2
50 382
1 15 2
196 194
1 6 2
115 63
1 3 2
4 358
1 12 2
662 427
1 8 2
448 198
1 15 2
506 276
1 15 2
548 370
1 6 2
483 253
1 4 2
123 268
1 12 2
205 573
1 12 2
159 587
1 3 2
687 231
1 8 2
669 349
1 8 2
554 125
1 10 2
27 273
1 9 2
390 194
1 12 2
444 170
1 7 2
337 638
1 3 2
389 437
1 14 2
189 280
1 11 2
158 213
1 14 2
268 189
1 4 2
430 4
1 9 2
255 511
1 3 2
554 34
1 7 2
463 319
1 4 2
31 130
1 4 2
529 617
1 14 2
160 577
1 12 2
389 219
1 9 2
187 434
1 7 2
201 425
1 13 2
419 303
1 9 2
74 618
1 2 2
245 669
1 8 2
531 634
1 6 2
548 76
1 8 2
343 68
1 15 2
151 224
1 12 2
239 36
1 15 2
534 15
1 9 2
498 83
1 6 2
608 206
1 13 2
274 91
1 13 2
650 72
1 3 2
437 70
1 12 2
490 485
1 2 2
234 243
1 3 2
105 495
1 14 2
108 181
1 12 2
539 373
1 14 2
418 96
1 8 2
448 295
1 12 2
561 240
1 5 2
202 133
1 4 2
461 494
1 4 2
317 130
1 14 2
221 417
1 9 2
98 230
1 3 2
186 328
1 6 2
367 166
1 4 2
391 673
1 3 2
676 369
1 14 2
654 695
1 15 2
329 619
1 13 2
520 513
1 7 2
199 114
1 8 2
605 111
1 15 2
380 193
1 5 2
65 341
1 13 2
388 264
1 11 2
468 104
1 14 2
66 667
1 9 2
641 637
1 7 2
597 212
1 11 2
244 281
1 9 2
110 478
1 6 2
258 376
1 2 2
294 315
1 9 2
129 105
1 11 2
590 547
1 10 2
129 109
1 8 2
221 144
1 9 2
78 379
1 14 2
323 217
1 3 2
44 49
1 14 2
364 367
1 6 2
64 17
1 8 2
226 606
1 11 2
410 463
1 9 2
634 598
1 15 2
564 198
1 8 2
307 220
1 6 2
310 79
1 15 2
170 566
1 7 2
451 47
1 3 2
445 628
1 7 2
253 195
1 5 2
347 448
1 3 2
60 569
1 12 2
301 166
1 7 2
20 63
1 13 2
250 49
1 14 2
564 235
1 6 2
434 383
1 2 2
517 133
1 3 2
422 155
1 7 2
352 433
1 11 2
618 99
1 7 2
21 68
1 4 2
301 650
1 11 2
190 20
1 12 2
369 59
1 8 2
369 301
1 10 2
18 665
1 12 2
426 312
1 12 2
397 149
1 3 2
349 36
1 9 2
182 574
1 12 2
643 379
1 11 2
486 584
1 8 2
327 261
1 14 2
23 423
1 15 2
654 425
1 6 2
662 629
1 4 2
162 439
1 15 2
486 208
1 14 2
28 137
1 11 2
619 646
1 6 2
212 295
1 13 2
494 465
1 10 2
82 369
1 2 2
423 566
1 13 2
313 416
1 5 2
40 475
1 13 2
201 621
1 3 2
454 237
1 12 2
554 511
1 10 2
369 551
1 15 2
504 188
1 2 2
311 148
1 13 2
412 117
1 13 2
318 661
1 6 2
84 256
1 10 2
235 247
1 14 2
623 368
1 3 2
67 316
1 3 2
25 306
1 7 2
308 639
1 8 2
611 281
1 5 2
142 298
1 10 2
564 290
1 5 2
357 227
1 13 2
117 440
1 14 2
149 401
1 3 2
571 260
1 9 2
533 497
1 7 2
344 223
1 13 2
238 589
1 7 2
409 666
1 14 2
275 130
1 9 2
26 445
1 4 2
188 412
1 7 2
443 660
1 15 2
279 541
1 12 2
175 237
1 13 2
114 306
1 13 2
100 111
1 2 2
333 313
1 14 2
133 572
1 14 2
445 342
1 9 2
8 111
1 14 2
119 435
1 8 2
150 474
1 7 2
319 148
1 8 2
277 172
1 2 2
633 609
1 4 2
632 546
1 9 2
210 293
1 7 2
668 209
1 3 2
126 514
1 8 2
597 656
1 14 2
168 227
1 5 2
159 233
1 3 2
462 470
1 15 2
166 241
1 7 2
280 251
1 10 2
333 2
1 15 2
280 244
1 15 2
518 371
1 14 2
135 211
1 13 2
600 70
1 3 2
150 17
1 6 2
482 278
1 9 2
7 559
1 10 2
252 226
1 3 2
547 575
1 12 2
646 172
1 8 2
424 145
1 13 2
465 415
1 15 2
312 318
1 10 2
276 674
1 6 2
491 669
1 5 2
657 151
1 7 2
67 305
1 4 2
317 15
1 3 2
258 514
1 10 2
570 238
1 13 2
290 512
1 9 2
188 474
1 7 2
601 618
1 4 2
575 470
1 4 2
448 174
1 10 2
28 652
1 6 2
624 132
1 5 2
447 648
1 12 2
274 144
1 6 2
497 101
1 3 2
525 681
1 7 2
491 204
1 3 2
648 184
1 2 2
34 409
1 13 2
365 425
1 14 2
451 366
1 4 2
526 518
1 5 2
577 490
1 11 2
325 107
1 7 2
358 587
1 2 2
491 370
1 13 2
339 274
1 10 2
65 496
1 12 2
590 698
1 4 2
345 215
1 6 2
539 510
1 14 2
412 59
1 6 2
177 21
1 15 2
465 89
1 11 2
95 608
1 12 2
606 553
1 15 2
533 559
1 4 2
184 53
1 11 2
418 276
1 4 2
385 399
1 14 2
141 195
1 5 2
654 529
1 4 2
117 178
1 13 2
476 124
1 11 2
14 674
1 10 2
537 646
1 15 2
629 192
1 7 2
72 478
1 6 2
592 447
1 9 2
12 370
1 5 2
185 226
1 12 2
498 198
1 12 2
263 654
1 4 2
586 542
1 12 2
263 626
1 10 2
338 86
1 13 2
418 621
1 14 2
597 486
1 10 2
300 683
1 4 2
525 34
1 3 2
685 548
1 7 2
26 130
1 8 2
586 41
1 6 2
483 502
1 9 2
696 534
1 11 2
687 639
1 12 2
206 90
1 9 2
510 452
1 11 2
21 663
1 3 2
93 266
1 5 2
300 247
1 4 2
415 304
1 4 2
472 397
1 12 2
150 183
1 13 2
279 314
1 3 2
585 658
1 6 2
279 327
1 8 2
61 543
1 11 2
655 644
1 7 2
121 303
1 14 2
466 305
1 14 2
304 570
1 12 2
535 420
1 7 2
565 651
1 5 2
331 251
1 7 2
211 260
1 7 2
409 523
1 11 2
67 407
1 3 2
294 165
1 4 2
512 393
1 3 2
382 65
1 2 2
697 479
1 15 2
695 538
1 12 2
642 691
1 12 2
165 107
1 11 2
149 92
1 14 2
686 574
1 14 2
407 508
1 3 2
512 458
1 12 2
501 142
1 12 2
262 692
1 6 2
640 132
1 12 2
530 403
1 15 2
407 389
1 6 2
575 105
1 15 2
422 604
1 11 2
249 580
1 10 2
573 358
1 13 2
40 336
1 2 2
498 612
1 12 2
514 121
1 6 2
622 126
1 15 2
431 64
1 9 2
523 333
1 3 2
404 480
1 10 2
331 347
1 9 2
95 544
1 3 2
632 116
1 13 2
375 18
1 3 2
387 428
1 6 2
331 409
1 15 2
245 555
1 12 2
235 24
1 10 2
466 514
1 10 2
31 455
1 10 2
371 125
1 15 2
440 435
1 13 2
163 316
1 8 2
570 360
1 14 2
621 693
1 3 2
637 200
1 4 2
247 489
1 2 2
378 546
1 11 2
368 525
1 13 2
439 211
1 14 2
215 25
1 12 2
343 273
1 9 2
106 221
1 15 2
75 553
1 15 2
66 18
1 10 2
503 508
1 9 2
679 634
1 15 2
97 464
1 5 2
642 3
1 9 2
276 530
1 10 2
374 196
1 11 2
647 261
1 4 2
238 157
1 9 2
255 525
1 2 2
325 338
1 13 2
233 342
1 13 2
479 536
1 10 2
411 561
1 11 2
74 316
1 5 2
153 274
1 4 2
673 161
1 9 2
170 344
1 2 2
691 56
1 13 2
693 341
1 5 2
319 428
1 13 2
64 191
1 3 2
198 553
1 7 2
118 677
1 12 2
76 23
1 13 2
353 275
1 12 2
486 661
1 15 2
296 615
1 15 2
403 146
1 11 2
281 174
1 12 2
683 4
1 5 2
237 391
1 2 2
150 478
1 13 2
215 248
1 13 2
422 261
1 3 2
363 63
1 11 2
190 17
1 9 2
125 418
1 14 2
604 465
1 8 2
600 303
1 6 2
144 17
1 10 2
265 451
1 2 2
552 148
1 3 2
407 291
1 10 2
604 335
1 8 2
82 150
1 13 2
466 652
1 7 2
590 617
1 12 2
592 514
1 7 2
481 465
1 8 2
307 474
1 11 2
437 595
1 13 2
522 178
1 15 2
503 422
1 7 2
362 394
1 11 2
329 48
1 7 2
463 618
1 7 2
361 85
1 10 2
322 435
1 6 2
698 539
1 9 2
482 636
1 5 2
307 592
1 3 2
509 104
1 3 2
373 27
1 13 2
204 498
1 9 2
181 189
1 11 2
103 188
1 8 2
680 281
1 15 2
408 320
1 13 2
447 637
1 12 2
53 570
1 9 2
597 63
1 8 2
353 558
1 3 2
348 251
1 6 2
458 582
1 5 2
415 10
1 12 2
106 556
1 10 2
295 73
1 11 2
501 281
1 4 2
34 538
1 10 2
455 38
1 2 2
421 659
1 6 2
534 292
1 4 2
196 158
1 15 2
37 296
1 9 2
627 522
1 6 2
176 388
1 3 2
344 100
1 8 2
61 226
1 11 2
154 242
1 2 2
492 117
1 10 2
299 437
1 7 2
72 142
1 11 2
686 662
1 2 2
499 402
1 8 2
187 82
1 9 2
605 88
1 12 2
506 223
1 12 2
503 514
1 6 2
187 445
1 13 2
588 595
1 9 2
338 509
1 13 2
197 77
1 7 2
398 295
1 14 2
560 102
1 10 2
509 538
1 3 2
237 320
1 11 2
235 563
1 2 2
394 514
1 6 2
78 61
1 12 2
176 238
1 15 2
648 389
1 6 2
339 371
1 15 2
658 22
1 5 2
137 418
1 9 2
652 331
1 8 2
545 108
1 6 2
470 473
1 12 2
400 249
1 8 2
473 274
1 2 2
111 137
1 4 2
38 365
1 6 2
421 631
1 14 2
478 463
1 9 2
289 518
1 6 2
618 608
1 5 2
82 51
1 4 2
482 139
1 10 2
547 684
1 14 2
242 359
1 6 2
379 350
1 9 2
471 437
1 12 2
242 618
1 15 2
289 456
1 3 2
29 358
1 15 2
64 224
1 11 2
286 384
1 6 2
492 10
1 5 2
554 677
1 9 2
52 589
1 9 2
380 313
1 10 2
514 413
1 5 2
686 559
1 7 2
286 640
1 2 2
336 57
1 14 2
666 334
1 11 2
102 309
1 4 2
134 137
1 7 2
615 63
1 2 2
27 393
1 7 2
623 100
1 5 2
696 611
1 3 2
94 490
1 10 2
19 481
1 6 2
265 210
1 4 2
93 361
1 7 2
521 451
1 14 2
306 605
1 9 2
219 73
1 9 2
309 255
1 12 2
372 115
1 6 2
314 287
1 11 2
107 509
1 5 2
690 556
1 4 2
323 306
1 3 2
310 270
1 6 2
644 625
1 13 2
331 145
1 6 2
214 34
1 10 2
605 280
1 13 2
295 489
1 10 2
43 301
1 10 2
87 279
1 13 2
217 23
1 2 2
561 74
1 6 2
287 14
1 13 2
479 360
1 7 2
601 605
1 6 2
464 124
1 9 2
74 419
1 6 2
174 371
1 14 2
485 247
1 10 2
203 396
1 7 2
516 141
1 6 2
72 174
1 10 2
156 680
1 10 2
544 5
1 6 2
689 132
1 12 2
471 5
1 5 2
503 131
1 10 2
585 401
1 11 2
624 150
1 7 2
593 414
1 5 2
250 552
1 10 2
467 556
1 15 2
448 277
1 3 2
535 52
1 7 2
255 16
1 2 2
641 616
1 7 2
443 681
1 11 2
151 663
1 9 2
386 600
1 15 2
245 72
1 12 2
107 97
1 6 2
334 41
1 4 2
136 134
1 6 2
301 480
1 2 2
411 633
1 14 2
108 35
1 2 2
502 687
1 6 2
468 567
1 13 2
529 93
1 10 2
416 146
1 7 2
3 399
1 2 2
416 286
1 8 2
568 491
1 13 2
328 641
1 10 2
2 292
1 13 2
92 560
1 6 2
10 191
1 14 2
49 410
1 14 2
38 644
1 6 2
423 25
1 15 2
216 501
1 3 2
162 646
1 4 2
367 22
1 10 2
109 517
1 3 2
60 228
1 8 2
278 44
1 15 2
259 96
1 14 2
458 346
1 9 2
654 594
1 6 2
648 451
1 5 2
449 621
1 10 2
120 298
1 6 2
229 439
1 5 2
310 87
1 6 2
313 82
1 8 2
549 250
1 15 2
138 297
1 11 2
685 511
1 13 2
220 322
1 8 2
292 314
1 8 2
348 20
1 13 2
455 89
1 4 2
299 249
1 8 2
571 254
1 14 2
37 22
1 5 2
291 522
1 2 2
607 555
1 11 2
427 372
1 4 2
483 500
1 4 2
687 675
1 14 2
221 530
1 15 2
286 483
1 13 2
584 205
1 10 2
627 4
1 6 2
521 534
1 2 2
150 165
1 9 2
333 214
1 5 2
154 489
1 10 2
623 686
1 11 2
651 567
1 9 2
168 563
1 14 2
76 457
1 6 2
89 236
1 15 2
492 455
1 7 2
229 654
1 14 2
415 118
1 11 2
288 21
1 6 2
354 514
1 12 2
494 633
1 3 2
11 560
1 11 2
497 488
1 8 2
679 1
1 4 2
431 318
1 8 2
446 74
1 15 2
678 190
1 9 2
440 317
1 4 2
690 250
1 12 2
552 538
1 10 2
462 581
1 4 2
302 269
1 11 2
498 197
1 3 2
525 190
1 8 2
643 307
1 11 2
477 619
1 11 2
428 124
1 14 2
627 251
1 13 2
261 502
1 14 2
367 413
1 15 2
296 523
1 9 2
50 538
1 6 2
457 651
1 10 2
94 417
1 14 2
289 628
1 6 2
600 646
1 12 2
477 585
1 8 2
36 142
1 7 2
286 113
1 5 2
91 226
1 4 2
184 42
1 8 2
434 691
1 10 2
674 400
1 8 2
3 497
1 8 2
392 42
1 12 2
78 204
1 9 2
511 74
1 7 2
295 495
1 5 2
329 683
1 15 2
689 159
1 4 2
444 359
1 9 2
669 59
1 11 2
25 297
1 13 2
181 541
1 3 2
217 97
1 15 2
192 137
1 2 2
511 101
1 13 2
544 395
1 9 2
218 635
1 12 2
201 199
1 3 2
86 622
1 15 2
459 573
1 10 2
388 231
1 3 2
489 142
1 15 2
625 67
1 6 2
238 228
1 11 2
347 657
1 11 2
60 566
1 5 2
653 490
1 12 2
470 637
1 5 2
323 40
1 10 2
447 664
1 5 2
19 69
1 8 2
396 81
1 11 2
591 523
1 15 2
471 218
1 3 2
148 624
1 3 2
193 587
1 2 2
561 153
1 4 2
125 197
1 11 2
115 22
1 12 2
471 244
1 4 2
273 294
1 6 2
49 361
1 10 2
311 472
1 9 2
500 369
1 11 2
635 158
1 11 2
141 516
1 15 2
120 337
1 2 2
407 225
1 4 2
177 459
1 3 2
662 282
1 9 2
426 458
1 7 2
652 490
1 9 2
183 90
1 11 2
592 680
1 4 2
682 685
1 11 2
633 629
1 5 2
423 602
1 2 2
319 593
1 15 2
416 516
1 13 2
683 522
1 2 2
108 80
1 5 2
235 574
1 14 2
47 37
1 4 2
266 409
1 7 2
573 13
1 2 2
107 98
1 5 2
261 508
1 11 2
553 234
1 9 2
47 681
1 11 2
531 316
1 10 2
324 388
1 6 2
320 340
1 14 2
380 479
1 11 2
307 303
1 7 2
557 88
1 12 2
24 568
1 11 2
417 369
1 11 2
86 490
1 5 2
439 370
1 11 2
187 96
1 3 2
129 59
1 8 2
424 228
1 15 2
140 173
1 15 2
513 552
1 4 2
233 437
1 10 2
662 48
1 10 2
249 481
1 9 2
276 116
1 8 2
234 179
1 13 2
699 351
1 12 2
527 361
1 12 2
115 611
1 9 2
344 482
1 9 2
48 541
1 2 2
339 46
1 13 2
481 289
1 12 2
123 245
1 13 2
42 434
1 15 2
633 504
1 2 2
322 267
1 7 2
333 306
1 6 2
239 502
1 12 2
292 73
1 4 2
201 349
1 4 2
116 44
1 12 2
141 41
1 13 2
360 386
1 3 2
201 424
1 14 2
595 25
1 15 2
210 462
1 12 2
266 457
1 2 2
509 110
1 14 2
665 70
1 4 2
585 418
1 13 2
455 119
1 7 2
198 456
1 14 2
7 355
1 9 2
163 136
1 9 2
88 114
1 10 2
614 319
1 14 2
597 65
1 2 2
680 493
1 13 2
678 201
1 12 2
68 186
1 8 2
25 206
1 3 2
293 96
1 4 2
203 521
1 5 2
384 435
1 6 2
84 302
1 10 2
100 89
1 10 2
645 502
1 11 2
457 471
1 7 2
345 112
1 6 2
364 295
1 2 2
526 561
1 7 2
583 171
1 11 2
177 120
1 5 2
679 317
1 14 2
463 198
1 12 2
182 415
1 5 2
415 372
1 12 2
463 30
1 14 2
111 445
1 7 2
331 14
