700 5600 2100
22 16 8 16 25 20 8 20 9 19 12 24 10 5 14 16 24 14 18 22 18 17 15 5 19 6 10 15 7 24 8 20 16 9 16 5 23 21 16 15 18 16 17 9 17 19 16 21 18 15 8 16 9 8 25 19 8 20 20 6 16 7 16 16 18 21 18 7 8 24 11 24 9 17 16 20 8 8 11 18 10 6 7 21 7 15 14 19 8 23 15 20 19 19 15 14 8 22 24 5 8 12 25 10 16 13 24 21 22 11 15 10 24 14 5 8 13 7 5 17 5 20 12 7 6 17 7 25 25 24 12 10 22 17 25 14 19 24 25 10 14 13 15 10 22 24 23 24 9 21 23 17 13 16 19 12 20 11 16 16 24 6 5 14 12 5 17 25 5 7 23 16 18 19 22 21 23 8 18 15 8 21 11 16 19 13 5 7 8 19 6 6 11 7 12 20 12 16 17 18 22 18 20 23 15 15 7 25 21 16 11 8 8 21 14 14 6 12 19 9 13 17 7 24 11 7 17 8 12 18 9 8 14 21 12 8 18 18 6 10 15 21 16 12 15 18 11 10 16 13 21 11 18 22 14 10 14 10 18 25 23 14 10 18 7 23 21 22 24 9 17 19 18 15 10 21 9 14 19 10 12 5 7 23 19 18 11 21 22 7 14 22 13 23 9 25 21 25 18 9 17 13 9 14 20 11 12 21 25 6 7 18 14 14 23 18 7 20 8 5 7 13 14 6 20 18 22 9 7 16 12 9 14 16 9 13 13 14 14 13 13 7 6 14 14 9 8 7 25 12 6 12 20 15 9 9 5 17 20 16 15 14 18 17 15 12 25 11 14 7 11 9 11 12 17 7 22 6 7 17 21 7 23 19 15 23 8 10 23 14 5 9 19 22 18 8 23 11 17 11 7 10 17 25 24 15 12 14 16 20 21 22 12 21 25 16 17 13 14 12 11 13 12 24 19 16 6 9 21 21 10 25 17 6 16 24 10 25 19 19 11 5 13 14 5 13 19 14 13 18 13 17 10 25 18 11 5 11 24 13 16 10 7 18 14 15 25 12 8 14 5 13 15 17 7 13 20 19 16 23 14 6 10 9 15 19 11 25 11 21 5 11 20 20 23 8 8 8 19 6 17 19 13 6 14 9 17 8 18 23 21 9 24 6 5 6 12 15 19 9 16 22 11 16 12 15 15 14 9 9 13 12 22 8 25 25 20 9 15 5 11 20 13 17 7 9 15 8 17 13 15 7 7 16 11 19 19 18 17 12 9 5 19 18 12 13 12 23 6 19 16 19 22 6 9 9 21 16 9 5 19 17 14 18 11 23 24 9 11 12 16 17 12 20 16 23 13 8 18 15 22 25 10 20 13 20 13 21 8 19 25 15 11 6 22 6 13 21 13 9 18 8 25 12 17 25 16 20 7 18 17 19 22 25 25 14 6 16 10 5 24 9 13 13 13 7 7 16 9 18 7 22 9 14 21 24 24 15 11 15 18 9 8 12 15 23 18 20 6 21 10 5 25 18 17 7 20 15 25 16 8 12 22 14 10 16 13 6 7 18 16 17 13 14 9 6 24 21 9 10
3 8 13 7 7 16 18 10 13 5 10 15 3 15 10 18 8 4 6 4 11 4 6 11 14 7 19 4 10 13 9 14 18 3 5 3 17 17 11 14 14 6 9 10 12 4 3 6 20 8 10 12 7 20 3 4 13 15 8 18 18 18 5 17 10 3 20 12 19 20 10 5 19 20 20 5 9 6 17 13 10 9 11 15 5 8 12 19 12 17 15 3 10 18 4 5 15 19 14 16 15 14 15 10 3 16 17 12 18 9 16 13 3 16 11 9 13 16 13 7 7 4 6 16 14 6 19 5 11 16 11 20 16 6 16 20 17 4 8 3 8 18 8 17 7 14 10 7 13 3 20 10 6 5 10 13 4 17 14 14 18 20 8 15 15 15 6 20 5 18 8 17 11 7 14 14 5 4 4 4 9 18 15 18 18 13 10 12 4 19 17 17 11 8 7 4 17 4 8 18 5 9 17 5 14 10 3 3 8 3 14 19 7 17 19 5 6 6 13 8 18 19 3 13 4 6 16 5 13 14 14 16 18 7 12 18 9 14 17 14 10 10 13 10 6 9 13 16 19 6 14 10 6 6 7 5 9 4 6 20 16 17 20 18 13 10 16 19 3 20 20 8 17 9 18 20 18 3 5 17 7 20 10 4 11 7 16 12 6 11 18 3 20 9 17 9 20 11 9 18 3 8 17 20 13 12 16 5 18 14 15 3 5 12 20 11 17 18 8 5 12 6 5 12 15 15 5 18 3 4 20 3 11 20 11 7 20 9 16 11 3 6 15 14 6 15 18 4 16 5 11 11 14 18 3 19 10 15 16 20 8 20 4 5 18 20 7 4 17 14 19 8 3 11 8 9 16 20 7 19 17 11 13 17 18 14 15 19 15 5 14 5 9 9 16 5 4 4 11 5 14 20 5 17 10 15 18 14 7 12 13 8 19 5 11 10 11 20 9 12 13 15 5 7 19 15 6 11 9 12 15 4 10 4 14 12 5 10 4 5 5 3 15 18 11 12 3 15 7 4 7 19 8 4 14 13 11 10 19 7 19 9 19 8 6 14 4 17 8 20 9 5 14 20 14 20 20 17 20 9 14 20 6 4 16 11 8 6 4 13 9 6 9 4 17 13 12 5 20 12 19 11 16 4 13 11 4 13 11 6 7 16 6 3 12 5 15 6 5 4 14 3 9 3 17 11 5 8 10 17 10 10 8 19 16 8 14 6 14 11 3 4 4 11 3 7 10 17 4 18 10 16 14 14 16 16 15 10 7 13 13 15 18 15 12 15 16 14 19 12 14 20 6 12 18 8 17 11 17 18 19 13 13 15 20 5 18 6 17 18 16 17 4 20 20 7 16 8 19 10 6 11 19 20 4 9 19 20 8 16 11 20 17 3 20 9 13 5 11 20 17 14 12 17 13 14 19 9 19 15 14 12 11 10 8 9 13 5 11 10 10 14 4 12 3 10 7 19 4 3 14 15 12 5 9 10 19 9 19 20 17 12 5 4 11 18 18 9 13 10 19 5 5 4 7 5 20 4 17 17 11 20 10 20 18 17 17 18 13 11 9 5 13 6 10 13 9 3 18 20
1 9 2
351 540
1 7 2
305 452
1 5 2
228 260
1 2 2
664 44
1 15 2
279 287
1 4 2
427 431
1 10 2
559 390
1 4 2
39 17
1 3 2
56 584
1 11 2
252 635
1 7 2
132 135
1 12 2
36 501
1 11 2
436 113
1 7 2
456 584
1 2 2
187 33
1 2 2
213 353
1 13 2
450 639
1 6 2
508 268
1 2 2
441 555
1 2 2
487 77
1 2 2
327 588
1 14 2
556 30
1 5 2
421 327
1 2 2
367 69
1 11 2
432 374
1 4 2
335 475
1 14 2
304 90
1 2 2
363 271
1 4 2
269 412
1 7 2
207 386
1 9 2
420 205
1 12 2
447 691
1 2 2
540 382
1 7 2
79 538
1 4 2
8 422
1 8 2
170 557
1 11 2
560 488
1 12 2
273 191
1 6 2
160 76
1 6 2
627 551
1 7 2
613 173
1 11 2
331 318
1 13 2
367 289
1 8 2
83 424
1 12 2
14 383
1 8 2
353 575
1 15 2
113 154
1 12 2
28 333
1 7 2
79 225
1 4 2
467 425
1 10 2
621 397
1 8 2
293 233
1 11 2
334 357
1 10 2
599 569
1 4 2
460 544
1 6 2
182 219
1 10 2
571 228
1 8 2
17 202
1 2 2
622 225
1 13 2
656 655
1 3 2
384 140
1 12 2
128 285
1 13 2
462 68
1 6 2
492 302
1 7 2
91 57
1 11 2
296 167
1 3 2
153 481
1 8 2
138 340
1 9 2
518 228
1 15 2
41 272
1 14 2
300 620
1 5 2
416 406
1 10 2
395 608
1 13 2
276 186
1 4 2
154 386
1 9 2
671 81
1 5 2
180 583
1 13 2
209 373
1 2 2
33 307
1 3 2
125 434
1 14 2
24 439
1 4 2
636 473
1 9 2
682 293
1 13 2
570 565
1 6 2
39 572
1 11 2
432 95
1 8 2
136 683
1 13 2
197 654
1 7 2
488 221
1 6 2
515 54
1 11 2
297 68
1 4 2
295 572
1 14 2
175 335
1 6 2
698 610
1 14 2
430 440
1 10 2
389 228
1 3 2
158 322
1 9 2
22 598
1 7 2
637 549
1 15 2
298 657
1 14 2
384 319
1 10 2
57 144
1 13 2
458 315
1 11 2
220 497
1 11 2
331 378
1 3 2
689 321
1 11 2
646 317
1 12 2
81 221
1 5 2
14 624
1 7 2
689 596
1 8 2
8 70
1 14 2
305 200
1 5 2
22 424
1 13 2
237 417
1 9 2
278 668
1 12 2
687 273
1 3 2
113 369
1 5 2
31 273
1 11 2
140 458
1 6 2
116 42
1 6 2
205 163
1 2 2
191 699
1 7 2
273 629
1 9 2
232 679
1 10 2
430 393
1 4 2
469 357
1 4 2
279 114
1 10 2
658 235
1 15 2
515 152
1 11 2
620 675
1 2 2
442 392
1 7 2
238 608
1 11 2
389 341
1 6 2
248 268
1 13 2
530 249
1 8 2
664 690
1 14 2
261 382
1 10 2
278 175
1 6 2
577 62
1 8 2
689 487
1 13 2
278 159
1 13 2
194 326
1 5 2
578 697
1 14 2
193 485
1 11 2
373 212
1 2 2
587 241
1 10 2
534 207
1 5 2
555 73
1 13 2
53 338
1 6 2
26 584
1 3 2
25 165
1 7 2
338 297
1 15 2
151 548
1 4 2
522 43
1 15 2
334 450
1 12 2
589 357
1 8 2
672 447
1 11 2
116 368
1 9 2
247 385
1 11 2
409 525
1 3 2
152 119
1 13 2
32 183
1 13 2
694 324
1 5 2
85 573
1 9 2
654 5
1 13 2
593 695
1 14 2
641 321
1 5 2
192 302
1 6 2
171 239
1 3 2
209 551
1 11 2
146 487
1 9 2
606 466
1 11 2
157 656
1 3 2
246 393
1 11 2
114 201
1 7 2
563 695
1 11 2
420 403
1 3 2
65 123
1 11 2
653 181
1 15 2
496 186
1 11 2
557 237
1 14 2
303 191
1 7 2
38 608
1 2 2
665 636
1 10 2
225 505
1 2 2
341 234
1 10 2
202 256
1 14 2
382 520
1 10 2
692 438
1 10 2
572 72
1 15 2
70 190
1 14 2
76 355
1 13 2
141 522
1 9 2
190 395
1 5 2
488 78
1 4 2
100 335
1 2 2
304 122
1 5 2
628 618
1 13 2
650 412
1 11 2
221 468
1 10 2
21 80
1 14 2
258 60
1 12 2
114 87
1 9 2
184 609
1 13 2
282 247
1 13 2
22 181
1 7 2
136 152
1 15 2
105 577
1 11 2
609 508
1 5 2
355 190
1 15 2
418 319
1 7 2
322 350
1 2 2
381 54
1 10 2
513 305
1 10 2
692 173
1 12 2
10 578
1 7 2
338 688
1 6 2
372 58
1 2 2
522 310
1 9 2
44 78
1 4 2
306 240
1 8 2
568 249
1 2 2
123 492
1 11 2
295 691
1 2 2
664 449
1 15 2
139 298
1 5 2
445 17
1 3 2
46 480
1 12 2
320 327
1 9 2
205 661
1 15 2
349 480
1 11 2
112 76
1 6 2
613 329
1 15 2
619 462
1 12 2
50 412
1 3 2
161 651
1 5 2
575 313
1 14 2
593 491
1 13 2
469 228
1 9 2
697 472
1 10 2
394 136
1 11 2
635 153
1 2 2
659 125
1 5 2
193 263
1 12 2
518 610
1 9 2
580 517
1 2 2
320 1
1 15 2
136 255
1 14 2
71 381
1 6 2
254 558
1 7 2
421 104
1 4 2
284 254
1 6 2
341 345
1 12 2
146 510
1 6 2
650 421
1 14 2
506 644
1 7 2
371 266
1 7 2
142 545
1 4 2
196 562
1 3 2
601 377
1 2 2
438 690
1 12 2
477 300
1 13 2
167 317
1 5 2
168 138
1 10 2
51 32
1 9 2
652 192
1 2 2
145 531
1 2 2
560 61
1 10 2
590 302
1 7 2
620 249
1 13 2
441 13
1 12 2
676 20
1 13 2
13 556
1 3 2
12 544
1 4 2
631 390
1 7 2
244 523
1 9 2
37 383
1 12 2
25 88
1 7 2
214 115
1 9 2
222 432
1 6 2
309 409
1 11 2
47 488
1 5 2
428 489
1 9 2
10 430
1 3 2
197 64
1 14 2
309 260
1 13 2
553 518
1 7 2
147 613
1 5 2
24 532
1 14 2
108 541
1 11 2
167 618
1 14 2
105 479
1 3 2
473 652
1 7 2
543 100
1 4 2
629 568
1 2 2
121 567
1 15 2
697 261
1 12 2
43 2
1 6 2
344 390
1 8 2
282 510
1 9 2
194 47
1 8 2
51 45
1 14 2
531 70
1 9 2
490 674
1 11 2
386 373
1 14 2
120 285
1 12 2
363 182
1 4 2
68 158
1 11 2
227 546
1 6 2
442 307
1 3 2
205 215
1 3 2
30 558
1 9 2
404 483
1 7 2
415 445
1 6 2
386 562
1 8 2
548 682
1 9 2
526 291
1 14 2
518 628
1 13 2
410 50
1 10 2
215 567
1 3 2
690 143
1 4 2
264 397
1 4 2
93 380
1 5 2
459 293
1 15 2
237 231
1 14 2
72 373
1 5 2
516 172
1 4 2
163 296
1 10 2
15 46
1 13 2
517 430
1 8 2
468 315
1 5 2
296 218
1 15 2
465 402
1 11 2
166 319
1 15 2
503 327
1 12 2
492 286
1 7 2
678 488
1 7 2
68 604
1 14 2
471 603
1 15 2
284 680
1 7 2
50 113
1 2 2
276 420
1 12 2
255 195
1 11 2
651 254
1 11 2
363 589
1 11 2
106 34
1 4 2
234 398
1 10 2
11 365
1 6 2
283 541
1 14 2
9 621
1 11 2
688 543
1 14 2
683 37
1 14 2
608 122
1 3 2
598 67
1 6 2
255 23
1 9 2
581 152
1 9 2
231 556
1 7 2
115 684
1 13 2
42 114
1 11 2
125 173
1 3 2
353 95
1 4 2
677 550
1 14 2
275 348
1 4 2
240 632
1 11 2
637 515
1 2 2
176 423
1 13 2
639 369
1 10 2
44 474
1 14 2
664 184
1 4 2
395 310
1 12 2
309 692
1 12 2
103 170
1 3 2
698 247
1 11 2
301 59
1 7 2
31 259
1 15 2
144 35
1 15 2
693 57
1 13 2
460 189
1 2 2
467 79
1 9 2
156 353
1 9 2
311 278
1 11 2
19 139
1 2 2
13 463
1 14 2
330 213
1 5 2
635 156
1 10 2
495 350
1 3 2
409 684
1 4 2
12 679
1 5 2
245 201
1 9 2
385 129
1 4 2
103 150
1 2 2
33 64
1 14 2
539 688
1 6 2
266 9
1 7 2
338 466
1 5 2
209 394
1 15 2
586 433
1 15 2
636 90
1 5 2
231 191
1 13 2
546 458
1 5 2
25 30
1 12 2
361 230
1 5 2
41 45
1 11 2
140 595
1 15 2
281 254
1 15 2
480 620
1 10 2
281 276
1 13 2
206 42
1 9 2
512 434
1 13 2
540 588
1 3 2
321 64
1 9 2
557 618
1 8 2
585 217
1 4 2
339 399
1 6 2
316 158
1 13 2
415 309
1 3 2
65 135
1 2 2
161 165
1 14 2
381 467
1 3 2
262 230
1 13 2
61 540
1 10 2
327 688
1 3 2
150 475
1 2 2
97 610
1 7 2
12 279
1 7 2
214 475
1 14 2
260 173
1 9 2
114 214
1 5 2
92 115
1 9 2
614 603
1 3 2
3 119
1 3 2
164 504
1 10 2
485 692
1 9 2
293 511
1 11 2
128 266
1 9 2
587 591
1 6 2
470 137
1 2 2
324 670
1 7 2
564 196
1 14 2
14 136
1 11 2
222 62
1 2 2
15 41
1 6 2
166 386
1 5 2
240 6
1 11 2
172 609
1 2 2
572 30
1 8 2
685 66
1 10 2
464 320
1 3 2
516 93
1 8 2
269 675
1 12 2
231 566
1 13 2
309 48
1 13 2
44 43
1 2 2
193 120
1 14 2
540 557
1 14 2
344 529
1 15 2
647 518
1 12 2
234 557
1 5 2
256 387
1 9 2
190 83
1 9 2
96 389
1 13 2
498 207
1 15 2
145 223
1 6 2
496 660
1 8 2
671 499
1 2 2
415 635
1 4 2
645 255
1 10 2
186 275
1 5 2
121 691
1 5 2
450 8
1 7 2
23 651
1 3 2
641 12
1 13 2
143 543
1 14 2
458 372
1 7 2
278 191
1 13 2
89 91
1 6 2
352 571
1 14 2
644 201
1 11 2
349 445
1 15 2
598 44
1 6 2
220 635
1 14 2
309 16
1 4 2
329 51
1 8 2
239 169
1 8 2
154 689
1 7 2
699 228
1 12 2
628 190
1 7 2
210 509
1 14 2
230 70
1 6 2
123 84
1 15 2
631 62
1 14 2
522 649
1 9 2
208 252
1 15 2
257 544
1 6 2
638 34
1 8 2
675 213
1 4 2
386 412
1 10 2
566 89
1 13 2
647 395
1 5 2
54 384
1 14 2
458 195
1 9 2
388 389
1 3 2
566 529
1 2 2
456 607
1 3 2
401 677
1 11 2
243 104
1 11 2
527 425
1 14 2
534 276
1 7 2
649 104
1 8 2
434 590
1 2 2
525 562
1 10 2
91 5
1 11 2
649 456
1 11 2
53 196
1 11 2
565 681
1 4 2
465 676
1 14 2
147 292
1 2 2
224 170
1 14 2
527 305
1 5 2
143 486
1 15 2
522 325
1 12 2
678 467
1 8 2
519 654
1 15 2
146 571
1 3 2
461 324
1 14 2
253 65
1 15 2
214 320
1 7 2
682 63
1 15 2
107 661
1 14 2
231 457
1 14 2
98 549
1 9 2
385 55
1 5 2
170 286
1 3 2
84 592
1 15 2
269 591
1 9 2
531 387
1 12 2
613 626
1 14 2
290 167
1 4 2
559 588
1 11 2
439 448
1 12 2
640 697
1 13 2
221 543
1 12 2
25 583
1 14 2
675 81
1 11 2
312 438
1 7 2
593 163
1 10 2
259 462
1 7 2
696 230
1 9 2
689 50
1 12 2
525 263
1 5 2
576 562
1 14 2
252 636
1 8 2
633 243
1 7 2
366 94
1 11 2
124 521
1 2 2
132 565
1 7 2
276 481
1 2 2
637 680
1 10 2
690 93
1 10 2
399 682
1 13 2
48 240
1 7 2
339 62
1 2 2
270 237
1 11 2
95 694
1 5 2
554 285
1 12 2
41 33
1 6 2
44 308
1 15 2
92 160
1 13 2
235 334
1 12 2
418 165
1 9 2
175 655
1 13 2
582 495
1 9 2
530 58
1 3 2
645 255
1 12 2
205 173
1 3 2
109 263
1 10 2
292 594
1 5 2
444 632
1 7 2
600 201
1 13 2
77 207
1 3 2
53 82
1 2 2
343 657
1 6 2
185 678
1 2 2
101 481
1 15 2
189 22
1 2 2
172 673
1 8 2
500 562
1 5 2
595 520
1 13 2
645 308
1 9 2
188 421
1 14 2
463 14
1 3 2
76 324
1 14 2
402 637
1 7 2
236 352
1 6 2
125 574
1 15 2
488 86
1 15 2
157 526
1 14 2
208 333
1 12 2
167 659
1 4 2
535 67
1 4 2
650 147
1 4 2
98 99
1 7 2
15 570
1 7 2
304 187
1 8 2
103 676
1 11 2
102 239
1 10 2
364 232
1 9 2
328 63
1 3 2
13 187
1 12 2
195 310
1 3 2
510 597
1 8 2
403 228
1 11 2
554 592
1 11 2
11 390
1 2 2
330 47
1 15 2
634 674
1 10 2
53 587
1 4 2
563 280
1 11 2
580 229
1 11 2
91 268
1 7 2
247 376
1 2 2
327 416
1 15 2
592 267
1 3 2
476 24
1 10 2
153 341
1 12 2
285 670
1 9 2
674 47
1 12 2
436 187
1 11 2
104 395
1 14 2
565 84
1 9 2
505 329
1 13 2
19 31
1 13 2
529 448
1 15 2
26 25
1 6 2
383 191
1 5 2
423 215
1 13 2
379 77
1 12 2
243 79
1 11 2
405 679
1 12 2
103 191
1 8 2
436 21
1 12 2
230 600
1 12 2
34 510
1 3 2
108 141
1 11 2
159 95
1 8 2
556 304
1 6 2
34 621
1 5 2
164 278
1 2 2
424 471
1 7 2
191 267
1 14 2
377 54
1 6 2
242 649
1 6 2
332 526
1 5 2
669 87
1 14 2
235 451
1 6 2
356 549
1 9 2
2 27
1 15 2
73 648
1 12 2
240 695
1 14 2
425 690
1 9 2
7 595
1 14 2
343 578
1 4 2
241 80
1 7 2
196 96
1 8 2
548 691
1 4 2
245 95
1 4 2
632 294
1 3 2
120 454
1 4 2
217 333
1 6 2
684 14
1 14 2
172 425
1 10 2
377 556
1 13 2
431 130
1 14 2
271 650
1 12 2
341 214
1 8 2
291 272
1 6 2
202 485
1 5 2
95 373
1 14 2
631 9
1 2 2
294 206
1 3 2
580 348
1 7 2
264 582
1 8 2
183 407
1 4 2
374 252
1 15 2
677 144
1 9 2
264 690
1 8 2
33 126
1 8 2
115 254
1 13 2
270 395
1 9 2
356 457
1 14 2
568 583
1 4 2
558 609
1 5 2
493 573
1 13 2
320 498
1 10 2
528 45
1 14 2
206 591
1 12 2
106 171
1 3 2
97 664
1 3 2
598 635
1 12 2
641 543
1 2 2
581 346
1 2 2
125 341
1 8 2
657 261
1 13 2
532 402
1 7 2
46 619
1 9 2
394 647
1 3 2
188 207
1 10 2
78 339
1 5 2
472 576
1 7 2
470 43
1 14 2
455 587
1 10 2
299 353
1 3 2
167 603
1 12 2
430 295
1 14 2
601 134
1 4 2
261 671
1 15 2
342 151
1 5 2
441 202
1 8 2
231 20
1 12 2
400 427
1 7 2
86 608
1 14 2
588 435
1 6 2
193 600
1 10 2
421 587
1 2 2
313 153
1 7 2
335 53
1 2 2
431 157
1 12 2
27 635
1 10 2
565 136
1 14 2
291 17
1 10 2
520 615
1 6 2
394 40
1 15 2
85 451
1 2 2
316 525
1 8 2
175 146
1 14 2
364 267
1 12 2
164 38
1 9 2
629 217
1 14 2
412 201
1 5 2
156 168
1 2 2
247 81
1 14 2
218 118
1 11 2
377 535
1 5 2
620 424
1 14 2
440 88
1 10 2
353 660
1 13 2
352 223
1 14 2
78 10
1 2 2
259 533
1 4 2
267 656
1 15 2
296 664
1 13 2
367 578
1 5 2
355 477
1 12 2
209 680
1 10 2
409 506
1 6 2
552 158
1 4 2
480 366
1 9 2
607 397
1 9 2
249 274
1 15 2
51 93
1 9 2
525 298
1 10 2
555 613
1 2 2
404 265
1 7 2
424 624
1 12 2
357 197
1 2 2
564 277
1 3 2
93 121
1 2 2
525 160
1 15 2
27 302
1 10 2
647 46
1 4 2
310 594
1 12 2
350 574
1 15 2
672 110
1 14 2
318 561
1 5 2
156 229
1 6 2
624 73
1 3 2
649 277
1 10 2
164 541
1 14 2
607 569
1 14 2
500 454
1 9 2
35 194
1 14 2
631 242
1 3 2
271 458
1 5 2
11 214
1 14 2
4 59
1 13 2
196 126
1 3 2
269 516
1 8 2
482 453
1 14 2
570 549
1 10 2
374 540
1 3 2
456 215
1 2 2
360 351
1 12 2
509 421
1 9 2
511 563
1 5 2
428 325
1 5 2
139 451
1 15 2
509 217
1 11 2
390 98
1 10 2
19 512
1 15 2
461 438
1 3 2
387 313
1 7 2
686 615
1 2 2
348 529
1 10 2
559 595
1 7 2
693 9
1 2 2
142 417
1 7 2
536 544
1 11 2
51 424
1 12 2
32 683
1 14 2
72 607
1 11 2
390 306
1 9 2
484 298
1 8 2
303 89
1 12 2
609 120
1 5 2
356 304
1 2 2
581 387
1 12 2
498 83
1 6 2
210 325
1 11 2
242 322
1 14 2
512 674
1 10 2
52 46
1 14 2
464 420
1 11 2
425 274
1 13 2
424 47
1 4 2
42 609
1 11 2
420 662
1 15 2
484 586
1 2 2
574 251
1 3 2
407 599
1 5 2
281 665
1 9 2
319 656
1 7 2
120 569
1 10 2
482 300
1 15 2
439 118
1 7 2
606 647
1 7 2
438 192
1 13 2
195 79
1 13 2
339 140
1 11 2
18 433
1 6 2
392 456
1 6 2
32 382
1 12 2
427 296
1 14 2
28 86
1 14 2
647 231
1 4 2
473 385
1 11 2
588 518
1 8 2
467 617
1 9 2
141 676
1 8 2
415 411
1 8 2
444 313
1 11 2
205 119
1 15 2
72 170
1 14 2
72 260
1 8 2
553 471
1 5 2
117 153
1 2 2
160 272
1 15 2
185 391
1 5 2
5 375
1 14 2
221 312
1 5 2
606 665
1 13 2
552 95
1 12 2
339 667
1 14 2
346 249
1 3 2
399 201
1 10 2
75 463
1 13 2
552 451
1 14 2
464 313
1 2 2
14 219
1 8 2
68 172
1 3 2
192 118
1 3 2
252 300
1 7 2
368 467
1 13 2
449 517
1 14 2
15 198
1 11 2
674 31
1 9 2
669 264
1 2 2
35 481
1 13 2
107 447
1 15 2
437 466
1 10 2
108 628
1 7 2
255 442
1 12 2
9 136
1 3 2
525 130
1 13 2
247 351
1 10 2
478 512
1 10 2
399 630
1 6 2
279 20
1 15 2
578 345
1 14 2
79 436
1 7 2
151 226
1 3 2
63 541
1 11 2
199 541
1 9 2
494 463
1 10 2
474 455
1 10 2
533 520
1 12 2
492 600
1 10 2
293 574
1 3 2
260 651
1 11 2
452 495
1 7 2
362 396
1 2 2
296 667
1 6 2
63 371
1 3 2
108 235
1 3 2
667 404
1 8 2
35 680
1 9 2
405 412
1 9 2
227 296
1 14 2
666 432
1 4 2
302 462
1 10 2
133 40
1 13 2
497 274
1 2 2
655 12
1 2 2
401 102
1 10 2
109 282
1 7 2
583 492
1 11 2
607 47
1 10 2
552 50
1 8 2
284 303
1 3 2
606 106
1 13 2
390 596
1 9 2
142 23
1 6 2
487 67
1 8 2
386 347
1 4 2
519 454
1 10 2
425 405
1 11 2
664 395
1 2 2
290 336
1 8 2
590 118
1 2 2
688 443
1 5 2
524 424
1 13 2
511 608
1 14 2
87 611
1 7 2
616 48
1 15 2
374 147
1 5 2
238 10
1 15 2
165 508
1 14 2
243 221
1 14 2
572 242
1 8 2
372 516
1 13 2
683 120
1 7 2
255 385
1 6 2
396 6
1 13 2
374 277
1 5 2
221 126
1 14 2
565 563
1 8 2
660 473
1 8 2
2 46
1 6 2
562 183
1 6 2
21 303
1 7 2
74 349
1 15 2
521 213
1 14 2
521 194
1 11 2
642 70
1 4 2
569 504
1 11 2
483 261
1 10 2
93 567
1 9 2
407 265
1 8 2
228 26
1 12 2
24 349
1 13 2
563 254
1 2 2
469 502
1 5 2
491 286
1 2 2
38 301
1 6 2
101 280
1 2 2
150 527
1 8 2
598 106
1 9 2
208 106
1 12 2
595 411
1 4 2
565 545
1 10 2
320 517
1 4 2
670 265
1 4 2
70 689
1 8 2
530 6
1 9 2
436 285
1 14 2
333 531
1 3 2
279 160
1 13 2
268 261
1 5 2
251 145
1 10 2
85 223
1 7 2
247 202
1 11 2
513 339
1 4 2
635 83
1 8 2
538 370
1 6 2
577 445
1 15 2
184 604
1 5 2
639 85
1 13 2
76 333
1 7 2
121 164
1 12 2
342 9
1 3 2
182 698
1 11 2
1 56
1 5 2
390 153
1 10 2
141 597
1 2 2
103 477
1 7 2
467 276
1 4 2
236 517
1 15 2
80 24
1 13 2
148 681
1 9 2
483 429
1 15 2
144 333
1 13 2
579 498
1 6 2
248 13
1 10 2
166 349
1 7 2
105 14
1 2 2
648 273
1 14 2
409 59
1 15 2
667 64
1 12 2
464 185
1 13 2
212 329
1 13 2
21 683
1 6 2
581 403
1 11 2
406 355
1 8 2
622 237
1 15 2
39 47
1 4 2
341 629
1 15 2
585 577
1 10 2
300 49
1 12 2
247 161
1 4 2
237 616
1 13 2
250 4
1 3 2
134 230
1 15 2
244 199
1 10 2
307 611
1 15 2
440 43
1 12 2
409 60
1 11 2
302 190
1 10 2
9 277
1 12 2
427 326
1 13 2
277 51
1 6 2
121 209
1 14 2
433 451
1 8 2
470 93
1 5 2
384 492
1 14 2
534 557
1 14 2
409 212
1 5 2
446 517
1 9 2
577 508
1 14 2
101 682
1 14 2
184 254
1 12 2
250 187
1 2 2
671 674
1 10 2
273 310
1 13 2
10 265
1 15 2
265 234
1 8 2
530 210
1 4 2
563 387
1 7 2
661 415
1 15 2
150 400
1 13 2
399 354
1 6 2
311 120
1 10 2
523 126
1 11 2
42 529
1 8 2
370 659
1 10 2
42 428
1 6 2
130 313
1 8 2
16 93
1 3 2
117 99
1 5 2
532 129
1 14 2
435 394
1 4 2
471 12
1 12 2
128 256
1 5 2
163 181
1 7 2
509 588
1 7 2
44 57
1 7 2
145 629
1 13 2
174 446
1 13 2
504 305
1 6 2
470 14
1 4 2
123 188
1 12 2
614 579
1 13 2
256 204
1 11 2
530 145
1 14 2
393 448
1 13 2
643 28
1 14 2
280 486
1 3 2
246 267
1 13 2
395 545
1 4 2
180 467
1 12 2
85 471
1 10 2
245 554
1 3 2
462 509
1 9 2
183 649
1 14 2
97 562
1 12 2
264 473
1 4 2
171 698
1 15 2
656 438
1 6 2
658 435
1 8 2
301 37
1 11 2
515 282
1 4 2
597 300
1 12 2
344 159
1 5 2
571 277
1 14 2
189 445
1 2 2
78 8
1 11 2
485 172
1 5 2
30 585
1 14 2
296 282
1 11 2
354 625
1 15 2
162 1
1 14 2
609 572
1 3 2
77 294
1 13 2
250 175
1 7 2
86 459
1 2 2
615 646
1 6 2
100 272
1 7 2
649 42
1 11 2
260 131
1 11 2
690 287
1 9 2
375 453
1 11 2
192 574
1 8 2
393 26
1 13 2
262 190
1 4 2
86 270
1 2 2
347 561
1 8 2
405 254
1 4 2
174 602
1 13 2
75 281
1 3 2
37 200
1 12 2
381 387
1 12 2
526 289
1 6 2
441 308
1 7 2
486 36
1 11 2
159 575
1 2 2
115 218
1 2 2
688 675
1 12 2
496 329
1 4 2
206 240
1 12 2
674 675
1 6 2
13 256
1 14 2
65 649
1 12 2
615 265
1 5 2
337 636
1 7 2
374 549
1 2 2
487 469
1 6 2
27 538
1 8 2
555 609
1 15 2
585 200
1 5 2
484 613
1 11 2
330 218
1 13 2
140 222
1 13 2
579 336
1 10 2
327 93
1 15 2
307 96
1 9 2
448 141
1 4 2
480 339
1 14 2
183 319
1 6 2
645 355
1 5 2
621 282
1 4 2
204 173
1 3 2
260 191
1 12 2
62 683
1 5 2
30 601
1 13 2
539 675
1 12 2
23 538
1 5 2
78 443
1 8 2
343 565
1 15 2
523 71
1 5 2
512 421
1 14 2
7 180
1 4 2
145 468
1 13 2
503 276
1 5 2
294 553
1 9 2
404 506
1 13 2
98 306
1 2 2
181 13
1 11 2
449 27
1 15 2
463 404
1 10 2
22 372
1 2 2
348 615
1 6 2
81 543
1 11 2
570 288
1 4 2
247 539
1 5 2
411 647
1 13 2
116 85
1 12 2
627 265
1 15 2
466 435
1 12 2
178 321
1 15 2
560 347
1 9 2
362 456
1 4 2
281 665
1 10 2
263 598
1 15 2
514 40
1 9 2
488 64
1 9 2
625 166
1 5 2
227 353
1 4 2
329 59
1 6 2
352 427
1 12 2
194 28
1 3 2
669 22
1 5 2
301 192
1 6 2
465 74
1 12 2
481 329
1 14 2
588 58
1 9 2
416 326
1 5 2
269 694
1 4 2
614 362
1 8 2
362 440
1 7 2
505 7
1 13 2
63 381
1 12 2
472 591
1 14 2
669 576
1 11 2
602 351
1 14 2
613 225
1 15 2
111 316
1 4 2
141 157
1 2 2
511 609
1 7 2
358 459
1 9 2
294 352
1 6 2
223 342
1 11 2
395 387
1 13 2
296 517
1 7 2
313 418
1 11 2
408 626
1 14 2
327 168
1 10 2
623 118
1 13 2
277 423
1 10 2
179 283
1 5 2
416 169
1 15 2
360 109
1 8 2
622 451
1 2 2
597 265
1 13 2
240 657
1 2 2
584 358
1 7 2
666 145
1 5 2
670 377
1 11 2
312 679
1 7 2
104 615
1 7 2
266 17
1 6 2
524 413
1 12 2
444 333
1 8 2
115 229
1 5 2
389 390
1 8 2
494 48
1 11 2
506 263
1 11 2
195 369
1 10 2
679 399
1 13 2
532 536
1 2 2
214 466
1 10 2
421 84
1 5 2
154 340
1 8 2
449 669
1 9 2
566 545
1 7 2
393 336
1 8 2
18 670
1 4 2
459 61
1 15 2
174 429
1 8 2
670 478
1 9 2
319 312
1 4 2
452 671
1 13 2
495 214
1 9 2
26 673
1 8 2
558 497
1 8 2
119 442
1 9 2
252 115
1 5 2
631 279
1 14 2
233 80
1 6 2
617 109
1 6 2
600 385
1 2 2
557 679
1 9 2
7 46
1 3 2
15 290
1 12 2
452 367
1 7 2
297 637
1 6 2
143 346
1 8 2
336 545
1 12 2
362 347
1 14 2
115 345
1 14 2
388 73
1 2 2
187 533
1 14 2
638 213
1 9 2
148 198
1 8 2
625 321
1 6 2
502 160
1 15 2
654 265
1 6 2
125 288
1 2 2
649 621
1 13 2
476 549
1 10 2
510 305
1 3 2
254 136
1 8 2
214 671
1 3 2
207 324
1 6 2
666 510
1 12 2
623 477
1 14 2
628 461
1 2 2
279 71
1 9 2
636 493
1 10 2
688 550
1 4 2
539 36
1 8 2
560 603
1 13 2
24 131
1 3 2
612 523
1 10 2
692 160
1 8 2
370 182
1 13 2
552 582
1 8 2
342 386
1 9 2
334 390
1 10 2
265 278
1 10 2
433 399
1 15 2
162 463
1 2 2
275 309
1 2 2
658 7
1 7 2
194 229
1 2 2
654 566
1 10 2
405 508
1 8 2
116 159
1 13 2
568 677
1 11 2
171 113
1 15 2
447 362
1 7 2
687 651
1 4 2
696 96
1 13 2
559 677
1 11 2
316 612
1 12 2
575 255
1 2 2
270 315
1 7 2
246 406
1 3 2
468 50
1 5 2
245 682
1 8 2
202 142
1 14 2
572 325
1 11 2
384 48
1 9 2
256 454
1 14 2
404 198
1 15 2
424 58
1 12 2
289 93
1 11 2
650 438
1 4 2
560 358
1 7 2
633 481
1 14 2
335 677
1 11 2
53 252
1 12 2
10 342
1 2 2
342 691
1 10 2
637 375
1 9 2
614 407
1 15 2
209 516
1 10 2
346 189
1 2 2
482 23
1 15 2
552 529
1 7 2
517 652
1 14 2
590 567
1 10 2
690 180
1 9 2
201 35
1 7 2
15 301
1 2 2
519 270
1 9 2
553 479
1 8 2
352 443
1 3 2
400 640
1 13 2
239 306
1 12 2
688 609
1 2 2
100 584
1 9 2
274 607
1 4 2
375 489
1 8 2
193 201
1 8 2
600 458
1 10 2
689 590
1 3 2
287 693
1 14 2
208 425
1 3 2
343 583
1 2 2
64 398
1 9 2
698 400
1 12 2
417 278
1 12 2
617 215
1 9 2
282 15
1 14 2
691 98
1 13 2
363 0
1 10 2
87 469
1 13 2
571 348
1 9 2
62 442
1 7 2
201 522
1 14 2
603 56
1 7 2
361 241
1 10 2
290 296
1 7 2
594 434
1 10 2
177 310
1 10 2
397 316
1 7 2
503 646
1 6 2
443 334
1 2 2
52 489
1 5 2
628 243
1 14 2
179 235
1 13 2
198 367
1 10 2
584 10
1 4 2
681 418
1 7 2
25 525
1 6 2
206 357
1 2 2
469 51
1 7 2
118 343
1 5 2
86 558
1 2 2
206 320
1 10 2
330 307
1 2 2
620 326
1 11 2
513 185
1 15 2
458 354
1 14 2
74 682
1 5 2
368 75
1 10 2
540 405
1 5 2
383 184
1 3 2
243 356
1 6 2
398 281
1 14 2
628 90
1 11 2
162 416
1 12 2
261 6
1 3 2
676 156
1 7 2
695 475
1 10 2
124 322
1 15 2
271 133
1 8 2
330 87
1 7 2
470 697
1 10 2
187 185
1 12 2
67 483
1 2 2
329 659
1 5 2
333 277
1 4 2
104 234
1 5 2
301 264
1 14 2
59 305
1 5 2
403 439
1 10 2
524 513
1 15 2
74 442
1 5 2
34 581
1 14 2
697 302
1 14 2
352 41
1 10 2
532 605
1 10 2
146 9
1 3 2
678 673
1 12 2
660 8
1 5 2
431 204
1 13 2
46 653
1 4 2
572 692
1 8 2
165 211
1 10 2
275 539
1 6 2
67 39
1 3 2
463 180
1 5 2
141 65
1 13 2
142 622
1 7 2
226 599
1 9 2
612 605
1 13 2
563 156
1 4 2
92 670
1 4 2
547 473
1 12 2
135 381
1 4 2
671 80
1 4 2
384 410
1 11 2
163 699
1 5 2
456 219
1 14 2
177 697
1 6 2
652 614
1 14 2
126 653
1 6 2
155 624
1 6 2
172 287
1 9 2
160 602
1 10 2
415 95
1 10 2
586 230
1 10 2
514 41
1 13 2
435 250
1 5 2
271 435
1 15 2
82 136
1 5 2
620 108
1 6 2
70 132
1 14 2
294 247
1 2 2
264 160
1 9 2
109 453
1 11 2
95 392
1 5 2
30 289
1 10 2
403 72
1 10 2
667 208
1 10 2
272 411
1 11 2
506 17
1 13 2
294 281
1 3 2
105 693
1 6 2
689 439
1 7 2
189 470
1 3 2
388 412
1 3 2
403 568
1 11 2
275 236
1 5 2
182 311
1 10 2
434 694
1 12 2
446 407
1 11 2
242 155
1 9 2
553 214
1 8 2
181 193
1 15 2
562 58
1 4 2
418 4
1 6 2
145 22
1 11 2
530 562
1 11 2
297 16
1 14 2
524 140
1 4 2
522 153
1 9 2
85 317
1 11 2
622 285
1 13 2
15 146
1 2 2
73 101
1 7 2
552 98
1 3 2
375 543
1 12 2
284 699
1 6 2
291 223
1 2 2
468 576
1 5 2
252 639
1 10 2
409 576
1 15 2
306 202
1 10 2
494 203
1 5 2
323 556
1 4 2
43 494
1 6 2
64 676
1 9 2
525 417
1 9 2
344 404
1 5 2
571 513
1 9 2
204 64
1 12 2
658 67
1 3 2
354 243
1 7 2
402 220
1 6 2
496 486
1 13 2
448 345
1 15 2
25 688
1 4 2
478 484
1 9 2
454 650
1 5 2
135 451
1 6 2
283 261
1 2 2
39 261
1 3 2
107 495
1 2 2
138 479
1 11 2
415 689
1 6 2
461 610
1 6 2
343 637
1 4 2
190 643
1 10 2
36 89
1 11 2
399 387
1 6 2
647 66
1 13 2
299 642
1 6 2
89 19
1 3 2
464 249
1 4 2
523 562
1 6 2
114 598
1 11 2
228 33
1 4 2
374 588
1 2 2
349 66
1 12 2
674 221
1 5 2
458 487
1 8 2
73 214
1 6 2
608 81
1 7 2
23 125
1 2 2
384 479
1 2 2
363 423
1 8 2
500 373
1 4 2
233 316
1 15 2
627 172
1 13 2
492 587
1 2 2
527 74
1 7 2
271 107
1 14 2
9 127
1 13 2
298 146
1 10 2
281 74
1 8 2
276 560
1 2 2
461 552
1 14 2
248 539
1 13 2
276 433
1 10 2
69 283
1 14 2
418 648
1 3 2
508 480
1 13 2
97 273
1 15 2
140 445
1 4 2
339 392
1 5 2
290 186
1 8 2
689 324
1 11 2
285 153
1 11 2
543 27
1 5 2
695 190
1 2 2
129 234
1 8 2
488 271
1 7 2
525 608
1 4 2
533 388
1 15 2
191 65
1 12 2
523 329
1 13 2
325 15
1 7 2
523 452
1 6 2
422 605
1 12 2
600 313
1 6 2
527 109
1 9 2
495 118
1 4 2
77 308
1 14 2
464 417
1 8 2
646 53
1 12 2
551 457
1 5 2
466 280
1 14 2
498 486
1 8 2
666 14
1 11 2
444 130
1 7 2
480 350
1 2 2
358 526
1 15 2
436 194
1 4 2
43 656
1 10 2
330 474
1 7 2
457 226
1 13 2
557 491
1 6 2
58 25
1 2 2
149 52
1 3 2
533 569
1 10 2
59 458
1 6 2
393 401
1 11 2
285 156
1 6 2
80 598
1 15 2
174 299
1 12 2
8 280
1 7 2
219 128
1 9 2
353 692
1 4 2
49 181
1 2 2
514 530
1 5 2
631 260
1 3 2
639 335
1 3 2
203 451
1 7 2
197 388
1 7 2
534 440
1 12 2
384 490
1 14 2
512 603
1 4 2
639 79
1 8 2
391 159
1 6 2
30 76
1 6 2
591 277
1 4 2
191 240
1 4 2
490 287
1 14 2
370 148
1 8 2
526 334
1 14 2
455 531
1 5 2
305 578
1 5 2
414 686
1 12 2
251 15
1 10 2
25 181
1 12 2
666 46
1 14 2
518 182
1 14 2
146 89
1 13 2
295 428
1 14 2
387 147
1 8 2
594 367
1 4 2
408 674
1 6 2
345 347
1 10 2
660 36
1 2 2
309 71
1 5 2
215 207
1 13 2
408 289
1 4 2
435 437
1 14 2
172 204
1 8 2
559 98
1 13 2
329 18
1 5 2
68 643
1 14 2
368 414
1 9 2
275 283
1 7 2
271 611
1 11 2
679 367
1 2 2
582 550
1 13 2
564 236
1 4 2
53 342
1 14 2
146 97
1 2 2
655 431
1 10 2
1 433
1 5 2
127 185
1 15 2
694 453
1 4 2
317 509
1 11 2
525 280
1 12 2
245 75
1 11 2
553 546
1 10 2
538 123
1 15 2
648 151
1 15 2
122 239
1 6 2
464 457
1 2 2
237 436
1 9 2
57 474
1 5 2
502 121
1 9 2
516 4
1 9 2
261 565
1 13 2
651 680
1 4 2
391 37
1 15 2
340 533
1 7 2
156 485
1 10 2
614 688
1 12 2
233 602
1 10 2
334 446
1 4 2
16 382
1 8 2
236 539
1 2 2
273 680
1 7 2
311 670
1 14 2
547 220
1 5 2
15 216
1 14 2
0 698
1 14 2
163 203
1 12 2
103 110
1 8 2
642 440
1 14 2
316 384
1 4 2
431 127
1 10 2
50 638
1 13 2
661 282
1 3 2
578 484
1 2 2
442 599
1 14 2
471 597
1 2 2
413 219
1 15 2
241 422
1 15 2
675 579
1 5 2
479 229
1 12 2
373 159
1 3 2
195 109
1 8 2
476 399
1 4 2
461 20
1 9 2
447 373
1 3 2
124 563
1 3 2
322 568
1 6 2
650 624
1 14 2
283 145
1 9 2
559 12
1 4 2
328 518
1 11 2
587 668
1 3 2
429 568
1 14 2
636 512
1 15 2
434 72
1 14 2
408 195
1 15 2
278 575
1 2 2
384 58
1 15 2
210 675
1 10 2
306 134
1 9 2
671 578
1 15 2
159 0
1 9 2
45 173
1 11 2
583 346
1 13 2
533 442
1 13 2
305 625
1 7 2
287 472
1 5 2
158 328
1 11 2
251 59
1 2 2
537 359
1 2 2
54 154
1 12 2
227 97
1 14 2
193 595
1 4 2
574 478
1 10 2
628 147
1 8 2
59 324
1 14 2
559 301
1 15 2
344 524
1 2 2
381 0
1 5 2
234 253
1 7 2
384 338
1 7 2
186 423
1 8 2
612 99
1 6 2
509 449
1 15 2
3 127
1 8 2
263 508
1 2 2
669 314
1 6 2
4 442
1 8 2
485 486
1 6 2
153 15
1 10 2
168 285
1 4 2
694 59
1 6 2
243 157
1 12 2
642 571
1 12 2
333 314
1 14 2
412 173
1 6 2
184 150
1 12 2
232 230
1 4 2
157 529
1 7 2
151 649
1 10 2
313 647
1 12 2
114 172
1 9 2
539 599
1 12 2
417 139
1 3 2
178 532
1 9 2
543 588
1 7 2
212 585
1 3 2
182 269
1 4 2
464 495
1 8 2
345 579
1 9 2
62 148
1 12 2
17 344
1 7 2
135 682
1 5 2
696 542
1 4 2
408 181
1 12 2
482 134
1 15 2
658 676
1 12 2
580 16
1 5 2
129 324
1 7 2
619 358
1 11 2
214 315
1 2 2
241 303
1 4 2
604 696
1 11 2
693 494
1 8 2
180 371
1 15 2
676 501
1 15 2
499 601
1 6 2
437 225
1 7 2
371 632
1 14 2
636 497
1 8 2
514 533
1 2 2
655 199
1 12 2
284 69
1 11 2
585 517
1 4 2
86 660
1 10 2
642 528
1 11 2
478 467
1 9 2
289 119
1 2 2
158 263
1 10 2
455 427
1 6 2
503 19
1 7 2
103 555
1 14 2
334 503
1 12 2
43 144
1 2 2
624 124
1 10 2
567 441
1 8 2
38 184
1 11 2
546 374
1 2 2
450 671
1 8 2
572 238
1 5 2
657 235
1 11 2
414 282
1 2 2
327 311
1 13 2
346 574
1 13 2
82 591
1 9 2
224 158
1 5 2
70 662
1 6 2
311 687
1 7 2
399 265
1 7 2
47 65
1 15 2
327 688
1 10 2
421 195
1 12 2
456 452
1 9 2
146 653
1 8 2
353 626
1 12 2
142 639
1 15 2
625 260
1 2 2
490 670
1 2 2
224 682
1 14 2
349 272
1 8 2
469 28
1 2 2
643 158
1 2 2
335 521
1 6 2
428 128
1 2 2
63 485
1 12 2
160 261
1 6 2
382 539
1 6 2
609 141
1 9 2
273 632
1 13 2
234 522
1 2 2
468 82
1 7 2
122 436
1 6 2
358 567
1 2 2
207 55
1 12 2
502 357
1 15 2
392 691
1 14 2
54 84
1 5 2
461 246
1 3 2
309 357
1 7 2
132 535
1 8 2
476 197
1 13 2
639 668
1 12 2
308 453
1 13 2
446 672
1 8 2
195 97
1 3 2
192 160
1 3 2
546 43
1 15 2
266 262
1 6 2
296 377
1 13 2
209 171
1 4 2
179 519
1 4 2
481 687
1 13 2
514 325
1 14 2
217 323
1 15 2
71 481
1 12 2
570 463
1 15 2
493 623
1 9 2
350 342
1 6 2
676 19
1 2 2
502 237
1 10 2
594 345
1 8 2
210 387
1 15 2
84 543
1 2 2
239 105
1 14 2
669 385
1 3 2
541 15
1 14 2
475 265
1 4 2
651 675
1 5 2
116 119
1 15 2
166 485
1 11 2
363 143
1 5 2
302 311
1 11 2
691 176
1 8 2
474 284
1 2 2
674 87
1 3 2
174 20
1 11 2
133 623
1 11 2
200 588
1 15 2
396 97
1 6 2
153 587
1 2 2
127 27
1 8 2
511 569
1 4 2
16 361
1 2 2
554 225
1 9 2
660 45
1 9 2
308 507
1 5 2
242 440
1 2 2
127 160
1 15 2
335 465
1 5 2
304 288
1 13 2
500 572
1 12 2
469 549
1 2 2
273 313
1 5 2
101 116
1 11 2
660 503
1 5 2
359 302
1 13 2
604 334
1 14 2
283 65
1 8 2
222 33
1 3 2
503 611
1 13 2
128 103
1 3 2
635 63
1 14 2
214 588
1 15 2
604 440
1 4 2
157 414
1 5 2
688 598
1 14 2
349 186
1 5 2
261 127
1 2 2
396 65
1 12 2
396 412
1 15 2
466 332
1 15 2
580 11
1 2 2
90 317
1 11 2
496 146
1 14 2
197 692
1 14 2
630 615
1 5 2
269 676
1 3 2
573 199
1 14 2
27 643
1 5 2
34 172
1 11 2
174 658
1 2 2
136 615
1 4 2
64 381
1 12 2
399 518
1 15 2
151 667
1 12 2
384 519
1 6 2
399 382
1 14 2
121 72
1 12 2
383 630
1 8 2
119 608
1 5 2
108 415
1 11 2
624 3
1 5 2
141 295
1 8 2
517 16
1 8 2
263 413
1 6 2
459 37
1 10 2
34 193
1 4 2
489 302
1 8 2
645 235
1 15 2
408 486
1 7 2
254 288
1 5 2
464 161
1 4 2
439 410
1 7 2
626 57
1 2 2
502 150
1 4 2
570 428
1 4 2
240 144
1 4 2
179 185
1 7 2
107 212
1 14 2
648 186
1 14 2
680 674
1 6 2
697 615
1 13 2
173 533
1 12 2
216 632
1 10 2
370 430
1 14 2
17 684
1 8 2
177 643
1 2 2
504 528
1 4 2
56 46
1 7 2
281 489
1 4 2
305 523
1 2 2
403 498
1 11 2
517 578
1 8 2
315 54
1 15 2
498 146
1 5 2
524 22
1 15 2
652 552
1 7 2
236 409
1 15 2
415 99
1 7 2
66 570
1 9 2
386 515
1 10 2
87 118
1 4 2
304 667
1 10 2
239 162
1 11 2
567 366
1 7 2
98 178
1 15 2
487 40
1 9 2
275 692
1 9 2
687 672
1 15 2
196 51
1 6 2
69 493
1 2 2
595 66
1 11 2
14 547
1 13 2
244 8
1 10 2
659 429
1 15 2
505 415
1 6 2
638 11
1 13 2
626 399
1 9 2
70 332
1 13 2
74 141
1 4 2
278 678
1 6 2
337 394
1 2 2
94 338
1 4 2
632 3
1 9 2
435 242
1 7 2
252 48
1 15 2
553 114
1 3 2
272 98
1 4 2
654 4
1 11 2
680 34
1 11 2
482 209
1 15 2
619 212
1 2 2
190 255
1 2 2
425 518
1 15 2
415 353
1 2 2
253 665
1 9 2
640 95
1 2 2
417 79
1 2 2
266 276
1 8 2
271 157
1 11 2
361 214
1 10 2
452 535
1 9 2
9 520
1 5 2
163 314
1 4 2
698 189
1 13 2
198 430
1 4 2
487 324
1 12 2
630 130
1 12 2
8 54
1 3 2
105 35
1 2 2
98 479
1 10 2
378 509
1 8 2
22 94
1 5 2
611 76
1 11 2
468 64
1 5 2
459 639
1 8 2
233 5
1 9 2
258 568
1 12 2
190 134
1 4 2
142 395
1 11 2
281 273
1 6 2
380 131
1 10 2
47 510
1 4 2
597 241
1 11 2
199 140
1 9 2
520 254
1 5 2
390 415
1 5 2
682 347
1 12 2
20 380
1 11 2
416 460
1 12 2
392 560
1 3 2
625 363
1 9 2
227 529
1 15 2
525 83
1 3 2
499 668
1 8 2
394 543
1 7 2
141 563
1 7 2
501 442
1 10 2
151 237
1 12 2
497 674
1 8 2
576 443
1 5 2
375 147
1 6 2
563 537
1 14 2
306 371
1 15 2
273 78
1 8 2
587 29
1 11 2
667 605
1 6 2
681 283
1 11 2
358 631
1 8 2
605 649
1 13 2
5 410
1 3 2
37 559
1 10 2
645 75
1 8 2
432 348
1 14 2
1 461
1 7 2
596 539
1 8 2
331 43
1 11 2
182 225
1 10 2
32 456
1 5 2
389 659
1 3 2
72 453
1 11 2
673 318
1 5 2
419 75
1 10 2
259 80
1 6 2
467 416
1 3 2
370 43
1 8 2
627 651
1 10 2
464 409
1 12 2
131 410
1 4 2
547 511
1 11 2
430 497
1 14 2
169 233
1 6 2
590 446
1 2 2
222 459
1 12 2
487 588
1 13 2
136 24
1 8 2
217 136
1 8 2
566 543
1 4 2
65 349
1 10 2
414 355
1 11 2
163 153
1 8 2
653 449
1 4 2
265 16
1 5 2
464 93
1 6 2
48 453
1 5 2
644 558
1 6 2
337 611
1 13 2
126 80
1 10 2
30 156
1 5 2
326 94
1 15 2
270 458
1 7 2
477 341
1 10 2
697 590
1 13 2
136 327
1 2 2
327 678
1 10 2
603 6
1 5 2
98 559
1 11 2
255 444
1 15 2
283 596
1 4 2
200 154
1 10 2
45 611
1 14 2
391 60
1 8 2
212 12
1 6 2
658 282
1 12 2
268 485
1 14 2
610 233
1 15 2
528 294
1 9 2
266 22
1 6 2
272 397
1 12 2
501 5
1 6 2
376 410
1 13 2
605 349
1 7 2
172 619
1 5 2
427 612
1 5 2
536 79
1 13 2
202 118
1 10 2
402 611
1 11 2
134 142
1 8 2
249 325
1 10 2
200 551
1 7 2
209 352
1 2 2
376 220
1 2 2
483 523
1 7 2
472 455
1 9 2
131 376
1 9 2
101 62
1 11 2
175 463
1 6 2
290 615
1 8 2
491 495
1 13 2
347 555
1 8 2
376 254
1 9 2
645 245
1 10 2
334 544
1 12 2
550 370
1 14 2
674 131
1 11 2
279 224
1 12 2
381 260
1 2 2
597 52
1 4 2
584 205
1 12 2
674 180
1 12 2
265 457
1 2 2
139 496
1 8 2
432 118
1 3 2
401 140
1 3 2
521 544
1 11 2
395 192
1 12 2
553 555
1 5 2
2 377
1 12 2
543 547
1 15 2
498 361
1 12 2
178 293
1 8 2
51 95
1 12 2
456 24
1 5 2
642 464
1 14 2
484 589
1 6 2
92 0
1 4 2
346 274
1 7 2
684 279
1 6 2
524 442
1 3 2
676 438
1 10 2
25 47
1 8 2
318 495
1 11 2
632 11
1 9 2
44 276
1 2 2
287 238
1 9 2
564 74
1 5 2
309 505
1 9 2
43 613
1 14 2
254 593
1 11 2
474 413
1 7 2
287 691
1 6 2
502 147
1 3 2
23 407
1 2 2
615 186
1 7 2
151 211
1 4 2
357 358
1 10 2
223 418
1 13 2
680 232
1 8 2
124 98
1 10 2
303 182
1 8 2
313 599
1 10 2
586 604
1 7 2
193 43
1 12 2
67 154
1 4 2
251 556
1 15 2
483 408
1 12 2
683 668
1 4 2
279 102
1 12 2
344 193
1 12 2
227 621
1 5 2
291 351
1 3 2
271 136
1 5 2
272 47
1 12 2
372 310
1 11 2
150 464
1 13 2
698 632
1 10 2
127 168
1 14 2
219 133
1 10 2
534 525
1 8 2
499 602
1 7 2
39 171
1 9 2
216 314
1 8 2
399 288
1 11 2
563 619
1 13 2
68 227
1 10 2
468 408
1 8 2
146 13
1 14 2
144 650
1 3 2
88 600
1 9 2
528 172
1 4 2
46 332
1 7 2
476 5
1 6 2
488 569
1 14 2
424 108
1 13 2
119 506
1 10 2
0 553
1 15 2
588 321
1 8 2
22 217
1 8 2
608 415
1 15 2
584 239
1 9 2
488 553
1 2 2
127 611
1 9 2
204 649
1 15 2
77 558
1 8 2
650 182
1 13 2
653 84
1 9 2
590 223
1 9 2
540 531
1 2 2
634 274
1 8 2
612 552
1 12 2
320 236
1 12 2
224 76
1 15 2
289 198
1 2 2
446 309
1 14 2
43 354
1 7 2
73 141
1 10 2
160 641
1 15 2
528 384
1 3 2
304 7
1 3 2
603 235
1 7 2
243 396
1 11 2
231 36
1 2 2
440 611
1 10 2
688 572
1 15 2
133 510
1 2 2
169 247
1 7 2
546 26
1 12 2
157 234
1 9 2
219 375
1 7 2
213 390
1 8 2
399 323
1 14 2
107 18
1 4 2
579 95
1 9 2
565 49
1 11 2
630 411
1 13 2
173 438
1 6 2
147 314
1 2 2
96 636
1 9 2
483 471
1 10 2
542 94
1 11 2
150 531
1 3 2
94 326
1 6 2
406 684
1 15 2
656 344
1 6 2
676 680
1 5 2
453 114
1 2 2
438 666
1 4 2
528 305
1 7 2
686 441
1 2 2
430 166
1 9 2
154 534
1 8 2
519 531
1 8 2
171 594
1 7 2
255 185
1 3 2
75 52
1 9 2
253 541
1 10 2
537 548
1 8 2
385 85
1 15 2
679 55
1 4 2
614 292
1 14 2
276 665
1 11 2
2 307
1 15 2
482 420
1 6 2
344 128
1 7 2
605 161
1 7 2
525 561
1 3 2
226 463
1 11 2
653 167
1 11 2
684 674
1 9 2
436 698
1 14 2
354 695
1 2 2
581 602
1 11 2
17 627
1 12 2
281 308
1 5 2
631 164
1 4 2
219 430
1 5 2
548 331
1 9 2
9 148
1 3 2
195 628
1 9 2
569 583
1 14 2
349 617
1 9 2
639 110
1 8 2
56 11
1 11 2
686 190
1 4 2
250 316
1 3 2
477 1
1 5 2
511 694
1 8 2
412 52
1 6 2
185 80
1 6 2
680 0
1 4 2
43 156
1 5 2
170 636
1 12 2
473 511
1 5 2
536 610
1 9 2
430 427
1 10 2
668 288
1 5 2
147 346
1 2 2
347 300
1 15 2
390 651
1 7 2
84 357
1 12 2
46 90
1 14 2
167 127
1 5 2
79 333
1 2 2
520 625
1 2 2
661 565
1 14 2
561 170
1 2 2
529 659
1 6 2
386 411
1 5 2
389 105
1 15 2
62 533
1 3 2
615 445
1 4 2
565 458
1 3 2
2 306
1 6 2
31 73
1 6 2
400 296
1 13 2
457 289
1 5 2
539 621
1 6 2
636 679
1 7 2
250 63
1 2 2
223 415
1 9 2
5 472
1 6 2
324 191
1 9 2
67 43
1 3 2
253 417
1 14 2
65 405
1 10 2
669 412
1 9 2
507 500
1 11 2
542 327
1 9 2
683 400
1 14 2
551 83
1 5 2
66 646
1 6 2
412 406
1 5 2
455 150
1 15 2
361 345
1 6 2
293 459
1 6 2
240 657
1 14 2
565 695
1 2 2
239 679
1 8 2
526 457
1 6 2
115 512
1 6 2
188 26
1 8 2
669 323
1 5 2
423 609
1 15 2
31 379
1 12 2
693 589
1 8 2
437 391
1 10 2
380 346
1 9 2
551 34
1 4 2
90 496
1 6 2
330 475
1 12 2
421 6
1 6 2
258 557
1 14 2
277 42
1 2 2
47 687
1 11 2
590 545
1 14 2
304 569
1 12 2
228 677
1 7 2
270 203
1 15 2
480 89
1 7 2
145 486
1 2 2
92 32
1 15 2
77 159
1 9 2
347 234
1 8 2
248 378
1 13 2
334 570
1 11 2
234 679
1 12 2
674 577
1 12 2
509 561
1 3 2
86 492
1 6 2
321 567
1 12 2
149 230
1 14 2
283 595
1 5 2
497 62
1 7 2
430 640
1 8 2
130 326
1 10 2
335 151
1 6 2
450 220
1 10 2
51 248
1 12 2
652 476
1 13 2
695 203
1 10 2
698 233
1 9 2
265 392
1 2 2
389 603
1 7 2
548 658
1 11 2
514 126
1 6 2
362 6
1 13 2
379 532
1 15 2
699 428
1 13 2
515 135
1 13 2
471 129
1 4 2
259 389
1 12 2
11 447
1 8 2
307 481
1 14 2
152 628
1 3 2
47 496
1 13 2
598 211
1 15 2
330 526
1 3 2
667 641
1 4 2
120 640
1 11 2
143 684
1 15 2
438 307
1 9 2
434 134
1 2 2
467 239
1 14 2
306 124
1 12 2
474 64
1 10 2
203 93
1 12 2
198 266
1 2 2
53 635
1 11 2
286 509
1 12 2
570 476
1 3 2
266 508
1 12 2
380 400
1 14 2
304 619
1 8 2
505 339
1 3 2
317 687
1 7 2
451 618
1 8 2
86 226
1 12 2
464 64
1 13 2
128 546
1 8 2
417 319
1 7 2
421 434
1 8 2
330 11
1 8 2
42 316
1 12 2
482 447
1 8 2
516 200
1 11 2
579 475
1 6 2
318 575
1 11 2
220 290
1 11 2
205 73
1 3 2
612 13
1 2 2
45 323
1 14 2
467 76
1 7 2
678 469
1 12 2
460 270
1 8 2
260 178
1 7 2
497 489
1 10 2
612 50
1 14 2
311 395
1 14 2
217 349
1 8 2
204 96
1 7 2
675 684
1 3 2
189 255
1 6 2
482 633
1 10 2
130 351
1 15 2
197 285
1 10 2
509 343
1 7 2
31 266
1 2 2
217 598
1 9 2
136 112
1 6 2
270 646
1 7 2
392 363
1 10 2
163 48
1 15 2
509 247
1 7 2
364 673
1 15 2
352 439
1 5 2
691 614
1 14 2
546 213
1 4 2
179 218
1 14 2
628 173
1 12 2
154 198
1 8 2
318 366
1 11 2
99 537
1 7 2
603 514
1 7 2
411 211
1 14 2
692 621
1 2 2
311 48
1 7 2
274 392
1 4 2
362 297
1 6 2
465 460
1 11 2
607 615
1 11 2
43 414
1 15 2
589 399
1 12 2
563 182
1 15 2
166 161
1 6 2
358 430
1 3 2
22 576
1 4 2
175 505
1 15 2
480 149
1 10 2
562 159
1 8 2
289 167
1 4 2
227 25
1 7 2
207 672
1 7 2
89 188
1 10 2
612 235
1 2 2
690 652
1 15 2
420 104
1 7 2
672 118
1 11 2
496 383
1 12 2
319 430
1 5 2
552 330
1 9 2
547 100
1 10 2
637 237
1 13 2
567 674
1 6 2
8 74
1 6 2
102 506
1 3 2
323 237
1 9 2
384 265
1 3 2
220 168
1 10 2
696 2
1 12 2
632 342
1 9 2
371 130
1 3 2
564 250
1 14 2
119 381
1 11 2
389 293
1 8 2
284 34
1 10 2
16 2
1 9 2
488 396
1 2 2
109 395
1 2 2
349 697
1 11 2
406 196
1 5 2
5 369
1 12 2
196 77
1 2 2
183 226
1 11 2
670 408
1 7 2
595 635
1 3 2
559 405
1 7 2
253 231
1 4 2
639 114
1 9 2
444 62
1 14 2
630 96
1 4 2
246 370
1 11 2
297 51
1 12 2
213 409
1 9 2
198 262
1 13 2
286 99
1 10 2
653 406
1 14 2
311 27
1 9 2
631 536
1 4 2
183 431
1 14 2
311 446
1 3 2
510 167
1 6 2
130 333
1 3 2
148 524
1 2 2
340 506
1 8 2
687 531
1 10 2
513 239
1 13 2
323 430
1 2 2
197 697
1 7 2
28 438
1 6 2
255 285
1 2 2
77 169
1 13 2
37 8
1 13 2
456 255
1 12 2
322 250
1 7 2
648 560
1 9 2
499 184
1 12 2
327 433
1 3 2
432 176
1 6 2
492 240
1 4 2
280 126
1 8 2
443 340
1 7 2
238 36
1 4 2
556 216
1 3 2
404 586
1 12 2
387 509
1 4 2
352 7
1 13 2
183 112
1 9 2
576 586
1 7 2
398 450
1 8 2
680 291
1 5 2
543 132
1 9 2
661 574
1 2 2
422 638
1 5 2
344 0
1 15 2
640 293
1 13 2
592 213
1 7 2
18 503
1 12 2
527 276
1 13 2
665 550
1 12 2
62 13
1 14 2
547 291
1 15 2
528 658
1 3 2
578 497
1 9 2
690 480
1 11 2
59 466
1 13 2
410 463
1 7 2
427 659
1 13 2
160 67
1 13 2
174 366
1 15 2
440 571
1 8 2
200 45
1 13 2
144 523
1 13 2
178 606
1 8 2
222 195
1 5 2
94 173
1 7 2
583 268
1 15 2
518 513
1 8 2
267 42
1 9 2
115 586
1 2 2
256 136
1 3 2
580 254
1 5 2
480 491
1 14 2
220 184
1 5 2
550 341
1 5 2
191 481
1 4 2
498 288
1 9 2
341 232
1 13 2
521 258
1 2 2
500 244
1 5 2
45 541
1 13 2
270 454
1 2 2
271 538
1 12 2
626 51
1 15 2
336 552
1 15 2
632 599
1 15 2
49 158
1 6 2
478 308
1 9 2
677 352
1 6 2
440 98
1 2 2
447 175
1 15 2
260 22
1 3 2
101 168
1 3 2
230 512
1 8 2
499 53
1 6 2
281 13
1 12 2
443 671
1 4 2
57 263
1 13 2
432 265
1 2 2
252 152
1 15 2
349 387
1 5 2
552 538
1 3 2
200 10
1 10 2
627 10
1 7 2
525 227
1 4 2
633 220
1 10 2
35 458
1 4 2
55 214
1 8 2
460 90
1 10 2
450 311
1 11 2
639 552
1 9 2
96 472
1 15 2
592 392
1 11 2
643 282
1 11 2
39 614
1 14 2
666 563
1 5 2
445 364
1 4 2
329 306
1 10 2
531 686
1 2 2
432 293
1 5 2
184 151
1 15 2
437 402
1 7 2
78 555
1 6 2
29 305
1 4 2
422 530
1 14 2
449 436
1 4 2
205 460
1 8 2
645 632
1 7 2
138 436
1 10 2
605 326
1 2 2
351 220
1 6 2
467 357
1 10 2
258 435
1 4 2
209 539
1 15 2
47 81
1 5 2
639 649
1 4 2
589 51
1 4 2
373 678
1 5 2
552 513
1 4 2
648 588
1 7 2
545 65
1 2 2
501 32
1 12 2
654 408
1 8 2
465 301
1 7 2
373 256
1 11 2
503 296
1 13 2
365 645
1 3 2
583 40
1 8 2
594 495
1 3 2
514 674
1 11 2
622 103
1 10 2
481 129
1 11 2
53 530
1 14 2
219 466
1 4 2
320 637
1 6 2
478 83
1 8 2
654 452
1 9 2
175 341
1 2 2
553 259
1 11 2
344 117
1 10 2
617 543
1 15 2
64 407
1 15 2
479 189
1 15 2
192 302
1 7 2
257 0
1 15 2
174 216
1 13 2
618 296
1 5 2
592 31
1 5 2
305 598
1 9 2
339 98
1 8 2
61 483
1 2 2
301 368
1 11 2
329 556
1 12 2
324 693
1 13 2
151 649
1 7 2
629 328
1 13 2
178 261
1 6 2
139 316
1 6 2
203 691
1 8 2
48 533
1 11 2
56 39
1 12 2
310 491
1 2 2
438 558
1 15 2
206 551
1 10 2
450 320
1 11 2
501 232
1 3 2
311 353
1 2 2
396 426
1 2 2
126 453
1 7 2
604 434
1 13 2
110 643
1 13 2
417 281
1 11 2
602 629
1 11 2
314 675
1 5 2
129 509
1 11 2
696 376
1 5 2
148 502
1 3 2
43 3
1 7 2
73 203
1 13 2
221 347
1 5 2
469 586
1 15 2
107 413
1 6 2
224 245
1 7 2
445 333
1 2 2
563 86
1 7 2
634 156
1 4 2
294 169
1 12 2
554 87
1 9 2
483 263
1 10 2
484 467
1 10 2
0 214
1 11 2
392 646
1 12 2
416 62
1 8 2
158 104
1 8 2
77 300
1 6 2
388 10
1 6 2
410 599
1 5 2
349 345
1 15 2
434 122
1 13 2
436 154
1 2 2
114 134
1 12 2
237 23
1 11 2
93 141
1 7 2
156 401
1 13 2
466 73
1 3 2
81 536
1 11 2
469 574
1 9 2
536 24
1 6 2
349 73
1 9 2
498 221
1 14 2
492 396
1 14 2
532 539
1 10 2
595 257
1 9 2
491 203
1 10 2
3 347
1 11 2
223 516
1 12 2
158 309
1 6 2
491 553
1 6 2
408 113
1 5 2
73 330
1 15 2
678 243
1 2 2
334 105
1 8 2
144 14
1 4 2
61 372
1 10 2
394 10
1 8 2
188 487
1 15 2
566 8
1 6 2
133 43
1 9 2
632 678
1 3 2
660 122
1 14 2
108 118
1 10 2
70 646
1 13 2
13 21
1 11 2
690 362
1 12 2
364 138
1 15 2
217 675
1 3 2
65 617
1 15 2
19 372
1 10 2
462 639
1 13 2
623 335
1 8 2
522 483
1 4 2
267 544
1 5 2
413 482
1 3 2
310 346
1 14 2
540 621
1 10 2
210 184
1 8 2
456 591
1 13 2
116 658
1 12 2
644 557
1 12 2
155 5
1 4 2
290 39
1 2 2
539 75
1 3 2
156 388
1 10 2
313 290
1 14 2
261 193
1 3 2
266 464
1 10 2
587 4
1 3 2
281 368
1 2 2
237 193
1 6 2
48 520
1 6 2
659 165
1 6 2
622 557
1 11 2
276 33
1 3 2
549 358
1 6 2
269 572
1 2 2
22 533
1 11 2
226 69
1 13 2
557 634
1 12 2
566 395
1 12 2
434 350
1 6 2
203 141
1 5 2
647 135
1 4 2
393 400
1 14 2
260 568
1 5 2
369 100
1 4 2
356 564
1 9 2
232 566
1 2 2
382 305
1 11 2
396 140
1 10 2
537 72
1 10 2
577 44
1 13 2
693 107
1 12 2
152 354
1 9 2
82 461
1 3 2
647 603
1 15 2
615 10
1 5 2
603 137
1 15 2
442 672
1 11 2
458 586
1 5 2
593 46
1 3 2
47 494
1 6 2
105 445
1 4 2
380 679
1 3 2
615 174
1 12 2
189 160
1 7 2
386 369
1 7 2
386 417
1 2 2
291 670
1 15 2
368 535
1 6 2
604 552
1 5 2
491 391
1 3 2
256 677
1 5 2
571 446
1 2 2
110 249
1 15 2
374 150
1 6 2
545 511
1 3 2
484 50
1 10 2
20 342
1 9 2
513 93
1 6 2
31 631
1 9 2
83 135
1 5 2
438 30
1 8 2
141 447
1 3 2
613 266
1 3 2
585 99
1 8 2
647 216
1 10 2
149 343
1 2 2
324 638
1 2 2
31 71
1 14 2
279 594
1 6 2
242 50
1 6 2
330 83
1 13 2
198 385
1 10 2
13 326
1 7 2
340 517
1 8 2
133 106
1 15 2
52 449
1 13 2
339 224
1 8 2
588 636
1 7 2
97 33
1 13 2
231 394
1 5 2
58 255
1 11 2
577 272
1 11 2
478 216
1 10 2
518 652
1 15 2
627 169
1 3 2
214 613
1 2 2
65 131
1 2 2
259 141
1 2 2
219 614
1 6 2
692 106
1 15 2
512 199
1 5 2
389 114
1 10 2
466 678
1 5 2
20 346
1 6 2
523 679
1 3 2
25 327
1 10 2
182 63
1 2 2
274 359
1 2 2
2 319
1 13 2
50 134
1 10 2
547 343
1 3 2
255 384
1 2 2
282 603
1 4 2
239 691
1 13 2
458 673
1 6 2
345 294
1 14 2
416 595
1 12 2
527 396
1 9 2
121 656
1 3 2
24 524
1 3 2
423 539
1 4 2
300 66
1 3 2
186 428
1 15 2
109 487
1 9 2
93 183
1 3 2
677 528
1 12 2
226 344
1 9 2
541 140
1 2 2
230 38
1 2 2
634 176
1 11 2
309 87
1 6 2
185 424
1 13 2
681 398
1 14 2
261 318
1 8 2
513 443
1 14 2
240 52
1 6 2
673 556
1 8 2
418 4
1 12 2
229 665
1 8 2
656 66
1 6 2
614 684
1 14 2
52 348
1 14 2
37 68
1 12 2
152 374
1 4 2
274 273
1 4 2
271 390
1 11 2
297 136
1 4 2
627 524
1 2 2
330 114
1 15 2
215 40
1 3 2
15 470
1 11 2
585 148
1 6 2
407 286
1 5 2
677 686
1 11 2
41 58
1 13 2
591 315
1 5 2
7 594
1 11 2
91 561
1 7 2
595 182
1 10 2
468 288
1 4 2
52 328
1 11 2
312 233
1 5 2
591 49
1 14 2
200 364
1 14 2
269 437
1 8 2
36 507
1 8 2
123 664
1 7 2
19 456
1 7 2
607 612
1 9 2
211 657
1 9 2
203 529
1 14 2
451 680
1 8 2
316 307
1 7 2
576 246
1 9 2
479 92
1 5 2
175 431
1 3 2
548 16
1 4 2
610 604
1 5 2
37 542
1 14 2
145 271
1 8 2
169 357
1 5 2
188 607
1 2 2
586 62
1 4 2
214 450
1 11 2
147 33
1 3 2
400 561
1 12 2
585 220
1 3 2
319 170
1 7 2
342 2
1 3 2
672 423
1 14 2
405 637
1 2 2
584 599
1 4 2
484 226
1 15 2
468 164
1 7 2
27 179
1 6 2
637 614
1 11 2
572 349
1 4 2
614 222
1 9 2
463 93
1 8 2
335 423
1 6 2
443 116
1 3 2
210 49
1 3 2
633 606
1 2 2
503 256
1 3 2
499 539
1 6 2
275 54
1 11 2
659 96
1 15 2
69 50
1 12 2
421 127
1 9 2
620 114
1 11 2
650 59
1 11 2
460 449
1 9 2
301 360
1 4 2
676 691
1 6 2
456 615
1 11 2
214 661
1 13 2
523 452
1 11 2
66 436
1 4 2
436 410
1 3 2
273 438
1 13 2
290 388
1 6 2
459 194
1 5 2
664 599
1 6 2
456 550
1 7 2
635 657
1 7 2
125 674
1 14 2
691 280
1 5 2
394 607
1 8 2
415 445
1 15 2
273 368
1 2 2
698 84
1 12 2
487 379
1 2 2
668 437
1 6 2
607 107
1 14 2
166 668
1 8 2
248 228
1 11 2
266 472
1 15 2
562 103
1 3 2
336 431
1 13 2
111 472
1 4 2
556 364
1 11 2
104 541
1 13 2
33 645
1 12 2
326 316
1 15 2
311 481
1 8 2
0 77
1 14 2
215 286
1 6 2
206 31
1 2 2
111 638
1 6 2
336 641
1 8 2
171 256
1 2 2
47 214
1 15 2
214 417
1 4 2
429 393
1 11 2
111 283
1 6 2
346 658
1 7 2
655 11
1 9 2
373 623
1 10 2
247 684
1 5 2
460 475
1 3 2
74 119
1 5 2
500 477
1 8 2
578 208
1 10 2
132 307
1 9 2
241 273
1 11 2
355 109
1 4 2
47 82
1 7 2
361 647
1 14 2
260 387
1 12 2
254 199
1 15 2
129 196
1 2 2
456 533
1 9 2
301 156
1 2 2
197 428
1 7 2
26 376
1 6 2
562 278
1 3 2
561 17
1 15 2
682 144
1 14 2
589 481
1 15 2
358 383
1 8 2
598 82
1 11 2
466 515
1 7 2
138 27
1 8 2
344 183
1 6 2
309 60
1 8 2
537 624
1 8 2
322 33
1 6 2
215 637
1 11 2
315 6
1 15 2
594 443
1 4 2
463 120
1 2 2
199 90
1 4 2
598 310
1 2 2
236 30
1 12 2
117 605
1 6 2
162 233
1 6 2
168 656
1 2 2
264 174
1 14 2
255 417
1 12 2
189 216
1 15 2
266 238
1 14 2
366 539
1 2 2
82 543
1 14 2
31 652
1 13 2
204 532
1 13 2
226 418
1 15 2
570 135
1 6 2
14 582
1 11 2
397 264
1 14 2
516 376
1 2 2
39 478
1 12 2
584 530
1 14 2
682 326
1 12 2
372 358
1 3 2
362 516
1 3 2
83 661
1 5 2
359 538
1 3 2
364 478
1 3 2
196 226
1 3 2
255 282
1 3 2
258 478
1 14 2
52 436
1 12 2
196 299
1 11 2
644 446
1 5 2
458 493
1 6 2
448 677
1 2 2
629 130
1 5 2
607 493
1 13 2
509 436
1 13 2
41 474
1 5 2
370 498
1 3 2
406 353
1 5 2
531 689
1 13 2
362 634
1 8 2
631 386
1 5 2
140 317
1 4 2
199 646
1 2 2
601 567
1 6 2
682 181
1 13 2
508 86
1 9 2
133 225
1 5 2
297 32
1 12 2
236 121
1 13 2
331 464
1 14 2
391 661
1 15 2
457 237
1 14 2
684 561
1 14 2
193 128
1 9 2
129 321
1 4 2
328 581
1 14 2
73 88
1 7 2
217 545
1 10 2
174 109
1 8 2
450 615
1 8 2
257 340
1 2 2
213 202
1 8 2
509 410
1 2 2
151 401
1 5 2
258 471
1 9 2
496 85
1 4 2
24 568
1 13 2
657 605
1 9 2
277 491
1 15 2
499 529
1 12 2
660 382
1 4 2
75 197
1 11 2
465 498
1 10 2
500 281
1 9 2
549 646
1 9 2
448 413
1 11 2
554 588
1 7 2
267 95
1 15 2
235 631
1 12 2
251 698
1 10 2
19 302
1 11 2
270 376
1 2 2
665 21
1 9 2
310 395
1 8 2
686 306
1 9 2
493 63
1 3 2
422 205
1 5 2
661 605
1 2 2
689 384
1 14 2
484 607
1 3 2
300 91
1 12 2
681 247
1 14 2
439 330
1 5 2
516 350
1 15 2
299 620
1 15 2
434 402
1 9 2
234 596
1 13 2
597 396
1 2 2
5 347
1 13 2
433 471
1 5 2
11 430
1 11 2
521 404
1 9 2
345 148
1 13 2
526 191
1 7 2
140 247
1 14 2
446 503
1 3 2
420 237
1 13 2
555 175
1 7 2
366 600
1 12 2
439 486
1 15 2
55 99
1 5 2
418 110
1 8 2
241 59
1 8 2
16 354
1 14 2
688 595
1 2 2
366 160
1 14 2
73 620
1 2 2
688 349
1 8 2
54 343
1 13 2
620 414
1 3 2
93 532
1 8 2
310 153
1 9 2
22 548
1 15 2
662 433
1 10 2
552 360
1 5 2
605 236
1 8 2
323 640
1 12 2
622 668
1 10 2
587 571
1 6 2
53 692
1 8 2
475 614
1 3 2
645 167
1 4 2
55 138
1 6 2
130 657
1 12 2
337 432
1 5 2
168 240
1 14 2
455 624
1 13 2
282 115
1 4 2
330 337
1 11 2
501 579
1 9 2
10 505
1 3 2
433 551
1 3 2
513 593
1 2 2
296 200
1 6 2
198 17
1 2 2
241 384
1 2 2
474 228
1 2 2
630 315
1 12 2
63 189
1 13 2
193 69
1 10 2
213 30
1 4 2
172 582
1 14 2
172 424
1 10 2
392 596
1 11 2
415 143
1 13 2
546 617
1 14 2
243 139
1 7 2
507 366
1 5 2
504 274
1 10 2
55 143
1 9 2
248 458
1 9 2
682 389
1 11 2
477 545
1 7 2
665 302
1 5 2
500 208
1 9 2
550 684
1 12 2
435 364
1 3 2
514 371
1 9 2
166 49
1 10 2
538 479
1 12 2
338 597
1 3 2
532 1
1 3 2
352 666
1 3 2
612 34
1 8 2
224 509
1 10 2
460 120
1 6 2
409 629
1 7 2
286 223
1 4 2
184 547
1 8 2
544 197
1 13 2
425 690
1 12 2
320 190
1 10 2
0 551
1 8 2
651 161
1 11 2
494 604
1 10 2
640 246
1 2 2
623 415
1 3 2
519 669
1 6 2
623 695
1 8 2
115 59
1 15 2
213 230
1 15 2
293 436
1 5 2
4 695
1 12 2
383 101
1 15 2
251 119
1 5 2
372 523
1 5 2
201 427
1 12 2
474 525
1 9 2
532 10
1 3 2
224 370
1 12 2
282 667
1 6 2
249 558
1 9 2
247 660
1 12 2
255 695
1 14 2
179 548
1 4 2
433 3
1 10 2
334 46
1 13 2
526 330
1 14 2
586 161
1 6 2
280 518
1 12 2
372 297
1 12 2
416 170
1 10 2
586 362
1 10 2
172 683
1 15 2
74 540
1 4 2
394 468
1 6 2
114 310
1 14 2
667 652
1 6 2
397 114
1 10 2
552 198
1 12 2
132 225
1 8 2
513 432
1 6 2
13 380
1 3 2
569 114
1 9 2
57 645
1 7 2
450 126
1 3 2
686 256
1 13 2
403 71
1 9 2
452 369
1 3 2
303 560
1 6 2
257 245
1 5 2
455 190
1 6 2
419 436
1 15 2
485 407
1 8 2
149 312
1 14 2
349 552
1 12 2
216 222
1 6 2
471 439
1 7 2
527 370
1 6 2
615 300
1 13 2
212 602
1 11 2
228 85
1 10 2
661 488
1 14 2
587 143
1 10 2
214 321
1 14 2
630 81
1 4 2
205 17
1 14 2
444 626
1 11 2
379 545
1 14 2
139 8
1 12 2
342 378
1 12 2
471 368
1 4 2
685 592
1 9 2
305 541
1 10 2
669 185
1 7 2
529 83
1 4 2
487 674
1 14 2
199 73
1 7 2
255 547
1 2 2
293 45
1 2 2
424 321
1 8 2
617 149
1 11 2
98 246
1 3 2
91 112
1 10 2
475 67
1 13 2
508 500
1 7 2
282 508
1 11 2
196 233
1 4 2
127 489
1 10 2
594 309
1 5 2
453 476
1 8 2
115 526
1 14 2
339 200
1 7 2
113 346
1 5 2
568 635
1 8 2
436 686
1 14 2
1 669
1 2 2
222 390
1 4 2
338 585
1 13 2
626 92
1 6 2
120 71
1 13 2
478 29
1 10 2
78 29
1 7 2
382 379
1 14 2
253 664
1 2 2
546 7
1 8 2
611 131
1 9 2
140 261
1 6 2
43 65
1 15 2
417 315
1 11 2
555 611
1 2 2
468 332
1 15 2
443 64
1 4 2
608 251
1 5 2
83 456
1 11 2
673 66
1 6 2
591 485
1 3 2
432 484
1 15 2
20 171
1 10 2
55 568
1 15 2
429 498
1 8 2
492 126
1 15 2
459 274
1 13 2
70 633
1 12 2
290 665
1 9 2
173 66
1 10 2
145 415
1 13 2
169 493
1 14 2
17 359
1 11 2
459 352
1 14 2
533 480
1 11 2
120 94
1 7 2
462 372
1 7 2
414 469
1 10 2
675 434
1 7 2
494 99
1 6 2
332 71
1 15 2
353 685
1 10 2
254 461
1 4 2
478 184
1 2 2
624 81
1 5 2
398 80
1 6 2
668 434
1 9 2
334 55
1 3 2
43 170
1 4 2
481 499
1 5 2
470 195
1 10 2
109 619
1 11 2
628 254
1 12 2
579 41
1 10 2
176 459
1 15 2
396 106
1 6 2
659 602
1 13 2
15 388
1 12 2
668 523
1 15 2
100 210
1 13 2
600 59
1 9 2
348 612
1 12 2
305 61
1 9 2
370 350
1 8 2
466 145
1 8 2
444 613
1 7 2
485 205
1 15 2
391 273
1 6 2
531 34
1 2 2
114 586
1 3 2
424 485
1 11 2
451 29
1 7 2
275 625
1 11 2
41 642
1 15 2
545 537
1 15 2
633 253
1 2 2
85 421
1 5 2
662 553
1 4 2
540 158
1 15 2
368 367
1 15 2
227 589
1 12 2
556 119
1 11 2
680 278
1 10 2
615 416
1 12 2
282 271
1 11 2
30 576
1 13 2
196 134
1 5 2
262 656
1 14 2
37 329
1 3 2
404 544
1 14 2
651 207
1 13 2
693 521
1 13 2
55 275
1 4 2
641 128
1 11 2
58 631
1 12 2
151 247
1 2 2
169 219
1 15 2
510 586
1 10 2
637 530
1 11 2
431 271
1 15 2
508 90
1 12 2
265 99
1 3 2
479 27
1 11 2
44 324
1 5 2
182 446
1 9 2
458 607
1 7 2
674 180
1 4 2
128 411
1 2 2
97 70
1 4 2
200 31
1 9 2
68 525
1 4 2
373 588
1 10 2
141 98
1 4 2
502 410
1 13 2
115 405
1 10 2
427 195
1 5 2
24 208
1 5 2
638 121
1 8 2
240 296
1 12 2
242 636
1 2 2
436 55
1 4 2
191 128
1 8 2
442 645
1 6 2
78 599
1 13 2
686 592
1 10 2
356 18
1 3 2
353 352
1 8 2
182 61
1 14 2
348 352
1 2 2
341 629
1 12 2
160 134
1 10 2
415 63
1 5 2
610 659
1 3 2
603 227
1 7 2
579 492
1 3 2
224 77
1 15 2
317 41
1 7 2
619 693
1 8 2
629 88
1 9 2
461 610
1 8 2
326 343
1 8 2
642 244
1 2 2
608 324
1 4 2
536 331
1 15 2
672 561
1 7 2
619 168
1 8 2
427 459
1 3 2
18 234
1 9 2
349 602
1 12 2
158 494
1 6 2
56 194
1 5 2
54 398
1 9 2
396 576
1 6 2
672 656
1 7 2
555 159
1 7 2
300 194
1 11 2
89 545
1 8 2
363 496
1 15 2
222 606
1 11 2
475 697
1 9 2
577 52
1 6 2
607 364
1 4 2
485 592
1 9 2
440 300
1 13 2
255 169
1 15 2
102 646
1 13 2
263 416
1 3 2
420 403
1 11 2
202 188
1 13 2
508 602
1 4 2
528 557
1 2 2
595 468
1 3 2
406 285
1 11 2
316 95
1 4 2
115 391
1 5 2
601 70
1 7 2
458 695
1 9 2
166 3
1 9 2
29 65
1 6 2
371 131
1 12 2
675 80
1 4 2
124 566
1 14 2
248 629
1 3 2
511 252
1 9 2
689 335
1 6 2
38 252
1 7 2
49 396
1 2 2
477 536
1 10 2
122 59
1 15 2
672 218
1 9 2
681 110
1 2 2
179 512
1 9 2
300 401
1 11 2
187 458
1 5 2
25 291
1 10 2
630 310
1 3 2
517 70
1 10 2
623 302
1 5 2
326 141
1 3 2
641 213
1 14 2
82 643
1 3 2
378 659
1 6 2
149 489
1 12 2
438 531
1 10 2
178 611
1 5 2
571 292
1 6 2
503 318
1 5 2
379 534
1 4 2
422 172
1 15 2
89 563
1 15 2
323 8
1 15 2
513 13
1 8 2
4 417
1 3 2
328 608
1 4 2
686 415
1 2 2
564 10
1 8 2
304 474
1 4 2
521 369
1 11 2
653 131
1 5 2
566 527
1 3 2
340 519
1 3 2
396 322
1 6 2
220 339
1 5 2
448 573
1 9 2
652 377
1 4 2
597 232
1 8 2
5 306
1 2 2
377 202
1 3 2
374 355
1 9 2
260 20
1 12 2
199 38
1 2 2
501 530
1 6 2
453 184
1 14 2
397 604
1 9 2
690 316
1 15 2
181 419
1 10 2
469 330
1 6 2
570 394
1 10 2
466 668
1 8 2
408 461
1 9 2
165 193
1 11 2
52 698
1 13 2
168 208
1 11 2
194 457
1 15 2
337 661
1 7 2
487 188
1 13 2
302 399
1 12 2
422 569
1 4 2
371 12
1 2 2
230 587
1 14 2
530 135
1 8 2
398 579
1 5 2
68 291
1 8 2
96 468
1 12 2
301 653
1 12 2
177 512
1 11 2
691 305
1 14 2
100 149
1 7 2
80 202
1 8 2
357 405
1 11 2
157 317
1 3 2
462 84
1 5 2
4 362
1 13 2
598 198
1 7 2
581 404
1 6 2
333 463
1 15 2
427 524
1 4 2
72 527
1 6 2
258 420
1 12 2
539 107
1 7 2
490 230
1 8 2
283 178
1 6 2
348 685
1 15 2
17 693
1 11 2
235 540
1 12 2
540 266
1 3 2
214 377
1 6 2
519 592
1 9 2
347 229
1 3 2
41 76
1 12 2
156 309
1 10 2
97 159
1 7 2
390 589
1 9 2
375 521
1 2 2
640 458
1 7 2
368 102
1 8 2
438 629
1 11 2
12 407
1 15 2
270 535
1 7 2
439 561
1 8 2
181 169
1 10 2
102 317
1 13 2
328 479
1 10 2
253 134
1 8 2
539 249
1 14 2
149 691
1 5 2
17 540
1 12 2
488 240
1 8 2
234 207
1 4 2
411 316
1 15 2
575 308
1 3 2
669 668
1 11 2
358 438
1 6 2
508 395
1 8 2
14 88
1 4 2
272 53
1 3 2
674 98
1 6 2
604 258
1 8 2
12 282
1 10 2
301 278
1 11 2
691 243
1 12 2
69 454
1 12 2
437 27
1 8 2
41 18
1 4 2
69 160
1 9 2
614 128
1 9 2
442 34
1 4 2
202 657
1 13 2
498 527
1 4 2
114 409
1 8 2
50 479
1 15 2
353 518
1 3 2
282 396
1 7 2
479 372
1 5 2
16 603
1 7 2
376 235
1 7 2
394 250
1 11 2
226 654
1 15 2
40 485
1 4 2
530 57
1 2 2
391 75
1 3 2
563 474
1 14 2
200 413
1 10 2
424 629
1 7 2
471 286
1 3 2
205 440
1 13 2
618 218
1 14 2
29 588
1 10 2
364 391
1 14 2
393 453
1 10 2
152 675
1 13 2
460 397
1 6 2
219 258
1 14 2
657 331
1 3 2
663 273
1 4 2
432 18
1 10 2
166 563
1 9 2
95 361
1 3 2
151 441
1 7 2
508 132
1 8 2
251 260
1 4 2
419 78
1 3 2
316 666
1 4 2
25 14
1 14 2
88 513
1 2 2
540 259
1 14 2
699 222
1 10 2
543 11
1 12 2
407 217
1 6 2
443 183
1 11 2
496 381
1 11 2
553 334
1 10 2
474 26
1 14 2
200 164
1 5 2
250 393
1 4 2
120 393
1 12 2
678 452
1 13 2
286 417
1 6 2
30 689
1 11 2
379 604
1 6 2
643 674
1 8 2
151 295
1 12 2
563 695
1 3 2
198 328
1 11 2
3 7
1 6 2
547 330
1 15 2
305 231
1 14 2
331 510
1 5 2
391 544
1 9 2
8 606
1 2 2
183 345
1 12 2
350 119
1 5 2
529 255
1 8 2
54 391
1 7 2
33 35
1 11 2
264 410
1 6 2
618 295
1 14 2
680 689
1 4 2
672 509
1 11 2
655 434
1 12 2
682 127
1 5 2
511 629
1 13 2
4 296
1 14 2
693 35
1 10 2
348 124
1 15 2
166 463
1 10 2
466 164
1 8 2
433 311
1 4 2
282 490
1 10 2
27 622
1 4 2
300 347
1 15 2
25 556
1 14 2
104 333
1 11 2
434 592
1 13 2
443 3
1 4 2
428 158
1 12 2
687 429
1 7 2
296 268
1 12 2
696 201
1 13 2
393 695
1 11 2
226 211
1 2 2
665 100
1 7 2
202 65
1 14 2
365 693
1 3 2
146 375
1 9 2
129 562
1 10 2
167 44
1 12 2
155 201
1 12 2
598 47
1 7 2
200 355
1 11 2
65 144
1 2 2
311 14
1 13 2
223 37
1 9 2
523 31
1 10 2
183 296
1 7 2
609 155
1 10 2
234 361
1 5 2
150 79
1 6 2
689 185
1 2 2
653 303
1 5 2
497 93
1 8 2
217 300
1 10 2
101 549
1 10 2
168 278
1 13 2
649 491
1 4 2
168 390
1 11 2
623 593
1 7 2
64 388
1 7 2
526 445
1 12 2
462 693
1 6 2
418 598
1 2 2
622 146
1 15 2
625 427
1 5 2
336 555
1 10 2
173 63
1 5 2
527 496
1 7 2
167 31
1 9 2
406 657
1 7 2
306 149
1 8 2
345 206
1 4 2
43 445
1 8 2
409 501
1 12 2
657 509
1 14 2
133 302
1 13 2
197 624
1 9 2
146 118
1 10 2
50 592
1 10 2
93 640
1 6 2
482 439
1 8 2
147 697
1 15 2
242 200
1 14 2
544 298
1 6 2
316 447
1 11 2
261 42
1 5 2
554 65
1 6 2
174 482
1 4 2
484 586
1 11 2
662 681
1 3 2
640 214
1 12 2
328 651
1 11 2
468 682
1 6 2
490 411
1 5 2
530 326
1 13 2
205 156
1 9 2
300 503
1 6 2
693 511
1 13 2
116 65
1 5 2
375 662
1 14 2
52 360
1 13 2
307 2
1 15 2
442 166
1 12 2
687 6
1 6 2
36 654
1 11 2
207 605
1 2 2
592 620
1 13 2
508 693
1 2 2
518 106
1 6 2
580 365
1 6 2
545 678
1 12 2
433 306
1 12 2
574 285
1 2 2
573 576
1 15 2
485 302
1 12 2
615 360
1 3 2
303 333
1 14 2
555 57
1 14 2
29 176
1 8 2
99 272
1 6 2
213 588
1 14 2
498 270
1 15 2
230 245
1 13 2
210 623
1 6 2
632 161
1 6 2
235 56
1 14 2
174 396
1 10 2
164 507
1 6 2
53 438
1 3 2
221 535
1 6 2
3 433
1 11 2
626 368
1 9 2
564 156
1 9 2
231 196
1 8 2
178 647
1 14 2
164 515
1 14 2
575 613
1 4 2
161 539
1 13 2
40 63
1 9 2
630 595
1 13 2
664 475
1 4 2
479 137
1 15 2
460 250
1 12 2
2 526
1 15 2
175 265
1 15 2
397 533
1 15 2
600 488
1 15 2
341 97
1 12 2
294 32
1 10 2
0 614
1 11 2
263 81
1 9 2
24 476
1 3 2
494 247
1 5 2
567 214
1 3 2
498 28
1 11 2
232 83
1 3 2
578 467
1 2 2
467 258
1 14 2
579 39
1 6 2
408 502
1 5 2
125 552
1 8 2
648 287
1 4 2
355 314
1 14 2
39 102
1 5 2
147 432
1 2 2
179 109
1 4 2
94 467
1 9 2
667 589
1 11 2
186 414
1 2 2
578 639
1 11 2
16 637
1 3 2
655 497
1 7 2
566 66
1 6 2
363 66
1 13 2
243 5
1 9 2
189 200
1 4 2
158 401
1 9 2
534 613
1 14 2
616 647
1 6 2
155 257
1 6 2
482 532
1 13 2
271 147
1 10 2
547 614
1 11 2
84 348
1 7 2
435 418
1 15 2
464 303
1 4 2
197 123
1 9 2
519 536
1 6 2
156 514
1 14 2
11 180
1 13 2
349 386
1 9 2
320 564
1 2 2
23 196
1 8 2
232 43
1 2 2
10 65
1 14 2
61 307
1 8 2
431 427
1 8 2
672 269
1 15 2
695 413
1 10 2
98 96
1 15 2
355 46
1 12 2
484 372
1 12 2
177 595
1 7 2
559 581
1 9 2
528 228
1 14 2
679 514
1 15 2
288 306
1 4 2
29 78
1 11 2
429 480
1 8 2
138 129
1 6 2
2 125
1 10 2
62 347
1 8 2
586 287
1 12 2
389 371
1 6 2
29 66
1 15 2
419 644
1 9 2
74 352
1 4 2
438 75
1 6 2
234 39
1 3 2
305 685
1 8 2
112 394
1 8 2
56 226
1 11 2
695 568
1 13 2
505 76
1 13 2
193 127
1 11 2
674 167
1 5 2
229 185
1 7 2
192 344
1 4 2
258 87
1 2 2
406 89
1 15 2
195 486
1 8 2
562 689
1 11 2
175 358
1 13 2
8 680
1 3 2
81 256
1 14 2
576 245
1 14 2
398 209
1 2 2
402 135
1 9 2
642 379
1 4 2
74 224
1 14 2
53 65
1 12 2
310 48
1 6 2
455 502
1 12 2
458 626
1 13 2
359 623
1 15 2
201 666
1 11 2
546 323
1 4 2
571 635
1 12 2
388 227
1 2 2
8 317
1 11 2
202 92
1 4 2
60 621
1 4 2
694 468
1 15 2
148 655
1 2 2
49 493
1 10 2
218 367
1 14 2
302 17
1 5 2
516 571
1 3 2
442 589
1 12 2
73 616
1 9 2
94 396
1 11 2
365 347
1 12 2
445 425
1 11 2
96 267
1 4 2
515 271
1 7 2
385 19
1 6 2
594 558
1 7 2
605 243
1 9 2
387 306
1 6 2
68 547
1 9 2
162 445
1 8 2
452 282
1 8 2
648 102
1 15 2
33 172
1 5 2
337 491
1 12 2
635 693
1 12 2
60 307
1 7 2
284 609
1 3 2
516 226
1 6 2
263 58
1 13 2
29 272
1 13 2
697 90
1 9 2
447 117
1 2 2
91 122
1 10 2
329 351
1 3 2
220 212
1 13 2
144 674
1 4 2
459 441
1 8 2
413 491
1 11 2
360 445
1 4 2
691 627
1 12 2
50 498
1 8 2
316 386
1 2 2
547 288
1 11 2
350 434
1 12 2
289 689
1 4 2
418 251
1 10 2
445 287
1 4 2
321 439
1 11 2
382 110
1 3 2
563 281
1 12 2
539 575
1 3 2
303 242
1 6 2
241 584
1 13 2
110 153
1 14 2
29 557
1 7 2
670 209
1 10 2
77 511
1 15 2
507 337
1 15 2
242 225
1 4 2
338 592
1 6 2
493 574
1 8 2
350 524
1 14 2
622 467
1 6 2
343 678
1 15 2
73 645
1 8 2
610 448
1 2 2
13 328
1 6 2
164 648
1 14 2
175 55
1 11 2
31 148
1 11 2
511 118
1 15 2
141 458
1 9 2
370 332
1 2 2
45 95
1 15 2
149 509
1 12 2
135 211
1 9 2
522 256
1 3 2
662 587
1 7 2
180 362
1 5 2
477 265
1 5 2
139 593
1 7 2
137 10
1 3 2
577 395
1 9 2
598 519
1 9 2
239 348
1 10 2
291 113
1 9 2
282 379
1 5 2
29 576
1 5 2
90 100
1 7 2
661 577
1 11 2
366 245
1 11 2
416 314
1 8 2
627 230
1 13 2
146 366
1 10 2
39 375
1 14 2
632 162
1 7 2
75 631
1 3 2
420 461
1 6 2
31 201
1 3 2
376 514
1 10 2
691 150
1 15 2
161 687
1 13 2
206 35
1 9 2
58 384
1 15 2
281 104
1 6 2
267 687
1 4 2
79 461
1 14 2
203 652
1 7 2
57 234
1 5 2
353 329
1 14 2
666 284
1 5 2
72 152
1 11 2
330 216
1 9 2
538 46
1 8 2
201 162
1 15 2
53 127
1 10 2
36 351
1 2 2
480 679
1 14 2
98 176
1 8 2
163 376
1 13 2
442 420
1 8 2
252 333
1 9 2
289 262
1 12 2
210 618
1 6 2
261 621
1 14 2
124 144
1 7 2
469 220
1 4 2
150 470
1 9 2
91 484
1 12 2
304 29
1 15 2
294 329
1 15 2
609 641
1 10 2
354 221
1 8 2
560 525
1 7 2
660 304
1 5 2
137 607
1 9 2
165 273
1 2 2
222 300
1 2 2
157 252
1 5 2
429 664
1 6 2
305 219
1 8 2
336 104
1 13 2
493 420
1 14 2
502 699
1 10 2
514 454
1 8 2
426 343
1 13 2
191 44
1 11 2
691 130
1 13 2
18 514
1 10 2
218 687
1 5 2
45 301
1 3 2
598 239
1 5 2
520 497
1 9 2
575 460
1 5 2
2 192
1 12 2
363 373
1 15 2
95 306
1 8 2
199 79
1 11 2
660 458
1 10 2
565 161
1 8 2
194 666
1 15 2
327 426
1 8 2
98 27
1 3 2
274 201
1 2 2
59 5
1 12 2
325 414
1 3 2
493 46
1 10 2
375 390
1 4 2
388 342
1 2 2
363 355
1 3 2
71 663
1 5 2
49 170
1 10 2
488 631
1 3 2
304 575
1 15 2
628 276
1 8 2
361 254
1 14 2
462 185
1 4 2
379 361
1 14 2
375 315
1 5 2
545 491
1 7 2
303 131
1 7 2
393 49
1 9 2
121 515
1 12 2
500 49
1 8 2
222 330
1 12 2
461 424
1 5 2
15 170
1 15 2
102 531
1 8 2
623 18
1 2 2
464 286
1 6 2
83 353
1 13 2
149 222
1 7 2
110 282
1 11 2
633 319
1 14 2
550 667
1 13 2
394 682
1 14 2
484 283
1 6 2
29 636
1 6 2
247 584
1 8 2
40 603
1 14 2
597 128
1 12 2
111 374
1 15 2
32 98
1 8 2
497 30
1 6 2
506 64
1 14 2
667 30
1 15 2
137 187
1 15 2
400 328
1 11 2
608 694
1 5 2
252 362
1 4 2
401 451
1 4 2
521 374
1 14 2
21 280
1 11 2
5 106
1 11 2
133 137
1 4 2
214 208
1 4 2
603 671
1 4 2
431 440
1 7 2
287 623
1 15 2
469 162
1 12 2
382 309
1 5 2
191 518
1 10 2
215 265
1 13 2
428 498
1 3 2
638 560
1 9 2
184 224
1 4 2
393 110
1 11 2
214 136
1 3 2
182 190
1 3 2
493 4
1 5 2
201 210
1 12 2
360 401
1 14 2
631 458
1 10 2
630 379
1 8 2
217 532
1 14 2
401 96
1 8 2
185 10
1 12 2
698 246
1 4 2
452 51
1 15 2
581 408
1 11 2
253 414
1 15 2
166 365
1 5 2
235 94
1 5 2
570 556
1 14 2
437 417
1 13 2
249 581
1 2 2
111 18
1 2 2
687 698
1 3 2
663 313
1 11 2
559 515
1 10 2
371 634
1 12 2
356 125
1 13 2
158 530
1 8 2
441 508
1 10 2
421 610
1 15 2
465 181
1 3 2
301 664
1 6 2
494 233
1 15 2
17 526
1 4 2
530 324
1 4 2
643 218
1 9 2
613 409
1 6 2
126 682
1 6 2
511 558
1 13 2
264 248
1 11 2
80 330
1 5 2
152 435
1 11 2
305 563
1 4 2
607 35
1 11 2
190 316
1 4 2
523 176
1 12 2
172 163
1 15 2
113 651
1 5 2
619 179
1 3 2
697 329
1 15 2
89 573
1 9 2
544 574
1 6 2
223 498
1 13 2
404 138
1 7 2
32 147
1 12 2
590 28
1 7 2
533 146
1 11 2
571 317
1 6 2
75 38
1 14 2
184 390
1 5 2
250 192
1 13 2
105 454
1 7 2
670 19
1 14 2
105 628
1 4 2
346 71
1 8 2
200 176
1 13 2
391 509
1 5 2
455 174
1 7 2
659 452
1 2 2
103 581
1 3 2
183 352
1 13 2
617 254
1 12 2
577 269
1 3 2
512 526
1 10 2
282 234
1 6 2
576 662
1 11 2
236 103
1 5 2
471 280
1 12 2
465 329
1 7 2
32 183
1 11 2
48 265
1 3 2
496 5
1 9 2
260 51
1 15 2
406 56
1 5 2
34 67
1 9 2
227 691
1 13 2
304 287
1 8 2
129 451
1 10 2
468 350
1 5 2
405 607
1 3 2
496 38
1 11 2
35 527
1 3 2
10 354
1 4 2
194 476
1 8 2
443 463
1 11 2
527 512
1 7 2
6 634
1 15 2
556 638
1 5 2
594 299
1 10 2
589 86
1 4 2
284 680
1 15 2
224 28
1 2 2
252 525
1 2 2
20 295
1 12 2
6 602
1 2 2
494 228
1 6 2
362 485
1 4 2
574 351
1 13 2
17 411
1 14 2
42 599
1 14 2
539 389
1 8 2
345 303
1 4 2
591 380
1 2 2
363 445
1 4 2
554 304
1 5 2
305 343
1 5 2
205 248
1 2 2
333 43
1 6 2
288 278
1 5 2
518 693
1 9 2
588 180
1 14 2
556 494
1 12 2
537 501
1 8 2
55 435
1 10 2
428 548
1 11 2
531 699
1 2 2
451 647
1 7 2
437 300
1 14 2
3 551
1 10 2
698 347
1 12 2
623 491
1 9 2
579 571
1 11 2
644 494
1 4 2
430 52
1 8 2
166 660
1 4 2
364 599
1 7 2
272 650
1 8 2
483 520
1 5 2
15 380
1 8 2
328 627
1 13 2
387 676
1 3 2
212 352
1 12 2
265 536
1 9 2
294 345
1 9 2
621 83
1 2 2
547 28
1 13 2
28 144
1 6 2
440 575
1 3 2
49 288
1 14 2
472 546
1 10 2
267 265
1 13 2
110 230
1 2 2
26 209
1 5 2
179 263
1 11 2
506 341
1 2 2
227 310
1 15 2
59 167
1 15 2
401 667
1 9 2
194 374
1 2 2
453 375
1 2 2
568 116
1 12 2
447 104
1 13 2
48 131
1 5 2
282 298
1 9 2
465 619
1 3 2
349 96
1 6 2
281 299
1 12 2
403 60
1 4 2
408 647
1 15 2
681 518
1 10 2
169 436
1 10 2
213 293
1 6 2
88 699
1 15 2
5 489
1 10 2
145 92
1 6 2
24 539
1 15 2
673 542
1 10 2
362 74
1 4 2
483 267
1 4 2
671 216
1 12 2
484 9
1 12 2
410 24
1 15 2
54 25
1 8 2
199 297
1 14 2
472 658
1 12 2
514 551
1 3 2
59 606
1 9 2
693 188
1 2 2
179 516
1 10 2
56 249
1 8 2
637 696
1 11 2
337 82
1 15 2
421 364
1 2 2
352 347
1 10 2
9 466
1 14 2
246 280
1 5 2
291 84
1 12 2
585 117
1 13 2
436 409
1 15 2
279 36
1 9 2
164 637
1 8 2
175 90
1 13 2
324 670
1 6 2
613 344
1 2 2
16 619
1 13 2
48 381
1 7 2
452 93
1 3 2
279 672
1 15 2
633 440
1 6 2
73 616
1 9 2
246 489
1 3 2
632 46
1 5 2
208 89
1 14 2
83 310
1 3 2
69 71
1 8 2
663 494
1 4 2
489 165
1 3 2
12 504
1 11 2
131 603
1 4 2
582 282
1 4 2
157 558
1 11 2
505 54
1 6 2
286 165
1 12 2
373 442
1 13 2
33 312
1 2 2
17 26
1 4 2
457 484
1 10 2
196 421
1 14 2
3 37
1 10 2
53 571
1 6 2
499 96
1 8 2
396 130
1 3 2
196 164
1 13 2
481 269
1 5 2
18 522
1 7 2
129 165
1 9 2
293 324
1 15 2
7 689
1 14 2
693 284
1 13 2
486 129
1 8 2
197 550
1 15 2
473 259
1 9 2
631 328
1 2 2
670 429
1 11 2
279 414
1 2 2
683 251
1 2 2
408 57
1 15 2
169 246
1 5 2
645 326
1 11 2
51 244
1 15 2
229 390
1 10 2
244 225
1 5 2
391 54
1 9 2
373 470
1 15 2
385 523
1 2 2
439 626
1 13 2
282 568
1 13 2
529 173
1 7 2
567 213
1 3 2
251 151
1 15 2
623 671
1 4 2
584 386
1 11 2
529 300
1 11 2
80 52
1 9 2
353 248
1 15 2
311 189
1 15 2
353 536
1 12 2
15 435
1 13 2
576 338
1 8 2
25 229
1 8 2
662 549
1 5 2
127 633
1 3 2
518 13
1 7 2
244 283
1 4 2
19 365
1 3 2
496 327
1 4 2
430 459
1 10 2
218 543
1 6 2
245 248
1 9 2
478 307
1 7 2
387 363
1 9 2
90 216
1 7 2
389 192
1 10 2
359 483
1 9 2
523 304
1 15 2
663 407
1 8 2
99 385
1 5 2
299 224
1 10 2
17 479
1 11 2
463 650
1 5 2
29 79
1 12 2
470 97
1 13 2
408 463
1 6 2
601 572
1 3 2
168 130
1 12 2
202 116
1 14 2
483 163
1 8 2
673 398
1 13 2
489 487
1 10 2
669 536
1 4 2
145 585
1 7 2
247 379
1 2 2
403 334
1 3 2
625 92
1 9 2
445 519
1 11 2
32 336
1 3 2
681 254
1 14 2
232 383
1 10 2
281 112
1 9 2
597 617
1 9 2
203 0
1 14 2
218 1
1 8 2
451 203
1 11 2
555 389
1 2 2
254 315
1 3 2
407 54
1 14 2
55 537
1 11 2
668 527
1 4 2
155 216
1 12 2
271 78
1 8 2
82 346
1 14 2
689 192
1 6 2
385 109
1 2 2
662 473
1 10 2
661 142
1 14 2
201 50
1 8 2
409 179
1 15 2
660 352
1 14 2
530 136
1 10 2
147 437
1 14 2
142 599
1 13 2
694 398
1 13 2
365 327
1 8 2
597 286
1 11 2
81 488
1 5 2
178 14
1 13 2
186 87
1 14 2
572 689
1 15 2
117 268
1 13 2
160 640
1 3 2
356 511
1 9 2
202 646
1 14 2
386 348
1 7 2
550 690
1 3 2
68 697
1 5 2
256 495
1 2 2
46 696
1 9 2
187 631
1 10 2
652 659
1 8 2
350 362
1 14 2
463 376
1 3 2
145 228
1 7 2
595 279
1 7 2
512 579
1 5 2
688 73
1 12 2
72 263
1 5 2
15 19
1 15 2
480 686
1 3 2
80 560
1 11 2
174 624
1 12 2
121 6
1 10 2
369 306
1 13 2
274 505
1 13 2
274 24
1 10 2
5 577
1 6 2
263 532
1 7 2
454 696
1 13 2
420 450
1 14 2
484 553
1 8 2
237 597
1 6 2
297 606
1 5 2
671 190
1 11 2
674 586
1 5 2
55 34
1 10 2
55 179
1 7 2
303 561
1 15 2
317 104
1 5 2
678 136
1 8 2
124 651
1 2 2
181 509
1 6 2
13 352
1 2 2
251 66
1 13 2
593 623
1 2 2
261 442
1 10 2
623 227
1 7 2
547 265
1 7 2
613 528
1 4 2
87 655
1 12 2
38 509
1 13 2
379 106
1 4 2
218 404
1 11 2
549 446
1 2 2
631 287
1 14 2
546 566
1 9 2
23 358
1 4 2
629 608
1 7 2
208 493
1 9 2
251 138
1 7 2
254 365
1 15 2
413 50
1 8 2
572 608
1 11 2
16 297
1 14 2
396 285
1 7 2
698 243
1 7 2
683 89
1 3 2
636 557
1 4 2
177 21
1 12 2
575 519
1 4 2
351 238
1 15 2
489 308
1 8 2
275 457
1 13 2
661 695
1 11 2
613 489
1 5 2
331 546
1 4 2
62 71
1 9 2
697 161
1 15 2
463 243
1 11 2
440 502
1 2 2
205 198
1 9 2
71 475
1 3 2
31 452
1 9 2
51 116
1 6 2
144 259
1 10 2
145 414
1 14 2
616 389
1 3 2
198 156
1 12 2
212 88
1 7 2
86 244
1 14 2
638 29
1 6 2
10 382
1 7 2
433 652
1 3 2
442 163
1 11 2
58 202
1 8 2
14 352
1 12 2
143 456
1 11 2
54 14
1 7 2
395 485
1 6 2
100 496
1 6 2
52 683
1 12 2
252 686
1 5 2
439 406
1 4 2
133 110
1 4 2
451 197
1 5 2
274 683
1 13 2
560 520
1 14 2
547 179
1 10 2
592 467
1 15 2
676 574
1 8 2
75 668
1 10 2
234 25
1 15 2
357 219
1 9 2
241 386
1 9 2
137 456
1 7 2
666 541
1 14 2
636 604
1 4 2
488 637
1 13 2
264 274
1 12 2
599 510
1 14 2
390 429
1 7 2
399 562
1 2 2
145 90
1 2 2
523 685
1 10 2
646 555
1 7 2
298 411
1 14 2
257 124
1 13 2
220 512
1 6 2
48 623
1 3 2
592 489
1 7 2
574 274
1 7 2
392 165
1 7 2
356 685
1 11 2
297 596
1 5 2
315 335
1 12 2
199 595
1 10 2
378 74
1 4 2
295 5
1 4 2
35 173
1 12 2
407 47
1 15 2
619 473
1 2 2
273 406
1 15 2
97 112
1 3 2
12 462
1 14 2
611 568
1 10 2
264 536
1 6 2
493 285
1 4 2
610 200
1 13 2
663 184
1 6 2
344 218
1 2 2
199 121
1 8 2
528 161
1 6 2
544 306
1 13 2
417 343
1 12 2
68 426
1 7 2
683 45
1 12 2
29 590
1 6 2
626 525
1 10 2
247 382
1 15 2
330 101
1 14 2
393 180
1 15 2
657 240
1 9 2
659 108
1 2 2
291 678
1 8 2
13 622
1 11 2
517 245
1 9 2
127 445
1 11 2
208 422
1 7 2
134 192
1 7 2
539 171
1 15 2
547 374
1 13 2
265 271
1 10 2
519 586
1 12 2
43 518
1 5 2
12 136
1 9 2
588 240
1 7 2
206 606
1 15 2
87 481
1 6 2
413 207
1 10 2
162 196
1 11 2
677 533
1 8 2
589 639
1 15 2
355 133
1 2 2
468 35
1 2 2
52 284
1 2 2
627 560
1 6 2
419 343
1 11 2
282 78
1 13 2
410 373
1 13 2
626 421
1 14 2
549 389
1 8 2
407 535
1 5 2
343 539
1 13 2
347 136
1 12 2
682 657
1 12 2
678 131
1 8 2
373 384
1 5 2
447 570
1 15 2
403 274
1 4 2
595 518
1 8 2
308 336
1 5 2
443 312
1 3 2
42 411
1 14 2
423 211
1 11 2
351 165
1 8 2
359 102
1 15 2
145 436
1 2 2
257 243
1 3 2
554 360
1 8 2
190 117
1 7 2
438 417
1 10 2
428 255
1 9 2
32 651
1 8 2
115 20
1 9 2
11 506
1 4 2
437 599
1 10 2
237 341
1 5 2
311 85
1 4 2
17 119
1 15 2
512 396
1 14 2
269 571
1 4 2
307 259
1 13 2
287 348
1 2 2
568 637
1 6 2
440 410
1 9 2
33 87
1 4 2
611 241
1 15 2
45 375
1 3 2
8 596
1 15 2
604 374
1 12 2
62 685
1 3 2
114 532
1 2 2
463 265
1 7 2
527 74
1 6 2
39 619
1 14 2
149 575
1 3 2
286 250
1 8 2
4 374
1 9 2
75 600
1 9 2
589 585
1 4 2
527 12
1 10 2
291 428
1 9 2
343 303
1 10 2
388 612
1 2 2
493 655
1 13 2
363 341
1 15 2
95 269
1 10 2
677 683
1 15 2
469 405
1 5 2
31 445
1 12 2
279 317
1 13 2
473 85
1 13 2
0 262
1 2 2
25 304
1 15 2
465 602
1 8 2
633 295
1 12 2
267 615
1 7 2
329 147
1 9 2
108 562
1 3 2
616 525
1 15 2
187 659
1 11 2
195 407
1 5 2
413 525
1 3 2
109 527
1 12 2
640 641
1 14 2
364 589
1 7 2
332 656
1 13 2
572 460
1 5 2
406 279
1 5 2
466 489
1 2 2
326 559
1 8 2
199 306
1 4 2
696 192
1 3 2
365 357
1 12 2
180 552
1 11 2
353 289
1 2 2
300 26
1 15 2
470 89
1 3 2
106 49
1 5 2
475 179
1 4 2
496 434
1 9 2
305 374
1 6 2
143 125
1 12 2
118 132
1 8 2
414 258
1 2 2
39 305
1 7 2
49 680
1 9 2
155 592
1 15 2
402 654
1 14 2
193 307
1 14 2
696 516
1 10 2
44 43
1 6 2
236 387
1 7 2
36 50
1 9 2
355 48
1 4 2
234 204
1 15 2
480 90
1 14 2
657 287
1 8 2
410 233
1 9 2
528 676
1 2 2
597 479
1 2 2
309 285
1 14 2
79 184
1 10 2
212 654
1 5 2
111 653
1 8 2
541 425
1 3 2
647 91
1 3 2
423 194
1 15 2
681 114
1 3 2
526 470
1 7 2
151 644
1 13 2
636 476
1 12 2
367 630
1 4 2
307 311
1 8 2
302 63
1 10 2
139 12
1 10 2
383 166
1 3 2
563 427
1 14 2
375 69
1 4 2
695 301
1 10 2
673 259
1 7 2
545 283
1 13 2
133 487
1 4 2
535 529
1 3 2
273 478
1 10 2
578 296
1 12 2
443 178
1 3 2
475 502
1 7 2
123 258
1 5 2
418 134
1 3 2
120 40
1 9 2
296 437
1 6 2
137 437
1 15 2
196 308
1 12 2
430 102
1 12 2
692 232
1 7 2
61 502
1 14 2
131 341
1 14 2
19 185
1 10 2
107 406
1 3 2
133 314
1 4 2
401 38
1 14 2
207 129
1 12 2
620 418
1 15 2
418 325
1 12 2
400 442
1 2 2
534 33
1 13 2
580 660
1 8 2
124 551
1 9 2
683 459
1 9 2
182 366
1 13 2
351 323
1 6 2
122 172
1 14 2
663 483
1 6 2
553 244
1 3 2
698 321
1 3 2
592 108
1 3 2
559 336
1 15 2
208 666
1 13 2
492 585
1 9 2
455 537
1 14 2
79 70
1 10 2
115 210
1 2 2
454 365
1 10 2
367 362
1 5 2
499 496
1 12 2
4 271
1 6 2
30 494
1 9 2
430 658
1 13 2
225 313
1 2 2
443 412
1 4 2
659 302
1 15 2
631 361
1 12 2
627 19
1 9 2
237 639
1 8 2
301 577
1 5 2
94 374
1 11 2
487 143
1 2 2
104 256
1 13 2
15 140
1 7 2
37 614
1 15 2
444 243
1 2 2
117 567
1 2 2
591 30
1 9 2
45 472
1 14 2
190 27
1 7 2
690 264
1 8 2
599 314
1 9 2
697 492
1 11 2
161 378
1 12 2
53 554
1 11 2
202 110
1 8 2
122 184
1 4 2
226 657
1 6 2
314 696
1 14 2
217 173
1 2 2
132 518
1 12 2
410 11
1 14 2
525 293
1 9 2
244 220
1 6 2
260 448
1 10 2
262 85
1 11 2
99 387
1 7 2
20 648
1 6 2
397 87
1 7 2
129 336
1 9 2
441 473
1 14 2
535 69
1 6 2
87 276
1 10 2
18 374
1 3 2
52 79
1 15 2
693 12
1 3 2
106 373
1 12 2
505 434
1 4 2
258 89
1 13 2
515 600
1 10 2
67 468
1 5 2
366 526
1 15 2
3 656
1 5 2
513 480
1 7 2
204 81
1 5 2
537 646
1 8 2
371 177
1 7 2
480 344
1 11 2
468 328
1 6 2
397 326
1 9 2
613 559
1 14 2
284 596
1 15 2
170 182
1 9 2
549 504
1 13 2
188 190
1 6 2
237 21
1 3 2
506 471
1 2 2
614 24
1 13 2
144 117
1 5 2
595 90
1 12 2
237 674
1 9 2
51 392
1 6 2
101 282
1 7 2
174 184
1 4 2
657 485
1 3 2
502 478
1 9 2
611 109
1 8 2
409 106
1 3 2
541 454
1 2 2
192 651
1 13 2
549 529
1 8 2
217 59
1 11 2
647 41
1 10 2
295 427
1 3 2
212 649
1 7 2
466 28
1 4 2
520 66
1 12 2
91 216
1 9 2
139 219
1 15 2
518 87
1 11 2
683 340
1 14 2
398 309
1 14 2
668 452
1 5 2
200 202
1 13 2
411 4
1 12 2
483 278
1 15 2
604 517
1 6 2
250 198
1 8 2
611 182
1 3 2
7 82
1 12 2
111 592
1 3 2
568 311
1 11 2
632 120
1 6 2
131 599
1 7 2
600 686
1 4 2
588 295
1 6 2
79 219
1 13 2
505 423
1 14 2
476 387
1 11 2
350 253
1 14 2
146 642
1 3 2
567 319
1 5 2
45 231
1 4 2
612 435
1 8 2
334 255
1 6 2
292 286
1 10 2
151 472
1 10 2
676 537
1 6 2
607 20
1 4 2
699 256
1 5 2
331 185
1 5 2
310 565
1 3 2
201 127
1 13 2
242 345
1 8 2
227 524
1 4 2
236 378
1 13 2
110 444
1 11 2
123 296
1 2 2
117 402
1 7 2
346 295
1 13 2
220 593
1 14 2
168 616
1 7 2
650 203
1 5 2
249 299
1 4 2
162 651
1 7 2
231 256
1 14 2
677 131
1 6 2
52 184
1 15 2
212 42
1 5 2
70 349
1 9 2
59 546
1 12 2
632 7
1 5 2
638 81
1 3 2
245 494
1 5 2
398 256
1 5 2
112 153
1 15 2
397 580
1 8 2
554 89
1 3 2
1 648
1 13 2
106 193
1 6 2
139 220
1 5 2
683 360
1 15 2
505 185
1 2 2
467 494
1 11 2
601 140
1 14 2
543 634
1 11 2
258 414
1 3 2
137 411
1 13 2
18 625
1 11 2
36 99
1 3 2
212 648
1 4 2
245 422
1 7 2
298 612
1 11 2
120 458
1 3 2
265 248
1 12 2
584 236
1 13 2
107 32
1 14 2
36 404
1 4 2
335 14
1 12 2
575 522
1 9 2
20 314
1 6 2
696 642
1 8 2
223 463
1 5 2
326 205
1 2 2
351 216
1 3 2
144 494
1 10 2
537 108
1 6 2
536 40
1 5 2
568 592
1 10 2
272 312
1 2 2
498 618
1 10 2
270 525
1 11 2
465 671
1 14 2
132 417
1 11 2
412 216
1 11 2
51 215
1 9 2
573 587
1 12 2
506 462
1 15 2
420 525
1 9 2
542 38
1 6 2
586 45
1 11 2
465 558
1 3 2
52 472
1 12 2
85 682
1 14 2
37 387
1 8 2
261 85
1 4 2
435 298
1 14 2
471 212
1 10 2
637 171
1 8 2
641 513
1 9 2
487 579
1 12 2
561 619
1 2 2
414 143
1 10 2
259 418
1 15 2
521 75
1 2 2
527 615
1 5 2
253 667
1 11 2
439 213
1 8 2
51 675
1 2 2
187 525
1 4 2
480 15
1 2 2
61 486
1 8 2
408 351
1 13 2
291 117
1 12 2
189 494
1 10 2
276 330
1 13 2
75 135
1 14 2
335 593
1 13 2
361 657
1 15 2
12 404
1 8 2
22 121
1 14 2
542 437
1 13 2
241 579
1 10 2
227 618
1 8 2
376 63
1 11 2
538 556
1 13 2
598 421
1 14 2
109 564
1 14 2
589 587
1 4 2
61 197
1 11 2
15 265
1 15 2
345 553
1 8 2
342 561
1 9 2
132 301
1 2 2
222 362
1 6 2
699 636
1 11 2
114 128
1 2 2
504 124
1 2 2
555 186
1 7 2
95 589
1 10 2
410 325
1 10 2
583 66
1 2 2
440 103
1 15 2
526 286
1 2 2
327 229
1 11 2
346 42
1 6 2
144 518
1 11 2
335 556
1 2 2
239 638
1 5 2
410 479
1 9 2
215 85
1 2 2
465 369
1 15 2
440 105
1 11 2
329 221
1 9 2
79 43
1 2 2
498 424
1 7 2
275 186
1 13 2
491 411
1 3 2
7 360
1 13 2
361 487
1 13 2
656 568
1 14 2
37 151
1 3 2
134 100
1 12 2
49 433
1 10 2
566 476
1 8 2
96 261
1 2 2
319 398
1 11 2
389 633
1 4 2
7 268
1 9 2
161 676
1 8 2
0 74
1 11 2
585 688
1 2 2
9 521
1 14 2
230 223
1 9 2
95 412
1 5 2
649 671
1 15 2
331 439
1 9 2
375 224
1 4 2
447 266
1 2 2
459 148
1 15 2
226 428
1 12 2
271 522
1 6 2
108 132
1 2 2
487 493
1 9 2
516 224
1 5 2
145 562
1 7 2
54 585
1 6 2
206 71
1 6 2
477 480
1 12 2
116 559
1 15 2
481 438
1 2 2
684 281
1 5 2
409 430
1 9 2
536 198
1 12 2
102 429
1 11 2
120 374
1 10 2
588 119
1 5 2
455 530
1 13 2
353 176
1 2 2
209 498
1 11 2
533 670
1 13 2
132 259
1 9 2
24 578
1 9 2
241 43
1 4 2
558 539
1 8 2
114 310
1 14 2
355 527
1 8 2
473 85
1 14 2
263 157
1 2 2
696 279
1 7 2
97 504
1 8 2
435 583
1 14 2
306 690
1 11 2
459 227
1 15 2
43 151
1 14 2
674 499
1 15 2
596 610
1 11 2
688 509
1 6 2
164 314
1 3 2
459 57
1 9 2
394 78
1 5 2
207 227
1 2 2
315 458
1 6 2
371 104
1 14 2
186 610
1 10 2
243 547
1 12 2
271 117
1 13 2
387 608
1 7 2
345 664
1 3 2
242 626
1 2 2
559 488
1 8 2
409 184
1 12 2
422 69
1 7 2
591 194
1 7 2
598 390
1 4 2
520 203
1 11 2
187 338
1 15 2
690 6
1 3 2
456 127
1 8 2
203 364
1 10 2
341 357
1 5 2
384 240
1 5 2
632 491
1 11 2
253 96
1 3 2
413 16
1 4 2
500 112
1 8 2
472 110
1 15 2
373 495
1 2 2
627 364
1 2 2
7 326
1 10 2
179 22
1 7 2
695 451
1 10 2
201 92
1 8 2
31 624
1 10 2
281 176
1 7 2
109 394
1 9 2
639 323
1 13 2
564 413
1 7 2
300 591
1 2 2
337 186
1 11 2
397 647
1 13 2
603 14
1 15 2
502 342
1 3 2
562 155
1 7 2
410 365
1 5 2
257 175
1 11 2
687 252
1 10 2
176 522
1 15 2
495 651
1 5 2
471 308
1 5 2
544 633
1 14 2
77 495
1 3 2
540 298
1 14 2
588 403
1 14 2
445 30
1 6 2
48 65
1 13 2
354 481
1 15 2
71 96
1 6 2
30 503
1 11 2
536 306
1 3 2
256 516
1 12 2
542 686
1 6 2
204 698
1 7 2
378 434
1 14 2
141 688
1 10 2
322 491
1 14 2
73 220
1 5 2
151 442
1 4 2
655 165
1 15 2
52 604
1 15 2
147 319
1 5 2
169 75
1 2 2
540 155
1 14 2
585 509
1 11 2
558 604
1 4 2
594 556
1 9 2
585 565
1 13 2
577 469
1 14 2
508 178
1 5 2
454 675
1 11 2
252 299
1 15 2
216 371
1 15 2
649 19
1 2 2
666 85
1 2 2
633 83
1 2 2
9 404
1 12 2
311 419
1 5 2
240 661
1 8 2
108 387
1 6 2
517 624
1 11 2
336 543
1 14 2
512 23
1 10 2
170 31
1 6 2
528 184
1 13 2
691 642
1 7 2
423 619
1 10 2
676 287
1 10 2
388 184
1 8 2
522 30
1 11 2
473 126
1 6 2
556 177
1 15 2
627 206
1 8 2
67 495
1 2 2
694 360
1 13 2
447 48
1 7 2
475 596
1 10 2
224 694
1 9 2
482 613
1 9 2
528 263
1 15 2
477 458
1 7 2
335 531
1 2 2
212 160
1 4 2
287 685
1 10 2
507 240
1 14 2
256 481
1 3 2
436 227
1 2 2
324 221
1 13 2
191 307
1 10 2
615 618
1 3 2
159 55
1 2 2
210 47
1 14 2
159 264
1 10 2
441 476
1 14 2
227 296
1 6 2
119 352
1 15 2
683 177
1 13 2
629 372
1 5 2
684 190
1 9 2
15 534
1 10 2
177 365
1 8 2
237 587
1 3 2
554 642
1 2 2
71 671
1 15 2
26 488
1 5 2
300 286
1 14 2
223 475
1 13 2
571 474
1 7 2
588 131
1 3 2
397 693
1 7 2
404 151
1 14 2
254 482
1 3 2
165 74
1 12 2
14 21
1 11 2
665 206
1 15 2
544 205
1 15 2
62 96
1 2 2
236 201
1 4 2
436 635
1 5 2
676 562
1 3 2
328 630
1 14 2
324 8
1 2 2
110 88
1 14 2
624 129
1 7 2
173 214
1 10 2
118 287
1 8 2
584 410
1 6 2
646 502
1 10 2
378 296
1 15 2
269 380
1 10 2
79 476
1 5 2
603 503
1 2 2
224 369
1 14 2
95 24
1 2 2
452 153
1 9 2
155 388
1 12 2
441 410
1 11 2
308 405
1 6 2
148 283
1 13 2
122 494
1 5 2
128 503
1 10 2
573 485
1 2 2
571 378
1 8 2
530 433
1 10 2
680 535
1 13 2
343 224
1 9 2
14 317
1 2 2
264 650
1 11 2
107 527
1 11 2
644 389
1 6 2
616 394
1 12 2
251 385
1 12 2
188 72
1 5 2
588 2
1 15 2
435 158
1 13 2
290 185
1 14 2
668 445
1 3 2
605 590
1 4 2
618 675
1 15 2
237 513
1 13 2
601 165
1 8 2
31 230
1 3 2
161 226
1 14 2
35 17
1 3 2
359 435
1 4 2
98 141
1 2 2
602 599
1 15 2
317 526
1 2 2
56 426
1 13 2
488 402
1 4 2
209 183
1 13 2
15 212
1 9 2
145 402
1 13 2
38 206
1 3 2
185 289
1 8 2
129 660
1 5 2
86 306
1 10 2
588 477
1 5 2
573 517
1 10 2
639 155
1 2 2
576 684
1 9 2
388 528
1 6 2
588 412
1 10 2
326 551
1 12 2
156 417
1 11 2
386 109
1 9 2
698 164
1 13 2
263 208
1 12 2
403 587
1 3 2
548 451
1 15 2
162 673
1 3 2
607 575
1 6 2
612 665
1 5 2
689 683
1 2 2
33 154
1 6 2
273 469
1 12 2
582 497
1 11 2
310 569
1 4 2
305 437
1 15 2
68 355
1 12 2
232 407
1 12 2
145 5
1 14 2
404 459
1 10 2
315 509
1 3 2
386 349
1 9 2
105 325
1 15 2
567 484
1 6 2
527 588
1 12 2
411 619
1 8 2
579 242
1 12 2
162 118
1 13 2
538 509
1 12 2
379 568
1 3 2
339 533
1 10 2
452 410
1 12 2
478 25
1 2 2
91 536
1 2 2
84 635
1 4 2
28 101
1 14 2
70 199
1 6 2
393 444
1 14 2
458 474
1 4 2
278 358
1 13 2
530 239
1 12 2
645 106
1 5 2
392 163
1 8 2
380 335
1 12 2
401 257
1 4 2
418 674
1 14 2
426 154
1 6 2
135 654
1 5 2
285 132
1 5 2
666 331
1 7 2
183 304
1 15 2
497 663
1 10 2
112 166
1 7 2
205 674
1 9 2
160 384
1 3 2
498 639
1 3 2
482 447
1 7 2
464 467
1 8 2
320 294
1 13 2
619 440
1 3 2
437 180
1 12 2
176 100
1 12 2
7 434
1 12 2
270 402
1 12 2
524 375
1 5 2
1 259
1 12 2
189 268
1 7 2
431 245
1 8 2
631 298
1 12 2
119 20
1 9 2
379 128
1 4 2
462 492
1 13 2
615 203
1 13 2
540 601
1 4 2
458 491
1 7 2
556 317
1 7 2
364 270
1 8 2
435 278
1 14 2
568 316
1 6 2
523 210
1 2 2
432 39
1 2 2
452 267
1 9 2
97 633
1 6 2
43 142
1 7 2
439 691
1 15 2
152 185
1 4 2
395 542
1 8 2
634 39
1 10 2
526 258
1 15 2
47 385
1 14 2
468 188
1 8 2
28 152
1 2 2
505 24
1 8 2
232 302
1 8 2
223 294
1 6 2
607 593
1 13 2
569 429
1 4 2
310 33
1 11 2
303 414
1 6 2
571 357
1 10 2
137 157
1 10 2
189 30
1 4 2
477 654
1 6 2
611 268
1 3 2
622 450
1 2 2
612 100
1 13 2
203 462
1 2 2
568 694
1 15 2
321 660
1 2 2
63 443
1 2 2
684 327
1 7 2
652 445
1 8 2
569 586
1 5 2
626 214
1 8 2
655 302
1 8 2
690 209
1 4 2
61 483
1 13 2
449 330
1 11 2
429 2
1 9 2
56 349
1 12 2
523 162
1 10 2
16 509
1 10 2
6 549
1 11 2
562 93
1 6 2
29 404
