700 5600 2100
16 18 23 9 25 6 16 23 15 23 5 21 5 8 23 5 16 11 14 25 13 20 16 9 8 9 15 14 16 8 6 17 25 24 10 13 9 17 5 22 17 15 19 19 16 7 5 13 21 24 6 10 24 5 14 6 17 24 20 7 25 20 12 22 25 8 11 17 15 20 6 9 14 7 9 19 13 20 24 8 12 6 20 6 21 16 14 13 14 18 15 21 8 6 16 16 10 9 10 16 7 25 18 10 16 14 12 25 12 9 10 18 24 21 25 22 12 22 20 22 20 17 22 9 23 8 15 7 23 14 15 13 12 18 21 25 14 18 7 12 13 21 16 22 22 23 17 17 10 11 24 18 17 21 12 18 10 19 24 16 12 13 8 9 18 9 11 11 13 17 8 17 8 12 11 12 20 24 13 24 20 8 7 14 14 9 16 14 6 17 18 16 7 15 9 17 16 21 15 18 21 9 24 16 11 10 15 15 18 22 5 10 10 22 5 21 18 13 20 18 12 7 21 13 12 7 16 16 20 19 17 25 13 7 25 8 24 14 6 6 6 13 20 13 22 9 11 15 25 19 25 14 6 5 11 17 15 23 23 22 6 21 11 6 13 22 12 22 6 11 11 6 10 24 25 20 19 14 12 9 13 24 22 15 8 13 18 17 9 20 8 22 21 15 25 11 22 18 10 14 9 23 21 8 10 8 11 12 5 10 20 10 12 22 23 18 6 22 9 20 19 18 20 13 10 13 11 16 5 8 19 11 19 16 14 18 17 17 23 12 17 14 18 25 25 10 12 22 7 25 7 13 5 24 22 24 15 19 7 15 20 17 5 12 13 12 11 8 22 22 20 10 10 8 8 16 18 17 16 12 13 5 22 22 12 9 17 5 15 5 5 6 23 23 5 5 25 20 24 16 9 23 22 17 14 8 10 9 13 9 25 13 18 9 7 20 19 24 17 15 13 23 15 16 24 17 9 24 20 23 17 25 23 12 21 22 19 25 14 11 18 22 22 22 25 13 13 7 19 20 21 20 5 11 20 5 12 17 18 17 10 19 16 22 22 17 24 24 20 6 24 8 15 11 14 9 21 13 18 18 22 24 24 21 16 18 13 9 19 19 23 21 14 12 9 13 15 19 12 24 14 23 14 18 5 25 16 19 22 15 7 7 7 22 16 16 11 8 12 5 13 25 25 10 11 17 11 5 13 25 10 24 6 10 23 24 15 20 19 21 11 5 24 6 23 15 7 19 12 7 21 23 5 5 15 13 8 17 20 11 7 13 5 12 22 24 25 25 18 19 22 8 25 6 8 17 19 11 16 19 11 13 25 20 17 12 12 23 9 6 6 15 9 12 5 15 16 8 11 12 25 23 24 15 15 20 19 16 16 5 25 22 14 20 19 20 24 25 7 5 11 12 7 7 24 5 5 21 22 25 12 10 11 8 13 10 6 13 9 16 25 15 7 23 17 10 10 16 5 25 7 21 14 25 15 5 9 10 9 19 7 7 20 23 17 22 11 18 16 8 24 23 24 21 8 13 12 11 15 21 22 18 21 20 14 7 17 12 20 6 23 9 17 21 12 25 24 13 21 9
3 16 4 19 8 18 7 9 19 15 6 11 3 13 9 10 14 15 4 6 3 9 4 9 6 19 18 19 5 12 3 9 15 17 11 13 5 4 15 8 7 3 12 7 19 13 18 16 14 18 17 19 13 9 15 17 3 3 13 8 18 15 12 20 6 10 9 8 6 19 19 3 5 10 11 6 14 4 12 11 3 20 20 11 20 7 14 3 8 13 17 20 8 16 17 19 6 8 9 10 3 13 18 15 15 8 3 14 10 4 16 18 16 8 8 20 8 4 12 9 14 20 17 3 18 9 16 8 19 4 13 13 10 11 5 12 15 19 18 10 12 17 16 15 20 3 15 16 15 12 15 20 17 15 7 18 14 13 7 18 8 8 12 4 16 4 9 20 18 20 8 19 5 9 12 8 18 7 16 15 10 19 7 19 4 6 8 7 5 15 17 12 11 5 9 10 16 7 13 5 5 17 17 13 13 12 5 6 8 15 14 11 11 11 7 15 19 7 13 4 10 11 17 5 19 4 7 9 10 20 3 10 9 9 10 13 13 20 17 11 15 3 4 9 4 12 18 12 10 13 16 4 10 10 5 8 19 12 14 19 7 6 5 20 14 7 11 4 5 19 15 19 6 6 5 18 18 15 8 12 10 7 15 18 12 18 19 14 7 18 16 16 17 3 9 4 11 16 20 10 7 15 13 5 5 16 3 14 17 20 18 19 19 18 9 16 7 16 12 18 15 14 5 6 12 20 12 3 17 18 5 11 6 3 14 15 19 14 18 19 11 4 13 3 6 9 11 13 5 5 13 8 8 4 20 11 8 6 12 16 18 18 12 5 5 11 19 8 18 10 11 7 12 17 12 16 18 5 18 5 8 13 6 18 15 9 13 15 11 5 13 17 19 20 17 8 7 11 4 19 4 18 10 16 15 5 4 13 11 17 17 17 10 13 4 14 20 20 19 7 16 3 3 6 13 10 8 10 12 20 7 8 10 11 10 4 17 20 15 20 20 4 20 15 18 9 10 7 14 17 13 15 13 4 16 3 13 9 19 14 10 9 6 9 12 8 5 12 18 3 7 6 14 16 6 6 20 5 19 14 17 10 9 7 16 11 18 6 6 4 19 4 13 19 12 17 12 8 18 8 19 3 7 11 17 4 13 8 3 5 10 19 4 12 15 13 18 13 15 14 11 5 14 9 19 7 9 13 18 12 16 19 9 3 15 7 14 3 6 15 8 12 9 9 4 8 4 16 13 10 5 16 6 10 4 7 16 10 5 20 15 6 6 4 7 14 12 13 15 6 5 13 6 9 4 8 10 5 4 4 8 12 16 10 20 19 17 3 14 13 10 18 12 6 12 7 8 4 14 3 5 6 6 12 17 8 16 18 16 5 13 5 7 18 13 16 17 4 11 13 4 8 4 5 20 18 20 10 18 7 10 3 13 12 3 8 15 4 14 20 20 17 16 6 9 10 9 16 14 3 18 17 16 20 14 14 14 7 11 14 8 19 18 4 16 19 11 17 12 8 13 8 19 9 17 6 17 12 7 10 5 5 10 9 12 9 7 4 3 9 10 9 19 15 8 13 6 11 16 10
1 5 2
416 414
1 7 2
646 369
1 11 2
375 67
1 9 2
514 368
1 4 2
243 476
1 4 2
671 670
1 8 2
551 212
1 3 2
37 437
1 8 2
79 463
1 5 2
235 101
1 6 2
11 267
1 7 2
361 267
1 4 2
393 343
1 10 2
299 464
1 10 2
526 487
1 12 2
15 56
1 3 2
91 402
1 7 2
445 615
1 3 2
393 567
1 6 2
163 116
1 2 2
131 113
1 8 2
601 237
1 6 2
292 484
1 13 2
443 337
1 5 2
575 653
1 12 2
637 568
1 12 2
222 24
1 10 2
581 673
1 13 2
29 177
1 9 2
605 28
1 10 2
212 661
1 11 2
114 355
1 6 2
512 412
1 5 2
176 196
1 14 2
463 300
1 10 2
669 198
1 14 2
204 556
1 7 2
468 411
1 6 2
409 370
1 6 2
225 440
1 6 2
548 438
1 5 2
510 453
1 13 2
369 476
1 12 2
686 518
1 2 2
551 81
1 7 2
33 465
1 4 2
10 581
1 11 2
46 387
1 12 2
593 284
1 3 2
54 339
1 8 2
644 647
1 12 2
646 258
1 9 2
439 653
1 9 2
551 231
1 8 2
473 552
1 13 2
165 683
1 9 2
430 89
1 10 2
472 332
1 11 2
190 358
1 6 2
15 94
1 5 2
561 119
1 8 2
507 642
1 10 2
527 516
1 7 2
190 13
1 11 2
247 535
1 8 2
261 455
1 12 2
38 64
1 11 2
421 293
1 15 2
614 177
1 10 2
571 696
1 2 2
498 530
1 11 2
503 229
1 2 2
654 91
1 7 2
299 41
1 6 2
193 673
1 7 2
25 104
1 10 2
104 116
1 15 2
119 262
1 11 2
624 189
1 13 2
594 469
1 10 2
518 457
1 11 2
630 583
1 10 2
136 358
1 4 2
645 217
1 12 2
7 602
1 3 2
134 43
1 12 2
145 103
1 15 2
253 501
1 10 2
448 424
1 12 2
405 106
1 2 2
287 321
1 4 2
400 174
1 15 2
686 163
1 13 2
514 462
1 8 2
380 311
1 15 2
561 368
1 12 2
260 270
1 4 2
68 461
1 11 2
519 418
1 7 2
537 400
1 5 2
157 8
1 14 2
699 98
1 12 2
7 610
1 12 2
85 102
1 5 2
461 260
1 7 2
631 548
1 10 2
201 469
1 5 2
15 679
1 3 2
510 605
1 14 2
386 275
1 6 2
76 35
1 10 2
437 47
1 4 2
628 330
1 15 2
167 445
1 13 2
298 437
1 8 2
489 259
1 3 2
619 180
1 12 2
83 62
1 11 2
234 193
1 14 2
351 238
1 3 2
612 327
1 8 2
324 6
1 12 2
147 10
1 13 2
83 414
1 14 2
548 85
1 7 2
654 38
1 12 2
251 507
1 8 2
48 561
1 3 2
418 140
1 5 2
183 510
1 12 2
500 630
1 8 2
107 593
1 13 2
674 303
1 14 2
164 195
1 13 2
639 664
1 2 2
612 18
1 11 2
10 620
1 12 2
24 592
1 10 2
534 82
1 13 2
598 339
1 8 2
103 136
1 3 2
226 332
1 2 2
141 408
1 4 2
599 193
1 12 2
274 2
1 5 2
608 326
1 11 2
623 410
1 5 2
162 122
1 10 2
566 152
1 13 2
495 425
1 10 2
699 678
1 6 2
0 632
1 3 2
673 65
1 6 2
517 674
1 8 2
371 129
1 7 2
246 224
1 15 2
640 562
1 14 2
626 263
1 10 2
229 191
1 4 2
519 632
1 9 2
475 352
1 10 2
623 169
1 3 2
102 29
1 14 2
122 136
1 4 2
643 35
1 3 2
438 202
1 7 2
540 278
1 2 2
524 243
1 10 2
269 447
1 3 2
34 681
1 10 2
223 635
1 3 2
373 469
1 11 2
336 314
1 2 2
149 381
1 12 2
287 672
1 5 2
284 538
1 4 2
199 181
1 8 2
510 311
1 9 2
380 192
1 13 2
507 549
1 9 2
346 690
1 15 2
481 354
1 4 2
237 420
1 4 2
408 306
1 10 2
453 662
1 12 2
688 14
1 10 2
199 91
1 5 2
335 297
1 10 2
396 344
1 7 2
136 424
1 10 2
501 260
1 9 2
400 502
1 12 2
664 390
1 10 2
108 304
1 5 2
6 212
1 13 2
658 393
1 11 2
415 503
1 15 2
662 85
1 10 2
694 543
1 2 2
189 56
1 15 2
447 680
1 9 2
218 135
1 8 2
512 191
1 15 2
386 524
1 15 2
237 505
1 7 2
385 292
1 8 2
143 81
1 12 2
308 697
1 15 2
310 301
1 2 2
429 453
1 5 2
259 510
1 10 2
269 499
1 2 2
390 50
1 9 2
231 321
1 7 2
496 530
1 6 2
521 342
1 11 2
686 80
1 6 2
299 458
1 3 2
142 545
1 6 2
116 137
1 5 2
6 45
1 5 2
698 5
1 5 2
564 376
1 2 2
8 467
1 9 2
202 625
1 6 2
96 287
1 14 2
637 157
1 9 2
388 211
1 12 2
416 120
1 3 2
273 530
1 4 2
416 688
1 9 2
190 234
1 9 2
249 606
1 5 2
387 684
1 9 2
628 189
1 6 2
492 479
1 6 2
315 279
1 14 2
251 675
1 3 2
633 542
1 2 2
11 288
1 12 2
691 171
1 13 2
73 227
1 2 2
207 327
1 6 2
147 156
1 10 2
682 169
1 15 2
666 352
1 5 2
508 119
1 7 2
587 466
1 6 2
144 692
1 12 2
62 305
1 11 2
501 34
1 9 2
511 372
1 8 2
10 255
1 9 2
650 135
1 13 2
279 182
1 15 2
35 569
1 5 2
214 481
1 14 2
120 625
1 14 2
235 486
1 13 2
353 463
1 12 2
318 465
1 11 2
364 296
1 8 2
232 436
1 9 2
435 356
1 5 2
557 426
1 9 2
152 172
1 2 2
180 652
1 15 2
617 544
1 11 2
9 673
1 12 2
221 272
1 11 2
215 660
1 2 2
524 615
1 3 2
29 346
1 2 2
563 564
1 13 2
60 394
1 11 2
449 166
1 2 2
591 462
1 5 2
33 534
1 10 2
691 554
1 6 2
156 292
1 14 2
91 231
1 2 2
230 588
1 9 2
629 133
1 2 2
358 161
1 10 2
531 594
1 9 2
645 235
1 13 2
457 295
1 12 2
59 529
1 10 2
582 430
1 2 2
541 586
1 13 2
80 420
1 15 2
542 102
1 6 2
210 314
1 13 2
47 538
1 6 2
546 228
1 9 2
425 92
1 2 2
462 494
1 8 2
431 57
1 2 2
643 320
1 7 2
202 576
1 10 2
91 21
1 15 2
687 1
1 10 2
3 417
1 14 2
660 697
1 4 2
52 314
1 13 2
382 514
1 4 2
275 136
1 12 2
649 380
1 15 2
677 340
1 13 2
693 250
1 11 2
208 653
1 10 2
205 212
1 10 2
398 609
1 10 2
65 696
1 14 2
510 226
1 5 2
382 602
1 2 2
203 445
1 12 2
321 384
1 14 2
603 446
1 11 2
259 142
1 15 2
22 555
1 2 2
254 655
1 11 2
343 377
1 9 2
533 484
1 13 2
587 75
1 10 2
349 295
1 6 2
592 186
1 10 2
542 183
1 2 2
555 569
1 2 2
222 245
1 5 2
172 414
1 4 2
119 399
1 13 2
323 128
1 6 2
469 638
1 6 2
332 599
1 2 2
82 414
1 10 2
399 105
1 12 2
508 606
1 3 2
529 462
1 13 2
420 531
1 10 2
544 636
1 14 2
254 655
1 14 2
291 614
1 10 2
210 557
1 15 2
413 537
1 5 2
621 518
1 12 2
55 255
1 9 2
279 471
1 14 2
115 193
1 3 2
311 445
1 11 2
23 8
1 11 2
125 468
1 2 2
31 114
1 5 2
101 205
1 5 2
186 425
1 3 2
328 398
1 4 2
681 604
1 2 2
302 218
1 3 2
297 419
1 10 2
697 634
1 15 2
397 448
1 10 2
609 76
1 5 2
53 645
1 2 2
535 83
1 3 2
115 95
1 2 2
498 583
1 15 2
235 1
1 2 2
277 571
1 6 2
444 34
1 13 2
148 17
1 8 2
71 362
1 12 2
542 647
1 7 2
257 36
1 2 2
387 464
1 13 2
584 505
1 15 2
465 552
1 14 2
88 521
1 9 2
37 543
1 8 2
121 276
1 4 2
193 34
1 5 2
99 72
1 9 2
453 360
1 6 2
324 173
1 15 2
285 196
1 11 2
332 393
1 13 2
316 123
1 15 2
69 240
1 13 2
225 329
1 11 2
71 25
1 6 2
110 412
1 9 2
58 72
1 9 2
339 668
1 9 2
544 262
1 7 2
3 620
1 8 2
635 8
1 13 2
615 460
1 10 2
243 441
1 13 2
10 689
1 15 2
666 260
1 8 2
544 197
1 15 2
488 300
1 10 2
357 372
1 8 2
412 2
1 6 2
196 592
1 2 2
455 330
1 2 2
361 116
1 8 2
402 246
1 10 2
501 471
1 3 2
658 354
1 2 2
306 331
1 7 2
582 90
1 7 2
195 116
1 11 2
200 547
1 3 2
5 513
1 12 2
61 538
1 2 2
560 468
1 4 2
547 336
1 11 2
612 39
1 8 2
334 238
1 6 2
197 692
1 14 2
642 3
1 11 2
454 20
1 8 2
367 515
1 12 2
186 543
1 8 2
549 592
1 15 2
77 189
1 15 2
461 157
1 4 2
653 533
1 15 2
494 609
1 13 2
673 371
1 11 2
278 352
1 3 2
491 317
1 6 2
125 625
1 8 2
645 125
1 12 2
435 564
1 14 2
437 310
1 7 2
213 344
1 9 2
139 642
1 2 2
689 207
1 12 2
272 392
1 2 2
359 689
1 3 2
81 382
1 3 2
81 512
1 11 2
408 298
1 3 2
94 41
1 15 2
117 522
1 8 2
147 658
1 5 2
509 320
1 9 2
675 577
1 7 2
661 69
1 5 2
18 200
1 12 2
632 247
1 6 2
521 307
1 13 2
644 503
1 12 2
389 138
1 5 2
385 92
1 6 2
515 1
1 11 2
588 129
1 6 2
348 629
1 13 2
12 34
1 8 2
136 43
1 7 2
332 449
1 15 2
482 673
1 13 2
690 481
1 10 2
48 229
1 12 2
97 429
1 6 2
252 496
1 10 2
589 334
1 5 2
666 471
1 5 2
139 273
1 6 2
539 612
1 10 2
45 568
1 8 2
115 462
1 5 2
419 132
1 3 2
401 202
1 9 2
455 605
1 14 2
167 234
1 8 2
510 436
1 10 2
90 434
1 3 2
411 309
1 11 2
198 503
1 9 2
548 145
1 7 2
634 421
1 4 2
503 72
1 11 2
67 203
1 5 2
92 615
1 5 2
651 542
1 13 2
229 605
1 4 2
252 136
1 3 2
225 673
1 9 2
637 623
1 7 2
675 380
1 6 2
674 693
1 13 2
415 388
1 15 2
699 689
1 2 2
410 624
1 15 2
306 637
1 6 2
133 85
1 9 2
594 390
1 2 2
444 85
1 8 2
495 336
1 15 2
528 548
1 9 2
513 209
1 3 2
571 653
1 4 2
372 406
1 11 2
389 341
1 14 2
271 602
1 8 2
484 611
1 4 2
218 358
1 3 2
137 338
1 9 2
647 436
1 7 2
147 441
1 5 2
90 193
1 3 2
445 268
1 7 2
18 115
1 14 2
179 384
1 4 2
185 362
1 15 2
553 202
1 13 2
664 503
1 14 2
359 341
1 15 2
25 110
1 15 2
416 224
1 15 2
693 322
1 6 2
442 506
1 4 2
640 485
1 14 2
117 195
1 10 2
685 152
1 13 2
232 479
1 8 2
81 679
1 13 2
504 180
1 14 2
473 66
1 14 2
279 243
1 11 2
239 489
1 9 2
360 155
1 7 2
547 126
1 8 2
340 25
1 10 2
324 444
1 7 2
399 511
1 8 2
343 612
1 15 2
535 494
1 4 2
124 152
1 4 2
219 671
1 10 2
594 492
1 15 2
653 451
1 9 2
146 325
1 14 2
604 462
1 4 2
216 353
1 9 2
616 54
1 11 2
466 296
1 12 2
695 474
1 8 2
498 250
1 11 2
87 520
1 15 2
555 10
1 2 2
110 77
1 8 2
284 282
1 10 2
247 95
1 7 2
252 257
1 8 2
302 658
1 4 2
180 392
1 14 2
559 652
1 9 2
365 521
1 5 2
133 476
1 9 2
342 18
1 13 2
279 312
1 2 2
9 482
1 5 2
21 189
1 7 2
190 458
1 7 2
82 278
1 3 2
7 507
1 9 2
449 690
1 10 2
449 488
1 14 2
97 318
1 4 2
372 268
1 13 2
292 282
1 12 2
18 292
1 13 2
159 549
1 8 2
397 611
1 7 2
479 273
1 9 2
26 546
1 6 2
298 277
1 2 2
237 644
1 10 2
545 123
1 4 2
373 588
1 9 2
98 390
1 9 2
63 592
1 5 2
178 614
1 13 2
227 448
1 8 2
47 231
1 6 2
70 40
1 12 2
56 623
1 11 2
133 245
1 8 2
224 379
1 2 2
607 510
1 13 2
231 58
1 12 2
449 469
1 12 2
251 558
1 9 2
619 400
1 10 2
321 18
1 12 2
257 129
1 13 2
13 175
1 2 2
375 464
1 8 2
465 525
1 7 2
652 307
1 10 2
321 492
1 14 2
245 558
1 13 2
438 490
1 5 2
88 337
1 9 2
456 609
1 6 2
246 521
1 13 2
24 516
1 11 2
325 427
1 4 2
629 563
1 4 2
38 14
1 15 2
575 519
1 13 2
86 178
1 15 2
58 98
1 7 2
634 548
1 6 2
482 347
1 2 2
303 153
1 6 2
411 405
1 3 2
336 642
1 3 2
146 274
1 5 2
88 294
1 10 2
586 559
1 8 2
545 394
1 2 2
61 506
1 14 2
317 21
1 6 2
274 284
1 4 2
365 51
1 4 2
233 673
1 7 2
692 346
1 6 2
114 45
1 9 2
309 543
1 11 2
242 550
1 11 2
434 550
1 4 2
586 196
1 11 2
260 683
1 14 2
591 99
1 12 2
311 695
1 10 2
625 591
1 15 2
232 391
1 5 2
522 281
1 7 2
139 160
1 3 2
59 97
1 3 2
410 146
1 9 2
223 546
1 3 2
567 7
1 8 2
260 180
1 11 2
184 399
1 10 2
512 205
1 15 2
119 379
1 13 2
6 43
1 6 2
213 514
1 10 2
503 550
1 12 2
194 289
1 10 2
267 113
1 3 2
52 465
1 13 2
237 206
1 2 2
274 528
1 7 2
313 179
1 9 2
403 242
1 11 2
565 317
1 7 2
464 452
1 6 2
642 514
1 5 2
198 658
1 10 2
431 34
1 10 2
267 409
1 14 2
634 206
1 6 2
380 652
1 10 2
29 362
1 3 2
117 307
1 8 2
99 297
1 12 2
414 255
1 8 2
285 695
1 10 2
283 166
1 8 2
125 699
1 6 2
348 35
1 2 2
54 349
1 2 2
556 133
1 14 2
25 664
1 5 2
346 247
1 2 2
265 297
1 7 2
292 675
1 10 2
128 655
1 3 2
679 557
1 13 2
405 25
1 2 2
423 481
1 4 2
393 32
1 13 2
372 554
1 2 2
458 369
1 6 2
454 99
1 13 2
5 275
1 14 2
30 588
1 11 2
341 197
1 5 2
349 369
1 9 2
225 332
1 13 2
174 47
1 11 2
77 434
1 15 2
535 251
1 14 2
537 234
1 15 2
382 633
1 2 2
43 666
1 9 2
173 532
1 9 2
158 698
1 11 2
393 510
1 6 2
12 247
1 13 2
338 337
1 8 2
134 587
1 6 2
185 537
1 13 2
294 89
1 7 2
604 407
1 7 2
313 4
1 9 2
245 138
1 4 2
349 582
1 9 2
9 294
1 14 2
148 343
1 9 2
459 429
1 15 2
16 480
1 9 2
14 19
1 4 2
499 100
1 9 2
66 508
1 15 2
368 595
1 15 2
220 51
1 6 2
401 9
1 15 2
97 525
1 3 2
535 603
1 13 2
30 114
1 4 2
37 674
1 13 2
544 241
1 2 2
99 390
1 8 2
37 203
1 7 2
176 389
1 13 2
420 416
1 2 2
100 118
1 4 2
221 273
1 11 2
243 655
1 15 2
278 659
1 3 2
161 463
1 5 2
188 39
1 10 2
132 382
1 7 2
525 593
1 13 2
682 664
1 3 2
106 422
1 3 2
312 317
1 12 2
236 514
1 14 2
347 201
1 12 2
446 437
1 12 2
93 199
1 8 2
635 427
1 2 2
501 581
1 9 2
233 637
1 4 2
460 126
1 12 2
72 343
1 8 2
28 212
1 7 2
451 361
1 15 2
45 211
1 11 2
53 448
1 4 2
396 420
1 6 2
18 574
1 13 2
38 518
1 8 2
44 366
1 3 2
557 559
1 3 2
292 45
1 9 2
104 667
1 3 2
21 267
1 3 2
695 602
1 9 2
254 336
1 4 2
271 412
1 3 2
652 578
1 4 2
676 348
1 15 2
691 657
1 8 2
513 683
1 14 2
313 524
1 3 2
404 588
1 15 2
56 71
1 9 2
634 403
1 12 2
636 245
1 3 2
654 5
1 15 2
297 164
1 8 2
399 167
1 3 2
62 299
1 15 2
8 265
1 8 2
484 448
1 15 2
95 232
1 13 2
215 435
1 3 2
262 185
1 12 2
113 320
1 8 2
16 177
1 8 2
139 592
1 3 2
87 625
1 3 2
132 629
1 5 2
618 196
1 9 2
236 393
1 3 2
362 676
1 2 2
259 133
1 10 2
485 205
1 12 2
502 627
1 5 2
356 39
1 15 2
310 602
1 3 2
458 433
1 10 2
81 368
1 6 2
505 676
1 7 2
261 124
1 8 2
670 80
1 15 2
65 96
1 14 2
525 410
1 12 2
533 148
1 15 2
200 213
1 9 2
360 8
1 5 2
598 209
1 2 2
28 644
1 7 2
437 113
1 8 2
640 262
1 3 2
530 554
1 3 2
691 134
1 4 2
373 339
1 10 2
434 32
1 9 2
14 676
1 5 2
50 49
1 9 2
357 459
1 10 2
516 102
1 4 2
616 634
1 7 2
485 538
1 15 2
172 283
1 12 2
115 478
1 8 2
32 404
1 7 2
662 195
1 10 2
180 324
1 5 2
280 113
1 5 2
350 576
1 6 2
456 108
1 7 2
425 521
1 3 2
116 378
1 15 2
238 676
1 15 2
56 216
1 6 2
244 279
1 5 2
226 198
1 2 2
284 155
1 12 2
264 460
1 15 2
179 4
1 6 2
137 128
1 6 2
581 418
1 6 2
155 51
1 12 2
288 14
1 10 2
423 16
1 7 2
457 328
1 7 2
130 20
1 3 2
88 149
1 8 2
131 377
1 10 2
590 108
1 9 2
236 336
1 4 2
256 224
1 7 2
268 436
1 13 2
400 413
1 2 2
500 19
1 8 2
688 142
1 7 2
25 54
1 6 2
407 696
1 11 2
500 143
1 5 2
237 221
1 11 2
433 479
1 7 2
319 330
1 8 2
185 141
1 15 2
546 437
1 6 2
628 69
1 4 2
296 518
1 10 2
274 298
1 3 2
507 83
1 4 2
273 202
1 14 2
525 593
1 7 2
534 253
1 5 2
499 449
1 8 2
84 550
1 15 2
5 11
1 14 2
56 501
1 14 2
460 463
1 2 2
277 227
1 14 2
303 270
1 11 2
554 604
1 7 2
516 4
1 11 2
246 481
1 13 2
504 460
1 4 2
373 125
1 7 2
542 280
1 9 2
389 471
1 5 2
435 147
1 7 2
675 419
1 4 2
239 256
1 14 2
522 501
1 9 2
23 13
1 2 2
281 649
1 11 2
495 610
1 8 2
89 207
1 12 2
557 73
1 14 2
595 57
1 12 2
482 659
1 3 2
402 33
1 12 2
95 451
1 11 2
663 573
1 7 2
8 414
1 11 2
399 519
1 2 2
258 377
1 13 2
77 398
1 2 2
246 642
1 3 2
224 364
1 10 2
482 418
1 4 2
87 541
1 2 2
666 184
1 2 2
559 382
1 15 2
510 104
1 4 2
201 403
1 8 2
503 99
1 10 2
408 661
1 6 2
545 631
1 10 2
659 60
1 2 2
90 363
1 15 2
161 154
1 8 2
417 8
1 9 2
112 459
1 12 2
3 251
1 9 2
514 424
1 10 2
678 127
1 9 2
675 118
1 6 2
24 361
1 12 2
688 169
1 8 2
412 223
1 2 2
626 644
1 15 2
371 56
1 11 2
124 447
1 5 2
407 69
1 8 2
194 358
1 4 2
673 651
1 10 2
9 420
1 7 2
1 503
1 14 2
550 433
1 5 2
550 315
1 8 2
350 606
1 10 2
663 569
1 6 2
477 399
1 7 2
545 488
1 14 2
209 520
1 6 2
278 160
1 7 2
489 65
1 6 2
529 566
1 13 2
154 209
1 12 2
326 548
1 5 2
312 178
1 2 2
67 60
1 6 2
531 39
1 11 2
416 532
1 2 2
568 33
1 3 2
645 84
1 14 2
53 466
1 5 2
11 334
1 13 2
263 637
1 3 2
534 470
1 7 2
273 344
1 4 2
107 594
1 15 2
527 596
1 4 2
671 555
1 3 2
425 57
1 7 2
581 454
1 7 2
61 427
1 15 2
61 481
1 13 2
522 645
1 2 2
593 265
1 13 2
132 692
1 4 2
459 424
1 15 2
450 294
1 4 2
346 260
1 6 2
177 513
1 11 2
276 306
1 14 2
577 316
1 8 2
510 679
1 2 2
225 642
1 14 2
9 441
1 8 2
181 149
1 12 2
311 148
1 14 2
457 624
1 12 2
367 288
1 10 2
271 28
1 14 2
641 328
1 13 2
87 638
1 2 2
658 218
1 6 2
41 277
1 14 2
585 600
1 14 2
136 71
1 4 2
631 578
1 14 2
304 325
1 3 2
7 519
1 11 2
78 289
1 4 2
418 183
1 13 2
366 379
1 11 2
699 379
1 3 2
89 550
1 9 2
239 497
1 13 2
183 276
1 10 2
52 2
1 2 2
670 519
1 2 2
524 172
1 11 2
481 4
1 13 2
332 624
1 15 2
408 326
1 11 2
14 602
1 13 2
370 273
1 11 2
340 65
1 10 2
55 224
1 9 2
181 233
1 9 2
683 171
1 14 2
296 449
1 11 2
295 542
1 8 2
286 441
1 3 2
226 160
1 11 2
651 177
1 13 2
123 529
1 6 2
695 374
1 6 2
453 463
1 14 2
104 567
1 13 2
258 300
1 5 2
259 468
1 11 2
226 345
1 4 2
342 556
1 6 2
490 316
1 14 2
697 398
1 7 2
58 468
1 12 2
516 310
1 15 2
363 176
1 4 2
219 432
1 3 2
241 60
1 14 2
279 534
1 14 2
75 46
1 4 2
206 429
1 5 2
456 230
1 13 2
614 288
1 3 2
583 515
1 12 2
158 380
1 6 2
693 664
1 4 2
262 94
1 7 2
241 289
1 4 2
207 116
1 14 2
177 328
1 3 2
411 579
1 11 2
99 598
1 8 2
151 352
1 14 2
503 417
1 9 2
404 408
1 9 2
563 97
1 2 2
612 180
1 15 2
398 18
1 5 2
74 309
1 13 2
318 37
1 8 2
583 601
1 12 2
593 140
1 7 2
340 656
1 5 2
529 636
1 8 2
425 625
1 13 2
385 178
1 8 2
346 619
1 13 2
602 133
1 15 2
16 356
1 14 2
0 475
1 15 2
237 66
1 11 2
439 309
1 4 2
411 673
1 7 2
214 574
1 12 2
188 62
1 10 2
535 216
1 13 2
249 272
1 10 2
555 259
1 4 2
27 493
1 3 2
63 482
1 4 2
288 566
1 2 2
266 75
1 3 2
659 652
1 6 2
45 111
1 7 2
44 698
1 5 2
322 326
1 7 2
430 363
1 15 2
205 93
1 2 2
495 211
1 7 2
691 164
1 5 2
686 662
1 14 2
651 571
1 5 2
527 456
1 15 2
68 320
1 12 2
608 129
1 15 2
502 151
1 7 2
323 180
1 15 2
548 206
1 7 2
16 430
1 13 2
91 362
1 2 2
174 218
1 3 2
390 87
1 11 2
148 513
1 5 2
471 566
1 13 2
230 638
1 5 2
83 685
1 3 2
161 626
1 3 2
110 433
1 5 2
360 71
1 13 2
506 636
1 2 2
682 14
1 12 2
248 328
1 10 2
198 681
1 7 2
548 163
1 10 2
323 497
1 12 2
238 690
1 8 2
161 695
1 13 2
310 243
1 12 2
353 98
1 3 2
373 440
1 12 2
690 16
1 3 2
351 130
1 9 2
26 582
1 13 2
34 204
1 6 2
452 466
1 6 2
519 137
1 11 2
170 256
1 14 2
373 123
1 11 2
434 459
1 6 2
108 227
1 12 2
433 271
1 15 2
578 200
1 10 2
522 3
1 6 2
232 447
1 3 2
311 60
1 14 2
668 347
1 4 2
275 53
1 2 2
557 33
1 5 2
686 422
1 14 2
256 133
1 5 2
520 20
1 12 2
36 649
1 4 2
227 55
1 2 2
353 454
1 2 2
555 660
1 7 2
194 563
1 10 2
587 124
1 15 2
287 547
1 14 2
412 114
1 4 2
602 382
1 11 2
153 356
1 13 2
136 120
1 3 2
526 61
1 13 2
289 698
1 12 2
330 358
1 9 2
410 620
1 4 2
140 429
1 4 2
570 522
1 11 2
420 52
1 13 2
308 656
1 10 2
243 589
1 9 2
289 338
1 5 2
395 386
1 5 2
573 546
1 13 2
185 261
1 11 2
602 132
1 13 2
127 334
1 14 2
353 652
1 6 2
4 285
1 9 2
644 171
1 5 2
313 253
1 11 2
471 628
1 8 2
443 462
1 14 2
467 667
1 10 2
625 189
1 6 2
592 361
1 13 2
316 420
1 13 2
207 404
1 6 2
625 538
1 10 2
367 463
1 12 2
574 409
1 7 2
518 635
1 7 2
651 467
1 4 2
666 555
1 3 2
584 242
1 9 2
563 2
1 12 2
179 119
1 4 2
675 339
1 14 2
616 84
1 2 2
482 251
1 4 2
10 213
1 11 2
314 688
1 5 2
398 589
1 7 2
605 90
1 14 2
131 127
1 5 2
585 494
1 9 2
557 656
1 2 2
457 160
1 4 2
74 202
1 14 2
480 454
1 4 2
662 626
1 8 2
251 600
1 5 2
182 339
1 8 2
30 551
1 14 2
22 512
1 11 2
73 224
1 4 2
585 655
1 8 2
482 41
1 5 2
355 684
1 9 2
225 465
1 12 2
367 375
1 5 2
526 10
1 2 2
506 693
1 4 2
53 275
1 8 2
57 232
1 11 2
378 524
1 9 2
115 442
1 3 2
135 344
1 8 2
655 421
1 9 2
23 685
1 15 2
487 499
1 12 2
268 21
1 14 2
198 455
1 4 2
225 25
1 5 2
447 569
1 15 2
42 550
1 12 2
696 518
1 14 2
594 101
1 13 2
525 299
1 4 2
580 179
1 5 2
490 529
1 15 2
506 383
1 14 2
621 436
1 4 2
406 103
1 13 2
318 365
1 5 2
25 431
1 12 2
431 589
1 10 2
118 49
1 15 2
105 160
1 8 2
693 216
1 11 2
605 211
1 15 2
300 311
1 6 2
574 479
1 7 2
103 584
1 14 2
511 417
1 11 2
437 377
1 3 2
14 584
1 3 2
604 233
1 12 2
473 527
1 14 2
280 412
1 4 2
339 580
1 14 2
183 19
1 14 2
613 11
1 13 2
574 21
1 14 2
99 314
1 8 2
34 24
1 14 2
235 72
1 15 2
241 117
1 3 2
14 225
1 9 2
379 487
1 7 2
642 385
1 3 2
435 663
1 11 2
180 392
1 11 2
359 136
1 12 2
68 148
1 11 2
43 496
1 3 2
8 554
1 10 2
641 121
1 14 2
224 458
1 7 2
625 622
1 7 2
167 444
1 15 2
416 276
1 6 2
610 124
1 10 2
458 109
1 13 2
41 149
1 13 2
501 604
1 14 2
296 241
1 14 2
371 608
1 14 2
383 671
1 10 2
551 66
1 8 2
135 449
1 14 2
391 683
1 11 2
52 427
1 5 2
33 545
1 13 2
98 552
1 14 2
560 575
1 4 2
505 385
1 5 2
29 9
1 12 2
551 203
1 5 2
45 26
1 12 2
287 680
1 14 2
648 196
1 13 2
341 391
1 11 2
160 528
1 5 2
530 693
1 2 2
273 353
1 8 2
392 137
1 12 2
324 189
1 5 2
65 514
1 6 2
420 371
1 3 2
29 544
1 3 2
679 636
1 9 2
62 43
1 12 2
563 321
1 2 2
97 378
1 5 2
434 259
1 11 2
172 287
1 4 2
386 263
1 2 2
639 323
1 3 2
176 233
1 7 2
378 630
1 3 2
19 576
1 15 2
660 689
1 14 2
668 52
1 13 2
560 222
1 2 2
607 17
1 3 2
583 275
1 3 2
41 488
1 9 2
231 35
1 7 2
385 474
1 6 2
15 504
1 2 2
98 459
1 5 2
214 462
1 10 2
53 197
1 6 2
335 481
1 15 2
434 641
1 9 2
79 343
1 7 2
597 490
1 10 2
385 101
1 10 2
500 690
1 10 2
90 425
1 10 2
365 659
1 3 2
633 58
1 15 2
312 45
1 5 2
5 501
1 12 2
326 569
1 10 2
170 206
1 7 2
521 337
1 13 2
443 425
1 4 2
104 544
1 9 2
174 171
1 14 2
344 649
1 7 2
124 685
1 7 2
415 93
1 3 2
254 37
1 3 2
512 348
1 12 2
203 371
1 14 2
525 690
1 10 2
442 188
1 3 2
531 560
1 12 2
333 405
1 14 2
344 608
1 14 2
53 560
1 14 2
520 649
1 5 2
342 319
1 15 2
520 97
1 3 2
223 524
1 11 2
531 426
1 11 2
65 477
1 12 2
509 566
1 6 2
377 293
1 5 2
77 448
1 6 2
614 681
1 14 2
698 247
1 6 2
478 598
1 5 2
617 22
1 13 2
672 640
1 6 2
599 241
1 14 2
13 158
1 7 2
203 76
1 3 2
144 400
1 8 2
597 338
1 11 2
192 246
1 13 2
458 568
1 3 2
84 156
1 14 2
376 57
1 15 2
145 131
1 7 2
367 462
1 3 2
642 595
1 14 2
112 566
1 2 2
250 352
1 8 2
94 44
1 6 2
94 271
1 9 2
377 122
1 13 2
157 283
1 9 2
186 275
1 15 2
134 310
1 3 2
438 663
1 4 2
664 47
1 12 2
538 308
1 9 2
428 303
1 8 2
113 176
1 9 2
132 620
1 3 2
637 193
1 2 2
71 371
1 12 2
683 489
1 15 2
320 13
1 7 2
196 144
1 2 2
325 189
1 6 2
60 674
1 11 2
553 154
1 6 2
15 77
1 5 2
141 178
1 5 2
400 47
1 13 2
5 487
1 14 2
107 492
1 14 2
11 115
1 7 2
325 380
1 4 2
346 621
1 4 2
482 523
1 15 2
215 353
1 3 2
385 127
1 2 2
591 38
1 12 2
148 201
1 12 2
398 639
1 11 2
195 51
1 7 2
610 583
1 15 2
620 583
1 15 2
699 402
1 10 2
138 197
1 14 2
218 371
1 2 2
512 611
1 5 2
206 606
1 9 2
693 632
1 15 2
251 66
1 15 2
358 248
1 14 2
446 199
1 12 2
371 445
1 4 2
492 518
1 5 2
504 483
1 5 2
288 411
1 12 2
141 200
1 4 2
236 111
1 14 2
69 431
1 8 2
22 694
1 2 2
336 227
1 7 2
536 502
1 5 2
612 397
1 14 2
580 432
1 10 2
187 77
1 11 2
96 28
1 13 2
81 204
1 12 2
480 485
1 15 2
243 87
1 12 2
151 624
1 7 2
593 413
1 4 2
655 569
1 12 2
204 165
1 15 2
200 131
1 4 2
40 495
1 3 2
508 0
1 2 2
69 75
1 3 2
508 469
1 13 2
68 694
1 13 2
544 9
1 12 2
456 553
1 15 2
22 382
1 3 2
114 634
1 4 2
417 30
1 11 2
371 478
1 15 2
545 693
1 9 2
118 684
1 6 2
347 386
1 11 2
65 398
1 4 2
528 89
1 7 2
367 657
1 13 2
545 366
1 10 2
172 411
1 7 2
199 198
1 7 2
475 401
1 11 2
394 238
1 10 2
177 128
1 6 2
324 320
1 10 2
440 643
1 4 2
555 568
1 4 2
495 483
1 6 2
429 122
1 15 2
251 1
1 15 2
400 422
1 11 2
358 382
1 10 2
435 222
1 13 2
39 57
1 7 2
500 669
1 3 2
532 8
1 2 2
484 498
1 5 2
200 655
1 8 2
661 46
1 14 2
384 692
1 8 2
682 392
1 12 2
362 117
1 9 2
299 170
1 5 2
446 655
1 6 2
45 505
1 10 2
192 612
1 6 2
623 341
1 3 2
346 490
1 6 2
559 534
1 2 2
556 385
1 7 2
185 7
1 3 2
615 372
1 7 2
431 361
1 5 2
566 474
1 7 2
428 509
1 4 2
539 600
1 3 2
363 664
1 15 2
334 409
1 5 2
374 677
1 14 2
77 549
1 2 2
241 348
1 7 2
2 342
1 5 2
423 585
1 7 2
658 180
1 13 2
651 114
1 13 2
178 313
1 7 2
507 397
1 8 2
478 201
1 9 2
559 397
1 10 2
181 699
1 4 2
264 33
1 15 2
50 470
1 10 2
256 296
1 9 2
223 348
1 6 2
602 566
1 12 2
15 418
1 14 2
604 659
1 9 2
579 567
1 12 2
249 658
1 10 2
618 8
1 14 2
146 633
1 15 2
325 646
1 6 2
102 591
1 11 2
443 199
1 10 2
527 383
1 13 2
246 147
1 8 2
236 370
1 9 2
674 466
1 9 2
16 49
1 8 2
382 556
1 3 2
44 304
1 8 2
133 551
1 10 2
170 343
1 11 2
575 338
1 5 2
283 586
1 15 2
207 394
1 11 2
226 7
1 13 2
620 65
1 3 2
265 636
1 13 2
474 682
1 7 2
662 693
1 5 2
618 324
1 14 2
149 420
1 3 2
242 261
1 5 2
628 67
1 13 2
250 199
1 2 2
424 306
1 8 2
265 290
1 6 2
248 508
1 13 2
598 591
1 2 2
152 100
1 12 2
629 39
1 13 2
649 689
1 6 2
656 418
1 13 2
512 545
1 8 2
390 359
1 13 2
52 460
1 3 2
151 39
1 10 2
383 693
1 2 2
591 362
1 15 2
7 677
1 15 2
647 163
1 9 2
336 679
1 7 2
142 399
1 14 2
698 340
1 15 2
4 291
1 8 2
279 534
1 2 2
354 83
1 5 2
397 285
1 10 2
130 196
1 9 2
293 281
1 10 2
497 183
1 8 2
502 432
1 3 2
523 440
1 11 2
121 297
1 5 2
254 437
1 12 2
446 641
1 11 2
196 693
1 7 2
160 645
1 9 2
144 102
1 14 2
549 243
1 4 2
481 7
1 3 2
424 682
1 15 2
343 367
1 15 2
225 290
1 12 2
334 45
1 6 2
626 353
1 7 2
696 582
1 6 2
600 428
1 10 2
19 223
1 14 2
467 190
1 5 2
296 440
1 2 2
391 54
1 3 2
19 387
1 9 2
331 470
1 12 2
375 556
1 14 2
215 211
1 5 2
652 478
1 10 2
434 169
1 12 2
430 565
1 2 2
236 685
1 14 2
390 161
1 4 2
271 57
1 2 2
307 140
1 7 2
540 486
1 9 2
52 552
1 3 2
419 142
1 12 2
475 424
1 11 2
631 292
1 10 2
456 98
1 15 2
585 111
1 9 2
539 199
1 13 2
565 576
1 11 2
81 59
1 8 2
645 534
1 12 2
105 648
1 3 2
395 218
1 8 2
386 93
1 3 2
503 29
1 5 2
681 466
1 10 2
108 661
1 6 2
61 584
1 10 2
114 59
1 13 2
171 234
1 8 2
498 342
1 9 2
336 340
1 15 2
456 6
1 10 2
314 480
1 15 2
468 341
1 2 2
522 197
1 10 2
487 168
1 12 2
456 366
1 15 2
645 225
1 3 2
476 609
1 3 2
11 634
1 13 2
218 122
1 2 2
460 92
1 8 2
545 546
1 15 2
529 524
1 2 2
1 320
1 3 2
140 141
1 12 2
644 475
1 4 2
207 352
1 14 2
612 557
1 3 2
524 557
1 2 2
560 57
1 6 2
648 23
1 8 2
679 314
1 10 2
87 444
1 2 2
219 440
1 3 2
163 386
1 3 2
238 130
1 10 2
539 146
1 6 2
150 215
1 4 2
592 148
1 9 2
542 619
1 5 2
285 164
1 12 2
48 574
1 2 2
283 110
1 5 2
534 10
1 15 2
364 94
1 2 2
525 154
1 10 2
40 601
1 7 2
99 515
1 15 2
308 614
1 9 2
531 452
1 13 2
112 57
1 12 2
115 18
1 12 2
345 459
1 10 2
680 527
1 15 2
625 606
1 6 2
70 524
1 14 2
293 405
1 11 2
521 133
1 15 2
386 509
1 12 2
352 245
1 3 2
90 621
1 2 2
376 631
1 15 2
104 54
1 4 2
653 447
1 10 2
90 360
1 15 2
31 448
1 9 2
312 394
1 10 2
384 322
1 4 2
87 661
1 3 2
1 505
1 11 2
636 647
1 8 2
65 468
1 10 2
194 552
1 7 2
130 517
1 4 2
250 625
1 15 2
28 285
1 9 2
615 216
1 3 2
361 607
1 4 2
532 412
1 14 2
398 306
1 14 2
159 455
1 15 2
220 121
1 8 2
316 168
1 10 2
691 439
1 13 2
338 121
1 8 2
211 267
1 3 2
56 690
1 12 2
205 173
1 11 2
439 72
1 4 2
221 427
1 3 2
326 123
1 8 2
439 441
1 12 2
592 160
1 6 2
526 227
1 7 2
164 386
1 14 2
52 240
1 11 2
267 494
1 15 2
118 581
1 12 2
626 521
1 15 2
327 148
1 11 2
367 174
1 7 2
458 171
1 14 2
104 575
1 6 2
599 52
1 14 2
559 478
1 13 2
469 63
1 5 2
133 532
1 13 2
264 637
1 14 2
529 446
1 3 2
684 34
1 14 2
649 192
1 4 2
9 420
1 7 2
40 357
1 6 2
185 189
1 3 2
291 584
1 14 2
39 45
1 5 2
522 91
1 5 2
429 232
1 2 2
44 83
1 11 2
452 319
1 15 2
620 202
1 14 2
544 150
1 14 2
162 503
1 5 2
665 193
1 13 2
676 451
1 3 2
278 4
1 15 2
83 86
1 2 2
43 330
1 10 2
523 190
1 4 2
542 588
1 8 2
120 618
1 11 2
1 30
1 14 2
551 97
1 2 2
21 105
1 3 2
473 662
1 10 2
674 147
1 8 2
299 397
1 11 2
514 37
1 4 2
395 346
1 12 2
485 21
1 7 2
408 210
1 2 2
363 74
1 3 2
189 461
1 2 2
247 523
1 9 2
246 437
1 3 2
683 644
1 2 2
690 484
1 10 2
452 490
1 12 2
658 410
1 15 2
168 407
1 2 2
638 387
1 11 2
408 254
1 11 2
132 342
1 11 2
416 227
1 9 2
671 58
1 7 2
521 363
1 14 2
369 490
1 8 2
632 147
1 12 2
655 42
1 5 2
550 190
1 11 2
375 138
1 13 2
150 122
1 14 2
493 234
1 15 2
111 518
1 4 2
537 120
1 5 2
515 79
1 4 2
206 177
1 10 2
102 1
1 11 2
29 356
1 3 2
214 24
1 4 2
628 357
1 12 2
492 558
1 14 2
456 677
1 10 2
447 85
1 11 2
526 187
1 3 2
55 595
1 3 2
325 132
1 13 2
691 441
1 12 2
377 392
1 5 2
25 302
1 4 2
328 548
1 2 2
378 631
1 8 2
543 500
1 12 2
368 393
1 8 2
230 43
1 15 2
79 74
1 15 2
689 85
1 4 2
618 298
1 12 2
217 227
1 8 2
8 625
1 12 2
243 427
1 6 2
312 121
1 15 2
438 368
1 15 2
576 368
1 14 2
35 117
1 15 2
365 579
1 6 2
145 81
1 2 2
44 79
1 4 2
532 149
1 15 2
369 140
1 14 2
551 352
1 11 2
159 644
1 10 2
554 48
1 4 2
188 187
1 5 2
592 49
1 11 2
56 8
1 12 2
276 426
1 11 2
409 150
1 15 2
695 474
1 10 2
2 635
1 13 2
387 643
1 9 2
367 662
1 4 2
303 226
1 3 2
181 539
1 8 2
116 144
1 6 2
44 314
1 8 2
424 595
1 11 2
368 134
1 4 2
491 442
1 12 2
483 211
1 14 2
52 321
1 3 2
564 447
1 15 2
430 296
1 12 2
65 506
1 6 2
167 612
1 11 2
532 276
1 9 2
605 374
1 10 2
428 254
1 10 2
273 617
1 2 2
124 297
1 3 2
642 535
1 5 2
618 57
1 6 2
699 1
1 9 2
84 594
1 6 2
76 377
1 8 2
50 640
1 3 2
119 150
1 4 2
698 274
1 4 2
63 241
1 4 2
233 151
1 9 2
438 137
1 11 2
446 568
1 7 2
518 468
1 10 2
295 86
1 2 2
336 556
1 13 2
476 119
1 12 2
602 18
1 6 2
260 489
1 2 2
129 412
1 15 2
651 368
1 12 2
95 166
1 11 2
393 439
1 2 2
641 322
1 8 2
388 11
1 14 2
37 527
1 11 2
572 210
1 13 2
348 400
1 13 2
230 67
1 3 2
511 215
1 2 2
155 577
1 13 2
314 139
1 10 2
493 690
1 10 2
369 146
1 13 2
446 623
1 10 2
571 691
1 7 2
368 583
1 13 2
334 403
1 7 2
519 67
1 4 2
695 428
1 8 2
501 392
1 4 2
406 155
1 2 2
400 253
1 8 2
564 681
1 5 2
287 260
1 6 2
110 142
1 6 2
69 450
1 12 2
3 179
1 11 2
66 378
1 3 2
610 515
1 14 2
349 137
1 3 2
65 352
1 7 2
391 691
1 7 2
416 159
1 9 2
518 400
1 15 2
58 679
1 12 2
339 497
1 12 2
41 32
1 2 2
361 15
1 12 2
142 575
1 5 2
629 46
1 4 2
235 591
1 6 2
21 80
1 13 2
272 444
1 6 2
318 294
1 8 2
393 202
1 7 2
593 483
1 11 2
407 613
1 10 2
245 229
1 9 2
392 292
1 5 2
126 523
1 6 2
368 175
1 13 2
258 644
1 10 2
261 43
1 10 2
338 97
1 13 2
18 677
1 6 2
552 188
1 12 2
29 471
1 3 2
451 481
1 6 2
19 401
1 11 2
271 689
1 7 2
432 278
1 14 2
291 677
1 8 2
569 637
1 12 2
641 70
1 5 2
28 24
1 15 2
223 165
1 9 2
144 543
1 4 2
99 448
1 7 2
9 583
1 6 2
542 278
1 7 2
671 359
1 9 2
591 265
1 14 2
641 124
1 14 2
233 356
1 14 2
401 74
1 3 2
357 103
1 5 2
202 427
1 12 2
419 180
1 5 2
536 38
1 5 2
593 143
1 15 2
145 654
1 15 2
547 194
1 12 2
485 691
1 9 2
16 459
1 6 2
242 4
1 14 2
547 61
1 11 2
281 628
1 8 2
418 186
1 13 2
664 671
1 9 2
53 374
1 5 2
678 255
1 13 2
661 55
1 9 2
16 360
1 5 2
144 342
1 15 2
8 268
1 7 2
164 200
1 7 2
124 600
1 13 2
506 119
1 2 2
301 254
1 6 2
53 674
1 13 2
124 684
1 5 2
169 211
1 6 2
495 90
1 14 2
97 566
1 7 2
263 347
1 5 2
87 192
1 5 2
650 425
1 4 2
450 18
1 11 2
313 426
1 13 2
11 604
1 10 2
151 560
1 10 2
305 62
1 4 2
562 646
1 7 2
205 100
1 8 2
615 314
1 9 2
301 177
1 8 2
463 420
1 9 2
108 35
1 8 2
163 512
1 14 2
177 290
1 3 2
633 281
1 6 2
123 319
1 9 2
77 428
1 9 2
47 247
1 7 2
366 186
1 5 2
193 96
1 3 2
594 678
1 5 2
272 127
1 11 2
300 181
1 9 2
317 341
1 12 2
677 309
1 2 2
564 530
1 2 2
235 389
1 14 2
156 294
1 8 2
645 233
1 9 2
629 649
1 9 2
382 106
1 3 2
232 478
1 9 2
312 567
1 3 2
588 291
1 7 2
222 0
1 6 2
505 450
1 15 2
637 352
1 4 2
660 240
1 11 2
643 517
1 14 2
530 527
1 7 2
668 678
1 8 2
412 59
1 11 2
291 96
1 4 2
508 637
1 12 2
619 679
1 15 2
500 691
1 13 2
221 526
1 8 2
641 241
1 15 2
577 543
1 5 2
635 575
1 14 2
79 287
1 5 2
449 317
1 14 2
147 525
1 5 2
365 229
1 8 2
107 416
1 4 2
632 698
1 2 2
423 277
1 4 2
255 111
1 4 2
4 523
1 14 2
75 482
1 10 2
162 467
1 3 2
364 300
1 7 2
295 127
1 13 2
605 186
1 11 2
471 621
1 9 2
445 644
1 8 2
230 639
1 10 2
303 328
1 12 2
477 483
1 9 2
281 612
1 8 2
190 57
1 2 2
338 347
1 5 2
318 12
1 10 2
177 573
1 8 2
265 167
1 13 2
544 402
1 8 2
367 645
1 7 2
266 694
1 13 2
443 240
1 15 2
438 586
1 3 2
410 403
1 3 2
174 434
1 11 2
375 97
1 5 2
167 52
1 10 2
118 342
1 14 2
687 63
1 8 2
504 308
1 10 2
36 141
1 9 2
541 17
1 10 2
167 676
1 4 2
226 276
1 6 2
106 30
1 3 2
510 213
1 7 2
298 473
1 9 2
29 368
1 4 2
91 416
1 14 2
264 509
1 3 2
33 613
1 15 2
653 605
1 2 2
624 304
1 14 2
506 535
1 8 2
62 242
1 12 2
601 496
1 12 2
506 167
1 15 2
471 362
1 11 2
340 596
1 14 2
362 201
1 9 2
23 564
1 5 2
235 457
1 9 2
490 13
1 13 2
114 476
1 8 2
529 668
1 7 2
82 508
1 7 2
308 46
1 8 2
261 283
1 5 2
383 195
1 15 2
662 157
1 9 2
517 383
1 8 2
670 58
1 13 2
634 232
1 3 2
689 511
1 9 2
240 395
1 11 2
106 586
1 8 2
266 179
1 9 2
297 487
1 6 2
455 414
1 6 2
109 658
1 9 2
580 165
1 14 2
646 444
1 3 2
566 550
1 11 2
433 326
1 5 2
20 561
1 14 2
368 205
1 14 2
663 116
1 10 2
617 104
1 12 2
490 531
1 13 2
370 227
1 6 2
619 582
1 12 2
696 367
1 12 2
574 245
1 7 2
472 614
1 3 2
241 167
1 5 2
518 440
1 4 2
507 445
1 11 2
493 562
1 10 2
185 411
1 6 2
54 406
1 2 2
208 5
1 12 2
47 16
1 13 2
366 11
1 10 2
236 338
1 3 2
123 70
1 4 2
277 568
1 9 2
458 334
1 7 2
374 150
1 3 2
156 220
1 6 2
253 278
1 8 2
682 500
1 6 2
392 129
1 13 2
231 687
1 7 2
129 574
1 6 2
378 577
1 11 2
79 287
1 2 2
161 421
1 12 2
83 109
1 11 2
469 169
1 2 2
442 0
1 4 2
450 327
1 15 2
448 366
1 15 2
635 258
1 7 2
495 403
1 5 2
326 206
1 7 2
62 661
1 4 2
559 192
1 10 2
632 196
1 15 2
126 311
1 7 2
654 25
1 10 2
325 68
1 5 2
98 171
1 2 2
676 187
1 3 2
552 311
1 11 2
577 355
1 14 2
499 686
1 4 2
417 144
1 14 2
444 26
1 8 2
356 462
1 14 2
488 277
1 5 2
151 438
1 2 2
642 514
1 15 2
595 313
1 13 2
272 474
1 8 2
161 45
1 15 2
442 89
1 11 2
435 70
1 4 2
671 399
1 3 2
544 286
1 2 2
274 566
1 13 2
461 249
1 3 2
667 204
1 4 2
176 446
1 2 2
421 151
1 2 2
206 463
1 10 2
593 389
1 7 2
686 462
1 5 2
14 691
1 2 2
120 533
1 4 2
648 37
1 11 2
34 647
1 5 2
143 63
1 9 2
461 208
1 14 2
358 87
1 13 2
544 396
1 8 2
651 3
1 4 2
417 243
1 12 2
463 92
1 13 2
280 541
1 3 2
653 693
1 12 2
112 1
1 11 2
137 189
1 15 2
460 43
1 10 2
355 20
1 2 2
91 440
1 2 2
27 350
1 8 2
269 266
1 11 2
110 625
1 8 2
159 572
1 6 2
407 167
1 2 2
384 283
1 6 2
417 218
1 9 2
538 518
1 11 2
206 544
1 12 2
399 321
1 13 2
476 32
1 14 2
227 48
1 15 2
336 672
1 10 2
7 528
1 12 2
483 350
1 5 2
509 89
1 10 2
300 13
1 15 2
559 568
1 15 2
342 244
1 11 2
644 221
1 15 2
643 128
1 5 2
25 377
1 2 2
32 500
1 8 2
551 663
1 9 2
57 391
1 5 2
478 112
1 11 2
62 485
1 4 2
603 368
1 14 2
611 451
1 14 2
86 482
1 2 2
644 574
1 3 2
435 586
1 10 2
346 620
1 14 2
383 408
1 2 2
229 603
1 3 2
516 401
1 14 2
19 668
1 5 2
168 203
1 14 2
221 483
1 6 2
465 499
1 15 2
552 649
1 9 2
15 613
1 4 2
114 87
1 5 2
408 293
1 10 2
545 600
1 13 2
12 558
1 15 2
672 478
1 7 2
624 7
1 4 2
3 104
1 5 2
161 330
1 14 2
90 524
1 10 2
249 139
1 8 2
239 119
1 12 2
340 138
1 13 2
290 246
1 10 2
169 276
1 2 2
295 615
1 8 2
437 547
1 15 2
148 570
1 13 2
241 616
1 14 2
527 78
1 2 2
576 282
1 7 2
665 327
1 13 2
263 172
1 3 2
387 48
1 15 2
469 560
1 9 2
669 152
1 13 2
468 447
1 15 2
193 590
1 12 2
472 174
1 4 2
385 293
1 5 2
599 26
1 8 2
389 144
1 2 2
297 484
1 6 2
172 75
1 7 2
321 37
1 12 2
162 659
1 7 2
145 380
1 5 2
189 179
1 6 2
426 674
1 9 2
623 285
1 5 2
55 467
1 5 2
70 606
1 2 2
363 388
1 8 2
511 288
1 15 2
439 279
1 4 2
579 71
1 13 2
234 486
1 5 2
356 468
1 5 2
466 107
1 12 2
382 133
1 7 2
434 429
1 4 2
314 371
1 15 2
227 152
1 9 2
685 249
1 12 2
106 233
1 8 2
294 154
1 3 2
372 507
1 8 2
414 429
1 9 2
478 251
1 10 2
312 123
1 11 2
558 459
1 11 2
286 234
1 5 2
454 95
1 6 2
638 585
1 13 2
565 555
1 10 2
609 5
1 2 2
698 183
1 6 2
67 590
1 10 2
329 101
1 2 2
37 524
1 8 2
504 46
1 14 2
62 239
1 8 2
412 153
1 3 2
584 300
1 4 2
283 99
1 2 2
448 112
1 14 2
567 447
1 12 2
511 259
1 6 2
499 81
1 12 2
523 320
1 4 2
631 357
1 10 2
610 195
1 5 2
545 317
1 3 2
592 482
1 5 2
172 509
1 11 2
514 272
1 3 2
147 492
1 13 2
2 292
1 5 2
403 251
1 7 2
399 435
1 4 2
361 641
1 9 2
482 359
1 14 2
129 405
1 9 2
626 229
1 12 2
263 2
1 2 2
22 222
1 2 2
584 568
1 7 2
160 219
1 2 2
253 529
1 3 2
493 306
1 11 2
146 1
1 9 2
404 269
1 8 2
513 604
1 8 2
242 260
1 15 2
311 190
1 7 2
146 373
1 2 2
248 695
1 5 2
126 698
1 6 2
428 245
1 13 2
42 430
1 9 2
165 45
1 7 2
177 528
1 12 2
247 545
1 11 2
86 406
1 2 2
6 641
1 7 2
549 406
1 5 2
181 252
1 7 2
30 361
1 5 2
553 562
1 14 2
519 648
1 2 2
617 375
1 4 2
464 73
1 10 2
1 601
1 2 2
47 557
1 14 2
458 151
1 12 2
442 249
1 4 2
543 81
1 7 2
315 260
1 2 2
127 609
1 8 2
369 525
1 10 2
616 286
1 8 2
114 97
1 5 2
608 347
1 10 2
604 523
1 13 2
647 390
1 9 2
682 514
1 12 2
527 322
1 5 2
511 648
1 10 2
155 109
1 12 2
633 324
1 14 2
649 243
1 4 2
337 535
1 10 2
527 463
1 3 2
421 559
1 15 2
122 88
1 12 2
166 530
1 15 2
150 307
1 6 2
122 380
1 8 2
428 289
1 9 2
68 214
1 15 2
391 85
1 9 2
109 652
1 6 2
447 432
1 10 2
514 309
1 6 2
25 276
1 10 2
57 366
1 9 2
216 497
1 15 2
422 287
1 12 2
507 203
1 9 2
465 249
1 11 2
226 398
1 2 2
687 383
1 14 2
305 498
1 14 2
33 596
1 11 2
137 413
1 14 2
219 384
1 15 2
459 59
1 7 2
501 227
1 8 2
357 480
1 9 2
333 662
1 13 2
561 121
1 10 2
632 473
1 12 2
148 589
1 11 2
269 292
1 14 2
10 155
1 5 2
693 587
1 3 2
452 409
1 15 2
88 96
1 13 2
430 106
1 15 2
175 434
1 8 2
297 306
1 8 2
496 204
1 14 2
424 357
1 15 2
614 502
1 7 2
697 57
1 9 2
109 608
1 14 2
317 516
1 9 2
71 26
1 14 2
559 342
1 10 2
557 52
1 8 2
126 697
1 3 2
698 251
1 2 2
210 251
1 9 2
153 211
1 6 2
324 268
1 4 2
272 340
1 2 2
661 30
1 11 2
560 172
1 6 2
396 331
1 15 2
649 396
1 5 2
43 274
1 10 2
516 191
1 15 2
558 283
1 10 2
593 687
1 5 2
457 169
1 13 2
557 539
1 14 2
504 336
1 7 2
568 451
1 4 2
227 486
1 14 2
643 124
1 14 2
461 270
1 13 2
485 499
1 3 2
77 6
1 4 2
301 458
1 8 2
677 506
1 6 2
362 127
1 5 2
41 674
1 12 2
95 148
1 14 2
285 391
1 8 2
511 132
1 13 2
414 497
1 5 2
473 634
1 3 2
530 516
1 2 2
25 341
1 12 2
683 290
1 15 2
638 91
1 3 2
369 247
1 8 2
320 370
1 7 2
2 190
1 9 2
62 42
1 13 2
264 108
1 12 2
310 284
1 11 2
79 178
1 14 2
509 473
1 6 2
477 627
1 10 2
472 356
1 9 2
571 373
1 10 2
635 476
1 10 2
168 645
1 5 2
22 77
1 12 2
37 118
1 8 2
222 322
1 14 2
279 518
1 3 2
600 667
1 15 2
195 376
1 5 2
478 555
1 4 2
99 673
1 14 2
2 507
1 15 2
590 266
1 8 2
689 515
1 3 2
58 252
1 13 2
74 530
1 15 2
626 486
1 6 2
83 14
1 3 2
461 318
1 11 2
86 362
1 11 2
199 389
1 11 2
369 53
1 4 2
53 323
1 12 2
659 661
1 9 2
103 627
1 3 2
96 255
1 6 2
413 570
1 5 2
633 308
1 10 2
294 166
1 4 2
300 63
1 7 2
634 473
1 8 2
640 513
1 2 2
689 683
1 9 2
583 656
1 4 2
221 582
1 5 2
443 587
1 8 2
259 253
1 6 2
516 198
1 6 2
650 232
1 2 2
473 208
1 11 2
514 261
1 12 2
462 563
1 5 2
339 375
1 12 2
209 225
1 8 2
78 444
1 13 2
289 546
1 3 2
522 266
1 6 2
685 69
1 11 2
510 297
1 3 2
99 125
1 9 2
632 517
1 12 2
285 562
1 5 2
120 462
1 11 2
510 334
1 5 2
568 133
1 4 2
424 197
1 11 2
543 312
1 8 2
387 255
1 11 2
345 319
1 4 2
321 508
1 11 2
223 16
1 4 2
177 599
1 6 2
320 235
1 2 2
184 387
1 4 2
9 337
1 15 2
457 130
1 5 2
173 534
1 7 2
462 81
1 14 2
398 649
1 7 2
484 230
1 4 2
26 510
1 7 2
194 202
1 15 2
409 273
1 7 2
138 268
1 8 2
588 371
1 6 2
517 312
1 5 2
491 87
1 13 2
96 562
1 12 2
364 140
1 5 2
670 446
1 5 2
90 321
1 9 2
162 626
1 14 2
13 115
1 6 2
494 479
1 2 2
174 293
1 15 2
107 87
1 13 2
418 680
1 5 2
507 264
1 4 2
621 617
1 2 2
130 3
1 7 2
128 639
1 2 2
263 82
1 15 2
620 187
1 11 2
385 520
1 2 2
31 673
1 3 2
583 476
1 9 2
622 160
1 5 2
79 386
1 13 2
427 624
1 7 2
458 540
1 10 2
362 111
1 10 2
82 226
1 13 2
364 164
1 3 2
218 583
1 3 2
107 103
1 6 2
219 33
1 3 2
426 581
1 14 2
47 627
1 12 2
370 530
1 8 2
121 230
1 11 2
23 445
1 4 2
22 541
1 6 2
99 204
1 14 2
438 297
1 7 2
335 507
1 8 2
630 469
1 7 2
63 632
1 10 2
154 560
1 9 2
663 161
1 14 2
480 648
1 7 2
471 495
1 10 2
278 135
1 3 2
397 113
1 3 2
561 178
1 2 2
378 580
1 10 2
514 667
1 5 2
220 482
1 13 2
223 159
1 11 2
280 262
1 2 2
396 182
1 6 2
604 145
1 9 2
10 429
1 11 2
467 506
1 7 2
617 478
1 2 2
0 445
1 7 2
570 627
1 13 2
122 268
1 5 2
267 126
1 10 2
537 645
1 7 2
515 507
1 14 2
185 443
1 2 2
24 482
1 7 2
124 59
1 9 2
462 326
1 5 2
586 122
1 10 2
83 178
1 15 2
436 367
1 5 2
492 100
1 11 2
610 397
1 15 2
315 572
1 6 2
313 363
1 13 2
8 310
1 9 2
419 431
1 9 2
274 176
1 7 2
17 610
1 11 2
697 377
1 12 2
319 469
1 11 2
356 147
1 2 2
458 256
1 7 2
280 329
1 7 2
96 98
1 15 2
579 501
1 9 2
371 561
1 11 2
504 93
1 9 2
55 537
1 8 2
6 61
1 8 2
466 470
1 13 2
57 415
1 7 2
642 159
1 11 2
624 675
1 2 2
697 399
1 5 2
156 386
1 2 2
394 304
1 11 2
21 446
1 3 2
404 228
1 2 2
99 320
1 13 2
439 674
1 7 2
341 201
1 7 2
382 555
1 6 2
689 590
1 4 2
399 66
1 8 2
247 376
1 3 2
191 466
1 8 2
537 618
1 10 2
69 511
1 15 2
483 378
1 3 2
511 489
1 13 2
595 303
1 13 2
683 203
1 11 2
41 609
1 5 2
523 255
1 8 2
128 141
1 3 2
314 34
1 7 2
41 319
1 3 2
640 661
1 9 2
345 549
1 9 2
181 610
1 14 2
200 452
1 7 2
672 261
1 9 2
550 672
1 2 2
596 114
1 3 2
195 17
1 14 2
36 251
1 10 2
38 251
1 10 2
23 686
1 15 2
431 292
1 7 2
244 49
1 10 2
109 282
1 9 2
471 268
1 5 2
643 445
1 6 2
298 306
1 11 2
286 651
1 15 2
429 42
1 11 2
284 186
1 8 2
371 443
1 10 2
595 64
1 4 2
373 223
1 9 2
607 244
1 15 2
67 314
1 6 2
66 96
1 13 2
326 509
1 8 2
88 76
1 11 2
538 167
1 4 2
477 345
1 10 2
516 147
1 13 2
248 451
1 15 2
181 434
1 6 2
430 211
1 6 2
407 541
1 12 2
104 607
1 9 2
35 134
1 5 2
348 458
1 3 2
548 471
1 7 2
591 449
1 14 2
415 264
1 15 2
573 304
1 12 2
323 413
1 14 2
493 553
1 11 2
505 186
1 4 2
504 499
1 2 2
583 317
1 3 2
584 566
1 15 2
506 183
1 10 2
290 424
1 8 2
383 157
1 8 2
17 192
1 12 2
247 235
1 10 2
300 231
1 10 2
637 159
1 5 2
663 113
1 6 2
147 692
1 14 2
547 67
1 7 2
398 687
1 11 2
160 96
1 2 2
71 378
1 14 2
192 393
1 12 2
528 584
1 5 2
250 496
1 6 2
273 581
1 14 2
123 276
1 3 2
476 165
1 15 2
524 88
1 6 2
377 652
1 11 2
533 254
1 3 2
551 93
1 5 2
348 603
1 7 2
121 289
1 7 2
421 109
1 9 2
163 620
1 14 2
50 465
1 2 2
678 598
1 4 2
364 90
1 14 2
419 539
1 6 2
415 446
1 4 2
358 529
1 12 2
132 586
1 14 2
642 649
1 14 2
516 42
1 5 2
176 643
1 11 2
153 111
1 15 2
609 128
1 15 2
120 513
1 11 2
311 602
1 5 2
6 597
1 14 2
487 654
1 3 2
309 144
1 14 2
481 622
1 8 2
313 589
1 5 2
602 540
1 2 2
460 210
1 12 2
310 12
1 6 2
3 669
1 5 2
147 513
1 8 2
575 275
1 11 2
404 621
1 5 2
106 69
1 13 2
566 47
1 4 2
518 684
1 8 2
332 266
1 14 2
74 430
1 8 2
442 487
1 9 2
566 376
1 6 2
417 191
1 7 2
111 455
1 11 2
502 670
1 7 2
329 544
1 14 2
206 86
1 11 2
121 634
1 12 2
27 417
1 6 2
526 87
1 3 2
316 599
1 10 2
626 548
1 5 2
207 99
1 15 2
56 562
1 3 2
265 522
1 10 2
575 480
1 7 2
249 344
1 7 2
561 180
1 15 2
442 54
1 13 2
235 482
1 8 2
250 228
1 10 2
108 130
1 4 2
544 230
1 6 2
113 134
1 9 2
586 151
1 6 2
538 93
1 3 2
144 89
1 13 2
612 269
1 6 2
434 424
1 5 2
567 440
1 9 2
490 433
1 7 2
463 65
1 8 2
365 447
1 4 2
556 688
1 7 2
304 393
1 9 2
514 688
1 5 2
370 697
1 10 2
642 329
1 8 2
96 29
1 4 2
113 107
1 6 2
208 346
1 3 2
210 323
1 5 2
19 461
1 10 2
193 228
1 7 2
143 627
1 13 2
339 578
1 8 2
604 561
1 4 2
698 520
1 8 2
674 300
1 9 2
418 45
1 4 2
158 485
1 14 2
403 13
1 8 2
77 8
1 4 2
644 351
1 6 2
593 674
1 3 2
175 465
1 7 2
85 558
1 10 2
548 546
1 2 2
464 106
1 10 2
597 91
1 5 2
506 403
1 14 2
371 581
1 15 2
91 72
1 9 2
692 285
1 5 2
412 585
1 12 2
105 428
1 12 2
394 14
1 13 2
557 675
1 5 2
508 495
1 14 2
319 455
1 9 2
296 202
1 4 2
532 668
1 8 2
387 318
1 14 2
541 219
1 14 2
252 251
1 6 2
189 594
1 3 2
13 599
1 8 2
67 244
1 7 2
465 581
1 12 2
316 310
1 12 2
682 245
1 11 2
268 287
1 2 2
267 36
1 15 2
296 274
1 10 2
485 425
1 3 2
117 187
1 14 2
571 264
1 7 2
679 174
1 3 2
12 6
1 15 2
163 81
1 6 2
108 239
1 8 2
279 517
1 9 2
684 12
1 2 2
125 321
1 11 2
386 150
1 3 2
188 158
1 13 2
316 45
1 13 2
348 357
1 5 2
537 670
1 12 2
698 204
1 3 2
554 588
1 15 2
224 56
1 15 2
645 339
1 7 2
691 198
1 11 2
586 40
1 4 2
147 551
1 15 2
266 167
1 5 2
671 283
1 6 2
230 276
1 10 2
61 173
1 9 2
681 10
1 11 2
441 356
1 8 2
460 638
1 14 2
20 333
1 7 2
274 638
1 10 2
70 192
1 13 2
463 569
1 7 2
151 142
1 9 2
487 502
1 9 2
394 11
1 8 2
551 657
1 15 2
391 139
1 15 2
7 229
1 14 2
346 275
1 2 2
563 614
1 15 2
81 658
1 7 2
692 90
1 6 2
382 31
1 15 2
453 660
1 11 2
612 674
1 10 2
387 319
1 8 2
242 228
1 6 2
57 381
1 10 2
4 80
1 9 2
215 52
1 14 2
44 4
1 13 2
41 77
1 10 2
4 296
1 9 2
242 205
1 7 2
450 622
1 14 2
389 208
1 15 2
646 545
1 5 2
268 113
1 10 2
237 142
1 7 2
530 461
1 14 2
453 110
1 11 2
397 197
1 3 2
394 563
1 15 2
495 639
1 5 2
36 382
1 2 2
74 339
1 7 2
108 170
1 6 2
209 296
1 4 2
560 561
1 10 2
409 282
1 10 2
22 273
1 8 2
135 523
1 6 2
142 570
1 13 2
320 227
1 6 2
471 88
1 4 2
333 190
1 6 2
416 428
1 4 2
95 313
1 13 2
157 559
1 7 2
262 449
1 14 2
486 53
1 12 2
607 601
1 9 2
495 256
1 2 2
620 119
1 11 2
463 217
1 12 2
305 530
1 3 2
99 552
1 10 2
91 206
1 6 2
411 309
1 5 2
331 662
1 9 2
499 561
1 3 2
660 451
1 12 2
625 118
1 7 2
136 448
1 14 2
82 271
1 9 2
178 699
1 4 2
541 319
1 9 2
483 371
1 2 2
598 372
1 13 2
118 699
1 8 2
313 344
1 3 2
488 508
1 11 2
124 37
1 15 2
634 413
1 14 2
439 657
1 10 2
546 332
1 6 2
308 651
1 10 2
227 447
1 7 2
422 550
1 3 2
361 319
1 3 2
129 227
1 10 2
87 442
1 15 2
1 383
1 3 2
639 385
1 11 2
330 170
1 6 2
468 78
1 7 2
222 191
1 14 2
590 225
1 15 2
659 500
1 5 2
138 525
1 12 2
588 371
1 6 2
295 91
1 13 2
664 62
1 13 2
217 370
1 9 2
304 307
1 7 2
640 641
1 11 2
616 153
1 11 2
46 410
1 12 2
456 542
1 9 2
463 417
1 11 2
599 587
1 8 2
102 419
1 6 2
556 468
1 9 2
439 540
1 13 2
209 680
1 3 2
605 152
1 4 2
221 545
1 4 2
607 494
1 10 2
678 443
1 11 2
394 269
1 4 2
637 520
1 3 2
662 431
1 7 2
576 419
1 10 2
454 172
1 14 2
459 671
1 9 2
393 218
1 14 2
559 301
1 8 2
106 483
1 15 2
0 696
1 7 2
78 331
1 8 2
248 621
1 7 2
162 568
1 11 2
373 570
1 8 2
390 431
1 5 2
574 652
1 3 2
168 116
1 7 2
679 251
1 6 2
296 65
1 6 2
589 168
1 2 2
103 402
1 11 2
516 606
1 7 2
328 237
1 3 2
42 70
1 6 2
277 405
1 2 2
616 443
1 13 2
180 113
1 12 2
369 180
1 10 2
282 677
1 10 2
662 141
1 14 2
565 616
1 9 2
356 227
1 9 2
660 335
1 2 2
396 314
1 9 2
403 2
1 2 2
112 482
1 4 2
555 447
1 5 2
370 460
1 15 2
168 540
1 3 2
661 77
1 5 2
223 249
1 15 2
473 484
1 15 2
603 622
1 3 2
293 321
1 3 2
517 302
1 14 2
386 357
1 5 2
6 341
1 14 2
424 343
1 7 2
324 652
1 15 2
631 264
1 13 2
470 131
1 9 2
410 241
1 15 2
379 470
1 13 2
161 379
1 13 2
107 353
1 2 2
45 438
1 6 2
72 603
1 4 2
422 163
1 5 2
395 97
1 15 2
150 108
1 4 2
440 394
1 13 2
397 154
1 7 2
533 144
1 10 2
573 234
1 13 2
135 249
1 2 2
581 557
1 8 2
642 348
1 11 2
666 412
1 15 2
593 387
1 6 2
179 57
1 3 2
655 535
1 4 2
362 77
1 9 2
591 337
1 6 2
178 425
1 8 2
35 5
1 8 2
405 172
1 15 2
488 375
1 12 2
324 284
1 5 2
477 646
1 15 2
185 193
1 3 2
106 289
1 11 2
102 523
1 2 2
280 150
1 11 2
210 484
1 11 2
52 353
1 10 2
680 120
1 3 2
244 41
1 8 2
67 270
1 8 2
516 249
1 5 2
75 117
1 13 2
279 311
1 4 2
97 60
1 4 2
443 384
1 5 2
353 189
1 4 2
197 82
1 2 2
681 282
1 5 2
153 334
1 9 2
345 387
1 3 2
301 21
1 12 2
66 355
1 15 2
177 619
1 13 2
581 305
1 5 2
418 442
1 10 2
8 200
1 3 2
659 189
1 6 2
119 546
1 10 2
371 537
1 4 2
504 323
1 14 2
344 500
1 2 2
260 309
1 10 2
498 685
1 2 2
543 87
1 4 2
438 134
1 15 2
31 35
1 9 2
10 313
1 10 2
332 102
1 4 2
88 135
1 15 2
182 387
1 13 2
147 322
1 3 2
93 469
1 2 2
686 506
1 4 2
185 238
1 10 2
394 660
1 11 2
43 60
1 7 2
9 695
1 14 2
66 642
1 12 2
658 513
1 9 2
223 90
1 8 2
75 536
1 3 2
100 684
1 7 2
218 486
1 15 2
512 678
1 9 2
102 622
1 10 2
450 71
1 6 2
546 13
1 11 2
586 68
1 13 2
180 277
1 10 2
315 646
1 10 2
263 210
1 15 2
402 635
1 6 2
363 66
1 3 2
522 211
1 12 2
125 699
1 7 2
655 62
1 4 2
651 496
1 14 2
397 187
1 11 2
138 419
1 3 2
552 164
1 9 2
144 418
1 2 2
530 370
1 5 2
63 140
1 13 2
664 233
1 3 2
35 245
1 2 2
159 658
1 6 2
0 593
1 13 2
532 428
1 4 2
104 178
1 12 2
602 296
1 3 2
263 502
1 2 2
538 391
1 12 2
263 465
1 7 2
179 464
1 11 2
172 415
1 4 2
429 634
1 14 2
578 349
1 12 2
278 595
1 10 2
369 46
1 6 2
250 268
1 10 2
191 254
1 7 2
547 549
1 9 2
537 597
1 4 2
285 217
1 12 2
70 502
1 7 2
368 643
1 8 2
343 496
1 8 2
408 576
1 3 2
147 687
1 9 2
667 167
1 6 2
475 303
1 10 2
38 673
1 6 2
149 598
1 11 2
209 120
1 6 2
152 383
1 13 2
695 157
1 15 2
62 136
1 6 2
100 340
1 7 2
464 379
1 7 2
185 177
1 11 2
588 518
1 3 2
646 578
1 8 2
657 81
1 11 2
692 576
1 8 2
228 535
1 2 2
161 132
1 2 2
89 695
1 3 2
673 400
1 11 2
423 464
1 12 2
606 403
1 7 2
140 440
1 2 2
131 182
1 11 2
431 602
1 10 2
186 683
1 3 2
456 27
1 10 2
404 339
1 7 2
441 352
1 15 2
389 262
1 5 2
589 438
1 7 2
433 205
1 12 2
414 211
1 6 2
466 127
1 15 2
655 5
1 14 2
367 653
1 10 2
688 151
1 12 2
653 270
1 4 2
60 578
1 8 2
180 88
1 8 2
117 358
1 10 2
461 516
1 4 2
691 659
1 14 2
570 262
1 15 2
40 216
1 9 2
173 518
1 7 2
403 573
1 7 2
157 321
1 11 2
427 11
1 13 2
542 218
1 4 2
31 648
1 15 2
64 183
1 15 2
272 539
1 10 2
550 414
1 14 2
126 641
1 2 2
632 548
1 15 2
371 513
1 4 2
140 479
1 2 2
342 101
1 3 2
115 46
1 14 2
608 267
1 14 2
215 129
1 10 2
139 94
1 7 2
206 56
1 3 2
537 256
1 4 2
39 178
1 7 2
149 645
1 10 2
107 394
1 7 2
14 594
1 2 2
355 437
1 7 2
106 159
1 5 2
514 117
1 2 2
473 649
1 15 2
600 4
1 2 2
56 461
1 14 2
151 264
1 6 2
473 539
1 10 2
497 563
1 2 2
395 583
1 11 2
483 632
1 7 2
16 244
1 10 2
170 590
1 9 2
614 624
1 9 2
57 328
1 11 2
627 73
1 6 2
634 46
1 12 2
237 186
1 7 2
46 173
1 14 2
331 538
1 4 2
323 498
1 6 2
288 337
1 8 2
60 67
1 8 2
695 430
1 15 2
81 235
1 14 2
469 72
1 6 2
547 478
1 5 2
430 137
1 7 2
609 436
1 6 2
533 421
1 5 2
386 101
1 10 2
283 228
1 3 2
230 663
1 3 2
25 549
1 8 2
331 281
1 11 2
437 547
1 14 2
238 108
1 13 2
556 132
1 8 2
361 667
1 4 2
234 382
1 6 2
168 59
1 13 2
279 417
1 5 2
425 189
1 7 2
695 495
1 2 2
549 413
1 9 2
393 562
1 4 2
258 397
1 6 2
299 145
1 4 2
136 7
1 12 2
88 621
1 7 2
384 180
1 3 2
367 327
1 8 2
493 98
1 14 2
357 622
1 8 2
690 302
1 2 2
510 441
1 4 2
487 1
1 6 2
145 229
1 5 2
513 153
1 8 2
91 66
1 8 2
93 31
1 12 2
695 460
1 15 2
555 235
1 9 2
14 273
1 14 2
185 317
1 11 2
485 266
1 2 2
366 520
1 10 2
345 577
1 13 2
517 554
1 11 2
8 95
1 7 2
519 35
1 14 2
539 322
1 7 2
596 98
1 8 2
240 166
1 11 2
71 253
1 11 2
424 423
1 11 2
433 549
1 8 2
420 306
1 5 2
106 104
1 2 2
670 565
1 4 2
511 498
1 6 2
140 623
1 5 2
500 305
1 6 2
13 180
1 9 2
210 179
1 2 2
106 689
1 4 2
619 164
1 14 2
292 73
1 7 2
31 480
1 10 2
632 252
1 5 2
318 70
1 6 2
356 50
1 11 2
470 13
1 15 2
204 45
1 13 2
327 493
1 9 2
536 122
1 8 2
441 198
1 9 2
113 628
1 12 2
452 516
1 11 2
250 496
1 8 2
485 188
1 15 2
421 659
1 13 2
84 538
1 10 2
84 268
1 2 2
341 545
1 5 2
692 109
1 12 2
458 232
1 11 2
644 332
1 12 2
629 264
1 6 2
463 180
1 11 2
621 594
1 8 2
560 421
1 13 2
686 616
1 5 2
538 82
1 13 2
687 644
1 13 2
401 104
1 13 2
532 183
1 14 2
620 461
1 8 2
35 472
1 8 2
568 623
1 4 2
433 552
1 12 2
370 305
1 7 2
407 47
1 7 2
35 647
1 11 2
296 282
1 3 2
396 665
1 12 2
635 4
1 7 2
510 345
1 5 2
176 648
1 8 2
50 275
1 11 2
500 507
1 5 2
284 339
1 4 2
399 272
1 2 2
637 355
1 4 2
32 572
1 15 2
491 295
1 13 2
159 534
1 10 2
103 154
1 5 2
83 619
1 13 2
104 150
1 10 2
163 482
1 12 2
58 254
1 2 2
329 27
1 13 2
145 377
1 5 2
291 214
1 2 2
111 272
1 13 2
507 245
1 5 2
299 619
1 3 2
55 315
1 7 2
85 320
1 15 2
361 483
1 14 2
47 9
1 5 2
653 306
1 11 2
332 155
1 4 2
589 385
1 2 2
431 128
1 11 2
292 71
1 3 2
371 242
1 7 2
0 219
1 13 2
567 674
1 13 2
511 36
1 4 2
600 421
1 9 2
435 43
1 12 2
199 468
1 5 2
288 625
1 2 2
382 668
1 10 2
209 302
1 11 2
92 169
1 12 2
478 508
1 5 2
455 53
1 2 2
671 504
1 5 2
303 532
1 7 2
143 421
1 3 2
495 77
1 9 2
640 584
1 12 2
98 327
1 10 2
200 369
1 4 2
660 43
1 10 2
63 657
1 14 2
562 588
1 9 2
264 665
1 15 2
541 53
1 7 2
102 46
1 12 2
424 536
1 4 2
330 51
1 13 2
71 4
1 10 2
206 95
1 12 2
354 443
1 13 2
474 683
1 12 2
148 453
1 10 2
507 54
1 4 2
131 458
1 11 2
690 454
1 14 2
486 694
1 6 2
511 183
1 14 2
328 296
1 2 2
491 161
1 6 2
409 498
1 4 2
40 230
1 2 2
486 546
1 6 2
113 315
1 15 2
505 678
1 14 2
96 604
1 11 2
653 356
1 12 2
417 84
1 10 2
224 52
1 11 2
439 305
1 13 2
83 538
1 8 2
642 532
1 2 2
550 181
1 4 2
402 115
1 15 2
535 421
1 4 2
80 347
1 3 2
226 20
1 5 2
334 191
1 4 2
386 516
1 14 2
683 380
1 8 2
109 325
1 12 2
469 596
1 6 2
388 565
1 11 2
232 549
1 14 2
351 239
1 9 2
114 135
1 4 2
281 207
1 5 2
11 650
1 14 2
130 423
1 15 2
405 615
1 3 2
195 659
1 4 2
74 254
1 10 2
519 441
1 8 2
227 307
1 7 2
584 493
1 4 2
389 553
1 8 2
54 404
1 14 2
69 176
1 8 2
103 607
1 2 2
184 682
1 6 2
352 664
1 8 2
261 432
1 3 2
179 173
1 13 2
613 351
1 15 2
539 658
1 3 2
107 4
1 12 2
110 468
1 5 2
47 413
1 11 2
361 538
1 7 2
642 511
1 7 2
121 390
1 8 2
169 477
1 2 2
279 556
1 5 2
248 555
1 5 2
608 605
1 5 2
381 336
1 10 2
136 286
1 3 2
503 417
1 13 2
482 355
1 10 2
22 568
1 2 2
423 502
1 2 2
661 435
1 11 2
545 103
1 14 2
549 23
1 9 2
335 132
1 4 2
102 69
1 4 2
45 71
1 5 2
387 80
1 15 2
367 527
1 12 2
424 633
1 3 2
612 375
1 5 2
526 206
1 7 2
664 17
1 13 2
207 164
1 14 2
680 20
1 8 2
128 617
1 5 2
484 453
1 2 2
692 641
1 12 2
469 180
1 9 2
442 13
1 11 2
512 124
1 10 2
319 536
1 10 2
297 92
1 8 2
434 655
1 15 2
440 509
1 6 2
632 403
1 13 2
386 92
1 12 2
61 14
1 3 2
242 102
1 3 2
598 327
1 3 2
92 260
1 2 2
311 270
1 15 2
122 289
1 14 2
35 276
1 4 2
659 547
1 11 2
313 456
1 12 2
400 678
1 8 2
467 197
1 9 2
152 447
1 6 2
204 437
1 11 2
299 212
1 4 2
18 463
1 13 2
625 275
1 10 2
257 193
1 11 2
105 528
1 12 2
468 506
1 8 2
512 311
1 15 2
515 629
1 3 2
590 425
1 10 2
407 315
1 5 2
181 85
1 3 2
504 391
1 12 2
445 52
1 15 2
632 121
1 12 2
343 210
1 15 2
222 172
1 6 2
356 260
1 6 2
358 573
1 15 2
517 4
1 12 2
124 384
1 14 2
205 218
1 8 2
665 256
1 12 2
110 80
1 11 2
170 483
1 12 2
683 272
1 4 2
572 260
1 14 2
667 520
1 8 2
632 40
1 15 2
296 697
1 6 2
683 437
1 4 2
457 527
1 13 2
82 174
1 2 2
212 690
1 3 2
244 408
1 6 2
191 79
1 6 2
32 373
1 2 2
349 113
1 14 2
567 679
1 7 2
298 467
1 2 2
24 327
1 15 2
539 591
1 7 2
483 299
1 3 2
61 67
1 4 2
682 565
1 3 2
586 476
1 9 2
682 20
1 10 2
538 685
1 4 2
305 514
1 12 2
259 407
1 10 2
651 465
1 8 2
676 598
1 5 2
26 658
1 9 2
178 448
1 15 2
181 438
1 15 2
696 645
1 4 2
630 299
1 7 2
578 516
1 7 2
37 602
1 3 2
344 279
1 11 2
428 654
1 11 2
23 524
1 7 2
355 184
1 8 2
674 25
1 11 2
180 16
1 7 2
511 590
1 12 2
156 515
1 2 2
670 462
1 10 2
232 653
1 14 2
556 297
1 6 2
231 648
1 7 2
82 610
1 9 2
181 214
1 10 2
532 496
1 6 2
303 541
1 15 2
419 422
1 15 2
562 613
1 13 2
690 352
1 2 2
646 637
1 3 2
590 267
1 15 2
377 663
1 14 2
559 536
1 6 2
21 685
1 10 2
673 239
1 3 2
443 580
1 13 2
129 297
1 15 2
116 647
1 6 2
20 612
1 11 2
349 215
1 3 2
557 489
1 8 2
54 168
1 10 2
508 36
1 2 2
411 21
1 4 2
289 257
1 7 2
218 259
1 14 2
375 486
1 9 2
97 541
1 14 2
607 352
1 14 2
330 209
1 7 2
322 603
1 6 2
650 330
1 3 2
192 674
1 2 2
31 363
1 10 2
385 657
1 13 2
240 349
1 7 2
470 393
1 8 2
534 564
1 4 2
431 158
1 12 2
332 127
1 4 2
151 482
1 6 2
425 311
1 6 2
26 341
1 3 2
263 681
1 7 2
52 579
1 8 2
513 222
1 13 2
301 552
1 9 2
421 368
1 11 2
593 658
1 15 2
321 1
1 2 2
649 246
1 11 2
39 381
1 12 2
177 205
1 7 2
506 368
1 9 2
495 43
1 5 2
653 58
1 2 2
393 111
1 4 2
64 23
1 13 2
621 413
1 4 2
251 110
1 12 2
631 161
1 5 2
183 536
1 9 2
673 693
1 8 2
9 443
1 15 2
86 562
1 14 2
433 483
1 3 2
689 386
1 3 2
247 129
1 12 2
441 321
1 14 2
564 367
1 3 2
536 611
1 13 2
173 470
1 15 2
158 631
1 7 2
531 656
1 14 2
444 549
1 8 2
154 167
1 4 2
640 126
1 9 2
594 653
1 11 2
621 11
1 10 2
313 656
1 11 2
482 572
1 4 2
495 497
1 10 2
110 206
1 8 2
549 252
1 10 2
585 472
1 4 2
184 633
1 2 2
106 628
1 10 2
350 159
1 6 2
427 634
1 2 2
678 501
1 4 2
541 132
1 3 2
371 160
1 13 2
130 394
1 10 2
370 327
1 11 2
557 113
1 4 2
683 173
1 3 2
467 667
1 4 2
337 552
1 11 2
372 691
1 10 2
246 275
1 4 2
431 299
1 6 2
479 231
1 2 2
154 0
1 8 2
572 385
1 9 2
667 600
1 4 2
368 29
1 13 2
136 401
1 13 2
294 113
1 7 2
699 299
1 8 2
454 113
1 6 2
142 410
1 7 2
451 317
1 12 2
217 599
1 10 2
371 333
1 13 2
625 358
1 15 2
625 418
1 15 2
344 99
1 3 2
158 390
1 8 2
106 445
1 11 2
651 420
1 14 2
446 626
1 7 2
172 177
1 12 2
338 586
1 4 2
153 641
1 12 2
363 294
1 10 2
381 638
1 2 2
202 125
1 6 2
437 4
1 2 2
127 39
1 11 2
416 615
1 11 2
213 529
1 15 2
570 396
1 15 2
617 469
1 9 2
696 48
1 7 2
41 412
1 14 2
311 573
1 2 2
431 309
1 2 2
314 223
1 8 2
303 300
1 8 2
638 143
1 4 2
558 505
1 8 2
31 433
1 13 2
428 480
1 13 2
62 621
1 3 2
338 242
1 14 2
210 390
1 7 2
482 110
1 2 2
512 633
1 14 2
514 386
1 3 2
273 658
1 7 2
319 478
1 8 2
203 195
1 9 2
515 302
1 11 2
120 446
1 11 2
485 438
1 2 2
44 365
1 8 2
661 123
1 14 2
337 373
1 8 2
298 465
1 13 2
80 291
1 2 2
100 503
1 4 2
208 671
1 8 2
684 665
1 11 2
108 258
1 11 2
173 342
1 14 2
183 17
1 9 2
287 413
1 9 2
379 316
1 15 2
281 334
1 11 2
359 54
1 8 2
646 66
1 13 2
697 37
1 6 2
8 198
1 4 2
436 358
1 9 2
682 582
1 15 2
52 170
1 14 2
164 268
1 13 2
112 111
1 2 2
206 486
1 4 2
66 261
1 14 2
671 147
1 3 2
483 156
1 12 2
196 281
1 5 2
358 198
1 2 2
595 76
1 9 2
367 264
1 4 2
578 404
1 2 2
593 676
1 5 2
357 432
1 13 2
28 225
1 11 2
558 58
1 11 2
455 668
1 14 2
683 573
1 14 2
18 537
1 11 2
655 102
1 10 2
561 194
1 11 2
243 647
1 12 2
47 596
1 2 2
30 254
1 7 2
93 573
1 14 2
664 300
1 7 2
292 658
1 3 2
469 3
1 4 2
237 401
1 8 2
100 106
1 7 2
105 423
1 6 2
57 167
1 2 2
280 525
1 2 2
572 615
1 4 2
415 311
1 11 2
330 56
1 2 2
121 591
1 9 2
297 118
1 6 2
221 17
1 7 2
406 164
1 9 2
350 143
1 5 2
464 643
1 6 2
238 283
1 11 2
623 309
1 7 2
462 558
1 8 2
445 307
1 6 2
192 309
1 5 2
99 662
1 11 2
286 561
1 6 2
425 621
1 3 2
170 116
1 4 2
242 258
1 7 2
267 558
1 4 2
628 416
1 4 2
123 160
1 4 2
4 131
1 7 2
433 697
1 13 2
339 485
1 6 2
114 41
1 15 2
249 481
1 6 2
558 296
1 10 2
122 514
1 13 2
509 442
1 10 2
48 215
1 8 2
188 472
1 2 2
659 501
1 8 2
692 85
1 9 2
155 390
1 5 2
195 151
1 6 2
567 458
1 3 2
9 185
1 14 2
601 589
1 10 2
377 321
1 4 2
596 97
1 14 2
459 602
1 10 2
324 299
1 12 2
123 118
1 13 2
347 680
1 14 2
142 288
1 14 2
256 249
1 12 2
106 365
1 15 2
537 98
1 8 2
110 446
1 9 2
501 394
1 10 2
50 588
1 15 2
682 111
1 13 2
388 260
1 5 2
55 372
1 13 2
288 146
1 13 2
62 272
1 9 2
459 349
1 6 2
656 317
1 8 2
15 442
1 9 2
696 494
1 15 2
469 237
1 3 2
123 630
1 4 2
57 518
1 8 2
674 369
1 14 2
212 534
1 12 2
56 516
1 9 2
396 586
1 3 2
305 183
1 15 2
148 329
1 14 2
146 34
1 15 2
560 642
1 8 2
302 239
1 7 2
484 380
1 14 2
520 452
1 4 2
113 43
1 13 2
590 164
1 9 2
251 586
1 12 2
686 669
1 14 2
124 602
1 3 2
206 584
1 7 2
152 67
1 13 2
62 509
1 15 2
438 153
1 14 2
36 152
1 7 2
427 119
1 4 2
627 47
1 12 2
330 440
1 15 2
167 685
1 15 2
52 370
1 2 2
26 79
1 5 2
483 584
1 12 2
283 691
1 4 2
594 324
1 10 2
390 28
1 4 2
432 57
1 11 2
427 139
1 12 2
334 216
1 14 2
428 234
1 6 2
99 229
1 15 2
349 76
1 9 2
621 44
1 13 2
134 528
1 13 2
443 19
1 10 2
533 259
1 5 2
666 626
1 9 2
57 373
1 15 2
690 649
1 14 2
164 540
1 11 2
324 491
1 3 2
1 41
1 12 2
61 26
1 13 2
680 467
1 7 2
612 548
1 12 2
511 387
1 14 2
572 618
1 6 2
655 92
1 3 2
397 471
1 7 2
645 42
1 8 2
15 441
1 14 2
32 54
1 2 2
438 432
1 10 2
479 582
1 15 2
400 621
1 8 2
426 154
1 11 2
461 607
1 8 2
325 462
1 2 2
530 502
1 6 2
606 238
1 10 2
230 97
1 7 2
510 236
1 4 2
198 389
1 5 2
94 63
1 3 2
118 382
1 12 2
309 395
1 9 2
205 584
1 10 2
463 473
1 9 2
617 239
1 12 2
216 699
1 9 2
352 221
1 4 2
399 195
1 12 2
555 679
1 5 2
25 266
1 14 2
187 275
1 3 2
551 677
1 15 2
240 246
1 5 2
650 47
1 8 2
164 630
1 12 2
491 175
1 10 2
256 227
1 5 2
350 248
1 3 2
684 561
1 9 2
164 675
1 7 2
100 66
1 6 2
540 178
1 4 2
81 324
1 13 2
10 96
1 7 2
335 518
1 4 2
95 114
1 15 2
63 87
1 9 2
465 108
1 9 2
462 592
1 7 2
650 596
1 6 2
544 21
1 10 2
325 289
1 10 2
152 602
1 11 2
173 399
1 13 2
670 615
1 13 2
390 224
1 8 2
242 556
1 5 2
38 148
1 7 2
239 311
1 2 2
397 530
1 6 2
152 422
1 14 2
691 230
1 5 2
370 34
1 4 2
159 123
1 13 2
68 444
1 14 2
470 16
1 10 2
101 594
1 7 2
437 149
1 11 2
443 525
1 4 2
266 403
1 3 2
259 220
1 12 2
200 555
1 8 2
189 408
1 12 2
472 366
1 13 2
597 678
1 12 2
532 606
1 4 2
441 52
1 13 2
144 452
1 4 2
556 144
1 7 2
51 112
1 14 2
229 9
1 2 2
516 508
1 14 2
346 425
1 13 2
183 272
1 14 2
76 598
1 10 2
315 271
1 11 2
308 642
1 10 2
43 48
1 7 2
280 202
1 8 2
174 517
1 13 2
636 65
1 12 2
118 332
1 12 2
606 90
1 9 2
412 458
1 5 2
600 479
1 12 2
433 533
1 5 2
75 420
1 3 2
194 543
1 2 2
42 410
1 3 2
11 513
1 10 2
697 106
1 15 2
119 23
1 14 2
65 215
1 10 2
357 348
1 13 2
372 693
1 10 2
327 658
1 3 2
446 244
1 15 2
34 674
1 8 2
300 651
1 8 2
293 563
1 8 2
660 584
1 8 2
500 57
1 6 2
329 523
1 15 2
693 58
1 12 2
506 467
1 6 2
495 157
1 12 2
87 428
1 11 2
309 629
1 8 2
677 313
1 15 2
455 262
1 7 2
691 578
1 11 2
234 247
1 13 2
566 348
1 10 2
380 184
1 10 2
591 77
1 9 2
606 537
1 8 2
338 460
1 14 2
197 349
1 12 2
93 183
1 10 2
194 564
1 10 2
411 651
1 2 2
527 284
1 3 2
532 43
1 3 2
107 356
1 15 2
366 499
1 5 2
24 243
1 6 2
635 179
1 6 2
149 11
1 4 2
102 215
1 3 2
240 87
1 6 2
676 91
1 6 2
368 487
1 2 2
139 241
1 3 2
188 473
1 5 2
340 146
1 13 2
56 53
1 14 2
257 581
1 10 2
150 88
1 14 2
541 134
1 7 2
74 58
1 3 2
310 317
1 3 2
283 305
1 3 2
514 276
1 2 2
53 406
1 3 2
581 287
1 9 2
196 161
1 11 2
60 350
1 3 2
58 171
1 3 2
231 534
1 12 2
616 7
1 11 2
613 637
1 14 2
6 519
1 13 2
286 467
1 4 2
149 643
1 14 2
43 573
1 7 2
288 87
1 3 2
377 644
1 11 2
278 159
1 4 2
429 465
1 4 2
293 619
1 10 2
380 146
1 4 2
160 593
1 8 2
524 159
1 7 2
309 305
1 5 2
677 64
1 11 2
13 57
1 9 2
177 231
1 14 2
551 621
1 10 2
362 448
1 8 2
175 612
1 3 2
295 617
1 10 2
68 298
1 15 2
359 0
1 3 2
425 503
1 8 2
260 654
1 5 2
285 518
1 2 2
279 254
1 3 2
141 463
1 6 2
661 149
1 9 2
251 23
1 13 2
510 650
1 4 2
37 594
1 12 2
258 93
1 4 2
275 136
1 9 2
341 428
1 13 2
184 672
1 15 2
49 361
1 12 2
371 524
1 8 2
518 92
1 2 2
499 511
1 5 2
501 683
1 5 2
506 449
1 2 2
76 339
1 14 2
47 188
1 7 2
554 408
1 6 2
637 305
1 8 2
365 566
1 5 2
432 507
1 11 2
694 464
1 12 2
494 109
1 7 2
355 693
1 7 2
567 504
1 6 2
635 263
1 8 2
655 517
1 7 2
172 76
1 9 2
538 422
1 8 2
371 153
1 10 2
114 522
1 10 2
88 569
1 10 2
218 196
1 5 2
320 126
1 14 2
437 685
1 4 2
445 253
1 10 2
415 151
1 9 2
418 388
1 10 2
199 373
1 11 2
691 599
1 11 2
25 447
1 10 2
240 331
1 10 2
281 15
1 2 2
113 407
1 11 2
301 414
1 4 2
155 556
1 6 2
608 618
1 14 2
555 282
1 2 2
192 334
1 12 2
236 372
1 10 2
686 366
1 2 2
176 12
1 15 2
251 273
1 4 2
183 503
1 12 2
204 340
1 10 2
538 13
1 14 2
481 268
1 13 2
516 41
1 15 2
196 695
1 9 2
101 342
1 4 2
556 146
1 6 2
195 651
1 9 2
453 687
1 7 2
581 231
1 9 2
474 160
1 7 2
371 471
1 3 2
292 597
1 15 2
453 689
1 4 2
361 326
1 3 2
48 320
1 5 2
676 559
1 13 2
13 581
1 11 2
119 472
1 3 2
194 356
1 7 2
546 223
1 6 2
236 167
1 11 2
307 632
1 9 2
413 440
1 5 2
618 586
1 11 2
243 267
1 2 2
55 587
1 4 2
292 386
1 6 2
458 600
1 12 2
372 17
1 15 2
416 200
1 12 2
682 230
1 6 2
125 283
1 6 2
600 33
1 7 2
417 234
1 6 2
678 111
1 12 2
287 656
1 6 2
435 587
1 7 2
204 145
1 5 2
283 269
1 5 2
180 537
1 14 2
356 262
1 6 2
680 615
1 3 2
46 459
1 2 2
34 281
1 13 2
530 85
1 10 2
175 382
1 13 2
530 197
1 2 2
295 412
1 8 2
312 73
1 15 2
512 619
1 14 2
55 564
1 3 2
669 239
1 2 2
52 260
1 15 2
139 343
1 11 2
372 676
1 12 2
698 523
1 5 2
382 146
1 10 2
158 631
1 8 2
685 314
1 9 2
297 29
1 4 2
664 312
1 3 2
479 595
1 13 2
149 168
1 5 2
144 609
1 8 2
411 657
1 4 2
601 45
1 14 2
47 400
1 14 2
133 68
1 2 2
33 104
1 11 2
380 678
1 3 2
253 561
1 8 2
298 542
1 11 2
367 120
1 8 2
415 365
1 8 2
307 573
1 13 2
294 316
1 15 2
523 518
1 11 2
516 511
1 7 2
239 86
1 12 2
365 288
1 3 2
380 674
1 10 2
247 445
1 4 2
309 567
1 4 2
127 136
1 15 2
398 140
1 3 2
198 599
1 8 2
246 62
1 6 2
95 447
1 5 2
266 160
1 15 2
123 527
1 8 2
339 608
1 15 2
558 623
1 3 2
4 155
1 11 2
3 300
1 12 2
573 523
1 8 2
194 634
1 4 2
352 603
1 10 2
476 279
1 8 2
654 506
1 15 2
39 205
1 5 2
691 186
1 6 2
268 292
1 11 2
553 256
1 6 2
127 579
1 8 2
570 423
1 9 2
446 371
1 12 2
17 171
1 15 2
283 617
1 12 2
325 652
1 3 2
449 352
1 10 2
50 363
1 8 2
434 613
1 4 2
663 635
1 10 2
159 506
1 9 2
109 316
1 15 2
544 188
1 10 2
372 256
1 13 2
363 241
1 12 2
135 8
1 5 2
379 333
1 4 2
79 366
1 2 2
252 372
1 7 2
127 683
1 7 2
71 112
1 11 2
91 299
1 4 2
45 596
1 2 2
473 674
1 15 2
124 39
1 4 2
359 171
1 9 2
416 475
1 3 2
234 635
1 8 2
560 248
1 6 2
665 272
1 6 2
168 683
1 15 2
332 37
1 5 2
406 311
1 10 2
653 629
1 10 2
210 224
1 5 2
192 113
1 7 2
558 8
1 12 2
62 80
1 15 2
352 549
1 13 2
357 628
1 5 2
369 105
1 3 2
144 460
1 5 2
289 77
1 3 2
84 670
1 6 2
522 206
1 3 2
636 182
1 5 2
147 355
1 15 2
236 234
1 12 2
231 570
1 14 2
630 627
1 12 2
293 5
1 10 2
476 591
1 7 2
305 20
1 11 2
339 249
1 14 2
339 567
1 8 2
309 610
1 10 2
87 363
1 10 2
320 253
1 8 2
564 539
1 11 2
207 536
1 9 2
132 673
1 8 2
497 155
1 4 2
483 155
1 7 2
414 177
1 8 2
273 123
1 10 2
204 269
1 12 2
383 654
1 6 2
691 317
1 7 2
374 393
1 3 2
316 524
1 13 2
553 89
1 6 2
350 331
1 11 2
336 118
1 11 2
379 110
1 3 2
226 380
1 2 2
415 472
1 15 2
106 584
1 10 2
10 84
1 10 2
596 226
1 4 2
481 72
1 12 2
624 376
1 14 2
220 229
1 9 2
418 468
1 8 2
633 189
1 3 2
37 42
1 14 2
506 30
1 4 2
17 194
1 13 2
426 635
1 4 2
42 217
1 11 2
592 157
1 4 2
260 403
1 11 2
143 437
1 2 2
462 684
1 3 2
412 222
1 7 2
21 324
1 9 2
457 579
1 9 2
651 610
1 4 2
135 673
1 7 2
340 400
1 3 2
5 633
1 9 2
251 24
1 9 2
650 547
1 14 2
175 383
1 9 2
649 401
1 6 2
511 305
1 7 2
625 616
1 5 2
168 263
1 12 2
444 559
1 13 2
106 492
1 5 2
175 83
1 14 2
269 377
1 14 2
613 588
1 6 2
668 111
1 7 2
287 185
1 4 2
61 264
1 7 2
605 498
1 4 2
556 384
1 8 2
571 414
1 9 2
545 640
1 14 2
591 348
1 2 2
25 443
1 3 2
240 398
1 15 2
81 204
1 10 2
309 200
1 11 2
386 641
1 15 2
463 302
1 3 2
560 392
1 4 2
376 448
1 2 2
17 264
1 12 2
357 177
1 9 2
418 35
1 9 2
442 426
1 8 2
388 146
1 10 2
518 436
1 9 2
316 456
1 13 2
383 624
1 3 2
521 503
1 9 2
37 332
1 11 2
101 623
1 13 2
643 20
1 13 2
329 615
1 12 2
137 195
1 6 2
127 644
1 2 2
385 682
1 9 2
373 690
1 14 2
242 120
1 3 2
208 213
1 5 2
527 647
1 15 2
280 471
1 11 2
504 89
1 11 2
310 70
1 7 2
672 188
1 10 2
684 695
1 13 2
471 174
1 3 2
628 219
1 9 2
269 414
1 7 2
43 551
1 11 2
627 379
1 15 2
520 657
1 2 2
302 270
1 14 2
323 651
1 4 2
165 645
1 11 2
296 601
1 14 2
218 657
1 6 2
122 226
1 12 2
65 656
1 5 2
175 507
1 13 2
85 625
1 9 2
306 610
1 15 2
69 578
1 10 2
698 110
1 2 2
196 18
1 7 2
93 570
1 5 2
439 606
1 15 2
187 654
1 8 2
250 36
1 6 2
431 485
1 12 2
265 41
1 8 2
471 361
1 2 2
242 154
1 7 2
248 161
1 13 2
149 98
1 7 2
350 34
1 12 2
663 235
1 8 2
297 392
1 7 2
566 342
1 14 2
329 146
1 7 2
239 111
1 3 2
402 549
1 8 2
179 310
1 13 2
89 340
1 12 2
536 693
1 6 2
49 384
1 9 2
235 129
1 11 2
361 29
1 4 2
3 32
1 5 2
576 359
1 5 2
75 24
1 9 2
230 405
1 5 2
691 134
1 3 2
322 300
1 5 2
302 321
1 13 2
620 516
1 11 2
69 192
1 5 2
175 390
1 9 2
26 213
1 6 2
111 510
1 6 2
297 253
1 9 2
662 354
1 2 2
329 235
1 7 2
553 676
1 5 2
242 636
1 2 2
100 77
1 14 2
263 345
1 13 2
415 579
1 14 2
474 358
1 15 2
38 523
1 7 2
540 525
1 13 2
362 391
1 2 2
477 665
1 3 2
409 134
1 9 2
28 148
1 8 2
529 353
1 8 2
479 313
1 3 2
461 694
1 5 2
600 243
1 9 2
138 49
1 5 2
200 308
1 3 2
583 241
1 14 2
100 393
1 6 2
494 335
1 5 2
0 282
1 15 2
412 687
1 12 2
485 338
1 5 2
111 83
1 14 2
152 131
1 11 2
627 607
1 14 2
305 530
1 15 2
456 475
1 3 2
266 480
1 2 2
476 415
1 13 2
328 387
1 13 2
229 313
1 7 2
605 79
1 8 2
105 568
1 10 2
8 315
1 3 2
381 212
1 7 2
341 642
1 11 2
260 233
1 9 2
80 434
1 14 2
345 583
1 13 2
616 342
1 12 2
578 90
1 5 2
678 633
1 3 2
161 457
1 13 2
612 579
1 13 2
564 211
1 2 2
267 141
1 10 2
585 448
1 4 2
386 118
1 4 2
358 217
1 6 2
568 560
1 8 2
584 173
1 6 2
122 197
1 14 2
172 406
1 5 2
543 345
1 4 2
272 207
1 3 2
169 347
1 2 2
512 231
1 14 2
37 237
1 12 2
545 196
1 9 2
235 651
1 5 2
543 53
1 8 2
180 449
1 15 2
565 620
1 15 2
237 440
1 9 2
278 623
1 14 2
443 603
1 15 2
421 288
1 10 2
99 352
1 7 2
591 129
1 15 2
419 19
1 9 2
85 616
1 3 2
74 78
1 13 2
613 540
1 10 2
333 414
1 5 2
336 499
1 12 2
247 216
1 14 2
259 464
1 14 2
348 470
1 14 2
177 210
1 6 2
135 679
1 11 2
121 443
1 5 2
265 658
1 14 2
380 329
1 6 2
536 199
1 12 2
466 448
1 15 2
487 455
1 3 2
550 499
1 12 2
265 215
1 6 2
118 193
1 14 2
662 204
1 10 2
499 676
1 15 2
548 395
1 3 2
146 219
1 10 2
243 408
1 8 2
345 491
1 7 2
332 479
1 3 2
137 313
1 2 2
545 608
1 15 2
644 510
1 15 2
153 365
1 10 2
568 310
1 3 2
320 157
1 14 2
284 293
1 8 2
35 225
1 10 2
558 372
1 12 2
349 51
1 13 2
44 93
1 5 2
599 437
1 8 2
241 56
1 15 2
167 400
1 6 2
173 405
1 14 2
477 328
1 13 2
93 371
1 12 2
379 191
1 9 2
552 11
1 8 2
381 428
1 12 2
525 358
1 15 2
201 202
1 13 2
137 674
1 10 2
96 318
1 2 2
20 134
1 8 2
521 333
1 14 2
57 153
1 9 2
536 508
1 10 2
528 474
1 8 2
206 381
1 15 2
59 406
1 13 2
253 525
1 15 2
391 415
1 2 2
270 691
1 4 2
606 59
1 10 2
459 172
1 6 2
179 160
1 5 2
283 600
1 14 2
0 140
1 6 2
188 670
1 3 2
154 163
1 5 2
4 235
1 9 2
631 509
1 14 2
358 106
1 8 2
185 195
1 8 2
680 476
1 12 2
130 300
1 15 2
376 560
1 15 2
668 401
1 2 2
191 85
1 2 2
403 516
1 5 2
109 69
1 14 2
682 270
1 3 2
23 73
1 15 2
249 311
1 4 2
581 236
1 9 2
678 434
1 8 2
301 75
1 8 2
609 549
1 2 2
519 609
1 10 2
23 566
1 5 2
151 273
1 10 2
583 59
1 15 2
11 209
1 7 2
148 688
1 3 2
458 210
1 11 2
428 370
1 4 2
550 129
1 8 2
485 355
1 8 2
292 672
1 12 2
126 331
1 14 2
623 535
1 5 2
415 300
1 2 2
221 553
1 2 2
218 579
1 2 2
421 159
1 8 2
549 327
1 8 2
294 292
1 10 2
282 97
1 14 2
255 660
1 5 2
421 551
1 3 2
578 5
1 15 2
242 433
1 9 2
211 329
1 15 2
647 179
1 7 2
456 471
1 2 2
349 86
1 14 2
31 237
1 11 2
611 234
1 6 2
665 577
1 2 2
530 19
1 5 2
10 4
1 8 2
216 135
1 15 2
546 509
1 3 2
459 634
1 13 2
318 152
1 5 2
674 270
1 6 2
456 632
1 4 2
86 129
1 5 2
571 354
1 8 2
357 78
1 3 2
447 193
1 13 2
179 514
1 11 2
186 341
1 7 2
44 201
1 14 2
244 646
1 4 2
273 551
1 3 2
512 77
1 4 2
548 71
1 15 2
21 104
1 14 2
279 364
1 8 2
121 537
1 7 2
391 557
1 12 2
659 254
1 6 2
74 249
1 15 2
72 346
1 6 2
51 558
1 2 2
66 598
1 6 2
26 469
1 3 2
319 116
1 9 2
619 571
1 13 2
268 119
1 11 2
353 616
1 7 2
332 663
1 15 2
584 262
1 14 2
238 252
1 9 2
63 423
1 11 2
226 425
1 2 2
456 65
1 8 2
423 81
1 4 2
570 678
1 10 2
240 581
1 11 2
61 17
1 13 2
73 535
1 15 2
605 368
1 15 2
574 355
1 11 2
612 576
1 9 2
283 91
1 4 2
494 86
1 12 2
564 264
1 2 2
339 235
1 9 2
70 601
1 15 2
173 55
1 7 2
606 447
1 3 2
577 126
1 12 2
547 370
1 8 2
54 697
1 9 2
131 48
1 15 2
581 5
1 9 2
116 697
1 6 2
489 399
1 5 2
151 495
1 2 2
291 569
1 7 2
445 638
1 6 2
329 173
1 12 2
248 450
1 11 2
404 304
1 14 2
269 286
1 5 2
13 444
1 12 2
5 490
1 8 2
187 59
1 13 2
551 287
1 2 2
659 150
1 10 2
649 359
1 10 2
463 675
1 8 2
219 670
1 4 2
161 257
1 7 2
185 148
1 12 2
434 70
1 13 2
579 284
1 11 2
493 288
1 14 2
27 88
1 3 2
357 533
1 5 2
159 356
1 6 2
183 55
1 3 2
34 1
1 3 2
6 662
1 9 2
61 111
1 7 2
8 602
1 10 2
358 117
1 11 2
281 593
1 11 2
626 574
1 15 2
667 604
1 8 2
28 213
1 12 2
193 618
1 13 2
379 372
1 3 2
433 580
1 15 2
180 344
1 10 2
567 295
1 10 2
474 522
1 4 2
47 535
1 11 2
263 21
1 5 2
393 315
1 11 2
39 147
1 6 2
126 321
1 13 2
501 112
1 7 2
357 557
1 3 2
637 690
1 2 2
117 610
1 7 2
260 143
1 12 2
50 109
1 13 2
368 609
1 6 2
660 79
1 12 2
468 693
1 8 2
211 371
1 7 2
421 205
1 14 2
506 50
1 5 2
319 622
1 6 2
178 235
1 4 2
250 682
1 14 2
344 107
1 9 2
216 344
1 12 2
57 31
1 7 2
676 390
1 5 2
503 374
1 14 2
698 31
1 9 2
407 359
1 6 2
581 523
1 14 2
557 461
1 14 2
599 562
1 2 2
639 87
1 15 2
318 57
1 15 2
191 409
1 9 2
548 307
1 2 2
123 399
1 11 2
183 0
1 5 2
482 469
1 13 2
481 646
1 13 2
420 622
1 15 2
572 356
1 12 2
85 336
1 6 2
119 697
1 2 2
672 130
1 4 2
326 337
1 6 2
161 208
1 11 2
232 677
1 9 2
332 466
1 12 2
276 616
1 14 2
547 482
1 10 2
545 78
1 7 2
684 550
1 8 2
146 358
1 12 2
374 399
1 14 2
82 541
1 5 2
182 297
1 14 2
347 226
1 12 2
609 316
1 6 2
323 414
1 9 2
111 137
1 4 2
691 655
1 2 2
113 566
1 11 2
605 415
1 11 2
224 389
1 13 2
175 632
1 10 2
217 166
1 15 2
570 189
1 7 2
219 45
1 2 2
231 309
1 9 2
528 431
1 15 2
44 691
1 2 2
259 636
1 15 2
499 117
1 8 2
435 197
1 5 2
224 489
1 9 2
234 658
1 8 2
507 10
1 9 2
404 554
1 8 2
296 304
1 3 2
673 580
1 8 2
260 571
1 8 2
79 273
1 12 2
409 346
1 15 2
120 100
1 15 2
7 645
1 8 2
693 500
1 8 2
526 138
1 2 2
568 459
1 3 2
536 593
1 14 2
581 618
1 3 2
321 53
1 5 2
252 624
1 5 2
373 455
1 5 2
578 394
1 2 2
192 357
1 9 2
459 154
1 5 2
24 442
1 6 2
230 342
1 11 2
69 281
1 14 2
362 437
1 8 2
489 552
1 6 2
492 246
1 11 2
684 428
1 2 2
420 679
1 4 2
683 301
1 14 2
458 301
1 6 2
284 577
1 7 2
281 413
1 5 2
290 545
1 7 2
351 645
1 5 2
489 63
1 7 2
425 275
1 8 2
643 595
1 2 2
231 136
1 10 2
545 532
1 6 2
417 180
1 7 2
500 25
1 6 2
251 392
1 2 2
207 376
1 13 2
573 505
1 4 2
493 674
1 12 2
138 24
1 12 2
448 538
1 4 2
491 320
1 12 2
354 266
1 9 2
306 291
1 10 2
112 648
1 4 2
628 621
1 7 2
323 465
1 13 2
162 674
1 11 2
107 375
1 15 2
361 630
1 10 2
289 208
1 7 2
62 660
1 9 2
111 485
1 15 2
681 218
1 5 2
439 543
1 13 2
266 188
1 13 2
621 127
1 14 2
570 262
1 7 2
93 5
1 8 2
94 70
1 14 2
502 172
1 6 2
172 159
1 5 2
669 58
1 9 2
37 293
1 3 2
355 500
1 6 2
598 119
1 6 2
161 160
1 15 2
357 500
1 5 2
432 311
1 9 2
90 562
1 14 2
43 66
1 3 2
118 403
1 9 2
191 627
1 13 2
605 608
1 11 2
574 482
1 3 2
323 265
1 6 2
136 457
1 6 2
493 145
1 5 2
137 7
1 11 2
51 633
1 3 2
142 446
1 10 2
343 498
1 12 2
150 6
1 8 2
296 652
1 6 2
451 187
1 4 2
456 654
1 13 2
581 642
1 11 2
329 413
1 3 2
68 204
1 15 2
432 85
1 8 2
80 327
1 4 2
583 499
1 4 2
628 315
1 3 2
336 377
1 13 2
276 356
1 9 2
211 629
1 9 2
275 223
1 10 2
590 169
1 14 2
57 113
1 9 2
487 140
1 6 2
468 42
1 5 2
300 471
1 12 2
610 257
1 9 2
349 122
1 5 2
685 342
1 8 2
533 336
1 9 2
82 54
1 14 2
698 667
1 7 2
367 150
1 8 2
518 273
1 6 2
291 204
1 15 2
686 151
1 4 2
470 463
1 14 2
17 129
1 4 2
684 587
1 2 2
41 603
1 6 2
39 142
1 13 2
688 2
1 11 2
483 636
1 9 2
319 273
1 2 2
345 514
1 5 2
16 183
1 10 2
628 385
1 13 2
338 272
1 7 2
191 622
1 12 2
420 353
1 13 2
87 85
1 7 2
253 297
1 4 2
504 404
1 3 2
475 119
1 6 2
524 471
1 14 2
7 157
1 5 2
313 467
1 13 2
175 492
1 2 2
477 456
1 11 2
166 152
1 4 2
401 286
1 12 2
633 484
1 13 2
536 643
1 11 2
288 140
1 10 2
688 329
1 6 2
51 434
1 6 2
501 432
1 14 2
237 242
1 15 2
604 491
1 9 2
282 62
1 4 2
539 145
1 9 2
351 30
1 15 2
213 639
1 4 2
72 503
1 8 2
448 617
1 10 2
118 593
1 15 2
391 387
1 2 2
298 175
1 5 2
154 663
1 3 2
498 545
1 9 2
131 626
1 15 2
293 76
1 11 2
415 155
1 4 2
431 582
1 2 2
403 350
1 15 2
22 240
1 13 2
503 576
1 11 2
644 569
1 3 2
148 449
1 5 2
78 694
1 13 2
202 390
1 12 2
481 106
1 6 2
253 487
1 4 2
666 543
1 12 2
411 581
1 5 2
545 249
1 15 2
338 103
1 2 2
397 133
1 10 2
270 3
1 6 2
110 690
1 15 2
307 52
1 11 2
494 518
1 9 2
245 186
1 7 2
474 412
1 5 2
475 591
1 6 2
15 416
1 5 2
447 221
1 12 2
223 556
1 4 2
289 587
1 3 2
580 21
1 15 2
655 348
1 11 2
282 12
1 14 2
439 22
1 14 2
498 275
1 6 2
208 497
1 5 2
680 212
1 5 2
143 279
1 12 2
502 649
1 15 2
403 161
1 12 2
687 479
1 7 2
481 296
1 5 2
93 41
1 5 2
576 647
1 11 2
257 23
1 12 2
612 175
1 13 2
62 672
1 4 2
70 521
1 4 2
484 679
1 13 2
532 516
1 3 2
129 196
1 11 2
78 381
1 12 2
307 346
1 7 2
696 296
1 11 2
141 48
1 14 2
269 50
1 4 2
300 121
1 9 2
249 240
1 6 2
448 474
1 6 2
269 582
1 3 2
51 613
1 12 2
328 60
1 3 2
124 129
1 12 2
470 365
1 5 2
528 407
1 15 2
129 420
1 14 2
498 125
1 9 2
626 641
1 9 2
46 153
1 4 2
319 124
1 4 2
92 265
1 3 2
584 161
1 6 2
50 356
1 15 2
285 564
1 6 2
461 257
1 10 2
4 532
1 2 2
578 495
1 4 2
687 34
1 15 2
187 170
1 14 2
669 351
1 11 2
651 401
1 9 2
198 425
1 9 2
258 375
1 11 2
266 695
1 11 2
608 208
1 14 2
366 171
1 12 2
525 419
1 6 2
516 241
1 11 2
441 272
1 14 2
526 118
1 8 2
558 416
1 15 2
398 463
1 7 2
256 54
1 10 2
37 285
1 6 2
171 429
1 12 2
622 663
1 2 2
347 417
1 2 2
292 575
1 5 2
153 258
1 13 2
443 652
1 2 2
447 490
1 9 2
213 2
1 14 2
246 200
1 8 2
154 283
1 5 2
504 135
1 9 2
18 27
1 10 2
290 334
1 11 2
84 87
1 3 2
354 448
1 9 2
276 482
1 3 2
659 593
1 5 2
204 336
1 12 2
225 164
1 8 2
684 176
1 10 2
295 560
1 14 2
316 552
1 9 2
662 246
1 7 2
245 405
1 4 2
572 283
1 10 2
496 21
1 6 2
694 352
1 12 2
140 291
1 15 2
419 274
1 5 2
119 543
1 15 2
308 82
1 2 2
593 22
1 14 2
286 263
1 15 2
259 340
1 15 2
656 67
1 7 2
188 278
1 15 2
93 19
1 14 2
680 540
1 7 2
301 76
1 6 2
152 151
1 12 2
377 680
1 9 2
453 483
1 14 2
310 138
1 11 2
326 411
1 11 2
154 59
1 2 2
53 595
1 2 2
419 667
1 12 2
694 243
1 15 2
131 82
1 11 2
222 315
1 8 2
587 555
1 10 2
681 117
1 13 2
242 516
1 4 2
404 581
1 5 2
212 96
1 12 2
344 357
1 13 2
525 123
1 7 2
14 15
1 5 2
404 348
1 10 2
173 295
1 2 2
281 329
1 7 2
590 60
1 6 2
262 479
1 4 2
608 99
1 12 2
335 266
1 4 2
672 598
1 4 2
132 631
1 3 2
363 517
1 8 2
357 226
1 6 2
490 694
1 9 2
188 626
1 12 2
369 292
1 10 2
3 530
1 11 2
419 245
1 4 2
486 29
1 12 2
396 276
1 13 2
23 273
1 5 2
193 322
1 4 2
143 75
1 2 2
508 468
1 9 2
155 288
1 3 2
151 150
1 10 2
457 114
1 11 2
220 61
1 11 2
198 522
1 14 2
610 641
1 15 2
633 15
1 12 2
234 212
1 7 2
319 141
1 10 2
319 419
1 15 2
53 559
1 14 2
257 140
1 11 2
472 691
1 7 2
418 341
1 14 2
85 620
1 15 2
665 16
1 5 2
653 177
1 4 2
134 57
1 9 2
573 140
1 3 2
567 609
1 6 2
308 209
1 5 2
620 619
1 6 2
70 318
1 15 2
147 59
1 10 2
352 698
1 8 2
563 585
1 6 2
483 521
1 6 2
622 327
1 11 2
494 515
1 6 2
558 564
1 12 2
128 493
1 9 2
592 652
1 14 2
341 647
1 2 2
116 610
1 15 2
371 399
1 9 2
477 200
1 12 2
694 112
1 6 2
539 372
1 4 2
417 634
1 11 2
575 106
1 3 2
316 200
1 2 2
226 140
1 3 2
475 317
1 4 2
354 212
1 15 2
380 453
1 11 2
222 552
1 7 2
70 610
1 8 2
85 158
1 14 2
404 246
1 9 2
617 570
1 2 2
85 333
1 11 2
109 127
1 12 2
399 14
1 8 2
444 215
1 7 2
555 177
1 10 2
643 437
1 9 2
314 482
1 14 2
324 608
1 8 2
85 689
1 8 2
377 354
1 8 2
564 342
1 4 2
245 427
1 11 2
76 570
1 2 2
49 121
1 8 2
61 304
1 8 2
556 10
1 15 2
226 570
1 5 2
91 444
1 4 2
208 493
1 4 2
356 266
1 3 2
111 556
1 9 2
153 461
1 14 2
502 388
1 15 2
381 576
1 13 2
469 622
1 7 2
51 599
1 8 2
427 680
1 3 2
386 160
1 11 2
577 276
1 9 2
96 199
1 6 2
672 454
1 15 2
193 657
1 13 2
198 622
1 14 2
69 405
1 2 2
165 567
1 14 2
658 473
1 13 2
254 31
1 13 2
322 572
1 13 2
375 399
1 14 2
131 482
1 3 2
686 484
1 12 2
423 548
1 11 2
357 646
1 9 2
288 55
1 8 2
21 383
1 2 2
501 693
1 8 2
381 476
1 7 2
134 17
1 10 2
618 680
1 10 2
40 542
1 3 2
300 354
1 13 2
199 158
1 4 2
371 269
1 12 2
30 597
1 6 2
81 261
1 7 2
397 610
1 9 2
379 45
1 15 2
236 152
1 8 2
566 437
1 9 2
616 650
1 6 2
458 73
1 5 2
643 627
1 9 2
406 630
1 6 2
228 197
1 15 2
123 325
1 12 2
186 225
1 14 2
347 306
1 8 2
420 479
1 4 2
77 459
1 14 2
562 163
1 2 2
12 486
1 14 2
559 571
1 2 2
343 685
1 9 2
473 152
1 7 2
301 16
1 14 2
317 698
1 12 2
558 239
1 6 2
631 677
1 9 2
546 421
1 14 2
544 539
1 8 2
678 462
1 3 2
611 494
1 14 2
654 341
1 9 2
152 390
1 5 2
663 590
1 5 2
656 82
1 2 2
546 98
1 15 2
568 641
1 11 2
80 69
1 14 2
200 601
1 15 2
392 325
1 10 2
464 283
1 14 2
68 240
1 14 2
52 490
1 6 2
101 636
1 6 2
181 640
1 11 2
619 492
1 4 2
343 17
1 6 2
625 400
1 12 2
50 176
1 14 2
286 320
1 12 2
393 590
1 11 2
469 439
1 10 2
69 539
1 14 2
691 72
1 11 2
685 13
1 4 2
449 586
1 8 2
13 285
1 5 2
388 521
1 12 2
355 330
1 5 2
660 366
1 10 2
500 290
1 5 2
383 79
1 9 2
389 195
1 13 2
609 607
1 2 2
514 75
1 13 2
155 87
1 11 2
38 448
1 4 2
469 602
1 15 2
230 357
1 10 2
118 205
1 14 2
41 288
1 7 2
439 622
1 13 2
91 356
1 2 2
678 15
1 14 2
638 609
1 6 2
374 36
1 9 2
653 690
1 12 2
216 240
1 14 2
197 327
1 13 2
573 445
1 4 2
367 593
1 11 2
516 336
1 7 2
1 161
1 11 2
321 86
1 13 2
661 53
1 3 2
683 651
1 10 2
350 254
1 7 2
405 450
1 10 2
251 238
1 4 2
68 541
1 3 2
589 670
1 10 2
8 661
1 14 2
216 413
1 9 2
440 33
1 5 2
21 156
1 12 2
100 121
1 12 2
447 564
1 3 2
339 52
1 15 2
258 91
1 7 2
430 296
1 9 2
447 692
1 4 2
27 109
1 6 2
100 616
1 15 2
119 422
1 6 2
399 466
1 11 2
550 278
1 7 2
303 575
1 7 2
471 86
1 14 2
258 24
1 4 2
687 568
1 13 2
419 324
1 12 2
129 239
1 4 2
9 35
1 9 2
185 580
1 6 2
72 441
1 5 2
298 136
1 6 2
612 82
1 3 2
359 499
1 14 2
493 307
1 4 2
349 173
1 13 2
22 300
1 3 2
162 411
1 3 2
56 106
1 15 2
551 473
1 4 2
168 268
1 7 2
367 655
1 12 2
418 85
1 8 2
348 536
1 3 2
657 469
1 11 2
612 207
1 6 2
251 445
1 13 2
633 108
1 12 2
141 588
1 7 2
46 242
1 15 2
108 145
1 3 2
168 223
1 14 2
269 384
1 2 2
545 631
1 12 2
239 8
1 6 2
229 43
1 9 2
542 689
1 11 2
639 615
1 15 2
466 366
1 6 2
471 408
1 6 2
164 459
1 15 2
372 299
1 5 2
446 37
1 7 2
672 77
1 11 2
292 421
1 10 2
684 563
1 3 2
613 130
1 12 2
83 336
1 13 2
385 490
1 9 2
257 577
1 2 2
498 418
1 7 2
17 593
1 4 2
386 265
1 11 2
353 540
1 5 2
337 7
1 2 2
693 198
1 13 2
476 73
1 5 2
351 446
1 7 2
290 364
1 12 2
409 45
1 13 2
240 395
1 3 2
496 332
1 9 2
589 462
1 2 2
663 625
1 12 2
72 347
1 8 2
296 3
1 12 2
661 601
1 10 2
5 268
1 3 2
358 627
1 7 2
474 535
1 5 2
487 298
1 12 2
469 411
1 11 2
297 170
1 10 2
532 660
1 5 2
409 370
1 8 2
113 537
1 7 2
5 169
1 8 2
633 655
1 13 2
320 145
1 10 2
359 500
1 5 2
346 698
1 2 2
697 27
1 13 2
506 421
1 7 2
11 241
1 12 2
263 42
1 7 2
350 195
1 13 2
490 134
1 7 2
639 584
1 13 2
487 567
1 5 2
329 333
1 2 2
12 661
1 13 2
222 186
1 15 2
23 124
1 5 2
522 79
1 13 2
36 85
1 9 2
649 572
1 8 2
184 555
1 11 2
593 337
1 3 2
509 234
1 15 2
246 33
1 8 2
213 643
1 8 2
585 499
1 7 2
639 654
1 10 2
151 241
1 13 2
46 692
1 11 2
444 199
1 3 2
374 140
1 8 2
249 318
1 4 2
669 248
1 9 2
340 424
1 10 2
249 279
1 12 2
329 508
1 12 2
162 647
1 3 2
696 178
1 14 2
462 529
1 4 2
365 248
1 15 2
694 285
1 15 2
633 60
1 14 2
572 604
1 11 2
214 276
1 5 2
130 590
1 7 2
628 583
1 8 2
236 333
1 11 2
101 294
1 7 2
325 509
1 10 2
112 627
1 6 2
403 372
1 6 2
61 102
1 3 2
650 535
1 15 2
389 308
1 13 2
697 152
1 15 2
232 475
1 15 2
407 674
1 5 2
613 59
1 6 2
611 297
1 14 2
297 117
1 11 2
302 663
1 6 2
523 518
1 14 2
31 12
1 12 2
480 162
1 15 2
249 415
1 9 2
451 270
1 2 2
390 634
1 8 2
126 101
1 2 2
256 176
1 12 2
99 515
1 11 2
187 396
1 11 2
550 53
1 11 2
452 566
1 13 2
457 519
1 9 2
186 8
1 13 2
171 234
1 11 2
417 450
1 10 2
99 668
1 4 2
94 239
1 10 2
447 590
1 3 2
440 564
1 7 2
675 386
1 12 2
324 159
1 11 2
159 347
1 13 2
399 439
1 8 2
674 166
1 3 2
18 37
1 3 2
610 329
1 10 2
489 254
1 11 2
290 408
1 2 2
391 376
1 3 2
425 413
1 7 2
239 535
1 4 2
202 233
1 13 2
434 210
1 3 2
53 298
1 11 2
111 147
1 2 2
562 485
1 15 2
315 59
1 10 2
77 32
1 11 2
336 101
1 6 2
439 239
1 10 2
80 406
1 2 2
604 26
1 8 2
62 229
1 10 2
443 405
1 9 2
445 501
1 5 2
662 4
1 5 2
64 221
1 5 2
404 79
1 7 2
653 197
1 9 2
561 139
1 7 2
139 663
1 14 2
273 546
1 6 2
672 599
1 14 2
305 436
1 14 2
527 503
1 2 2
565 533
1 11 2
655 432
1 9 2
524 177
1 3 2
192 662
1 10 2
551 485
1 10 2
340 362
1 11 2
334 345
1 15 2
232 302
1 5 2
690 622
1 3 2
362 358
1 7 2
328 404
1 2 2
52 603
1 5 2
211 345
1 6 2
256 30
1 3 2
79 637
1 5 2
394 65
1 8 2
610 393
1 11 2
98 616
1 8 2
101 325
1 12 2
422 21
1 13 2
647 280
1 6 2
89 608
1 7 2
218 512
1 4 2
401 340
