700 5600 2100
8 5 7 20 25 25 12 14 14 6 23 21 16 21 19 5 24 15 16 9 20 9 13 6 10 18 22 17 14 24 11 12 12 8 21 21 10 25 21 13 13 5 15 6 5 12 24 5 16 9 19 19 18 6 22 17 13 24 11 9 10 18 16 9 22 18 14 8 13 12 10 10 7 10 21 25 19 21 17 21 18 8 10 21 9 9 5 6 10 17 15 8 22 20 23 23 16 6 8 12 7 9 8 24 17 9 17 18 6 23 13 11 6 19 8 14 24 5 6 13 25 21 21 20 11 9 14 8 9 24 12 17 21 15 25 15 21 11 24 22 14 18 22 12 18 13 19 12 14 19 7 13 11 15 17 9 7 7 21 5 9 23 8 6 7 17 19 19 15 8 6 20 15 19 7 13 5 22 25 24 6 25 10 14 12 24 19 9 5 12 25 7 12 14 20 24 12 6 25 24 15 14 25 12 19 23 15 18 9 5 23 19 5 6 11 20 8 16 5 7 17 17 13 17 8 12 22 9 12 15 19 14 16 20 14 25 13 17 13 8 8 12 15 17 12 5 19 15 15 15 11 23 21 24 23 19 5 5 19 14 23 18 14 21 12 12 23 22 15 6 7 18 14 16 14 12 16 5 22 6 20 10 8 15 19 25 16 13 19 18 25 11 12 15 15 11 12 14 17 9 11 10 19 23 18 11 21 10 14 20 23 15 12 19 10 5 7 6 14 18 17 22 6 16 13 13 15 18 20 14 19 6 10 16 13 25 24 13 17 12 9 17 20 8 25 12 15 10 25 13 19 10 14 20 24 24 13 11 12 23 8 10 23 10 18 13 11 25 7 19 5 16 8 11 17 11 20 13 18 13 9 14 25 11 24 22 14 14 14 10 11 10 18 18 25 5 23 23 13 8 12 25 14 9 9 19 14 10 13 25 22 14 22 16 22 25 7 22 21 22 24 10 24 21 23 10 11 17 16 20 23 7 20 9 20 17 25 24 20 24 6 6 13 12 5 22 17 11 14 20 16 17 9 23 13 7 21 25 16 17 17 17 24 6 9 6 19 19 10 22 5 6 12 19 6 24 9 12 18 12 14 12 10 19 9 25 24 6 13 23 7 15 14 8 9 5 21 8 16 15 13 21 7 14 8 11 20 24 9 22 5 17 15 11 22 23 17 25 13 11 12 9 15 15 9 12 24 13 15 8 12 16 11 24 24 24 14 25 7 10 6 19 20 15 8 24 8 10 11 10 9 24 23 16 13 13 10 14 17 20 6 6 13 24 18 15 6 22 18 19 6 6 9 11 20 23 22 10 6 21 22 24 25 10 12 10 20 24 11 18 11 12 21 21 19 24 23 22 11 17 18 20 25 8 25 20 10 19 14 18 25 13 18 15 6 12 19 23 11 21 9 8 25 13 15 13 23 13 16 19 25 22 17 17 13 22 22 6 21 18 20 11 25 22 10 23 6 9 19 23 16 16 21 21 7 10 21 18 11 18 23 15 16 7 12 19 25 7 12 19 16 14 22 14 20 24 15 7 21 23 21 16 22 11 25 11 19 18 14 20 20 19 12 15 7 12 6 21 13 25
3 9 11 8 7 5 19 3 7 5 11 7 19 10 5 12 4 19 6 7 5 12 7 3 6 14 16 3 19 13 16 6 19 4 19 5 11 16 11 16 4 9 15 3 6 18 14 18 5 3 10 14 15 9 11 18 14 16 13 9 14 18 9 20 20 18 11 7 9 19 3 7 13 16 14 17 3 12 7 3 20 17 5 9 3 15 8 12 11 18 15 17 20 16 8 14 17 19 11 6 6 15 10 12 11 19 14 4 3 15 20 14 9 3 8 11 15 11 4 6 20 11 12 4 11 5 7 17 17 15 9 16 18 5 3 11 7 18 5 12 11 4 17 14 11 9 14 15 12 8 14 7 15 12 13 19 14 11 6 12 9 19 20 11 16 5 17 6 12 16 9 12 8 14 7 16 6 12 18 17 16 7 7 12 13 13 5 17 18 3 6 20 15 17 5 12 13 16 9 4 18 11 10 7 15 10 12 4 9 8 9 15 9 18 19 15 18 17 19 9 14 5 14 12 10 12 6 5 19 16 8 20 4 5 15 16 10 9 13 15 16 11 13 16 7 20 11 5 9 5 15 12 20 20 9 18 9 18 6 11 13 12 4 14 9 16 14 16 15 13 18 15 12 6 19 9 20 18 8 3 3 6 19 8 13 19 9 5 11 10 11 19 15 19 17 7 10 10 18 19 12 18 11 16 14 12 4 7 16 7 7 9 10 10 7 15 4 5 7 6 12 16 6 9 5 7 9 17 11 6 14 14 12 17 10 16 18 16 8 14 19 13 14 14 8 16 5 15 5 10 17 6 14 14 13 3 4 12 15 19 3 12 10 19 8 6 17 18 6 20 6 4 11 18 11 20 11 15 13 9 19 19 11 11 6 4 16 10 5 17 10 3 4 3 8 13 7 8 6 7 19 3 14 16 3 15 5 11 14 16 13 10 14 5 4 8 3 5 17 8 3 17 4 18 15 17 17 14 17 9 13 12 13 15 14 15 16 12 12 12 17 4 9 6 8 14 6 17 18 17 7 10 11 5 17 7 15 5 18 14 19 11 4 15 13 20 7 3 16 10 12 15 8 17 16 6 17 9 5 18 18 5 9 15 14 17 7 19 13 19 18 9 7 3 16 12 6 18 5 9 18 6 17 4 11 7 15 15 13 3 13 8 20 11 8 4 7 11 7 17 18 13 20 3 6 3 6 11 5 9 10 16 6 11 20 13 6 11 20 13 10 9 5 19 10 8 16 12 9 20 20 13 7 15 12 11 10 5 6 8 11 17 10 15 16 18 12 4 11 19 15 5 9 12 12 11 16 13 9 6 9 15 4 15 3 11 3 10 4 15 13 20 9 11 8 12 11 13 16 20 3 18 9 4 15 19 9 13 6 7 8 13 15 3 5 17 3 3 5 6 19 6 4 11 14 3 12 14 20 20 11 20 12 13 19 17 13 20 17 8 5 4 5 7 19 14 6 6 5 6 12 8 19 19 5 16 10 16 20 15 5 15 20 17 18 9 14 9 14 11 12 18 17 17 6 20 20 14 6 4 13 20 19 3 20 16 5 7 3 3 18 10 3 14 15 10 4 10 8 15
1 9 2
664 166
1 3 2
509 670
1 4 2
531 421
1 10 2
268 366
1 2 2
460 557
1 2 2
129 520
1 12 2
506 383
1 10 2
675 501
1 15 2
134 699
1 2 2
445 182
1 15 2
408 61
1 6 2
694 681
1 8 2
693 1
1 13 2
267 504
1 5 2
451 347
1 5 2
182 142
1 6 2
176 164
1 13 2
489 511
1 9 2
263 297
1 10 2
375 593
1 2 2
131 489
1 5 2
337 626
1 8 2
635 163
1 13 2
227 172
1 7 2
280 656
1 6 2
57 688
1 8 2
552 413
1 11 2
107 527
1 10 2
636 387
1 5 2
112 645
1 11 2
115 372
1 11 2
202 8
1 15 2
274 54
1 5 2
695 329
1 13 2
259 157
1 8 2
541 257
1 9 2
145 74
1 15 2
298 366
1 12 2
491 140
1 2 2
397 467
1 5 2
325 299
1 9 2
617 266
1 10 2
593 52
1 6 2
300 225
1 3 2
62 465
1 13 2
135 190
1 12 2
680 25
1 10 2
332 49
1 13 2
222 470
1 13 2
80 184
1 14 2
313 142
1 8 2
688 213
1 3 2
450 599
1 4 2
507 315
1 15 2
152 326
1 5 2
592 30
1 11 2
447 644
1 15 2
296 526
1 7 2
397 276
1 3 2
234 453
1 12 2
157 690
1 11 2
424 454
1 11 2
182 366
1 13 2
102 699
1 9 2
314 353
1 4 2
212 625
1 11 2
125 495
1 9 2
608 328
1 15 2
226 507
1 5 2
343 312
1 2 2
535 349
1 15 2
435 684
1 10 2
573 627
1 13 2
151 211
1 15 2
391 350
1 6 2
156 535
1 7 2
364 531
1 4 2
268 463
1 12 2
689 350
1 14 2
527 617
1 7 2
249 569
1 12 2
561 179
1 3 2
294 187
1 12 2
435 642
1 6 2
380 615
1 14 2
249 37
1 4 2
41 399
1 8 2
355 97
1 8 2
503 63
1 10 2
10 34
1 3 2
228 580
1 14 2
399 60
1 10 2
550 364
1 6 2
677 0
1 14 2
696 30
1 6 2
76 102
1 10 2
491 286
1 8 2
107 201
1 9 2
665 185
1 2 2
380 591
1 9 2
382 91
1 4 2
196 374
1 7 2
409 466
1 4 2
632 177
1 15 2
9 120
1 4 2
296 603
1 9 2
388 502
1 14 2
465 171
1 4 2
334 59
1 9 2
454 373
1 10 2
582 387
1 5 2
491 577
1 11 2
543 139
1 6 2
195 418
1 11 2
119 223
1 2 2
153 258
1 8 2
525 677
1 14 2
344 277
1 7 2
274 222
1 12 2
473 412
1 5 2
375 502
1 10 2
228 55
1 4 2
31 689
1 11 2
513 287
1 9 2
130 290
1 10 2
422 213
1 10 2
99 60
1 6 2
112 158
1 6 2
20 6
1 6 2
51 136
1 6 2
146 668
1 3 2
288 159
1 2 2
522 440
1 10 2
411 481
1 11 2
125 356
1 3 2
26 303
1 8 2
84 31
1 2 2
250 232
1 13 2
87 392
1 7 2
186 563
1 2 2
211 448
1 6 2
476 538
1 9 2
252 262
1 15 2
264 550
1 12 2
33 611
1 10 2
672 181
1 8 2
522 175
1 14 2
665 420
1 6 2
321 360
1 5 2
364 226
1 3 2
156 324
1 8 2
186 605
1 2 2
515 485
1 8 2
277 638
1 12 2
629 156
1 7 2
409 517
1 8 2
242 46
1 14 2
518 313
1 13 2
262 370
1 9 2
360 398
1 13 2
253 466
1 11 2
457 258
1 13 2
16 332
1 3 2
528 552
1 3 2
74 207
1 2 2
36 470
1 9 2
130 667
1 2 2
444 375
1 9 2
418 655
1 6 2
510 514
1 15 2
198 361
1 6 2
522 299
1 7 2
160 104
1 9 2
383 268
1 4 2
657 41
1 7 2
555 421
1 9 2
28 616
1 12 2
185 609
1 3 2
81 28
1 14 2
315 109
1 8 2
314 46
1 9 2
224 670
1 4 2
207 123
1 9 2
354 588
1 9 2
81 238
1 8 2
697 7
1 11 2
515 251
1 12 2
560 104
1 12 2
185 574
1 2 2
652 608
1 2 2
504 600
1 3 2
180 325
1 13 2
533 445
1 14 2
203 6
1 10 2
189 409
1 9 2
528 200
1 12 2
199 238
1 12 2
334 27
1 3 2
590 103
1 6 2
46 182
1 5 2
654 240
1 3 2
697 190
1 6 2
156 326
1 6 2
438 419
1 8 2
593 287
1 3 2
558 617
1 8 2
540 542
1 6 2
567 585
1 4 2
686 83
1 13 2
559 345
1 9 2
213 344
1 14 2
357 638
1 3 2
401 245
1 6 2
403 255
1 6 2
391 504
1 5 2
692 574
1 8 2
654 450
1 8 2
28 251
1 13 2
294 175
1 15 2
336 634
1 12 2
531 482
1 9 2
80 177
1 14 2
213 250
1 14 2
548 432
1 11 2
30 103
1 8 2
559 540
1 15 2
185 65
1 14 2
584 323
1 9 2
509 625
1 14 2
31 318
1 12 2
587 143
1 2 2
673 457
1 5 2
665 433
1 2 2
585 82
1 12 2
61 657
1 12 2
250 663
1 2 2
437 412
1 14 2
118 3
1 5 2
461 379
1 7 2
672 167
1 10 2
646 433
1 9 2
142 488
1 15 2
431 391
1 10 2
229 458
1 15 2
36 303
1 13 2
658 29
1 4 2
199 201
1 6 2
114 473
1 5 2
388 193
1 13 2
508 44
1 13 2
402 132
1 4 2
456 583
1 5 2
653 323
1 7 2
273 263
1 15 2
303 410
1 2 2
686 299
1 3 2
520 455
1 12 2
598 618
1 4 2
74 514
1 2 2
280 538
1 14 2
698 404
1 6 2
266 351
1 10 2
316 534
1 6 2
597 87
1 3 2
373 687
1 2 2
229 619
1 12 2
53 553
1 8 2
636 593
1 10 2
74 83
1 10 2
205 434
1 14 2
620 328
1 3 2
696 216
1 8 2
268 21
1 3 2
151 494
1 12 2
148 129
1 15 2
695 572
1 10 2
360 608
1 3 2
360 370
1 6 2
251 471
1 2 2
285 13
1 2 2
228 240
1 3 2
86 172
1 9 2
187 77
1 15 2
147 575
1 5 2
246 603
1 2 2
638 687
1 8 2
171 647
1 5 2
618 448
1 13 2
334 612
1 12 2
47 295
1 14 2
539 158
1 8 2
306 202
1 8 2
572 565
1 4 2
125 524
1 3 2
99 249
1 9 2
321 621
1 9 2
498 385
1 5 2
465 392
1 15 2
562 400
1 6 2
433 484
1 6 2
272 343
1 7 2
7 189
1 6 2
387 102
1 11 2
571 556
1 9 2
619 690
1 4 2
588 461
1 12 2
176 276
1 2 2
146 278
1 14 2
575 672
1 15 2
592 411
1 13 2
244 440
1 10 2
60 240
1 7 2
4 635
1 13 2
290 338
1 11 2
347 525
1 13 2
153 583
1 9 2
71 555
1 10 2
624 43
1 11 2
288 158
1 3 2
60 473
1 2 2
2 34
1 12 2
410 322
1 6 2
450 577
1 7 2
546 237
1 10 2
588 380
1 7 2
500 636
1 4 2
114 139
1 6 2
592 3
1 10 2
193 209
1 14 2
592 66
1 8 2
85 45
1 2 2
430 23
1 2 2
190 506
1 11 2
677 281
1 10 2
486 235
1 11 2
185 67
1 15 2
549 461
1 10 2
509 664
1 14 2
36 117
1 13 2
0 206
1 10 2
390 216
1 7 2
175 515
1 11 2
23 41
1 4 2
92 61
1 2 2
421 98
1 8 2
510 690
1 6 2
447 585
1 6 2
154 633
1 5 2
319 418
1 6 2
606 274
1 7 2
122 515
1 2 2
282 319
1 6 2
295 690
1 5 2
116 280
1 4 2
421 203
1 10 2
230 100
1 6 2
683 573
1 8 2
283 269
1 14 2
535 680
1 8 2
435 627
1 5 2
651 171
1 7 2
212 22
1 5 2
576 311
1 14 2
34 78
1 14 2
294 594
1 3 2
647 637
1 15 2
601 126
1 3 2
442 283
1 6 2
224 402
1 12 2
522 46
1 5 2
31 663
1 13 2
307 277
1 15 2
110 691
1 4 2
69 531
1 8 2
19 477
1 2 2
688 680
1 6 2
167 66
1 5 2
94 108
1 7 2
609 87
1 2 2
661 387
1 9 2
52 628
1 6 2
31 129
1 11 2
483 172
1 7 2
43 322
1 2 2
246 627
1 7 2
286 579
1 15 2
295 265
1 11 2
466 28
1 12 2
617 105
1 2 2
300 211
1 9 2
228 315
1 9 2
122 320
1 13 2
236 153
1 2 2
76 410
1 11 2
634 645
1 11 2
313 556
1 7 2
566 262
1 4 2
235 51
1 9 2
140 482
1 5 2
268 560
1 13 2
220 670
1 5 2
649 131
1 9 2
156 21
1 6 2
566 136
1 6 2
8 574
1 8 2
30 360
1 10 2
267 557
1 14 2
76 144
1 2 2
4 659
1 4 2
68 63
1 13 2
215 583
1 10 2
306 563
1 12 2
457 234
1 7 2
289 403
1 7 2
67 138
1 11 2
463 390
1 15 2
286 104
1 13 2
31 68
1 10 2
392 260
1 13 2
472 248
1 9 2
337 92
1 3 2
605 2
1 8 2
378 551
1 8 2
643 449
1 15 2
395 128
1 2 2
632 674
1 15 2
31 445
1 5 2
39 14
1 14 2
154 560
1 7 2
412 607
1 13 2
398 586
1 3 2
482 123
1 14 2
335 568
1 15 2
431 373
1 2 2
439 107
1 14 2
1 552
1 2 2
694 92
1 2 2
682 251
1 12 2
285 190
1 11 2
597 295
1 13 2
663 17
1 4 2
421 499
1 6 2
673 394
1 7 2
650 78
1 2 2
249 11
1 3 2
597 283
1 15 2
448 406
1 3 2
205 4
1 11 2
598 198
1 14 2
129 447
1 6 2
437 370
1 9 2
167 311
1 3 2
611 606
1 7 2
479 183
1 11 2
323 214
1 15 2
31 392
1 8 2
675 174
1 2 2
691 479
1 8 2
264 485
1 8 2
0 351
1 5 2
225 125
1 10 2
188 296
1 2 2
301 629
1 12 2
130 287
1 15 2
444 646
1 11 2
575 228
1 15 2
316 481
1 4 2
88 510
1 2 2
145 163
1 3 2
494 531
1 11 2
24 699
1 6 2
556 302
1 10 2
655 693
1 11 2
573 8
1 13 2
154 699
1 7 2
336 587
1 15 2
228 605
1 15 2
617 99
1 11 2
304 632
1 13 2
132 616
1 9 2
553 349
1 7 2
468 419
1 10 2
668 249
1 10 2
402 189
1 9 2
71 438
1 10 2
245 502
1 12 2
14 644
1 4 2
226 484
1 9 2
143 563
1 15 2
620 369
1 3 2
691 444
1 15 2
15 641
1 15 2
222 661
1 10 2
128 519
1 10 2
281 178
1 7 2
642 425
1 2 2
484 371
1 3 2
564 446
1 5 2
629 252
1 14 2
498 0
1 8 2
151 130
1 3 2
14 119
1 14 2
654 394
1 11 2
496 610
1 2 2
407 31
1 14 2
673 31
1 11 2
60 528
1 3 2
316 524
1 2 2
188 672
1 5 2
554 116
1 3 2
442 193
1 12 2
541 383
1 6 2
314 172
1 2 2
366 580
1 7 2
524 394
1 15 2
454 365
1 7 2
478 332
1 12 2
573 485
1 3 2
473 161
1 9 2
334 257
1 10 2
692 220
1 6 2
490 663
1 14 2
170 693
1 14 2
123 328
1 8 2
539 338
1 8 2
124 127
1 15 2
138 625
1 5 2
94 128
1 11 2
22 86
1 9 2
229 96
1 8 2
266 511
1 2 2
445 503
1 6 2
232 568
1 13 2
48 214
1 3 2
465 593
1 8 2
67 484
1 9 2
422 501
1 9 2
64 180
1 15 2
635 426
1 15 2
529 290
1 8 2
523 542
1 3 2
224 284
1 9 2
300 547
1 13 2
412 236
1 15 2
9 697
1 9 2
583 61
1 7 2
412 415
1 9 2
201 330
1 3 2
259 286
1 8 2
278 549
1 5 2
52 370
1 13 2
544 461
1 13 2
649 675
1 7 2
245 439
1 13 2
494 89
1 3 2
314 281
1 5 2
128 649
1 5 2
390 172
1 9 2
252 194
1 5 2
115 556
1 2 2
135 433
1 3 2
42 78
1 8 2
176 31
1 8 2
692 258
1 15 2
694 462
1 8 2
58 468
1 13 2
557 169
1 6 2
330 110
1 4 2
272 197
1 6 2
545 105
1 3 2
550 464
1 13 2
232 106
1 4 2
386 645
1 9 2
405 40
1 13 2
517 282
1 13 2
325 74
1 3 2
35 640
1 2 2
684 438
1 11 2
677 90
1 2 2
563 138
1 11 2
658 567
1 6 2
130 588
1 2 2
132 253
1 13 2
42 162
1 5 2
32 69
1 2 2
256 352
1 10 2
57 181
1 4 2
183 411
1 12 2
279 617
1 5 2
177 555
1 6 2
424 352
1 6 2
427 444
1 3 2
336 0
1 3 2
1 619
1 14 2
548 534
1 14 2
318 66
1 7 2
434 344
1 11 2
460 342
1 3 2
292 566
1 11 2
528 241
1 2 2
39 656
1 11 2
547 531
1 14 2
438 632
1 13 2
308 436
1 15 2
626 2
1 7 2
286 92
1 9 2
521 76
1 12 2
360 643
1 3 2
401 542
1 6 2
72 376
1 8 2
126 86
1 13 2
189 383
1 12 2
205 87
1 13 2
639 605
1 9 2
80 18
1 6 2
19 482
1 8 2
462 82
1 9 2
260 350
1 6 2
65 444
1 2 2
645 425
1 8 2
576 642
1 8 2
178 656
1 6 2
695 492
1 8 2
491 167
1 10 2
616 492
1 9 2
327 443
1 9 2
147 131
1 7 2
656 692
1 7 2
635 573
1 14 2
304 527
1 11 2
487 662
1 3 2
4 107
1 2 2
238 424
1 3 2
588 169
1 3 2
259 559
1 3 2
439 574
1 12 2
129 51
1 10 2
261 200
1 6 2
178 537
1 10 2
506 429
1 10 2
550 602
1 8 2
415 427
1 6 2
353 161
1 10 2
133 466
1 11 2
459 56
1 13 2
580 280
1 6 2
79 614
1 15 2
302 654
1 7 2
654 250
1 13 2
160 90
1 7 2
562 296
1 2 2
165 275
1 10 2
651 387
1 5 2
136 508
1 2 2
429 57
1 2 2
371 507
1 14 2
610 357
1 7 2
24 570
1 14 2
158 603
1 12 2
121 33
1 7 2
455 325
1 8 2
514 510
1 13 2
64 386
1 2 2
322 319
1 9 2
414 26
1 6 2
582 285
1 3 2
185 478
1 8 2
535 401
1 8 2
304 274
1 5 2
369 14
1 10 2
558 318
1 3 2
463 497
1 11 2
574 66
1 6 2
440 128
1 7 2
78 18
1 13 2
489 272
1 11 2
47 342
1 9 2
290 198
1 10 2
481 193
1 13 2
43 191
1 4 2
650 604
1 7 2
587 583
1 11 2
297 38
1 5 2
419 62
1 6 2
492 536
1 8 2
337 675
1 13 2
484 223
1 4 2
190 80
1 15 2
298 415
1 13 2
699 213
1 4 2
350 111
1 13 2
221 106
1 5 2
97 5
1 4 2
105 265
1 6 2
6 127
1 5 2
4 109
1 2 2
572 436
1 14 2
244 425
1 11 2
684 511
1 10 2
326 22
1 2 2
570 181
1 15 2
333 178
1 13 2
136 114
1 4 2
131 337
1 10 2
23 297
1 10 2
85 64
1 13 2
642 381
1 3 2
287 208
1 6 2
580 444
1 4 2
249 626
1 3 2
670 354
1 14 2
140 691
1 7 2
297 283
1 7 2
401 273
1 4 2
114 333
1 9 2
645 284
1 10 2
339 363
1 4 2
420 93
1 5 2
195 384
1 9 2
140 613
1 13 2
668 597
1 11 2
278 550
1 4 2
692 686
1 7 2
543 468
1 9 2
132 341
1 11 2
309 219
1 8 2
136 601
1 12 2
633 433
1 8 2
441 57
1 2 2
363 442
1 2 2
106 699
1 7 2
207 222
1 7 2
480 677
1 6 2
287 212
1 3 2
374 330
1 9 2
534 55
1 4 2
417 72
1 2 2
112 46
1 12 2
616 17
1 5 2
696 349
1 15 2
50 568
1 5 2
195 65
1 5 2
66 477
1 9 2
310 272
1 15 2
4 670
1 7 2
372 461
1 12 2
154 96
1 9 2
72 520
1 7 2
192 551
1 6 2
311 627
1 12 2
524 500
1 13 2
463 608
1 10 2
228 605
1 15 2
442 273
1 14 2
86 335
1 2 2
252 353
1 8 2
301 260
1 8 2
6 376
1 3 2
309 321
1 2 2
590 683
1 8 2
92 151
1 11 2
112 156
1 4 2
533 567
1 6 2
68 516
1 3 2
557 96
1 13 2
298 49
1 4 2
549 692
1 6 2
57 385
1 12 2
655 657
1 11 2
55 605
1 4 2
484 113
1 10 2
587 87
1 3 2
676 497
1 14 2
659 21
1 8 2
477 489
1 8 2
228 141
1 9 2
689 416
1 12 2
224 300
1 10 2
688 544
1 14 2
603 111
1 2 2
356 462
1 8 2
690 570
1 6 2
120 504
1 5 2
57 215
1 12 2
670 60
1 9 2
90 475
1 15 2
663 655
1 13 2
302 383
1 8 2
653 505
1 8 2
57 211
1 12 2
74 689
1 15 2
194 168
1 10 2
468 444
1 10 2
691 113
1 14 2
105 370
1 2 2
284 86
1 13 2
502 360
1 2 2
662 671
1 9 2
587 494
1 12 2
428 509
1 7 2
117 149
1 11 2
135 611
1 3 2
176 309
1 7 2
442 176
1 14 2
633 349
1 10 2
316 335
1 5 2
316 600
1 6 2
148 117
1 8 2
652 617
1 3 2
163 97
1 12 2
181 104
1 13 2
223 77
1 5 2
189 583
1 15 2
547 347
1 11 2
637 34
1 9 2
110 399
1 6 2
447 670
1 15 2
462 444
1 3 2
552 492
1 13 2
379 208
1 14 2
275 623
1 5 2
124 549
1 13 2
402 508
1 14 2
530 31
1 4 2
541 613
1 15 2
478 601
1 15 2
466 251
1 7 2
32 432
1 10 2
522 618
1 8 2
388 351
1 9 2
549 636
1 2 2
3 2
1 14 2
355 573
1 10 2
535 47
1 10 2
583 21
1 11 2
13 467
1 7 2
93 347
1 13 2
480 74
1 3 2
413 248
1 14 2
549 44
1 8 2
534 663
1 9 2
494 642
1 14 2
43 292
1 14 2
1 376
1 13 2
217 591
1 5 2
419 199
1 3 2
160 639
1 10 2
493 684
1 6 2
103 655
1 15 2
64 598
1 8 2
696 87
1 4 2
670 621
1 2 2
59 298
1 9 2
543 238
1 14 2
142 441
1 11 2
302 201
1 10 2
215 393
1 6 2
281 182
1 5 2
441 632
1 15 2
298 432
1 15 2
496 220
1 11 2
51 49
1 9 2
468 548
1 4 2
654 115
1 10 2
71 462
1 15 2
569 521
1 2 2
293 493
1 8 2
384 607
1 2 2
673 691
1 6 2
449 224
1 2 2
524 164
1 9 2
168 550
1 7 2
450 276
1 5 2
77 278
1 9 2
554 649
1 10 2
423 657
1 4 2
91 45
1 12 2
299 23
1 6 2
278 580
1 2 2
652 262
1 15 2
586 100
1 8 2
488 268
1 5 2
329 600
1 14 2
593 271
1 12 2
57 514
1 2 2
157 373
1 7 2
305 332
1 15 2
479 217
1 6 2
229 551
1 4 2
41 298
1 10 2
529 625
1 6 2
350 615
1 3 2
660 139
1 3 2
529 433
1 14 2
617 135
1 12 2
391 283
1 4 2
588 359
1 11 2
441 29
1 9 2
144 298
1 5 2
589 518
1 3 2
118 229
1 7 2
593 319
1 13 2
187 433
1 15 2
485 441
1 5 2
159 627
1 4 2
87 603
1 7 2
33 304
1 12 2
533 171
1 9 2
498 148
1 8 2
129 520
1 2 2
314 286
1 5 2
345 566
1 7 2
24 143
1 7 2
440 18
1 3 2
614 234
1 3 2
496 60
1 9 2
250 22
1 3 2
275 39
1 6 2
492 634
1 4 2
515 604
1 4 2
121 592
1 10 2
672 436
1 8 2
336 119
1 13 2
403 499
1 3 2
660 405
1 10 2
528 686
1 6 2
348 181
1 2 2
232 144
1 6 2
308 515
1 7 2
286 48
1 7 2
609 244
1 9 2
634 525
1 14 2
630 642
1 11 2
672 581
1 15 2
37 647
1 6 2
213 431
1 7 2
544 662
1 13 2
612 523
1 13 2
470 207
1 11 2
327 581
1 12 2
351 357
1 14 2
689 624
1 5 2
86 309
1 5 2
294 675
1 13 2
603 559
1 9 2
414 565
1 2 2
109 219
1 5 2
257 230
1 2 2
185 312
1 15 2
506 140
1 4 2
437 114
1 13 2
0 285
1 11 2
43 327
1 15 2
197 687
1 12 2
475 317
1 7 2
494 492
1 8 2
90 598
1 5 2
311 266
1 7 2
695 341
1 11 2
93 604
1 12 2
74 326
1 8 2
617 23
1 9 2
547 183
1 10 2
32 11
1 15 2
403 94
1 6 2
44 315
1 5 2
629 559
1 7 2
607 614
1 2 2
611 520
1 15 2
392 657
1 8 2
49 538
1 4 2
368 663
1 7 2
113 370
1 15 2
447 105
1 2 2
34 537
1 7 2
677 651
1 8 2
420 560
1 5 2
68 77
1 8 2
580 394
1 12 2
491 296
1 15 2
311 418
1 12 2
210 60
1 2 2
444 135
1 5 2
380 248
1 7 2
449 433
1 6 2
618 456
1 5 2
176 689
1 5 2
464 638
1 3 2
396 315
1 2 2
553 9
1 2 2
563 38
1 11 2
420 582
1 3 2
277 668
1 14 2
152 532
1 4 2
622 579
1 5 2
381 170
1 14 2
562 361
1 10 2
80 281
1 12 2
117 189
1 4 2
57 654
1 7 2
22 568
1 7 2
642 287
1 2 2
592 36
1 14 2
637 621
1 10 2
4 50
1 9 2
156 330
1 10 2
470 88
1 7 2
246 56
1 9 2
233 357
1 8 2
538 70
1 10 2
60 309
1 9 2
100 676
1 7 2
623 212
1 5 2
630 112
1 9 2
294 244
1 5 2
157 292
1 10 2
547 54
1 10 2
450 7
1 6 2
358 609
1 15 2
139 66
1 6 2
416 0
1 3 2
675 249
1 14 2
172 692
1 8 2
46 48
1 10 2
592 272
1 4 2
115 42
1 12 2
379 337
1 8 2
411 331
1 15 2
558 600
1 5 2
566 343
1 2 2
676 597
1 10 2
419 318
1 11 2
211 337
1 2 2
47 296
1 10 2
441 305
1 9 2
360 78
1 2 2
467 529
1 14 2
158 294
1 9 2
640 244
1 10 2
512 194
1 9 2
103 506
1 4 2
158 37
1 2 2
312 495
1 3 2
136 593
1 13 2
89 180
1 5 2
649 324
1 8 2
155 33
1 15 2
645 498
1 7 2
315 522
1 2 2
424 9
1 12 2
236 687
1 6 2
571 687
1 2 2
587 309
1 2 2
63 181
1 7 2
4 148
1 2 2
561 30
1 14 2
96 17
1 10 2
457 613
1 6 2
673 498
1 15 2
658 52
1 8 2
585 265
1 7 2
301 9
1 7 2
90 362
1 11 2
80 259
1 15 2
30 573
1 14 2
238 168
1 3 2
45 319
1 9 2
643 465
1 2 2
537 435
1 3 2
656 36
1 13 2
12 696
1 14 2
59 369
1 8 2
194 479
1 15 2
179 684
1 2 2
377 53
1 11 2
601 353
1 10 2
691 36
1 13 2
150 455
1 14 2
667 486
1 6 2
211 142
1 2 2
648 186
1 11 2
177 658
1 12 2
443 509
1 3 2
515 563
1 11 2
101 497
1 8 2
610 486
1 14 2
564 615
1 5 2
335 624
1 11 2
663 580
1 4 2
44 163
1 14 2
43 173
1 5 2
400 219
1 6 2
151 286
1 8 2
147 67
1 9 2
197 159
1 2 2
526 696
1 10 2
409 209
1 10 2
466 514
1 14 2
225 70
1 15 2
539 38
1 2 2
95 426
1 5 2
588 241
1 15 2
544 214
1 8 2
341 217
1 15 2
637 86
1 4 2
87 197
1 12 2
130 404
1 12 2
115 567
1 10 2
228 111
1 6 2
496 448
1 6 2
497 84
1 15 2
100 28
1 15 2
159 541
1 10 2
374 613
1 6 2
451 655
1 9 2
561 333
1 4 2
418 165
1 10 2
564 689
1 14 2
660 682
1 9 2
346 357
1 11 2
164 496
1 2 2
301 93
1 7 2
36 19
1 10 2
12 53
1 14 2
161 79
1 11 2
74 94
1 7 2
216 304
1 2 2
37 558
1 7 2
659 613
1 4 2
401 385
1 13 2
621 652
1 3 2
682 207
1 4 2
448 574
1 14 2
325 313
1 2 2
100 634
1 6 2
145 420
1 5 2
405 131
1 10 2
412 541
1 14 2
699 254
1 6 2
52 173
1 8 2
396 671
1 6 2
111 134
1 7 2
317 55
1 14 2
419 672
1 12 2
386 57
1 14 2
404 667
1 9 2
495 424
1 14 2
186 688
1 11 2
583 32
1 13 2
516 82
1 4 2
331 167
1 13 2
641 135
1 11 2
265 596
1 8 2
15 656
1 6 2
369 198
1 8 2
490 264
1 15 2
474 125
1 11 2
42 301
1 3 2
485 446
1 9 2
265 133
1 5 2
196 215
1 11 2
373 46
1 11 2
162 285
1 14 2
33 281
1 14 2
348 351
1 10 2
25 207
1 12 2
419 548
1 7 2
549 19
1 6 2
636 320
1 11 2
75 659
1 7 2
685 672
1 15 2
436 208
1 7 2
531 494
1 13 2
435 585
1 10 2
592 53
1 7 2
356 517
1 4 2
552 73
1 12 2
124 69
1 6 2
641 34
1 14 2
279 427
1 3 2
339 122
1 10 2
509 205
1 5 2
169 458
1 4 2
39 397
1 15 2
464 677
1 4 2
50 9
1 11 2
59 547
1 8 2
409 227
1 9 2
74 287
1 6 2
552 86
1 4 2
507 532
1 8 2
387 517
1 4 2
98 65
1 14 2
272 65
1 14 2
433 492
1 14 2
148 71
1 7 2
175 115
1 14 2
668 550
1 5 2
230 422
1 8 2
581 71
1 7 2
649 596
1 5 2
376 515
1 5 2
90 290
1 15 2
219 625
1 11 2
8 628
1 11 2
560 196
1 9 2
602 540
1 6 2
123 674
1 9 2
293 617
1 10 2
117 330
1 4 2
98 697
1 13 2
662 455
1 6 2
355 87
1 5 2
334 71
1 10 2
189 55
1 7 2
569 603
1 5 2
143 249
1 8 2
191 594
1 6 2
417 313
1 6 2
442 209
1 15 2
265 111
1 5 2
59 4
1 2 2
689 465
1 12 2
498 58
1 10 2
306 377
1 13 2
35 387
1 4 2
414 221
1 10 2
516 584
1 10 2
650 374
1 15 2
304 412
1 12 2
130 564
1 5 2
124 105
1 8 2
578 476
1 6 2
477 180
1 11 2
3 222
1 11 2
505 279
1 7 2
131 681
1 14 2
413 240
1 15 2
26 420
1 15 2
359 39
1 8 2
686 304
1 12 2
276 527
1 15 2
245 293
1 12 2
591 375
1 6 2
65 346
1 9 2
291 54
1 14 2
140 454
1 14 2
21 628
1 3 2
148 537
1 6 2
204 509
1 7 2
81 123
1 14 2
395 52
1 14 2
680 379
1 3 2
104 622
1 15 2
602 518
1 8 2
12 663
1 3 2
87 528
1 11 2
655 666
1 14 2
50 127
1 10 2
130 612
1 9 2
684 320
1 15 2
32 633
1 6 2
112 36
1 7 2
402 414
1 5 2
353 82
1 4 2
313 455
1 3 2
28 543
1 15 2
442 470
1 14 2
76 419
1 15 2
480 117
1 7 2
329 653
1 12 2
358 662
1 14 2
547 638
1 4 2
115 121
1 12 2
127 517
1 14 2
276 582
1 15 2
193 147
1 4 2
414 218
1 11 2
399 271
1 9 2
658 320
1 12 2
516 363
1 13 2
680 377
1 6 2
266 463
1 15 2
384 400
1 11 2
566 39
1 8 2
94 282
1 6 2
406 139
1 13 2
562 110
1 13 2
365 80
1 14 2
194 203
1 8 2
436 275
1 10 2
127 551
1 8 2
90 527
1 13 2
25 490
1 8 2
96 644
1 12 2
30 343
1 10 2
19 528
1 7 2
669 533
1 7 2
115 56
1 2 2
612 62
1 15 2
50 494
1 8 2
401 256
1 7 2
622 512
1 10 2
175 6
1 15 2
510 410
1 15 2
238 458
1 9 2
45 208
1 9 2
292 486
1 15 2
627 98
1 4 2
497 377
1 6 2
157 644
1 14 2
350 52
1 5 2
210 189
1 7 2
221 4
1 9 2
534 303
1 13 2
484 389
1 4 2
388 26
1 15 2
343 682
1 5 2
427 699
1 11 2
435 695
1 10 2
464 624
1 5 2
377 382
1 10 2
593 335
1 10 2
552 372
1 8 2
302 193
1 14 2
316 139
1 6 2
638 448
1 15 2
244 440
1 10 2
681 664
1 11 2
681 408
1 3 2
576 580
1 14 2
687 24
1 6 2
148 648
1 5 2
354 358
1 11 2
199 4
1 12 2
137 167
1 6 2
33 35
1 13 2
341 297
1 3 2
285 478
1 7 2
90 331
1 6 2
601 101
1 5 2
507 333
1 5 2
0 2
1 7 2
87 9
1 3 2
643 589
1 4 2
201 319
1 5 2
32 43
1 8 2
144 331
1 13 2
348 371
1 15 2
232 452
1 10 2
133 50
1 14 2
620 248
1 2 2
608 24
1 14 2
215 566
1 11 2
111 230
1 3 2
194 191
1 13 2
697 347
1 14 2
219 416
1 15 2
191 372
1 12 2
427 45
1 4 2
12 354
1 5 2
514 273
1 7 2
484 441
1 12 2
501 275
1 7 2
360 698
1 4 2
440 602
1 5 2
342 594
1 9 2
47 662
1 2 2
530 558
1 3 2
688 388
1 4 2
139 689
1 13 2
359 532
1 9 2
330 162
1 12 2
529 446
1 6 2
263 405
1 7 2
260 619
1 2 2
497 6
1 7 2
326 578
1 13 2
5 131
1 4 2
508 414
1 11 2
270 599
1 15 2
424 190
1 14 2
457 429
1 14 2
526 436
1 12 2
196 337
1 7 2
193 313
1 8 2
169 178
1 4 2
147 20
1 3 2
52 514
1 6 2
252 297
1 4 2
411 367
1 6 2
61 468
1 15 2
505 99
1 2 2
547 629
1 14 2
525 212
1 2 2
363 641
1 12 2
377 323
1 9 2
375 645
1 8 2
8 72
1 12 2
432 540
1 7 2
660 218
1 2 2
21 516
1 8 2
450 231
1 12 2
151 110
1 8 2
425 188
1 6 2
506 575
1 8 2
570 44
1 9 2
149 567
1 3 2
324 625
1 3 2
283 600
1 12 2
365 402
1 6 2
620 145
1 4 2
640 510
1 14 2
8 551
1 12 2
355 441
1 4 2
697 558
1 15 2
454 670
1 13 2
76 265
1 10 2
628 117
1 8 2
301 600
1 10 2
644 398
1 11 2
205 187
1 9 2
237 189
1 7 2
338 494
1 4 2
77 328
1 6 2
269 270
1 4 2
635 349
1 11 2
412 50
1 9 2
338 536
1 2 2
70 191
1 4 2
679 288
1 6 2
203 186
1 3 2
691 461
1 12 2
491 521
1 14 2
587 31
1 14 2
268 553
1 14 2
39 507
1 10 2
480 16
1 11 2
79 244
1 10 2
202 436
1 2 2
27 215
1 2 2
238 106
1 11 2
383 51
1 8 2
613 158
1 11 2
587 619
1 5 2
584 62
1 3 2
341 72
1 5 2
111 227
1 5 2
545 371
1 12 2
338 0
1 14 2
518 506
1 4 2
365 500
1 2 2
124 577
1 14 2
633 67
1 2 2
447 683
1 3 2
125 108
1 7 2
216 540
1 4 2
592 92
1 4 2
563 694
1 13 2
206 472
1 10 2
311 102
1 10 2
190 118
1 12 2
78 224
1 6 2
224 534
1 13 2
63 313
1 14 2
404 359
1 10 2
95 201
1 10 2
482 448
1 11 2
362 599
1 12 2
398 497
1 7 2
508 622
1 14 2
622 347
1 10 2
152 313
1 10 2
87 14
1 8 2
326 421
1 11 2
143 448
1 9 2
372 154
1 5 2
253 513
1 6 2
12 557
1 14 2
494 643
1 7 2
116 561
1 15 2
105 687
1 14 2
372 139
1 3 2
685 282
1 15 2
173 670
1 10 2
65 365
1 2 2
546 273
1 7 2
506 164
1 15 2
495 361
1 8 2
677 326
1 12 2
568 245
1 10 2
1 618
1 6 2
503 527
1 5 2
85 536
1 12 2
683 83
1 14 2
148 270
1 11 2
289 531
1 3 2
195 499
1 3 2
102 82
1 9 2
696 201
1 15 2
269 53
1 7 2
418 409
1 11 2
66 497
1 12 2
196 106
1 6 2
148 568
1 3 2
515 191
1 4 2
80 132
1 9 2
629 637
1 2 2
642 450
1 13 2
176 576
1 3 2
107 149
1 5 2
488 518
1 13 2
192 350
1 12 2
356 488
1 7 2
487 236
1 12 2
566 574
1 2 2
298 613
1 5 2
137 621
1 7 2
58 510
1 11 2
347 502
1 5 2
572 404
1 6 2
601 593
1 6 2
130 396
1 12 2
478 39
1 3 2
383 609
1 4 2
593 332
1 10 2
439 72
1 15 2
459 207
1 10 2
333 137
1 3 2
39 511
1 15 2
481 612
1 2 2
549 494
1 10 2
414 470
1 11 2
97 273
1 6 2
11 655
1 15 2
416 486
1 14 2
547 578
1 6 2
386 365
1 2 2
678 558
1 6 2
178 134
1 11 2
640 326
1 10 2
322 398
1 13 2
379 30
1 13 2
289 469
1 4 2
337 101
1 4 2
356 165
1 13 2
260 238
1 13 2
24 184
1 9 2
239 130
1 10 2
46 229
1 3 2
102 503
1 13 2
544 363
1 7 2
514 104
1 6 2
529 69
1 15 2
274 295
1 9 2
599 371
1 9 2
223 471
1 7 2
69 164
1 3 2
534 626
1 7 2
288 683
1 13 2
532 178
1 2 2
673 145
1 11 2
531 336
1 6 2
421 466
1 8 2
686 290
1 13 2
633 608
1 7 2
399 407
1 5 2
233 63
1 2 2
21 204
1 10 2
467 256
1 7 2
614 110
1 15 2
215 564
1 9 2
577 191
1 11 2
610 178
1 10 2
174 249
1 5 2
409 48
1 4 2
595 506
1 8 2
240 578
1 6 2
28 553
1 3 2
392 80
1 10 2
632 409
1 6 2
252 637
1 15 2
386 93
1 2 2
505 669
1 12 2
469 416
1 5 2
406 568
1 12 2
10 601
1 3 2
284 219
1 6 2
599 129
1 15 2
572 574
1 14 2
683 603
1 10 2
533 579
1 11 2
74 299
1 3 2
689 129
1 15 2
547 669
1 7 2
455 616
1 10 2
415 421
1 15 2
630 606
1 2 2
365 504
1 3 2
620 481
1 10 2
584 252
1 4 2
496 301
1 9 2
189 302
1 15 2
554 594
1 9 2
645 328
1 11 2
150 155
1 11 2
336 625
1 15 2
303 448
1 12 2
356 392
1 11 2
471 660
1 9 2
106 386
1 6 2
44 646
1 9 2
356 468
1 14 2
234 614
1 4 2
55 520
1 2 2
598 365
1 9 2
519 655
1 15 2
285 642
1 10 2
540 583
1 13 2
377 263
1 11 2
135 40
1 4 2
143 307
1 4 2
259 486
1 10 2
303 176
1 2 2
66 183
1 3 2
374 515
1 14 2
431 384
1 4 2
280 695
1 13 2
493 561
1 7 2
267 195
1 13 2
548 32
1 2 2
528 682
1 9 2
491 337
1 7 2
267 655
1 9 2
546 337
1 5 2
178 135
1 15 2
322 20
1 3 2
146 27
1 3 2
207 109
1 8 2
618 267
1 7 2
243 694
1 12 2
466 400
1 8 2
324 53
1 11 2
416 654
1 8 2
483 353
1 4 2
70 203
1 11 2
329 58
1 4 2
363 467
1 10 2
362 665
1 12 2
156 240
1 10 2
663 56
1 7 2
271 254
1 3 2
111 388
1 9 2
466 463
1 11 2
639 452
1 15 2
92 443
1 6 2
32 680
1 6 2
434 687
1 9 2
115 113
1 4 2
402 514
1 5 2
39 512
1 7 2
81 548
1 3 2
576 283
1 11 2
38 546
1 6 2
350 243
1 9 2
132 271
1 6 2
695 358
1 5 2
518 564
1 8 2
610 639
1 12 2
205 116
1 13 2
655 28
1 9 2
406 395
1 14 2
1 110
1 12 2
109 483
1 4 2
304 435
1 11 2
161 624
1 15 2
682 346
1 15 2
34 461
1 8 2
449 25
1 4 2
632 426
1 2 2
392 654
1 6 2
148 261
1 15 2
681 580
1 11 2
304 281
1 5 2
63 91
1 9 2
115 375
1 3 2
543 504
1 4 2
149 463
1 7 2
689 264
1 7 2
564 222
1 14 2
112 152
1 11 2
118 484
1 14 2
127 10
1 7 2
197 693
1 9 2
272 180
1 4 2
412 670
1 9 2
148 111
1 11 2
500 300
1 6 2
190 440
1 2 2
696 611
1 14 2
113 112
1 10 2
31 277
1 11 2
692 169
1 2 2
642 466
1 14 2
285 694
1 2 2
332 659
1 6 2
439 33
1 15 2
658 179
1 15 2
170 189
1 10 2
593 441
1 5 2
420 145
1 12 2
497 683
1 8 2
70 444
1 3 2
397 21
1 5 2
102 383
1 2 2
496 129
1 8 2
153 680
1 3 2
397 528
1 3 2
375 674
1 7 2
487 620
1 3 2
618 334
1 5 2
98 329
1 10 2
596 685
1 13 2
621 413
1 9 2
77 670
1 7 2
266 643
1 8 2
166 290
1 3 2
64 573
1 13 2
477 652
1 5 2
385 206
1 5 2
234 142
1 4 2
697 8
1 4 2
401 26
1 15 2
273 71
1 13 2
224 346
1 2 2
236 179
1 7 2
154 512
1 9 2
51 654
1 3 2
201 471
1 11 2
462 688
1 7 2
689 254
1 14 2
247 237
1 11 2
367 505
1 9 2
180 397
1 4 2
390 640
1 3 2
358 554
1 4 2
284 422
1 5 2
544 389
1 6 2
529 366
1 6 2
508 279
1 9 2
556 654
1 7 2
320 481
1 2 2
342 525
1 7 2
444 131
1 7 2
96 313
1 15 2
110 574
1 13 2
217 413
1 5 2
57 371
1 9 2
36 146
1 14 2
458 197
1 4 2
105 401
1 8 2
115 442
1 9 2
161 696
1 7 2
35 127
1 13 2
434 363
1 11 2
585 542
1 4 2
388 627
1 3 2
495 52
1 5 2
515 283
1 8 2
258 244
1 4 2
394 574
1 11 2
164 557
1 3 2
444 506
1 5 2
458 323
1 13 2
250 172
1 9 2
186 680
1 7 2
17 429
1 10 2
575 46
1 9 2
273 485
1 14 2
612 544
1 14 2
121 306
1 12 2
182 615
1 5 2
592 433
1 7 2
402 184
1 2 2
484 683
1 11 2
52 363
1 13 2
674 500
1 2 2
367 113
1 11 2
596 90
1 7 2
194 676
1 8 2
53 88
1 8 2
295 509
1 8 2
88 595
1 8 2
296 166
1 4 2
128 198
1 9 2
694 595
1 15 2
328 266
1 10 2
480 142
1 5 2
165 484
1 8 2
64 651
1 4 2
171 424
1 4 2
192 539
1 11 2
61 410
1 11 2
187 140
1 4 2
505 618
1 4 2
34 148
1 9 2
600 159
1 9 2
223 368
1 10 2
243 67
1 9 2
455 305
1 2 2
472 189
1 15 2
306 257
1 13 2
565 231
1 5 2
423 48
1 15 2
615 539
1 8 2
178 655
1 8 2
292 328
1 8 2
524 454
1 4 2
144 311
1 6 2
400 47
1 10 2
76 0
1 7 2
566 346
1 14 2
643 673
1 5 2
225 522
1 11 2
558 422
1 7 2
480 57
1 5 2
182 180
1 10 2
448 137
1 9 2
129 61
1 14 2
34 46
1 4 2
260 85
1 8 2
31 133
1 12 2
674 124
1 15 2
386 485
1 4 2
620 573
1 12 2
464 342
1 8 2
629 355
1 12 2
171 603
1 12 2
222 51
1 13 2
361 516
1 8 2
212 378
1 5 2
132 420
1 9 2
543 432
1 4 2
559 531
1 6 2
327 522
1 15 2
189 306
1 15 2
227 112
1 9 2
645 542
1 2 2
573 144
1 12 2
392 596
1 7 2
132 506
1 10 2
561 220
1 6 2
359 478
1 5 2
426 77
1 3 2
150 593
1 5 2
652 241
1 2 2
86 677
1 11 2
170 617
1 2 2
472 7
1 3 2
556 229
1 9 2
545 619
1 14 2
593 296
1 6 2
440 125
1 7 2
149 165
1 3 2
16 425
1 10 2
269 507
1 5 2
115 338
1 15 2
344 512
1 5 2
566 371
1 12 2
340 42
1 6 2
246 688
1 14 2
339 325
1 11 2
76 7
1 13 2
693 566
1 15 2
211 651
1 8 2
71 268
1 6 2
576 691
1 10 2
263 208
1 5 2
174 589
1 15 2
148 161
1 12 2
275 105
1 4 2
368 151
1 12 2
130 447
1 13 2
544 293
1 10 2
155 320
1 10 2
292 461
1 6 2
174 607
1 10 2
508 455
1 6 2
430 85
1 10 2
532 681
1 3 2
178 115
1 12 2
66 53
1 11 2
308 643
1 12 2
477 52
1 12 2
206 616
1 6 2
588 269
1 2 2
114 386
1 13 2
179 261
1 13 2
133 221
1 2 2
443 290
1 10 2
105 577
1 7 2
315 147
1 13 2
37 14
1 7 2
415 457
1 4 2
151 637
1 8 2
548 373
1 9 2
140 693
1 4 2
481 653
1 11 2
676 290
1 6 2
30 370
1 12 2
611 698
1 2 2
497 413
1 6 2
576 414
1 14 2
208 586
1 7 2
240 31
1 5 2
578 622
1 11 2
645 667
1 12 2
136 202
1 2 2
161 314
1 15 2
367 257
1 4 2
290 561
1 2 2
616 21
1 7 2
250 301
1 11 2
184 448
1 5 2
422 483
1 13 2
104 525
1 2 2
169 302
1 3 2
421 151
1 8 2
660 637
1 8 2
282 592
1 3 2
337 414
1 12 2
62 30
1 5 2
617 279
1 13 2
516 160
1 2 2
336 165
1 12 2
448 542
1 5 2
562 50
1 14 2
584 99
1 3 2
132 676
1 6 2
355 40
1 11 2
359 194
1 12 2
467 581
1 3 2
441 464
1 12 2
103 485
1 12 2
482 113
1 13 2
359 352
1 14 2
685 553
1 6 2
73 549
1 4 2
197 475
1 13 2
72 502
1 14 2
513 505
1 8 2
36 480
1 10 2
197 303
1 12 2
43 360
1 5 2
532 179
1 13 2
171 429
1 10 2
629 173
1 2 2
340 513
1 12 2
626 149
1 4 2
646 370
1 6 2
445 665
1 15 2
167 92
1 13 2
85 566
1 10 2
441 429
1 5 2
550 194
1 9 2
195 337
1 14 2
28 348
1 14 2
237 403
1 15 2
341 647
1 12 2
18 411
1 13 2
239 78
1 8 2
682 89
1 4 2
229 475
1 12 2
1 12
1 6 2
581 379
1 7 2
228 186
1 15 2
172 234
1 10 2
85 272
1 15 2
117 207
1 15 2
354 601
1 6 2
409 425
1 14 2
667 106
1 4 2
372 78
1 8 2
240 71
1 7 2
656 376
1 6 2
221 474
1 14 2
67 138
1 9 2
279 403
1 2 2
583 152
1 10 2
245 425
1 13 2
505 682
1 7 2
482 488
1 15 2
279 231
1 8 2
63 572
1 12 2
286 674
1 11 2
416 14
1 5 2
75 6
1 6 2
136 206
1 10 2
251 557
1 11 2
8 489
1 9 2
362 515
1 3 2
697 352
1 7 2
451 423
1 8 2
73 470
1 4 2
11 368
1 15 2
507 419
1 12 2
345 570
1 3 2
680 594
1 3 2
118 227
1 2 2
382 611
1 8 2
421 597
1 14 2
675 315
1 15 2
250 241
1 8 2
536 517
1 15 2
519 436
1 8 2
617 214
1 11 2
470 277
1 3 2
644 156
1 3 2
450 252
1 15 2
20 265
1 10 2
110 690
1 4 2
545 179
1 3 2
343 405
1 10 2
477 627
1 10 2
643 433
1 3 2
259 566
1 2 2
351 252
1 11 2
193 178
1 10 2
2 334
1 15 2
151 43
1 2 2
57 61
1 5 2
328 190
1 4 2
488 28
1 7 2
92 670
1 14 2
666 497
1 14 2
271 337
1 2 2
352 374
1 7 2
263 214
1 13 2
193 114
1 12 2
623 510
1 6 2
664 269
1 13 2
525 133
1 12 2
151 344
1 8 2
14 443
1 3 2
379 92
1 8 2
10 573
1 8 2
48 442
1 2 2
517 633
1 13 2
617 622
1 15 2
340 664
1 12 2
80 429
1 8 2
469 526
1 15 2
92 319
1 4 2
301 683
1 6 2
115 539
1 12 2
406 485
1 7 2
628 85
1 5 2
330 44
1 12 2
166 314
1 2 2
529 363
1 14 2
282 284
1 13 2
589 677
1 4 2
129 668
1 9 2
258 131
1 15 2
415 217
1 5 2
441 61
1 12 2
84 45
1 4 2
670 318
1 4 2
628 307
1 4 2
77 254
1 3 2
368 156
1 4 2
567 601
1 6 2
685 177
1 9 2
571 655
1 8 2
328 374
1 7 2
588 624
1 5 2
396 29
1 3 2
320 25
1 11 2
106 670
1 9 2
366 355
1 5 2
414 472
1 6 2
529 196
1 13 2
660 208
1 6 2
586 613
1 3 2
500 172
1 6 2
52 297
1 13 2
80 287
1 10 2
597 310
1 2 2
29 557
1 2 2
413 20
1 12 2
647 359
1 15 2
684 459
1 5 2
564 30
1 14 2
356 240
1 11 2
6 430
1 10 2
525 270
1 14 2
641 528
1 14 2
385 383
1 11 2
261 325
1 3 2
449 396
1 15 2
520 401
1 10 2
243 597
1 6 2
29 390
1 11 2
269 194
1 11 2
623 387
1 12 2
102 503
1 2 2
635 170
1 4 2
426 308
1 11 2
17 190
1 8 2
425 583
1 5 2
569 304
1 14 2
275 266
1 7 2
274 256
1 13 2
260 506
1 3 2
234 394
1 10 2
235 317
1 2 2
510 32
1 15 2
694 353
1 10 2
258 65
1 6 2
138 691
1 15 2
380 434
1 9 2
600 24
1 14 2
418 654
1 3 2
111 56
1 6 2
158 155
1 4 2
288 102
1 8 2
484 271
1 10 2
478 615
1 7 2
296 671
1 6 2
369 561
1 15 2
532 80
1 8 2
137 530
1 5 2
495 551
1 6 2
150 276
1 5 2
597 120
1 13 2
55 20
1 10 2
75 513
1 3 2
278 458
1 15 2
16 523
1 14 2
668 654
1 2 2
362 698
1 11 2
596 575
1 2 2
366 433
1 15 2
489 272
1 7 2
251 357
1 7 2
513 151
1 2 2
323 319
1 5 2
140 171
1 13 2
498 641
1 15 2
635 77
1 9 2
436 156
1 2 2
194 143
1 13 2
678 579
1 13 2
311 182
1 11 2
501 337
1 13 2
514 454
1 11 2
610 320
1 11 2
697 233
1 12 2
451 67
1 14 2
689 215
1 9 2
66 458
1 8 2
394 354
1 15 2
316 393
1 15 2
65 678
1 9 2
53 595
1 13 2
273 424
1 11 2
585 313
1 12 2
599 283
1 2 2
292 653
1 4 2
152 368
1 8 2
485 167
1 13 2
611 218
1 9 2
174 496
1 6 2
256 57
1 8 2
109 513
1 5 2
116 42
1 15 2
318 299
1 11 2
87 239
1 12 2
43 414
1 8 2
423 161
1 7 2
163 311
1 15 2
72 5
1 6 2
82 219
1 5 2
22 141
1 4 2
374 366
1 9 2
475 488
1 7 2
482 563
1 3 2
130 630
1 12 2
380 57
1 15 2
31 238
1 6 2
394 480
1 12 2
629 337
1 11 2
462 241
1 4 2
336 623
1 15 2
97 354
1 3 2
66 414
1 2 2
119 682
1 9 2
400 372
1 7 2
215 310
1 12 2
337 628
1 14 2
682 49
1 7 2
80 288
1 2 2
624 595
1 6 2
303 465
1 8 2
623 154
1 15 2
408 374
1 10 2
141 350
1 12 2
214 145
1 12 2
59 24
1 15 2
244 384
1 8 2
234 330
1 13 2
15 438
1 6 2
68 374
1 6 2
154 102
1 6 2
131 534
1 9 2
338 322
1 14 2
52 492
1 5 2
131 670
1 11 2
258 465
1 13 2
168 410
1 6 2
262 485
1 10 2
227 687
1 11 2
458 552
1 7 2
19 381
1 15 2
310 212
1 5 2
410 218
1 2 2
520 528
1 10 2
113 431
1 15 2
98 164
1 15 2
211 686
1 8 2
608 401
1 5 2
344 630
1 14 2
646 680
1 15 2
73 620
1 2 2
347 654
1 14 2
118 665
1 4 2
58 579
1 6 2
208 552
1 11 2
457 696
1 6 2
125 340
1 3 2
563 330
1 8 2
445 20
1 6 2
419 328
1 6 2
422 253
1 4 2
356 537
1 5 2
378 517
1 15 2
250 77
1 15 2
676 401
1 13 2
99 22
1 9 2
689 570
1 12 2
418 82
1 14 2
440 419
1 2 2
510 226
1 12 2
432 72
1 11 2
458 371
1 3 2
95 236
1 15 2
659 692
1 15 2
323 210
1 12 2
162 268
1 5 2
307 332
1 4 2
11 528
1 13 2
458 511
1 12 2
467 43
1 6 2
373 527
1 5 2
214 13
1 6 2
196 687
1 4 2
323 580
1 6 2
504 160
1 5 2
698 72
1 15 2
667 57
1 3 2
313 635
1 3 2
680 292
1 8 2
347 421
1 11 2
414 484
1 12 2
113 405
1 3 2
660 581
1 3 2
27 584
1 9 2
72 207
1 2 2
379 637
1 3 2
107 587
1 5 2
203 9
1 10 2
445 544
1 10 2
138 211
1 14 2
94 91
1 5 2
170 435
1 15 2
476 591
1 8 2
538 122
1 8 2
178 416
1 11 2
173 581
1 6 2
123 137
1 10 2
270 423
1 11 2
328 581
1 12 2
364 140
1 9 2
279 258
1 12 2
592 547
1 15 2
524 46
1 10 2
560 257
1 10 2
110 218
1 13 2
146 128
1 15 2
467 454
1 5 2
361 473
1 15 2
328 521
1 11 2
249 253
1 14 2
197 439
1 3 2
246 32
1 15 2
117 214
1 5 2
18 77
1 9 2
309 608
1 14 2
672 573
1 4 2
625 81
1 8 2
610 164
1 12 2
30 495
1 5 2
3 251
1 5 2
102 356
1 6 2
357 280
1 5 2
32 30
1 12 2
23 490
1 15 2
633 288
1 7 2
57 679
1 8 2
35 490
1 10 2
10 135
1 3 2
115 51
1 11 2
62 501
1 4 2
305 623
1 15 2
604 531
1 10 2
610 356
1 6 2
518 456
1 5 2
460 611
1 8 2
637 122
1 10 2
480 515
1 13 2
434 218
1 12 2
21 462
1 4 2
641 111
1 13 2
322 8
1 4 2
13 96
1 15 2
644 243
1 4 2
595 402
1 5 2
42 570
1 11 2
208 562
1 8 2
472 418
1 6 2
571 60
1 10 2
225 371
1 6 2
427 441
1 2 2
622 600
1 7 2
17 479
1 7 2
133 131
1 12 2
414 688
1 9 2
652 682
1 4 2
18 174
1 13 2
594 211
1 8 2
437 414
1 5 2
391 525
1 15 2
652 553
1 15 2
129 65
1 11 2
640 521
1 12 2
259 78
1 12 2
251 172
1 13 2
75 123
1 12 2
38 292
1 12 2
368 148
1 14 2
343 437
1 2 2
279 44
1 12 2
255 613
1 6 2
407 521
1 5 2
118 247
1 11 2
91 549
1 13 2
469 47
1 8 2
449 503
1 14 2
566 592
1 8 2
360 499
1 13 2
397 376
1 12 2
587 188
1 5 2
695 42
1 4 2
474 591
1 10 2
45 353
1 10 2
379 87
1 2 2
447 343
1 10 2
216 549
1 2 2
381 673
1 15 2
538 619
1 8 2
678 372
1 11 2
633 205
1 2 2
160 625
1 4 2
201 354
1 5 2
353 105
1 8 2
389 698
1 6 2
419 414
1 8 2
48 488
1 2 2
414 623
1 8 2
136 42
1 9 2
486 628
1 8 2
49 479
1 5 2
570 664
1 2 2
596 556
1 10 2
486 520
1 9 2
330 271
1 15 2
278 6
1 3 2
285 569
1 7 2
472 25
1 10 2
50 87
1 12 2
102 674
1 10 2
665 108
1 8 2
297 193
1 15 2
353 321
1 15 2
481 32
1 13 2
550 577
1 15 2
536 464
1 12 2
70 519
1 10 2
93 400
1 8 2
349 468
1 11 2
380 352
1 4 2
228 181
1 9 2
481 253
1 11 2
181 581
1 10 2
681 463
1 10 2
656 293
1 2 2
68 427
1 7 2
88 55
1 4 2
35 49
1 12 2
194 129
1 12 2
422 393
1 13 2
207 313
1 9 2
692 652
1 9 2
359 298
1 13 2
648 385
1 3 2
566 359
1 15 2
89 554
1 14 2
61 223
1 12 2
640 620
1 11 2
635 125
1 5 2
4 696
1 3 2
7 397
1 6 2
316 315
1 3 2
168 468
1 14 2
697 476
1 6 2
623 431
1 12 2
357 107
1 13 2
204 210
1 15 2
277 545
1 10 2
548 489
1 10 2
24 172
1 8 2
104 505
1 11 2
547 143
1 4 2
471 221
1 13 2
176 333
1 5 2
391 201
1 10 2
640 190
1 9 2
98 427
1 14 2
359 326
1 3 2
696 246
1 3 2
678 636
1 14 2
645 96
1 2 2
316 456
1 13 2
161 544
1 4 2
689 564
1 13 2
94 679
1 9 2
695 458
1 2 2
296 130
1 14 2
226 406
1 5 2
58 341
1 9 2
483 175
1 6 2
7 25
1 13 2
227 172
1 10 2
613 97
1 5 2
680 236
1 8 2
316 277
1 8 2
123 603
1 14 2
348 669
1 6 2
400 526
1 6 2
461 76
1 3 2
378 217
1 10 2
642 512
1 7 2
292 207
1 12 2
522 330
1 2 2
560 100
1 10 2
197 144
1 12 2
25 39
1 9 2
159 422
1 15 2
241 457
1 3 2
384 459
1 10 2
46 283
1 4 2
437 45
1 4 2
538 591
1 8 2
574 382
1 8 2
572 470
1 7 2
285 191
1 5 2
611 372
1 9 2
513 141
1 9 2
375 265
1 4 2
390 313
1 12 2
667 355
1 14 2
112 278
1 9 2
558 400
1 13 2
614 64
1 13 2
569 122
1 9 2
198 577
1 7 2
655 665
1 3 2
282 686
1 5 2
635 6
1 10 2
27 331
1 11 2
236 147
1 2 2
290 88
1 7 2
482 565
1 2 2
234 43
1 7 2
547 250
1 15 2
688 509
1 14 2
416 429
1 6 2
544 224
1 3 2
218 333
1 4 2
687 566
1 3 2
142 491
1 6 2
404 673
1 15 2
321 203
1 14 2
347 313
1 6 2
378 414
1 9 2
436 660
1 10 2
455 242
1 10 2
205 256
1 10 2
483 183
1 12 2
40 569
1 3 2
423 266
1 4 2
513 692
1 7 2
243 228
1 10 2
442 613
1 14 2
219 616
1 10 2
320 400
1 8 2
160 429
1 15 2
101 666
1 10 2
229 668
1 12 2
620 199
1 13 2
530 343
1 11 2
150 6
1 7 2
325 454
1 13 2
378 60
1 4 2
520 581
1 11 2
209 553
1 15 2
258 332
1 6 2
490 245
1 10 2
641 489
1 8 2
638 517
1 13 2
575 292
1 7 2
106 525
1 15 2
437 18
1 4 2
188 36
1 7 2
195 684
1 6 2
232 66
1 9 2
389 97
1 6 2
450 427
1 15 2
698 322
1 15 2
207 475
1 15 2
200 522
1 10 2
434 324
1 15 2
74 16
1 14 2
662 569
1 8 2
94 666
1 14 2
641 165
1 4 2
397 170
1 13 2
0 120
1 12 2
458 565
1 13 2
0 672
1 7 2
621 39
1 7 2
264 32
1 9 2
357 259
1 13 2
294 474
1 13 2
633 49
1 5 2
451 438
1 4 2
50 118
1 3 2
317 172
1 11 2
296 348
1 14 2
208 388
1 11 2
268 593
1 2 2
677 674
1 8 2
378 334
1 5 2
260 84
1 8 2
232 675
1 10 2
43 208
1 5 2
566 619
1 12 2
455 222
1 4 2
547 157
1 8 2
318 527
1 7 2
538 671
1 8 2
629 111
1 7 2
152 268
1 5 2
624 489
1 3 2
252 244
1 8 2
434 649
1 7 2
430 34
1 4 2
165 615
1 10 2
171 252
1 7 2
188 429
1 7 2
58 486
1 2 2
427 663
1 8 2
386 193
1 8 2
188 265
1 12 2
100 310
1 2 2
159 561
1 11 2
393 113
1 4 2
455 319
1 7 2
59 133
1 6 2
478 458
1 3 2
624 183
1 7 2
304 506
1 15 2
201 558
1 9 2
449 357
1 10 2
68 190
1 2 2
347 290
1 9 2
241 323
1 15 2
213 65
1 4 2
507 513
1 13 2
203 238
1 9 2
71 453
1 3 2
5 301
1 11 2
387 298
1 11 2
405 266
1 8 2
142 522
1 2 2
186 538
1 3 2
71 547
1 15 2
490 565
1 14 2
319 328
1 8 2
211 284
1 10 2
208 504
1 9 2
485 67
1 11 2
636 622
1 9 2
367 14
1 14 2
42 126
1 6 2
240 304
1 4 2
295 228
1 5 2
19 402
1 7 2
175 690
1 7 2
177 584
1 13 2
383 251
1 11 2
576 541
1 7 2
440 243
1 3 2
663 164
1 6 2
393 240
1 13 2
648 550
1 15 2
585 462
1 8 2
19 153
1 15 2
141 549
1 3 2
143 698
1 4 2
551 561
1 11 2
119 541
1 4 2
622 257
1 5 2
486 597
1 10 2
131 223
1 13 2
474 645
1 12 2
140 607
1 13 2
89 332
1 3 2
553 329
1 14 2
198 217
1 6 2
113 372
1 13 2
260 161
1 11 2
658 197
1 8 2
135 692
1 13 2
435 561
1 13 2
100 298
1 8 2
225 513
1 6 2
336 273
1 12 2
272 73
1 14 2
272 326
1 15 2
658 98
1 7 2
46 246
1 13 2
688 205
1 8 2
241 355
1 15 2
641 364
1 8 2
344 595
1 5 2
121 593
1 10 2
598 135
1 5 2
274 322
1 5 2
529 219
1 13 2
126 242
1 4 2
513 150
1 5 2
320 605
1 8 2
53 377
1 6 2
591 297
1 13 2
277 42
1 14 2
522 15
1 13 2
68 104
1 2 2
87 522
1 12 2
523 260
1 5 2
392 141
1 5 2
555 491
1 15 2
63 451
1 14 2
536 518
1 2 2
51 237
1 12 2
401 481
1 10 2
400 23
1 13 2
341 346
1 13 2
616 525
1 5 2
417 465
1 10 2
479 318
1 14 2
77 635
1 13 2
291 554
1 12 2
295 328
1 12 2
107 260
1 6 2
557 675
1 5 2
414 669
1 7 2
226 546
1 3 2
35 146
1 10 2
502 656
1 15 2
396 285
1 3 2
671 530
1 12 2
31 183
1 3 2
414 539
1 6 2
51 206
1 14 2
269 5
1 4 2
82 644
1 15 2
666 212
1 4 2
105 578
1 12 2
397 694
1 5 2
138 333
1 10 2
236 112
1 3 2
322 634
1 12 2
121 587
1 7 2
263 132
1 7 2
45 553
1 12 2
623 81
1 13 2
391 189
1 14 2
128 501
1 6 2
316 567
1 15 2
208 625
1 15 2
148 327
1 6 2
155 385
1 10 2
288 463
1 13 2
488 178
1 6 2
369 690
1 2 2
304 357
1 13 2
484 420
1 4 2
7 410
1 10 2
235 113
1 2 2
583 171
1 10 2
151 383
1 6 2
200 127
1 5 2
586 281
1 6 2
271 601
1 12 2
166 440
1 7 2
433 311
1 11 2
433 555
1 2 2
254 116
1 7 2
387 59
1 8 2
6 668
1 14 2
476 160
1 8 2
264 426
1 9 2
697 517
1 9 2
619 390
1 12 2
269 200
1 3 2
369 216
1 6 2
267 448
1 4 2
175 469
1 4 2
405 596
1 7 2
404 367
1 4 2
90 618
1 8 2
582 171
1 4 2
570 271
1 2 2
305 484
1 15 2
247 73
1 6 2
152 191
1 13 2
238 211
1 9 2
577 631
1 15 2
5 626
1 5 2
153 20
1 6 2
339 63
1 9 2
356 572
1 7 2
397 341
1 4 2
227 323
1 15 2
149 548
1 5 2
659 66
1 5 2
596 298
1 4 2
264 39
1 14 2
363 564
1 5 2
642 389
1 6 2
3 453
1 4 2
536 186
1 7 2
376 608
1 14 2
62 172
1 15 2
130 281
1 14 2
411 291
1 7 2
331 182
1 11 2
627 537
1 2 2
467 252
1 3 2
274 64
1 5 2
459 245
1 10 2
436 428
1 14 2
347 453
1 12 2
595 461
1 11 2
271 696
1 8 2
84 333
1 10 2
630 95
1 7 2
394 169
1 11 2
643 429
1 12 2
381 695
1 12 2
314 292
1 14 2
150 256
1 7 2
163 615
1 8 2
522 673
1 11 2
416 642
1 15 2
114 26
1 7 2
545 30
1 8 2
460 531
1 7 2
56 556
1 13 2
198 320
1 7 2
250 587
1 3 2
250 511
1 8 2
177 197
1 12 2
474 583
1 15 2
585 186
1 13 2
118 281
1 2 2
93 202
1 3 2
487 168
1 10 2
168 632
1 15 2
513 655
1 3 2
8 412
1 15 2
28 606
1 9 2
594 575
1 7 2
224 537
1 8 2
378 556
1 13 2
174 165
1 8 2
492 218
1 15 2
360 353
1 7 2
227 657
1 12 2
598 333
1 4 2
80 228
1 11 2
500 506
1 5 2
340 439
1 3 2
492 621
1 6 2
20 157
1 8 2
83 65
1 2 2
292 467
1 4 2
10 6
1 9 2
492 576
1 9 2
235 614
1 5 2
306 273
1 5 2
486 115
1 10 2
574 660
1 15 2
22 181
1 2 2
320 687
1 10 2
424 279
1 5 2
345 571
1 14 2
595 221
1 5 2
370 665
1 5 2
123 474
1 9 2
60 362
1 6 2
677 389
1 13 2
179 23
1 13 2
124 129
1 9 2
288 440
1 15 2
76 38
1 9 2
279 45
1 10 2
378 499
1 5 2
28 598
1 10 2
40 320
1 8 2
692 672
1 5 2
269 343
1 7 2
394 635
1 9 2
137 414
1 7 2
375 435
1 8 2
370 294
1 10 2
173 216
1 15 2
33 55
1 7 2
615 532
1 11 2
136 379
1 7 2
127 285
1 11 2
565 390
1 2 2
326 356
1 9 2
557 164
1 2 2
304 246
1 15 2
96 130
1 13 2
59 247
1 14 2
483 625
1 15 2
118 340
1 2 2
647 201
1 12 2
526 143
1 7 2
420 363
1 13 2
589 48
1 13 2
431 122
1 9 2
162 678
1 8 2
201 9
1 14 2
184 168
1 6 2
636 410
1 14 2
673 177
1 6 2
158 249
1 10 2
596 370
1 4 2
404 280
1 9 2
157 37
1 7 2
337 411
1 9 2
207 144
1 5 2
444 654
1 6 2
538 679
1 9 2
677 1
1 4 2
176 392
1 15 2
51 191
1 2 2
539 564
1 11 2
596 144
1 5 2
31 253
1 8 2
273 286
1 9 2
114 122
1 5 2
686 555
1 15 2
148 595
1 8 2
125 249
1 5 2
445 58
1 9 2
366 327
1 7 2
279 444
1 2 2
335 73
1 13 2
614 168
1 9 2
136 272
1 10 2
162 340
1 8 2
60 149
1 2 2
324 615
1 6 2
463 249
1 2 2
242 417
1 13 2
287 330
1 11 2
441 135
1 6 2
314 98
1 11 2
495 685
1 13 2
641 415
1 9 2
621 161
1 5 2
7 255
1 14 2
527 360
1 6 2
26 435
1 4 2
584 451
1 12 2
7 591
1 7 2
567 589
1 4 2
697 235
1 6 2
477 146
1 11 2
297 214
1 15 2
660 516
1 4 2
292 331
1 9 2
472 537
1 12 2
374 161
1 10 2
654 322
1 6 2
130 59
1 12 2
100 79
1 14 2
336 267
1 11 2
313 351
1 8 2
80 276
1 11 2
567 406
1 14 2
23 660
1 12 2
428 115
1 3 2
370 7
1 11 2
36 420
1 10 2
477 328
1 6 2
406 636
1 2 2
591 424
1 13 2
55 681
1 4 2
653 190
1 7 2
611 116
1 14 2
306 187
1 3 2
523 578
1 6 2
206 285
1 10 2
558 95
1 15 2
306 88
1 7 2
33 275
1 14 2
227 425
1 15 2
574 233
1 6 2
529 664
1 9 2
54 128
1 10 2
194 433
1 5 2
62 342
1 15 2
71 350
1 15 2
313 182
1 10 2
237 164
1 9 2
670 78
1 14 2
78 562
1 4 2
449 361
1 12 2
312 152
1 13 2
402 27
1 11 2
592 661
1 7 2
537 152
1 2 2
198 568
1 7 2
440 439
1 14 2
625 173
1 7 2
483 51
1 2 2
101 17
1 9 2
441 494
1 4 2
4 355
1 7 2
678 278
1 14 2
199 637
1 8 2
47 554
1 4 2
622 422
1 7 2
472 17
1 7 2
132 294
1 4 2
293 660
1 12 2
606 234
1 8 2
552 640
1 10 2
596 678
1 11 2
573 72
1 5 2
170 29
1 13 2
181 535
1 14 2
490 590
1 15 2
6 164
1 14 2
93 385
1 8 2
528 114
1 4 2
639 52
1 5 2
570 672
1 15 2
511 697
1 10 2
231 569
1 3 2
648 632
1 14 2
417 16
1 9 2
433 235
1 4 2
212 257
1 3 2
115 344
1 10 2
480 522
1 3 2
152 306
1 11 2
58 274
1 12 2
279 537
1 9 2
116 619
1 7 2
8 175
1 6 2
349 85
1 6 2
678 435
1 4 2
558 300
1 6 2
323 330
1 4 2
682 635
1 3 2
222 306
1 15 2
400 502
1 6 2
111 542
1 7 2
167 691
1 8 2
27 443
1 9 2
290 18
1 6 2
579 503
1 10 2
59 360
1 7 2
291 502
1 11 2
306 113
1 4 2
566 309
1 4 2
647 343
1 4 2
51 470
1 12 2
126 284
1 10 2
307 599
1 2 2
430 536
1 13 2
481 30
1 12 2
429 407
1 12 2
215 342
1 9 2
350 623
1 10 2
338 631
1 4 2
525 347
1 15 2
486 504
1 6 2
64 653
1 15 2
136 597
1 2 2
314 582
1 15 2
118 509
1 11 2
661 220
1 3 2
477 354
1 11 2
563 216
1 6 2
231 416
1 3 2
181 243
1 3 2
322 433
1 8 2
692 681
1 2 2
366 410
1 13 2
696 34
1 9 2
604 688
1 10 2
686 552
1 15 2
529 145
1 10 2
267 670
1 10 2
93 127
1 13 2
162 502
1 15 2
649 311
1 15 2
356 578
1 11 2
179 210
1 3 2
91 536
1 6 2
439 225
1 6 2
333 690
1 2 2
123 628
1 13 2
614 374
1 3 2
229 306
1 8 2
253 165
1 15 2
427 58
1 3 2
176 223
1 4 2
586 258
1 9 2
530 350
1 7 2
632 392
1 12 2
0 620
1 13 2
628 113
1 5 2
361 184
1 10 2
395 171
1 11 2
120 680
1 8 2
458 258
1 4 2
280 36
1 10 2
503 363
1 2 2
294 685
1 15 2
39 394
1 14 2
109 584
1 2 2
194 300
1 2 2
360 672
1 2 2
190 535
1 6 2
568 76
1 8 2
423 478
1 12 2
336 616
1 13 2
598 313
1 10 2
294 452
1 9 2
533 456
1 11 2
62 336
1 5 2
276 528
1 4 2
478 282
1 11 2
298 197
1 3 2
448 182
1 4 2
432 408
1 2 2
173 521
1 13 2
321 572
1 4 2
409 186
1 10 2
54 20
1 6 2
65 203
1 10 2
551 388
1 7 2
72 629
1 10 2
676 543
1 8 2
82 35
1 2 2
466 90
1 6 2
545 685
1 6 2
159 166
1 9 2
63 65
1 2 2
670 573
1 5 2
550 615
1 8 2
138 339
1 4 2
623 570
1 13 2
587 629
1 9 2
131 583
1 4 2
562 327
1 5 2
480 396
1 12 2
563 486
1 2 2
37 277
1 11 2
365 184
1 9 2
223 193
1 9 2
563 328
1 3 2
1 41
1 5 2
132 643
1 11 2
93 250
1 2 2
296 72
1 11 2
288 605
1 8 2
50 522
1 3 2
549 213
1 5 2
0 423
1 11 2
314 567
1 10 2
75 414
1 13 2
188 106
1 9 2
662 538
1 5 2
41 474
1 2 2
193 9
1 7 2
611 595
1 6 2
30 397
1 12 2
127 154
1 8 2
646 483
1 13 2
19 87
1 13 2
369 161
1 4 2
189 474
1 7 2
202 396
1 9 2
285 202
1 13 2
671 512
1 5 2
377 247
1 14 2
602 414
1 9 2
271 612
1 6 2
71 445
1 15 2
249 295
1 12 2
401 312
1 10 2
687 161
1 2 2
313 348
1 14 2
47 354
1 3 2
240 664
1 13 2
577 56
1 6 2
103 215
1 14 2
73 616
1 7 2
32 92
1 6 2
81 86
1 8 2
385 439
1 8 2
609 513
1 8 2
395 668
1 13 2
242 422
1 11 2
245 519
1 11 2
476 382
1 2 2
628 426
1 15 2
262 460
1 2 2
529 0
1 4 2
402 175
1 3 2
93 674
1 13 2
421 157
1 12 2
468 215
1 6 2
19 411
1 12 2
419 189
1 2 2
147 413
1 14 2
428 614
1 12 2
83 45
1 2 2
611 307
1 14 2
119 684
1 12 2
124 604
1 6 2
172 326
1 14 2
313 11
1 7 2
698 502
1 8 2
290 523
1 11 2
160 630
1 10 2
188 660
1 15 2
340 532
1 12 2
191 331
1 4 2
485 642
1 10 2
50 492
1 13 2
38 592
1 7 2
181 275
1 3 2
95 468
1 14 2
434 443
1 9 2
470 124
1 10 2
160 286
1 7 2
486 541
1 15 2
410 429
1 5 2
327 586
1 2 2
140 77
1 13 2
420 35
1 2 2
305 295
1 14 2
9 537
1 6 2
45 487
1 8 2
64 204
1 4 2
11 453
1 3 2
256 321
1 2 2
389 371
1 7 2
417 318
1 9 2
652 667
1 2 2
592 303
1 9 2
645 374
1 10 2
204 512
1 11 2
245 273
1 9 2
498 658
1 2 2
447 365
1 8 2
146 650
1 8 2
258 79
1 6 2
144 597
1 5 2
484 667
1 13 2
155 330
1 15 2
423 43
1 10 2
300 434
1 15 2
180 310
1 13 2
601 530
1 7 2
655 523
1 15 2
341 471
1 6 2
147 331
1 14 2
524 605
1 3 2
259 48
1 14 2
217 381
1 9 2
285 263
1 13 2
635 150
1 10 2
477 176
1 3 2
103 302
1 15 2
633 484
1 12 2
536 628
1 5 2
320 448
1 3 2
422 556
1 9 2
155 127
1 11 2
320 588
1 12 2
624 465
1 15 2
21 543
1 11 2
491 594
1 10 2
360 500
1 11 2
409 66
1 3 2
93 627
1 5 2
189 57
1 8 2
264 165
1 8 2
31 284
1 9 2
127 627
1 14 2
414 0
1 4 2
686 427
1 8 2
385 248
1 10 2
280 143
1 8 2
587 181
1 15 2
231 525
1 11 2
533 507
1 12 2
413 370
1 8 2
260 612
1 4 2
602 645
1 4 2
328 369
1 15 2
485 26
1 15 2
159 339
1 6 2
116 462
1 7 2
172 365
1 7 2
179 76
1 10 2
255 343
1 14 2
357 289
1 11 2
91 251
1 11 2
461 486
1 4 2
168 571
1 7 2
159 178
1 8 2
610 3
1 15 2
80 334
1 6 2
391 246
1 9 2
586 493
1 12 2
595 91
1 9 2
647 398
1 9 2
208 461
1 9 2
147 479
1 7 2
272 302
1 15 2
445 420
1 10 2
217 454
1 4 2
699 412
1 9 2
388 646
1 12 2
233 163
1 15 2
212 218
1 10 2
240 302
1 6 2
53 559
1 9 2
653 155
1 3 2
305 35
1 6 2
206 432
1 2 2
183 572
1 2 2
282 680
1 10 2
118 410
1 10 2
472 609
1 7 2
49 570
1 10 2
403 693
1 4 2
163 403
1 8 2
170 545
1 7 2
392 452
1 5 2
366 550
1 2 2
222 234
1 9 2
333 146
1 9 2
330 363
1 12 2
649 90
1 3 2
508 483
1 4 2
281 315
1 7 2
449 459
1 4 2
264 679
1 10 2
476 271
1 13 2
461 615
1 2 2
222 303
1 12 2
131 694
1 3 2
71 289
1 11 2
199 362
1 15 2
634 539
1 14 2
402 371
1 13 2
560 443
1 5 2
548 648
1 5 2
598 611
1 4 2
283 192
1 15 2
451 162
1 10 2
662 597
1 3 2
468 485
1 7 2
678 590
1 14 2
68 124
1 5 2
92 459
1 12 2
176 527
1 5 2
104 604
1 9 2
247 25
1 3 2
578 507
1 14 2
693 319
1 12 2
320 153
1 2 2
191 565
1 5 2
470 544
1 9 2
590 307
1 11 2
665 604
1 3 2
71 11
1 14 2
2 376
1 10 2
680 486
1 3 2
412 187
1 11 2
246 394
1 14 2
501 505
1 13 2
270 230
1 4 2
558 613
1 3 2
263 79
1 4 2
494 633
1 6 2
515 624
1 5 2
245 411
1 5 2
566 232
1 8 2
575 598
1 6 2
361 506
1 4 2
689 359
1 12 2
567 134
1 2 2
204 318
1 9 2
365 383
1 15 2
599 623
1 6 2
579 373
1 15 2
531 175
1 11 2
56 438
1 13 2
26 624
1 3 2
92 454
1 3 2
399 590
1 2 2
474 555
1 3 2
486 129
1 7 2
357 195
1 14 2
89 92
1 12 2
161 587
1 5 2
109 286
1 9 2
277 196
1 12 2
169 590
1 6 2
167 618
1 5 2
489 234
1 9 2
116 170
1 13 2
545 693
1 12 2
488 49
1 9 2
269 226
1 5 2
211 71
1 14 2
3 539
1 3 2
379 8
1 6 2
146 7
1 5 2
404 144
1 12 2
665 293
1 14 2
301 332
1 8 2
32 234
1 11 2
114 526
1 3 2
511 483
1 13 2
499 515
1 15 2
42 557
1 9 2
551 135
1 12 2
146 479
1 11 2
667 61
1 13 2
128 358
1 12 2
619 424
1 15 2
80 561
1 2 2
540 187
1 2 2
563 332
1 3 2
16 218
1 8 2
640 332
1 9 2
87 236
1 7 2
211 230
1 8 2
496 165
1 6 2
476 5
1 7 2
534 376
1 6 2
180 312
1 7 2
247 500
1 7 2
274 251
1 10 2
663 164
1 14 2
264 72
1 8 2
562 387
1 4 2
159 622
1 2 2
300 13
1 3 2
687 162
1 15 2
187 127
1 12 2
527 301
1 8 2
271 606
1 8 2
312 264
1 3 2
227 588
1 5 2
235 130
1 7 2
212 177
1 4 2
570 294
1 14 2
479 79
1 3 2
333 164
1 10 2
393 385
1 15 2
262 249
1 7 2
237 492
1 14 2
592 294
1 2 2
270 522
1 9 2
78 441
1 14 2
537 98
1 7 2
385 156
1 9 2
182 628
1 7 2
60 3
1 11 2
67 405
1 3 2
68 222
1 14 2
636 309
1 13 2
141 165
1 11 2
643 224
1 13 2
624 502
1 14 2
421 433
1 4 2
353 342
1 4 2
665 17
1 4 2
297 250
1 6 2
197 66
1 2 2
311 347
1 11 2
321 243
1 15 2
166 113
1 3 2
439 559
1 2 2
161 32
1 6 2
369 257
1 7 2
259 590
1 11 2
47 537
1 9 2
31 259
1 15 2
295 158
1 11 2
256 309
1 4 2
398 482
1 3 2
175 270
1 10 2
287 650
1 10 2
645 683
1 15 2
204 655
1 11 2
166 356
1 15 2
383 409
1 13 2
426 623
1 4 2
682 208
1 15 2
272 646
1 2 2
645 480
1 10 2
230 140
1 3 2
281 532
1 12 2
486 428
1 2 2
427 262
1 4 2
98 477
1 12 2
657 504
1 13 2
345 205
1 12 2
335 689
1 6 2
291 519
1 13 2
510 71
1 10 2
533 695
1 4 2
153 207
1 5 2
522 170
1 7 2
590 210
1 2 2
270 33
1 14 2
260 139
1 15 2
376 413
1 8 2
180 140
1 10 2
309 226
1 7 2
193 386
1 14 2
340 271
1 12 2
49 95
1 5 2
636 532
1 15 2
21 341
1 3 2
215 660
1 10 2
52 379
1 6 2
34 186
1 4 2
32 146
1 14 2
200 148
1 15 2
344 162
1 4 2
207 412
1 6 2
19 450
1 5 2
698 414
1 14 2
108 221
1 4 2
415 253
1 3 2
661 257
1 4 2
462 117
1 4 2
494 390
1 12 2
554 638
1 11 2
43 290
1 12 2
491 665
1 15 2
236 55
1 3 2
651 198
1 8 2
516 464
1 10 2
680 493
1 5 2
466 519
1 3 2
133 66
1 12 2
689 419
1 14 2
279 181
1 7 2
289 687
1 10 2
667 407
1 2 2
602 164
1 6 2
44 595
1 15 2
169 464
1 14 2
159 57
1 2 2
512 638
1 5 2
156 293
1 5 2
345 634
1 6 2
138 28
1 2 2
45 179
1 15 2
181 235
1 2 2
54 376
1 4 2
468 557
1 13 2
57 80
1 5 2
198 385
1 2 2
86 307
1 7 2
36 697
1 2 2
71 306
1 13 2
172 622
1 4 2
317 69
1 11 2
52 89
1 4 2
317 634
1 3 2
434 670
1 4 2
544 1
1 5 2
535 456
1 4 2
187 203
1 3 2
579 214
1 8 2
127 204
1 15 2
495 4
1 13 2
171 480
1 9 2
367 627
1 8 2
673 608
1 7 2
539 212
1 15 2
246 160
1 6 2
334 290
1 14 2
585 237
1 9 2
173 670
1 9 2
457 516
1 9 2
287 492
1 14 2
330 165
1 4 2
38 34
1 13 2
131 614
1 4 2
584 279
1 6 2
581 75
1 3 2
123 22
1 12 2
361 635
1 15 2
363 692
1 11 2
381 466
1 11 2
596 435
1 12 2
382 111
1 7 2
25 639
1 11 2
558 53
1 15 2
358 440
1 12 2
136 468
1 10 2
174 139
1 2 2
56 509
1 15 2
356 263
1 5 2
166 178
1 7 2
115 635
1 4 2
137 616
1 9 2
334 81
1 10 2
439 386
1 5 2
48 413
1 15 2
410 348
1 4 2
423 363
1 15 2
319 137
1 6 2
448 188
1 9 2
650 291
1 3 2
45 366
1 11 2
341 520
1 8 2
539 195
1 7 2
277 661
1 3 2
529 533
1 2 2
645 642
1 10 2
182 432
1 4 2
493 88
1 8 2
572 584
1 7 2
563 73
1 6 2
155 97
1 4 2
160 203
1 12 2
387 412
1 12 2
41 505
1 11 2
639 664
1 3 2
135 329
1 2 2
676 337
1 8 2
304 385
1 14 2
630 213
1 5 2
440 574
1 4 2
27 250
1 13 2
694 530
1 6 2
564 369
1 3 2
544 415
1 11 2
586 322
1 6 2
181 43
1 11 2
198 122
1 6 2
533 165
1 5 2
326 290
1 7 2
138 85
1 3 2
235 205
1 15 2
366 191
1 7 2
495 77
1 6 2
18 292
1 7 2
336 449
1 4 2
671 209
1 5 2
669 246
1 9 2
12 301
1 3 2
689 494
1 6 2
84 456
1 9 2
112 462
1 8 2
487 509
1 11 2
120 255
1 13 2
465 407
1 2 2
197 465
1 11 2
589 565
1 15 2
242 227
1 10 2
235 41
1 8 2
209 197
1 12 2
300 605
1 5 2
610 284
1 4 2
19 273
1 10 2
429 160
1 2 2
535 586
1 12 2
283 434
1 3 2
91 373
1 6 2
171 21
1 3 2
125 697
1 12 2
468 196
1 6 2
414 425
1 12 2
568 536
1 2 2
26 541
1 12 2
66 579
1 10 2
555 301
1 7 2
650 6
1 15 2
644 7
1 3 2
147 145
1 15 2
501 209
1 3 2
654 457
1 5 2
650 436
1 6 2
224 593
1 8 2
111 145
1 2 2
375 419
1 2 2
329 432
1 6 2
3 379
1 13 2
390 364
1 7 2
460 694
1 12 2
563 206
1 3 2
84 42
1 8 2
594 605
1 11 2
615 545
1 10 2
674 604
1 10 2
336 116
1 12 2
142 88
1 12 2
46 314
1 2 2
123 63
1 11 2
596 43
1 4 2
90 633
1 8 2
543 655
1 5 2
459 606
1 10 2
451 44
1 6 2
604 223
1 6 2
15 463
1 12 2
534 170
1 12 2
691 76
1 5 2
653 435
1 14 2
187 553
1 2 2
117 107
1 11 2
199 96
1 2 2
210 236
1 10 2
212 117
1 12 2
598 360
1 4 2
412 474
1 6 2
106 385
1 8 2
349 356
1 3 2
450 42
1 4 2
141 387
1 4 2
549 22
1 3 2
285 327
1 3 2
208 108
1 5 2
438 5
1 3 2
440 67
1 13 2
62 173
1 3 2
346 277
1 13 2
475 24
1 8 2
381 555
1 5 2
641 478
1 12 2
135 46
1 3 2
624 327
1 15 2
630 187
1 11 2
18 602
1 5 2
40 316
1 6 2
546 648
1 8 2
130 499
1 7 2
660 271
1 10 2
471 484
1 13 2
695 359
1 14 2
249 642
1 12 2
566 103
1 12 2
539 40
1 12 2
143 245
1 8 2
698 226
1 10 2
505 54
1 6 2
310 417
1 3 2
74 148
1 4 2
86 154
1 15 2
351 579
1 9 2
422 52
1 11 2
403 172
1 11 2
123 205
1 10 2
227 210
1 2 2
21 578
1 13 2
74 418
1 14 2
266 678
1 14 2
409 247
1 15 2
280 281
1 10 2
151 330
1 5 2
525 192
1 3 2
361 630
1 3 2
595 626
1 8 2
21 215
1 7 2
302 488
1 4 2
474 600
1 10 2
132 9
1 11 2
70 265
1 11 2
655 324
1 5 2
204 213
1 9 2
372 452
1 11 2
418 360
1 5 2
246 114
1 12 2
425 519
1 11 2
151 129
1 10 2
370 628
1 9 2
504 286
1 6 2
584 467
1 11 2
5 663
1 11 2
88 380
1 2 2
188 471
1 2 2
552 411
1 7 2
224 574
1 13 2
508 180
1 4 2
269 170
1 10 2
626 416
1 7 2
556 462
1 13 2
64 341
1 14 2
75 581
1 12 2
295 170
1 8 2
508 252
1 14 2
287 659
1 6 2
324 20
1 7 2
522 590
1 7 2
78 479
1 7 2
460 413
1 3 2
534 513
1 3 2
596 175
1 5 2
506 269
1 11 2
600 593
1 13 2
8 581
1 6 2
88 232
1 2 2
196 516
1 4 2
632 380
1 13 2
571 524
1 2 2
197 165
1 3 2
95 368
1 4 2
46 426
1 6 2
333 74
1 4 2
350 87
1 15 2
171 583
1 15 2
248 449
1 6 2
614 225
1 2 2
563 242
1 15 2
423 227
1 11 2
521 34
1 11 2
463 669
1 4 2
394 483
1 7 2
85 356
1 9 2
109 260
1 7 2
210 14
1 14 2
172 113
1 4 2
33 108
1 13 2
654 42
1 3 2
227 490
1 6 2
175 640
1 7 2
8 338
1 8 2
696 563
1 2 2
101 539
1 5 2
349 167
1 8 2
394 249
1 4 2
36 355
1 5 2
503 531
1 15 2
142 310
1 3 2
88 46
1 5 2
476 87
1 8 2
594 425
1 12 2
682 192
1 2 2
476 205
1 14 2
56 466
1 13 2
232 92
1 3 2
79 369
1 8 2
60 500
1 11 2
564 52
1 11 2
359 370
1 10 2
280 165
1 11 2
327 391
1 8 2
83 437
1 7 2
372 319
1 12 2
611 543
1 8 2
672 261
1 2 2
332 290
1 12 2
555 281
1 13 2
528 365
1 14 2
618 2
1 14 2
693 3
1 4 2
79 375
1 3 2
67 314
1 6 2
442 526
1 13 2
346 253
1 15 2
678 399
1 2 2
77 10
1 3 2
389 270
1 15 2
392 189
1 10 2
149 460
1 13 2
595 520
1 2 2
94 278
1 15 2
564 270
1 9 2
268 92
1 2 2
449 245
1 13 2
402 128
1 4 2
594 206
1 5 2
655 219
1 6 2
555 333
1 6 2
49 680
1 8 2
405 23
1 10 2
638 123
1 11 2
228 425
1 11 2
435 673
1 11 2
19 217
1 9 2
489 243
1 12 2
14 630
1 7 2
618 29
1 12 2
275 506
1 4 2
379 583
1 8 2
138 311
1 12 2
54 318
1 5 2
372 693
1 6 2
419 253
1 9 2
396 684
1 13 2
276 575
1 12 2
413 69
1 10 2
436 267
1 11 2
11 457
1 12 2
536 147
1 9 2
426 398
1 9 2
390 645
1 13 2
609 171
1 8 2
606 439
1 7 2
672 276
1 9 2
613 607
1 12 2
414 84
1 12 2
158 353
1 15 2
389 437
1 14 2
48 337
1 3 2
486 644
1 5 2
510 587
1 7 2
613 362
1 9 2
38 667
1 13 2
477 566
1 12 2
676 429
1 5 2
236 372
1 6 2
273 604
1 14 2
179 329
1 3 2
261 12
1 13 2
528 45
1 4 2
641 230
1 9 2
222 228
1 9 2
550 202
1 11 2
182 457
1 9 2
479 141
1 10 2
518 614
1 14 2
503 507
1 7 2
333 330
1 5 2
95 447
1 8 2
197 0
1 10 2
93 134
1 2 2
164 528
1 2 2
150 103
1 11 2
559 150
1 10 2
490 648
1 15 2
466 304
1 5 2
356 379
1 4 2
349 694
1 6 2
170 607
1 8 2
520 236
1 8 2
298 665
1 8 2
83 402
1 10 2
338 529
1 10 2
351 663
1 8 2
17 137
1 5 2
193 248
1 4 2
287 163
1 10 2
301 373
1 9 2
460 485
1 12 2
63 15
1 10 2
461 556
1 14 2
361 443
1 12 2
317 125
1 7 2
41 143
1 10 2
566 96
1 6 2
32 661
1 7 2
334 552
1 4 2
45 530
1 4 2
29 686
1 15 2
527 441
1 7 2
126 373
1 15 2
237 149
1 4 2
84 209
1 2 2
488 533
1 10 2
685 172
1 13 2
206 230
1 9 2
496 540
1 2 2
444 361
1 13 2
365 163
1 12 2
226 250
1 9 2
187 544
1 11 2
584 3
1 14 2
91 475
1 5 2
22 80
1 8 2
215 258
1 5 2
18 492
1 13 2
98 275
1 10 2
430 306
1 11 2
108 490
1 2 2
394 136
1 8 2
513 538
1 13 2
402 534
1 14 2
336 403
1 11 2
282 581
1 15 2
289 176
1 5 2
75 115
1 12 2
57 102
1 5 2
9 205
1 3 2
68 390
1 3 2
577 563
1 9 2
27 639
1 7 2
634 532
1 7 2
0 306
1 8 2
135 121
1 7 2
485 292
1 14 2
141 114
1 15 2
390 94
1 9 2
90 589
1 8 2
161 383
1 14 2
277 191
1 5 2
569 608
1 13 2
606 165
1 6 2
122 120
1 5 2
121 304
1 15 2
616 349
1 9 2
285 342
1 4 2
355 285
1 5 2
616 220
1 13 2
235 618
1 12 2
336 56
1 10 2
441 588
1 6 2
536 471
1 8 2
149 679
1 15 2
63 421
1 6 2
226 20
1 7 2
29 696
1 14 2
441 376
1 12 2
14 156
1 2 2
685 361
1 9 2
350 482
1 5 2
672 437
1 14 2
564 404
1 11 2
287 52
1 11 2
326 239
1 7 2
657 303
1 5 2
4 212
1 6 2
68 644
1 11 2
226 330
1 12 2
34 634
1 10 2
363 494
1 2 2
292 650
1 10 2
157 244
1 3 2
682 76
1 3 2
124 368
1 10 2
80 7
1 11 2
416 46
1 4 2
174 414
1 7 2
514 180
1 6 2
528 65
1 3 2
195 4
1 2 2
141 599
1 9 2
183 607
1 12 2
673 276
1 2 2
358 364
1 7 2
298 345
1 4 2
54 161
1 13 2
684 383
1 5 2
105 665
1 3 2
308 473
1 8 2
684 253
1 11 2
17 515
1 11 2
240 672
1 3 2
75 170
1 7 2
63 648
1 11 2
62 427
1 14 2
688 44
1 2 2
268 36
1 3 2
543 368
1 6 2
424 551
1 12 2
243 422
1 6 2
133 546
1 14 2
99 282
1 9 2
184 440
1 7 2
461 475
1 3 2
606 586
1 13 2
606 142
1 5 2
307 595
1 12 2
607 618
1 7 2
652 149
1 9 2
135 383
1 14 2
487 176
1 7 2
620 458
1 4 2
654 452
1 6 2
546 377
1 11 2
449 691
1 13 2
108 651
1 10 2
236 14
1 5 2
270 436
1 14 2
256 292
1 12 2
252 347
1 14 2
525 46
1 8 2
383 687
1 11 2
403 40
1 2 2
75 312
1 14 2
574 372
1 12 2
402 63
1 3 2
182 574
1 2 2
156 305
1 10 2
615 351
1 4 2
294 530
1 15 2
521 286
1 3 2
143 664
1 10 2
579 679
1 2 2
337 562
1 10 2
23 511
1 6 2
502 561
1 15 2
608 303
1 7 2
581 6
1 15 2
602 228
1 12 2
494 47
1 5 2
648 92
1 6 2
170 65
1 13 2
283 581
1 14 2
474 271
1 5 2
39 56
1 8 2
93 366
1 3 2
585 309
1 4 2
601 195
1 3 2
243 467
1 12 2
105 676
1 5 2
577 450
1 13 2
299 378
1 8 2
213 283
1 3 2
118 91
1 10 2
82 484
1 10 2
329 601
1 10 2
311 420
1 11 2
61 478
1 12 2
630 468
1 9 2
506 699
1 9 2
649 104
1 5 2
111 295
1 15 2
95 364
1 10 2
275 646
1 4 2
256 260
1 7 2
682 295
1 6 2
357 428
1 11 2
557 544
1 11 2
11 49
1 5 2
274 400
1 5 2
259 495
1 7 2
505 284
1 8 2
128 411
1 2 2
378 497
1 15 2
288 60
1 5 2
135 160
1 2 2
573 96
1 4 2
407 594
1 8 2
92 25
1 11 2
2 510
1 12 2
207 191
1 3 2
389 27
1 2 2
200 305
1 14 2
516 418
1 10 2
660 550
1 9 2
135 593
1 14 2
603 487
1 8 2
98 665
1 11 2
578 494
1 11 2
662 79
1 11 2
19 400
1 12 2
153 683
1 10 2
447 61
1 4 2
619 493
1 13 2
623 219
1 12 2
239 77
1 13 2
34 503
1 4 2
206 142
1 4 2
628 30
1 3 2
484 593
1 4 2
561 229
1 2 2
182 189
1 14 2
454 200
1 9 2
688 58
1 12 2
125 534
1 15 2
102 164
1 2 2
125 611
1 14 2
120 44
1 9 2
186 607
1 15 2
446 297
1 4 2
297 33
1 9 2
442 579
1 13 2
270 413
1 11 2
354 387
1 3 2
688 606
1 5 2
309 408
1 7 2
217 115
1 11 2
609 698
1 10 2
109 630
1 5 2
42 183
1 10 2
111 590
1 5 2
554 569
1 2 2
614 27
1 6 2
630 10
1 15 2
452 237
1 5 2
18 674
1 15 2
213 46
1 15 2
643 173
1 3 2
425 426
1 11 2
416 694
1 10 2
679 403
1 11 2
398 79
1 8 2
669 661
1 10 2
326 61
1 14 2
432 537
1 15 2
584 294
1 14 2
647 218
1 4 2
431 244
1 12 2
50 179
1 2 2
264 593
1 14 2
586 222
1 3 2
170 140
1 11 2
307 349
1 11 2
300 482
1 8 2
474 418
1 7 2
176 578
1 2 2
579 575
1 14 2
278 32
1 4 2
89 325
1 6 2
435 579
1 11 2
431 61
1 4 2
455 310
1 9 2
371 516
1 4 2
596 482
1 4 2
681 649
1 13 2
181 369
1 13 2
652 698
1 15 2
614 50
1 8 2
370 498
1 9 2
589 113
1 8 2
608 557
1 14 2
674 528
1 11 2
592 256
1 2 2
302 56
1 2 2
551 167
1 2 2
480 57
1 13 2
321 1
1 6 2
614 556
1 14 2
109 444
1 12 2
557 329
1 10 2
63 201
1 11 2
421 131
1 8 2
692 382
1 12 2
684 611
1 3 2
546 483
1 3 2
147 598
1 7 2
622 500
1 4 2
200 428
1 3 2
296 116
1 15 2
638 0
1 7 2
31 271
1 10 2
605 477
1 4 2
406 233
1 12 2
486 76
1 7 2
193 363
1 15 2
214 261
1 13 2
88 106
1 9 2
253 592
1 12 2
201 220
1 8 2
635 638
1 13 2
164 177
1 12 2
493 501
1 2 2
337 423
1 12 2
185 363
1 7 2
0 404
1 15 2
484 488
1 2 2
667 644
1 3 2
291 295
1 4 2
128 154
1 14 2
489 211
1 5 2
562 121
1 5 2
567 25
1 2 2
621 237
1 13 2
450 349
1 15 2
251 691
1 12 2
610 409
1 10 2
595 638
1 7 2
676 126
1 8 2
16 294
1 14 2
651 244
1 5 2
88 524
1 10 2
210 496
1 2 2
241 12
1 7 2
628 276
1 5 2
363 390
1 14 2
390 106
1 7 2
441 368
1 6 2
408 61
1 2 2
558 679
1 14 2
12 670
1 11 2
673 474
1 15 2
633 269
1 14 2
352 463
1 13 2
55 195
1 9 2
564 260
1 10 2
249 633
1 10 2
667 622
1 6 2
390 441
1 7 2
353 625
1 12 2
530 172
1 12 2
333 302
1 9 2
368 44
1 2 2
510 484
1 14 2
664 239
1 14 2
62 101
1 6 2
404 442
1 10 2
550 206
1 7 2
270 288
1 12 2
260 84
1 4 2
458 327
1 8 2
468 466
1 5 2
54 10
1 15 2
68 304
1 8 2
153 248
1 10 2
61 199
1 6 2
587 239
1 7 2
682 129
1 13 2
52 659
1 4 2
401 626
1 2 2
174 448
1 4 2
91 393
1 9 2
89 681
1 4 2
646 529
1 15 2
0 21
1 5 2
453 176
1 11 2
622 502
1 10 2
481 52
1 9 2
156 530
1 12 2
13 662
1 9 2
120 425
1 2 2
598 212
1 6 2
271 332
1 6 2
679 66
1 5 2
180 689
1 14 2
492 555
1 9 2
170 8
1 4 2
567 134
1 10 2
325 449
1 13 2
638 548
1 14 2
26 363
1 14 2
295 504
1 7 2
413 444
1 8 2
477 353
1 3 2
279 390
1 6 2
583 445
1 13 2
604 525
1 11 2
648 166
1 9 2
511 617
1 12 2
557 203
1 8 2
263 158
1 12 2
22 390
1 4 2
70 394
1 10 2
56 518
1 7 2
366 650
1 2 2
375 302
1 15 2
364 144
1 13 2
667 351
1 11 2
170 430
1 13 2
199 349
1 10 2
669 139
1 10 2
348 132
1 4 2
530 437
1 10 2
42 681
1 4 2
97 490
1 12 2
60 154
1 6 2
442 615
1 9 2
228 76
1 7 2
377 522
1 2 2
8 589
1 15 2
66 194
1 5 2
44 230
1 14 2
537 582
1 11 2
664 558
1 5 2
447 125
1 4 2
114 4
1 8 2
487 630
1 13 2
52 341
1 12 2
424 542
1 14 2
167 330
1 2 2
76 350
1 12 2
282 41
1 11 2
137 232
1 11 2
87 370
1 15 2
653 166
1 8 2
626 579
1 5 2
138 524
1 4 2
267 225
1 12 2
174 578
1 12 2
394 145
1 10 2
195 113
1 14 2
461 115
1 4 2
605 581
1 5 2
149 617
1 14 2
91 309
1 15 2
199 99
1 10 2
324 14
1 6 2
72 222
1 10 2
564 115
1 3 2
146 118
1 2 2
264 103
1 6 2
251 500
1 5 2
330 172
1 4 2
216 495
1 15 2
361 290
1 8 2
67 614
1 7 2
654 34
1 10 2
490 294
1 5 2
528 480
1 10 2
673 699
1 4 2
676 48
1 6 2
282 528
1 13 2
19 498
1 6 2
410 287
1 15 2
52 327
1 7 2
51 599
1 3 2
439 575
1 3 2
602 416
1 12 2
191 663
1 4 2
342 9
1 10 2
433 679
1 15 2
205 547
1 12 2
608 538
1 9 2
485 211
1 3 2
99 63
1 4 2
228 116
1 6 2
310 580
1 2 2
485 658
1 13 2
547 606
1 13 2
538 450
1 7 2
534 268
1 4 2
140 84
1 8 2
152 10
1 8 2
313 564
1 7 2
68 94
1 11 2
220 204
1 4 2
342 675
1 6 2
78 419
1 3 2
216 265
1 6 2
264 497
1 8 2
338 317
1 12 2
692 426
1 14 2
156 107
1 12 2
479 552
1 3 2
182 215
1 2 2
36 462
1 3 2
300 249
1 3 2
127 169
1 8 2
273 525
1 15 2
318 466
1 9 2
194 356
1 15 2
88 596
1 12 2
354 0
1 12 2
249 562
1 8 2
329 677
1 3 2
620 379
1 6 2
154 564
1 11 2
195 156
1 12 2
292 350
1 8 2
407 270
1 15 2
30 6
1 12 2
387 305
1 10 2
181 650
1 3 2
237 452
1 13 2
74 228
1 14 2
20 32
1 12 2
198 45
1 2 2
3 228
1 14 2
163 119
1 13 2
132 631
1 15 2
114 667
1 9 2
388 563
1 15 2
28 409
1 9 2
222 310
1 5 2
16 285
1 4 2
299 445
1 9 2
232 284
1 5 2
416 429
1 6 2
451 562
1 9 2
172 396
1 3 2
121 612
1 4 2
507 36
1 4 2
25 516
1 12 2
185 202
1 7 2
5 237
1 13 2
240 574
1 3 2
407 448
1 12 2
552 362
1 12 2
425 500
1 11 2
291 466
1 7 2
462 78
1 6 2
240 529
1 12 2
649 420
1 12 2
614 481
1 10 2
221 345
1 8 2
178 682
1 13 2
645 126
1 13 2
466 574
1 7 2
165 557
1 11 2
409 506
1 6 2
520 142
1 7 2
255 164
1 7 2
459 450
1 6 2
679 157
1 10 2
256 298
1 4 2
660 588
1 13 2
142 676
1 9 2
447 402
1 4 2
314 197
1 6 2
585 436
1 8 2
330 221
1 13 2
598 153
1 6 2
273 527
1 12 2
36 6
1 13 2
106 362
1 11 2
599 480
1 4 2
84 503
1 10 2
157 605
1 11 2
453 644
1 14 2
640 193
1 12 2
543 555
1 4 2
125 309
1 14 2
453 104
1 12 2
513 400
1 5 2
496 146
1 7 2
450 88
1 14 2
366 14
1 10 2
295 428
1 8 2
178 247
1 5 2
529 569
1 2 2
456 13
1 11 2
640 379
1 9 2
47 429
1 6 2
682 606
1 7 2
672 300
1 13 2
652 511
1 5 2
389 641
1 14 2
692 80
1 4 2
446 194
1 11 2
109 547
1 15 2
673 86
1 15 2
255 296
1 12 2
439 424
1 15 2
641 577
1 7 2
407 646
1 2 2
15 149
1 12 2
647 20
1 8 2
179 469
1 14 2
249 513
1 11 2
694 375
1 11 2
317 84
1 10 2
266 365
1 5 2
578 135
1 6 2
489 120
1 11 2
253 160
1 3 2
244 593
1 8 2
70 504
1 8 2
128 643
1 2 2
463 497
1 9 2
621 213
1 13 2
373 237
1 8 2
482 74
1 7 2
359 499
1 14 2
116 649
1 7 2
664 441
1 7 2
507 33
1 15 2
285 440
1 13 2
463 546
1 9 2
402 140
1 2 2
351 148
1 13 2
406 159
1 8 2
249 638
1 9 2
33 465
1 12 2
159 25
1 13 2
532 413
1 14 2
512 282
1 15 2
159 432
1 14 2
673 608
1 8 2
109 350
1 12 2
382 244
1 5 2
254 214
1 14 2
492 220
1 2 2
328 17
1 7 2
86 348
1 3 2
588 342
1 9 2
616 648
1 3 2
107 186
1 12 2
186 306
1 4 2
562 239
1 12 2
414 359
1 5 2
501 441
1 2 2
435 117
1 13 2
375 371
1 4 2
280 579
1 9 2
686 270
1 5 2
505 642
1 4 2
469 43
1 4 2
140 594
1 5 2
306 222
1 9 2
397 504
1 14 2
448 60
1 15 2
359 46
1 3 2
569 57
1 6 2
193 136
1 12 2
548 564
1 5 2
210 486
1 11 2
155 360
1 8 2
48 64
1 11 2
114 250
1 12 2
620 459
1 9 2
448 230
1 13 2
591 536
1 4 2
552 202
1 9 2
313 73
1 13 2
124 456
1 7 2
91 168
1 5 2
349 471
1 7 2
569 169
1 15 2
218 141
1 7 2
248 191
1 5 2
676 102
1 5 2
247 592
1 12 2
629 515
1 14 2
59 259
1 6 2
289 124
1 11 2
27 640
1 5 2
96 498
1 11 2
462 506
1 6 2
648 522
1 14 2
502 582
1 4 2
550 117
1 9 2
527 698
1 14 2
399 222
1 12 2
99 208
1 14 2
55 495
1 4 2
524 390
1 4 2
404 291
1 3 2
556 74
1 4 2
342 264
1 3 2
96 395
1 13 2
106 69
1 13 2
338 564
1 14 2
400 426
1 12 2
412 582
1 11 2
515 504
1 7 2
128 168
1 14 2
667 372
1 8 2
3 46
1 8 2
657 212
1 5 2
300 181
1 13 2
281 117
1 6 2
106 147
1 15 2
663 242
1 8 2
605 363
1 12 2
509 234
1 6 2
434 104
1 13 2
417 213
1 3 2
46 560
1 15 2
568 13
1 12 2
97 290
1 15 2
407 427
1 3 2
565 333
1 9 2
11 173
1 10 2
383 130
1 8 2
338 497
1 12 2
602 662
1 13 2
198 433
1 14 2
538 257
1 2 2
473 624
1 6 2
357 511
1 14 2
155 321
1 12 2
26 88
1 5 2
525 426
1 3 2
303 96
1 3 2
398 557
1 6 2
18 50
1 5 2
234 28
1 11 2
307 651
1 9 2
513 52
1 14 2
98 478
1 3 2
515 643
1 9 2
605 486
1 4 2
550 462
1 4 2
310 399
1 12 2
606 22
1 12 2
485 108
1 12 2
81 687
1 5 2
147 659
1 12 2
271 144
1 5 2
123 637
1 15 2
271 127
1 7 2
453 535
1 9 2
434 3
1 14 2
598 409
1 13 2
205 8
1 2 2
695 327
1 10 2
565 460
1 12 2
101 106
1 2 2
527 602
1 9 2
537 671
1 6 2
602 302
1 11 2
374 47
1 4 2
472 174
1 3 2
176 674
1 15 2
79 460
1 5 2
85 504
1 12 2
52 624
1 13 2
527 538
1 14 2
128 698
1 15 2
437 324
1 15 2
37 585
1 2 2
630 566
1 10 2
374 75
1 5 2
434 587
1 2 2
592 319
1 6 2
437 481
1 13 2
419 680
1 3 2
67 478
1 10 2
398 533
1 6 2
388 411
1 3 2
699 303
1 2 2
645 273
1 7 2
402 244
1 8 2
302 567
1 9 2
147 78
1 15 2
655 601
1 12 2
59 562
1 8 2
164 297
1 8 2
72 544
1 9 2
56 612
1 9 2
363 447
1 10 2
29 431
1 5 2
128 251
1 6 2
122 694
1 3 2
674 225
1 5 2
543 456
1 6 2
224 390
1 2 2
403 425
1 7 2
395 648
1 3 2
224 655
1 3 2
173 73
1 3 2
624 257
1 6 2
332 406
1 5 2
25 695
1 15 2
214 596
1 13 2
162 250
1 12 2
59 213
1 13 2
368 236
1 7 2
470 644
1 14 2
629 139
1 8 2
14 9
1 13 2
226 449
1 9 2
99 180
1 9 2
466 433
1 11 2
209 346
1 7 2
123 552
1 3 2
566 689
1 2 2
293 191
1 10 2
412 550
1 3 2
409 11
1 7 2
232 697
1 3 2
471 187
1 12 2
306 348
1 9 2
654 155
1 15 2
383 401
1 2 2
550 70
1 6 2
48 442
1 6 2
197 634
1 6 2
276 424
1 3 2
567 298
1 5 2
372 276
1 4 2
624 342
1 8 2
313 61
1 2 2
567 478
1 10 2
334 638
1 14 2
251 237
1 12 2
195 478
1 15 2
599 170
1 12 2
535 170
1 8 2
676 546
1 6 2
194 532
1 6 2
115 282
1 12 2
562 129
1 7 2
582 274
1 12 2
312 118
1 13 2
259 143
1 3 2
94 325
1 3 2
287 455
1 3 2
221 303
1 6 2
228 49
1 14 2
560 198
1 4 2
193 509
1 15 2
458 69
1 5 2
612 640
1 3 2
415 487
1 10 2
135 187
1 9 2
115 571
1 5 2
546 452
1 2 2
185 184
1 8 2
415 38
1 4 2
260 209
1 4 2
545 214
1 7 2
348 2
1 11 2
624 1
1 15 2
88 659
1 2 2
432 329
1 4 2
75 40
1 13 2
2 509
1 5 2
217 253
1 10 2
30 554
1 4 2
255 53
1 5 2
579 430
1 12 2
525 387
1 9 2
593 451
1 2 2
247 326
1 12 2
569 331
1 15 2
481 351
1 11 2
120 466
1 6 2
497 336
1 3 2
676 60
1 6 2
411 108
1 5 2
490 363
1 11 2
541 164
1 3 2
280 243
1 15 2
105 585
1 11 2
2 226
1 11 2
96 509
1 8 2
331 348
1 8 2
424 562
1 13 2
584 129
1 10 2
231 424
1 13 2
295 417
1 12 2
382 627
1 5 2
52 169
1 2 2
196 286
1 11 2
495 519
1 2 2
194 417
1 9 2
540 126
1 2 2
360 235
1 3 2
649 327
1 8 2
163 474
1 11 2
73 363
1 7 2
516 592
1 11 2
655 393
1 12 2
557 194
1 13 2
125 384
1 7 2
503 282
1 9 2
529 244
1 12 2
548 698
1 15 2
153 208
1 3 2
645 120
1 12 2
313 427
1 13 2
4 431
1 12 2
579 13
1 15 2
449 236
1 14 2
245 95
1 10 2
614 587
1 7 2
518 82
1 2 2
670 536
1 14 2
621 382
1 15 2
146 19
1 11 2
157 425
1 8 2
73 490
1 5 2
388 622
1 13 2
601 215
1 14 2
198 218
1 2 2
512 552
1 11 2
247 552
1 14 2
12 156
1 8 2
243 485
1 7 2
466 634
1 3 2
5 360
1 11 2
196 671
1 15 2
379 55
1 7 2
411 507
1 7 2
649 572
1 9 2
657 526
1 6 2
70 669
1 3 2
555 164
1 4 2
174 402
1 14 2
13 227
1 10 2
512 439
1 2 2
373 97
1 2 2
205 557
1 14 2
197 488
1 14 2
277 150
1 7 2
410 491
1 4 2
336 29
1 10 2
403 100
1 3 2
648 155
1 12 2
361 526
1 11 2
139 596
1 10 2
243 587
1 13 2
317 98
1 7 2
536 151
1 10 2
469 314
1 5 2
559 360
1 4 2
385 482
1 3 2
272 394
1 3 2
351 386
1 10 2
519 169
1 8 2
235 368
1 12 2
133 698
1 12 2
311 24
1 10 2
461 551
1 9 2
41 534
1 13 2
329 667
1 8 2
289 509
1 8 2
29 532
1 15 2
442 366
1 11 2
373 273
1 8 2
290 439
1 14 2
505 247
1 8 2
431 186
1 6 2
140 374
1 15 2
288 582
1 5 2
333 575
1 14 2
685 491
1 13 2
72 98
1 5 2
332 550
1 13 2
559 491
1 11 2
659 610
1 9 2
460 351
1 6 2
385 387
1 2 2
199 469
1 12 2
354 173
1 10 2
144 112
1 5 2
592 670
1 2 2
505 52
1 14 2
139 393
1 14 2
590 148
1 8 2
427 180
1 4 2
310 574
1 5 2
194 248
1 12 2
35 163
1 2 2
16 22
1 14 2
96 505
1 5 2
668 15
1 13 2
260 65
1 8 2
276 255
1 7 2
604 601
1 12 2
379 58
1 14 2
185 433
1 14 2
658 60
1 15 2
6 557
1 8 2
131 261
1 11 2
288 308
1 5 2
634 649
1 11 2
651 38
1 9 2
196 124
1 14 2
344 526
1 13 2
155 294
1 15 2
214 652
1 14 2
567 400
1 3 2
496 265
1 9 2
210 484
1 7 2
185 341
1 3 2
322 592
1 15 2
20 129
1 12 2
425 292
1 14 2
42 485
1 12 2
138 304
1 10 2
389 401
1 8 2
538 285
1 13 2
299 2
1 3 2
60 546
1 9 2
196 218
1 7 2
57 217
1 9 2
292 361
1 2 2
89 348
1 9 2
283 679
1 15 2
268 181
1 8 2
207 640
1 6 2
220 413
1 2 2
557 94
1 15 2
316 496
1 7 2
425 82
1 13 2
402 118
1 2 2
167 323
1 5 2
440 373
1 12 2
507 580
1 7 2
110 85
1 13 2
585 394
1 9 2
362 121
1 9 2
302 412
1 11 2
303 685
1 6 2
679 232
1 7 2
30 590
1 5 2
9 442
1 11 2
217 685
1 8 2
694 490
1 12 2
343 221
1 5 2
617 309
1 2 2
261 688
1 5 2
168 398
1 13 2
252 672
1 7 2
625 440
1 3 2
148 429
1 3 2
288 585
1 15 2
601 424
1 3 2
36 340
1 8 2
569 56
1 15 2
67 248
1 9 2
118 113
1 2 2
422 64
1 4 2
95 591
1 6 2
443 333
1 13 2
164 573
1 15 2
139 578
1 8 2
651 360
1 14 2
41 587
1 10 2
384 206
1 15 2
433 673
1 5 2
328 388
1 4 2
165 617
1 3 2
528 395
1 2 2
39 23
1 2 2
390 671
1 3 2
618 425
1 7 2
661 673
1 4 2
429 231
1 3 2
472 544
1 12 2
564 194
1 3 2
694 175
1 14 2
307 581
1 4 2
121 512
1 10 2
576 272
1 9 2
100 179
1 6 2
470 353
1 4 2
606 406
1 7 2
251 59
1 4 2
675 164
1 12 2
437 461
1 5 2
120 5
1 11 2
49 568
1 9 2
2 21
1 4 2
411 582
1 9 2
27 213
1 8 2
268 510
1 6 2
294 633
1 2 2
579 100
1 2 2
170 582
1 13 2
446 548
1 8 2
134 294
1 5 2
388 71
1 15 2
166 338
1 4 2
244 595
1 10 2
640 4
1 3 2
34 399
1 14 2
36 129
1 2 2
38 393
1 13 2
209 242
1 7 2
143 605
1 4 2
518 471
1 5 2
210 151
1 5 2
549 503
1 11 2
647 511
1 6 2
309 323
1 10 2
586 71
1 4 2
292 602
1 6 2
127 329
1 3 2
299 552
1 2 2
269 159
1 8 2
624 280
1 14 2
415 78
1 9 2
176 402
1 15 2
42 692
1 15 2
110 640
1 14 2
576 293
1 3 2
608 183
1 8 2
219 334
1 6 2
336 577
1 12 2
98 494
1 10 2
314 449
1 9 2
618 276
1 8 2
588 91
1 13 2
366 533
1 15 2
338 283
1 6 2
649 340
1 7 2
52 449
1 6 2
134 19
1 7 2
286 526
1 3 2
28 349
1 3 2
474 610
1 10 2
199 291
1 2 2
109 181
1 12 2
177 237
1 10 2
535 415
1 2 2
414 2
1 14 2
497 161
1 9 2
669 77
1 9 2
618 154
1 8 2
149 250
1 12 2
342 386
1 2 2
445 596
1 10 2
43 354
1 4 2
619 652
1 14 2
71 30
1 11 2
314 453
1 11 2
540 140
1 11 2
361 400
1 13 2
406 230
1 7 2
636 77
1 2 2
226 132
1 10 2
642 532
1 8 2
139 545
1 13 2
19 562
1 6 2
108 404
1 10 2
328 369
1 8 2
257 295
1 9 2
535 501
1 14 2
32 634
1 3 2
596 349
1 5 2
204 475
1 14 2
649 617
1 15 2
631 119
1 11 2
333 158
1 9 2
15 136
1 5 2
101 584
1 11 2
464 253
1 8 2
95 681
1 8 2
631 113
1 13 2
639 478
1 9 2
450 524
1 11 2
474 586
1 6 2
564 199
1 12 2
287 481
1 13 2
18 132
1 13 2
505 384
1 8 2
513 401
1 3 2
169 81
1 12 2
529 199
1 15 2
377 497
1 11 2
532 38
1 10 2
93 553
1 14 2
38 203
1 15 2
195 15
1 7 2
428 472
1 13 2
242 252
1 10 2
603 201
1 15 2
55 10
1 7 2
573 304
1 10 2
274 669
1 3 2
423 218
1 11 2
481 439
1 12 2
607 318
1 4 2
463 357
1 15 2
173 605
1 4 2
557 97
1 11 2
66 441
1 15 2
524 158
1 2 2
48 612
1 13 2
352 140
1 11 2
515 183
1 13 2
155 38
1 11 2
516 253
1 12 2
561 432
1 5 2
686 248
1 14 2
199 626
1 2 2
156 512
1 2 2
118 119
1 15 2
385 477
1 12 2
340 396
1 5 2
269 167
1 13 2
690 364
1 9 2
631 581
1 6 2
107 108
1 5 2
263 81
1 5 2
633 487
1 6 2
526 466
1 13 2
161 175
1 10 2
139 8
1 14 2
44 528
1 9 2
128 540
1 9 2
451 674
1 4 2
488 269
1 9 2
66 89
1 8 2
111 359
1 5 2
124 367
1 5 2
489 318
1 3 2
668 365
1 10 2
67 532
1 3 2
572 425
1 9 2
231 445
1 4 2
45 360
1 5 2
328 343
1 3 2
621 195
1 10 2
147 412
1 12 2
474 476
1 14 2
589 248
1 13 2
338 640
1 2 2
546 259
1 15 2
283 535
1 12 2
25 122
1 7 2
154 218
1 15 2
288 516
1 4 2
448 332
1 11 2
120 514
1 13 2
692 296
1 7 2
448 325
1 9 2
466 41
1 15 2
283 396
1 8 2
304 192
1 6 2
363 459
1 14 2
598 250
1 4 2
113 691
1 6 2
442 400
1 7 2
699 681
1 6 2
338 153
1 8 2
419 442
1 5 2
641 633
1 12 2
420 584
1 12 2
517 474
1 13 2
111 420
1 13 2
91 302
1 4 2
193 562
1 11 2
133 136
1 10 2
412 363
1 3 2
191 602
1 11 2
664 181
1 8 2
76 89
1 10 2
526 468
1 4 2
631 272
1 8 2
677 630
1 11 2
662 649
1 5 2
505 310
1 14 2
484 366
1 6 2
95 86
1 5 2
685 442
1 2 2
523 173
1 6 2
20 465
1 10 2
417 634
1 11 2
440 547
1 13 2
146 299
1 12 2
207 78
1 5 2
53 282
1 13 2
485 217
1 3 2
410 568
1 12 2
187 553
1 11 2
594 223
1 8 2
576 459
1 11 2
584 512
1 12 2
325 625
1 15 2
124 266
1 3 2
574 40
1 8 2
79 457
1 14 2
4 585
1 10 2
599 482
1 3 2
590 426
1 10 2
50 482
1 2 2
604 652
1 6 2
278 192
1 2 2
522 325
1 2 2
388 404
1 5 2
214 633
1 5 2
287 626
1 3 2
143 593
1 14 2
288 656
1 11 2
256 238
1 8 2
193 565
1 8 2
588 507
1 3 2
22 298
1 6 2
491 23
1 5 2
3 44
1 7 2
311 553
1 9 2
407 232
1 7 2
600 528
1 11 2
486 623
1 10 2
388 442
1 2 2
219 389
1 10 2
143 575
1 8 2
461 475
1 9 2
403 284
1 12 2
602 202
1 14 2
300 172
1 4 2
623 611
1 8 2
21 561
1 15 2
175 472
1 13 2
110 440
1 7 2
123 72
1 4 2
213 89
1 14 2
226 179
1 2 2
516 200
1 9 2
68 454
1 5 2
484 117
1 12 2
329 206
1 8 2
575 79
1 6 2
655 210
1 7 2
30 693
1 5 2
597 486
1 10 2
273 667
1 10 2
136 41
1 5 2
9 424
1 2 2
44 257
1 11 2
489 91
1 13 2
595 72
1 15 2
292 264
1 13 2
307 165
1 11 2
56 686
1 11 2
663 446
1 11 2
590 580
1 15 2
272 250
1 14 2
252 623
1 7 2
16 303
1 13 2
330 622
1 9 2
686 551
1 11 2
545 631
1 2 2
415 698
1 15 2
232 477
1 11 2
446 550
1 4 2
144 645
1 12 2
35 28
1 11 2
615 319
1 6 2
315 692
1 8 2
388 484
1 9 2
20 414
1 15 2
63 21
1 9 2
62 401
1 14 2
375 313
1 5 2
463 561
1 10 2
489 143
1 6 2
379 466
1 15 2
391 266
1 13 2
240 280
1 3 2
348 335
1 3 2
445 148
1 2 2
208 81
1 5 2
617 199
1 3 2
293 585
1 12 2
599 398
1 15 2
29 125
1 5 2
330 144
1 14 2
77 366
1 11 2
485 512
1 9 2
447 443
1 8 2
170 402
1 12 2
193 695
1 5 2
18 486
1 7 2
293 329
1 15 2
242 474
1 14 2
698 376
1 10 2
384 678
1 6 2
67 74
1 2 2
243 308
1 15 2
614 182
1 4 2
210 181
1 5 2
417 684
1 8 2
115 427
1 5 2
21 20
1 5 2
247 341
1 11 2
690 474
1 6 2
643 163
1 11 2
444 180
1 14 2
558 93
1 14 2
395 446
1 15 2
349 505
1 6 2
317 346
1 9 2
152 468
1 9 2
680 459
1 2 2
623 620
1 7 2
379 500
1 4 2
420 446
1 13 2
324 195
1 2 2
3 97
1 7 2
371 55
1 11 2
3 80
1 13 2
122 629
1 6 2
400 454
1 14 2
293 141
1 13 2
157 337
1 8 2
257 695
1 4 2
601 322
1 6 2
38 568
1 2 2
584 271
1 8 2
395 25
1 5 2
466 426
1 3 2
631 137
1 10 2
136 546
1 13 2
380 623
1 10 2
433 426
1 13 2
320 615
1 10 2
159 659
1 4 2
512 250
1 5 2
640 446
1 4 2
141 1
1 9 2
361 609
1 9 2
422 474
1 14 2
383 381
1 15 2
382 686
1 8 2
201 638
1 6 2
49 688
1 7 2
271 423
1 13 2
157 389
1 7 2
512 385
1 10 2
361 695
1 11 2
484 107
1 13 2
266 293
1 3 2
114 229
1 14 2
245 536
1 9 2
204 125
1 6 2
97 328
1 9 2
326 462
1 11 2
288 470
1 11 2
537 183
1 7 2
141 198
1 13 2
404 119
1 8 2
78 209
1 14 2
125 383
1 15 2
469 351
1 6 2
274 430
1 7 2
622 24
1 3 2
485 674
1 5 2
599 419
1 14 2
676 84
1 7 2
658 3
1 12 2
87 265
1 2 2
250 497
1 8 2
253 588
1 8 2
599 457
1 6 2
135 221
1 11 2
285 682
1 14 2
286 441
1 14 2
39 553
1 14 2
503 552
1 13 2
204 612
1 5 2
219 105
1 9 2
66 364
1 7 2
39 188
1 15 2
409 60
1 15 2
170 132
1 14 2
635 5
1 6 2
623 668
1 5 2
487 505
1 4 2
11 478
1 6 2
623 555
1 4 2
629 504
1 15 2
278 209
1 8 2
164 153
1 6 2
446 135
1 10 2
625 14
1 12 2
695 303
1 8 2
301 471
1 9 2
2 209
1 14 2
286 547
1 4 2
480 691
1 11 2
559 24
1 2 2
96 460
1 9 2
586 533
1 9 2
59 147
1 10 2
319 24
1 14 2
288 290
1 2 2
70 616
1 5 2
371 587
1 7 2
687 401
1 10 2
479 181
1 9 2
592 352
1 15 2
303 60
1 11 2
277 615
1 3 2
15 362
1 9 2
177 409
1 10 2
380 95
1 6 2
57 603
1 5 2
573 497
1 10 2
645 5
1 8 2
449 138
1 10 2
520 342
1 13 2
41 82
1 5 2
68 81
1 13 2
562 592
1 3 2
337 28
1 8 2
160 338
1 14 2
345 119
1 14 2
444 676
1 12 2
343 482
1 8 2
167 620
1 7 2
112 425
1 5 2
285 200
1 2 2
4 586
1 6 2
608 327
1 14 2
362 353
1 10 2
45 46
1 11 2
408 597
1 13 2
388 400
1 6 2
199 95
1 6 2
537 598
1 8 2
519 347
1 7 2
539 406
1 4 2
118 104
1 4 2
536 217
1 15 2
149 677
1 6 2
295 644
1 13 2
46 247
1 9 2
697 9
1 2 2
609 518
1 11 2
368 49
1 15 2
487 272
1 10 2
239 406
1 11 2
226 425
1 14 2
629 681
1 8 2
688 119
1 6 2
619 149
1 7 2
362 457
1 11 2
693 310
1 4 2
309 572
1 10 2
262 0
1 8 2
512 291
1 9 2
518 205
1 2 2
344 454
1 15 2
297 315
1 12 2
698 280
1 5 2
138 621
1 3 2
168 537
1 7 2
277 111
1 11 2
677 410
1 12 2
225 200
1 8 2
349 626
1 4 2
92 407
1 6 2
138 348
1 6 2
88 393
1 7 2
167 323
1 6 2
210 83
1 8 2
439 270
1 5 2
556 685
1 12 2
605 444
1 15 2
61 217
1 5 2
590 533
1 15 2
78 188
1 4 2
434 589
1 4 2
349 63
1 5 2
210 78
1 7 2
480 164
1 7 2
70 256
1 11 2
416 64
1 14 2
490 207
1 12 2
117 447
1 7 2
442 140
1 9 2
123 535
1 6 2
520 589
1 14 2
676 558
1 7 2
313 234
1 11 2
635 591
1 11 2
355 664
1 5 2
72 211
1 8 2
435 94
1 3 2
642 564
1 5 2
662 16
1 2 2
388 331
1 2 2
26 297
1 4 2
668 487
1 11 2
450 696
1 13 2
427 599
1 7 2
110 503
1 12 2
614 636
1 13 2
127 599
1 13 2
651 491
1 10 2
82 462
1 3 2
156 617
1 10 2
35 642
1 5 2
479 547
1 6 2
556 221
1 13 2
273 557
1 2 2
516 342
1 10 2
499 399
1 4 2
535 462
1 7 2
61 688
1 14 2
222 359
1 13 2
15 659
1 10 2
487 187
1 15 2
517 134
1 11 2
318 372
1 9 2
337 440
1 14 2
381 56
1 2 2
654 282
1 12 2
323 237
1 3 2
203 663
1 3 2
165 599
1 3 2
307 345
1 11 2
94 661
1 9 2
124 74
1 14 2
582 625
1 2 2
42 83
1 6 2
415 167
1 13 2
596 324
1 2 2
325 673
1 12 2
118 337
1 13 2
266 91
1 13 2
581 372
1 10 2
154 672
1 10 2
461 7
1 12 2
27 378
1 14 2
196 112
1 10 2
163 409
1 8 2
345 170
1 5 2
428 196
1 15 2
215 540
1 15 2
454 638
1 13 2
36 340
1 11 2
506 527
1 7 2
643 295
1 11 2
15 495
1 7 2
211 504
1 7 2
511 313
1 3 2
222 298
1 3 2
157 83
1 8 2
16 285
1 7 2
384 630
1 13 2
191 192
1 4 2
545 641
1 15 2
141 334
1 13 2
440 322
1 3 2
659 418
1 10 2
671 10
1 9 2
447 559
1 5 2
265 677
1 7 2
668 258
1 2 2
313 184
1 3 2
78 643
1 10 2
52 423
1 3 2
122 266
1 5 2
452 530
1 11 2
128 378
1 4 2
420 422
1 5 2
283 10
1 15 2
241 691
1 8 2
679 95
1 3 2
576 665
1 12 2
556 28
1 10 2
550 385
1 7 2
72 101
1 11 2
369 435
1 5 2
433 478
1 10 2
540 533
1 4 2
650 671
1 4 2
177 581
1 5 2
453 465
1 6 2
457 317
1 7 2
91 39
1 3 2
344 49
1 12 2
299 344
1 13 2
172 591
1 2 2
472 300
