700 5600 2100
18 22 19 21 5 10 22 19 18 12 11 13 9 7 14 8 16 7 18 8 11 17 24 22 22 15 25 6 8 12 13 17 12 13 13 9 15 21 11 6 25 10 21 14 24 17 11 9 10 21 20 10 21 7 21 12 6 10 15 8 16 24 13 24 9 20 8 13 10 13 23 5 23 19 12 6 11 6 20 19 10 16 23 7 22 9 6 9 16 14 25 10 25 17 9 17 22 10 25 25 12 18 7 12 8 9 9 14 14 20 14 13 16 25 18 16 7 9 19 6 23 16 15 23 17 24 7 10 9 6 12 23 24 5 18 16 13 22 6 11 16 18 21 8 20 14 20 9 23 12 6 20 20 21 22 25 17 24 15 5 21 24 14 22 7 16 14 22 5 13 19 15 13 5 7 16 22 16 14 22 18 21 19 14 24 16 25 10 22 8 16 11 14 8 11 20 15 14 19 7 19 12 20 5 13 10 25 23 24 20 22 6 7 18 17 6 19 24 10 7 9 20 24 12 25 5 8 18 22 13 9 8 24 16 19 23 14 6 7 14 18 9 25 25 9 16 22 23 19 21 5 20 17 8 15 20 9 23 13 19 16 15 7 16 12 19 22 15 25 20 21 22 17 14 9 20 13 15 12 23 19 12 14 7 20 20 6 17 13 10 22 21 15 14 8 23 8 21 19 21 24 5 17 5 11 22 11 9 25 8 25 25 16 19 25 25 6 8 23 22 18 9 11 25 16 18 17 5 5 16 7 8 17 5 12 13 9 25 17 18 24 20 20 18 23 19 24 10 15 9 6 25 23 17 22 10 17 5 16 12 6 21 11 7 23 17 16 23 8 7 23 21 15 12 14 24 12 25 23 5 17 23 12 20 11 17 17 24 25 8 9 24 13 16 6 5 19 24 17 9 22 16 16 13 21 7 15 16 9 25 9 17 17 10 9 24 12 25 16 6 12 19 21 19 20 10 17 23 14 21 21 9 23 10 23 13 7 16 23 14 22 7 17 20 10 7 24 5 14 9 19 5 21 17 7 22 14 9 25 9 20 20 7 6 14 25 17 8 14 19 10 8 19 20 25 15 11 21 14 13 15 20 23 16 8 15 13 24 15 21 20 9 24 21 20 12 17 22 21 13 14 21 14 19 11 14 24 10 23 5 13 17 12 9 22 8 24 20 14 8 21 6 9 13 6 7 14 13 15 8 9 23 22 9 6 21 5 13 22 6 23 5 6 6 9 24 19 8 16 7 11 25 9 9 8 7 24 13 13 22 16 18 17 8 23 25 10 17 22 16 9 8 6 23 8 24 11 15 23 13 18 21 21 23 10 6 17 15 23 24 14 20 22 13 16 12 6 17 25 11 24 12 9 6 23 18 6 15 21 18 25 20 5 5 5 21 18 15 18 14 14 21 16 22 15 18 10 15 24 22 6 22 14 23 8 12 18 9 19 14 11 11 18 8 10 24 19 7 9 16 18 9 23 7 18 21 13 10 24 10 8 12 24 22 10 19 24 7 15 7 11 13 25 11 5 23 23 10 14 8 17 6 20 21 5 17 7 19 16 20 14 14 7 10 25 24 7 20 24 7
3 8 13 13 10 16 19 4 15 12 8 15 6 10 19 4 8 17 5 14 19 6 5 12 11 7 18 5 17 9 9 18 15 11 7 18 8 16 10 18 4 12 11 11 16 17 19 11 4 10 18 8 5 5 8 7 13 14 17 18 10 18 8 20 8 4 18 5 17 8 11 6 6 7 6 15 8 6 18 4 16 14 7 12 10 20 11 8 7 19 15 5 16 4 5 6 8 20 8 20 16 12 9 18 9 18 6 8 16 9 11 9 20 19 10 15 18 4 8 16 11 15 6 10 14 11 20 5 10 18 15 12 14 13 12 6 5 15 14 14 16 12 5 13 13 15 15 10 7 10 4 11 13 18 7 13 12 10 19 4 7 11 10 16 16 7 12 20 10 18 17 17 5 7 13 18 12 8 6 18 15 15 8 7 20 13 4 10 10 4 7 18 5 10 19 13 18 11 12 10 7 17 20 5 14 8 19 16 19 3 20 4 11 9 18 14 17 18 5 16 8 12 5 9 12 3 10 12 13 6 4 19 4 3 19 4 20 18 9 3 20 3 3 5 13 9 16 6 8 12 18 7 11 20 6 7 6 11 13 17 6 3 11 12 9 3 13 6 13 16 20 12 6 6 16 19 10 6 18 8 16 18 16 12 19 10 6 17 3 17 12 20 4 8 7 10 10 7 4 11 10 18 20 10 4 4 3 13 11 12 9 4 3 16 18 18 10 12 19 6 9 5 9 16 13 11 9 20 18 14 14 15 14 4 16 9 8 14 3 16 6 10 3 17 17 13 10 6 12 4 12 13 20 12 4 15 17 15 19 11 16 20 6 17 5 19 12 4 15 10 8 12 16 19 6 10 14 16 20 5 5 14 13 5 17 20 11 20 11 12 20 4 10 18 8 9 14 6 3 9 11 7 9 16 14 15 5 3 7 12 4 10 18 3 6 11 20 12 20 5 19 10 11 12 12 13 13 20 13 11 8 20 12 14 19 8 12 5 20 3 6 8 16 8 18 14 15 16 6 10 7 10 13 13 3 6 19 18 10 11 4 20 14 14 11 3 8 9 8 13 7 8 12 12 15 4 13 4 17 12 6 14 12 13 10 20 13 11 18 12 10 15 9 3 7 20 3 13 6 8 18 10 20 10 18 11 11 17 16 11 3 16 9 4 12 5 13 9 15 7 16 9 11 13 9 3 8 3 16 8 15 4 19 12 16 6 12 12 10 7 8 9 3 9 18 11 15 4 12 8 4 10 4 7 11 8 18 13 16 18 10 14 17 20 4 5 14 19 3 20 11 19 10 8 11 5 7 8 9 12 17 7 15 16 17 17 20 10 17 3 9 18 16 3 20 19 16 12 15 4 12 3 17 14 11 12 16 19 13 15 7 16 20 16 19 4 4 18 20 16 12 4 16 20 17 8 6 17 18 16 5 15 8 10 7 14 13 9 13 19 14 20 16 14 16 9 15 12 4 8 15 16 12 10 5 7 17 10 14 11 6 3 17 12 19 20 4 13 18 5 11 12 12 3 10 19 7 3 18 8 8 14 12 3 18 13 18 19 4 13 14 5 12 15 17 12 15 12 12 17
1 14 2
38 623
1 15 2
474 361
1 14 2
505 454
1 8 2
334 372
1 13 2
489 570
1 6 2
326 511
1 10 2
242 88
1 4 2
176 508
1 11 2
347 590
1 11 2
681 213
1 14 2
161 420
1 4 2
278 424
1 2 2
500 337
1 8 2
541 395
1 12 2
687 193
1 2 2
462 401
1 10 2
466 146
1 10 2
641 80
1 13 2
696 104
1 2 2
563 258
1 12 2
296 452
1 4 2
558 107
1 4 2
14 220
1 2 2
451 111
1 8 2
583 235
1 7 2
216 542
1 11 2
19 279
1 10 2
388 637
1 4 2
557 667
1 8 2
460 242
1 3 2
594 116
1 12 2
633 651
1 9 2
158 582
1 13 2
455 480
1 11 2
4 91
1 4 2
534 519
1 9 2
624 682
1 12 2
196 602
1 12 2
200 156
1 12 2
68 676
1 9 2
46 153
1 14 2
670 212
1 5 2
401 75
1 14 2
11 110
1 3 2
236 388
1 10 2
471 292
1 11 2
227 67
1 9 2
370 543
1 5 2
630 517
1 3 2
22 139
1 4 2
676 132
1 9 2
307 323
1 3 2
653 669
1 4 2
421 43
1 10 2
76 694
1 8 2
355 308
1 7 2
652 73
1 5 2
91 42
1 7 2
605 299
1 4 2
378 421
1 10 2
255 603
1 3 2
310 396
1 12 2
154 290
1 9 2
289 508
1 5 2
254 592
1 4 2
436 176
1 7 2
439 461
1 7 2
319 113
1 12 2
350 198
1 13 2
145 501
1 2 2
383 285
1 2 2
552 541
1 13 2
340 650
1 7 2
229 110
1 9 2
55 524
1 7 2
694 264
1 11 2
283 443
1 10 2
439 21
1 13 2
265 156
1 5 2
624 77
1 2 2
73 597
1 9 2
339 639
1 2 2
445 19
1 4 2
558 166
1 15 2
496 615
1 3 2
275 587
1 2 2
7 164
1 10 2
105 406
1 3 2
101 110
1 3 2
116 293
1 10 2
643 544
1 6 2
93 81
1 3 2
660 479
1 6 2
579 184
1 4 2
228 83
1 14 2
116 260
1 8 2
112 342
1 5 2
27 429
1 10 2
561 364
1 10 2
695 5
1 8 2
516 70
1 13 2
102 534
1 12 2
254 351
1 15 2
545 94
1 5 2
572 269
1 15 2
232 535
1 3 2
28 254
1 11 2
250 438
1 6 2
64 571
1 4 2
341 15
1 2 2
674 315
1 8 2
643 198
1 11 2
530 556
1 6 2
543 241
1 13 2
192 586
1 9 2
490 258
1 13 2
567 624
1 7 2
418 677
1 6 2
165 262
1 5 2
300 342
1 9 2
471 469
1 5 2
406 16
1 11 2
442 503
1 4 2
291 82
1 10 2
124 569
1 5 2
272 523
1 15 2
51 361
1 10 2
98 283
1 9 2
394 622
1 13 2
295 635
1 13 2
190 306
1 6 2
109 415
1 9 2
603 24
1 10 2
324 30
1 9 2
418 144
1 9 2
469 615
1 6 2
65 184
1 4 2
89 458
1 9 2
161 95
1 7 2
547 455
1 14 2
292 124
1 13 2
50 296
1 14 2
36 534
1 8 2
604 120
1 10 2
587 577
1 4 2
556 612
1 5 2
347 436
1 7 2
583 470
1 11 2
522 63
1 4 2
624 395
1 11 2
145 697
1 3 2
68 428
1 7 2
132 312
1 3 2
362 420
1 8 2
205 419
1 2 2
512 563
1 10 2
320 548
1 11 2
311 558
1 8 2
297 311
1 3 2
304 255
1 11 2
381 196
1 10 2
475 453
1 14 2
378 108
1 12 2
373 566
1 10 2
404 158
1 6 2
543 640
1 13 2
112 91
1 12 2
667 333
1 13 2
264 653
1 14 2
189 376
1 13 2
427 37
1 6 2
507 109
1 13 2
270 461
1 5 2
434 245
1 12 2
285 236
1 2 2
247 188
1 8 2
472 696
1 6 2
130 695
1 14 2
576 261
1 15 2
191 190
1 6 2
221 613
1 10 2
303 88
1 7 2
284 264
1 8 2
620 200
1 7 2
40 71
1 3 2
30 660
1 5 2
377 419
1 2 2
429 423
1 2 2
37 255
1 10 2
364 54
1 12 2
72 393
1 13 2
494 532
1 3 2
614 396
1 13 2
656 488
1 5 2
175 283
1 2 2
333 15
1 9 2
494 51
1 5 2
66 203
1 2 2
651 530
1 9 2
693 547
1 8 2
282 425
1 11 2
547 118
1 2 2
61 671
1 7 2
656 137
1 9 2
600 542
1 11 2
359 264
1 9 2
259 61
1 15 2
505 461
1 15 2
87 209
1 9 2
548 645
1 5 2
687 441
1 15 2
243 281
1 15 2
110 611
1 8 2
480 38
1 5 2
12 553
1 2 2
571 323
1 5 2
685 699
1 13 2
312 666
1 3 2
273 488
1 15 2
13 684
1 9 2
411 652
1 8 2
178 663
1 3 2
298 551
1 4 2
385 332
1 14 2
451 376
1 4 2
483 683
1 8 2
424 63
1 2 2
367 88
1 9 2
59 5
1 11 2
287 448
1 4 2
673 178
1 7 2
686 472
1 3 2
272 484
1 14 2
412 188
1 7 2
334 562
1 13 2
56 157
1 15 2
14 634
1 10 2
196 16
1 3 2
52 571
1 10 2
386 238
1 7 2
491 124
1 13 2
272 662
1 11 2
464 549
1 3 2
323 401
1 4 2
601 390
1 11 2
436 89
1 2 2
232 364
1 7 2
218 417
1 11 2
499 271
1 10 2
528 569
1 14 2
349 249
1 5 2
398 409
1 4 2
12 280
1 9 2
414 47
1 6 2
434 141
1 10 2
556 159
1 7 2
297 450
1 6 2
177 549
1 12 2
296 212
1 8 2
0 143
1 15 2
649 218
1 2 2
267 373
1 11 2
43 51
1 6 2
222 636
1 13 2
533 257
1 15 2
310 221
1 4 2
54 424
1 2 2
484 357
1 3 2
208 266
1 7 2
629 498
1 13 2
468 239
1 9 2
289 555
1 10 2
172 655
1 4 2
525 193
1 7 2
205 247
1 15 2
273 554
1 7 2
571 246
1 13 2
459 556
1 13 2
428 624
1 2 2
275 366
1 3 2
519 633
1 7 2
529 666
1 2 2
399 238
1 6 2
673 396
1 7 2
331 41
1 14 2
193 420
1 11 2
399 467
1 15 2
378 374
1 15 2
615 622
1 4 2
71 194
1 14 2
303 152
1 3 2
134 98
1 5 2
139 248
1 3 2
486 133
1 6 2
50 555
1 5 2
635 217
1 7 2
137 468
1 5 2
592 566
1 9 2
173 121
1 6 2
332 488
1 7 2
635 325
1 12 2
680 448
1 5 2
491 364
1 15 2
258 134
1 13 2
414 589
1 15 2
475 229
1 10 2
625 136
1 15 2
297 399
1 4 2
281 336
1 13 2
609 259
1 14 2
136 211
1 6 2
66 470
1 13 2
123 371
1 2 2
443 221
1 7 2
35 366
1 7 2
493 369
1 4 2
230 388
1 9 2
99 112
1 2 2
592 457
1 2 2
20 641
1 11 2
144 202
1 10 2
142 81
1 7 2
268 228
1 7 2
463 306
1 15 2
144 102
1 12 2
596 657
1 10 2
20 457
1 5 2
29 278
1 3 2
56 695
1 2 2
570 150
1 3 2
430 593
1 7 2
583 254
1 10 2
631 346
1 5 2
231 477
1 8 2
431 574
1 9 2
133 657
1 10 2
694 174
1 10 2
514 492
1 5 2
90 147
1 8 2
416 375
1 7 2
422 366
1 8 2
535 100
1 8 2
340 452
1 9 2
533 397
1 10 2
120 300
1 7 2
416 109
1 7 2
632 596
1 8 2
26 448
1 5 2
143 105
1 4 2
206 469
1 15 2
110 270
1 15 2
437 151
1 10 2
541 188
1 4 2
573 386
1 14 2
470 643
1 9 2
127 536
1 6 2
305 131
1 12 2
10 626
1 2 2
515 352
1 11 2
326 614
1 9 2
95 485
1 15 2
185 481
1 4 2
78 465
1 8 2
600 460
1 12 2
295 54
1 8 2
640 565
1 15 2
476 138
1 8 2
6 525
1 9 2
602 372
1 3 2
63 306
1 9 2
104 321
1 13 2
359 620
1 7 2
20 301
1 13 2
239 61
1 2 2
576 285
1 12 2
423 39
1 9 2
291 433
1 8 2
499 255
1 8 2
90 460
1 4 2
422 195
1 14 2
604 555
1 2 2
676 634
1 9 2
322 504
1 4 2
196 448
1 6 2
482 517
1 4 2
198 638
1 15 2
272 218
1 12 2
438 646
1 8 2
157 334
1 5 2
500 545
1 3 2
191 6
1 10 2
17 678
1 3 2
400 216
1 12 2
319 2
1 4 2
129 7
1 3 2
567 660
1 4 2
347 617
1 9 2
613 438
1 3 2
352 189
1 11 2
221 25
1 5 2
617 624
1 5 2
378 277
1 6 2
595 226
1 15 2
77 215
1 3 2
47 315
1 3 2
31 256
1 11 2
442 153
1 13 2
617 385
1 2 2
474 229
1 13 2
545 449
1 3 2
407 115
1 5 2
432 514
1 9 2
171 359
1 15 2
525 403
1 6 2
209 168
1 12 2
155 78
1 11 2
171 306
1 13 2
538 95
1 10 2
419 248
1 5 2
256 81
1 10 2
538 441
1 5 2
282 421
1 8 2
655 398
1 3 2
449 388
1 11 2
535 454
1 11 2
355 644
1 7 2
502 459
1 15 2
422 457
1 9 2
686 235
1 11 2
488 554
1 4 2
385 256
1 12 2
81 115
1 5 2
131 477
1 10 2
54 341
1 8 2
78 111
1 12 2
693 363
1 4 2
165 699
1 14 2
322 490
1 2 2
336 271
1 8 2
203 517
1 8 2
41 458
1 13 2
528 24
1 6 2
287 448
1 14 2
229 621
1 15 2
652 282
1 13 2
333 389
1 9 2
66 446
1 13 2
398 221
1 14 2
470 594
1 2 2
525 176
1 10 2
661 438
1 7 2
631 31
1 14 2
574 531
1 12 2
86 337
1 13 2
593 469
1 5 2
190 129
1 5 2
49 240
1 7 2
122 59
1 5 2
181 206
1 2 2
198 158
1 5 2
533 257
1 14 2
135 677
1 8 2
492 681
1 4 2
590 618
1 5 2
14 401
1 5 2
634 428
1 15 2
285 92
1 10 2
670 92
1 11 2
327 239
1 9 2
279 116
1 8 2
91 318
1 2 2
459 581
1 11 2
47 296
1 15 2
401 512
1 12 2
539 20
1 4 2
121 548
1 3 2
163 139
1 2 2
118 322
1 6 2
483 602
1 10 2
379 568
1 3 2
550 389
1 2 2
344 206
1 7 2
268 666
1 12 2
591 670
1 7 2
513 433
1 14 2
285 135
1 4 2
141 174
1 6 2
287 224
1 14 2
698 8
1 10 2
346 249
1 14 2
350 236
1 12 2
97 182
1 4 2
409 383
1 6 2
89 313
1 2 2
202 69
1 12 2
210 454
1 5 2
469 424
1 5 2
366 689
1 11 2
187 604
1 13 2
555 20
1 14 2
40 69
1 9 2
33 636
1 12 2
446 587
1 7 2
436 658
1 12 2
493 246
1 7 2
270 119
1 10 2
369 431
1 6 2
537 601
1 5 2
657 318
1 11 2
407 0
1 10 2
224 417
1 2 2
75 606
1 8 2
224 483
1 9 2
47 241
1 5 2
63 279
1 11 2
241 420
1 11 2
315 423
1 12 2
49 191
1 8 2
13 90
1 10 2
200 31
1 5 2
51 174
1 13 2
579 259
1 15 2
620 151
1 2 2
609 455
1 6 2
142 105
1 7 2
163 327
1 12 2
440 368
1 6 2
133 180
1 4 2
409 514
1 2 2
290 552
1 12 2
210 200
1 9 2
538 499
1 3 2
552 296
1 2 2
283 498
1 15 2
173 624
1 6 2
218 340
1 5 2
302 410
1 15 2
307 87
1 4 2
613 206
1 7 2
7 339
1 4 2
27 535
1 9 2
609 252
1 7 2
549 217
1 3 2
627 357
1 10 2
451 150
1 5 2
109 407
1 10 2
673 688
1 15 2
228 548
1 14 2
474 196
1 4 2
250 327
1 5 2
477 151
1 6 2
192 448
1 3 2
186 302
1 11 2
63 674
1 12 2
361 264
1 5 2
36 462
1 15 2
55 428
1 4 2
419 574
1 14 2
468 284
1 9 2
18 96
1 7 2
453 36
1 7 2
120 583
1 3 2
250 168
1 2 2
207 673
1 7 2
507 563
1 7 2
657 354
1 14 2
123 63
1 13 2
573 334
1 4 2
486 560
1 9 2
448 65
1 2 2
48 659
1 12 2
354 99
1 3 2
12 612
1 13 2
584 82
1 12 2
258 627
1 3 2
552 460
1 14 2
344 355
1 4 2
355 135
1 7 2
24 124
1 15 2
298 398
1 10 2
562 135
1 3 2
521 571
1 10 2
399 477
1 12 2
499 279
1 10 2
668 584
1 11 2
101 454
1 3 2
638 386
1 4 2
469 667
1 14 2
139 528
1 7 2
291 426
1 12 2
678 611
1 3 2
253 275
1 8 2
610 328
1 10 2
301 309
1 11 2
405 659
1 4 2
409 129
1 7 2
306 15
1 5 2
40 61
1 3 2
593 155
1 5 2
151 443
1 10 2
440 335
1 15 2
67 73
1 7 2
149 13
1 3 2
465 675
1 5 2
271 68
1 8 2
640 687
1 12 2
293 353
1 12 2
124 0
1 13 2
415 371
1 5 2
97 301
1 13 2
289 548
1 10 2
466 557
1 13 2
9 17
1 9 2
77 275
1 8 2
487 324
1 11 2
256 196
1 10 2
100 564
1 9 2
667 584
1 4 2
338 119
1 8 2
74 589
1 6 2
468 159
1 11 2
87 523
1 9 2
579 298
1 7 2
371 152
1 6 2
537 612
1 6 2
100 596
1 9 2
270 584
1 13 2
408 86
1 4 2
241 3
1 14 2
138 44
1 13 2
451 138
1 8 2
308 548
1 2 2
523 688
1 8 2
158 195
1 15 2
205 541
1 11 2
575 661
1 15 2
118 23
1 15 2
565 217
1 15 2
359 157
1 12 2
334 30
1 8 2
503 576
1 6 2
85 565
1 5 2
219 142
1 4 2
395 118
1 14 2
283 510
1 2 2
360 559
1 15 2
129 678
1 3 2
319 407
1 8 2
201 129
1 3 2
532 635
1 6 2
495 539
1 6 2
66 69
1 8 2
1 623
1 6 2
477 317
1 4 2
201 583
1 4 2
503 545
1 11 2
424 659
1 10 2
500 56
1 6 2
351 363
1 2 2
23 275
1 4 2
616 466
1 15 2
323 655
1 8 2
335 0
1 6 2
167 334
1 13 2
330 414
1 6 2
116 424
1 12 2
323 228
1 7 2
412 12
1 10 2
11 92
1 8 2
532 147
1 10 2
513 466
1 14 2
675 443
1 12 2
13 569
1 8 2
25 147
1 11 2
425 280
1 15 2
299 50
1 8 2
0 598
1 4 2
477 406
1 4 2
256 602
1 13 2
290 428
1 13 2
484 288
1 15 2
596 320
1 11 2
434 203
1 12 2
404 121
1 14 2
530 442
1 3 2
402 209
1 2 2
289 550
1 15 2
564 42
1 5 2
151 181
1 14 2
696 155
1 13 2
447 483
1 9 2
675 378
1 15 2
366 316
1 5 2
535 168
1 11 2
530 137
1 15 2
76 493
1 13 2
694 59
1 5 2
133 389
1 15 2
553 169
1 15 2
194 350
1 5 2
698 408
1 10 2
62 381
1 3 2
53 426
1 10 2
505 191
1 3 2
658 225
1 3 2
638 157
1 8 2
464 566
1 10 2
444 678
1 3 2
652 552
1 15 2
238 105
1 2 2
198 639
1 13 2
316 312
1 14 2
291 63
1 12 2
660 443
1 12 2
300 522
1 13 2
106 598
1 8 2
43 690
1 15 2
291 462
1 10 2
655 364
1 3 2
386 452
1 11 2
549 550
1 14 2
203 259
1 8 2
209 107
1 4 2
670 407
1 15 2
162 136
1 10 2
169 55
1 9 2
561 214
1 10 2
611 94
1 15 2
411 341
1 2 2
306 619
1 10 2
579 481
1 5 2
332 683
1 5 2
37 111
1 5 2
346 137
1 5 2
388 571
1 13 2
356 5
1 4 2
36 181
1 14 2
515 179
1 9 2
155 10
1 15 2
505 459
1 5 2
207 74
1 12 2
66 439
1 9 2
188 261
1 9 2
85 466
1 6 2
358 541
1 8 2
162 1
1 9 2
268 205
1 10 2
221 331
1 8 2
285 208
1 6 2
465 300
1 11 2
553 35
1 11 2
50 534
1 9 2
136 488
1 5 2
125 356
1 2 2
644 561
1 5 2
420 654
1 11 2
8 510
1 8 2
599 430
1 15 2
74 598
1 13 2
638 268
1 7 2
134 467
1 14 2
349 625
1 7 2
120 286
1 6 2
424 323
1 5 2
477 140
1 11 2
657 2
1 2 2
547 96
1 4 2
458 378
1 7 2
589 663
1 4 2
245 542
1 8 2
2 469
1 5 2
309 69
1 8 2
61 677
1 4 2
553 65
1 11 2
202 339
1 3 2
222 691
1 11 2
634 549
1 11 2
555 188
1 8 2
340 50
1 13 2
43 468
1 6 2
177 305
1 5 2
625 162
1 11 2
474 78
1 8 2
623 498
1 8 2
482 309
1 2 2
113 552
1 14 2
217 115
1 2 2
83 9
1 7 2
175 685
1 7 2
497 364
1 7 2
355 5
1 9 2
38 331
1 15 2
225 302
1 4 2
666 257
1 6 2
399 96
1 5 2
200 468
1 12 2
202 98
1 4 2
575 294
1 9 2
411 344
1 12 2
62 361
1 5 2
106 19
1 15 2
203 72
1 8 2
324 534
1 9 2
182 6
1 3 2
266 579
1 15 2
191 546
1 8 2
286 626
1 8 2
630 272
1 12 2
541 552
1 15 2
611 602
1 10 2
497 548
1 15 2
26 538
1 6 2
468 602
1 8 2
667 94
1 2 2
39 692
1 15 2
371 327
1 6 2
512 214
1 9 2
238 674
1 2 2
647 14
1 4 2
177 514
1 2 2
634 596
1 2 2
482 354
1 10 2
555 576
1 4 2
331 380
1 3 2
317 321
1 3 2
473 96
1 5 2
503 186
1 3 2
201 128
1 13 2
323 588
1 12 2
30 60
1 10 2
168 514
1 13 2
625 118
1 9 2
250 1
1 10 2
492 396
1 9 2
352 370
1 2 2
53 78
1 9 2
254 677
1 8 2
514 605
1 5 2
634 440
1 6 2
424 596
1 7 2
615 11
1 9 2
697 15
1 5 2
372 61
1 9 2
195 369
1 9 2
243 412
1 15 2
446 65
1 15 2
430 237
1 8 2
11 195
1 3 2
478 691
1 4 2
510 401
1 14 2
26 191
1 8 2
517 397
1 5 2
688 92
1 13 2
168 3
1 4 2
681 115
1 2 2
141 10
1 6 2
457 647
1 10 2
161 656
1 4 2
179 117
1 2 2
149 283
1 4 2
434 386
1 11 2
609 361
1 8 2
466 411
1 15 2
587 151
1 2 2
184 296
1 15 2
690 52
1 11 2
19 444
1 6 2
491 577
1 11 2
542 15
1 7 2
144 36
1 14 2
434 564
1 12 2
231 129
1 7 2
687 166
1 6 2
287 137
1 5 2
361 583
1 2 2
618 373
1 7 2
105 231
1 7 2
451 284
1 8 2
206 148
1 11 2
271 346
1 11 2
161 404
1 10 2
131 244
1 15 2
130 622
1 3 2
476 5
1 10 2
308 24
1 4 2
132 223
1 11 2
623 353
1 4 2
275 674
1 11 2
557 577
1 15 2
13 571
1 11 2
618 63
1 8 2
628 445
1 8 2
565 9
1 6 2
158 163
1 5 2
488 486
1 5 2
119 108
1 3 2
145 251
1 6 2
343 497
1 6 2
272 447
1 14 2
686 22
1 14 2
453 43
1 3 2
470 534
1 3 2
690 133
1 12 2
520 620
1 10 2
470 168
1 8 2
54 385
1 3 2
276 589
1 8 2
61 93
1 6 2
221 541
1 4 2
487 415
1 7 2
142 439
1 12 2
241 159
1 12 2
53 409
1 6 2
409 580
1 12 2
444 233
1 2 2
173 86
1 14 2
242 481
1 13 2
179 155
1 6 2
327 542
1 6 2
113 137
1 15 2
233 146
1 5 2
398 429
1 4 2
59 612
1 3 2
227 212
1 11 2
615 85
1 15 2
276 101
1 11 2
474 591
1 5 2
1 643
1 7 2
334 185
1 9 2
376 138
1 11 2
640 451
1 2 2
460 694
1 6 2
194 142
1 14 2
697 247
1 5 2
458 57
1 13 2
116 18
1 3 2
304 364
1 15 2
545 596
1 12 2
382 578
1 7 2
76 506
1 2 2
435 678
1 4 2
263 88
1 9 2
20 306
1 4 2
347 140
1 9 2
257 317
1 8 2
637 344
1 8 2
438 155
1 14 2
658 171
1 8 2
258 74
1 11 2
423 534
1 8 2
657 538
1 7 2
77 269
1 11 2
646 495
1 10 2
143 265
1 9 2
697 380
1 8 2
436 450
1 11 2
249 162
1 6 2
566 637
1 14 2
295 402
1 7 2
545 19
1 15 2
346 291
1 15 2
274 692
1 15 2
95 588
1 3 2
553 536
1 4 2
91 175
1 12 2
495 305
1 5 2
373 381
1 10 2
588 288
1 6 2
37 155
1 12 2
12 579
1 12 2
400 309
1 11 2
41 154
1 8 2
259 286
1 3 2
622 539
1 8 2
430 104
1 8 2
4 24
1 8 2
79 111
1 14 2
260 33
1 15 2
534 637
1 5 2
44 654
1 7 2
157 235
1 14 2
107 116
1 3 2
516 159
1 8 2
107 685
1 7 2
512 618
1 10 2
101 509
1 12 2
29 478
1 15 2
134 475
1 7 2
304 197
1 2 2
506 409
1 10 2
551 687
1 4 2
304 193
1 10 2
637 48
1 4 2
310 147
1 6 2
101 435
1 10 2
326 393
1 6 2
247 216
1 14 2
254 570
1 3 2
196 408
1 8 2
178 613
1 10 2
340 666
1 2 2
429 57
1 5 2
364 265
1 10 2
83 546
1 13 2
420 234
1 5 2
383 614
1 15 2
254 159
1 13 2
652 307
1 4 2
391 504
1 8 2
261 260
1 2 2
564 125
1 7 2
449 420
1 14 2
674 539
1 13 2
579 134
1 7 2
626 97
1 3 2
481 592
1 7 2
523 447
1 9 2
614 244
1 9 2
297 373
1 2 2
23 242
1 11 2
479 142
1 4 2
404 502
1 10 2
527 173
1 4 2
550 548
1 6 2
443 513
1 12 2
7 589
1 11 2
498 193
1 5 2
77 679
1 9 2
416 155
1 15 2
402 160
1 14 2
69 481
1 6 2
60 397
1 3 2
207 188
1 15 2
533 82
1 15 2
39 34
1 8 2
428 545
1 2 2
43 588
1 2 2
75 108
1 15 2
537 76
1 4 2
246 548
1 2 2
664 684
1 7 2
573 2
1 2 2
633 494
1 15 2
183 558
1 12 2
186 365
1 3 2
202 562
1 5 2
331 237
1 12 2
215 50
1 13 2
352 78
1 9 2
627 373
1 9 2
440 175
1 5 2
206 274
1 7 2
63 390
1 10 2
210 260
1 10 2
297 79
1 2 2
506 303
1 15 2
381 445
1 11 2
171 447
1 9 2
43 511
1 9 2
687 615
1 12 2
676 619
1 12 2
649 4
1 14 2
226 200
1 7 2
327 654
1 14 2
224 641
1 8 2
456 130
1 10 2
439 376
1 2 2
619 75
1 11 2
425 501
1 12 2
170 213
1 4 2
115 603
1 14 2
503 342
1 13 2
594 532
1 14 2
420 640
1 13 2
460 684
1 3 2
14 173
1 10 2
198 382
1 9 2
291 121
1 7 2
510 480
1 4 2
347 391
1 13 2
278 377
1 8 2
681 227
1 15 2
11 613
1 13 2
29 677
1 6 2
51 552
1 6 2
667 87
1 14 2
699 604
1 2 2
51 28
1 7 2
574 631
1 13 2
579 428
1 7 2
417 180
1 11 2
306 593
1 7 2
615 685
1 15 2
245 265
1 15 2
459 219
1 5 2
696 341
1 10 2
622 668
1 2 2
481 627
1 11 2
258 388
1 5 2
531 297
1 10 2
592 128
1 6 2
591 539
1 15 2
3 580
1 9 2
182 398
1 4 2
252 616
1 8 2
610 206
1 6 2
162 197
1 9 2
377 347
1 7 2
481 218
1 15 2
314 588
1 9 2
379 692
1 10 2
79 278
1 3 2
399 389
1 2 2
653 695
1 11 2
423 46
1 3 2
10 208
1 10 2
640 362
1 3 2
507 185
1 3 2
67 599
1 4 2
43 105
1 6 2
577 590
1 13 2
451 545
1 14 2
696 568
1 13 2
217 388
1 9 2
48 683
1 9 2
110 310
1 14 2
220 315
1 9 2
666 528
1 7 2
694 495
1 13 2
463 442
1 12 2
289 343
1 8 2
623 422
1 15 2
260 332
1 6 2
305 251
1 3 2
381 425
1 6 2
334 267
1 14 2
515 434
1 5 2
141 378
1 9 2
635 429
1 13 2
327 555
1 3 2
668 250
1 12 2
353 684
1 11 2
464 358
1 2 2
299 672
1 4 2
318 326
1 11 2
440 615
1 2 2
439 499
1 7 2
192 207
1 12 2
432 622
1 14 2
406 493
1 15 2
192 252
1 15 2
135 625
1 8 2
504 136
1 8 2
544 598
1 3 2
119 436
1 10 2
551 407
1 4 2
286 440
1 10 2
536 295
1 2 2
538 325
1 8 2
9 379
1 3 2
320 25
1 4 2
198 243
1 10 2
490 163
1 4 2
115 257
1 6 2
598 568
1 6 2
305 650
1 12 2
299 411
1 5 2
51 27
1 4 2
379 480
1 13 2
56 587
1 6 2
457 671
1 12 2
590 228
1 9 2
123 124
1 15 2
280 522
1 6 2
500 84
1 15 2
387 345
1 5 2
292 467
1 13 2
342 246
1 11 2
580 520
1 12 2
146 156
1 8 2
687 612
1 7 2
528 592
1 11 2
23 683
1 13 2
118 640
1 5 2
167 253
1 14 2
234 343
1 2 2
191 634
1 6 2
124 611
1 6 2
649 538
1 13 2
421 380
1 6 2
466 132
1 3 2
190 23
1 8 2
143 346
1 6 2
472 333
1 6 2
611 639
1 5 2
308 431
1 8 2
210 248
1 7 2
323 325
1 11 2
58 542
1 15 2
96 152
1 4 2
535 139
1 8 2
492 494
1 9 2
419 532
1 4 2
109 345
1 4 2
123 222
1 2 2
395 512
1 3 2
308 515
1 5 2
464 58
1 10 2
388 25
1 4 2
640 672
1 2 2
228 574
1 12 2
242 662
1 5 2
444 270
1 11 2
0 35
1 3 2
281 91
1 15 2
166 350
1 6 2
538 178
1 11 2
623 657
1 14 2
14 596
1 9 2
538 303
1 8 2
161 311
1 7 2
214 300
1 13 2
544 162
1 13 2
17 322
1 7 2
201 650
1 6 2
689 375
1 15 2
60 427
1 5 2
548 448
1 13 2
415 160
1 5 2
610 326
1 7 2
426 204
1 12 2
539 567
1 4 2
460 503
1 15 2
94 626
1 3 2
107 42
1 6 2
61 405
1 6 2
446 58
1 10 2
194 307
1 15 2
636 226
1 6 2
237 197
1 6 2
685 659
1 13 2
169 307
1 9 2
685 309
1 2 2
228 406
1 10 2
490 473
1 11 2
117 312
1 4 2
514 581
1 2 2
222 351
1 11 2
270 28
1 10 2
24 463
1 6 2
636 123
1 2 2
115 585
1 10 2
143 54
1 12 2
125 303
1 4 2
653 511
1 5 2
169 504
1 2 2
251 141
1 9 2
372 664
1 7 2
184 650
1 5 2
84 213
1 7 2
91 269
1 3 2
418 634
1 6 2
687 152
1 14 2
377 545
1 8 2
149 302
1 8 2
402 162
1 4 2
668 146
1 11 2
511 671
1 10 2
584 343
1 12 2
82 13
1 4 2
587 613
1 15 2
123 607
1 3 2
378 693
1 7 2
254 212
1 9 2
98 565
1 14 2
469 467
1 4 2
134 23
1 14 2
496 0
1 9 2
486 599
1 4 2
81 230
1 9 2
151 521
1 2 2
619 375
1 3 2
507 509
1 5 2
540 28
1 2 2
320 527
1 15 2
604 29
1 10 2
521 375
1 7 2
412 670
1 12 2
526 354
1 11 2
390 85
1 13 2
557 391
1 2 2
161 320
1 11 2
294 225
1 5 2
544 695
1 11 2
575 690
1 11 2
35 314
1 12 2
515 225
1 8 2
452 282
1 3 2
508 682
1 3 2
396 98
1 9 2
267 580
1 12 2
676 12
1 15 2
686 497
1 7 2
365 447
1 10 2
371 212
1 6 2
212 570
1 5 2
199 554
1 10 2
353 140
1 14 2
346 43
1 9 2
116 371
1 12 2
609 683
1 8 2
123 355
1 13 2
207 185
1 8 2
145 482
1 9 2
563 476
1 6 2
493 32
1 11 2
234 452
1 7 2
126 301
1 7 2
417 505
1 13 2
617 449
1 7 2
252 488
1 8 2
419 611
1 4 2
141 417
1 11 2
122 509
1 15 2
268 344
1 13 2
354 585
1 15 2
667 346
1 14 2
175 165
1 14 2
499 436
1 11 2
556 557
1 12 2
299 92
1 10 2
347 105
1 15 2
327 348
1 12 2
340 365
1 6 2
690 136
1 14 2
172 585
1 14 2
187 687
1 12 2
429 132
1 9 2
107 241
1 12 2
479 526
1 4 2
588 644
1 8 2
565 191
1 12 2
550 62
1 15 2
631 364
1 15 2
369 158
1 13 2
269 170
1 14 2
251 234
1 4 2
137 304
1 12 2
400 293
1 4 2
114 326
1 15 2
450 436
1 10 2
44 348
1 12 2
33 519
1 3 2
423 22
1 15 2
364 300
1 4 2
60 26
1 13 2
448 533
1 6 2
225 671
1 9 2
65 110
1 12 2
664 482
1 6 2
186 533
1 8 2
338 182
1 2 2
26 107
1 8 2
508 112
1 2 2
578 254
1 4 2
661 369
1 2 2
151 81
1 13 2
145 507
1 5 2
196 686
1 12 2
514 651
1 7 2
272 27
1 9 2
500 194
1 5 2
67 422
1 15 2
361 242
1 15 2
585 48
1 2 2
471 42
1 8 2
388 460
1 3 2
162 515
1 10 2
451 667
1 2 2
661 621
1 7 2
122 233
1 2 2
490 102
1 7 2
59 51
1 10 2
588 451
1 5 2
31 494
1 8 2
86 588
1 5 2
181 106
1 8 2
630 557
1 10 2
258 94
1 4 2
614 534
1 11 2
361 79
1 8 2
171 476
1 3 2
684 185
1 15 2
529 46
1 13 2
637 558
1 9 2
592 528
1 7 2
328 198
1 11 2
103 439
1 11 2
221 524
1 10 2
179 306
1 13 2
382 384
1 13 2
491 279
1 13 2
204 241
1 8 2
663 479
1 2 2
103 582
1 12 2
657 315
1 12 2
661 355
1 10 2
191 14
1 11 2
204 60
1 10 2
299 319
1 15 2
203 29
1 11 2
578 566
1 8 2
245 466
1 11 2
598 684
1 8 2
682 403
1 4 2
384 446
1 15 2
629 311
1 10 2
85 109
1 3 2
491 481
1 8 2
186 196
1 3 2
5 407
1 11 2
579 308
1 3 2
287 612
1 5 2
657 539
1 9 2
409 391
1 2 2
686 87
1 6 2
605 634
1 14 2
246 608
1 12 2
462 274
1 10 2
645 597
1 13 2
502 546
1 8 2
261 135
1 15 2
535 633
1 7 2
338 627
1 7 2
625 8
1 3 2
302 690
1 3 2
504 468
1 7 2
643 521
1 9 2
34 520
1 6 2
636 589
1 11 2
459 180
1 6 2
19 411
1 5 2
5 313
1 7 2
516 442
1 12 2
85 275
1 8 2
387 260
1 13 2
194 699
1 11 2
601 561
1 3 2
476 94
1 6 2
179 456
1 4 2
462 406
1 9 2
488 368
1 7 2
5 27
1 2 2
120 231
1 10 2
362 386
1 10 2
221 276
1 10 2
687 581
1 15 2
207 165
1 13 2
241 394
1 15 2
698 202
1 15 2
566 447
1 11 2
429 7
1 2 2
245 82
1 3 2
516 647
1 8 2
344 93
1 8 2
581 134
1 2 2
234 377
1 11 2
64 46
1 13 2
593 581
1 6 2
278 353
1 15 2
262 581
1 14 2
427 112
1 7 2
293 463
1 5 2
367 302
1 6 2
663 435
1 11 2
657 645
1 14 2
423 688
1 11 2
249 651
1 15 2
520 318
1 6 2
65 605
1 4 2
616 615
1 13 2
65 481
1 6 2
82 447
1 6 2
203 40
1 12 2
392 265
1 7 2
96 368
1 13 2
529 460
1 8 2
223 141
1 12 2
505 293
1 8 2
107 354
1 8 2
244 340
1 5 2
140 423
1 3 2
225 413
1 2 2
663 401
1 5 2
255 445
1 2 2
333 182
1 14 2
73 103
1 8 2
75 16
1 15 2
152 318
1 4 2
643 538
1 4 2
609 312
1 15 2
64 485
1 11 2
107 46
1 15 2
159 426
1 11 2
26 123
1 8 2
679 101
1 10 2
442 672
1 2 2
336 596
1 4 2
430 129
1 8 2
426 89
1 4 2
247 588
1 5 2
253 19
1 12 2
404 673
1 4 2
503 44
1 12 2
511 293
1 6 2
65 597
1 8 2
606 95
1 13 2
632 553
1 2 2
4 638
1 9 2
12 612
1 2 2
575 617
1 4 2
32 378
1 4 2
376 171
1 8 2
427 445
1 11 2
574 348
1 14 2
43 47
1 10 2
605 41
1 8 2
405 307
1 13 2
73 161
1 14 2
651 601
1 9 2
1 529
1 14 2
264 142
1 11 2
630 465
1 12 2
680 433
1 7 2
346 535
1 3 2
305 599
1 8 2
698 308
1 9 2
382 289
1 9 2
79 1
1 7 2
669 469
1 11 2
420 95
1 8 2
168 652
1 12 2
166 360
1 3 2
583 216
1 14 2
8 96
1 7 2
143 29
1 14 2
579 30
1 13 2
563 76
1 15 2
107 301
1 14 2
253 385
1 6 2
256 599
1 9 2
326 419
1 8 2
186 300
1 2 2
345 392
1 12 2
599 293
1 8 2
397 94
1 10 2
692 23
1 4 2
187 370
1 8 2
280 442
1 7 2
263 395
1 3 2
344 34
1 13 2
177 166
1 13 2
620 388
1 10 2
258 219
1 15 2
365 286
1 12 2
293 397
1 5 2
503 562
1 12 2
99 92
1 6 2
500 77
1 3 2
528 20
1 11 2
53 299
1 9 2
552 519
1 12 2
492 172
1 9 2
292 484
1 4 2
550 448
1 10 2
368 214
1 6 2
243 399
1 2 2
43 38
1 6 2
475 635
1 14 2
478 283
1 15 2
402 366
1 10 2
657 475
1 8 2
484 111
1 6 2
321 255
1 3 2
46 509
1 3 2
618 374
1 12 2
277 654
1 4 2
546 18
1 10 2
314 349
1 8 2
31 370
1 6 2
351 355
1 6 2
319 694
1 7 2
154 237
1 10 2
597 280
1 10 2
404 590
1 8 2
314 448
1 4 2
125 255
1 15 2
241 502
1 4 2
287 141
1 3 2
667 382
1 4 2
455 605
1 15 2
603 137
1 9 2
203 39
1 8 2
19 553
1 8 2
175 101
1 10 2
597 16
1 13 2
663 567
1 10 2
488 319
1 5 2
71 535
1 12 2
3 459
1 10 2
163 78
1 3 2
452 699
1 13 2
386 297
1 4 2
667 333
1 4 2
535 441
1 13 2
371 656
1 6 2
518 129
1 9 2
83 258
1 11 2
504 303
1 4 2
285 633
1 2 2
627 613
1 8 2
116 199
1 8 2
430 78
1 4 2
179 239
1 13 2
419 144
1 2 2
68 581
1 13 2
355 362
1 4 2
652 549
1 7 2
472 668
1 12 2
279 425
1 2 2
253 119
1 11 2
210 38
1 11 2
164 512
1 4 2
265 316
1 8 2
274 644
1 7 2
355 115
1 10 2
322 41
1 11 2
542 645
1 7 2
446 654
1 13 2
98 45
1 11 2
314 230
1 11 2
591 42
1 15 2
315 574
1 15 2
71 371
1 2 2
202 289
1 12 2
247 132
1 3 2
32 525
1 6 2
695 362
1 14 2
430 51
1 4 2
486 292
1 2 2
589 196
1 11 2
239 41
1 12 2
312 197
1 3 2
174 518
1 15 2
461 369
1 4 2
453 491
1 13 2
291 562
1 13 2
137 120
1 5 2
112 176
1 3 2
600 518
1 7 2
332 679
1 10 2
665 374
1 4 2
153 211
1 14 2
183 163
1 8 2
677 692
1 14 2
577 548
1 8 2
139 284
1 10 2
209 457
1 15 2
271 52
1 13 2
593 241
1 10 2
3 116
1 11 2
93 171
1 3 2
82 616
1 3 2
533 636
1 8 2
407 274
1 14 2
250 438
1 6 2
598 20
1 2 2
450 345
1 9 2
653 427
1 8 2
347 300
1 4 2
642 545
1 12 2
222 441
1 6 2
43 27
1 13 2
96 486
1 12 2
440 486
1 14 2
115 370
1 2 2
193 0
1 8 2
614 640
1 4 2
387 536
1 2 2
131 198
1 15 2
688 454
1 12 2
315 38
1 3 2
390 111
1 4 2
290 455
1 6 2
169 413
1 11 2
147 482
1 2 2
290 376
1 3 2
518 498
1 5 2
568 497
1 8 2
460 650
1 5 2
271 599
1 9 2
513 340
1 7 2
2 145
1 7 2
165 530
1 8 2
612 426
1 9 2
552 326
1 4 2
457 405
1 2 2
586 197
1 15 2
326 697
1 14 2
533 672
1 10 2
250 205
1 2 2
342 112
1 5 2
21 145
1 13 2
7 114
1 7 2
697 294
1 10 2
508 494
1 9 2
106 455
1 13 2
188 646
1 13 2
606 317
1 2 2
215 176
1 15 2
446 204
1 6 2
12 566
1 7 2
3 203
1 6 2
66 226
1 3 2
427 562
1 7 2
596 598
1 3 2
260 368
1 3 2
591 404
1 12 2
53 568
1 11 2
690 131
1 9 2
293 487
1 12 2
501 406
1 5 2
437 390
1 11 2
112 294
1 13 2
489 664
1 11 2
643 671
1 7 2
278 169
1 3 2
19 524
1 7 2
28 536
1 4 2
540 394
1 15 2
580 525
1 10 2
116 532
1 11 2
337 228
1 14 2
467 19
1 10 2
628 638
1 15 2
50 418
1 7 2
526 222
1 11 2
76 141
1 5 2
50 145
1 4 2
612 280
1 13 2
381 71
1 8 2
698 539
1 10 2
410 600
1 2 2
10 331
1 12 2
98 676
1 14 2
485 256
1 15 2
160 175
1 11 2
634 426
1 13 2
420 84
1 7 2
233 38
1 6 2
167 134
1 8 2
35 174
1 7 2
509 449
1 5 2
50 71
1 5 2
117 268
1 2 2
78 698
1 13 2
631 527
1 5 2
340 421
1 13 2
470 651
1 10 2
97 277
1 15 2
6 322
1 6 2
162 273
1 14 2
401 577
1 8 2
47 359
1 12 2
259 315
1 10 2
396 21
1 11 2
605 305
1 10 2
172 441
1 10 2
692 325
1 2 2
61 449
1 6 2
11 227
1 9 2
11 369
1 7 2
363 696
1 8 2
445 660
1 9 2
27 257
1 4 2
5 346
1 2 2
108 387
1 8 2
471 536
1 12 2
472 241
1 9 2
146 605
1 11 2
121 425
1 12 2
172 687
1 14 2
241 439
1 3 2
642 445
1 2 2
37 669
1 10 2
204 280
1 2 2
397 44
1 4 2
280 31
1 10 2
129 644
1 15 2
494 679
1 10 2
218 278
1 10 2
120 626
1 7 2
326 683
1 9 2
13 699
1 8 2
557 280
1 3 2
117 25
1 2 2
474 66
1 15 2
501 196
1 6 2
431 248
1 12 2
677 236
1 13 2
43 693
1 9 2
380 57
1 14 2
386 371
1 6 2
342 69
1 6 2
645 387
1 5 2
528 298
1 6 2
152 179
1 10 2
333 334
1 2 2
113 121
1 15 2
23 692
1 12 2
626 618
1 7 2
107 551
1 5 2
218 73
1 2 2
662 549
1 12 2
128 263
1 11 2
281 165
1 15 2
630 360
1 13 2
674 210
1 3 2
624 337
1 12 2
189 426
1 13 2
139 72
1 9 2
34 210
1 2 2
480 205
1 13 2
174 427
1 11 2
67 413
1 13 2
40 544
1 4 2
40 211
1 13 2
175 323
1 11 2
543 134
1 12 2
307 655
1 7 2
28 139
1 10 2
319 3
1 6 2
169 120
1 9 2
256 555
1 3 2
273 553
1 3 2
373 669
1 11 2
677 697
1 10 2
6 408
1 13 2
663 602
1 11 2
413 515
1 14 2
370 473
1 3 2
158 279
1 8 2
334 548
1 8 2
694 585
1 10 2
432 330
1 2 2
538 677
1 10 2
151 168
1 11 2
581 539
1 2 2
407 350
1 14 2
563 203
1 6 2
575 611
1 10 2
437 636
1 14 2
242 669
1 12 2
379 3
1 4 2
525 151
1 2 2
305 504
1 12 2
176 202
1 12 2
468 635
1 13 2
292 153
1 14 2
170 653
1 5 2
32 262
1 12 2
310 290
1 6 2
121 594
1 6 2
374 277
1 13 2
638 132
1 2 2
458 581
1 7 2
425 471
1 11 2
696 453
1 15 2
316 124
1 4 2
257 45
1 9 2
18 173
1 9 2
318 688
1 10 2
671 297
1 3 2
189 297
1 4 2
7 556
1 12 2
630 46
1 9 2
7 299
1 4 2
653 391
1 9 2
109 599
1 10 2
686 89
1 14 2
698 0
1 12 2
82 330
1 12 2
479 94
1 12 2
316 277
1 8 2
72 518
1 4 2
3 351
1 3 2
656 189
1 2 2
509 539
1 10 2
154 626
1 11 2
150 432
1 15 2
440 389
1 14 2
334 422
1 14 2
217 222
1 12 2
85 634
1 13 2
341 17
1 15 2
287 307
1 10 2
81 314
1 2 2
119 532
1 14 2
500 629
1 15 2
466 309
1 5 2
176 88
1 15 2
514 349
1 8 2
180 333
1 11 2
399 526
1 8 2
112 264
1 12 2
113 294
1 3 2
600 80
1 12 2
32 456
1 9 2
113 363
1 4 2
412 568
1 9 2
141 583
1 12 2
359 415
1 15 2
632 672
1 12 2
291 162
1 10 2
150 531
1 2 2
404 20
1 9 2
92 686
1 9 2
181 572
1 5 2
375 642
1 13 2
522 260
1 12 2
642 235
1 6 2
526 590
1 6 2
591 688
1 14 2
187 506
1 13 2
553 535
1 10 2
398 550
1 9 2
366 277
1 10 2
276 204
1 15 2
468 94
1 4 2
260 600
1 8 2
601 115
1 7 2
122 273
1 11 2
340 567
1 10 2
116 237
1 7 2
666 600
1 11 2
304 200
1 13 2
549 355
1 12 2
136 20
1 2 2
251 383
1 6 2
105 246
1 14 2
377 80
1 15 2
51 130
1 4 2
682 413
1 10 2
545 292
1 11 2
492 15
1 15 2
132 376
1 12 2
254 327
1 13 2
450 19
1 8 2
474 460
1 10 2
432 331
1 12 2
133 247
1 12 2
179 431
1 15 2
358 619
1 13 2
510 679
1 3 2
420 88
1 7 2
618 107
1 11 2
600 253
1 11 2
269 500
1 11 2
68 500
1 3 2
290 272
1 7 2
122 218
1 3 2
290 481
1 3 2
682 539
1 14 2
266 31
1 3 2
525 618
1 5 2
666 21
1 13 2
633 409
1 12 2
27 119
1 8 2
472 503
1 11 2
439 214
1 2 2
499 172
1 7 2
421 204
1 4 2
621 55
1 14 2
357 630
1 6 2
607 515
1 15 2
543 392
1 9 2
191 239
1 4 2
114 516
1 2 2
607 496
1 12 2
62 569
1 8 2
61 71
1 8 2
105 93
1 7 2
481 148
1 8 2
28 384
1 4 2
338 419
1 15 2
509 440
1 7 2
484 488
1 12 2
546 463
1 9 2
195 182
1 4 2
553 31
1 15 2
260 105
1 14 2
152 223
1 13 2
349 668
1 6 2
533 183
1 5 2
2 52
1 7 2
368 30
1 7 2
284 174
1 12 2
415 426
1 11 2
257 537
1 3 2
60 522
1 6 2
169 34
1 13 2
238 91
1 11 2
61 70
1 15 2
365 682
1 13 2
430 93
1 15 2
391 28
1 12 2
328 386
1 2 2
39 228
1 6 2
241 143
1 7 2
27 265
1 10 2
64 364
1 13 2
622 326
1 13 2
294 319
1 15 2
542 588
1 10 2
395 424
1 10 2
243 136
1 9 2
629 633
1 3 2
78 501
1 2 2
11 386
1 12 2
219 468
1 14 2
447 126
1 7 2
568 198
1 11 2
305 385
1 5 2
373 284
1 7 2
633 683
1 13 2
502 188
1 13 2
590 674
1 2 2
441 94
1 2 2
113 185
1 3 2
358 668
1 14 2
177 223
1 9 2
82 450
1 11 2
467 76
1 6 2
548 433
1 15 2
480 287
1 13 2
648 50
1 15 2
552 141
1 8 2
690 258
1 10 2
478 314
1 10 2
585 220
1 5 2
658 423
1 7 2
466 495
1 2 2
291 503
1 13 2
378 463
1 5 2
475 411
1 4 2
619 376
1 8 2
231 207
1 4 2
160 468
1 12 2
130 175
1 8 2
2 334
1 8 2
481 268
1 2 2
555 86
1 3 2
198 483
1 11 2
289 568
1 14 2
423 96
1 4 2
497 184
1 9 2
164 205
1 13 2
138 642
1 10 2
391 385
1 3 2
105 439
1 7 2
207 121
1 7 2
46 206
1 9 2
228 609
1 14 2
45 310
1 2 2
647 548
1 14 2
155 521
1 11 2
371 253
1 15 2
429 142
1 14 2
0 625
1 15 2
29 25
1 2 2
263 308
1 7 2
693 556
1 15 2
286 275
1 4 2
177 100
1 9 2
463 481
1 12 2
539 87
1 2 2
369 505
1 15 2
221 388
1 14 2
81 86
1 11 2
682 272
1 14 2
433 394
1 3 2
427 350
1 15 2
299 181
1 3 2
671 672
1 12 2
219 227
1 15 2
219 553
1 3 2
205 685
1 2 2
400 247
1 13 2
87 266
1 11 2
485 282
1 8 2
458 410
1 12 2
415 244
1 4 2
625 24
1 11 2
97 642
1 15 2
239 474
1 4 2
663 186
1 13 2
343 423
1 9 2
17 11
1 6 2
125 215
1 3 2
606 147
1 15 2
422 60
1 3 2
35 621
1 2 2
502 231
1 6 2
171 178
1 4 2
144 659
1 9 2
405 139
1 12 2
523 213
1 3 2
641 646
1 4 2
445 45
1 12 2
490 319
1 6 2
419 252
1 9 2
180 407
1 3 2
561 688
1 2 2
659 666
1 8 2
590 674
1 14 2
299 174
1 11 2
458 552
1 9 2
541 488
1 15 2
195 68
1 8 2
140 505
1 11 2
183 25
1 11 2
60 610
1 11 2
224 103
1 3 2
80 287
1 13 2
516 365
1 15 2
50 594
1 10 2
450 384
1 9 2
418 586
1 6 2
68 537
1 9 2
123 269
1 10 2
602 317
1 11 2
657 69
1 2 2
670 50
1 13 2
261 51
1 13 2
309 204
1 3 2
515 522
1 11 2
339 176
1 7 2
277 164
1 15 2
30 95
1 13 2
593 537
1 5 2
478 331
1 13 2
45 288
1 5 2
564 4
1 12 2
482 168
1 6 2
190 298
1 14 2
261 125
1 12 2
112 515
1 4 2
646 232
1 14 2
494 61
1 5 2
131 125
1 13 2
165 549
1 13 2
52 395
1 3 2
376 134
1 13 2
460 657
1 14 2
280 658
1 10 2
130 303
1 10 2
256 463
1 8 2
316 458
1 10 2
346 573
1 11 2
412 335
1 9 2
197 113
1 15 2
41 602
1 5 2
112 48
1 5 2
17 255
1 15 2
120 378
1 13 2
390 293
1 13 2
447 585
1 5 2
209 307
1 3 2
84 228
1 5 2
64 483
1 11 2
262 435
1 4 2
519 574
1 12 2
399 39
1 10 2
435 62
1 8 2
471 557
1 3 2
659 332
1 3 2
499 557
1 9 2
57 178
1 7 2
462 583
1 13 2
694 32
1 12 2
122 680
1 3 2
0 499
1 13 2
91 491
1 7 2
301 424
1 11 2
493 618
1 8 2
540 116
1 3 2
619 3
1 12 2
445 163
1 12 2
170 305
1 5 2
445 117
1 3 2
691 50
1 7 2
495 516
1 4 2
447 168
1 3 2
680 122
1 12 2
471 262
1 13 2
343 326
1 11 2
288 477
1 10 2
315 313
1 9 2
632 136
1 6 2
95 134
1 9 2
191 561
1 4 2
125 355
1 2 2
699 181
1 6 2
190 437
1 2 2
408 687
1 13 2
440 198
1 13 2
298 326
1 10 2
608 64
1 4 2
588 459
1 6 2
180 153
1 14 2
502 326
1 2 2
548 250
1 6 2
583 303
1 9 2
579 175
1 9 2
606 624
1 8 2
528 22
1 8 2
45 120
1 5 2
135 133
1 7 2
582 370
1 8 2
541 671
1 14 2
538 5
1 12 2
659 572
1 15 2
103 38
1 2 2
1 474
1 6 2
27 694
1 9 2
288 445
1 5 2
486 591
1 13 2
12 64
1 5 2
543 361
1 14 2
17 284
1 6 2
488 277
1 2 2
688 49
1 10 2
509 576
1 4 2
486 326
1 10 2
299 542
1 3 2
300 519
1 13 2
285 624
1 10 2
594 127
1 11 2
215 585
1 11 2
451 191
1 6 2
423 670
1 15 2
499 694
1 10 2
311 372
1 12 2
195 483
1 3 2
497 660
1 9 2
343 193
1 3 2
650 601
1 3 2
691 418
1 7 2
572 0
1 2 2
452 232
1 6 2
493 296
1 9 2
471 677
1 13 2
36 485
1 6 2
441 436
1 10 2
314 140
1 10 2
159 386
1 6 2
287 381
1 7 2
263 197
1 9 2
469 370
1 15 2
135 552
1 9 2
483 555
1 15 2
464 551
1 13 2
519 533
1 14 2
671 345
1 10 2
556 390
1 3 2
34 480
1 3 2
374 159
1 12 2
370 621
1 6 2
382 459
1 4 2
660 473
1 14 2
6 333
1 5 2
83 471
1 14 2
111 271
1 3 2
133 393
1 15 2
295 332
1 7 2
480 373
1 3 2
526 225
1 10 2
57 205
1 15 2
76 399
1 8 2
278 595
1 4 2
387 465
1 15 2
528 2
1 11 2
125 274
1 9 2
691 461
1 9 2
580 223
1 15 2
251 391
1 10 2
554 265
1 8 2
92 323
1 13 2
505 576
1 11 2
52 526
1 6 2
295 589
1 9 2
108 274
1 3 2
228 41
1 11 2
82 259
1 8 2
396 169
1 10 2
274 665
1 6 2
238 369
1 5 2
638 38
1 7 2
344 270
1 6 2
308 643
1 7 2
300 183
1 4 2
196 655
1 15 2
625 562
1 8 2
220 232
1 15 2
306 203
1 12 2
387 541
1 15 2
302 335
1 10 2
13 30
1 3 2
335 255
1 14 2
493 276
1 8 2
656 56
1 11 2
412 325
1 15 2
631 496
1 14 2
428 197
1 15 2
588 557
1 7 2
264 377
1 8 2
547 207
1 14 2
113 452
1 9 2
503 585
1 11 2
264 469
1 10 2
271 386
1 9 2
354 529
1 11 2
172 254
1 4 2
523 305
1 13 2
443 379
1 2 2
253 313
1 12 2
352 158
1 10 2
274 497
1 14 2
375 397
1 10 2
260 344
1 11 2
396 679
1 4 2
202 130
1 7 2
624 18
1 5 2
593 150
1 6 2
30 262
1 13 2
684 34
1 6 2
395 224
1 10 2
45 262
1 7 2
306 190
1 10 2
107 549
1 6 2
393 99
1 5 2
30 194
1 10 2
387 347
1 4 2
533 661
1 9 2
152 601
1 4 2
636 115
1 3 2
548 23
1 6 2
114 101
1 8 2
37 528
1 11 2
633 347
1 15 2
204 20
1 5 2
514 237
1 2 2
449 186
1 3 2
159 118
1 11 2
605 581
1 2 2
362 237
1 6 2
353 115
1 3 2
570 307
1 6 2
375 242
1 12 2
514 123
1 8 2
669 237
1 15 2
19 410
1 11 2
486 193
1 2 2
354 501
1 4 2
659 177
1 12 2
206 270
1 5 2
325 506
1 10 2
432 493
1 7 2
395 588
1 8 2
213 564
1 5 2
535 553
1 3 2
169 343
1 2 2
64 314
1 2 2
505 302
1 14 2
39 9
1 2 2
142 428
1 7 2
697 62
1 10 2
390 109
1 9 2
337 25
1 10 2
264 22
1 5 2
153 179
1 4 2
285 252
1 8 2
370 480
1 6 2
690 594
1 12 2
91 386
1 2 2
44 643
1 4 2
36 659
1 9 2
467 569
1 13 2
433 103
1 4 2
585 561
1 13 2
313 562
1 6 2
246 189
1 9 2
31 227
1 10 2
29 510
1 13 2
338 356
1 2 2
329 627
1 7 2
632 424
1 8 2
560 186
1 4 2
576 146
1 10 2
553 492
1 4 2
457 442
1 3 2
656 88
1 6 2
410 348
1 5 2
458 608
1 3 2
437 440
1 6 2
469 568
1 2 2
406 227
1 10 2
250 444
1 4 2
6 355
1 13 2
668 638
1 14 2
275 514
1 11 2
163 372
1 6 2
561 580
1 9 2
513 404
1 13 2
91 672
1 6 2
348 518
1 9 2
572 194
1 10 2
178 28
1 15 2
625 216
1 7 2
304 264
1 10 2
492 684
1 6 2
155 317
1 14 2
510 175
1 13 2
53 92
1 10 2
385 625
1 10 2
519 421
1 10 2
276 116
1 15 2
452 696
1 10 2
367 541
1 14 2
599 248
1 9 2
2 330
1 5 2
473 416
1 5 2
268 461
1 7 2
71 318
1 5 2
9 409
1 4 2
173 382
1 9 2
377 250
1 15 2
92 168
1 8 2
253 528
1 7 2
329 576
1 6 2
210 272
1 9 2
372 550
1 8 2
517 507
1 5 2
661 22
1 15 2
55 646
1 8 2
625 408
1 5 2
404 412
1 12 2
592 254
1 14 2
35 224
1 15 2
58 647
1 4 2
283 227
1 15 2
5 302
1 8 2
154 435
1 9 2
515 482
1 5 2
222 121
1 3 2
78 120
1 15 2
328 602
1 6 2
300 543
1 13 2
111 256
1 5 2
652 493
1 12 2
175 65
1 13 2
633 128
1 12 2
361 339
1 4 2
38 665
1 15 2
698 338
1 3 2
591 492
1 12 2
209 655
1 4 2
128 469
1 2 2
695 270
1 2 2
533 160
1 8 2
326 682
1 10 2
440 178
1 9 2
550 286
1 7 2
328 375
1 11 2
321 544
1 9 2
257 697
1 15 2
316 132
1 12 2
417 647
1 11 2
147 55
1 4 2
122 398
1 2 2
19 515
1 4 2
6 242
1 13 2
338 9
1 11 2
79 270
1 12 2
243 332
1 2 2
248 625
1 12 2
147 176
1 9 2
112 538
1 13 2
2 528
1 8 2
520 61
1 5 2
414 92
1 9 2
382 230
1 3 2
231 639
1 5 2
257 383
1 13 2
681 678
1 4 2
616 231
1 6 2
440 569
1 13 2
104 649
1 12 2
47 455
1 15 2
634 304
1 13 2
504 210
1 9 2
133 379
1 12 2
695 57
1 11 2
506 399
1 9 2
424 27
1 8 2
110 397
1 9 2
544 626
1 9 2
631 347
1 4 2
244 515
1 15 2
360 217
1 10 2
695 188
1 4 2
214 194
1 8 2
237 336
1 4 2
567 511
1 6 2
692 12
1 13 2
629 659
1 6 2
533 135
1 3 2
589 354
1 15 2
651 671
1 12 2
515 613
1 15 2
347 291
1 7 2
285 28
1 8 2
105 208
1 2 2
378 370
1 10 2
352 220
1 5 2
144 680
1 12 2
624 405
1 5 2
410 640
1 2 2
280 505
1 9 2
18 218
1 3 2
151 396
1 4 2
337 17
1 8 2
609 413
1 15 2
518 63
1 15 2
688 461
1 8 2
341 516
1 15 2
261 465
1 10 2
511 216
1 2 2
18 54
1 3 2
374 433
1 4 2
82 611
1 14 2
271 329
1 3 2
616 405
1 2 2
443 543
1 13 2
182 34
1 11 2
678 460
1 8 2
245 192
1 6 2
693 679
1 11 2
62 473
1 9 2
218 76
1 11 2
489 56
1 8 2
40 236
1 4 2
697 435
1 11 2
422 264
1 2 2
211 323
1 4 2
352 587
1 4 2
548 167
1 15 2
493 100
1 10 2
157 242
1 7 2
404 66
1 13 2
270 637
1 4 2
31 503
1 8 2
23 555
1 11 2
599 258
1 4 2
478 652
1 2 2
286 293
1 4 2
625 475
1 7 2
641 672
1 10 2
663 394
1 13 2
301 609
1 10 2
391 123
1 12 2
493 269
1 11 2
605 670
1 5 2
404 697
1 11 2
511 295
1 15 2
421 610
1 9 2
403 647
1 9 2
514 606
1 9 2
291 508
1 8 2
469 684
1 2 2
678 485
1 4 2
232 127
1 12 2
595 695
1 5 2
525 368
1 8 2
593 107
1 14 2
586 75
1 5 2
97 103
1 2 2
267 526
1 15 2
555 626
1 3 2
160 489
1 7 2
220 601
1 13 2
599 621
1 9 2
391 651
1 8 2
323 318
1 3 2
215 100
1 10 2
491 422
1 8 2
364 471
1 2 2
607 524
1 9 2
109 498
1 7 2
486 402
1 10 2
689 43
1 7 2
233 619
1 7 2
22 460
1 6 2
225 514
1 15 2
263 195
1 10 2
571 512
1 11 2
691 435
1 11 2
512 272
1 2 2
323 571
1 3 2
648 685
1 9 2
535 359
1 9 2
369 37
1 8 2
94 210
1 15 2
145 252
1 7 2
534 402
1 8 2
502 467
1 12 2
514 78
1 10 2
529 328
1 11 2
239 507
1 3 2
174 332
1 10 2
383 63
1 5 2
403 211
1 2 2
625 137
1 2 2
684 153
1 2 2
345 142
1 5 2
497 387
1 10 2
585 457
1 3 2
223 225
1 6 2
254 336
1 15 2
389 512
1 13 2
639 204
1 2 2
262 639
1 14 2
496 34
1 6 2
549 22
1 15 2
502 65
1 7 2
424 676
1 9 2
373 266
1 8 2
264 76
1 3 2
196 200
1 5 2
440 473
1 13 2
39 463
1 5 2
277 457
1 13 2
270 368
1 11 2
111 217
1 3 2
508 556
1 11 2
27 161
1 8 2
547 646
1 13 2
596 15
1 11 2
487 189
1 2 2
265 447
1 13 2
407 602
1 13 2
424 62
1 12 2
600 330
1 3 2
16 243
1 9 2
599 75
1 5 2
671 416
1 9 2
302 174
1 4 2
473 123
1 15 2
411 654
1 14 2
649 613
1 9 2
423 209
1 12 2
86 31
1 12 2
431 421
1 8 2
391 639
1 7 2
168 69
1 2 2
254 19
1 2 2
175 618
1 2 2
306 326
1 15 2
346 620
1 3 2
574 622
1 10 2
283 136
1 4 2
365 17
1 6 2
54 324
1 13 2
369 688
1 2 2
400 163
1 3 2
240 602
1 13 2
528 379
1 4 2
689 324
1 9 2
666 134
1 2 2
110 21
1 7 2
529 496
1 3 2
403 407
1 4 2
550 308
1 5 2
244 106
1 15 2
640 463
1 5 2
45 71
1 6 2
539 279
1 14 2
428 336
1 13 2
46 75
1 14 2
320 431
1 15 2
464 568
1 2 2
619 370
1 5 2
213 499
1 11 2
249 571
1 8 2
138 67
1 3 2
332 512
1 4 2
684 521
1 15 2
206 461
1 8 2
452 135
1 13 2
622 446
1 14 2
292 547
1 8 2
144 317
1 11 2
362 253
1 10 2
408 564
1 2 2
482 274
1 2 2
386 414
1 14 2
525 685
1 4 2
197 39
1 9 2
592 166
1 13 2
114 669
1 8 2
571 434
1 4 2
350 544
1 12 2
71 643
1 13 2
458 245
1 10 2
188 272
1 10 2
671 443
1 8 2
26 540
1 7 2
452 30
1 12 2
557 269
1 7 2
296 532
1 15 2
627 359
1 9 2
198 484
1 6 2
593 445
1 4 2
168 425
1 13 2
78 293
1 8 2
156 33
1 12 2
471 222
1 7 2
426 346
1 12 2
311 574
1 2 2
33 334
1 15 2
464 538
1 6 2
634 488
1 7 2
270 634
1 6 2
642 401
1 14 2
83 177
1 11 2
554 241
1 13 2
630 515
1 10 2
379 156
1 13 2
248 139
1 11 2
167 419
1 14 2
528 321
1 7 2
504 442
1 12 2
99 61
1 12 2
523 314
1 3 2
153 472
1 14 2
437 271
1 3 2
80 13
1 8 2
146 525
1 14 2
423 287
1 3 2
10 479
1 3 2
187 534
1 9 2
304 218
1 13 2
114 629
1 9 2
367 470
1 4 2
174 606
1 5 2
620 177
1 12 2
399 184
1 7 2
265 105
1 5 2
31 228
1 4 2
669 623
1 6 2
174 178
1 14 2
622 682
1 10 2
317 387
1 9 2
573 374
1 4 2
68 251
1 5 2
130 235
1 12 2
109 468
1 8 2
583 183
1 6 2
185 601
1 14 2
528 381
1 13 2
184 637
1 9 2
625 198
1 4 2
443 529
1 6 2
516 418
1 6 2
630 187
1 2 2
638 593
1 2 2
576 649
1 11 2
151 609
1 6 2
406 150
1 8 2
509 74
1 13 2
426 16
1 11 2
692 149
1 7 2
620 685
1 5 2
539 260
1 10 2
354 329
1 8 2
451 658
1 11 2
375 518
1 2 2
340 115
1 5 2
539 470
1 7 2
364 349
1 12 2
155 554
1 12 2
300 375
1 9 2
16 123
1 5 2
179 76
1 4 2
458 29
1 3 2
1 232
1 14 2
592 417
1 10 2
339 542
1 14 2
604 345
1 6 2
199 419
1 13 2
283 129
1 12 2
547 518
1 6 2
221 419
1 14 2
268 78
1 3 2
209 695
1 14 2
542 561
1 13 2
322 391
1 5 2
318 184
1 5 2
89 429
1 15 2
185 461
1 3 2
38 511
1 10 2
661 265
1 12 2
656 423
1 15 2
75 625
1 5 2
402 190
1 8 2
144 312
1 11 2
229 134
1 6 2
467 366
1 15 2
353 589
1 13 2
52 109
1 6 2
381 189
1 4 2
652 547
1 2 2
415 229
1 14 2
113 135
1 4 2
315 34
1 15 2
451 117
1 14 2
105 188
1 10 2
517 654
1 13 2
143 97
1 4 2
184 280
1 9 2
296 318
1 9 2
378 280
1 9 2
134 583
1 11 2
497 133
1 13 2
413 256
1 4 2
207 393
1 3 2
288 654
1 12 2
647 304
1 4 2
415 244
1 10 2
686 351
1 15 2
160 679
1 7 2
643 144
1 5 2
553 240
1 6 2
421 102
1 6 2
375 566
1 6 2
53 86
1 5 2
38 625
1 15 2
361 341
1 8 2
286 625
1 2 2
90 97
1 6 2
118 463
1 15 2
128 100
1 2 2
604 614
1 10 2
51 204
1 10 2
618 190
1 15 2
506 449
1 4 2
192 339
1 8 2
630 117
1 4 2
282 654
1 10 2
276 16
1 13 2
666 261
1 11 2
516 684
1 4 2
202 410
1 14 2
92 357
1 14 2
316 234
1 4 2
67 503
1 11 2
633 91
1 13 2
459 91
1 6 2
357 107
1 13 2
308 291
1 13 2
639 538
1 10 2
602 103
1 8 2
527 130
1 3 2
435 353
1 11 2
143 170
1 9 2
481 451
1 11 2
118 112
1 13 2
184 127
1 4 2
273 263
1 4 2
194 593
1 6 2
197 245
1 5 2
380 481
1 15 2
645 152
1 4 2
192 652
1 10 2
389 327
1 10 2
65 323
1 15 2
668 423
1 2 2
241 548
1 11 2
9 17
1 10 2
294 334
1 3 2
560 133
1 3 2
437 516
1 14 2
338 184
1 7 2
37 91
1 4 2
126 665
1 15 2
82 571
1 6 2
653 183
1 11 2
669 696
1 6 2
531 156
1 12 2
53 174
1 15 2
624 580
1 15 2
233 413
1 4 2
9 213
1 5 2
504 188
1 7 2
448 5
1 11 2
229 95
1 9 2
324 98
1 3 2
27 336
1 5 2
141 383
1 8 2
478 89
1 9 2
134 478
1 9 2
132 450
1 13 2
228 632
1 12 2
329 222
1 13 2
607 94
1 3 2
90 558
1 14 2
480 474
1 8 2
232 371
1 3 2
76 189
1 3 2
152 117
1 14 2
174 172
1 6 2
374 426
1 2 2
99 284
1 3 2
206 67
1 2 2
244 413
1 9 2
24 206
1 2 2
668 318
1 13 2
355 137
1 7 2
637 274
1 2 2
463 694
1 13 2
451 514
1 3 2
684 272
1 5 2
335 676
1 13 2
25 44
1 14 2
535 660
1 4 2
304 95
1 9 2
169 349
1 13 2
455 45
1 14 2
453 155
1 2 2
430 422
1 7 2
156 618
1 11 2
446 450
1 8 2
477 619
1 10 2
590 331
1 5 2
5 104
1 7 2
332 65
1 10 2
353 584
1 13 2
376 146
1 14 2
696 572
1 2 2
1 667
1 12 2
691 127
1 2 2
537 642
1 6 2
75 134
1 2 2
418 292
1 14 2
626 458
1 14 2
428 436
1 13 2
169 517
1 12 2
178 450
1 15 2
565 181
1 15 2
353 448
1 8 2
33 299
1 2 2
243 16
1 14 2
290 336
1 3 2
613 99
1 13 2
464 307
1 6 2
679 494
1 2 2
477 226
1 3 2
455 632
1 7 2
222 277
1 4 2
264 651
1 11 2
692 242
1 14 2
501 697
1 15 2
492 394
1 4 2
615 221
1 10 2
464 421
1 8 2
133 312
1 5 2
265 613
1 12 2
194 384
1 12 2
14 375
1 11 2
31 278
1 10 2
349 267
1 9 2
622 455
1 8 2
140 481
1 2 2
72 120
1 6 2
244 650
1 2 2
301 638
1 13 2
384 690
1 2 2
517 54
1 7 2
679 676
1 13 2
258 108
1 6 2
498 42
1 10 2
328 213
1 3 2
100 213
1 15 2
344 484
1 5 2
237 53
1 14 2
392 165
1 4 2
464 682
1 3 2
11 199
1 8 2
118 398
1 9 2
572 263
1 4 2
278 2
1 3 2
119 535
1 4 2
19 40
1 7 2
654 112
1 11 2
633 135
1 8 2
291 422
1 14 2
636 445
1 2 2
28 118
1 4 2
365 652
1 5 2
479 643
1 11 2
592 647
1 13 2
302 278
1 15 2
92 198
1 6 2
456 601
1 6 2
494 433
1 6 2
157 229
1 9 2
578 253
1 4 2
207 243
1 3 2
279 626
1 10 2
184 191
1 3 2
402 306
1 5 2
557 669
1 9 2
181 265
1 12 2
331 256
1 13 2
493 559
1 11 2
624 15
1 8 2
540 155
1 2 2
357 527
1 3 2
403 520
1 2 2
505 570
1 6 2
683 53
1 2 2
622 374
1 3 2
478 693
1 12 2
618 395
1 15 2
554 109
1 12 2
162 12
1 7 2
289 455
1 10 2
35 356
1 7 2
281 364
1 11 2
672 253
1 9 2
649 600
1 14 2
152 130
1 7 2
297 609
1 10 2
148 139
1 7 2
403 33
1 6 2
437 356
1 3 2
613 185
1 11 2
374 72
1 10 2
500 319
1 13 2
8 545
1 8 2
608 404
1 11 2
552 386
1 6 2
78 564
1 7 2
345 579
1 3 2
301 146
1 13 2
35 557
1 3 2
581 644
1 12 2
97 417
1 13 2
527 46
1 15 2
52 112
1 9 2
47 689
1 10 2
120 581
1 13 2
676 260
1 5 2
160 447
1 4 2
238 124
1 4 2
369 29
1 5 2
275 240
1 9 2
655 645
1 10 2
641 38
1 13 2
655 589
1 15 2
458 373
1 8 2
360 570
1 10 2
147 149
1 6 2
69 172
1 8 2
405 355
1 3 2
483 302
1 11 2
141 267
1 7 2
592 438
1 14 2
366 184
1 5 2
117 427
1 13 2
654 554
1 15 2
259 155
1 11 2
598 300
1 2 2
599 413
1 2 2
244 549
1 9 2
681 120
1 8 2
267 576
1 10 2
452 531
1 15 2
130 586
1 8 2
561 577
1 8 2
130 364
1 7 2
58 340
1 8 2
608 129
1 9 2
355 101
1 9 2
166 420
1 11 2
106 142
1 12 2
87 169
1 3 2
507 246
1 7 2
96 219
1 7 2
270 331
1 8 2
160 238
1 8 2
550 429
1 2 2
637 159
1 4 2
90 26
1 8 2
192 136
1 13 2
401 344
1 9 2
191 425
1 15 2
121 208
1 5 2
445 518
1 11 2
16 241
1 2 2
272 322
1 5 2
35 46
1 4 2
206 609
1 10 2
268 135
1 2 2
206 271
1 13 2
398 130
1 12 2
371 322
1 11 2
97 59
1 8 2
474 111
1 10 2
137 126
1 7 2
444 157
1 8 2
270 250
1 7 2
611 6
1 15 2
390 436
1 2 2
665 343
1 8 2
445 189
1 13 2
592 48
1 11 2
334 509
1 2 2
370 374
1 4 2
381 644
1 6 2
90 335
1 3 2
619 208
1 11 2
675 673
1 14 2
213 541
1 8 2
564 680
1 6 2
160 309
1 3 2
237 387
1 15 2
370 68
1 2 2
361 293
1 5 2
48 553
1 3 2
227 618
1 13 2
627 268
1 8 2
155 36
1 12 2
356 598
1 3 2
471 86
1 7 2
22 389
1 4 2
351 397
1 3 2
506 657
1 7 2
287 187
1 7 2
286 165
1 7 2
5 611
1 7 2
223 298
1 14 2
202 192
1 2 2
507 232
1 6 2
475 318
1 6 2
605 482
1 8 2
282 291
1 5 2
553 169
1 4 2
88 22
1 7 2
622 247
1 4 2
628 235
1 10 2
204 130
1 4 2
68 554
1 12 2
679 274
1 12 2
255 183
1 8 2
199 569
1 9 2
124 198
1 14 2
618 449
1 5 2
603 163
1 10 2
97 271
1 6 2
418 46
1 15 2
318 634
1 11 2
194 262
1 2 2
653 109
1 11 2
595 30
1 14 2
552 77
1 2 2
641 233
1 12 2
157 628
1 7 2
102 424
1 3 2
601 298
1 12 2
674 548
1 5 2
30 150
1 12 2
516 369
1 10 2
302 92
1 12 2
117 35
1 8 2
476 473
1 4 2
619 76
1 13 2
274 91
1 14 2
154 236
1 14 2
490 162
1 11 2
571 287
1 9 2
526 104
1 13 2
163 164
1 12 2
501 33
1 6 2
531 324
1 6 2
524 628
1 3 2
425 460
1 7 2
457 201
1 12 2
295 144
1 3 2
576 201
1 6 2
575 186
1 13 2
677 335
1 7 2
546 281
1 7 2
389 93
1 5 2
74 400
1 15 2
332 620
1 3 2
378 567
1 15 2
444 409
1 4 2
625 181
1 11 2
88 449
1 12 2
282 115
1 4 2
442 628
1 12 2
592 432
1 7 2
609 306
1 10 2
347 617
1 9 2
602 573
1 14 2
591 379
1 5 2
114 431
1 7 2
513 691
1 9 2
587 508
1 5 2
38 502
1 13 2
693 418
1 13 2
313 680
1 10 2
154 632
1 8 2
289 273
1 9 2
130 125
1 7 2
319 571
1 3 2
683 609
1 8 2
541 514
1 7 2
458 653
1 10 2
433 361
1 12 2
428 616
1 12 2
543 404
1 14 2
513 479
1 4 2
298 427
1 8 2
162 11
1 5 2
572 284
1 3 2
688 342
1 4 2
178 225
1 7 2
103 207
1 4 2
350 579
1 9 2
400 601
1 12 2
544 53
1 5 2
647 69
1 11 2
171 189
1 15 2
254 362
1 2 2
139 190
1 8 2
571 75
1 9 2
519 360
1 13 2
191 393
1 6 2
569 237
1 13 2
64 694
1 12 2
142 446
1 7 2
537 471
1 9 2
645 210
1 9 2
378 367
1 11 2
579 553
1 4 2
440 509
1 15 2
551 371
1 14 2
697 509
1 3 2
585 292
1 6 2
666 359
1 10 2
270 587
1 7 2
478 259
1 15 2
447 658
1 11 2
299 58
1 12 2
577 473
1 6 2
447 355
1 11 2
197 204
1 6 2
414 11
1 6 2
229 488
1 5 2
577 220
1 5 2
209 582
1 12 2
556 468
1 15 2
336 359
1 8 2
608 658
1 11 2
117 214
1 12 2
96 194
1 14 2
24 268
1 7 2
179 315
1 7 2
286 677
1 14 2
446 327
1 6 2
33 554
1 5 2
535 612
1 2 2
102 84
1 6 2
460 74
1 9 2
428 98
1 5 2
526 481
1 7 2
556 527
1 11 2
111 90
1 10 2
317 691
1 5 2
449 635
1 5 2
542 385
1 15 2
322 489
1 13 2
218 408
1 4 2
269 613
1 14 2
465 271
1 10 2
336 111
1 11 2
566 437
1 14 2
113 306
1 8 2
222 327
1 2 2
399 190
1 5 2
436 556
1 6 2
300 49
1 13 2
454 164
1 2 2
513 304
1 8 2
555 579
1 10 2
289 647
1 3 2
304 564
1 15 2
110 137
1 13 2
56 560
1 12 2
472 189
1 9 2
581 238
1 4 2
521 302
1 5 2
648 622
1 2 2
194 395
1 14 2
265 461
1 9 2
42 22
1 15 2
647 216
1 5 2
249 582
1 15 2
206 339
1 10 2
544 291
1 7 2
269 57
1 14 2
475 663
1 15 2
558 464
1 2 2
552 652
1 5 2
437 376
1 13 2
218 670
1 7 2
540 86
1 4 2
554 611
1 14 2
501 574
1 11 2
212 455
1 5 2
410 492
1 10 2
455 412
1 11 2
521 383
1 8 2
472 44
1 15 2
17 139
1 11 2
451 461
1 10 2
222 3
1 6 2
420 41
1 4 2
476 282
1 13 2
653 434
1 14 2
619 151
1 13 2
228 256
1 10 2
159 142
1 2 2
490 418
1 13 2
55 358
1 2 2
649 318
1 12 2
416 634
1 4 2
528 118
1 12 2
558 406
1 11 2
460 514
1 11 2
370 514
1 7 2
49 152
1 12 2
157 308
1 6 2
360 645
1 5 2
92 46
1 13 2
657 339
1 4 2
184 673
1 13 2
649 490
1 7 2
407 659
1 15 2
283 12
1 8 2
512 55
1 6 2
680 209
1 15 2
243 465
1 4 2
616 181
1 14 2
247 582
1 2 2
274 610
1 4 2
53 648
1 7 2
231 538
1 2 2
60 237
1 13 2
374 392
1 3 2
119 689
1 3 2
80 98
1 8 2
216 71
1 15 2
288 495
1 13 2
462 231
1 8 2
570 645
1 8 2
9 611
1 10 2
536 334
1 4 2
372 364
1 15 2
642 652
1 5 2
509 524
1 12 2
382 614
1 11 2
313 333
1 15 2
19 148
1 7 2
150 558
1 12 2
602 550
1 5 2
341 314
1 4 2
311 126
1 3 2
434 344
1 9 2
151 356
1 5 2
274 361
1 9 2
679 541
1 7 2
38 653
1 6 2
396 692
1 15 2
544 55
1 14 2
130 439
1 4 2
603 165
1 10 2
641 534
1 5 2
84 598
1 9 2
466 416
1 4 2
143 364
1 4 2
130 222
1 2 2
471 497
1 7 2
484 591
1 7 2
621 170
1 4 2
149 673
1 5 2
40 377
1 12 2
289 483
1 15 2
500 656
1 9 2
118 656
1 13 2
265 315
1 10 2
612 436
1 6 2
560 554
1 9 2
47 26
1 8 2
19 509
1 3 2
281 661
1 14 2
291 308
1 2 2
212 99
1 13 2
142 178
1 3 2
275 523
1 3 2
654 616
1 8 2
520 25
1 2 2
118 34
1 4 2
21 66
1 9 2
500 625
1 5 2
390 68
1 7 2
654 247
1 11 2
698 533
1 14 2
507 628
1 5 2
238 681
1 11 2
333 58
1 4 2
233 683
1 9 2
657 143
1 14 2
30 542
1 4 2
468 87
1 4 2
514 676
1 3 2
619 382
1 12 2
118 19
1 11 2
636 454
1 13 2
206 671
1 10 2
472 197
1 8 2
41 179
1 11 2
323 324
1 10 2
645 361
1 8 2
123 48
1 8 2
488 601
1 10 2
292 615
1 8 2
356 171
1 4 2
12 266
1 3 2
617 14
1 8 2
654 603
1 4 2
552 246
1 9 2
174 507
1 11 2
189 238
1 11 2
9 31
1 11 2
103 516
1 6 2
127 418
1 10 2
650 43
1 11 2
377 189
1 3 2
35 41
1 2 2
366 388
1 3 2
399 571
1 3 2
69 33
1 10 2
87 527
1 13 2
330 558
1 9 2
70 100
1 13 2
152 491
1 6 2
505 664
1 9 2
100 326
1 15 2
648 98
1 13 2
657 403
1 2 2
351 489
1 6 2
403 641
1 7 2
267 11
1 4 2
192 35
1 3 2
256 624
1 2 2
627 310
1 11 2
421 100
1 10 2
659 426
1 6 2
91 613
1 3 2
464 316
1 14 2
454 693
1 8 2
42 688
1 11 2
359 515
1 8 2
72 3
1 11 2
223 466
1 8 2
110 198
1 10 2
284 696
1 2 2
79 61
1 8 2
475 429
1 9 2
517 126
1 5 2
167 130
1 5 2
265 68
1 10 2
47 7
1 14 2
524 497
1 7 2
634 388
1 6 2
68 130
1 5 2
376 65
1 9 2
51 589
1 15 2
246 286
1 6 2
239 62
1 4 2
351 460
1 2 2
533 661
1 5 2
109 668
1 10 2
363 137
1 14 2
330 366
1 5 2
447 464
1 3 2
15 691
1 11 2
505 366
1 10 2
321 667
1 11 2
464 296
1 11 2
68 98
1 15 2
121 236
1 11 2
105 449
1 5 2
512 577
1 5 2
316 369
1 7 2
47 131
1 2 2
91 579
1 5 2
158 697
1 11 2
28 502
1 10 2
564 81
1 11 2
500 561
1 5 2
587 521
1 13 2
90 592
1 10 2
457 541
1 11 2
16 76
1 15 2
601 260
1 11 2
258 251
1 7 2
317 251
1 10 2
398 218
1 2 2
55 478
1 9 2
272 601
1 11 2
659 5
1 15 2
477 85
1 12 2
332 302
1 8 2
269 451
1 12 2
424 446
1 2 2
686 467
1 9 2
455 264
1 4 2
41 226
1 10 2
673 542
1 14 2
337 481
1 13 2
179 537
1 4 2
626 423
1 9 2
570 654
1 6 2
345 130
1 7 2
268 262
1 6 2
263 74
1 10 2
440 525
1 9 2
198 69
1 14 2
335 530
1 6 2
63 305
1 13 2
442 187
1 10 2
185 479
1 5 2
130 478
1 11 2
534 546
1 11 2
636 0
1 12 2
138 23
1 13 2
59 290
1 2 2
246 123
1 10 2
674 411
1 11 2
12 199
1 2 2
220 341
1 6 2
243 17
1 8 2
538 250
1 10 2
329 633
1 10 2
466 55
1 7 2
277 169
1 15 2
542 179
1 8 2
55 393
1 13 2
341 168
1 15 2
588 576
1 9 2
665 529
1 14 2
95 10
1 12 2
472 364
1 10 2
84 477
1 13 2
75 104
1 13 2
404 97
1 3 2
114 340
1 5 2
292 233
1 13 2
611 71
1 7 2
373 308
1 6 2
558 352
1 2 2
150 157
1 9 2
306 454
1 13 2
199 32
1 14 2
345 185
1 15 2
151 271
1 15 2
136 234
1 15 2
347 605
1 8 2
483 222
1 5 2
15 329
1 14 2
457 86
1 3 2
404 283
1 5 2
418 299
1 3 2
680 612
1 3 2
418 306
1 15 2
565 7
1 11 2
470 183
1 8 2
108 218
1 7 2
689 57
1 2 2
109 417
1 3 2
492 32
1 7 2
212 380
1 15 2
22 220
1 7 2
521 271
1 13 2
222 500
1 12 2
480 181
1 2 2
21 664
1 13 2
315 615
1 4 2
497 391
1 11 2
595 631
1 3 2
120 525
1 8 2
443 210
1 12 2
656 337
1 15 2
637 474
1 15 2
275 579
1 11 2
501 679
1 6 2
256 347
1 6 2
80 218
1 3 2
317 306
1 8 2
377 510
1 7 2
56 529
1 10 2
363 645
1 6 2
13 490
1 7 2
411 500
1 6 2
591 691
1 5 2
449 192
1 14 2
423 4
1 11 2
434 239
1 2 2
380 121
1 14 2
655 474
1 4 2
505 339
1 11 2
90 427
1 14 2
402 99
1 7 2
364 687
1 3 2
438 699
1 6 2
214 520
1 13 2
262 380
1 8 2
518 566
1 15 2
636 47
1 12 2
600 227
1 14 2
657 364
1 13 2
29 292
1 15 2
365 446
1 6 2
616 216
1 14 2
526 593
1 4 2
544 470
1 9 2
441 293
1 7 2
464 494
1 2 2
356 501
1 11 2
15 508
1 13 2
214 459
1 8 2
289 623
1 7 2
209 573
1 5 2
527 683
1 15 2
469 473
1 15 2
538 98
1 7 2
385 411
1 2 2
311 321
1 8 2
115 180
1 10 2
63 511
1 12 2
567 295
1 15 2
559 664
1 3 2
45 291
1 8 2
461 268
1 15 2
607 166
1 11 2
443 480
1 5 2
268 565
1 13 2
48 603
1 4 2
77 554
1 2 2
153 662
1 9 2
38 452
1 7 2
68 382
1 3 2
222 355
1 3 2
443 259
1 11 2
223 297
1 15 2
341 143
1 5 2
685 307
1 2 2
601 563
1 12 2
697 78
1 15 2
173 273
1 10 2
225 436
1 8 2
338 17
1 7 2
265 168
1 7 2
335 142
1 14 2
297 178
1 15 2
294 689
1 7 2
179 256
1 15 2
218 530
1 14 2
644 128
1 5 2
64 532
1 10 2
178 660
1 12 2
343 100
1 13 2
482 164
1 7 2
460 574
1 8 2
628 331
1 8 2
150 550
1 9 2
528 226
1 10 2
438 425
1 14 2
519 246
1 9 2
475 33
1 9 2
476 234
1 3 2
203 482
1 8 2
373 109
1 2 2
331 122
1 10 2
16 560
1 15 2
355 692
1 12 2
407 593
1 14 2
653 475
1 11 2
356 604
1 11 2
226 177
1 3 2
486 201
1 14 2
545 693
1 15 2
364 175
1 8 2
521 398
1 15 2
550 298
1 3 2
332 534
1 8 2
165 219
1 3 2
273 32
1 11 2
538 269
1 10 2
386 113
1 6 2
4 610
1 11 2
698 221
1 11 2
473 166
1 5 2
463 64
1 13 2
53 116
1 3 2
567 670
1 13 2
107 356
1 5 2
205 249
1 11 2
606 557
1 12 2
59 643
1 10 2
350 84
1 4 2
358 354
1 11 2
441 173
1 12 2
185 429
1 7 2
470 5
1 10 2
405 392
1 2 2
164 630
1 10 2
538 8
1 10 2
211 633
1 9 2
482 501
1 11 2
526 519
1 7 2
645 139
1 13 2
530 676
1 5 2
488 630
1 4 2
358 510
1 11 2
138 86
1 3 2
85 233
1 5 2
246 182
1 13 2
82 397
1 10 2
291 377
1 7 2
186 497
1 15 2
460 669
1 11 2
188 409
1 14 2
448 378
1 9 2
19 107
1 7 2
670 619
1 5 2
600 376
1 11 2
659 322
1 15 2
448 116
1 9 2
68 519
1 13 2
363 93
1 4 2
311 117
1 7 2
274 685
1 15 2
103 486
1 4 2
467 637
1 5 2
257 447
1 12 2
552 178
1 8 2
695 411
1 9 2
102 92
1 9 2
277 420
1 15 2
605 229
1 3 2
621 480
1 5 2
265 369
1 2 2
451 513
1 3 2
7 501
1 6 2
175 360
1 4 2
537 503
1 6 2
589 206
1 14 2
437 571
1 15 2
325 264
1 2 2
660 250
1 5 2
588 505
1 8 2
610 20
1 14 2
555 319
1 15 2
633 277
1 11 2
564 39
1 15 2
511 579
1 13 2
288 241
1 12 2
683 217
1 7 2
534 296
1 13 2
382 481
1 7 2
158 397
1 8 2
312 465
1 11 2
202 140
1 12 2
296 373
1 14 2
187 106
1 3 2
455 344
1 3 2
224 667
1 15 2
38 367
1 2 2
19 446
1 6 2
65 316
1 9 2
51 494
1 11 2
116 259
1 12 2
451 454
1 11 2
185 88
1 9 2
272 320
1 11 2
299 324
1 5 2
533 63
1 10 2
197 611
1 9 2
433 634
1 2 2
286 533
1 15 2
461 488
1 4 2
445 42
1 4 2
32 47
1 8 2
409 247
1 4 2
504 540
1 15 2
218 278
1 10 2
224 149
1 7 2
343 361
1 15 2
342 475
1 8 2
627 671
1 9 2
592 171
1 2 2
496 241
1 6 2
552 656
1 6 2
531 600
1 5 2
184 427
1 3 2
466 41
1 13 2
491 559
1 6 2
418 362
1 4 2
672 1
1 15 2
339 104
1 14 2
345 381
1 9 2
671 221
1 11 2
533 182
1 6 2
267 31
1 14 2
171 512
1 10 2
313 168
1 5 2
52 666
1 12 2
186 669
1 6 2
387 329
1 2 2
664 317
1 13 2
602 596
1 11 2
298 424
1 12 2
433 23
1 7 2
484 644
1 12 2
161 142
1 11 2
411 169
1 10 2
242 311
1 6 2
397 204
1 13 2
570 188
1 15 2
157 215
1 11 2
559 355
1 11 2
189 423
1 4 2
401 113
1 9 2
65 210
1 3 2
261 417
1 11 2
476 695
1 5 2
333 379
1 10 2
575 654
1 6 2
335 243
1 13 2
67 168
1 10 2
643 163
1 10 2
651 181
1 8 2
208 589
1 14 2
169 147
1 13 2
561 524
1 15 2
691 666
1 10 2
447 24
1 3 2
666 404
1 9 2
312 474
1 10 2
32 189
1 6 2
584 15
1 9 2
626 589
1 14 2
487 36
1 9 2
92 551
1 9 2
119 232
1 8 2
192 102
1 13 2
513 631
1 6 2
98 331
1 13 2
576 683
1 14 2
8 284
1 13 2
136 203
1 5 2
335 339
1 11 2
304 458
1 15 2
130 64
1 4 2
424 537
1 12 2
516 667
1 12 2
406 12
1 15 2
668 683
1 10 2
527 428
1 8 2
64 569
1 5 2
198 156
1 14 2
660 51
1 3 2
321 111
1 8 2
598 61
1 11 2
59 532
1 13 2
34 375
1 7 2
459 655
1 12 2
306 590
1 10 2
79 597
1 15 2
206 541
1 15 2
679 14
1 2 2
167 324
1 3 2
557 177
1 10 2
496 543
1 4 2
45 606
1 11 2
530 664
1 3 2
573 413
1 13 2
245 678
1 12 2
119 583
1 14 2
491 194
1 4 2
150 478
1 4 2
447 42
1 6 2
322 2
1 4 2
509 446
1 14 2
407 147
1 5 2
639 520
1 10 2
323 279
1 12 2
690 378
1 9 2
247 177
1 5 2
537 209
1 4 2
552 485
1 11 2
244 407
1 3 2
430 601
1 14 2
651 110
1 3 2
188 54
1 10 2
614 326
1 11 2
464 538
1 6 2
586 306
1 6 2
220 526
1 8 2
202 377
1 5 2
111 50
1 2 2
329 271
1 4 2
101 428
1 12 2
412 593
1 13 2
483 108
1 3 2
290 629
1 13 2
538 222
1 6 2
179 396
1 6 2
110 186
1 12 2
487 565
1 9 2
310 508
1 13 2
13 315
1 2 2
210 126
1 15 2
538 619
1 9 2
354 3
1 10 2
665 179
1 13 2
473 51
1 12 2
340 468
1 14 2
541 206
1 7 2
256 688
1 15 2
623 236
1 8 2
167 378
1 14 2
117 467
1 2 2
565 329
1 13 2
441 147
1 7 2
309 375
1 15 2
244 309
1 8 2
532 663
1 8 2
408 350
1 12 2
262 610
1 4 2
43 601
1 15 2
575 564
1 13 2
92 56
1 4 2
18 240
1 4 2
1 674
1 14 2
461 534
1 10 2
123 299
1 6 2
70 659
1 13 2
443 314
1 11 2
491 137
1 2 2
680 528
1 6 2
680 681
1 15 2
93 663
1 2 2
406 23
1 9 2
312 452
1 15 2
135 447
1 13 2
127 52
1 5 2
113 591
1 9 2
326 357
1 11 2
414 616
1 8 2
345 499
1 5 2
535 471
1 10 2
237 608
1 4 2
254 164
1 7 2
429 449
1 4 2
50 278
1 15 2
122 67
1 8 2
26 629
1 4 2
352 409
1 14 2
542 493
1 7 2
661 406
1 13 2
696 380
1 2 2
691 166
1 3 2
2 63
1 12 2
336 327
1 9 2
594 125
1 3 2
79 647
1 11 2
134 664
1 11 2
687 110
1 14 2
302 507
1 15 2
101 690
1 11 2
509 163
1 10 2
64 102
1 6 2
290 247
1 5 2
19 515
1 5 2
580 239
1 3 2
631 563
1 15 2
28 178
1 2 2
357 145
1 9 2
121 29
1 15 2
653 438
1 12 2
312 317
1 6 2
199 42
1 2 2
279 593
1 9 2
561 486
1 10 2
410 122
1 2 2
628 653
1 9 2
501 16
1 2 2
561 257
1 6 2
365 696
1 6 2
205 512
1 10 2
83 91
1 13 2
305 418
1 12 2
300 67
1 10 2
465 549
1 2 2
356 249
1 7 2
161 686
1 11 2
81 44
1 4 2
167 60
1 12 2
633 212
1 15 2
266 382
1 5 2
603 456
1 7 2
449 547
1 13 2
515 326
1 5 2
511 221
1 5 2
258 617
1 13 2
425 228
1 4 2
533 168
1 6 2
649 138
1 15 2
219 175
1 9 2
399 593
1 7 2
177 626
1 2 2
379 645
1 5 2
641 7
1 11 2
339 562
1 11 2
558 67
1 4 2
580 131
1 7 2
2 539
1 12 2
419 677
1 2 2
77 469
1 2 2
340 605
1 10 2
596 258
1 8 2
690 211
1 3 2
14 499
1 15 2
94 10
1 14 2
342 309
1 4 2
428 161
1 2 2
333 381
1 3 2
304 329
1 5 2
428 432
1 7 2
36 546
1 5 2
184 387
1 13 2
681 127
1 4 2
513 614
1 2 2
97 531
1 15 2
169 17
1 8 2
335 558
1 6 2
605 643
1 8 2
217 694
1 14 2
19 437
1 12 2
144 649
1 11 2
550 330
1 12 2
137 66
1 4 2
238 577
1 11 2
478 588
1 9 2
203 433
1 12 2
503 216
1 12 2
565 143
1 15 2
461 338
1 3 2
102 98
1 13 2
209 124
1 4 2
482 680
1 14 2
603 241
1 13 2
105 611
1 12 2
665 97
1 3 2
692 169
1 8 2
220 241
1 13 2
551 141
1 9 2
330 641
1 8 2
582 64
1 3 2
126 113
1 11 2
188 354
1 11 2
341 146
1 5 2
238 9
1 12 2
401 607
1 6 2
678 92
1 15 2
148 393
1 7 2
340 200
1 10 2
526 695
1 7 2
68 84
1 13 2
247 677
1 8 2
55 351
1 10 2
339 213
1 12 2
409 167
1 9 2
584 553
1 10 2
284 575
1 4 2
649 589
1 14 2
351 282
1 14 2
56 206
1 7 2
661 292
1 10 2
379 99
1 12 2
252 301
1 9 2
555 302
1 12 2
320 194
1 3 2
652 444
1 12 2
106 59
1 2 2
319 69
1 12 2
164 309
1 11 2
332 426
1 13 2
578 77
1 14 2
586 679
1 13 2
666 590
1 10 2
492 683
1 6 2
346 639
1 13 2
234 266
1 11 2
44 588
1 14 2
394 575
1 2 2
536 464
1 6 2
217 457
1 9 2
426 560
1 5 2
172 95
1 9 2
630 645
1 6 2
354 358
1 11 2
412 257
1 2 2
98 242
1 5 2
228 560
1 3 2
216 327
1 15 2
455 74
1 14 2
614 151
1 5 2
121 432
1 13 2
657 182
1 2 2
89 433
1 4 2
354 350
1 12 2
75 291
1 14 2
155 16
1 10 2
671 596
1 6 2
657 664
1 7 2
74 670
1 6 2
576 387
1 10 2
592 330
1 5 2
70 496
1 2 2
86 485
1 10 2
503 579
1 11 2
331 319
1 12 2
334 177
1 15 2
208 145
1 10 2
101 607
1 14 2
542 353
1 7 2
361 94
1 11 2
543 445
1 10 2
171 524
1 15 2
94 92
1 8 2
203 368
1 4 2
598 668
1 13 2
148 451
1 12 2
285 205
1 3 2
321 668
1 6 2
418 644
1 14 2
439 130
1 14 2
239 170
1 4 2
630 287
1 10 2
255 402
1 9 2
677 582
1 8 2
376 527
1 5 2
205 297
1 6 2
133 202
1 11 2
585 439
1 12 2
672 70
1 7 2
271 429
1 13 2
518 339
1 3 2
628 250
1 11 2
75 406
1 14 2
129 298
1 10 2
32 544
1 4 2
51 200
1 5 2
37 637
1 7 2
609 571
1 5 2
239 337
1 5 2
590 689
1 12 2
35 531
1 13 2
352 559
1 3 2
129 582
1 6 2
666 651
1 12 2
677 86
1 8 2
179 505
1 8 2
307 605
1 3 2
15 18
1 14 2
640 583
1 7 2
483 248
1 2 2
385 16
1 11 2
574 652
1 12 2
449 476
1 6 2
680 643
1 5 2
365 305
1 2 2
647 356
1 2 2
525 158
1 6 2
293 610
1 12 2
510 166
1 9 2
279 626
1 11 2
347 332
1 2 2
428 439
1 5 2
597 687
1 10 2
61 527
1 14 2
149 96
1 5 2
315 459
1 14 2
598 311
1 6 2
230 141
1 4 2
598 307
1 10 2
336 215
1 11 2
151 399
1 7 2
232 515
1 13 2
115 536
1 7 2
516 640
1 9 2
208 350
1 12 2
107 181
1 13 2
100 23
1 12 2
655 326
1 11 2
407 499
1 3 2
456 572
1 4 2
674 652
1 10 2
656 282
1 12 2
568 334
1 7 2
222 189
1 11 2
698 31
1 14 2
254 92
1 14 2
180 590
1 12 2
441 334
1 2 2
216 36
1 15 2
557 673
1 2 2
53 308
1 12 2
586 570
1 2 2
167 644
1 5 2
399 582
1 4 2
222 399
1 8 2
215 452
1 9 2
160 690
1 5 2
406 446
1 2 2
23 580
1 12 2
381 578
1 5 2
165 456
1 15 2
662 171
1 9 2
221 78
1 3 2
229 34
1 5 2
449 150
1 4 2
309 670
1 10 2
644 666
1 3 2
693 295
1 14 2
417 124
1 12 2
158 424
1 7 2
420 202
1 2 2
246 487
1 9 2
144 152
1 10 2
4 535
1 6 2
659 563
1 13 2
166 242
1 9 2
617 626
1 12 2
691 337
1 3 2
289 202
1 7 2
486 51
1 11 2
694 358
1 12 2
339 652
1 3 2
495 211
1 9 2
9 622
1 15 2
156 513
1 13 2
252 63
1 6 2
631 210
1 4 2
159 449
1 6 2
64 234
1 4 2
128 66
1 3 2
245 194
1 8 2
597 393
1 12 2
507 224
1 15 2
432 532
1 15 2
271 543
1 2 2
600 542
1 2 2
684 398
1 14 2
589 200
1 15 2
327 368
1 15 2
640 451
1 14 2
643 110
1 12 2
401 598
1 12 2
290 287
1 8 2
481 298
1 5 2
351 458
1 3 2
398 541
1 2 2
330 328
1 12 2
320 221
1 13 2
347 536
1 15 2
546 465
1 5 2
465 574
1 15 2
602 246
1 7 2
473 267
1 7 2
65 171
1 5 2
1 528
1 2 2
439 589
1 2 2
417 642
1 14 2
533 334
1 6 2
176 23
1 4 2
292 455
1 7 2
444 32
1 9 2
631 125
1 2 2
98 153
1 11 2
47 527
1 14 2
359 482
1 3 2
512 324
1 9 2
179 507
1 5 2
420 615
1 7 2
349 294
1 14 2
264 209
1 14 2
622 317
1 11 2
45 252
1 11 2
192 276
1 12 2
490 578
1 6 2
101 7
1 9 2
653 375
1 11 2
405 495
1 9 2
140 405
1 3 2
650 20
1 10 2
146 366
1 6 2
418 35
1 8 2
406 460
1 5 2
241 577
1 10 2
569 1
1 2 2
347 392
1 7 2
615 12
1 14 2
248 395
1 7 2
39 377
1 2 2
499 649
1 13 2
661 91
1 5 2
499 324
1 4 2
619 140
1 14 2
334 643
1 11 2
273 240
1 9 2
328 697
1 14 2
522 602
1 14 2
101 66
1 10 2
157 98
1 7 2
606 510
1 11 2
474 529
1 3 2
282 572
1 14 2
498 513
1 8 2
514 641
1 7 2
600 639
1 15 2
609 693
1 2 2
496 585
1 14 2
567 615
1 5 2
136 237
1 3 2
598 567
1 7 2
150 19
1 7 2
471 202
1 10 2
583 623
1 13 2
531 517
1 14 2
235 74
1 14 2
201 437
1 3 2
550 7
1 4 2
126 428
1 15 2
437 466
1 2 2
413 219
1 10 2
283 486
1 2 2
456 361
1 12 2
151 599
1 10 2
200 545
1 12 2
333 49
1 3 2
414 572
1 9 2
243 341
1 12 2
562 615
1 10 2
127 589
1 5 2
356 144
1 8 2
135 452
1 11 2
477 505
1 15 2
118 447
1 2 2
348 33
1 4 2
452 667
1 12 2
652 39
1 8 2
317 542
1 7 2
676 678
1 12 2
192 277
1 6 2
685 89
1 2 2
349 154
1 7 2
631 286
1 14 2
220 599
1 5 2
10 11
1 7 2
51 644
1 11 2
584 159
1 6 2
38 39
1 10 2
145 130
1 6 2
629 77
1 8 2
282 325
1 15 2
483 350
1 11 2
287 373
1 15 2
535 452
1 8 2
67 666
1 2 2
19 92
1 3 2
402 646
1 12 2
38 226
1 2 2
615 435
1 5 2
415 108
1 10 2
45 425
1 15 2
237 358
1 9 2
338 639
1 7 2
33 51
1 12 2
72 643
1 4 2
465 316
1 2 2
320 556
1 14 2
113 466
1 5 2
424 459
1 8 2
526 5
1 3 2
308 64
1 9 2
335 533
1 2 2
315 564
1 15 2
277 159
1 5 2
538 505
1 12 2
480 152
1 10 2
478 223
1 5 2
548 251
1 13 2
682 255
1 7 2
124 67
1 4 2
187 102
1 9 2
267 165
1 10 2
183 535
1 8 2
176 107
1 6 2
361 379
1 12 2
406 124
1 9 2
336 75
1 10 2
329 479
1 5 2
451 135
1 5 2
325 431
1 3 2
237 250
1 5 2
376 606
1 7 2
545 78
1 9 2
563 682
1 8 2
318 468
1 12 2
211 599
1 13 2
141 388
1 3 2
178 232
1 9 2
482 312
1 4 2
360 680
1 3 2
46 470
1 13 2
111 636
1 8 2
93 305
1 3 2
610 351
1 13 2
160 45
1 2 2
581 181
1 8 2
533 279
1 15 2
590 92
1 6 2
65 59
1 9 2
256 371
1 10 2
122 12
1 13 2
454 569
1 5 2
601 271
1 11 2
398 307
1 8 2
373 522
1 3 2
342 419
1 2 2
69 667
1 4 2
240 338
1 6 2
16 588
1 10 2
379 73
1 7 2
106 527
1 3 2
125 481
1 3 2
454 117
1 3 2
321 12
1 14 2
504 600
1 11 2
560 107
1 6 2
508 399
1 4 2
213 680
1 6 2
222 394
1 12 2
148 307
1 9 2
319 402
1 15 2
317 625
1 3 2
308 126
1 5 2
232 201
1 9 2
697 105
1 13 2
162 227
1 8 2
75 590
1 9 2
138 468
1 3 2
329 212
1 6 2
253 124
1 14 2
300 340
1 13 2
234 672
1 4 2
686 695
1 12 2
609 197
1 2 2
133 421
1 6 2
112 95
1 8 2
430 517
1 8 2
318 277
1 11 2
634 615
1 15 2
339 513
1 6 2
517 584
1 11 2
104 506
1 8 2
194 399
1 10 2
18 563
1 7 2
272 247
1 9 2
330 451
1 6 2
232 122
1 10 2
223 695
1 4 2
606 274
1 10 2
279 162
1 10 2
659 172
1 11 2
542 19
1 12 2
98 18
1 4 2
243 612
1 12 2
138 273
1 6 2
205 365
1 3 2
21 223
1 8 2
391 96
1 12 2
28 571
1 15 2
135 385
1 13 2
471 609
1 5 2
139 380
1 5 2
518 399
1 10 2
332 418
1 15 2
641 235
1 14 2
663 199
1 8 2
614 390
1 4 2
205 197
1 8 2
174 237
1 15 2
403 315
1 15 2
539 384
1 7 2
172 127
1 15 2
463 440
1 4 2
35 383
1 11 2
533 472
1 5 2
495 582
1 3 2
21 564
1 6 2
550 563
1 10 2
266 28
1 10 2
124 358
1 9 2
674 301
1 9 2
273 498
1 5 2
432 532
1 15 2
87 573
1 6 2
604 427
1 15 2
97 38
1 4 2
129 559
1 3 2
572 516
1 15 2
248 493
1 6 2
696 589
1 3 2
578 165
1 15 2
547 348
1 9 2
637 506
1 13 2
133 244
1 6 2
484 625
1 14 2
7 250
1 7 2
480 234
1 4 2
299 467
1 4 2
612 465
1 5 2
328 599
1 15 2
208 397
1 11 2
579 169
1 7 2
664 198
1 5 2
667 374
1 4 2
366 39
1 7 2
255 681
1 7 2
526 268
1 11 2
6 146
1 15 2
602 443
1 12 2
580 449
1 15 2
547 575
1 9 2
303 441
1 15 2
437 462
1 4 2
228 295
1 3 2
603 101
1 12 2
609 427
1 8 2
214 527
1 5 2
361 494
1 5 2
581 276
1 8 2
115 462
1 6 2
247 336
1 10 2
236 595
1 13 2
653 379
1 4 2
217 645
1 5 2
241 270
1 7 2
72 218
1 14 2
22 201
1 4 2
626 2
1 15 2
27 11
1 5 2
154 465
1 11 2
265 155
1 2 2
116 59
1 13 2
571 639
1 8 2
664 505
1 3 2
427 430
1 15 2
307 50
1 15 2
179 561
1 9 2
654 606
1 14 2
465 469
1 10 2
672 141
1 10 2
377 443
1 4 2
315 326
1 9 2
513 645
1 6 2
543 43
1 7 2
179 454
1 3 2
284 597
1 13 2
4 557
1 6 2
675 317
1 11 2
67 395
1 13 2
459 398
1 6 2
355 357
1 14 2
455 283
1 4 2
437 5
1 10 2
176 464
1 6 2
540 274
1 3 2
66 77
1 12 2
114 472
1 8 2
648 620
1 2 2
11 649
1 5 2
486 85
1 13 2
107 135
1 5 2
621 33
1 13 2
583 121
1 7 2
653 522
1 9 2
323 637
1 12 2
406 53
1 14 2
360 572
1 9 2
50 17
1 9 2
277 571
1 4 2
545 466
1 9 2
131 126
1 6 2
455 501
1 5 2
510 267
1 12 2
205 516
1 5 2
360 196
1 9 2
350 224
1 10 2
130 174
1 7 2
374 203
1 15 2
18 179
1 12 2
86 573
1 14 2
247 514
1 5 2
368 620
1 10 2
644 423
1 3 2
339 186
1 9 2
334 671
1 9 2
18 226
1 14 2
688 519
1 9 2
696 332
1 13 2
240 109
1 8 2
601 22
1 6 2
45 443
1 15 2
461 358
1 5 2
2 542
1 15 2
550 623
1 12 2
661 521
1 5 2
282 64
1 4 2
481 678
1 11 2
456 580
1 7 2
535 49
1 14 2
141 474
1 2 2
315 84
1 15 2
136 461
1 3 2
618 35
1 10 2
56 646
1 4 2
292 140
1 3 2
443 137
1 11 2
90 283
1 5 2
240 649
1 3 2
650 177
1 10 2
639 48
1 2 2
90 20
1 12 2
555 289
1 8 2
132 698
1 15 2
616 158
1 2 2
420 470
1 4 2
664 61
1 13 2
451 105
1 7 2
328 667
1 2 2
515 183
1 9 2
17 351
1 15 2
78 359
1 3 2
81 354
1 10 2
411 695
1 3 2
285 376
1 15 2
695 514
1 14 2
693 367
1 4 2
200 75
1 14 2
211 462
1 7 2
273 455
1 5 2
499 245
1 13 2
633 449
1 2 2
648 157
1 2 2
563 640
1 13 2
168 590
1 2 2
326 290
1 6 2
345 12
1 9 2
350 644
1 9 2
119 287
1 3 2
602 127
1 9 2
382 546
1 5 2
657 239
1 14 2
206 133
1 8 2
55 28
1 10 2
477 321
1 11 2
44 363
1 8 2
209 505
1 8 2
252 698
1 4 2
655 184
1 10 2
622 155
1 12 2
594 47
1 4 2
224 504
1 7 2
80 695
1 4 2
170 305
1 15 2
680 259
1 14 2
599 122
1 13 2
170 77
1 5 2
194 465
1 12 2
445 271
1 8 2
539 296
1 5 2
111 618
1 6 2
478 191
1 5 2
436 620
1 14 2
1 99
1 14 2
98 285
1 11 2
377 361
1 11 2
483 659
1 7 2
89 457
1 3 2
371 326
1 3 2
450 524
1 8 2
311 92
1 5 2
518 432
1 15 2
364 282
1 15 2
598 411
1 9 2
469 377
1 4 2
392 615
1 15 2
524 430
1 14 2
635 112
1 9 2
119 589
1 3 2
92 48
1 12 2
222 62
1 7 2
32 300
1 12 2
230 232
1 8 2
481 196
1 9 2
576 580
1 11 2
552 7
1 3 2
175 564
1 7 2
361 334
1 13 2
621 699
1 9 2
120 372
1 9 2
566 354
1 14 2
148 677
1 5 2
180 120
1 15 2
273 217
1 3 2
137 111
1 11 2
148 391
1 5 2
401 297
1 2 2
96 629
1 6 2
105 295
1 4 2
149 550
1 15 2
7 118
1 9 2
649 198
1 2 2
623 365
1 3 2
206 89
1 2 2
535 374
1 9 2
265 54
1 12 2
448 207
1 10 2
507 284
1 11 2
691 37
1 8 2
147 400
1 8 2
598 102
1 2 2
283 475
1 11 2
569 236
1 10 2
25 97
1 5 2
440 423
1 3 2
229 77
1 15 2
272 422
1 13 2
544 89
1 13 2
546 580
1 2 2
133 475
1 4 2
318 662
1 4 2
595 395
1 8 2
418 299
1 6 2
676 191
1 14 2
587 689
1 7 2
431 47
1 7 2
263 231
1 15 2
688 134
1 10 2
371 431
1 15 2
512 679
1 12 2
366 415
1 9 2
457 257
1 14 2
698 459
1 15 2
149 693
1 9 2
313 573
1 15 2
191 213
1 10 2
612 250
1 15 2
32 82
1 4 2
528 279
1 10 2
681 432
1 8 2
299 683
1 6 2
287 458
1 12 2
195 384
1 9 2
28 387
1 14 2
88 547
1 8 2
180 254
1 12 2
214 499
1 6 2
607 4
1 5 2
309 401
1 8 2
50 245
1 6 2
417 324
1 4 2
436 190
1 3 2
421 142
1 2 2
171 333
1 5 2
344 631
1 14 2
456 645
1 15 2
64 692
1 6 2
560 219
1 7 2
278 440
1 5 2
132 601
1 12 2
495 395
1 13 2
155 150
1 7 2
201 33
1 10 2
202 595
1 5 2
10 645
1 9 2
57 491
1 3 2
244 473
1 9 2
222 580
1 14 2
424 249
1 10 2
532 606
1 15 2
606 255
1 12 2
234 333
1 11 2
387 103
1 11 2
596 110
1 3 2
301 373
1 6 2
307 513
1 13 2
40 414
1 13 2
340 465
1 4 2
513 94
1 11 2
424 108
1 2 2
356 39
1 13 2
157 107
1 10 2
312 91
1 12 2
83 550
1 3 2
95 192
1 11 2
52 366
1 6 2
297 132
1 14 2
599 420
1 5 2
444 143
1 15 2
317 393
1 15 2
274 348
1 5 2
482 323
1 13 2
334 391
1 10 2
588 445
1 14 2
124 617
1 15 2
522 82
1 2 2
131 463
1 14 2
304 383
1 3 2
472 235
1 3 2
257 676
1 8 2
122 593
1 7 2
249 681
1 15 2
59 90
1 12 2
531 21
1 14 2
519 563
1 10 2
686 8
1 2 2
686 259
1 6 2
317 448
1 4 2
600 410
1 9 2
113 452
1 13 2
502 354
1 3 2
284 223
1 12 2
329 64
1 13 2
533 361
1 12 2
11 266
1 11 2
264 256
1 11 2
515 203
1 4 2
150 306
1 10 2
614 593
1 4 2
233 62
1 13 2
380 394
1 14 2
450 685
1 3 2
114 609
1 13 2
522 673
1 7 2
20 484
1 14 2
136 311
1 12 2
498 296
1 10 2
119 687
1 9 2
411 577
1 10 2
493 471
1 3 2
437 552
1 3 2
6 489
1 13 2
624 321
1 3 2
647 269
1 9 2
580 577
1 4 2
475 618
1 4 2
595 6
1 15 2
344 94
1 3 2
52 72
1 14 2
94 236
1 9 2
417 287
1 10 2
33 522
1 12 2
40 463
1 4 2
568 483
1 6 2
404 457
1 4 2
240 690
1 4 2
444 697
1 4 2
677 65
1 13 2
494 660
1 5 2
63 379
1 15 2
252 274
1 14 2
237 295
1 6 2
285 239
1 7 2
259 86
1 5 2
631 167
1 8 2
630 194
1 5 2
432 204
1 7 2
688 337
1 6 2
378 647
1 4 2
679 468
1 4 2
544 69
1 12 2
579 118
1 6 2
421 235
1 15 2
598 614
1 6 2
301 148
1 5 2
527 94
1 9 2
620 251
1 2 2
566 376
1 14 2
335 576
1 5 2
246 661
1 3 2
79 482
1 5 2
463 484
1 2 2
341 628
1 9 2
269 406
1 10 2
427 609
1 5 2
530 89
1 3 2
108 502
1 14 2
513 436
1 4 2
464 588
1 10 2
698 231
1 9 2
455 306
1 15 2
662 336
1 11 2
57 300
1 14 2
482 411
1 13 2
145 107
1 7 2
482 321
1 10 2
393 124
1 12 2
209 144
1 14 2
160 48
1 5 2
31 626
1 14 2
122 95
1 4 2
479 397
1 13 2
321 34
1 13 2
527 190
1 8 2
400 424
1 8 2
691 471
1 9 2
545 605
1 5 2
634 407
1 11 2
422 393
1 4 2
20 210
1 4 2
655 541
1 12 2
366 479
1 14 2
587 286
1 3 2
284 261
1 12 2
573 214
1 13 2
569 528
1 5 2
368 37
1 8 2
484 374
1 11 2
350 630
1 13 2
348 180
1 10 2
38 417
1 7 2
12 481
1 7 2
209 63
1 4 2
699 505
1 7 2
671 584
1 11 2
486 439
1 13 2
212 698
1 14 2
678 613
1 10 2
279 13
1 11 2
643 224
1 5 2
320 280
1 3 2
677 334
1 8 2
205 425
1 10 2
30 564
1 3 2
651 14
1 2 2
217 35
1 10 2
18 663
1 7 2
270 163
1 9 2
209 111
1 4 2
156 26
1 12 2
236 275
1 14 2
516 390
1 11 2
673 94
1 11 2
80 58
1 10 2
385 57
1 14 2
105 697
1 12 2
569 595
1 8 2
396 328
1 4 2
204 343
1 2 2
221 279
1 10 2
552 155
1 13 2
613 488
1 8 2
287 459
1 6 2
83 528
1 3 2
483 599
1 8 2
77 432
1 11 2
59 124
1 11 2
311 617
1 15 2
187 483
1 8 2
216 200
1 13 2
61 151
1 9 2
358 16
1 14 2
549 181
1 10 2
51 277
1 5 2
376 88
1 2 2
459 384
1 11 2
38 603
1 4 2
252 614
1 13 2
573 109
1 8 2
66 202
1 3 2
645 130
1 10 2
141 27
1 8 2
457 100
1 14 2
21 430
1 9 2
30 491
1 4 2
615 343
1 14 2
573 67
1 10 2
26 678
1 2 2
170 398
1 2 2
200 9
1 15 2
144 106
1 4 2
368 235
1 8 2
417 607
1 13 2
666 467
1 5 2
642 695
1 4 2
112 346
1 11 2
206 591
1 4 2
3 394
1 11 2
671 472
1 9 2
336 488
1 2 2
245 264
1 6 2
112 140
1 10 2
567 487
1 2 2
252 422
1 5 2
479 181
1 9 2
172 284
1 10 2
388 433
1 15 2
377 694
1 13 2
683 580
1 10 2
296 228
1 7 2
43 91
1 13 2
62 92
1 9 2
469 426
1 13 2
421 121
1 4 2
378 642
1 10 2
224 334
1 2 2
59 542
1 9 2
356 487
1 7 2
600 466
1 10 2
54 528
1 5 2
251 96
1 9 2
185 289
1 8 2
347 382
1 9 2
396 439
1 2 2
503 624
1 2 2
145 234
1 14 2
7 555
1 6 2
490 98
1 4 2
470 461
1 14 2
301 604
1 3 2
697 180
1 3 2
592 289
1 9 2
407 610
1 11 2
430 487
1 12 2
377 605
1 11 2
285 533
1 11 2
152 395
1 7 2
194 475
1 12 2
17 334
1 11 2
67 108
1 15 2
587 506
1 9 2
170 465
1 15 2
453 362
1 11 2
543 418
1 2 2
238 208
1 6 2
1 583
1 13 2
547 462
1 9 2
102 522
1 7 2
534 457
1 5 2
349 234
1 11 2
609 291
1 2 2
513 502
1 10 2
240 508
1 8 2
438 548
1 11 2
411 458
1 8 2
536 618
1 15 2
24 243
1 9 2
85 692
1 9 2
692 473
1 11 2
295 273
1 8 2
505 654
1 9 2
519 233
1 15 2
124 579
1 7 2
350 593
1 9 2
655 264
1 9 2
642 565
1 11 2
203 436
1 13 2
407 532
1 2 2
558 560
1 6 2
561 180
1 15 2
567 258
1 15 2
696 629
1 8 2
409 496
1 11 2
122 289
1 8 2
365 83
1 15 2
307 30
1 10 2
601 22
1 11 2
283 656
1 3 2
19 446
1 10 2
670 196
1 2 2
384 125
1 3 2
437 552
1 2 2
229 497
1 2 2
637 583
1 10 2
243 73
1 11 2
189 149
1 10 2
553 319
1 2 2
518 535
1 10 2
674 519
1 9 2
471 617
1 5 2
437 140
1 12 2
476 567
1 13 2
108 137
1 14 2
138 649
1 12 2
489 309
1 2 2
537 103
1 6 2
574 110
1 3 2
564 67
1 14 2
13 107
1 5 2
188 61
1 13 2
371 565
1 8 2
535 699
1 14 2
84 231
1 10 2
597 435
1 15 2
450 503
1 4 2
650 213
1 2 2
647 330
1 11 2
573 572
1 9 2
515 43
1 4 2
249 386
1 3 2
473 187
1 14 2
594 89
1 15 2
60 90
1 9 2
362 185
1 9 2
329 349
1 7 2
158 428
1 3 2
10 447
1 10 2
134 432
1 9 2
15 227
1 9 2
538 93
1 10 2
288 66
1 2 2
411 264
1 11 2
123 8
1 13 2
432 52
1 3 2
156 274
1 2 2
333 109
1 8 2
396 73
1 13 2
100 378
1 4 2
284 362
1 11 2
30 391
1 8 2
328 332
1 14 2
166 210
1 3 2
172 397
1 15 2
648 186
1 2 2
423 648
1 13 2
393 400
1 8 2
574 33
1 11 2
522 311
1 7 2
47 689
1 12 2
112 91
1 15 2
647 665
1 14 2
334 633
1 9 2
439 596
1 4 2
451 206
1 9 2
436 242
1 3 2
361 555
1 8 2
597 102
1 9 2
514 606
1 7 2
204 141
1 14 2
121 609
1 9 2
287 369
1 7 2
476 74
1 8 2
513 440
1 7 2
436 456
1 4 2
560 66
1 5 2
193 424
1 7 2
37 192
1 6 2
121 90
1 15 2
489 685
1 9 2
436 359
1 10 2
249 176
1 4 2
243 538
1 15 2
175 661
1 14 2
45 300
1 6 2
85 654
1 15 2
313 228
1 9 2
56 289
1 15 2
234 332
1 2 2
93 366
1 13 2
74 498
1 12 2
355 162
1 9 2
297 333
1 15 2
41 628
1 13 2
570 184
1 14 2
607 187
1 9 2
546 119
1 10 2
312 607
1 5 2
330 417
1 3 2
623 392
1 5 2
20 63
1 11 2
347 418
1 4 2
87 377
1 14 2
167 107
1 11 2
214 33
1 12 2
79 231
1 2 2
625 184
1 15 2
358 278
1 14 2
261 586
1 11 2
140 25
1 11 2
296 232
1 11 2
524 495
1 4 2
506 480
1 10 2
634 423
1 4 2
456 506
1 13 2
471 603
1 5 2
356 446
1 6 2
206 167
1 5 2
533 247
1 6 2
325 247
1 11 2
358 36
1 7 2
161 121
1 2 2
404 512
1 4 2
240 199
1 7 2
512 40
1 6 2
682 370
1 5 2
475 201
1 8 2
17 376
1 9 2
312 548
1 13 2
242 356
1 11 2
285 57
1 5 2
424 1
1 14 2
149 190
1 14 2
334 660
1 9 2
259 51
1 2 2
193 58
1 3 2
389 212
1 11 2
686 313
1 3 2
290 693
1 2 2
413 456
1 6 2
582 305
1 2 2
301 430
1 3 2
535 613
1 14 2
596 405
1 11 2
75 489
1 14 2
449 312
1 8 2
451 281
1 14 2
40 632
1 9 2
430 130
1 10 2
461 279
1 5 2
506 368
1 6 2
466 412
1 3 2
63 351
1 3 2
647 209
1 13 2
99 567
1 13 2
562 152
1 11 2
417 335
1 4 2
134 359
1 6 2
455 186
1 12 2
60 619
1 2 2
609 690
1 12 2
326 547
1 6 2
588 479
1 11 2
387 594
1 8 2
161 438
1 10 2
102 353
1 6 2
609 196
1 9 2
231 598
1 13 2
79 642
1 3 2
172 474
1 6 2
94 500
1 10 2
593 253
1 4 2
135 335
1 4 2
265 429
1 10 2
95 106
1 3 2
51 266
1 12 2
246 46
1 13 2
233 596
1 13 2
203 416
1 10 2
628 622
1 3 2
168 100
1 7 2
225 563
1 5 2
2 126
1 4 2
172 12
1 6 2
301 625
1 2 2
314 621
1 12 2
8 261
1 3 2
107 688
1 13 2
371 398
1 2 2
652 372
1 14 2
197 29
1 12 2
124 641
1 12 2
395 577
1 11 2
113 179
1 2 2
260 641
1 3 2
149 137
1 10 2
384 252
1 9 2
432 516
1 6 2
274 674
1 12 2
367 532
1 14 2
446 309
1 6 2
331 121
1 14 2
99 143
1 13 2
227 352
1 10 2
455 464
1 6 2
461 536
1 13 2
344 95
1 11 2
513 279
1 6 2
533 226
1 14 2
153 164
1 6 2
40 204
1 5 2
371 162
1 15 2
225 610
1 13 2
670 6
1 9 2
72 589
1 10 2
452 598
1 2 2
284 651
1 3 2
554 464
1 4 2
566 291
1 8 2
607 615
1 5 2
607 454
1 10 2
454 682
1 4 2
277 205
1 2 2
695 153
1 9 2
240 95
1 12 2
102 316
1 13 2
332 48
1 10 2
496 534
1 10 2
118 160
1 4 2
170 237
1 11 2
168 442
1 10 2
250 31
1 14 2
351 94
1 4 2
461 148
1 6 2
507 667
1 4 2
65 438
1 2 2
613 139
1 15 2
212 654
1 11 2
592 558
1 13 2
651 20
1 4 2
489 330
1 2 2
403 23
1 2 2
516 52
1 4 2
211 365
1 6 2
435 344
1 15 2
307 328
1 6 2
210 457
1 5 2
128 588
1 13 2
149 365
1 13 2
593 211
1 12 2
638 147
1 10 2
593 463
1 14 2
81 115
1 12 2
347 49
1 13 2
590 624
1 2 2
541 1
1 11 2
602 286
1 3 2
144 94
1 12 2
330 139
1 14 2
428 234
1 7 2
239 206
1 8 2
515 657
1 12 2
372 127
1 7 2
139 315
1 4 2
368 71
1 9 2
259 472
1 14 2
34 144
1 9 2
669 22
1 8 2
630 73
1 10 2
567 431
1 11 2
243 657
1 10 2
572 508
1 7 2
293 142
1 9 2
580 515
1 13 2
354 489
1 6 2
591 341
1 14 2
84 376
1 2 2
534 683
1 12 2
300 338
1 9 2
630 535
1 11 2
88 70
1 8 2
482 426
1 5 2
304 173
1 3 2
69 516
1 3 2
557 54
1 11 2
518 245
1 10 2
6 270
1 5 2
139 380
1 8 2
270 534
1 3 2
435 644
1 15 2
698 414
1 8 2
260 96
1 12 2
227 592
1 4 2
170 47
1 6 2
623 133
1 6 2
35 217
1 12 2
284 91
1 15 2
688 547
1 8 2
471 316
1 8 2
452 635
1 14 2
410 429
1 8 2
553 463
1 12 2
694 590
1 8 2
146 280
1 11 2
305 425
1 8 2
306 447
1 7 2
678 550
1 12 2
430 124
1 12 2
226 313
1 15 2
396 470
1 3 2
332 412
1 3 2
206 146
1 14 2
540 510
1 5 2
55 634
1 5 2
623 507
1 13 2
253 415
1 10 2
600 543
1 11 2
642 630
1 11 2
197 30
1 5 2
436 58
1 13 2
171 451
1 12 2
25 127
1 4 2
452 49
1 15 2
181 638
1 2 2
676 562
1 12 2
298 562
1 5 2
224 386
1 13 2
313 251
1 13 2
437 514
1 6 2
224 341
1 8 2
261 26
1 2 2
253 231
1 9 2
237 318
1 5 2
112 526
1 6 2
423 373
1 6 2
141 582
1 3 2
245 239
1 13 2
248 335
1 11 2
227 625
1 12 2
666 676
1 4 2
434 688
1 15 2
25 63
1 12 2
46 440
1 15 2
11 157
1 10 2
616 529
1 5 2
28 527
1 6 2
528 430
1 11 2
84 449
1 11 2
652 230
1 10 2
433 166
1 5 2
416 496
1 4 2
325 409
1 10 2
55 143
1 4 2
2 416
1 9 2
548 125
1 14 2
254 268
1 14 2
78 75
1 2 2
577 515
1 3 2
23 430
1 12 2
245 84
1 14 2
224 179
1 14 2
591 307
1 5 2
208 628
1 15 2
579 692
1 15 2
376 309
1 10 2
11 563
1 8 2
299 174
1 12 2
576 127
1 13 2
42 371
1 13 2
383 314
1 13 2
212 400
1 15 2
426 375
1 6 2
215 581
1 2 2
188 229
1 6 2
142 182
1 9 2
19 374
1 15 2
451 665
1 15 2
295 75
1 5 2
333 322
1 4 2
571 478
1 15 2
475 462
1 6 2
564 203
1 9 2
559 416
1 10 2
117 130
1 3 2
172 492
1 3 2
339 427
1 6 2
569 517
1 3 2
646 316
1 7 2
514 550
1 5 2
507 74
1 9 2
280 555
1 3 2
362 57
1 4 2
600 55
1 14 2
40 491
1 2 2
63 591
1 7 2
401 650
1 12 2
58 495
1 9 2
556 209
1 6 2
52 206
1 12 2
637 284
1 6 2
210 283
1 14 2
675 279
1 2 2
228 268
1 11 2
345 124
1 11 2
537 610
1 8 2
359 452
1 7 2
551 373
1 2 2
508 457
1 5 2
453 528
1 9 2
370 696
1 7 2
136 146
1 11 2
73 429
1 4 2
234 615
1 9 2
408 568
1 5 2
23 522
1 14 2
669 9
1 9 2
32 174
1 14 2
550 141
1 14 2
513 281
1 8 2
378 58
1 3 2
100 644
1 5 2
385 320
1 7 2
434 31
1 14 2
93 197
1 11 2
305 275
1 12 2
198 205
1 3 2
491 590
1 4 2
83 380
1 5 2
67 365
1 2 2
557 125
1 13 2
140 74
1 4 2
413 122
1 8 2
339 213
1 5 2
68 429
1 8 2
456 68
1 13 2
651 37
1 8 2
156 269
1 4 2
312 690
1 7 2
618 194
1 12 2
120 600
1 14 2
478 406
1 15 2
263 216
1 11 2
597 526
1 8 2
335 229
1 8 2
633 227
1 13 2
193 316
1 13 2
348 32
1 2 2
122 178
1 14 2
500 169
1 8 2
489 139
1 13 2
560 479
1 5 2
409 352
1 10 2
37 200
1 11 2
243 141
1 13 2
422 499
1 15 2
58 301
1 13 2
365 406
1 11 2
444 210
1 9 2
170 687
1 8 2
630 410
1 9 2
24 277
1 15 2
327 82
1 14 2
602 238
1 10 2
477 497
1 4 2
473 640
1 6 2
351 688
1 10 2
55 598
1 4 2
367 130
1 8 2
381 351
1 10 2
526 182
