700 5600 2100
19 19 14 11 8 25 23 22 5 18 9 10 17 8 20 15 22 24 19 6 10 25 6 21 10 17 8 24 18 14 20 9 11 21 8 24 12 19 11 25 10 21 17 18 21 13 7 13 9 19 25 24 23 13 17 25 16 20 13 10 5 6 24 25 24 10 10 7 5 5 11 24 11 20 5 16 13 6 21 23 9 16 15 23 17 13 7 10 5 15 23 5 18 15 25 8 24 6 8 12 8 13 11 21 14 6 9 6 25 5 6 22 12 6 16 13 8 9 13 7 7 11 15 18 5 20 13 17 6 10 13 9 23 11 18 16 17 8 15 23 15 9 20 14 16 13 6 7 10 11 23 18 22 23 8 21 6 23 19 8 20 20 13 20 14 22 18 22 21 5 11 9 15 13 18 16 24 22 11 17 8 20 21 13 25 10 19 9 17 24 25 22 24 18 23 16 23 21 6 20 17 19 6 13 16 16 22 14 17 24 20 12 21 16 7 11 5 15 10 11 9 10 15 19 11 17 23 15 11 17 14 16 16 14 8 6 13 24 17 7 20 20 11 18 17 7 22 17 6 19 15 13 11 20 12 5 18 13 15 25 6 22 24 9 11 5 14 15 5 19 20 11 14 7 21 5 16 12 6 25 12 14 20 14 7 6 13 10 10 23 23 11 12 10 15 16 14 20 14 21 17 9 24 18 9 10 5 24 6 16 19 14 19 11 5 8 5 5 10 18 8 10 11 17 11 24 11 22 16 8 12 23 18 6 8 17 5 12 11 25 15 25 24 14 18 23 15 23 22 20 5 10 20 8 9 20 25 22 10 8 12 5 8 13 9 20 21 6 6 18 9 19 18 23 16 10 23 8 14 5 10 22 21 8 22 15 5 25 6 5 8 12 18 8 11 25 11 14 21 11 8 16 13 25 23 9 6 14 19 13 5 19 10 8 8 12 7 7 11 16 25 12 15 16 9 13 17 11 20 19 19 12 25 5 18 18 21 22 8 6 19 24 17 10 20 16 12 19 22 18 17 11 5 18 6 10 13 25 8 18 14 12 17 18 18 23 9 25 10 17 16 18 13 15 21 5 7 12 11 22 10 13 25 24 7 21 8 7 7 24 18 8 22 20 11 23 9 14 24 7 14 16 5 16 17 21 15 13 24 15 13 22 13 19 25 23 9 17 8 25 14 22 18 19 14 24 8 13 8 8 15 12 6 12 8 12 8 21 18 8 9 19 17 14 5 25 25 13 17 6 7 22 24 15 20 11 17 12 15 17 22 18 5 14 6 20 18 5 15 19 8 18 22 8 13 10 19 15 18 25 23 9 12 17 13 13 5 11 13 19 24 16 12 10 10 8 15 14 5 13 15 10 15 24 19 23 5 10 16 20 25 6 17 18 10 8 12 18 15 23 14 19 23 23 11 9 25 9 11 5 24 12 20 20 15 22 13 12 24 7 13 10 8 19 14 16 15 25 11 23 25 7 24 19 18 25 6 5 16 25 24 11 9 7 10 12 13 14 23 12 20 7 6 16 24 16 12 8 19 8 24 14 7 7 6 11 7 16 8 24 17 12 21 11 15 7 7 15 18 22
3 14 3 18 8 16 12 19 9 15 10 12 16 14 5 5 20 19 8 19 10 4 7 8 10 7 17 6 19 19 12 17 13 19 19 10 7 18 16 14 15 3 4 15 15 19 6 5 5 19 7 12 5 10 10 15 13 11 10 10 15 5 8 19 7 8 10 12 5 3 7 3 15 5 6 18 5 14 5 4 11 7 9 17 5 4 3 19 10 5 10 17 19 6 10 6 18 13 14 7 20 10 5 18 11 9 8 4 3 19 20 11 16 9 6 5 15 9 18 11 17 4 4 5 15 17 20 9 12 9 11 7 20 11 16 16 7 4 10 17 10 3 9 16 17 10 6 10 19 14 10 19 19 20 5 16 14 10 19 20 12 6 9 12 7 14 15 10 18 3 7 4 3 7 7 14 19 8 10 10 9 8 3 13 18 19 14 4 18 12 18 14 3 19 7 13 18 9 20 7 9 20 16 3 14 8 4 9 14 18 13 16 15 9 6 17 12 10 15 15 11 7 15 6 12 4 9 6 16 3 16 13 17 12 8 3 6 18 12 14 17 9 3 14 11 4 4 9 3 11 14 19 8 18 4 15 14 14 14 9 19 10 11 7 15 4 11 6 13 18 15 19 19 13 14 18 20 5 13 19 20 15 16 15 14 5 15 11 14 9 3 14 13 5 18 17 6 10 13 10 17 8 7 4 6 16 3 14 12 4 6 10 4 6 18 17 11 15 9 19 11 4 19 17 12 19 9 9 5 6 18 15 6 15 14 18 20 15 6 17 13 6 18 6 5 3 20 8 12 15 6 18 8 10 4 4 18 11 12 3 20 10 15 19 4 8 18 5 9 5 12 18 10 16 16 18 16 6 11 3 7 7 6 7 11 9 4 10 5 8 7 17 20 12 19 12 19 18 17 12 16 8 11 8 9 20 7 10 9 17 14 3 4 19 12 20 17 7 6 7 6 14 9 4 8 20 17 12 6 15 8 10 7 11 6 15 16 7 7 17 3 18 10 19 15 8 12 5 6 5 11 18 3 13 20 4 11 3 8 11 7 16 6 6 10 18 17 5 6 4 6 19 7 10 19 8 4 16 20 5 11 12 12 18 13 8 20 19 17 20 11 11 16 17 7 11 15 12 3 18 16 20 16 19 7 4 6 15 5 12 17 13 6 8 9 12 20 7 20 9 8 7 18 9 12 11 7 7 16 8 15 15 4 18 16 18 12 15 14 3 16 11 14 20 3 9 14 14 19 16 12 11 5 7 9 8 7 6 5 19 14 14 3 16 7 4 18 17 12 10 8 14 18 15 12 3 4 3 13 8 9 8 9 14 9 6 12 9 11 17 17 7 12 11 10 6 20 14 20 9 16 15 4 18 14 10 20 9 19 16 9 9 20 19 14 4 18 17 14 3 18 12 8 8 3 14 12 19 10 17 7 5 20 4 19 18 19 10 7 20 12 9 13 17 6 15 8 13 5 12 17 7 9 7 10 12 18 4 19 10 19 10 3 5 12 19 17 13 9 4 15 12 19 6 11 5 12 20 17 15 4 6 12 17 14 3 16 8 7 10 3 10 9 5 15 19 6 16 11 16
1 3 2
457 652
1 6 2
302 10
1 11 2
655 612
1 6 2
415 431
1 13 2
658 180
1 7 2
439 67
1 5 2
382 558
1 8 2
687 284
1 2 2
108 517
1 9 2
407 609
1 8 2
343 520
1 12 2
234 695
1 8 2
420 584
1 13 2
126 174
1 14 2
117 697
1 2 2
267 553
1 8 2
414 120
1 15 2
368 668
1 11 2
234 468
1 10 2
103 301
1 7 2
136 599
1 2 2
233 204
1 4 2
255 59
1 3 2
286 626
1 4 2
5 351
1 2 2
626 252
1 9 2
443 361
1 10 2
634 247
1 14 2
88 38
1 13 2
528 228
1 5 2
496 168
1 5 2
286 269
1 7 2
400 361
1 8 2
185 77
1 4 2
134 122
1 15 2
241 670
1 6 2
285 580
1 15 2
36 328
1 5 2
399 200
1 11 2
477 126
1 11 2
496 68
1 5 2
337 477
1 2 2
104 641
1 9 2
585 494
1 5 2
113 538
1 2 2
104 613
1 13 2
662 5
1 12 2
149 289
1 11 2
244 632
1 14 2
530 88
1 11 2
400 576
1 2 2
461 370
1 4 2
685 52
1 4 2
598 463
1 14 2
536 465
1 11 2
502 78
1 14 2
515 419
1 2 2
13 569
1 13 2
157 162
1 12 2
313 163
1 14 2
387 481
1 13 2
124 377
1 5 2
467 72
1 11 2
381 118
1 4 2
107 561
1 15 2
267 167
1 5 2
609 422
1 11 2
499 103
1 2 2
451 10
1 5 2
29 507
1 4 2
74 297
1 10 2
224 554
1 7 2
38 597
1 4 2
462 417
1 4 2
424 154
1 5 2
136 290
1 9 2
123 464
1 7 2
520 363
1 5 2
498 387
1 9 2
2 108
1 7 2
101 420
1 9 2
466 37
1 3 2
572 646
1 7 2
367 139
1 12 2
126 530
1 12 2
491 416
1 5 2
401 42
1 11 2
247 572
1 10 2
689 478
1 11 2
410 534
1 11 2
52 445
1 10 2
115 385
1 4 2
289 41
1 15 2
483 32
1 9 2
537 103
1 2 2
3 330
1 10 2
462 24
1 6 2
9 12
1 15 2
479 532
1 6 2
448 563
1 12 2
394 39
1 13 2
27 28
1 2 2
463 228
1 15 2
633 526
1 6 2
98 510
1 7 2
435 588
1 8 2
166 366
1 13 2
309 105
1 15 2
639 309
1 5 2
625 241
1 10 2
79 36
1 3 2
645 615
1 2 2
479 655
1 6 2
230 101
1 13 2
593 662
1 7 2
239 344
1 12 2
277 184
1 14 2
557 301
1 7 2
529 50
1 15 2
207 582
1 7 2
686 653
1 9 2
664 318
1 5 2
183 303
1 12 2
406 321
1 10 2
173 183
1 4 2
550 652
1 6 2
451 99
1 2 2
153 56
1 4 2
607 319
1 8 2
464 311
1 5 2
148 646
1 10 2
350 14
1 4 2
22 486
1 7 2
116 657
1 11 2
337 5
1 9 2
258 324
1 6 2
272 174
1 14 2
301 14
1 3 2
552 302
1 2 2
10 371
1 9 2
257 7
1 2 2
182 587
1 12 2
580 489
1 2 2
540 151
1 12 2
468 358
1 14 2
606 479
1 5 2
536 353
1 15 2
104 129
1 9 2
650 390
1 8 2
607 33
1 2 2
641 571
1 2 2
252 293
1 5 2
59 218
1 14 2
503 277
1 13 2
315 499
1 3 2
70 642
1 11 2
601 568
1 3 2
580 382
1 2 2
6 312
1 10 2
67 399
1 7 2
413 479
1 11 2
517 183
1 7 2
540 407
1 13 2
362 241
1 14 2
385 680
1 4 2
564 11
1 4 2
453 351
1 4 2
615 360
1 10 2
370 603
1 4 2
523 674
1 13 2
294 34
1 7 2
564 386
1 3 2
606 97
1 12 2
220 542
1 8 2
650 114
1 12 2
213 385
1 12 2
578 72
1 7 2
383 138
1 9 2
557 458
1 11 2
417 88
1 2 2
132 341
1 12 2
97 594
1 3 2
32 599
1 11 2
575 236
1 4 2
142 270
1 12 2
518 662
1 10 2
647 2
1 5 2
144 559
1 12 2
639 502
1 9 2
687 261
1 9 2
149 362
1 6 2
595 35
1 5 2
128 293
1 15 2
185 395
1 3 2
149 208
1 12 2
3 242
1 9 2
635 214
1 3 2
128 647
1 4 2
631 144
1 14 2
388 666
1 13 2
598 414
1 12 2
588 52
1 7 2
216 384
1 9 2
617 451
1 10 2
308 428
1 11 2
696 527
1 9 2
256 515
1 11 2
440 245
1 8 2
477 86
1 2 2
671 339
1 5 2
47 502
1 5 2
108 67
1 11 2
695 574
1 11 2
536 400
1 15 2
359 302
1 4 2
596 633
1 5 2
694 33
1 6 2
88 70
1 14 2
607 532
1 10 2
568 106
1 11 2
87 592
1 14 2
486 699
1 15 2
343 59
1 14 2
195 296
1 8 2
455 85
1 3 2
404 137
1 6 2
459 620
1 8 2
537 323
1 15 2
123 92
1 7 2
12 192
1 8 2
247 496
1 6 2
347 578
1 13 2
386 453
1 15 2
239 55
1 12 2
29 278
1 10 2
575 489
1 9 2
19 100
1 12 2
688 3
1 3 2
448 371
1 2 2
407 323
1 6 2
463 250
1 15 2
25 270
1 3 2
122 451
1 13 2
190 519
1 12 2
385 273
1 5 2
176 630
1 7 2
418 500
1 8 2
50 440
1 4 2
651 507
1 10 2
664 203
1 6 2
76 678
1 8 2
299 404
1 2 2
47 273
1 2 2
487 284
1 12 2
300 440
1 11 2
51 290
1 7 2
584 662
1 4 2
479 645
1 13 2
346 264
1 14 2
63 325
1 10 2
330 154
1 12 2
290 46
1 14 2
193 79
1 6 2
326 632
1 12 2
558 338
1 15 2
383 42
1 4 2
479 651
1 4 2
302 558
1 8 2
314 95
1 9 2
512 359
1 15 2
420 98
1 9 2
594 313
1 15 2
539 474
1 7 2
588 310
1 6 2
687 676
1 7 2
239 61
1 2 2
39 32
1 11 2
83 187
1 3 2
689 529
1 13 2
60 609
1 3 2
68 232
1 2 2
498 117
1 3 2
580 70
1 5 2
106 211
1 15 2
610 698
1 10 2
507 634
1 15 2
469 18
1 15 2
581 566
1 10 2
419 158
1 5 2
22 429
1 10 2
579 277
1 5 2
25 47
1 8 2
9 25
1 10 2
104 279
1 7 2
326 208
1 13 2
228 361
1 4 2
46 495
1 3 2
125 373
1 12 2
689 622
1 3 2
6 332
1 14 2
27 117
1 6 2
344 431
1 6 2
225 648
1 4 2
341 457
1 12 2
255 655
1 6 2
549 561
1 11 2
627 408
1 8 2
692 518
1 13 2
313 13
1 4 2
506 395
1 9 2
138 166
1 2 2
211 287
1 3 2
498 113
1 12 2
334 449
1 8 2
245 600
1 15 2
47 626
1 8 2
349 354
1 13 2
622 658
1 8 2
677 177
1 6 2
480 272
1 13 2
228 216
1 8 2
585 2
1 14 2
491 513
1 10 2
248 463
1 6 2
173 123
1 10 2
225 637
1 4 2
374 338
1 7 2
275 156
1 2 2
464 218
1 8 2
143 405
1 13 2
595 332
1 10 2
318 698
1 8 2
605 217
1 2 2
22 608
1 12 2
102 439
1 6 2
34 38
1 2 2
87 98
1 3 2
13 690
1 4 2
43 630
1 7 2
644 331
1 4 2
540 681
1 8 2
363 315
1 12 2
6 286
1 8 2
400 218
1 11 2
166 555
1 11 2
303 685
1 3 2
126 60
1 12 2
612 64
1 3 2
295 438
1 2 2
389 477
1 8 2
566 402
1 6 2
677 578
1 5 2
299 644
1 10 2
228 205
1 14 2
249 517
1 9 2
387 515
1 11 2
399 367
1 7 2
415 188
1 9 2
437 75
1 6 2
682 599
1 15 2
26 436
1 5 2
20 358
1 9 2
674 575
1 12 2
616 99
1 10 2
616 320
1 6 2
226 333
1 15 2
691 519
1 6 2
140 103
1 9 2
528 106
1 10 2
68 225
1 14 2
121 96
1 7 2
578 495
1 2 2
642 279
1 3 2
181 629
1 13 2
476 258
1 3 2
165 618
1 12 2
469 643
1 15 2
240 208
1 10 2
514 193
1 11 2
483 445
1 4 2
327 666
1 10 2
607 129
1 2 2
410 262
1 12 2
86 123
1 3 2
438 424
1 7 2
387 580
1 2 2
264 514
1 9 2
269 125
1 4 2
626 454
1 7 2
154 162
1 7 2
166 122
1 13 2
376 390
1 11 2
394 652
1 15 2
358 456
1 3 2
43 39
1 8 2
122 472
1 2 2
571 363
1 13 2
579 284
1 4 2
99 288
1 8 2
389 196
1 4 2
609 297
1 8 2
550 99
1 12 2
129 54
1 14 2
140 617
1 11 2
398 442
1 11 2
378 173
1 11 2
186 404
1 15 2
64 259
1 5 2
415 570
1 3 2
316 351
1 9 2
427 633
1 6 2
600 448
1 8 2
428 603
1 6 2
317 249
1 10 2
441 602
1 3 2
488 1
1 7 2
99 244
1 4 2
616 343
1 9 2
77 471
1 13 2
516 55
1 9 2
76 318
1 13 2
445 380
1 6 2
178 431
1 13 2
130 525
1 2 2
602 618
1 14 2
134 173
1 3 2
171 505
1 12 2
111 119
1 11 2
383 443
1 15 2
118 266
1 5 2
264 605
1 5 2
404 591
1 11 2
146 339
1 11 2
430 482
1 13 2
540 460
1 7 2
583 395
1 6 2
658 387
1 12 2
439 79
1 11 2
104 427
1 12 2
499 92
1 12 2
346 107
1 6 2
306 587
1 9 2
313 551
1 5 2
394 170
1 2 2
681 204
1 4 2
14 324
1 10 2
65 80
1 12 2
689 276
1 9 2
159 392
1 5 2
85 215
1 12 2
242 260
1 9 2
135 638
1 2 2
572 681
1 6 2
388 134
1 10 2
397 385
1 7 2
286 151
1 7 2
545 393
1 9 2
435 583
1 8 2
140 139
1 13 2
238 321
1 3 2
548 430
1 4 2
231 326
1 5 2
276 347
1 12 2
272 111
1 15 2
68 4
1 12 2
530 392
1 10 2
583 592
1 12 2
525 427
1 7 2
273 544
1 13 2
1 157
1 10 2
432 259
1 10 2
13 265
1 13 2
547 593
1 3 2
223 500
1 14 2
418 439
1 11 2
508 652
1 3 2
347 671
1 14 2
452 211
1 12 2
361 629
1 7 2
536 165
1 10 2
426 186
1 8 2
576 458
1 13 2
294 162
1 7 2
512 12
1 9 2
388 322
1 15 2
574 636
1 9 2
99 10
1 6 2
650 84
1 2 2
505 479
1 2 2
545 431
1 9 2
140 105
1 3 2
321 434
1 6 2
668 447
1 6 2
661 644
1 13 2
571 622
1 9 2
35 600
1 11 2
533 255
1 5 2
556 614
1 9 2
373 413
1 11 2
343 230
1 11 2
89 391
1 4 2
97 574
1 11 2
70 397
1 15 2
487 46
1 10 2
115 535
1 13 2
355 286
1 5 2
572 37
1 11 2
334 449
1 2 2
268 152
1 11 2
42 409
1 11 2
8 105
1 5 2
653 447
1 5 2
647 353
1 11 2
289 589
1 13 2
550 664
1 13 2
430 518
1 8 2
415 65
1 11 2
576 363
1 14 2
68 234
1 9 2
111 286
1 8 2
43 467
1 12 2
509 245
1 2 2
467 491
1 14 2
290 454
1 7 2
572 682
1 2 2
598 468
1 7 2
623 41
1 5 2
374 588
1 5 2
292 467
1 13 2
269 594
1 2 2
601 189
1 6 2
273 479
1 4 2
558 293
1 7 2
692 143
1 7 2
5 223
1 14 2
294 448
1 13 2
311 73
1 10 2
183 688
1 10 2
35 564
1 3 2
497 104
1 14 2
142 477
1 11 2
421 346
1 6 2
29 548
1 10 2
360 321
1 3 2
298 351
1 8 2
273 390
1 6 2
313 318
1 14 2
257 53
1 12 2
203 264
1 2 2
232 366
1 6 2
643 131
1 13 2
640 429
1 9 2
353 591
1 6 2
487 579
1 8 2
631 538
1 13 2
429 62
1 3 2
40 93
1 15 2
348 268
1 15 2
125 406
1 12 2
561 197
1 5 2
308 304
1 9 2
426 165
1 6 2
153 423
1 13 2
669 230
1 6 2
276 664
1 10 2
241 479
1 12 2
651 165
1 10 2
408 38
1 6 2
7 133
1 2 2
677 208
1 2 2
361 225
1 8 2
118 155
1 5 2
4 299
1 15 2
218 268
1 5 2
186 98
1 9 2
69 26
1 8 2
160 421
1 4 2
615 141
1 15 2
219 374
1 8 2
0 355
1 8 2
668 655
1 15 2
685 506
1 15 2
275 241
1 12 2
431 100
1 6 2
193 355
1 8 2
32 438
1 10 2
79 486
1 3 2
167 421
1 12 2
469 221
1 4 2
634 148
1 15 2
23 177
1 12 2
448 346
1 5 2
207 260
1 8 2
231 676
1 11 2
132 35
1 7 2
401 596
1 10 2
49 344
1 11 2
635 395
1 10 2
182 660
1 4 2
153 238
1 14 2
613 96
1 9 2
322 551
1 5 2
468 253
1 13 2
291 401
1 11 2
454 7
1 4 2
455 556
1 12 2
204 87
1 11 2
253 421
1 2 2
619 486
1 13 2
44 169
1 15 2
501 74
1 9 2
414 191
1 8 2
676 263
1 15 2
468 94
1 14 2
539 203
1 4 2
324 688
1 10 2
664 336
1 2 2
601 47
1 15 2
183 322
1 14 2
31 275
1 4 2
238 375
1 5 2
170 307
1 7 2
626 595
1 6 2
49 400
1 10 2
466 219
1 14 2
424 6
1 5 2
253 538
1 5 2
7 521
1 4 2
617 277
1 6 2
302 290
1 15 2
167 86
1 14 2
378 138
1 5 2
504 614
1 10 2
191 283
1 15 2
337 120
1 5 2
119 398
1 14 2
242 92
1 8 2
252 162
1 13 2
687 1
1 5 2
659 445
1 15 2
282 657
1 8 2
129 652
1 14 2
159 529
1 11 2
494 44
1 10 2
76 341
1 8 2
194 127
1 8 2
537 253
1 6 2
0 630
1 2 2
559 678
1 15 2
56 444
1 2 2
170 209
1 9 2
529 548
1 10 2
382 292
1 10 2
446 397
1 15 2
203 429
1 11 2
151 471
1 9 2
321 282
1 9 2
85 36
1 5 2
416 218
1 6 2
129 128
1 11 2
39 73
1 6 2
542 608
1 9 2
389 94
1 7 2
493 559
1 12 2
473 392
1 8 2
369 505
1 6 2
51 399
1 4 2
75 557
1 10 2
186 133
1 3 2
119 632
1 14 2
657 629
1 6 2
90 676
1 6 2
217 310
1 12 2
138 20
1 8 2
656 699
1 5 2
19 526
1 13 2
247 44
1 7 2
477 312
1 7 2
511 31
1 9 2
351 12
1 9 2
477 369
1 2 2
178 534
1 7 2
269 104
1 13 2
319 444
1 4 2
337 403
1 2 2
665 196
1 11 2
140 413
1 13 2
339 214
1 9 2
16 29
1 15 2
550 78
1 13 2
321 610
1 11 2
695 246
1 3 2
276 500
1 12 2
528 329
1 12 2
94 348
1 6 2
59 350
1 2 2
472 681
1 6 2
249 651
1 10 2
195 5
1 7 2
309 75
1 11 2
355 115
1 12 2
608 317
1 11 2
111 13
1 8 2
574 174
1 8 2
583 187
1 14 2
435 530
1 8 2
664 196
1 10 2
524 169
1 5 2
429 41
1 4 2
478 353
1 12 2
514 688
1 8 2
436 607
1 14 2
422 72
1 14 2
164 405
1 3 2
67 267
1 5 2
391 168
1 5 2
94 563
1 6 2
482 42
1 8 2
500 625
1 10 2
569 376
1 6 2
396 590
1 7 2
371 237
1 15 2
467 490
1 7 2
112 141
1 11 2
522 489
1 11 2
205 173
1 8 2
121 378
1 11 2
230 452
1 9 2
71 333
1 15 2
298 315
1 12 2
175 115
1 12 2
71 646
1 10 2
216 504
1 4 2
675 385
1 13 2
436 337
1 12 2
574 636
1 3 2
238 496
1 13 2
639 256
1 10 2
155 143
1 11 2
61 556
1 8 2
173 452
1 7 2
7 332
1 5 2
395 501
1 11 2
664 223
1 10 2
251 250
1 6 2
240 128
1 10 2
251 468
1 4 2
461 224
1 9 2
674 645
1 8 2
633 93
1 10 2
667 113
1 14 2
522 162
1 14 2
147 663
1 15 2
549 27
1 5 2
294 441
1 9 2
105 489
1 7 2
518 166
1 13 2
96 41
1 6 2
88 36
1 3 2
485 7
1 5 2
602 329
1 9 2
38 512
1 4 2
410 528
1 5 2
319 8
1 13 2
18 395
1 9 2
76 563
1 11 2
148 213
1 4 2
194 368
1 14 2
699 575
1 8 2
361 69
1 15 2
677 291
1 10 2
1 624
1 4 2
427 261
1 14 2
506 44
1 3 2
76 206
1 5 2
32 423
1 10 2
374 649
1 11 2
468 284
1 4 2
542 111
1 10 2
296 598
1 15 2
189 300
1 12 2
433 330
1 5 2
356 687
1 13 2
125 362
1 7 2
280 563
1 5 2
258 75
1 3 2
683 367
1 8 2
284 337
1 5 2
443 205
1 7 2
157 208
1 15 2
681 662
1 2 2
492 643
1 13 2
576 531
1 10 2
342 621
1 5 2
649 546
1 13 2
563 78
1 3 2
647 529
1 15 2
78 306
1 9 2
606 488
1 13 2
676 664
1 5 2
357 71
1 5 2
221 138
1 15 2
74 677
1 13 2
379 606
1 10 2
109 93
1 8 2
10 130
1 7 2
194 587
1 11 2
608 352
1 7 2
226 69
1 4 2
634 447
1 9 2
676 102
1 4 2
695 90
1 7 2
250 359
1 9 2
430 345
1 15 2
526 571
1 4 2
457 358
1 9 2
412 232
1 11 2
33 427
1 6 2
230 125
1 14 2
372 502
1 9 2
644 40
1 3 2
268 576
1 3 2
284 547
1 12 2
271 445
1 8 2
2 538
1 5 2
426 535
1 11 2
430 478
1 12 2
503 439
1 12 2
183 697
1 12 2
336 88
1 6 2
175 652
1 6 2
644 540
1 14 2
484 483
1 9 2
586 531
1 7 2
405 144
1 8 2
604 214
1 5 2
7 418
1 13 2
157 156
1 2 2
410 279
1 2 2
655 182
1 15 2
366 340
1 3 2
152 637
1 11 2
629 645
1 5 2
54 114
1 5 2
630 459
1 4 2
628 554
1 9 2
625 661
1 4 2
605 533
1 11 2
273 475
1 12 2
247 496
1 14 2
218 369
1 7 2
108 296
1 8 2
30 145
1 15 2
585 599
1 13 2
177 78
1 13 2
492 418
1 7 2
627 421
1 15 2
222 646
1 6 2
649 437
1 9 2
398 231
1 14 2
191 173
1 7 2
341 454
1 6 2
646 567
1 8 2
250 247
1 10 2
514 227
1 6 2
4 644
1 2 2
274 297
1 5 2
43 344
1 4 2
255 129
1 7 2
449 7
1 8 2
674 27
1 11 2
18 662
1 6 2
683 429
1 5 2
336 697
1 8 2
587 43
1 11 2
396 279
1 15 2
641 202
1 10 2
214 196
1 4 2
490 462
1 10 2
2 492
1 9 2
127 25
1 10 2
673 121
1 13 2
578 67
1 7 2
228 595
1 6 2
692 358
1 2 2
143 626
1 4 2
695 128
1 15 2
159 508
1 5 2
166 176
1 10 2
390 249
1 15 2
85 201
1 3 2
611 616
1 15 2
74 207
1 8 2
93 460
1 13 2
72 49
1 11 2
486 115
1 3 2
578 165
1 15 2
431 650
1 7 2
620 329
1 2 2
294 144
1 12 2
252 610
1 9 2
162 178
1 6 2
42 48
1 8 2
178 525
1 9 2
31 549
1 6 2
433 355
1 13 2
627 580
1 13 2
583 516
1 2 2
533 241
1 10 2
568 572
1 10 2
223 582
1 10 2
430 63
1 11 2
387 498
1 14 2
645 54
1 6 2
581 391
1 2 2
637 442
1 8 2
240 520
1 3 2
686 688
1 7 2
650 649
1 4 2
56 151
1 8 2
444 528
1 13 2
139 325
1 12 2
498 220
1 7 2
496 617
1 7 2
271 699
1 9 2
272 643
1 8 2
253 627
1 11 2
683 462
1 13 2
475 141
1 6 2
336 19
1 7 2
93 275
1 7 2
357 322
1 5 2
491 698
1 3 2
98 642
1 11 2
569 202
1 7 2
79 313
1 8 2
467 289
1 6 2
661 285
1 7 2
631 324
1 12 2
597 126
1 9 2
528 469
1 9 2
351 634
1 15 2
613 331
1 11 2
29 546
1 10 2
194 154
1 13 2
93 332
1 10 2
668 114
1 4 2
485 113
1 14 2
535 207
1 9 2
333 656
1 5 2
123 324
1 14 2
483 576
1 8 2
591 261
1 7 2
100 310
1 12 2
639 667
1 15 2
310 327
1 14 2
120 84
1 11 2
411 553
1 15 2
190 494
1 3 2
530 611
1 10 2
564 24
1 12 2
649 560
1 11 2
89 313
1 3 2
255 178
1 5 2
340 79
1 12 2
9 68
1 14 2
538 467
1 5 2
517 133
1 12 2
562 377
1 10 2
201 120
1 2 2
645 261
1 15 2
143 543
1 9 2
574 392
1 6 2
578 458
1 6 2
540 122
1 6 2
446 582
1 8 2
189 196
1 8 2
559 265
1 14 2
624 453
1 11 2
570 478
1 7 2
155 688
1 15 2
370 511
1 13 2
163 476
1 2 2
327 314
1 15 2
404 286
1 2 2
250 612
1 8 2
444 495
1 13 2
174 490
1 13 2
576 574
1 7 2
374 221
1 4 2
583 555
1 8 2
230 38
1 7 2
248 142
1 4 2
588 535
1 14 2
146 637
1 7 2
67 331
1 12 2
692 549
1 12 2
440 623
1 13 2
118 648
1 5 2
166 559
1 8 2
616 18
1 15 2
143 606
1 10 2
500 122
1 7 2
469 226
1 15 2
437 601
1 2 2
566 258
1 14 2
547 501
1 14 2
477 563
1 7 2
88 535
1 6 2
232 633
1 4 2
257 235
1 2 2
358 326
1 3 2
614 425
1 8 2
622 222
1 12 2
575 367
1 7 2
294 206
1 9 2
102 198
1 2 2
536 637
1 9 2
307 51
1 9 2
99 201
1 12 2
628 134
1 11 2
97 629
1 10 2
530 536
1 5 2
596 68
1 9 2
199 234
1 7 2
524 350
1 7 2
476 494
1 5 2
355 294
1 13 2
317 434
1 4 2
295 163
1 6 2
7 655
1 2 2
6 115
1 7 2
178 583
1 8 2
358 695
1 13 2
226 213
1 13 2
662 294
1 13 2
445 455
1 11 2
227 575
1 11 2
407 424
1 9 2
443 164
1 13 2
265 547
1 4 2
15 687
1 7 2
577 88
1 11 2
44 4
1 7 2
138 683
1 15 2
369 610
1 14 2
378 594
1 6 2
1 470
1 11 2
81 77
1 14 2
461 348
1 10 2
576 628
1 3 2
276 677
1 10 2
260 503
1 10 2
183 443
1 8 2
475 415
1 14 2
113 135
1 12 2
604 441
1 13 2
308 579
1 10 2
28 589
1 11 2
695 332
1 4 2
663 354
1 7 2
385 67
1 5 2
40 90
1 3 2
42 55
1 11 2
425 666
1 3 2
42 494
1 15 2
113 96
1 12 2
624 145
1 5 2
23 318
1 9 2
263 422
1 2 2
267 643
1 5 2
354 124
1 9 2
162 12
1 14 2
621 464
1 2 2
478 371
1 12 2
402 329
1 3 2
599 637
1 11 2
338 43
1 5 2
661 169
1 15 2
568 490
1 5 2
654 76
1 10 2
613 470
1 4 2
543 391
1 11 2
455 323
1 8 2
157 516
1 11 2
154 341
1 14 2
81 204
1 10 2
188 293
1 12 2
423 544
1 14 2
203 271
1 14 2
319 13
1 9 2
641 348
1 11 2
480 434
1 7 2
330 218
1 7 2
343 150
1 6 2
363 8
1 14 2
239 30
1 4 2
184 262
1 8 2
104 494
1 6 2
272 267
1 8 2
408 114
1 10 2
171 361
1 9 2
70 579
1 14 2
9 37
1 6 2
177 559
1 5 2
259 474
1 14 2
434 617
1 3 2
515 631
1 10 2
69 528
1 12 2
133 399
1 2 2
286 484
1 7 2
581 422
1 9 2
365 631
1 15 2
362 587
1 14 2
620 103
1 15 2
152 459
1 2 2
39 652
1 6 2
73 342
1 7 2
264 581
1 11 2
90 418
1 6 2
690 229
1 14 2
517 255
1 13 2
78 616
1 6 2
193 444
1 7 2
302 325
1 9 2
287 110
1 9 2
106 72
1 13 2
366 427
1 7 2
74 477
1 8 2
474 200
1 6 2
460 45
1 12 2
407 138
1 2 2
133 599
1 9 2
85 339
1 5 2
540 160
1 7 2
633 409
1 2 2
151 455
1 11 2
622 563
1 12 2
10 628
1 9 2
582 8
1 11 2
658 11
1 15 2
615 66
1 15 2
533 628
1 8 2
688 10
1 11 2
225 138
1 12 2
424 227
1 4 2
650 39
1 11 2
157 202
1 7 2
509 330
1 7 2
258 692
1 4 2
152 416
1 10 2
71 335
1 4 2
259 121
1 3 2
147 149
1 3 2
572 12
1 10 2
642 40
1 14 2
56 531
1 15 2
164 73
1 11 2
69 352
1 13 2
504 53
1 14 2
197 432
1 11 2
170 673
1 14 2
609 262
1 11 2
403 528
1 15 2
85 239
1 15 2
639 32
1 5 2
578 644
1 10 2
156 399
1 8 2
127 91
1 10 2
254 576
1 7 2
136 16
1 12 2
416 128
1 10 2
4 436
1 15 2
145 194
1 3 2
12 615
1 8 2
248 125
1 8 2
157 474
1 8 2
184 37
1 11 2
170 231
1 6 2
160 157
1 7 2
111 103
1 7 2
550 169
1 2 2
561 142
1 9 2
358 647
1 9 2
672 630
1 3 2
452 514
1 4 2
386 51
1 4 2
679 108
1 14 2
90 228
1 3 2
665 198
1 7 2
269 64
1 13 2
172 449
1 15 2
306 10
1 12 2
174 468
1 3 2
179 84
1 12 2
244 145
1 2 2
80 511
1 11 2
676 230
1 8 2
17 375
1 10 2
226 102
1 13 2
355 650
1 7 2
52 497
1 9 2
671 187
1 11 2
626 692
1 9 2
514 603
1 13 2
494 594
1 11 2
275 231
1 2 2
478 584
1 13 2
169 17
1 6 2
452 94
1 12 2
439 140
1 8 2
43 16
1 7 2
164 529
1 5 2
328 22
1 10 2
414 71
1 9 2
518 358
1 5 2
419 248
1 8 2
173 290
1 12 2
467 502
1 10 2
378 334
1 13 2
533 96
1 3 2
664 56
1 6 2
546 247
1 9 2
637 671
1 4 2
376 672
1 2 2
547 250
1 3 2
88 91
1 15 2
594 528
1 7 2
346 23
1 13 2
507 627
1 11 2
3 51
1 3 2
316 518
1 10 2
304 607
1 14 2
118 71
1 9 2
150 123
1 7 2
77 539
1 7 2
516 551
1 6 2
81 49
1 5 2
295 444
1 7 2
368 332
1 14 2
391 640
1 7 2
49 361
1 8 2
83 287
1 7 2
76 315
1 11 2
393 246
1 11 2
138 678
1 11 2
155 78
1 15 2
560 535
1 14 2
359 141
1 7 2
327 84
1 4 2
411 118
1 3 2
133 578
1 3 2
243 555
1 7 2
534 287
1 15 2
218 361
1 7 2
91 561
1 6 2
395 557
1 7 2
364 234
1 9 2
412 204
1 5 2
612 665
1 15 2
698 267
1 4 2
18 502
1 4 2
97 492
1 11 2
564 342
1 3 2
17 521
1 9 2
389 511
1 4 2
137 453
1 2 2
196 214
1 11 2
590 495
1 3 2
547 271
1 2 2
589 84
1 6 2
282 94
1 5 2
467 453
1 4 2
524 491
1 10 2
648 111
1 7 2
406 660
1 9 2
178 654
1 10 2
244 506
1 10 2
347 599
1 2 2
240 512
1 12 2
170 627
1 3 2
333 12
1 7 2
342 189
1 7 2
509 35
1 5 2
3 404
1 9 2
447 189
1 3 2
527 97
1 8 2
146 34
1 2 2
338 130
1 12 2
299 341
1 6 2
488 201
1 3 2
122 500
1 5 2
424 270
1 5 2
622 181
1 12 2
594 367
1 12 2
359 203
1 10 2
560 200
1 3 2
581 63
1 14 2
228 167
1 5 2
635 512
1 12 2
39 566
1 4 2
481 318
1 6 2
598 302
1 13 2
244 545
1 13 2
303 479
1 14 2
229 336
1 12 2
181 527
1 2 2
607 467
1 13 2
576 58
1 5 2
397 246
1 5 2
653 551
1 5 2
412 321
1 2 2
204 575
1 15 2
598 370
1 12 2
272 543
1 2 2
506 692
1 10 2
191 131
1 6 2
43 505
1 7 2
303 212
1 6 2
691 389
1 3 2
556 676
1 3 2
669 56
1 8 2
486 591
1 4 2
159 450
1 14 2
197 386
1 3 2
572 70
1 12 2
358 614
1 2 2
319 459
1 5 2
394 363
1 6 2
482 247
1 9 2
517 497
1 4 2
387 640
1 15 2
559 311
1 9 2
319 206
1 8 2
626 496
1 6 2
488 163
1 5 2
508 648
1 3 2
60 165
1 7 2
586 18
1 12 2
493 576
1 5 2
220 475
1 8 2
155 472
1 9 2
286 598
1 15 2
228 84
1 7 2
592 362
1 11 2
246 20
1 2 2
583 275
1 13 2
426 366
1 14 2
507 654
1 15 2
409 528
1 4 2
267 645
1 11 2
146 334
1 13 2
694 698
1 4 2
581 370
1 5 2
118 109
1 15 2
195 366
1 6 2
185 58
1 12 2
162 393
1 5 2
395 257
1 9 2
570 334
1 4 2
408 327
1 15 2
493 456
1 6 2
242 163
1 6 2
126 239
1 15 2
432 496
1 8 2
124 697
1 5 2
313 304
1 6 2
696 519
1 10 2
289 384
1 6 2
564 56
1 10 2
672 387
1 2 2
516 113
1 12 2
371 599
1 2 2
264 462
1 6 2
109 178
1 13 2
183 424
1 8 2
679 359
1 7 2
288 228
1 6 2
65 321
1 15 2
517 511
1 7 2
568 294
1 5 2
443 601
1 5 2
345 155
1 4 2
395 624
1 8 2
313 46
1 10 2
590 479
1 7 2
394 67
1 2 2
391 60
1 6 2
106 514
1 3 2
608 250
1 6 2
376 94
1 3 2
615 614
1 2 2
468 85
1 4 2
22 16
1 3 2
124 165
1 4 2
559 147
1 6 2
186 335
1 12 2
663 396
1 14 2
31 268
1 11 2
580 642
1 2 2
541 697
1 6 2
101 66
1 14 2
229 212
1 2 2
584 53
1 9 2
459 182
1 2 2
355 379
1 10 2
437 163
1 9 2
227 654
1 12 2
8 638
1 10 2
345 253
1 7 2
143 408
1 6 2
426 660
1 2 2
300 545
1 13 2
388 349
1 2 2
418 333
1 5 2
425 320
1 15 2
52 198
1 12 2
122 7
1 10 2
346 79
1 11 2
153 179
1 8 2
495 478
1 4 2
217 629
1 13 2
140 110
1 7 2
201 24
1 15 2
549 303
1 8 2
280 498
1 10 2
25 591
1 6 2
525 303
1 12 2
600 219
1 8 2
54 451
1 4 2
307 565
1 3 2
581 322
1 4 2
552 63
1 6 2
377 97
1 7 2
393 413
1 3 2
415 683
1 7 2
191 679
1 6 2
196 117
1 14 2
635 73
1 12 2
23 471
1 4 2
458 446
1 15 2
324 7
1 8 2
594 63
1 9 2
68 595
1 10 2
48 603
1 9 2
390 280
1 11 2
59 141
1 8 2
347 623
1 14 2
684 274
1 15 2
270 613
1 4 2
36 206
1 3 2
253 5
1 3 2
404 635
1 3 2
578 218
1 4 2
53 406
1 14 2
339 696
1 14 2
312 599
1 3 2
552 436
1 6 2
49 398
1 3 2
579 460
1 8 2
369 488
1 5 2
675 213
1 13 2
211 163
1 7 2
225 29
1 2 2
5 461
1 15 2
587 514
1 5 2
534 130
1 7 2
390 596
1 3 2
114 608
1 7 2
535 558
1 10 2
121 250
1 3 2
576 430
1 9 2
417 175
1 5 2
199 610
1 4 2
513 191
1 13 2
471 495
1 4 2
441 316
1 10 2
354 400
1 15 2
240 139
1 3 2
398 17
1 3 2
692 276
1 9 2
86 444
1 11 2
397 537
1 8 2
528 491
1 10 2
682 176
1 9 2
37 183
1 10 2
387 404
1 5 2
616 305
1 7 2
354 328
1 5 2
60 187
1 3 2
547 3
1 6 2
618 87
1 3 2
645 516
1 9 2
112 54
1 9 2
124 605
1 10 2
384 401
1 4 2
72 662
1 9 2
112 495
1 8 2
50 96
1 9 2
23 687
1 5 2
71 370
1 11 2
148 349
1 7 2
606 145
1 15 2
119 416
1 3 2
193 214
1 14 2
290 639
1 6 2
415 158
1 2 2
81 670
1 11 2
593 362
1 3 2
577 556
1 6 2
330 253
1 8 2
98 625
1 13 2
142 234
1 8 2
89 52
1 3 2
5 614
1 5 2
99 333
1 7 2
249 331
1 8 2
378 579
1 8 2
166 12
1 2 2
136 336
1 11 2
521 323
1 10 2
545 469
1 5 2
609 463
1 3 2
276 674
1 8 2
150 322
1 5 2
442 60
1 11 2
108 578
1 9 2
166 258
1 5 2
41 694
1 10 2
513 372
1 9 2
657 487
1 13 2
178 457
1 4 2
449 266
1 9 2
406 494
1 7 2
23 520
1 14 2
551 199
1 5 2
602 686
1 2 2
352 300
1 3 2
556 25
1 5 2
87 590
1 6 2
165 79
1 2 2
634 639
1 15 2
697 505
1 4 2
281 409
1 14 2
698 166
1 14 2
135 139
1 13 2
133 570
1 8 2
329 239
1 6 2
479 506
1 11 2
617 71
1 6 2
114 352
1 12 2
9 250
1 6 2
42 668
1 15 2
356 240
1 5 2
265 225
1 15 2
402 43
1 15 2
195 54
1 3 2
373 235
1 5 2
506 298
1 5 2
74 529
1 11 2
550 681
1 7 2
141 343
1 14 2
14 576
1 14 2
595 624
1 13 2
106 533
1 8 2
230 332
1 2 2
136 464
1 3 2
415 20
1 6 2
265 287
1 5 2
14 509
1 8 2
416 85
1 9 2
355 283
1 8 2
192 440
1 9 2
3 364
1 12 2
293 339
1 14 2
487 325
1 2 2
328 640
1 15 2
61 588
1 7 2
147 237
1 6 2
176 229
1 15 2
247 92
1 7 2
339 660
1 8 2
424 409
1 12 2
692 120
1 6 2
440 209
1 7 2
619 62
1 10 2
509 622
1 15 2
524 252
1 6 2
63 464
1 6 2
267 178
1 10 2
481 284
1 2 2
498 281
1 3 2
217 147
1 9 2
65 290
1 8 2
363 556
1 8 2
229 413
1 12 2
155 325
1 6 2
368 259
1 13 2
28 242
1 5 2
504 619
1 4 2
13 260
1 15 2
191 451
1 10 2
631 163
1 7 2
53 455
1 6 2
219 625
1 11 2
409 429
1 9 2
216 454
1 3 2
83 378
1 9 2
309 484
1 13 2
338 523
1 12 2
355 208
1 7 2
454 386
1 11 2
412 503
1 10 2
409 447
1 12 2
305 380
1 9 2
491 479
1 13 2
289 663
1 2 2
506 600
1 5 2
572 262
1 4 2
119 540
1 10 2
193 298
1 6 2
520 55
1 12 2
144 269
1 7 2
278 282
1 8 2
329 143
1 14 2
180 619
1 13 2
653 532
1 3 2
507 25
1 10 2
158 625
1 11 2
236 585
1 2 2
611 396
1 12 2
366 536
1 6 2
309 604
1 15 2
361 79
1 2 2
31 281
1 12 2
278 330
1 11 2
230 298
1 12 2
252 535
1 2 2
482 503
1 11 2
677 643
1 13 2
70 350
1 14 2
219 201
1 13 2
237 259
1 12 2
485 245
1 6 2
57 589
1 10 2
184 282
1 14 2
583 127
1 14 2
632 436
1 9 2
663 293
1 4 2
27 466
1 2 2
579 392
1 9 2
434 278
1 11 2
560 688
1 11 2
485 136
1 9 2
564 251
1 15 2
362 267
1 5 2
80 288
1 2 2
616 672
1 5 2
535 19
1 14 2
687 182
1 12 2
37 309
1 6 2
378 585
1 3 2
418 181
1 4 2
47 278
1 15 2
297 499
1 7 2
538 299
1 4 2
689 319
1 13 2
457 249
1 3 2
286 42
1 2 2
196 153
1 11 2
379 326
1 12 2
315 230
1 14 2
497 355
1 10 2
60 80
1 7 2
647 114
1 7 2
645 277
1 3 2
491 2
1 5 2
216 100
1 2 2
424 464
1 5 2
318 66
1 5 2
290 664
1 11 2
22 438
1 4 2
655 491
1 10 2
60 680
1 15 2
121 210
1 2 2
214 92
1 13 2
401 406
1 4 2
476 588
1 11 2
348 304
1 11 2
597 118
1 2 2
15 10
1 2 2
568 169
1 12 2
176 77
1 2 2
498 451
1 11 2
255 107
1 9 2
224 42
1 15 2
341 0
1 13 2
233 49
1 6 2
191 45
1 15 2
562 116
1 13 2
668 437
1 9 2
209 194
1 7 2
75 252
1 8 2
235 643
1 15 2
593 126
1 12 2
69 133
1 15 2
533 367
1 12 2
697 471
1 11 2
394 552
1 7 2
255 409
1 3 2
463 322
1 15 2
536 342
1 12 2
47 661
1 14 2
71 413
1 8 2
327 422
1 3 2
110 427
1 7 2
471 374
1 15 2
519 392
1 14 2
26 69
1 4 2
391 210
1 6 2
180 643
1 15 2
163 223
1 12 2
419 142
1 3 2
577 227
1 9 2
656 271
1 4 2
436 18
1 12 2
672 572
1 14 2
282 227
1 7 2
644 105
1 12 2
477 15
1 13 2
643 412
1 4 2
171 475
1 14 2
443 189
1 2 2
29 111
1 4 2
580 601
1 12 2
302 4
1 3 2
437 597
1 14 2
396 407
1 8 2
537 510
1 13 2
563 637
1 6 2
125 548
1 3 2
428 628
1 14 2
457 87
1 15 2
629 173
1 14 2
622 158
1 10 2
472 497
1 7 2
311 629
1 5 2
397 389
1 5 2
3 433
1 3 2
288 183
1 10 2
587 572
1 7 2
434 484
1 3 2
562 580
1 10 2
155 71
1 2 2
8 250
1 9 2
118 196
1 7 2
15 257
1 13 2
305 684
1 6 2
624 9
1 7 2
125 618
1 15 2
661 502
1 10 2
178 415
1 6 2
138 626
1 9 2
562 518
1 3 2
393 558
1 13 2
662 434
1 9 2
564 630
1 15 2
645 223
1 5 2
278 483
1 2 2
16 521
1 7 2
452 602
1 6 2
257 255
1 9 2
619 30
1 6 2
135 365
1 3 2
544 484
1 2 2
321 21
1 2 2
236 117
1 6 2
641 456
1 9 2
535 632
1 11 2
624 647
1 10 2
423 74
1 6 2
151 228
1 15 2
150 262
1 14 2
128 159
1 11 2
488 315
1 7 2
534 144
1 15 2
27 235
1 3 2
138 449
1 4 2
47 312
1 5 2
503 62
1 4 2
138 539
1 9 2
175 660
1 8 2
524 102
1 12 2
26 17
1 7 2
292 204
1 4 2
402 541
1 5 2
188 40
1 4 2
603 537
1 13 2
124 514
1 14 2
444 417
1 7 2
445 357
1 6 2
67 488
1 6 2
264 216
1 13 2
39 699
1 15 2
631 337
1 7 2
248 529
1 10 2
316 298
1 10 2
213 569
1 9 2
182 534
1 15 2
49 612
1 6 2
467 668
1 5 2
214 596
1 2 2
110 539
1 12 2
475 77
1 2 2
394 126
1 8 2
463 432
1 9 2
193 682
1 3 2
494 428
1 4 2
486 331
1 11 2
438 596
1 6 2
439 578
1 2 2
621 649
1 6 2
321 95
1 8 2
79 56
1 3 2
226 507
1 2 2
358 382
1 8 2
386 279
1 9 2
368 69
1 8 2
64 37
1 9 2
606 504
1 12 2
178 121
1 13 2
131 311
1 15 2
35 683
1 13 2
618 605
1 4 2
486 599
1 12 2
2 319
1 14 2
17 663
1 13 2
581 88
1 3 2
424 373
1 6 2
90 514
1 12 2
480 591
1 7 2
340 124
1 4 2
696 534
1 9 2
577 287
1 12 2
538 395
1 9 2
190 667
1 9 2
463 369
1 6 2
437 127
1 6 2
673 110
1 3 2
694 281
1 12 2
145 592
1 8 2
83 572
1 3 2
558 188
1 6 2
351 43
1 2 2
635 420
1 11 2
633 170
1 3 2
149 353
1 9 2
271 13
1 5 2
297 503
1 10 2
252 418
1 9 2
142 52
1 8 2
185 174
1 11 2
351 259
1 9 2
353 88
1 6 2
36 429
1 7 2
113 294
1 6 2
619 491
1 6 2
418 278
1 2 2
686 125
1 2 2
696 469
1 9 2
122 647
1 3 2
534 301
1 5 2
507 481
1 9 2
219 354
1 9 2
35 172
1 15 2
156 176
1 14 2
82 172
1 13 2
666 435
1 15 2
8 641
1 12 2
349 395
1 12 2
377 90
1 3 2
108 506
1 2 2
458 586
1 2 2
547 409
1 7 2
536 142
1 7 2
459 685
1 2 2
213 528
1 5 2
259 111
1 7 2
113 294
1 5 2
503 68
1 5 2
57 33
1 5 2
440 8
1 6 2
602 217
1 15 2
35 377
1 10 2
327 529
1 6 2
281 21
1 3 2
50 302
1 3 2
697 573
1 6 2
92 374
1 13 2
35 334
1 2 2
134 168
1 6 2
241 652
1 3 2
578 33
1 14 2
281 632
1 10 2
495 496
1 4 2
340 437
1 6 2
340 552
1 8 2
309 127
1 15 2
85 375
1 2 2
656 473
1 4 2
466 296
1 4 2
649 412
1 2 2
209 456
1 7 2
224 133
1 2 2
149 206
1 8 2
228 229
1 10 2
61 154
1 2 2
576 485
1 10 2
565 216
1 5 2
382 496
1 13 2
33 477
1 11 2
154 689
1 8 2
222 27
1 8 2
332 456
1 10 2
169 392
1 5 2
451 477
1 5 2
337 459
1 7 2
309 647
1 5 2
130 128
1 13 2
494 515
1 3 2
98 596
1 9 2
557 364
1 13 2
507 427
1 12 2
636 83
1 2 2
341 690
1 2 2
348 367
1 2 2
21 74
1 14 2
0 622
1 9 2
667 672
1 12 2
43 476
1 6 2
387 287
1 5 2
250 239
1 5 2
117 503
1 12 2
42 525
1 2 2
369 182
1 7 2
647 167
1 9 2
26 577
1 4 2
501 679
1 14 2
166 668
1 3 2
111 366
1 12 2
532 226
1 8 2
690 191
1 6 2
217 414
1 15 2
320 555
1 9 2
518 328
1 14 2
21 491
1 13 2
312 218
1 8 2
82 78
1 7 2
661 504
1 8 2
86 294
1 7 2
13 354
1 3 2
392 432
1 14 2
278 25
1 6 2
359 607
1 9 2
188 558
1 11 2
152 572
1 13 2
224 83
1 15 2
71 496
1 14 2
89 57
1 10 2
667 253
1 15 2
592 685
1 2 2
595 434
1 6 2
646 130
1 10 2
456 698
1 5 2
583 598
1 4 2
548 175
1 11 2
255 46
1 6 2
167 665
1 8 2
444 79
1 4 2
611 576
1 8 2
410 685
1 6 2
29 309
1 3 2
219 233
1 12 2
141 457
1 15 2
105 533
1 10 2
396 322
1 7 2
6 39
1 9 2
233 118
1 3 2
216 394
1 12 2
413 47
1 6 2
236 676
1 14 2
603 480
1 13 2
616 149
1 14 2
456 341
1 3 2
44 437
1 15 2
316 434
1 15 2
92 347
1 9 2
510 380
1 3 2
345 58
1 5 2
677 629
1 15 2
530 587
1 9 2
421 178
1 14 2
653 281
1 4 2
142 327
1 9 2
332 304
1 2 2
225 378
1 7 2
374 624
1 15 2
74 151
1 5 2
95 477
1 10 2
240 177
1 12 2
106 228
1 9 2
450 653
1 2 2
250 423
1 7 2
250 33
1 13 2
569 34
1 7 2
136 452
1 12 2
255 125
1 10 2
657 399
1 9 2
496 421
1 3 2
596 450
1 15 2
445 624
1 2 2
67 126
1 12 2
440 58
1 7 2
462 165
1 2 2
85 211
1 10 2
662 468
1 14 2
156 165
1 14 2
603 137
1 5 2
673 193
1 10 2
218 538
1 8 2
441 485
1 14 2
540 530
1 14 2
630 115
1 13 2
468 305
1 15 2
116 71
1 15 2
101 544
1 7 2
482 287
1 5 2
29 586
1 10 2
480 283
1 4 2
213 698
1 4 2
139 368
1 13 2
535 329
1 11 2
475 479
1 8 2
589 576
1 15 2
566 216
1 7 2
374 423
1 11 2
173 107
1 4 2
332 73
1 3 2
29 547
1 9 2
637 575
1 4 2
29 334
1 10 2
656 46
1 9 2
460 75
1 8 2
565 180
1 12 2
640 9
1 4 2
276 617
1 6 2
488 603
1 15 2
535 62
1 2 2
251 188
1 7 2
542 699
1 13 2
261 338
1 14 2
341 110
1 11 2
586 69
1 3 2
55 252
1 10 2
446 323
1 6 2
45 577
1 7 2
530 373
1 14 2
223 612
1 12 2
433 503
1 2 2
587 641
1 2 2
180 338
1 12 2
37 30
1 12 2
218 89
1 2 2
379 275
1 9 2
62 176
1 13 2
11 298
1 14 2
534 530
1 7 2
259 274
1 9 2
187 120
1 5 2
672 312
1 10 2
610 27
1 4 2
5 385
1 6 2
243 338
1 12 2
654 539
1 4 2
32 657
1 10 2
125 176
1 2 2
288 28
1 10 2
272 431
1 11 2
21 365
1 14 2
602 330
1 13 2
666 153
1 10 2
422 542
1 8 2
597 655
1 12 2
41 536
1 13 2
228 254
1 10 2
36 65
1 3 2
579 589
1 14 2
539 460
1 2 2
656 399
1 8 2
310 601
1 10 2
629 295
1 7 2
283 474
1 6 2
117 82
1 10 2
54 201
1 5 2
138 302
1 7 2
372 36
1 13 2
404 153
1 3 2
298 108
1 5 2
75 665
1 13 2
434 672
1 13 2
99 260
1 8 2
648 653
1 10 2
270 97
1 13 2
484 411
1 11 2
345 12
1 12 2
427 43
1 6 2
183 445
1 15 2
614 416
1 6 2
533 168
1 15 2
345 508
1 11 2
24 251
1 12 2
421 180
1 10 2
677 20
1 4 2
105 414
1 11 2
287 72
1 15 2
576 658
1 7 2
189 568
1 2 2
27 548
1 15 2
355 662
1 8 2
304 504
1 11 2
415 591
1 14 2
477 96
1 6 2
47 456
1 3 2
192 657
1 2 2
199 489
1 10 2
35 125
1 14 2
66 138
1 8 2
271 352
1 7 2
158 420
1 10 2
4 461
1 11 2
536 121
1 7 2
143 437
1 9 2
659 419
1 6 2
119 698
1 4 2
8 299
1 11 2
70 546
1 13 2
158 42
1 9 2
575 491
1 6 2
113 342
1 5 2
152 570
1 10 2
52 448
1 7 2
506 204
1 10 2
480 592
1 7 2
617 221
1 15 2
191 21
1 13 2
66 408
1 14 2
586 29
1 2 2
6 483
1 12 2
526 228
1 3 2
120 284
1 4 2
692 680
1 3 2
248 482
1 7 2
680 45
1 8 2
649 195
1 4 2
144 498
1 10 2
548 378
1 11 2
251 47
1 14 2
639 67
1 5 2
410 339
1 15 2
517 271
1 14 2
52 450
1 6 2
178 236
1 12 2
29 68
1 5 2
91 85
1 10 2
283 385
1 9 2
243 350
1 10 2
209 320
1 14 2
175 398
1 3 2
624 634
1 5 2
136 547
1 5 2
426 25
1 9 2
102 276
1 4 2
452 274
1 4 2
401 652
1 5 2
296 92
1 11 2
147 261
1 4 2
627 208
1 10 2
684 529
1 6 2
541 285
1 14 2
505 298
1 9 2
428 298
1 2 2
118 604
1 6 2
19 614
1 12 2
524 592
1 2 2
99 74
1 7 2
260 462
1 4 2
134 496
1 14 2
84 464
1 11 2
122 342
1 13 2
109 105
1 11 2
666 653
1 12 2
100 396
1 14 2
285 200
1 6 2
222 296
1 2 2
151 42
1 6 2
354 389
1 15 2
630 76
1 10 2
0 82
1 10 2
200 560
1 6 2
498 149
1 10 2
184 10
1 12 2
325 274
1 14 2
78 665
1 4 2
397 218
1 13 2
656 498
1 9 2
474 146
1 8 2
511 12
1 8 2
153 381
1 11 2
105 272
1 9 2
123 518
1 9 2
157 502
1 9 2
358 38
1 6 2
359 248
1 15 2
623 261
1 13 2
668 40
1 2 2
525 486
1 5 2
626 657
1 10 2
255 644
1 6 2
206 567
1 5 2
304 595
1 7 2
58 459
1 9 2
617 695
1 10 2
263 319
1 6 2
66 653
1 14 2
583 683
1 6 2
687 453
1 15 2
484 518
1 4 2
41 530
1 3 2
145 520
1 13 2
143 542
1 10 2
410 28
1 7 2
431 598
1 9 2
398 288
1 12 2
6 374
1 12 2
44 323
1 11 2
552 591
1 2 2
536 487
1 7 2
267 591
1 11 2
515 124
1 15 2
427 488
1 7 2
168 198
1 14 2
680 527
1 6 2
527 82
1 8 2
415 94
1 3 2
385 478
1 3 2
337 99
1 14 2
469 376
1 12 2
32 455
1 13 2
370 392
1 12 2
111 402
1 5 2
252 455
1 15 2
247 631
1 6 2
47 44
1 10 2
289 31
1 13 2
457 513
1 2 2
80 455
1 9 2
336 324
1 3 2
214 325
1 15 2
345 649
1 8 2
557 114
1 4 2
626 242
1 5 2
166 155
1 5 2
481 264
1 8 2
235 468
1 13 2
684 41
1 10 2
70 16
1 3 2
632 610
1 15 2
104 110
1 15 2
79 28
1 10 2
361 132
1 14 2
622 636
1 2 2
222 452
1 2 2
651 626
1 2 2
144 693
1 5 2
451 519
1 11 2
20 659
1 6 2
445 521
1 14 2
122 316
1 5 2
223 267
1 11 2
619 380
1 9 2
76 357
1 9 2
443 605
1 10 2
601 323
1 12 2
205 478
1 8 2
515 439
1 6 2
573 679
1 4 2
84 520
1 12 2
497 124
1 7 2
92 350
1 4 2
669 320
1 8 2
193 599
1 5 2
188 2
1 5 2
311 612
1 5 2
146 597
1 5 2
319 53
1 11 2
186 208
1 7 2
185 87
1 2 2
49 41
1 10 2
653 583
1 10 2
614 302
1 3 2
458 54
1 9 2
506 622
1 2 2
538 84
1 7 2
683 98
1 12 2
617 481
1 14 2
496 262
1 15 2
185 545
1 4 2
130 402
1 15 2
79 73
1 4 2
170 598
1 7 2
295 607
1 10 2
497 7
1 2 2
158 287
1 4 2
498 159
1 7 2
106 289
1 14 2
426 392
1 9 2
175 40
1 5 2
177 144
1 2 2
195 342
1 13 2
222 689
1 5 2
3 484
1 14 2
502 482
1 11 2
624 263
1 2 2
51 646
1 8 2
380 109
1 4 2
362 247
1 11 2
471 129
1 6 2
121 456
1 7 2
60 623
1 10 2
543 239
1 9 2
525 117
1 13 2
142 59
1 5 2
257 699
1 6 2
437 94
1 5 2
302 86
1 8 2
252 646
1 2 2
465 690
1 3 2
617 613
1 14 2
390 566
1 2 2
302 438
1 8 2
346 317
1 14 2
269 238
1 5 2
464 89
1 8 2
229 285
1 6 2
648 527
1 7 2
304 489
1 3 2
524 416
1 7 2
255 35
1 12 2
343 250
1 15 2
519 383
1 10 2
631 247
1 7 2
125 377
1 10 2
223 81
1 12 2
512 489
1 11 2
11 365
1 12 2
317 523
1 13 2
383 420
1 11 2
11 89
1 12 2
569 595
1 8 2
630 18
1 5 2
49 60
1 12 2
506 89
1 10 2
39 155
1 4 2
90 288
1 5 2
140 45
1 7 2
482 77
1 2 2
58 273
1 12 2
10 254
1 4 2
382 225
1 15 2
496 199
1 11 2
534 661
1 11 2
19 167
1 15 2
460 684
1 14 2
50 146
1 4 2
691 663
1 3 2
648 659
1 4 2
146 321
1 2 2
167 691
1 4 2
356 70
1 3 2
689 429
1 14 2
578 659
1 9 2
640 34
1 7 2
140 522
1 3 2
485 255
1 8 2
553 646
1 4 2
643 664
1 6 2
296 128
1 5 2
312 652
1 14 2
12 476
1 4 2
306 637
1 14 2
45 418
1 8 2
504 674
1 11 2
205 354
1 15 2
416 219
1 4 2
212 157
1 12 2
597 486
1 12 2
305 325
1 5 2
52 446
1 4 2
426 232
1 9 2
31 50
1 7 2
263 190
1 13 2
187 304
1 11 2
637 84
1 5 2
386 602
1 3 2
535 407
1 11 2
388 44
1 13 2
551 593
1 13 2
196 673
1 15 2
3 697
1 2 2
112 163
1 15 2
645 303
1 7 2
517 634
1 11 2
108 600
1 13 2
400 108
1 14 2
497 659
1 15 2
302 583
1 11 2
429 32
1 2 2
22 323
1 5 2
327 315
1 6 2
178 572
1 6 2
667 559
1 3 2
420 345
1 9 2
686 435
1 4 2
432 157
1 7 2
600 240
1 7 2
498 138
1 3 2
362 446
1 7 2
252 205
1 7 2
434 66
1 2 2
62 191
1 2 2
604 68
1 10 2
33 276
1 11 2
526 698
1 9 2
411 573
1 14 2
110 294
1 10 2
344 238
1 10 2
546 0
1 4 2
83 89
1 10 2
342 551
1 13 2
44 580
1 3 2
224 626
1 5 2
99 114
1 15 2
118 532
1 15 2
248 347
1 5 2
72 557
1 6 2
281 651
1 2 2
536 639
1 5 2
404 521
1 4 2
656 609
1 5 2
414 364
1 12 2
687 661
1 4 2
175 196
1 9 2
633 153
1 7 2
664 682
1 13 2
661 472
1 14 2
167 410
1 8 2
446 351
1 3 2
52 522
1 7 2
303 627
1 6 2
273 657
1 4 2
42 606
1 9 2
221 394
1 12 2
424 625
1 12 2
583 515
1 6 2
59 397
1 15 2
404 690
1 7 2
191 515
1 11 2
672 509
1 5 2
262 112
1 9 2
25 20
1 8 2
684 66
1 5 2
491 97
1 3 2
229 67
1 5 2
60 455
1 7 2
139 314
1 8 2
341 104
1 6 2
80 465
1 13 2
466 373
1 5 2
226 588
1 7 2
149 137
1 15 2
522 166
1 2 2
410 93
1 11 2
258 415
1 15 2
602 258
1 14 2
569 305
1 5 2
198 71
1 3 2
557 375
1 13 2
39 231
1 3 2
423 415
1 9 2
411 690
1 5 2
520 226
1 7 2
254 628
1 10 2
526 26
1 11 2
189 144
1 4 2
75 558
1 15 2
263 276
1 3 2
206 314
1 6 2
113 97
1 11 2
409 93
1 11 2
203 476
1 8 2
159 166
1 8 2
43 123
1 14 2
558 496
1 13 2
630 95
1 14 2
132 539
1 3 2
567 117
1 11 2
171 196
1 15 2
108 445
1 11 2
271 437
1 10 2
20 369
1 8 2
43 653
1 11 2
577 11
1 3 2
81 378
1 13 2
501 32
1 10 2
275 71
1 11 2
135 499
1 5 2
139 26
1 5 2
381 41
1 15 2
331 39
1 4 2
167 651
1 10 2
267 42
1 6 2
471 228
1 4 2
639 487
1 9 2
241 14
1 14 2
419 453
1 6 2
461 293
1 14 2
396 541
1 12 2
293 625
1 12 2
691 172
1 7 2
575 369
1 3 2
444 511
1 9 2
659 618
1 7 2
154 231
1 6 2
132 687
1 14 2
548 125
1 9 2
632 433
1 9 2
686 520
1 12 2
693 641
1 11 2
561 359
1 14 2
15 205
1 15 2
113 482
1 7 2
532 105
1 4 2
602 619
1 13 2
234 453
1 11 2
647 271
1 5 2
311 384
1 11 2
140 254
1 14 2
202 564
1 13 2
335 656
1 15 2
354 170
1 15 2
556 682
1 9 2
301 625
1 7 2
390 391
1 12 2
226 665
1 10 2
140 555
1 5 2
430 509
1 6 2
461 71
1 6 2
474 525
1 15 2
373 566
1 4 2
604 676
1 5 2
221 39
1 12 2
86 271
1 3 2
343 295
1 14 2
214 499
1 14 2
143 361
1 8 2
28 615
1 5 2
211 73
1 10 2
537 465
1 14 2
66 135
1 8 2
40 558
1 8 2
692 644
1 11 2
330 203
1 13 2
311 467
1 2 2
110 105
1 10 2
137 369
1 14 2
685 606
1 10 2
367 152
1 10 2
680 607
1 7 2
551 280
1 8 2
46 662
1 3 2
256 217
1 11 2
325 323
1 10 2
588 464
1 15 2
696 78
1 13 2
177 573
1 13 2
105 262
1 15 2
187 501
1 8 2
558 14
1 7 2
682 6
1 11 2
224 119
1 13 2
309 215
1 12 2
87 425
1 3 2
81 477
1 4 2
226 655
1 3 2
459 57
1 7 2
650 369
1 4 2
348 59
1 10 2
348 666
1 7 2
133 327
1 6 2
234 456
1 8 2
590 406
1 14 2
66 602
1 11 2
641 399
1 12 2
459 559
1 8 2
187 89
1 14 2
399 655
1 11 2
623 131
1 9 2
141 637
1 11 2
56 615
1 4 2
94 509
1 14 2
3 590
1 6 2
288 373
1 3 2
493 377
1 13 2
624 193
1 5 2
128 457
1 15 2
27 225
1 7 2
390 617
1 9 2
628 209
1 6 2
656 446
1 6 2
127 530
1 14 2
669 325
1 7 2
335 299
1 8 2
680 261
1 6 2
251 661
1 10 2
163 374
1 2 2
23 530
1 13 2
200 424
1 2 2
527 66
1 14 2
327 321
1 3 2
237 351
1 2 2
139 424
1 6 2
573 667
1 6 2
343 271
1 13 2
367 415
1 13 2
55 542
1 11 2
12 513
1 13 2
293 176
1 8 2
451 585
1 15 2
182 263
1 12 2
117 294
1 6 2
578 513
1 3 2
199 594
1 7 2
30 662
1 2 2
162 195
1 14 2
575 300
1 6 2
667 366
1 12 2
366 147
1 10 2
349 314
1 4 2
202 590
1 10 2
173 508
1 15 2
234 614
1 9 2
633 526
1 13 2
16 623
1 4 2
86 83
1 14 2
14 268
1 13 2
90 667
1 4 2
261 564
1 5 2
67 244
1 6 2
384 230
1 5 2
136 584
1 2 2
247 167
1 3 2
590 135
1 10 2
436 108
1 11 2
531 554
1 13 2
15 204
1 6 2
99 28
1 2 2
490 560
1 11 2
588 583
1 15 2
503 191
1 6 2
78 670
1 3 2
249 167
1 7 2
548 608
1 13 2
223 478
1 2 2
141 519
1 14 2
520 509
1 15 2
237 133
1 8 2
379 436
1 14 2
609 645
1 15 2
501 157
1 4 2
317 596
1 12 2
144 494
1 8 2
610 407
1 3 2
676 364
1 11 2
540 461
1 7 2
186 426
1 12 2
529 338
1 7 2
126 611
1 9 2
421 360
1 13 2
52 275
1 14 2
496 464
1 3 2
494 640
1 8 2
390 69
1 8 2
613 97
1 11 2
297 623
1 9 2
655 512
1 8 2
298 651
1 11 2
344 429
1 11 2
553 179
1 8 2
516 598
1 7 2
632 255
1 6 2
272 340
1 6 2
412 602
1 13 2
33 583
1 8 2
346 682
1 6 2
94 290
1 6 2
318 201
1 11 2
196 357
1 3 2
279 550
1 3 2
498 178
1 6 2
219 459
1 4 2
67 21
1 7 2
515 462
1 6 2
323 597
1 12 2
88 588
1 5 2
686 452
1 2 2
39 197
1 14 2
334 313
1 2 2
432 167
1 8 2
169 388
1 12 2
287 34
1 3 2
637 286
1 6 2
488 213
1 14 2
272 529
1 8 2
22 485
1 15 2
172 229
1 8 2
518 506
1 4 2
305 422
1 11 2
58 149
1 6 2
488 283
1 5 2
693 470
1 3 2
424 522
1 9 2
51 224
1 2 2
698 189
1 12 2
163 190
1 12 2
536 327
1 3 2
49 203
1 15 2
1 193
1 15 2
382 678
1 10 2
390 531
1 14 2
550 73
1 14 2
49 615
1 11 2
472 607
1 10 2
228 219
1 6 2
537 583
1 15 2
502 352
1 14 2
469 20
1 8 2
8 590
1 13 2
322 213
1 4 2
3 385
1 6 2
516 57
1 5 2
494 439
1 9 2
300 81
1 15 2
160 171
1 13 2
77 503
1 9 2
185 207
1 5 2
144 402
1 7 2
228 693
1 2 2
9 368
1 7 2
530 15
1 9 2
222 555
1 8 2
33 699
1 2 2
108 190
1 3 2
87 337
1 10 2
497 281
1 4 2
234 650
1 9 2
102 659
1 4 2
242 448
1 2 2
26 427
1 15 2
480 645
1 5 2
310 697
1 9 2
107 652
1 7 2
567 620
1 14 2
300 504
1 4 2
127 486
1 9 2
552 223
1 13 2
490 652
1 14 2
173 98
1 8 2
480 338
1 2 2
161 16
1 11 2
442 396
1 12 2
200 391
1 13 2
356 539
1 10 2
609 40
1 11 2
641 304
1 12 2
56 159
1 13 2
162 386
1 7 2
495 404
1 2 2
261 346
1 9 2
111 293
1 15 2
461 615
1 10 2
276 68
1 6 2
655 283
1 6 2
393 277
1 5 2
653 10
1 14 2
597 151
1 9 2
343 540
1 10 2
641 608
1 13 2
557 498
1 9 2
433 65
1 4 2
82 450
1 4 2
356 695
1 4 2
259 453
1 10 2
632 430
1 10 2
484 687
1 6 2
111 463
1 7 2
49 175
1 10 2
475 422
1 4 2
536 309
1 12 2
276 597
1 5 2
398 554
1 3 2
20 432
1 5 2
333 418
1 14 2
290 633
1 14 2
371 74
1 4 2
51 119
1 14 2
181 32
1 14 2
10 95
1 4 2
252 478
1 10 2
85 684
1 11 2
150 611
1 7 2
180 561
1 12 2
687 5
1 8 2
640 316
1 10 2
177 205
1 2 2
489 666
1 5 2
106 619
1 15 2
341 688
1 15 2
379 618
1 4 2
130 318
1 14 2
538 196
1 3 2
650 24
1 14 2
16 326
1 13 2
351 206
1 3 2
29 643
1 11 2
5 19
1 15 2
274 10
1 10 2
414 199
1 4 2
227 532
1 3 2
526 565
1 14 2
356 515
1 3 2
247 412
1 10 2
147 447
1 6 2
181 573
1 2 2
179 10
1 15 2
206 36
1 8 2
27 83
1 10 2
178 599
1 10 2
126 158
1 10 2
119 529
1 5 2
409 472
1 4 2
555 503
1 2 2
451 329
1 14 2
360 220
1 14 2
223 592
1 14 2
670 399
1 14 2
454 493
1 4 2
146 113
1 7 2
90 644
1 3 2
540 401
1 8 2
206 111
1 11 2
7 161
1 7 2
526 581
1 9 2
553 414
1 12 2
253 495
1 8 2
489 312
1 13 2
490 215
1 4 2
254 518
1 4 2
413 580
1 14 2
136 302
1 13 2
168 264
1 15 2
131 220
1 2 2
320 212
1 3 2
38 327
1 14 2
317 236
1 15 2
566 121
1 14 2
213 43
1 5 2
375 616
1 10 2
540 224
1 8 2
390 187
1 5 2
331 24
1 15 2
277 597
1 10 2
491 230
1 8 2
686 595
1 12 2
457 333
1 14 2
85 202
1 13 2
498 260
1 5 2
549 572
1 13 2
347 97
1 3 2
462 682
1 11 2
686 168
1 9 2
417 36
1 8 2
5 167
1 4 2
341 397
1 12 2
349 49
1 7 2
377 648
1 8 2
240 624
1 10 2
95 674
1 5 2
608 137
1 8 2
680 544
1 4 2
647 678
1 2 2
84 386
1 10 2
360 312
1 8 2
192 305
1 10 2
498 308
1 7 2
173 405
1 13 2
407 149
1 8 2
374 468
1 13 2
465 662
1 2 2
626 110
1 8 2
12 209
1 4 2
583 684
1 11 2
468 533
1 12 2
300 214
1 14 2
239 171
1 7 2
77 287
1 10 2
682 590
1 5 2
358 81
1 14 2
160 412
1 8 2
157 581
1 13 2
556 555
1 8 2
545 376
1 4 2
631 124
1 11 2
175 25
1 11 2
482 563
1 13 2
196 508
1 3 2
269 112
1 13 2
31 207
1 2 2
20 331
1 13 2
389 644
1 4 2
294 604
1 11 2
20 61
1 14 2
206 577
1 13 2
496 211
1 9 2
184 489
1 15 2
279 56
1 12 2
438 575
1 14 2
67 389
1 12 2
389 95
1 13 2
186 485
1 9 2
642 221
1 6 2
405 121
1 9 2
466 368
1 11 2
6 16
1 15 2
465 217
1 13 2
136 643
1 4 2
671 697
1 14 2
541 454
1 9 2
283 691
1 10 2
375 54
1 13 2
72 209
1 6 2
621 483
1 10 2
43 59
1 7 2
3 301
1 8 2
285 126
1 6 2
575 659
1 5 2
687 354
1 6 2
362 134
1 5 2
697 269
1 2 2
150 243
1 8 2
315 512
1 4 2
66 232
1 3 2
537 624
1 7 2
583 621
1 3 2
15 361
1 9 2
209 151
1 12 2
395 116
1 15 2
586 589
1 2 2
193 516
1 7 2
528 412
1 14 2
560 23
1 2 2
189 326
1 10 2
155 255
1 13 2
331 134
1 4 2
317 74
1 12 2
665 198
1 8 2
163 6
1 4 2
261 133
1 5 2
636 91
1 9 2
449 148
1 11 2
468 588
1 6 2
151 594
1 3 2
580 464
1 5 2
98 594
1 13 2
56 570
1 8 2
344 409
1 7 2
627 226
1 6 2
647 476
1 3 2
224 130
1 7 2
55 347
1 14 2
648 338
1 12 2
170 237
1 8 2
304 589
1 3 2
670 124
1 10 2
371 582
1 3 2
435 173
1 9 2
582 561
1 9 2
453 493
1 2 2
530 29
1 11 2
203 62
1 13 2
93 567
1 3 2
278 427
1 14 2
69 335
1 2 2
165 617
1 15 2
457 201
1 7 2
457 289
1 2 2
570 217
1 9 2
474 95
1 4 2
153 97
1 10 2
486 676
1 11 2
437 477
1 2 2
233 226
1 10 2
109 439
1 14 2
499 263
1 11 2
259 359
1 7 2
103 692
1 7 2
295 162
1 8 2
175 423
1 11 2
265 97
1 11 2
544 388
1 8 2
315 261
1 4 2
423 472
1 3 2
203 588
1 6 2
17 131
1 3 2
87 304
1 3 2
125 115
1 3 2
309 417
1 6 2
523 430
1 4 2
31 367
1 10 2
197 215
1 9 2
235 212
1 3 2
409 197
1 8 2
173 288
1 5 2
532 54
1 15 2
444 311
1 6 2
446 244
1 7 2
444 32
1 15 2
229 440
1 2 2
488 24
1 13 2
527 237
1 2 2
258 181
1 5 2
554 178
1 13 2
429 408
1 10 2
411 197
1 3 2
414 139
1 10 2
399 12
1 9 2
0 659
1 10 2
262 215
1 3 2
105 20
1 13 2
50 85
1 14 2
109 352
1 2 2
418 442
1 11 2
107 353
1 14 2
162 55
1 13 2
252 255
1 10 2
443 86
1 10 2
328 526
1 2 2
521 261
1 15 2
392 38
1 10 2
539 384
1 6 2
549 472
1 12 2
291 390
1 12 2
672 231
1 12 2
539 416
1 6 2
586 308
1 11 2
625 296
1 8 2
51 121
1 9 2
120 201
1 13 2
144 169
1 6 2
231 308
1 13 2
32 233
1 2 2
677 286
1 3 2
10 375
1 11 2
492 482
1 15 2
613 502
1 4 2
355 675
1 4 2
231 248
1 10 2
414 42
1 11 2
674 347
1 14 2
392 530
1 8 2
335 420
1 9 2
6 406
1 10 2
610 266
1 15 2
45 236
1 7 2
50 320
1 10 2
321 350
1 5 2
580 199
1 7 2
575 424
1 10 2
629 181
1 12 2
294 605
1 7 2
691 522
1 10 2
7 297
1 13 2
58 437
1 2 2
469 359
1 11 2
431 247
1 11 2
594 548
1 7 2
385 32
1 15 2
407 301
1 2 2
115 36
1 3 2
496 246
1 13 2
538 231
1 12 2
77 528
1 14 2
671 291
1 2 2
551 413
1 11 2
360 281
1 4 2
304 159
1 6 2
16 571
1 6 2
34 212
1 4 2
629 97
1 6 2
452 401
1 12 2
648 83
1 11 2
448 675
1 11 2
629 331
1 2 2
462 319
1 12 2
389 662
1 12 2
370 374
1 3 2
566 682
1 7 2
410 317
1 4 2
679 684
1 10 2
118 474
1 13 2
193 536
1 12 2
534 72
1 14 2
6 143
1 7 2
73 27
1 5 2
421 628
1 11 2
96 550
1 13 2
470 210
1 5 2
293 202
1 5 2
613 172
1 8 2
275 255
1 11 2
328 375
1 12 2
419 493
1 4 2
59 102
1 6 2
238 470
1 10 2
270 212
1 6 2
246 629
1 4 2
511 484
1 11 2
372 153
1 15 2
604 91
1 3 2
587 423
1 9 2
482 447
1 5 2
489 220
1 9 2
406 650
1 9 2
653 599
1 10 2
526 567
1 9 2
323 452
1 6 2
302 335
1 6 2
71 495
1 13 2
255 176
1 4 2
653 332
1 4 2
215 21
1 8 2
191 17
1 15 2
685 438
1 15 2
81 20
1 7 2
673 180
1 12 2
234 44
1 15 2
22 480
1 13 2
134 59
1 8 2
207 238
1 9 2
565 645
1 14 2
333 568
1 8 2
655 388
1 5 2
397 618
1 10 2
113 479
1 13 2
117 129
1 8 2
90 171
1 10 2
292 341
1 6 2
57 239
1 11 2
472 394
1 9 2
442 617
1 12 2
287 429
1 7 2
349 196
1 5 2
174 364
1 11 2
143 423
1 10 2
98 204
1 15 2
76 662
1 8 2
193 30
1 13 2
371 218
1 7 2
314 98
1 12 2
577 40
1 4 2
325 592
1 7 2
364 38
1 9 2
216 514
1 4 2
221 664
1 10 2
164 1
1 12 2
469 662
1 8 2
672 452
1 11 2
476 360
1 14 2
359 549
1 11 2
54 328
1 2 2
458 367
1 10 2
66 571
1 12 2
218 394
1 14 2
148 427
1 3 2
187 522
1 5 2
113 562
1 13 2
294 126
1 5 2
535 459
1 8 2
560 555
1 10 2
212 271
1 7 2
384 247
1 12 2
248 162
1 11 2
232 462
1 6 2
659 410
1 12 2
290 22
1 6 2
351 669
1 13 2
263 433
1 14 2
24 670
1 10 2
137 469
1 15 2
450 648
1 2 2
78 159
1 3 2
543 122
1 12 2
49 93
1 3 2
653 604
1 5 2
652 283
1 11 2
452 137
1 4 2
133 525
1 15 2
381 609
1 3 2
333 258
1 11 2
18 431
1 3 2
13 680
1 6 2
169 304
1 8 2
551 530
1 9 2
273 625
1 3 2
460 105
1 7 2
218 269
1 10 2
253 671
1 4 2
15 348
1 15 2
20 551
1 11 2
164 353
1 3 2
411 523
1 8 2
130 126
1 7 2
111 234
1 14 2
682 225
1 10 2
109 632
1 5 2
32 527
1 15 2
194 621
1 14 2
252 475
1 8 2
204 297
1 4 2
491 375
1 12 2
28 436
1 6 2
575 183
1 13 2
522 204
1 9 2
507 43
1 7 2
57 547
1 5 2
582 19
1 5 2
498 45
1 11 2
199 550
1 6 2
483 586
1 2 2
281 538
1 5 2
368 124
1 11 2
237 274
1 3 2
186 689
1 12 2
340 507
1 3 2
124 590
1 7 2
227 595
1 9 2
446 276
1 11 2
523 358
1 8 2
235 18
1 4 2
194 687
1 9 2
522 307
1 5 2
343 114
1 12 2
236 336
1 11 2
324 451
1 5 2
387 620
1 6 2
412 55
1 14 2
511 431
1 6 2
314 414
1 12 2
373 610
1 12 2
222 341
1 9 2
265 521
1 8 2
366 154
1 4 2
56 235
1 12 2
638 584
1 6 2
587 341
1 12 2
217 472
1 7 2
90 353
1 10 2
307 172
1 3 2
241 599
1 3 2
55 215
1 11 2
57 517
1 12 2
336 327
1 8 2
553 223
1 9 2
26 177
1 3 2
561 687
1 15 2
437 430
1 5 2
220 160
1 3 2
500 137
1 4 2
363 425
1 7 2
457 71
1 11 2
206 596
1 3 2
521 611
1 12 2
695 555
1 15 2
178 209
1 3 2
170 308
1 11 2
39 20
1 9 2
291 118
1 14 2
26 617
1 15 2
24 634
1 3 2
54 257
1 4 2
230 579
1 7 2
526 34
1 8 2
678 595
1 9 2
490 2
1 12 2
529 455
1 9 2
117 544
1 14 2
594 522
1 2 2
506 304
1 14 2
249 281
1 9 2
652 31
1 7 2
581 22
1 8 2
31 198
1 4 2
347 629
1 12 2
444 110
1 7 2
53 296
1 2 2
224 351
1 5 2
277 668
1 5 2
210 516
1 10 2
163 551
1 8 2
240 230
1 10 2
690 365
1 2 2
155 100
1 11 2
198 224
1 15 2
92 504
1 3 2
238 607
1 5 2
271 24
1 9 2
618 263
1 13 2
483 516
1 7 2
499 447
1 7 2
261 665
1 3 2
677 268
1 7 2
338 21
1 14 2
462 68
1 11 2
636 180
1 11 2
117 39
1 5 2
568 680
1 4 2
149 319
1 10 2
558 595
1 4 2
379 660
1 4 2
409 217
1 15 2
501 429
1 12 2
91 122
1 9 2
493 586
1 12 2
684 291
1 3 2
226 525
1 10 2
378 605
1 5 2
2 222
1 11 2
108 106
1 2 2
632 571
1 4 2
682 348
1 14 2
47 175
1 4 2
401 294
1 15 2
64 386
1 9 2
293 54
1 15 2
269 355
1 4 2
309 47
1 5 2
325 608
1 8 2
91 664
1 9 2
677 441
1 12 2
530 170
1 2 2
596 278
1 5 2
390 170
1 11 2
139 444
1 7 2
107 7
1 15 2
182 20
1 4 2
387 399
1 11 2
554 611
1 13 2
618 81
1 2 2
698 459
1 11 2
568 30
1 6 2
31 547
1 2 2
263 412
1 11 2
185 574
1 12 2
110 568
1 2 2
322 130
1 2 2
669 98
1 15 2
533 459
1 4 2
595 270
1 11 2
358 633
1 14 2
388 253
1 8 2
78 144
1 10 2
335 190
1 7 2
421 683
1 15 2
366 275
1 4 2
393 557
1 14 2
100 250
1 13 2
529 682
1 14 2
258 521
1 4 2
476 538
1 5 2
166 279
1 3 2
601 501
1 8 2
653 146
1 12 2
14 219
1 4 2
435 206
1 7 2
116 432
1 4 2
185 245
1 9 2
146 544
1 6 2
619 630
1 10 2
362 34
1 6 2
29 248
1 5 2
666 418
1 15 2
88 26
1 10 2
29 255
1 11 2
396 251
1 4 2
41 583
1 9 2
547 474
1 4 2
182 176
1 10 2
496 541
1 4 2
408 438
1 10 2
462 295
1 6 2
521 232
1 10 2
386 534
1 15 2
493 540
1 6 2
178 173
1 15 2
432 633
1 13 2
295 48
1 9 2
618 238
1 12 2
635 229
1 2 2
174 20
1 8 2
618 240
1 9 2
286 206
1 13 2
56 208
1 10 2
134 208
1 4 2
648 430
1 5 2
499 238
1 13 2
311 519
1 13 2
36 87
1 2 2
520 204
1 14 2
500 165
1 7 2
469 561
1 4 2
113 574
1 4 2
380 650
1 14 2
187 672
1 9 2
294 415
1 12 2
529 200
1 9 2
587 504
1 12 2
106 434
1 8 2
181 143
1 7 2
1 529
1 3 2
603 69
1 10 2
41 674
1 14 2
106 133
1 11 2
572 564
1 8 2
669 643
1 3 2
347 332
1 15 2
692 582
1 10 2
229 114
1 7 2
354 219
1 10 2
190 32
1 3 2
363 270
1 9 2
637 366
1 3 2
8 361
1 4 2
655 560
1 13 2
130 696
1 10 2
394 606
1 7 2
49 345
1 8 2
55 86
1 2 2
558 476
1 7 2
644 454
1 4 2
482 186
1 7 2
445 215
1 10 2
29 554
1 5 2
349 120
1 14 2
689 462
1 11 2
176 206
1 12 2
592 61
1 6 2
499 578
1 11 2
483 365
1 11 2
369 159
1 2 2
684 279
1 6 2
669 151
1 5 2
396 632
1 9 2
126 332
1 5 2
211 585
1 9 2
474 260
1 9 2
580 488
1 2 2
448 673
1 8 2
564 67
1 15 2
253 46
1 6 2
208 116
1 10 2
519 247
1 15 2
12 510
1 2 2
308 68
1 9 2
172 482
1 10 2
199 197
1 2 2
610 430
1 11 2
394 681
1 2 2
589 466
1 4 2
101 624
1 14 2
28 208
1 6 2
652 487
1 11 2
351 502
1 7 2
686 535
1 6 2
485 446
1 13 2
298 646
1 8 2
379 262
1 2 2
676 34
1 9 2
313 339
1 5 2
590 230
1 8 2
94 232
1 14 2
97 677
1 9 2
383 105
1 11 2
574 64
1 7 2
222 285
1 5 2
671 364
1 3 2
623 383
1 9 2
270 374
1 12 2
177 599
1 5 2
89 667
1 5 2
74 72
1 14 2
699 480
1 15 2
593 173
1 2 2
436 688
1 12 2
101 218
1 13 2
51 31
1 3 2
647 150
1 12 2
602 592
1 9 2
399 643
1 4 2
532 167
1 2 2
589 595
1 15 2
231 290
1 14 2
458 413
1 15 2
196 455
1 10 2
165 0
1 8 2
49 441
1 11 2
610 268
1 6 2
342 71
1 4 2
564 548
1 14 2
267 524
1 3 2
349 3
1 14 2
610 205
1 4 2
57 190
1 3 2
687 426
1 11 2
606 7
1 2 2
142 172
1 13 2
459 456
1 14 2
303 500
1 14 2
165 307
1 8 2
123 327
1 2 2
302 482
1 2 2
552 542
1 5 2
302 60
1 10 2
164 117
1 9 2
168 14
1 12 2
200 93
1 9 2
540 195
1 2 2
599 134
1 5 2
478 369
1 13 2
457 183
1 12 2
462 475
1 2 2
58 468
1 12 2
419 125
1 9 2
104 356
1 12 2
144 676
1 10 2
57 627
1 15 2
627 456
1 10 2
346 301
1 10 2
615 555
1 4 2
89 124
1 10 2
545 554
1 10 2
483 293
1 11 2
369 147
1 13 2
674 661
1 6 2
183 573
1 10 2
183 13
1 14 2
688 493
1 6 2
115 223
1 13 2
6 560
1 13 2
368 418
1 10 2
94 421
1 8 2
592 501
1 15 2
82 263
1 15 2
53 60
1 14 2
273 299
1 13 2
270 320
1 4 2
235 192
1 5 2
33 651
1 5 2
151 70
1 3 2
432 256
1 2 2
228 515
1 8 2
512 53
1 7 2
642 515
1 14 2
298 184
1 3 2
212 324
1 13 2
680 150
1 12 2
659 643
1 11 2
458 109
1 5 2
689 49
1 11 2
87 211
1 5 2
225 597
1 11 2
463 643
1 3 2
249 417
1 4 2
462 458
1 6 2
83 149
1 13 2
153 112
1 9 2
657 671
1 5 2
182 649
1 14 2
602 516
1 15 2
210 411
1 13 2
283 315
1 14 2
480 113
1 13 2
469 666
1 4 2
675 339
1 3 2
461 50
1 14 2
691 109
1 3 2
381 8
1 8 2
695 18
1 12 2
335 527
1 12 2
190 604
1 12 2
11 445
1 10 2
563 139
1 4 2
210 603
1 11 2
73 675
1 14 2
557 10
1 13 2
692 359
1 9 2
620 217
1 2 2
499 503
1 12 2
73 10
1 14 2
216 437
1 6 2
330 423
1 9 2
491 669
1 2 2
415 121
1 15 2
569 654
1 13 2
346 191
1 3 2
480 230
1 13 2
301 478
1 9 2
95 507
1 11 2
656 20
1 12 2
187 30
1 12 2
262 286
1 5 2
568 691
1 9 2
313 28
1 9 2
687 403
1 6 2
155 341
1 9 2
138 435
1 12 2
90 153
1 3 2
214 606
1 10 2
599 425
1 15 2
292 420
1 3 2
593 558
1 6 2
222 81
1 14 2
533 609
1 11 2
248 333
1 5 2
527 414
1 3 2
688 27
1 13 2
42 548
1 11 2
546 30
1 13 2
575 475
1 2 2
7 545
1 15 2
609 50
1 3 2
69 332
1 9 2
121 544
1 15 2
560 338
1 2 2
662 148
1 12 2
81 621
1 9 2
274 699
1 11 2
138 93
1 7 2
623 632
1 7 2
270 123
1 10 2
549 192
1 7 2
633 479
1 15 2
528 603
1 13 2
398 198
1 14 2
489 561
1 6 2
231 325
1 15 2
652 663
1 9 2
170 221
1 12 2
391 265
1 14 2
57 669
1 3 2
412 138
1 6 2
566 276
1 12 2
407 183
1 3 2
292 81
1 7 2
647 249
1 12 2
569 612
1 12 2
136 265
1 4 2
328 5
1 7 2
577 107
1 2 2
475 433
1 14 2
689 422
1 14 2
589 271
1 3 2
13 569
1 8 2
191 598
1 10 2
322 181
1 11 2
619 68
1 14 2
534 553
1 9 2
94 1
1 11 2
571 376
1 2 2
518 594
1 13 2
557 411
1 8 2
341 479
1 5 2
374 669
1 8 2
568 573
1 4 2
626 290
1 6 2
342 492
1 10 2
95 203
1 12 2
366 33
1 10 2
176 286
1 13 2
495 394
1 2 2
484 160
1 3 2
237 666
1 4 2
362 488
1 9 2
42 396
1 5 2
472 230
1 3 2
497 35
1 8 2
213 615
1 10 2
171 87
1 7 2
470 347
1 12 2
364 167
1 10 2
187 507
1 9 2
654 505
1 6 2
5 81
1 12 2
646 228
1 9 2
506 537
1 8 2
466 229
1 2 2
395 520
1 5 2
652 453
1 4 2
641 629
1 11 2
689 221
1 5 2
257 457
1 15 2
375 52
1 11 2
210 324
1 3 2
435 247
1 5 2
134 467
1 2 2
442 177
1 2 2
307 528
1 14 2
181 44
1 13 2
331 100
1 14 2
224 635
1 7 2
111 166
1 11 2
563 634
1 7 2
481 99
1 9 2
81 596
1 13 2
294 496
1 11 2
692 161
1 3 2
230 24
1 5 2
375 470
1 15 2
488 223
1 10 2
584 276
1 2 2
416 219
1 6 2
124 614
1 15 2
128 197
1 3 2
301 303
1 5 2
567 366
1 9 2
306 401
1 11 2
398 490
1 2 2
47 620
1 13 2
103 560
1 7 2
168 466
1 8 2
122 189
1 14 2
190 35
1 8 2
589 419
1 13 2
546 398
1 10 2
582 233
1 3 2
0 619
1 4 2
392 365
1 10 2
455 685
1 7 2
371 464
1 6 2
188 174
1 5 2
668 630
1 4 2
496 29
1 11 2
361 672
1 13 2
442 398
1 7 2
89 28
1 10 2
567 289
1 13 2
395 346
1 8 2
309 147
1 11 2
663 493
1 14 2
609 339
1 14 2
280 397
1 10 2
688 38
1 11 2
165 214
1 9 2
587 156
1 2 2
232 124
1 9 2
426 430
1 12 2
324 140
1 12 2
525 469
1 10 2
656 242
1 9 2
453 459
1 7 2
351 129
1 11 2
578 344
1 7 2
91 447
1 11 2
587 659
1 6 2
44 52
1 9 2
178 522
1 12 2
427 668
1 7 2
187 52
1 14 2
383 231
1 15 2
405 148
1 3 2
292 368
1 11 2
70 187
1 9 2
560 215
1 2 2
90 110
1 5 2
565 195
1 7 2
18 696
1 6 2
323 428
1 7 2
70 648
1 4 2
241 444
1 8 2
613 277
1 15 2
568 662
1 14 2
683 688
1 2 2
159 510
1 2 2
431 646
1 14 2
171 649
1 10 2
6 37
1 11 2
594 533
1 9 2
193 11
1 5 2
367 356
1 7 2
302 364
1 6 2
341 262
1 7 2
93 0
1 4 2
617 5
1 10 2
552 349
1 7 2
182 274
1 13 2
406 224
1 3 2
587 504
1 9 2
404 349
1 9 2
681 87
1 4 2
178 423
1 4 2
636 389
1 15 2
10 476
1 15 2
68 307
1 8 2
352 418
1 2 2
516 136
1 9 2
309 651
1 13 2
348 405
1 6 2
41 695
1 11 2
580 20
1 11 2
198 567
1 12 2
467 621
1 12 2
558 385
1 8 2
226 491
1 3 2
685 226
1 2 2
41 398
1 7 2
509 71
1 6 2
165 78
1 6 2
350 214
1 4 2
217 268
1 14 2
447 110
1 14 2
556 569
1 2 2
257 681
1 8 2
526 677
1 12 2
227 463
1 5 2
246 15
1 6 2
430 61
1 5 2
404 567
1 8 2
631 37
1 13 2
308 462
1 6 2
636 683
1 10 2
401 679
1 12 2
184 590
1 7 2
156 365
1 4 2
279 676
1 8 2
355 116
1 11 2
52 478
1 3 2
582 522
1 4 2
380 18
1 5 2
197 367
1 14 2
540 178
1 12 2
337 562
1 6 2
72 664
1 9 2
333 670
1 3 2
128 579
1 2 2
128 173
1 3 2
439 687
1 13 2
216 684
1 10 2
367 545
1 7 2
636 60
1 5 2
600 491
1 4 2
143 173
1 7 2
588 518
1 10 2
147 215
1 13 2
409 358
1 14 2
63 391
1 13 2
88 549
1 5 2
9 516
1 4 2
564 273
1 11 2
617 275
1 6 2
483 0
1 4 2
60 569
1 2 2
217 524
1 9 2
472 36
1 5 2
141 165
1 3 2
414 71
1 2 2
277 424
1 3 2
490 45
1 3 2
107 64
1 12 2
628 242
1 2 2
190 365
1 11 2
65 243
1 3 2
667 479
1 15 2
531 183
1 2 2
301 557
1 12 2
254 237
1 15 2
399 208
1 11 2
649 33
1 2 2
345 317
1 7 2
199 334
1 6 2
559 319
1 4 2
477 162
1 10 2
317 585
1 5 2
281 35
1 15 2
672 610
1 13 2
539 581
1 12 2
588 629
1 9 2
395 218
1 3 2
463 135
1 3 2
349 584
1 10 2
92 650
1 13 2
392 610
1 14 2
29 380
1 12 2
507 136
1 15 2
337 564
1 5 2
537 579
1 14 2
511 130
1 4 2
541 208
1 10 2
521 388
1 3 2
468 682
1 7 2
293 112
1 15 2
131 38
1 2 2
406 212
1 13 2
668 597
1 11 2
519 83
1 12 2
320 394
1 9 2
3 316
1 13 2
331 120
1 12 2
288 115
1 14 2
680 678
1 9 2
559 227
1 13 2
671 54
1 15 2
307 658
1 7 2
237 414
1 13 2
415 528
1 13 2
444 247
1 12 2
542 613
1 14 2
31 544
1 10 2
72 428
1 12 2
304 339
1 7 2
160 681
1 5 2
248 136
1 7 2
240 466
1 14 2
54 564
1 14 2
486 315
1 9 2
550 220
1 3 2
224 404
1 13 2
496 81
1 14 2
399 268
1 6 2
223 227
1 11 2
286 233
1 2 2
532 90
1 9 2
369 259
1 6 2
246 643
1 3 2
7 30
1 3 2
365 269
1 3 2
623 594
1 8 2
521 267
1 2 2
677 277
1 4 2
396 274
1 12 2
392 573
1 11 2
630 551
1 7 2
347 624
1 3 2
54 382
1 5 2
691 453
1 13 2
240 190
1 2 2
380 28
1 4 2
395 451
1 4 2
397 497
1 13 2
392 504
1 2 2
182 586
1 6 2
537 510
1 10 2
284 599
1 4 2
123 163
1 2 2
145 296
1 8 2
148 231
1 7 2
33 401
1 9 2
529 558
1 15 2
260 40
1 15 2
154 367
1 15 2
582 537
1 6 2
608 373
1 4 2
305 191
1 2 2
609 574
1 13 2
8 264
1 5 2
565 347
1 11 2
144 355
1 8 2
673 511
1 14 2
231 554
1 8 2
416 380
1 6 2
622 456
1 10 2
238 494
1 12 2
643 513
1 13 2
378 530
1 2 2
684 389
1 11 2
51 106
1 11 2
10 509
1 6 2
657 195
1 9 2
434 304
1 4 2
604 151
1 3 2
647 85
1 5 2
176 270
1 11 2
486 184
1 13 2
644 699
1 8 2
508 463
1 11 2
425 603
1 13 2
480 39
1 12 2
347 408
1 3 2
145 320
1 15 2
412 604
1 14 2
344 313
1 13 2
333 10
1 7 2
393 271
1 13 2
469 534
1 8 2
77 96
1 14 2
537 64
1 6 2
132 84
1 7 2
178 644
1 5 2
58 463
1 3 2
513 530
1 8 2
44 471
1 9 2
76 431
1 10 2
129 55
1 6 2
151 421
1 9 2
260 107
1 7 2
166 600
1 5 2
315 160
1 11 2
93 524
1 6 2
554 607
1 3 2
447 143
1 8 2
473 181
1 6 2
195 133
1 5 2
211 234
1 13 2
205 400
1 2 2
425 352
1 2 2
115 111
1 13 2
280 66
1 11 2
462 48
1 15 2
131 75
1 13 2
547 419
1 7 2
23 76
1 15 2
242 177
1 8 2
444 675
1 3 2
418 179
1 9 2
637 303
1 3 2
145 115
1 8 2
694 291
1 6 2
541 537
1 6 2
75 419
1 3 2
366 143
1 7 2
0 341
1 13 2
409 523
1 10 2
606 620
1 10 2
419 175
1 2 2
543 244
1 11 2
478 79
1 10 2
223 494
1 3 2
441 491
1 4 2
585 519
1 11 2
569 409
1 12 2
513 662
1 11 2
353 40
1 15 2
612 295
1 12 2
117 57
1 11 2
146 564
1 10 2
300 69
1 5 2
330 399
1 2 2
677 407
1 8 2
304 338
1 12 2
56 181
1 6 2
96 221
1 6 2
86 120
1 14 2
118 627
1 7 2
192 695
1 2 2
235 197
1 6 2
485 226
1 9 2
243 292
1 14 2
99 564
1 7 2
454 345
1 11 2
484 181
1 10 2
441 290
1 7 2
582 627
1 11 2
33 275
1 8 2
502 300
1 15 2
412 672
1 13 2
202 130
1 3 2
158 39
1 7 2
510 370
1 2 2
554 48
1 5 2
63 289
1 4 2
228 452
1 14 2
65 684
1 6 2
204 330
1 2 2
298 28
1 12 2
620 587
1 6 2
253 40
1 10 2
692 31
1 6 2
350 636
1 3 2
693 683
1 4 2
392 327
1 13 2
694 97
1 2 2
132 97
1 14 2
178 515
1 15 2
258 489
1 11 2
321 392
1 5 2
332 673
1 12 2
351 498
1 2 2
638 70
1 14 2
89 223
1 15 2
188 526
1 7 2
381 690
1 5 2
335 76
1 7 2
191 255
1 2 2
16 5
1 3 2
33 76
1 15 2
125 357
1 6 2
112 177
1 9 2
615 83
1 14 2
563 461
1 15 2
329 286
1 8 2
413 225
1 11 2
493 596
1 12 2
172 185
1 11 2
332 583
1 2 2
411 114
1 14 2
325 67
1 7 2
619 211
1 7 2
438 129
1 11 2
94 355
1 3 2
469 387
1 9 2
67 455
1 13 2
451 396
1 5 2
285 92
1 13 2
324 624
1 9 2
409 463
1 11 2
157 505
1 15 2
556 524
1 9 2
363 53
1 11 2
78 695
1 11 2
261 646
1 14 2
25 486
1 2 2
223 164
1 11 2
318 370
1 12 2
598 78
1 5 2
186 685
1 6 2
107 285
1 4 2
342 354
1 14 2
14 76
1 15 2
688 213
1 10 2
4 529
1 14 2
589 0
1 12 2
372 123
1 3 2
69 515
1 9 2
100 637
1 3 2
382 247
1 7 2
127 672
1 13 2
469 644
1 15 2
513 655
1 5 2
606 334
1 13 2
203 320
1 11 2
620 346
1 5 2
476 182
1 12 2
91 515
1 4 2
41 70
1 12 2
601 560
1 11 2
244 470
1 8 2
154 454
1 5 2
525 406
1 12 2
671 56
1 2 2
479 183
1 6 2
581 616
1 7 2
218 283
1 11 2
479 160
1 6 2
192 624
1 2 2
694 251
1 7 2
84 662
1 14 2
93 125
1 12 2
333 246
1 3 2
411 571
1 2 2
162 286
1 5 2
525 513
1 12 2
214 561
1 14 2
271 214
1 7 2
198 414
1 12 2
623 240
1 2 2
599 395
1 10 2
538 326
1 13 2
415 438
1 11 2
548 168
1 5 2
469 180
1 7 2
562 477
1 12 2
41 602
1 11 2
669 481
1 5 2
192 527
1 9 2
514 453
1 4 2
137 533
1 14 2
296 470
1 2 2
436 445
1 10 2
673 408
1 3 2
193 361
1 7 2
129 617
1 11 2
32 659
1 11 2
194 663
1 11 2
428 197
1 12 2
327 628
1 10 2
568 52
1 6 2
121 546
1 7 2
327 207
1 15 2
191 500
1 11 2
525 554
1 11 2
644 38
1 6 2
473 15
1 5 2
14 35
1 6 2
415 669
1 12 2
595 332
1 11 2
577 181
1 10 2
84 168
1 8 2
45 113
1 2 2
320 350
1 11 2
403 544
1 13 2
68 394
1 10 2
324 297
1 11 2
473 698
1 11 2
577 292
1 7 2
577 238
1 11 2
118 619
1 13 2
449 616
1 3 2
105 631
1 9 2
345 353
1 13 2
250 576
1 9 2
632 288
1 10 2
125 568
1 13 2
281 106
1 15 2
154 64
1 2 2
458 332
1 9 2
357 172
1 8 2
145 256
1 6 2
327 367
1 14 2
477 190
1 13 2
111 539
1 10 2
542 524
1 3 2
352 448
1 5 2
241 282
1 13 2
675 36
1 5 2
12 102
1 9 2
410 10
1 4 2
459 275
1 10 2
601 375
1 9 2
95 153
1 12 2
252 400
1 4 2
450 362
1 10 2
208 347
1 3 2
290 175
1 10 2
397 256
1 6 2
85 621
1 15 2
520 690
1 13 2
450 525
1 4 2
161 73
1 3 2
65 536
1 6 2
563 394
1 3 2
138 73
1 14 2
305 125
1 8 2
19 242
1 7 2
609 198
1 12 2
215 520
1 14 2
169 200
1 13 2
150 661
1 15 2
373 641
1 15 2
201 104
1 15 2
438 141
1 7 2
673 589
1 8 2
134 101
1 12 2
630 631
1 9 2
533 563
1 6 2
37 624
1 2 2
634 455
1 9 2
373 86
1 3 2
565 69
1 7 2
369 262
1 10 2
655 250
1 14 2
530 527
1 6 2
526 401
1 2 2
279 614
1 10 2
545 404
1 6 2
224 348
1 13 2
653 27
1 4 2
6 298
1 9 2
429 131
1 11 2
269 322
1 14 2
197 472
1 14 2
90 404
1 6 2
291 181
1 13 2
235 550
1 2 2
499 395
1 14 2
630 136
1 9 2
514 550
1 14 2
177 3
1 7 2
7 599
1 2 2
72 445
1 10 2
90 201
1 13 2
85 150
1 4 2
172 325
1 2 2
628 558
1 2 2
692 258
1 4 2
272 122
1 12 2
628 169
1 6 2
139 215
1 6 2
287 537
1 15 2
537 442
1 2 2
520 110
1 11 2
216 509
1 10 2
171 250
1 11 2
542 386
1 7 2
463 239
1 7 2
653 113
1 9 2
215 137
1 8 2
401 627
1 9 2
207 649
1 13 2
373 236
1 4 2
528 41
1 7 2
117 521
1 8 2
416 310
1 13 2
554 552
1 3 2
362 26
1 13 2
584 692
1 4 2
426 322
1 14 2
326 320
1 4 2
16 640
1 6 2
424 558
1 15 2
86 531
1 6 2
427 698
1 15 2
239 207
1 14 2
111 375
1 5 2
217 43
1 15 2
330 81
1 8 2
311 136
1 6 2
68 145
1 4 2
547 389
1 2 2
51 24
1 9 2
81 363
1 9 2
60 498
1 14 2
610 10
1 6 2
193 608
1 7 2
385 691
1 10 2
130 698
1 10 2
406 254
1 12 2
47 75
1 3 2
255 231
1 2 2
354 47
1 6 2
683 6
1 8 2
203 186
1 12 2
1 272
1 13 2
15 695
1 8 2
298 228
1 9 2
7 546
1 13 2
577 271
1 7 2
32 425
1 4 2
384 508
1 14 2
182 370
1 5 2
200 615
1 2 2
138 134
1 7 2
561 390
1 15 2
453 228
1 4 2
236 116
1 4 2
534 129
1 7 2
461 564
1 8 2
202 187
1 15 2
275 116
1 8 2
273 386
1 11 2
267 195
1 12 2
162 433
1 2 2
594 175
1 10 2
530 350
1 7 2
151 414
1 4 2
608 95
1 9 2
519 345
1 9 2
143 493
1 2 2
46 99
1 6 2
650 302
1 3 2
430 661
1 10 2
101 336
1 10 2
466 382
1 11 2
246 343
1 2 2
474 496
1 3 2
438 148
1 12 2
112 654
1 12 2
475 342
1 5 2
177 308
1 7 2
209 620
1 10 2
322 616
1 12 2
416 589
1 12 2
187 294
1 14 2
169 245
1 13 2
640 361
1 10 2
460 49
1 7 2
284 418
1 3 2
630 63
1 3 2
664 342
1 15 2
450 268
1 12 2
414 452
1 8 2
202 267
1 8 2
225 590
1 10 2
37 324
1 7 2
423 344
1 15 2
339 203
1 10 2
436 681
1 3 2
177 607
1 15 2
541 169
1 15 2
653 533
1 6 2
148 197
1 4 2
379 283
1 7 2
20 523
1 12 2
100 114
1 15 2
116 268
1 6 2
468 633
1 13 2
519 513
1 13 2
99 135
1 14 2
637 410
1 13 2
192 156
1 2 2
237 611
1 2 2
682 316
1 6 2
296 104
1 13 2
535 356
1 9 2
10 442
1 12 2
694 610
1 10 2
63 330
1 14 2
614 253
1 7 2
354 9
1 6 2
209 477
1 13 2
523 647
1 5 2
694 560
1 12 2
470 162
1 10 2
416 192
1 7 2
485 275
1 14 2
166 394
1 14 2
680 221
1 7 2
313 510
1 4 2
379 160
1 4 2
451 546
1 4 2
699 463
1 6 2
477 508
1 2 2
541 0
1 3 2
432 447
1 15 2
241 497
1 3 2
619 44
1 9 2
30 519
1 2 2
246 7
1 4 2
337 406
1 12 2
95 370
1 10 2
49 560
1 7 2
371 50
1 3 2
476 187
1 9 2
332 321
1 9 2
47 99
1 6 2
267 107
1 6 2
567 269
1 5 2
344 63
1 8 2
424 696
1 2 2
226 460
1 13 2
335 633
1 5 2
373 408
1 14 2
45 372
1 9 2
36 118
1 11 2
41 535
1 8 2
545 188
1 15 2
497 174
1 4 2
173 642
1 15 2
592 80
1 13 2
536 657
1 12 2
479 393
1 11 2
398 445
1 7 2
131 15
1 4 2
547 141
1 6 2
618 698
1 9 2
475 309
1 13 2
482 467
1 9 2
239 173
1 5 2
660 547
1 6 2
286 530
1 8 2
402 534
1 13 2
653 171
1 4 2
643 58
1 10 2
685 678
1 13 2
229 259
1 8 2
693 198
1 13 2
620 3
1 2 2
187 80
1 13 2
410 135
1 13 2
192 129
1 12 2
308 630
1 10 2
312 319
1 5 2
397 30
1 7 2
447 175
1 3 2
621 419
1 13 2
301 539
1 12 2
233 378
1 5 2
68 677
1 3 2
104 50
1 9 2
624 160
1 9 2
172 411
1 2 2
638 197
1 4 2
222 508
1 4 2
109 545
1 12 2
317 468
1 3 2
81 299
1 4 2
256 300
1 8 2
412 138
1 2 2
583 88
1 4 2
598 665
1 8 2
633 638
1 6 2
560 433
1 5 2
461 146
1 5 2
675 167
1 5 2
241 565
1 11 2
181 568
1 8 2
47 635
1 12 2
411 635
1 11 2
664 342
1 3 2
366 400
1 4 2
405 32
1 15 2
675 82
1 10 2
655 585
1 15 2
636 496
1 11 2
642 174
1 8 2
482 638
1 13 2
201 585
1 12 2
36 256
1 13 2
63 512
1 5 2
579 273
1 8 2
72 509
1 4 2
40 466
1 13 2
18 68
1 14 2
295 283
1 2 2
468 467
1 14 2
6 37
1 10 2
68 617
1 14 2
661 224
1 11 2
160 98
1 6 2
576 129
1 9 2
199 175
1 2 2
251 191
1 11 2
163 617
1 10 2
145 624
1 9 2
268 436
1 3 2
174 211
1 6 2
553 97
1 10 2
611 69
1 12 2
30 265
1 13 2
444 443
1 3 2
361 204
1 14 2
576 5
1 4 2
293 102
1 5 2
381 670
1 10 2
301 284
1 8 2
459 491
1 2 2
660 400
1 12 2
655 225
1 14 2
560 85
1 13 2
111 288
1 9 2
276 25
1 7 2
257 528
1 13 2
315 458
1 2 2
586 642
1 10 2
398 298
1 4 2
527 670
1 2 2
356 186
1 8 2
670 277
1 10 2
380 161
1 8 2
185 555
1 12 2
685 146
1 15 2
395 0
1 11 2
323 685
1 9 2
392 538
1 5 2
7 608
1 11 2
18 637
1 6 2
208 278
1 3 2
321 505
1 4 2
248 307
1 14 2
215 491
1 3 2
213 683
1 15 2
80 547
1 6 2
199 419
1 14 2
161 448
1 9 2
694 671
1 7 2
538 230
1 3 2
102 439
1 14 2
240 12
1 12 2
88 456
1 11 2
690 258
1 8 2
363 572
1 11 2
63 100
1 15 2
647 235
1 15 2
257 462
1 12 2
661 611
1 15 2
6 369
1 11 2
569 665
1 11 2
98 420
1 8 2
238 334
1 9 2
465 63
1 9 2
415 287
1 14 2
632 239
1 7 2
634 335
1 12 2
223 52
1 2 2
127 622
1 2 2
32 308
1 4 2
314 218
1 7 2
87 310
1 10 2
148 363
1 13 2
233 493
1 13 2
579 177
1 3 2
22 515
1 3 2
62 407
1 9 2
368 376
1 12 2
172 273
1 3 2
627 167
1 10 2
584 161
1 11 2
436 20
1 10 2
22 342
1 4 2
454 129
1 3 2
210 420
1 6 2
350 150
1 11 2
271 584
1 4 2
528 53
1 10 2
41 466
1 8 2
305 73
1 6 2
553 401
1 2 2
418 268
1 13 2
414 535
1 10 2
629 260
1 3 2
432 136
1 4 2
82 648
1 4 2
80 514
1 15 2
224 207
1 12 2
622 678
1 6 2
213 486
1 15 2
511 647
1 11 2
193 670
1 10 2
581 429
1 2 2
186 394
1 4 2
147 131
1 15 2
606 68
1 13 2
81 392
1 14 2
35 242
1 9 2
515 649
1 5 2
278 118
1 3 2
272 418
1 4 2
580 28
1 12 2
516 51
1 3 2
205 628
1 6 2
103 198
1 4 2
369 195
1 3 2
686 157
1 3 2
306 283
1 2 2
15 140
1 3 2
430 201
1 13 2
36 45
1 12 2
255 531
1 6 2
93 478
1 3 2
460 338
1 15 2
487 193
1 11 2
117 375
1 10 2
69 313
1 11 2
53 500
1 3 2
97 49
1 6 2
578 583
1 14 2
547 659
1 7 2
544 660
1 5 2
618 122
1 11 2
602 188
1 10 2
443 528
1 11 2
609 614
1 5 2
207 515
1 12 2
632 639
1 12 2
62 689
1 7 2
472 169
1 13 2
312 247
1 2 2
648 201
1 12 2
662 585
1 10 2
612 177
1 9 2
12 588
1 9 2
79 142
1 4 2
579 387
1 3 2
486 179
1 12 2
68 174
1 11 2
472 34
1 14 2
251 540
1 15 2
26 440
1 15 2
443 93
1 12 2
103 674
1 9 2
579 617
1 3 2
13 282
1 8 2
322 520
1 15 2
480 172
1 5 2
51 560
1 15 2
98 691
1 11 2
551 464
1 14 2
622 185
1 6 2
531 574
1 6 2
319 236
1 9 2
52 228
1 15 2
536 131
1 4 2
367 434
1 15 2
130 384
1 2 2
378 175
1 6 2
658 266
1 11 2
686 391
1 7 2
628 4
1 15 2
413 197
1 11 2
122 586
1 4 2
430 95
1 10 2
639 13
1 4 2
628 290
1 12 2
464 673
1 9 2
265 558
1 9 2
555 87
1 11 2
661 83
1 13 2
593 18
1 6 2
69 154
1 5 2
144 651
1 15 2
323 301
1 14 2
397 505
1 5 2
629 309
1 6 2
32 349
1 5 2
307 237
1 11 2
245 541
1 7 2
579 386
1 2 2
507 26
1 5 2
288 200
1 2 2
7 2
1 10 2
359 70
1 2 2
491 623
1 4 2
127 54
1 6 2
631 142
1 12 2
481 82
1 3 2
457 658
1 4 2
71 234
1 5 2
94 671
1 10 2
603 573
1 3 2
645 133
1 12 2
461 402
1 6 2
241 39
1 4 2
136 165
1 10 2
255 232
1 2 2
281 491
1 15 2
402 211
1 6 2
651 459
1 6 2
599 100
1 7 2
648 284
1 9 2
115 318
1 5 2
480 198
1 7 2
568 318
1 11 2
385 667
1 8 2
493 559
1 4 2
297 494
1 12 2
18 5
1 13 2
360 99
1 9 2
507 29
1 3 2
636 253
1 15 2
191 331
1 12 2
629 670
1 9 2
314 313
1 8 2
554 620
1 14 2
58 62
1 10 2
387 355
1 12 2
359 294
1 4 2
48 252
1 10 2
2 589
1 12 2
621 451
1 6 2
683 568
1 6 2
604 692
1 7 2
481 389
1 15 2
225 464
1 3 2
696 317
1 8 2
319 154
1 10 2
557 523
1 14 2
490 224
1 14 2
286 594
1 5 2
48 287
1 14 2
467 640
1 2 2
613 516
1 4 2
52 339
1 9 2
471 239
1 5 2
162 397
1 14 2
108 264
1 14 2
647 205
1 8 2
570 176
1 4 2
476 231
1 12 2
425 400
1 4 2
441 444
1 15 2
277 369
1 15 2
292 217
1 11 2
133 126
1 13 2
261 241
1 9 2
534 470
1 10 2
260 35
1 4 2
335 265
1 9 2
528 525
1 11 2
97 529
1 9 2
218 235
1 8 2
468 163
1 6 2
438 207
1 7 2
565 211
1 14 2
512 448
1 7 2
442 309
1 2 2
24 576
1 2 2
356 680
1 14 2
360 495
1 2 2
669 384
1 14 2
91 275
1 7 2
5 167
1 8 2
161 553
1 15 2
378 347
1 13 2
80 53
1 10 2
203 407
1 15 2
22 345
1 9 2
34 75
1 8 2
256 640
1 13 2
650 596
1 6 2
133 492
1 9 2
139 22
1 7 2
3 453
1 3 2
361 336
1 11 2
57 309
1 12 2
134 395
1 11 2
19 230
1 12 2
209 164
1 7 2
289 33
1 13 2
512 124
1 10 2
440 615
1 2 2
473 258
1 15 2
210 488
1 6 2
343 633
1 11 2
59 120
1 10 2
19 46
1 6 2
361 494
1 4 2
109 82
1 3 2
79 699
1 8 2
386 268
1 9 2
160 600
1 14 2
262 596
1 4 2
246 617
1 5 2
537 329
1 10 2
300 404
1 8 2
84 90
1 14 2
522 43
1 11 2
558 146
1 14 2
683 140
1 3 2
324 263
1 15 2
265 338
1 9 2
91 365
1 3 2
348 564
1 2 2
656 510
1 2 2
436 330
1 8 2
304 76
1 7 2
216 400
1 5 2
38 182
1 11 2
204 547
1 9 2
274 550
1 7 2
367 431
1 12 2
429 262
1 3 2
418 336
1 8 2
691 68
1 5 2
47 687
1 10 2
677 650
1 3 2
71 316
1 15 2
111 630
1 14 2
130 679
1 3 2
667 610
1 14 2
8 221
1 14 2
437 195
1 2 2
220 310
1 5 2
678 343
1 13 2
667 296
1 7 2
212 656
1 10 2
372 77
1 9 2
159 26
1 14 2
162 287
1 10 2
468 415
1 2 2
413 32
1 3 2
446 556
1 6 2
89 410
1 6 2
133 584
1 10 2
187 440
1 2 2
382 668
1 10 2
672 51
1 3 2
272 78
1 2 2
156 24
1 13 2
29 79
1 5 2
2 361
1 12 2
598 13
1 2 2
411 444
1 13 2
376 526
1 15 2
181 413
1 5 2
413 389
1 11 2
234 133
1 8 2
172 441
1 4 2
391 313
1 2 2
304 96
1 12 2
475 269
1 12 2
627 542
1 13 2
343 511
1 12 2
181 270
1 6 2
148 562
1 13 2
358 209
1 3 2
594 456
1 3 2
178 532
1 4 2
340 505
1 2 2
609 534
1 11 2
183 503
1 4 2
456 334
1 4 2
446 673
1 3 2
420 154
1 9 2
448 116
1 7 2
132 38
1 12 2
428 568
1 6 2
523 519
1 12 2
532 92
1 4 2
66 118
1 7 2
21 229
1 5 2
554 125
1 3 2
104 67
1 7 2
450 297
1 3 2
108 226
1 13 2
488 465
1 2 2
238 510
1 12 2
667 150
1 8 2
303 213
1 8 2
660 333
1 13 2
79 601
1 8 2
8 401
1 12 2
338 187
1 8 2
580 456
1 4 2
629 612
1 6 2
663 317
1 2 2
569 226
1 14 2
474 446
1 12 2
60 522
1 7 2
512 291
1 8 2
628 355
1 6 2
615 346
1 10 2
384 651
1 8 2
551 194
1 5 2
648 268
1 12 2
109 382
1 10 2
94 50
1 2 2
224 231
1 15 2
56 624
1 15 2
462 383
1 13 2
169 554
1 11 2
366 342
1 7 2
600 259
1 7 2
316 361
1 3 2
157 41
1 12 2
509 95
1 3 2
298 198
1 3 2
297 447
1 12 2
82 267
1 4 2
514 576
1 9 2
621 369
1 8 2
313 177
1 15 2
464 485
1 14 2
158 275
1 6 2
394 343
1 13 2
128 513
1 11 2
559 536
1 8 2
232 609
1 2 2
140 663
1 8 2
147 528
1 13 2
257 549
1 6 2
108 402
1 13 2
544 540
1 15 2
25 357
1 7 2
69 340
1 3 2
504 271
1 12 2
196 421
1 8 2
192 610
1 8 2
547 589
1 6 2
65 548
1 7 2
313 631
1 10 2
501 97
1 7 2
108 30
1 11 2
564 521
1 4 2
488 22
1 6 2
266 504
1 13 2
96 187
1 8 2
453 697
1 4 2
180 590
1 13 2
3 117
1 6 2
54 150
1 4 2
534 139
1 11 2
328 213
1 2 2
337 136
1 8 2
638 235
1 11 2
18 233
1 8 2
360 30
1 12 2
307 297
1 14 2
117 189
1 8 2
492 233
1 9 2
165 506
1 6 2
144 409
1 5 2
58 38
1 15 2
176 369
1 11 2
129 92
1 8 2
77 575
1 10 2
350 236
1 8 2
627 29
1 4 2
569 193
1 14 2
690 136
1 9 2
55 483
1 3 2
231 274
1 11 2
284 595
1 5 2
374 429
1 13 2
134 242
1 11 2
455 289
1 7 2
67 275
1 12 2
389 391
1 2 2
299 159
1 5 2
175 61
1 12 2
191 362
1 9 2
387 456
1 8 2
588 73
1 5 2
517 659
1 3 2
562 586
1 7 2
651 136
1 7 2
93 488
1 3 2
58 95
1 10 2
240 14
1 2 2
465 336
1 12 2
384 671
1 2 2
549 117
1 10 2
493 383
1 13 2
484 244
1 2 2
0 643
1 14 2
463 267
1 4 2
569 667
1 13 2
371 694
1 3 2
201 527
1 13 2
25 280
1 4 2
206 331
1 11 2
266 531
1 9 2
280 348
1 3 2
290 190
1 10 2
328 489
1 4 2
495 417
1 8 2
540 430
1 12 2
197 289
1 9 2
543 183
1 3 2
320 306
1 12 2
467 164
1 8 2
210 447
1 5 2
100 42
1 15 2
37 611
1 12 2
301 579
1 8 2
132 475
1 7 2
188 644
1 2 2
387 7
1 3 2
308 500
1 13 2
190 414
1 8 2
342 310
1 8 2
30 89
1 6 2
71 129
1 4 2
71 340
1 15 2
380 217
1 14 2
405 90
1 10 2
264 592
1 2 2
658 213
1 14 2
417 505
1 3 2
171 103
1 2 2
229 640
1 9 2
307 329
1 2 2
423 668
1 5 2
378 266
1 13 2
292 610
1 12 2
98 625
1 2 2
621 593
1 4 2
80 229
1 15 2
610 81
1 13 2
285 306
1 14 2
633 131
1 9 2
246 77
1 13 2
17 146
1 10 2
93 485
1 11 2
530 250
1 2 2
239 372
1 9 2
44 677
1 9 2
575 581
1 5 2
174 230
1 5 2
276 359
1 3 2
169 196
1 3 2
136 207
1 15 2
94 273
1 4 2
265 318
1 11 2
151 522
1 4 2
114 403
1 13 2
329 294
1 8 2
609 480
1 15 2
388 26
1 2 2
69 636
1 12 2
401 502
1 4 2
640 20
1 9 2
187 127
1 12 2
153 55
1 11 2
404 36
1 5 2
461 11
1 2 2
502 51
1 8 2
581 517
1 6 2
364 577
1 3 2
688 650
1 10 2
91 670
1 11 2
657 661
1 5 2
694 669
1 11 2
549 683
1 14 2
350 503
1 15 2
8 40
1 3 2
28 533
1 13 2
602 277
1 15 2
219 126
1 9 2
218 659
1 4 2
579 423
1 6 2
207 557
1 12 2
540 142
1 5 2
437 152
1 12 2
542 174
1 7 2
504 82
1 5 2
642 120
1 5 2
156 239
1 14 2
178 64
1 12 2
603 261
1 9 2
528 290
1 14 2
655 515
1 2 2
122 100
1 3 2
197 73
1 11 2
16 465
1 4 2
483 298
1 13 2
512 668
1 11 2
617 696
1 2 2
584 168
1 7 2
20 125
1 10 2
109 274
1 15 2
595 463
1 12 2
95 29
1 6 2
630 518
1 6 2
535 499
1 5 2
309 567
1 14 2
245 481
1 5 2
312 298
1 9 2
288 493
1 6 2
521 331
1 6 2
396 597
1 10 2
137 695
1 12 2
268 612
1 8 2
240 182
1 7 2
73 441
1 6 2
284 523
1 11 2
654 234
1 9 2
492 449
1 7 2
258 432
1 10 2
563 514
1 6 2
575 344
1 5 2
23 2
1 9 2
338 185
1 15 2
379 699
1 11 2
525 277
1 3 2
479 383
1 12 2
103 633
1 14 2
324 682
1 15 2
245 617
1 10 2
547 635
1 7 2
213 616
1 6 2
635 353
1 6 2
264 157
1 3 2
533 537
1 12 2
228 244
1 3 2
48 402
1 8 2
554 647
1 5 2
393 55
1 14 2
229 675
1 6 2
201 633
1 11 2
94 289
1 10 2
268 486
1 4 2
507 387
1 14 2
667 254
1 4 2
21 241
1 8 2
310 587
1 7 2
458 408
1 15 2
657 250
1 14 2
53 529
1 7 2
388 235
1 7 2
95 541
1 4 2
76 686
1 4 2
78 684
1 14 2
425 318
1 12 2
627 83
1 15 2
99 446
1 14 2
357 343
1 8 2
158 345
1 2 2
586 403
1 15 2
173 11
1 6 2
36 314
1 2 2
234 616
1 11 2
189 605
1 3 2
270 396
1 13 2
156 518
1 12 2
82 26
1 13 2
44 162
1 7 2
48 19
1 9 2
467 82
1 10 2
129 501
1 7 2
557 282
1 7 2
495 574
1 11 2
190 35
1 4 2
256 144
1 7 2
507 473
1 9 2
553 57
1 15 2
612 438
1 14 2
511 683
1 9 2
674 571
1 5 2
130 113
1 13 2
29 695
1 3 2
685 273
1 10 2
111 277
1 12 2
514 629
1 7 2
30 525
1 5 2
518 641
1 14 2
576 321
1 12 2
287 474
1 2 2
411 51
1 10 2
141 15
1 3 2
436 439
1 15 2
574 539
1 6 2
578 526
1 12 2
305 13
1 15 2
274 676
1 10 2
681 486
1 2 2
97 579
1 5 2
132 593
1 6 2
277 563
1 15 2
667 175
1 2 2
194 253
1 7 2
257 591
1 9 2
38 28
1 11 2
621 600
1 13 2
377 114
1 9 2
527 67
1 8 2
146 209
1 11 2
165 486
1 13 2
57 520
1 8 2
224 546
1 4 2
507 214
1 7 2
523 694
1 3 2
75 458
1 13 2
380 285
1 15 2
530 37
1 11 2
386 100
1 13 2
476 110
1 14 2
670 333
1 14 2
512 395
1 6 2
247 456
1 6 2
567 551
1 13 2
530 12
1 14 2
12 537
1 4 2
592 573
1 6 2
617 251
1 12 2
348 556
1 13 2
660 612
1 10 2
533 374
1 12 2
444 449
1 12 2
219 433
1 8 2
607 218
1 8 2
550 438
1 4 2
334 609
1 6 2
516 381
1 5 2
321 120
1 8 2
397 649
1 9 2
435 401
1 5 2
320 448
1 15 2
14 201
1 8 2
481 85
1 7 2
197 506
1 9 2
447 142
1 6 2
89 99
1 4 2
583 306
1 12 2
500 120
1 11 2
11 112
1 3 2
340 548
1 8 2
223 47
1 8 2
531 452
1 7 2
593 316
1 5 2
432 186
1 13 2
556 545
1 13 2
25 518
1 9 2
666 359
1 6 2
21 434
1 2 2
369 672
1 7 2
264 390
1 6 2
685 462
1 9 2
67 162
1 3 2
346 614
1 8 2
503 502
1 6 2
34 138
1 13 2
259 25
1 15 2
60 652
1 13 2
465 249
1 7 2
11 528
1 14 2
160 216
1 7 2
311 450
1 3 2
290 107
1 2 2
542 489
1 9 2
60 231
1 8 2
347 540
1 2 2
613 606
1 7 2
83 17
1 9 2
464 582
1 4 2
477 343
1 8 2
250 626
1 11 2
198 195
1 13 2
13 402
1 5 2
185 575
1 15 2
346 403
1 14 2
581 627
1 7 2
480 366
1 3 2
383 22
1 14 2
365 238
1 12 2
530 535
1 8 2
434 306
1 6 2
243 671
1 14 2
603 442
1 13 2
179 445
1 9 2
13 535
1 12 2
195 416
1 13 2
440 585
1 6 2
517 411
1 6 2
143 195
1 7 2
383 245
1 10 2
591 96
1 2 2
403 275
1 5 2
33 235
1 7 2
603 163
1 3 2
187 183
1 13 2
29 350
1 6 2
378 169
1 15 2
291 666
1 7 2
551 359
1 11 2
170 400
1 13 2
305 695
1 15 2
558 295
1 12 2
178 207
1 15 2
666 142
1 12 2
68 427
1 11 2
433 44
1 12 2
289 135
1 8 2
567 539
1 4 2
140 561
1 7 2
620 29
1 3 2
574 442
1 11 2
110 147
1 7 2
265 43
1 7 2
184 594
1 13 2
663 524
1 5 2
678 332
1 7 2
235 176
1 13 2
99 210
1 13 2
680 281
1 9 2
313 252
1 7 2
426 413
1 7 2
442 436
1 6 2
212 346
1 15 2
659 456
1 8 2
442 591
1 5 2
155 186
1 12 2
270 223
1 10 2
10 673
1 4 2
273 488
1 12 2
643 272
1 9 2
28 140
1 12 2
296 110
1 5 2
334 259
1 9 2
21 146
1 14 2
214 173
1 3 2
486 357
1 4 2
163 368
1 9 2
171 509
1 10 2
633 126
1 2 2
609 685
1 5 2
208 327
1 2 2
162 416
1 4 2
358 329
1 9 2
90 161
1 5 2
367 200
1 15 2
489 224
1 11 2
140 311
1 10 2
164 29
1 15 2
457 550
1 6 2
506 640
1 13 2
365 264
1 7 2
678 234
1 12 2
525 407
1 15 2
513 481
1 6 2
107 44
1 10 2
254 525
1 4 2
563 523
1 7 2
419 305
1 8 2
148 640
1 10 2
393 319
1 5 2
566 543
1 12 2
686 448
1 2 2
535 83
1 9 2
214 403
1 15 2
371 78
1 7 2
87 633
1 4 2
447 76
1 14 2
28 436
1 4 2
229 222
1 10 2
33 642
1 12 2
64 576
1 12 2
379 272
1 5 2
357 176
1 9 2
654 546
1 12 2
653 136
1 9 2
328 231
1 10 2
391 669
1 8 2
236 42
1 12 2
336 425
1 7 2
1 507
1 8 2
529 371
1 14 2
161 457
1 10 2
682 122
1 3 2
299 238
1 3 2
699 50
1 9 2
606 125
1 5 2
666 572
1 11 2
694 362
1 5 2
510 662
1 8 2
218 497
1 10 2
228 433
1 8 2
314 157
1 13 2
18 571
1 2 2
544 531
1 12 2
48 272
1 9 2
116 335
1 6 2
577 78
1 3 2
120 549
1 8 2
425 38
1 2 2
367 572
1 7 2
639 618
1 4 2
318 457
1 2 2
66 159
1 10 2
474 87
1 7 2
130 397
1 10 2
263 54
1 5 2
565 389
1 8 2
570 674
1 3 2
399 683
1 10 2
623 417
1 7 2
694 368
1 10 2
431 448
1 4 2
156 502
1 2 2
579 311
1 9 2
151 615
1 2 2
107 258
1 14 2
279 219
1 6 2
648 317
1 7 2
140 178
1 3 2
212 617
1 13 2
28 584
1 8 2
523 427
1 8 2
424 148
1 9 2
300 371
1 6 2
402 561
1 14 2
592 594
1 3 2
466 272
1 7 2
574 510
1 3 2
467 269
1 2 2
159 63
1 5 2
38 355
1 4 2
15 320
1 8 2
336 44
1 15 2
180 100
1 11 2
222 650
1 9 2
506 683
1 6 2
653 699
1 6 2
406 177
1 9 2
385 671
1 13 2
147 79
1 10 2
682 307
1 2 2
651 644
1 10 2
399 365
1 10 2
414 243
1 4 2
695 386
1 2 2
583 260
1 5 2
191 613
1 5 2
441 500
1 3 2
259 664
1 3 2
16 424
1 3 2
352 310
1 7 2
464 369
1 7 2
668 127
1 7 2
683 251
1 10 2
137 364
1 3 2
436 84
1 4 2
384 81
1 10 2
52 600
1 8 2
693 446
1 11 2
276 81
1 9 2
640 461
1 12 2
394 439
1 15 2
472 212
1 2 2
80 414
1 15 2
587 535
1 6 2
446 311
1 9 2
29 486
1 6 2
674 185
1 8 2
457 183
1 4 2
124 20
1 12 2
654 217
1 11 2
643 601
1 14 2
579 237
1 7 2
32 687
1 11 2
671 560
1 15 2
580 334
1 9 2
147 607
1 3 2
66 416
1 7 2
584 570
1 9 2
349 591
1 15 2
118 277
1 3 2
79 256
1 14 2
46 19
1 10 2
69 324
1 11 2
392 343
1 2 2
374 99
1 8 2
392 452
1 4 2
467 354
1 14 2
539 35
1 9 2
369 592
1 15 2
109 30
1 2 2
147 569
1 12 2
456 380
1 3 2
689 273
1 8 2
177 185
1 12 2
637 223
1 11 2
141 211
1 9 2
3 116
1 11 2
323 36
1 6 2
271 181
1 10 2
513 141
1 2 2
413 372
1 9 2
578 421
1 7 2
128 624
1 13 2
112 49
1 14 2
150 446
1 12 2
333 551
1 11 2
432 361
1 12 2
521 258
1 6 2
160 355
1 11 2
129 21
1 6 2
164 140
1 13 2
686 307
1 12 2
448 557
1 3 2
649 192
1 10 2
419 119
1 4 2
146 368
1 15 2
326 36
1 13 2
267 632
1 10 2
572 645
1 9 2
504 161
1 7 2
521 254
1 6 2
119 87
1 2 2
25 73
1 3 2
692 403
1 7 2
29 209
1 6 2
76 473
1 6 2
22 236
1 6 2
622 49
1 5 2
199 96
1 7 2
663 48
1 3 2
246 33
1 14 2
244 177
1 11 2
686 275
1 10 2
540 351
1 3 2
220 451
1 7 2
441 298
1 11 2
629 564
1 9 2
259 548
1 10 2
647 350
1 4 2
610 27
1 6 2
383 36
1 12 2
661 164
1 12 2
45 184
1 10 2
95 449
1 6 2
334 202
1 12 2
335 362
1 8 2
575 246
1 2 2
447 240
