700 5600 2100
9 22 22 13 8 13 17 8 8 16 14 17 12 20 12 17 21 5 16 9 6 5 16 5 18 10 8 14 12 18 13 15 8 22 15 13 8 6 10 12 19 15 13 22 6 8 9 15 12 13 5 23 5 13 18 14 13 9 11 6 13 7 9 22 11 5 19 6 18 19 10 20 10 7 11 19 8 25 19 23 10 8 25 10 22 13 21 5 23 21 7 15 16 14 14 6 18 15 20 22 14 5 7 25 12 19 16 20 12 16 24 21 8 23 15 8 24 15 15 23 20 9 5 21 7 8 16 5 8 22 23 22 11 13 14 14 15 25 22 22 24 17 9 17 17 7 13 22 24 17 10 9 17 7 22 18 11 13 23 6 16 16 24 5 10 5 18 23 8 14 5 9 23 13 11 15 17 15 18 23 5 16 14 5 23 17 8 9 20 12 20 9 25 12 20 22 15 25 18 14 14 11 6 15 19 22 15 11 14 10 7 6 5 19 20 19 10 15 7 20 17 18 8 8 11 14 8 21 17 24 22 11 13 8 9 17 14 22 9 16 5 22 21 20 14 21 17 5 25 17 8 8 13 24 14 13 25 9 24 25 5 17 18 21 18 15 14 7 22 5 21 12 11 23 13 21 12 5 19 14 13 9 16 24 16 10 12 16 18 21 6 23 21 17 20 8 16 16 7 9 20 12 16 11 24 6 11 23 19 5 7 21 25 9 8 12 7 20 23 8 23 9 14 14 5 8 15 5 16 9 25 19 5 12 15 13 8 23 14 12 10 5 17 24 17 7 7 7 20 20 13 21 5 14 24 10 8 6 25 11 13 19 7 5 9 19 15 24 6 12 5 23 22 18 17 16 23 7 19 8 24 9 24 12 18 11 15 21 23 18 9 24 14 25 19 12 14 19 13 13 9 24 8 16 7 9 17 20 17 25 10 20 18 9 6 14 12 5 16 15 15 6 22 5 9 14 12 23 15 25 25 22 5 20 11 18 14 11 5 14 9 21 17 10 6 8 6 18 12 7 13 22 21 9 24 14 18 10 24 10 22 5 23 13 19 13 25 13 20 14 23 22 19 23 21 21 7 6 5 10 18 8 16 16 5 24 19 25 19 6 19 5 20 8 9 20 10 9 25 22 24 14 20 19 19 5 12 8 8 22 15 5 24 5 25 10 14 18 8 13 11 13 10 25 8 25 19 14 11 13 5 21 16 6 21 7 7 10 25 12 16 25 14 7 15 7 22 7 19 17 14 20 13 14 8 24 6 20 15 22 7 14 24 25 8 7 9 5 18 13 16 16 13 22 20 8 22 5 23 23 11 14 9 16 9 19 13 7 10 18 9 9 21 20 11 6 25 24 5 20 7 23 15 14 6 19 15 14 11 7 25 16 22 7 12 19 8 19 6 21 12 8 11 23 25 13 5 11 7 10 15 16 14 23 14 9 18 10 23 15 14 11 20 22 7 13 23 22 20 8 8 7 11 7 8 9 24 14 14 25 19 5 17 23 13 23 11 23 21 6 9 21 12 17 23 21 23 21 13 12 19 12 16 19 12 9 22 21 6 6 10 16 15 16 6 16 24 19 18 24
3 10 14 7 12 14 5 8 11 12 7 11 7 10 11 7 11 17 20 13 3 14 10 3 9 16 11 19 3 14 15 11 5 7 19 18 10 17 17 5 11 18 14 13 10 10 15 11 18 6 4 17 11 17 16 19 13 11 15 14 9 6 3 3 19 16 5 5 18 7 19 20 15 5 9 19 12 8 14 4 16 16 18 6 3 3 8 4 12 19 4 15 10 18 6 18 10 16 15 10 17 8 3 18 9 14 4 8 4 19 9 18 11 16 9 6 15 18 5 10 18 19 4 10 14 19 6 7 17 20 14 18 6 20 11 14 8 14 13 16 11 12 15 8 19 11 6 9 7 20 17 18 12 16 14 8 9 15 14 19 15 8 19 6 15 8 10 16 4 14 11 3 3 7 3 5 16 4 4 7 10 5 16 9 16 13 7 19 18 3 9 4 7 3 8 20 13 14 4 8 14 9 7 17 5 16 5 3 11 15 8 11 20 17 16 14 12 4 5 13 4 12 19 5 15 5 4 19 6 16 14 17 16 4 18 7 9 5 4 13 17 5 7 13 14 12 14 3 13 9 13 9 13 7 10 15 4 18 14 3 12 6 11 18 9 4 17 3 3 13 16 7 9 10 7 11 4 3 11 9 4 13 8 15 10 19 15 17 19 19 6 6 10 18 6 14 18 3 14 11 7 11 3 12 12 9 9 9 20 8 11 13 15 16 16 11 12 18 9 8 10 13 16 18 15 5 14 4 18 5 10 9 19 10 18 19 14 11 3 4 5 6 14 15 12 15 17 8 18 4 8 20 16 10 12 9 13 20 15 14 13 10 19 8 14 3 10 6 15 10 7 10 17 15 9 6 12 17 15 5 5 16 7 19 12 11 9 19 14 15 14 12 6 5 4 19 14 20 3 5 9 17 16 13 11 9 14 19 18 4 7 11 14 10 8 9 18 4 13 12 16 3 7 3 10 5 14 13 14 5 12 18 8 13 12 11 10 8 5 3 17 14 13 20 5 3 3 15 7 9 16 7 18 17 10 12 10 18 14 12 18 5 18 6 12 19 8 6 20 7 5 19 10 11 11 3 19 10 4 10 4 20 4 5 11 3 16 19 17 5 18 11 11 18 17 7 3 20 5 9 4 15 10 10 10 9 13 14 15 15 13 14 7 4 15 11 16 11 16 4 8 17 17 13 10 9 18 4 19 8 17 4 12 5 3 19 3 14 5 12 18 6 19 18 9 6 3 11 17 17 11 18 7 3 9 9 16 13 9 15 11 4 9 20 14 15 3 5 5 13 14 14 10 9 18 8 6 3 13 16 3 20 18 17 8 6 10 6 11 10 10 19 7 4 10 9 18 5 7 3 12 19 7 13 17 5 13 17 16 11 13 18 11 8 14 9 5 12 8 13 19 11 4 12 7 11 4 11 11 12 4 15 12 11 16 13 5 3 20 20 12 20 16 3 11 7 7 16 6 4 7 19 20 10 7 18 16 12 5 8 15 13 18 7 13 16 3 12 5 6 18 19 4 10 4 6 10 18 10 19 14 15 3 4 5 3 16 14 17 7 6 5 11 19 8 19 12 9 7 15
1 8 2
665 19
1 5 2
185 323
1 6 2
44 448
1 11 2
80 580
1 10 2
130 571
1 8 2
91 592
1 14 2
660 496
1 5 2
146 432
1 15 2
189 8
1 13 2
589 522
1 10 2
138 565
1 13 2
371 109
1 7 2
101 619
1 2 2
547 194
1 8 2
93 320
1 3 2
534 349
1 3 2
273 419
1 9 2
81 278
1 3 2
611 500
1 12 2
607 678
1 10 2
587 144
1 12 2
458 560
1 8 2
179 593
1 2 2
408 557
1 12 2
316 635
1 15 2
560 620
1 12 2
243 83
1 3 2
29 575
1 2 2
351 414
1 12 2
230 239
1 6 2
382 413
1 9 2
41 42
1 10 2
398 399
1 9 2
304 208
1 9 2
420 312
1 12 2
152 480
1 11 2
153 428
1 15 2
137 193
1 9 2
346 544
1 6 2
595 679
1 14 2
260 451
1 2 2
414 353
1 9 2
39 226
1 12 2
601 31
1 4 2
596 655
1 9 2
540 78
1 9 2
671 119
1 5 2
686 55
1 8 2
543 209
1 2 2
471 537
1 4 2
645 693
1 4 2
392 376
1 13 2
643 374
1 14 2
469 6
1 13 2
521 601
1 6 2
441 684
1 3 2
50 554
1 5 2
97 552
1 10 2
610 155
1 8 2
340 76
1 4 2
18 615
1 11 2
616 315
1 9 2
207 621
1 12 2
137 494
1 11 2
407 378
1 12 2
325 379
1 13 2
208 104
1 4 2
509 34
1 13 2
622 365
1 13 2
529 594
1 14 2
597 161
1 10 2
693 498
1 8 2
489 68
1 10 2
575 498
1 11 2
398 671
1 10 2
90 598
1 2 2
17 266
1 15 2
561 419
1 2 2
590 47
1 12 2
6 455
1 9 2
454 93
1 6 2
167 210
1 5 2
120 435
1 4 2
605 171
1 4 2
93 273
1 14 2
145 121
1 13 2
108 461
1 11 2
585 150
1 7 2
179 89
1 9 2
319 480
1 10 2
417 413
1 8 2
594 550
1 13 2
679 461
1 3 2
97 487
1 5 2
602 285
1 14 2
583 505
1 2 2
367 653
1 15 2
249 132
1 6 2
654 345
1 11 2
597 283
1 6 2
296 534
1 14 2
73 490
1 13 2
108 31
1 13 2
461 578
1 4 2
542 223
1 9 2
340 536
1 15 2
197 132
1 7 2
247 380
1 11 2
186 13
1 14 2
452 489
1 13 2
391 566
1 14 2
213 676
1 13 2
638 374
1 7 2
427 384
1 12 2
221 91
1 6 2
196 2
1 2 2
605 162
1 11 2
603 341
1 15 2
548 137
1 4 2
168 485
1 7 2
573 41
1 11 2
84 363
1 2 2
352 25
1 10 2
170 388
1 2 2
415 353
1 6 2
637 514
1 5 2
360 491
1 15 2
304 619
1 2 2
122 341
1 5 2
86 452
1 6 2
491 210
1 12 2
318 326
1 6 2
361 167
1 11 2
54 47
1 3 2
273 120
1 12 2
169 279
1 12 2
296 652
1 13 2
394 198
1 7 2
263 383
1 13 2
585 556
1 5 2
18 462
1 15 2
20 406
1 3 2
159 343
1 13 2
623 178
1 4 2
325 152
1 5 2
473 450
1 8 2
90 383
1 4 2
656 430
1 5 2
522 68
1 8 2
427 383
1 4 2
56 617
1 10 2
663 524
1 10 2
568 368
1 12 2
190 650
1 10 2
148 167
1 4 2
484 32
1 10 2
373 178
1 2 2
482 636
1 4 2
204 47
1 10 2
280 435
1 4 2
588 643
1 7 2
148 152
1 2 2
195 650
1 4 2
567 58
1 8 2
138 477
1 11 2
539 500
1 2 2
499 174
1 4 2
112 42
1 12 2
343 159
1 13 2
316 128
1 6 2
215 480
1 3 2
649 244
1 3 2
165 242
1 5 2
333 366
1 9 2
479 590
1 12 2
170 173
1 11 2
545 211
1 6 2
132 688
1 7 2
444 71
1 4 2
527 622
1 6 2
175 457
1 6 2
660 651
1 5 2
52 93
1 11 2
57 597
1 11 2
265 426
1 6 2
515 307
1 10 2
171 185
1 5 2
213 504
1 4 2
505 5
1 5 2
613 401
1 5 2
562 309
1 14 2
527 686
1 10 2
493 362
1 2 2
656 242
1 11 2
269 589
1 2 2
71 457
1 15 2
216 171
1 12 2
528 67
1 9 2
409 517
1 6 2
551 107
1 10 2
198 674
1 3 2
335 410
1 12 2
288 532
1 14 2
166 100
1 2 2
108 515
1 13 2
336 512
1 14 2
678 441
1 13 2
475 111
1 2 2
497 538
1 2 2
90 234
1 3 2
309 137
1 9 2
660 397
1 13 2
450 53
1 15 2
463 121
1 5 2
530 462
1 9 2
13 281
1 3 2
126 87
1 5 2
94 492
1 11 2
442 427
1 4 2
570 113
1 7 2
201 484
1 14 2
523 505
1 12 2
587 583
1 12 2
231 81
1 7 2
251 91
1 4 2
457 310
1 3 2
137 112
1 11 2
181 622
1 6 2
18 64
1 12 2
90 603
1 3 2
316 5
1 2 2
196 239
1 15 2
89 481
1 12 2
205 62
1 15 2
690 265
1 4 2
436 38
1 14 2
0 508
1 15 2
440 591
1 4 2
577 475
1 10 2
176 86
1 6 2
269 402
1 3 2
172 569
1 12 2
420 491
1 5 2
463 548
1 3 2
447 448
1 3 2
277 626
1 13 2
382 19
1 8 2
516 80
1 8 2
367 672
1 7 2
46 186
1 7 2
681 608
1 5 2
456 412
1 13 2
160 590
1 12 2
301 529
1 15 2
141 199
1 9 2
357 341
1 5 2
158 96
1 6 2
427 390
1 5 2
12 154
1 10 2
16 206
1 4 2
633 653
1 13 2
254 305
1 12 2
506 380
1 15 2
54 417
1 7 2
576 96
1 14 2
190 563
1 6 2
419 566
1 15 2
162 3
1 11 2
245 238
1 3 2
445 520
1 3 2
606 248
1 8 2
584 492
1 8 2
473 212
1 3 2
351 450
1 14 2
5 365
1 12 2
205 34
1 11 2
422 460
1 4 2
429 693
1 7 2
538 539
1 15 2
600 510
1 15 2
384 310
1 14 2
274 425
1 11 2
392 379
1 13 2
562 193
1 10 2
518 8
1 10 2
455 65
1 11 2
92 395
1 5 2
469 39
1 7 2
264 591
1 10 2
550 83
1 13 2
604 217
1 5 2
441 515
1 8 2
97 10
1 4 2
179 191
1 14 2
187 435
1 5 2
50 344
1 14 2
4 334
1 2 2
310 236
1 8 2
438 351
1 3 2
599 309
1 3 2
573 280
1 6 2
455 147
1 10 2
75 137
1 12 2
554 49
1 3 2
259 690
1 13 2
44 239
1 15 2
663 546
1 9 2
94 6
1 3 2
350 221
1 5 2
20 636
1 14 2
410 23
1 9 2
51 126
1 12 2
436 501
1 15 2
205 302
1 10 2
200 681
1 7 2
664 6
1 8 2
643 393
1 10 2
465 552
1 13 2
583 196
1 11 2
8 403
1 8 2
369 388
1 9 2
446 540
1 9 2
409 270
1 13 2
437 668
1 13 2
68 236
1 14 2
443 16
1 2 2
632 514
1 14 2
522 572
1 15 2
692 52
1 8 2
16 538
1 7 2
643 475
1 10 2
282 450
1 7 2
249 255
1 14 2
358 57
1 13 2
50 423
1 9 2
687 231
1 11 2
202 682
1 14 2
385 105
1 4 2
510 64
1 13 2
228 603
1 8 2
647 541
1 2 2
520 522
1 3 2
364 92
1 8 2
604 477
1 4 2
192 552
1 6 2
62 180
1 10 2
688 574
1 9 2
142 656
1 9 2
369 583
1 11 2
319 6
1 3 2
461 106
1 5 2
535 224
1 15 2
208 516
1 12 2
695 656
1 15 2
659 345
1 6 2
474 202
1 12 2
489 225
1 2 2
275 1
1 2 2
54 375
1 13 2
197 138
1 13 2
250 112
1 2 2
508 366
1 9 2
436 222
1 5 2
678 59
1 14 2
567 334
1 14 2
430 79
1 10 2
638 671
1 6 2
416 682
1 7 2
363 499
1 13 2
369 143
1 11 2
145 627
1 14 2
13 585
1 14 2
288 256
1 2 2
506 285
1 5 2
601 340
1 8 2
436 479
1 7 2
531 292
1 15 2
138 5
1 12 2
233 266
1 4 2
434 663
1 2 2
640 521
1 15 2
54 431
1 5 2
403 43
1 11 2
197 534
1 10 2
395 453
1 11 2
346 19
1 14 2
357 461
1 6 2
316 541
1 6 2
101 631
1 13 2
264 363
1 2 2
476 54
1 4 2
387 656
1 3 2
128 104
1 3 2
1 576
1 7 2
576 168
1 9 2
396 227
1 5 2
335 528
1 13 2
498 572
1 7 2
82 455
1 4 2
580 451
1 7 2
202 259
1 11 2
642 458
1 11 2
39 151
1 13 2
661 198
1 12 2
492 129
1 8 2
258 490
1 11 2
671 374
1 12 2
578 323
1 4 2
479 223
1 6 2
551 607
1 7 2
429 194
1 9 2
402 643
1 7 2
43 168
1 3 2
192 473
1 7 2
154 431
1 8 2
696 518
1 14 2
508 482
1 9 2
375 694
1 12 2
192 417
1 14 2
186 516
1 13 2
606 668
1 15 2
436 284
1 7 2
366 521
1 14 2
119 330
1 5 2
576 505
1 6 2
541 314
1 9 2
324 457
1 14 2
689 375
1 6 2
662 612
1 15 2
533 264
1 14 2
621 497
1 8 2
578 458
1 12 2
18 253
1 6 2
383 540
1 14 2
546 583
1 3 2
554 244
1 13 2
615 4
1 4 2
327 454
1 8 2
377 117
1 2 2
91 197
1 5 2
107 479
1 4 2
461 381
1 15 2
581 221
1 6 2
668 597
1 11 2
569 687
1 10 2
402 593
1 11 2
67 273
1 7 2
248 233
1 6 2
409 29
1 12 2
462 343
1 13 2
692 511
1 12 2
641 203
1 14 2
366 272
1 5 2
558 576
1 5 2
231 292
1 7 2
309 21
1 10 2
536 575
1 10 2
262 191
1 14 2
139 184
1 4 2
681 263
1 11 2
502 44
1 4 2
587 420
1 5 2
125 267
1 6 2
403 392
1 10 2
35 170
1 5 2
204 548
1 8 2
34 208
1 13 2
309 122
1 10 2
532 313
1 9 2
320 240
1 7 2
221 63
1 15 2
631 615
1 3 2
672 34
1 15 2
599 58
1 13 2
613 446
1 11 2
306 374
1 8 2
340 696
1 10 2
2 336
1 6 2
644 304
1 12 2
311 596
1 9 2
314 594
1 3 2
401 134
1 2 2
220 168
1 9 2
639 101
1 2 2
456 649
1 2 2
574 475
1 11 2
257 53
1 4 2
414 692
1 4 2
649 449
1 3 2
212 295
1 2 2
140 527
1 9 2
540 34
1 8 2
514 179
1 11 2
636 666
1 7 2
449 667
1 12 2
314 559
1 7 2
161 269
1 11 2
382 624
1 12 2
192 622
1 8 2
573 664
1 14 2
331 16
1 7 2
151 433
1 10 2
337 186
1 4 2
488 12
1 3 2
427 453
1 3 2
532 143
1 5 2
337 17
1 7 2
286 461
1 13 2
260 428
1 4 2
327 441
1 8 2
126 298
1 15 2
529 152
1 6 2
668 168
1 15 2
507 695
1 3 2
479 248
1 6 2
661 565
1 4 2
488 112
1 2 2
224 81
1 6 2
467 698
1 13 2
33 67
1 5 2
259 558
1 14 2
21 598
1 14 2
73 11
1 8 2
577 434
1 9 2
616 477
1 14 2
529 515
1 2 2
578 140
1 12 2
50 326
1 15 2
603 617
1 15 2
74 675
1 6 2
32 140
1 13 2
407 74
1 6 2
480 524
1 10 2
579 110
1 4 2
55 612
1 13 2
601 229
1 2 2
58 222
1 2 2
477 641
1 9 2
377 176
1 6 2
421 294
1 6 2
8 307
1 6 2
283 69
1 5 2
259 52
1 9 2
271 270
1 14 2
460 251
1 12 2
127 470
1 5 2
80 235
1 13 2
457 615
1 10 2
482 196
1 7 2
407 50
1 4 2
0 313
1 6 2
113 124
1 14 2
456 170
1 11 2
573 592
1 12 2
292 92
1 9 2
511 193
1 10 2
590 23
1 8 2
436 576
1 14 2
443 266
1 11 2
570 697
1 13 2
50 318
1 8 2
477 681
1 2 2
315 336
1 9 2
472 603
1 12 2
607 287
1 12 2
162 103
1 4 2
669 48
1 3 2
54 432
1 5 2
218 598
1 6 2
185 638
1 10 2
397 212
1 4 2
401 139
1 7 2
247 239
1 3 2
478 283
1 12 2
50 659
1 15 2
195 279
1 8 2
228 644
1 12 2
302 83
1 2 2
560 613
1 5 2
626 162
1 8 2
678 688
1 15 2
149 506
1 11 2
221 354
1 3 2
492 395
1 6 2
331 284
1 13 2
499 10
1 6 2
688 11
1 15 2
37 287
1 3 2
379 143
1 3 2
655 408
1 9 2
383 205
1 12 2
519 82
1 15 2
93 357
1 8 2
352 4
1 2 2
195 311
1 4 2
551 555
1 3 2
645 403
1 15 2
595 431
1 8 2
335 256
1 14 2
298 371
1 6 2
273 27
1 14 2
21 232
1 4 2
415 131
1 10 2
124 382
1 15 2
690 178
1 5 2
494 417
1 8 2
52 524
1 8 2
688 89
1 3 2
383 680
1 8 2
558 318
1 11 2
127 24
1 5 2
446 227
1 15 2
545 655
1 2 2
359 503
1 12 2
490 228
1 2 2
290 189
1 14 2
489 529
1 7 2
44 110
1 7 2
577 332
1 7 2
141 150
1 12 2
500 478
1 8 2
442 359
1 5 2
686 617
1 13 2
522 88
1 5 2
509 460
1 11 2
257 148
1 12 2
489 35
1 9 2
384 92
1 11 2
259 281
1 15 2
600 396
1 7 2
249 283
1 13 2
689 300
1 15 2
315 296
1 9 2
215 265
1 2 2
621 42
1 4 2
537 183
1 8 2
359 165
1 12 2
386 216
1 6 2
492 314
1 3 2
76 491
1 7 2
576 377
1 9 2
369 588
1 15 2
332 43
1 2 2
88 428
1 12 2
171 238
1 5 2
461 95
1 8 2
304 580
1 4 2
305 634
1 7 2
549 352
1 12 2
378 240
1 2 2
441 228
1 4 2
289 640
1 14 2
47 194
1 15 2
426 444
1 3 2
308 112
1 14 2
485 625
1 15 2
0 381
1 15 2
427 593
1 3 2
669 391
1 5 2
690 91
1 15 2
413 374
1 6 2
450 377
1 4 2
687 655
1 9 2
209 53
1 4 2
484 677
1 8 2
652 648
1 14 2
678 669
1 11 2
263 509
1 8 2
445 46
1 8 2
325 163
1 14 2
305 391
1 5 2
585 520
1 9 2
323 114
1 13 2
418 596
1 6 2
318 694
1 15 2
685 251
1 4 2
581 677
1 10 2
493 73
1 10 2
93 619
1 4 2
639 608
1 6 2
586 698
1 11 2
269 529
1 6 2
436 649
1 4 2
447 466
1 9 2
101 73
1 8 2
32 276
1 9 2
452 36
1 8 2
369 12
1 2 2
204 148
1 9 2
397 437
1 3 2
155 575
1 14 2
350 441
1 13 2
97 3
1 12 2
433 498
1 9 2
266 142
1 12 2
15 690
1 13 2
612 90
1 9 2
156 184
1 7 2
132 664
1 4 2
257 311
1 8 2
538 636
1 12 2
155 12
1 15 2
504 373
1 8 2
661 527
1 7 2
677 323
1 9 2
273 204
1 13 2
507 280
1 4 2
518 240
1 5 2
80 624
1 5 2
635 442
1 4 2
411 493
1 3 2
321 373
1 11 2
680 153
1 13 2
439 292
1 4 2
358 648
1 13 2
62 689
1 11 2
321 511
1 13 2
592 293
1 8 2
597 264
1 3 2
492 311
1 5 2
444 699
1 15 2
371 364
1 7 2
123 294
1 13 2
622 77
1 8 2
600 229
1 4 2
648 546
1 13 2
88 629
1 15 2
84 103
1 13 2
34 227
1 3 2
410 151
1 7 2
244 187
1 13 2
492 89
1 3 2
266 490
1 5 2
300 110
1 3 2
605 153
1 5 2
631 54
1 12 2
546 209
1 9 2
376 143
1 3 2
635 400
1 3 2
249 109
1 12 2
545 675
1 7 2
342 488
1 14 2
430 433
1 11 2
317 613
1 11 2
53 666
1 13 2
330 670
1 6 2
537 495
1 8 2
248 576
1 4 2
397 312
1 15 2
382 633
1 14 2
366 550
1 5 2
39 416
1 12 2
266 503
1 14 2
687 552
1 3 2
316 435
1 9 2
143 458
1 9 2
135 209
1 13 2
494 20
1 9 2
195 610
1 3 2
302 533
1 13 2
483 338
1 13 2
428 398
1 3 2
585 625
1 11 2
18 592
1 7 2
153 685
1 13 2
26 628
1 7 2
103 631
1 11 2
240 89
1 6 2
443 163
1 7 2
593 484
1 2 2
59 233
1 10 2
449 454
1 7 2
235 633
1 7 2
478 155
1 5 2
448 115
1 12 2
148 118
1 11 2
232 646
1 7 2
356 641
1 5 2
413 433
1 7 2
127 301
1 4 2
596 651
1 13 2
224 99
1 13 2
494 387
1 14 2
668 690
1 12 2
663 574
1 12 2
303 128
1 2 2
596 685
1 4 2
224 497
1 9 2
85 394
1 5 2
255 497
1 5 2
71 641
1 5 2
49 198
1 15 2
648 235
1 2 2
629 249
1 3 2
415 100
1 12 2
14 103
1 14 2
371 448
1 4 2
233 387
1 13 2
622 233
1 10 2
400 204
1 7 2
558 550
1 8 2
540 188
1 12 2
92 166
1 14 2
421 138
1 11 2
225 662
1 8 2
200 156
1 10 2
637 22
1 8 2
260 379
1 9 2
416 134
1 11 2
28 85
1 3 2
365 126
1 8 2
87 62
1 4 2
672 430
1 10 2
270 612
1 4 2
372 254
1 12 2
268 340
1 8 2
80 234
1 6 2
662 233
1 9 2
529 86
1 14 2
455 329
1 10 2
48 625
1 14 2
604 551
1 6 2
522 163
1 14 2
609 11
1 6 2
201 553
1 10 2
91 513
1 9 2
560 356
1 14 2
86 385
1 10 2
409 187
1 12 2
495 185
1 13 2
247 193
1 8 2
671 515
1 9 2
64 347
1 9 2
67 537
1 7 2
436 673
1 6 2
224 569
1 12 2
442 530
1 4 2
42 302
1 2 2
219 559
1 15 2
434 410
1 7 2
361 601
1 7 2
135 151
1 2 2
512 85
1 7 2
502 574
1 5 2
455 428
1 14 2
25 529
1 6 2
232 217
1 15 2
66 571
1 14 2
347 101
1 13 2
652 291
1 11 2
561 12
1 2 2
536 314
1 7 2
252 59
1 13 2
143 13
1 3 2
387 374
1 7 2
506 63
1 13 2
522 198
1 15 2
451 489
1 5 2
457 34
1 9 2
504 518
1 2 2
440 101
1 2 2
304 620
1 4 2
620 201
1 11 2
216 500
1 4 2
276 406
1 11 2
258 224
1 12 2
405 102
1 2 2
206 137
1 12 2
3 67
1 6 2
411 622
1 6 2
58 200
1 9 2
273 161
1 3 2
551 30
1 3 2
223 648
1 7 2
399 448
1 5 2
568 615
1 3 2
50 264
1 14 2
143 341
1 9 2
201 553
1 13 2
1 456
1 9 2
431 300
1 6 2
455 294
1 14 2
170 595
1 15 2
22 488
1 8 2
451 693
1 8 2
649 614
1 5 2
497 540
1 8 2
637 646
1 9 2
56 240
1 8 2
494 637
1 14 2
285 511
1 5 2
252 93
1 3 2
675 611
1 2 2
42 371
1 8 2
498 186
1 2 2
695 207
1 13 2
646 538
1 7 2
96 462
1 4 2
82 111
1 2 2
197 500
1 9 2
528 556
1 13 2
463 139
1 4 2
92 317
1 2 2
403 605
1 15 2
573 425
1 14 2
51 506
1 6 2
96 479
1 8 2
274 314
1 15 2
681 167
1 15 2
123 267
1 15 2
683 412
1 11 2
105 336
1 13 2
455 254
1 8 2
630 649
1 5 2
324 638
1 2 2
285 288
1 11 2
295 292
1 3 2
361 399
1 10 2
457 58
1 2 2
107 1
1 4 2
172 586
1 3 2
359 235
1 11 2
84 490
1 5 2
418 340
1 14 2
297 484
1 14 2
384 455
1 3 2
511 652
1 3 2
260 463
1 9 2
298 391
1 15 2
159 217
1 7 2
163 134
1 5 2
532 540
1 15 2
41 312
1 11 2
316 686
1 11 2
127 547
1 14 2
486 56
1 12 2
297 472
1 2 2
75 461
1 3 2
564 308
1 14 2
549 269
1 13 2
213 90
1 14 2
120 159
1 10 2
373 340
1 3 2
307 394
1 10 2
189 487
1 8 2
676 140
1 15 2
200 619
1 2 2
240 156
1 11 2
117 576
1 9 2
370 88
1 8 2
77 166
1 8 2
494 519
1 2 2
188 347
1 9 2
512 643
1 7 2
589 475
1 5 2
225 554
1 6 2
345 321
1 12 2
0 445
1 11 2
183 423
1 8 2
591 452
1 9 2
174 673
1 13 2
481 581
1 2 2
165 226
1 13 2
452 551
1 2 2
341 189
1 9 2
101 86
1 11 2
317 441
1 2 2
562 571
1 2 2
586 386
1 15 2
583 554
1 9 2
369 404
1 2 2
368 79
1 5 2
484 36
1 14 2
408 689
1 9 2
312 643
1 14 2
672 359
1 6 2
632 552
1 6 2
372 458
1 9 2
329 152
1 8 2
446 217
1 14 2
191 216
1 7 2
240 598
1 4 2
190 45
1 7 2
676 492
1 11 2
118 340
1 8 2
448 403
1 6 2
438 685
1 4 2
420 221
1 12 2
196 577
1 12 2
598 137
1 15 2
579 410
1 6 2
430 214
1 5 2
362 324
1 2 2
633 552
1 7 2
213 424
1 10 2
399 31
1 4 2
423 654
1 2 2
60 69
1 15 2
259 291
1 8 2
216 458
1 2 2
234 320
1 15 2
552 498
1 13 2
550 149
1 5 2
213 520
1 13 2
184 454
1 9 2
644 577
1 10 2
265 174
1 15 2
558 678
1 2 2
502 132
1 5 2
628 486
1 11 2
284 126
1 3 2
527 314
1 2 2
343 504
1 15 2
406 247
1 9 2
485 99
1 2 2
393 61
1 15 2
131 456
1 6 2
580 166
1 10 2
22 477
1 9 2
625 576
1 11 2
28 451
1 13 2
172 148
1 10 2
444 24
1 5 2
199 448
1 10 2
70 203
1 14 2
243 178
1 10 2
65 448
1 12 2
489 27
1 7 2
280 126
1 7 2
540 397
1 2 2
471 395
1 2 2
505 452
1 15 2
354 525
1 13 2
92 693
1 4 2
54 319
1 4 2
81 150
1 2 2
209 512
1 15 2
653 163
1 11 2
539 437
1 13 2
66 446
1 6 2
285 337
1 9 2
433 553
1 9 2
125 413
1 14 2
329 44
1 2 2
548 697
1 5 2
676 379
1 13 2
628 652
1 9 2
511 326
1 6 2
538 124
1 7 2
130 241
1 14 2
199 48
1 3 2
683 19
1 13 2
39 256
1 12 2
454 181
1 10 2
66 454
1 15 2
226 15
1 3 2
507 80
1 4 2
176 254
1 8 2
206 589
1 8 2
130 60
1 9 2
127 307
1 9 2
188 110
1 11 2
685 603
1 7 2
640 355
1 11 2
151 670
1 14 2
126 359
1 5 2
145 479
1 7 2
92 342
1 5 2
248 483
1 9 2
205 547
1 8 2
687 307
1 11 2
390 418
1 4 2
100 667
1 7 2
633 1
1 11 2
579 467
1 8 2
374 351
1 3 2
270 555
1 13 2
505 440
1 13 2
668 385
1 7 2
499 126
1 9 2
464 426
1 6 2
673 315
1 8 2
210 497
1 4 2
376 335
1 11 2
3 356
1 8 2
570 351
1 14 2
217 471
1 3 2
151 362
1 2 2
439 129
1 15 2
512 666
1 2 2
678 328
1 6 2
171 684
1 3 2
384 686
1 6 2
364 30
1 4 2
288 594
1 2 2
687 191
1 6 2
472 227
1 13 2
316 485
1 7 2
494 0
1 13 2
687 656
1 12 2
454 650
1 8 2
320 62
1 6 2
578 6
1 15 2
548 418
1 13 2
389 353
1 15 2
109 135
1 14 2
29 342
1 11 2
586 61
1 2 2
195 163
1 12 2
635 246
1 9 2
663 552
1 6 2
690 84
1 13 2
171 262
1 13 2
596 83
1 6 2
367 179
1 7 2
521 492
1 12 2
503 231
1 9 2
276 663
1 4 2
484 41
1 12 2
651 81
1 9 2
594 228
1 11 2
143 391
1 4 2
612 303
1 7 2
135 504
1 7 2
131 313
1 12 2
457 394
1 8 2
16 186
1 9 2
328 336
1 3 2
109 475
1 8 2
94 634
1 11 2
590 284
1 15 2
349 173
1 11 2
374 184
1 9 2
118 325
1 9 2
193 105
1 11 2
138 92
1 15 2
62 500
1 8 2
506 579
1 2 2
84 171
1 11 2
222 391
1 9 2
72 165
1 13 2
347 87
1 15 2
146 317
1 4 2
497 626
1 7 2
125 103
1 10 2
250 335
1 4 2
310 242
1 7 2
473 251
1 5 2
228 101
1 5 2
632 23
1 5 2
61 689
1 7 2
334 373
1 14 2
327 447
1 5 2
648 430
1 11 2
25 662
1 11 2
456 596
1 6 2
497 523
1 9 2
276 694
1 2 2
394 154
1 10 2
595 278
1 14 2
320 652
1 13 2
80 334
1 5 2
205 450
1 7 2
93 695
1 11 2
27 532
1 14 2
606 455
1 13 2
536 686
1 9 2
549 163
1 4 2
355 277
1 13 2
368 433
1 15 2
94 62
1 3 2
689 615
1 3 2
24 171
1 14 2
132 643
1 15 2
163 416
1 14 2
572 587
1 11 2
431 404
1 3 2
48 535
1 10 2
88 501
1 12 2
569 457
1 14 2
175 638
1 3 2
630 224
1 7 2
602 30
1 6 2
41 535
1 10 2
242 517
1 11 2
662 236
1 5 2
416 340
1 14 2
287 86
1 8 2
532 79
1 9 2
497 308
1 4 2
333 385
1 11 2
265 633
1 13 2
48 99
1 11 2
207 350
1 2 2
427 177
1 5 2
231 447
1 7 2
495 500
1 6 2
360 252
1 12 2
13 580
1 5 2
673 120
1 4 2
430 205
1 5 2
342 431
1 15 2
427 592
1 7 2
188 589
1 15 2
423 320
1 7 2
264 15
1 2 2
580 259
1 5 2
162 101
1 6 2
658 76
1 14 2
150 235
1 5 2
614 244
1 10 2
217 358
1 5 2
412 369
1 9 2
670 311
1 12 2
328 591
1 10 2
318 107
1 7 2
543 203
1 13 2
65 379
1 13 2
587 593
1 14 2
187 484
1 15 2
83 304
1 12 2
578 459
1 10 2
99 600
1 12 2
99 568
1 10 2
430 536
1 3 2
668 657
1 4 2
545 385
1 10 2
653 415
1 11 2
642 318
1 13 2
683 673
1 6 2
331 379
1 5 2
391 229
1 10 2
272 374
1 13 2
400 182
1 10 2
46 369
1 6 2
624 594
1 6 2
411 43
1 4 2
160 536
1 8 2
518 329
1 5 2
344 285
1 2 2
483 505
1 2 2
37 521
1 11 2
328 149
1 11 2
86 111
1 13 2
510 263
1 7 2
267 516
1 13 2
213 234
1 14 2
266 506
1 3 2
69 522
1 8 2
247 620
1 8 2
40 497
1 10 2
689 298
1 2 2
112 536
1 4 2
243 666
1 10 2
581 18
1 12 2
376 47
1 2 2
641 607
1 9 2
443 191
1 10 2
435 297
1 8 2
76 160
1 4 2
341 188
1 11 2
263 133
1 10 2
146 562
1 8 2
26 78
1 13 2
25 557
1 12 2
644 413
1 5 2
147 60
1 13 2
284 493
1 12 2
588 359
1 7 2
569 112
1 10 2
200 465
1 9 2
400 325
1 15 2
230 368
1 11 2
338 20
1 12 2
169 625
1 12 2
365 150
1 7 2
219 63
1 9 2
327 668
1 6 2
405 160
1 12 2
285 465
1 9 2
234 45
1 6 2
582 15
1 6 2
413 408
1 14 2
69 671
1 10 2
269 150
1 6 2
29 166
1 3 2
366 677
1 15 2
69 471
1 5 2
305 368
1 13 2
532 638
1 13 2
126 409
1 14 2
420 261
1 3 2
278 407
1 13 2
387 90
1 14 2
293 436
1 14 2
379 569
1 6 2
496 315
1 6 2
637 27
1 14 2
370 276
1 13 2
224 518
1 3 2
381 525
1 6 2
561 249
1 12 2
327 328
1 9 2
115 185
1 2 2
27 35
1 8 2
378 568
1 4 2
209 176
1 7 2
417 352
1 4 2
516 361
1 14 2
136 602
1 13 2
694 61
1 10 2
616 237
1 8 2
212 542
1 11 2
127 193
1 9 2
546 293
1 11 2
285 519
1 12 2
371 278
1 11 2
1 388
1 13 2
221 403
1 13 2
369 524
1 4 2
619 503
1 14 2
693 653
1 2 2
267 617
1 7 2
601 527
1 9 2
388 246
1 13 2
434 399
1 8 2
347 276
1 13 2
178 590
1 7 2
471 168
1 9 2
428 313
1 5 2
141 108
1 8 2
159 193
1 2 2
116 364
1 12 2
418 599
1 13 2
153 640
1 3 2
172 149
1 3 2
547 166
1 14 2
279 37
1 4 2
136 369
1 7 2
183 37
1 4 2
397 281
1 4 2
236 24
1 6 2
462 187
1 2 2
604 566
1 10 2
260 142
1 14 2
675 402
1 9 2
386 445
1 6 2
133 575
1 12 2
85 341
1 6 2
510 617
1 10 2
277 506
1 14 2
5 378
1 14 2
535 542
1 3 2
136 572
1 12 2
502 403
1 10 2
446 58
1 9 2
280 226
1 9 2
54 528
1 6 2
525 369
1 12 2
417 512
1 5 2
275 218
1 4 2
217 356
1 9 2
11 654
1 8 2
221 245
1 11 2
178 554
1 8 2
187 237
1 5 2
296 392
1 4 2
459 20
1 10 2
33 216
1 12 2
485 196
1 11 2
375 323
1 7 2
406 697
1 11 2
159 695
1 3 2
209 524
1 13 2
698 7
1 13 2
96 127
1 14 2
2 491
1 7 2
467 319
1 11 2
472 157
1 5 2
57 203
1 6 2
415 539
1 14 2
183 234
1 10 2
407 24
1 12 2
189 634
1 12 2
281 417
1 5 2
535 52
1 13 2
70 530
1 5 2
145 616
1 4 2
643 487
1 11 2
624 469
1 13 2
335 524
1 14 2
523 147
1 7 2
338 182
1 5 2
639 118
1 7 2
581 307
1 6 2
594 200
1 13 2
387 644
1 15 2
82 481
1 15 2
532 626
1 11 2
595 631
1 2 2
120 94
1 11 2
386 46
1 14 2
335 27
1 9 2
651 503
1 4 2
210 250
1 3 2
619 387
1 2 2
421 329
1 6 2
673 242
1 14 2
545 643
1 6 2
243 221
1 4 2
693 172
1 14 2
390 354
1 15 2
579 609
1 12 2
305 476
1 12 2
483 236
1 10 2
352 268
1 15 2
469 454
1 9 2
617 239
1 15 2
180 410
1 6 2
300 542
1 10 2
496 128
1 8 2
400 685
1 7 2
655 589
1 12 2
621 148
1 11 2
516 614
1 11 2
148 581
1 15 2
273 60
1 13 2
386 697
1 8 2
81 35
1 7 2
677 0
1 3 2
19 240
1 10 2
432 325
1 4 2
532 159
1 3 2
354 506
1 10 2
466 316
1 8 2
220 375
1 11 2
468 34
1 12 2
660 501
1 14 2
453 220
1 14 2
150 286
1 3 2
9 138
1 9 2
630 106
1 15 2
205 456
1 3 2
109 473
1 6 2
618 579
1 3 2
454 52
1 10 2
607 68
1 10 2
48 369
1 12 2
264 646
1 10 2
575 24
1 15 2
670 463
1 13 2
122 55
1 4 2
461 71
1 14 2
375 544
1 10 2
196 355
1 12 2
283 257
1 14 2
249 211
1 10 2
162 492
1 6 2
554 527
1 14 2
380 15
1 5 2
211 564
1 13 2
234 496
1 13 2
380 340
1 2 2
595 290
1 8 2
24 695
1 13 2
285 269
1 3 2
81 56
1 9 2
306 487
1 4 2
615 571
1 8 2
227 677
1 6 2
153 423
1 10 2
311 175
1 13 2
466 555
1 5 2
371 182
1 7 2
331 527
1 12 2
516 468
1 8 2
503 99
1 11 2
659 145
1 15 2
508 166
1 6 2
630 582
1 14 2
342 427
1 9 2
570 181
1 7 2
379 548
1 9 2
88 301
1 12 2
565 671
1 15 2
308 348
1 6 2
243 599
1 12 2
14 467
1 4 2
147 403
1 8 2
187 552
1 4 2
360 171
1 8 2
17 90
1 12 2
438 302
1 4 2
453 555
1 12 2
10 359
1 11 2
536 458
1 8 2
211 574
1 8 2
167 49
1 9 2
317 357
1 12 2
233 447
1 14 2
1 178
1 3 2
334 612
1 10 2
63 127
1 11 2
33 417
1 12 2
272 547
1 3 2
97 509
1 9 2
661 92
1 12 2
81 11
1 14 2
416 492
1 13 2
205 552
1 13 2
686 175
1 3 2
122 550
1 3 2
67 557
1 8 2
435 535
1 8 2
400 681
1 10 2
323 487
1 5 2
230 97
1 7 2
182 585
1 8 2
450 273
1 8 2
30 292
1 6 2
236 436
1 9 2
55 199
1 2 2
197 515
1 2 2
257 669
1 12 2
251 375
1 12 2
98 219
1 6 2
93 459
1 3 2
586 61
1 7 2
255 220
1 13 2
311 465
1 12 2
232 648
1 7 2
202 400
1 14 2
650 132
1 8 2
462 517
1 15 2
186 625
1 2 2
252 538
1 12 2
607 288
1 4 2
380 422
1 2 2
544 10
1 11 2
343 556
1 12 2
78 573
1 2 2
278 405
1 4 2
53 484
1 11 2
301 514
1 14 2
455 643
1 8 2
166 254
1 3 2
442 55
1 12 2
140 520
1 8 2
74 258
1 5 2
50 591
1 8 2
180 664
1 4 2
326 699
1 10 2
490 524
1 6 2
678 437
1 13 2
263 327
1 2 2
532 38
1 4 2
455 193
1 15 2
344 182
1 7 2
217 320
1 9 2
359 230
1 14 2
355 63
1 12 2
134 585
1 4 2
655 246
1 14 2
311 500
1 6 2
250 185
1 8 2
622 93
1 13 2
515 281
1 3 2
686 504
1 6 2
430 30
1 5 2
442 673
1 6 2
503 49
1 13 2
439 25
1 2 2
154 50
1 10 2
312 651
1 6 2
606 168
1 12 2
578 178
1 8 2
386 83
1 10 2
448 492
1 4 2
7 126
1 2 2
387 146
1 7 2
106 146
1 9 2
72 630
1 15 2
38 358
1 11 2
133 291
1 12 2
427 332
1 10 2
385 419
1 9 2
216 235
1 10 2
232 676
1 12 2
42 71
1 12 2
460 66
1 3 2
325 507
1 7 2
282 660
1 3 2
490 21
1 5 2
560 364
1 10 2
108 78
1 2 2
508 180
1 5 2
28 279
1 13 2
11 623
1 9 2
564 221
1 10 2
436 623
1 3 2
601 649
1 10 2
127 491
1 12 2
201 85
1 4 2
411 398
1 9 2
33 522
1 14 2
222 470
1 2 2
429 204
1 15 2
349 500
1 13 2
172 162
1 12 2
158 488
1 13 2
113 112
1 5 2
413 317
1 7 2
7 437
1 4 2
130 307
1 2 2
323 268
1 9 2
367 37
1 5 2
413 500
1 4 2
480 118
1 12 2
466 449
1 14 2
591 658
1 14 2
424 297
1 4 2
338 541
1 14 2
663 542
1 12 2
177 399
1 11 2
390 143
1 14 2
255 462
1 9 2
20 448
1 3 2
103 438
1 7 2
478 131
1 8 2
635 579
1 11 2
86 4
1 14 2
419 628
1 13 2
370 608
1 10 2
608 91
1 15 2
281 3
1 11 2
653 490
1 15 2
578 166
1 14 2
299 238
1 4 2
29 447
1 3 2
131 554
1 2 2
504 620
1 13 2
94 476
1 10 2
274 441
1 10 2
312 662
1 3 2
523 343
1 11 2
424 457
1 2 2
148 380
1 10 2
195 302
1 2 2
613 342
1 2 2
511 342
1 6 2
47 664
1 10 2
628 536
1 8 2
255 687
1 15 2
589 652
1 6 2
281 16
1 4 2
333 151
1 10 2
372 615
1 10 2
594 181
1 8 2
116 620
1 6 2
59 83
1 2 2
150 563
1 3 2
481 122
1 9 2
380 170
1 4 2
85 503
1 2 2
94 308
1 12 2
96 191
1 14 2
464 632
1 5 2
389 137
1 9 2
576 135
1 15 2
37 357
1 13 2
84 236
1 10 2
508 580
1 15 2
257 644
1 13 2
441 308
1 4 2
604 157
1 6 2
666 606
1 6 2
177 550
1 7 2
213 249
1 12 2
75 577
1 11 2
620 123
1 3 2
160 233
1 3 2
108 350
1 3 2
37 250
1 12 2
497 348
1 10 2
363 641
1 7 2
421 486
1 8 2
481 14
1 2 2
242 578
1 15 2
136 551
1 4 2
527 683
1 8 2
317 679
1 12 2
684 265
1 5 2
46 169
1 4 2
286 347
1 10 2
250 169
1 13 2
558 234
1 4 2
297 100
1 2 2
572 61
1 5 2
529 336
1 4 2
479 255
1 5 2
141 276
1 6 2
648 209
1 11 2
424 528
1 14 2
521 585
1 2 2
25 217
1 8 2
386 340
1 15 2
584 454
1 13 2
258 431
1 7 2
151 87
1 6 2
14 539
1 6 2
451 346
1 7 2
269 93
1 4 2
126 192
1 3 2
543 260
1 4 2
489 388
1 15 2
112 353
1 11 2
371 129
1 2 2
125 235
1 14 2
487 610
1 9 2
495 315
1 7 2
381 686
1 8 2
76 494
1 15 2
423 373
1 3 2
630 640
1 6 2
426 82
1 10 2
145 214
1 3 2
89 529
1 7 2
614 317
1 7 2
234 175
1 3 2
261 421
1 14 2
413 99
1 10 2
132 464
1 13 2
274 380
1 4 2
241 440
1 13 2
387 420
1 3 2
246 75
1 7 2
146 136
1 15 2
104 405
1 8 2
98 608
1 5 2
84 129
1 12 2
550 588
1 15 2
186 274
1 12 2
360 688
1 2 2
485 549
1 5 2
482 9
1 10 2
344 138
1 4 2
224 98
1 10 2
607 48
1 4 2
47 44
1 6 2
505 394
1 11 2
214 72
1 11 2
433 100
1 7 2
552 589
1 9 2
394 232
1 4 2
613 112
1 14 2
566 629
1 12 2
256 545
1 11 2
126 302
1 4 2
562 578
1 9 2
672 633
1 7 2
117 466
1 7 2
127 567
1 5 2
630 409
1 9 2
62 685
1 3 2
247 223
1 13 2
18 162
1 4 2
521 353
1 13 2
240 630
1 9 2
76 576
1 3 2
368 51
1 9 2
622 230
1 8 2
571 564
1 7 2
194 252
1 10 2
209 676
1 2 2
63 177
1 10 2
222 153
1 14 2
144 351
1 12 2
421 106
1 13 2
191 618
1 14 2
547 105
1 9 2
429 536
1 6 2
47 56
1 5 2
229 362
1 14 2
38 589
1 5 2
165 666
1 7 2
538 453
1 8 2
39 123
1 2 2
277 323
1 10 2
12 563
1 9 2
198 565
1 14 2
510 323
1 4 2
675 289
1 5 2
160 36
1 6 2
291 218
1 5 2
63 369
1 10 2
215 60
1 7 2
323 281
1 6 2
521 191
1 4 2
228 338
1 2 2
242 180
1 11 2
357 38
1 12 2
196 527
1 13 2
622 111
1 15 2
646 226
1 5 2
410 381
1 12 2
61 569
1 2 2
142 523
1 14 2
573 90
1 9 2
695 433
1 13 2
334 606
1 11 2
97 165
1 11 2
318 692
1 12 2
264 208
1 2 2
464 611
1 2 2
444 221
1 2 2
379 338
1 6 2
642 448
1 2 2
241 347
1 12 2
22 415
1 2 2
394 534
1 3 2
148 466
1 12 2
340 319
1 5 2
175 284
1 13 2
335 323
1 7 2
228 565
1 9 2
453 425
1 6 2
138 626
1 3 2
517 59
1 8 2
503 345
1 3 2
242 22
1 4 2
328 566
1 11 2
545 530
1 11 2
387 458
1 12 2
641 188
1 8 2
408 498
1 5 2
615 41
1 6 2
250 663
1 9 2
462 433
1 4 2
456 71
1 5 2
80 303
1 11 2
20 641
1 14 2
36 528
1 15 2
468 204
1 11 2
644 594
1 15 2
603 155
1 9 2
423 40
1 2 2
104 418
1 4 2
303 612
1 13 2
433 696
1 11 2
698 444
1 3 2
472 291
1 5 2
438 408
1 7 2
356 91
1 4 2
479 458
1 6 2
340 192
1 7 2
209 594
1 7 2
454 95
1 9 2
171 91
1 7 2
407 242
1 4 2
606 291
1 3 2
107 308
1 5 2
225 382
1 11 2
604 112
1 8 2
67 62
1 5 2
71 621
1 8 2
209 659
1 12 2
449 381
1 15 2
38 332
1 11 2
220 111
1 5 2
598 304
1 7 2
235 249
1 2 2
308 238
1 8 2
497 186
1 12 2
191 52
1 12 2
519 269
1 4 2
280 405
1 7 2
380 565
1 4 2
528 276
1 9 2
41 391
1 13 2
110 276
1 15 2
106 180
1 14 2
341 514
1 12 2
403 488
1 5 2
442 493
1 12 2
165 556
1 14 2
322 218
1 3 2
297 670
1 4 2
242 638
1 4 2
655 417
1 7 2
53 518
1 15 2
533 81
1 10 2
61 364
1 13 2
263 572
1 12 2
378 114
1 9 2
120 553
1 8 2
280 15
1 3 2
125 176
1 9 2
72 471
1 14 2
525 461
1 7 2
308 42
1 8 2
667 577
1 11 2
34 477
1 6 2
333 116
1 2 2
329 64
1 14 2
654 501
1 7 2
407 645
1 12 2
290 448
1 2 2
282 610
1 3 2
192 246
1 7 2
401 284
1 7 2
500 177
1 2 2
474 201
1 10 2
227 685
1 14 2
210 214
1 10 2
230 583
1 4 2
64 274
1 8 2
248 57
1 4 2
446 239
1 8 2
591 623
1 12 2
477 158
1 15 2
351 449
1 9 2
365 684
1 5 2
332 697
1 10 2
91 644
1 3 2
115 164
1 7 2
207 535
1 14 2
447 545
1 7 2
357 632
1 5 2
171 18
1 11 2
621 436
1 6 2
505 162
1 3 2
533 117
1 15 2
18 179
1 13 2
632 389
1 11 2
377 324
1 11 2
353 110
1 5 2
82 186
1 4 2
683 194
1 5 2
3 546
1 10 2
138 19
1 14 2
583 288
1 7 2
397 113
1 11 2
344 255
1 5 2
425 665
1 14 2
496 38
1 15 2
86 276
1 10 2
157 604
1 2 2
618 51
1 13 2
8 590
1 5 2
481 201
1 6 2
233 488
1 5 2
368 478
1 13 2
127 541
1 14 2
422 590
1 3 2
282 120
1 15 2
507 450
1 6 2
489 446
1 2 2
46 160
1 14 2
580 326
1 5 2
415 17
1 6 2
82 547
1 14 2
288 191
1 5 2
160 573
1 5 2
497 333
1 13 2
72 307
1 14 2
542 51
1 2 2
78 205
1 15 2
79 590
1 10 2
203 322
1 15 2
133 242
1 2 2
246 563
1 9 2
452 546
1 10 2
170 441
1 15 2
639 464
1 11 2
357 170
1 13 2
527 189
1 11 2
198 106
1 11 2
506 65
1 13 2
358 322
1 4 2
125 185
1 2 2
584 400
1 9 2
433 596
1 2 2
592 694
1 14 2
534 351
1 9 2
67 451
1 3 2
436 556
1 7 2
23 260
1 6 2
539 599
1 12 2
14 292
1 14 2
532 123
1 12 2
501 408
1 15 2
230 691
1 15 2
435 41
1 5 2
233 620
1 10 2
362 528
1 15 2
3 698
1 13 2
486 76
1 12 2
18 57
1 15 2
678 642
1 15 2
354 320
1 7 2
592 76
1 2 2
81 420
1 4 2
561 207
1 14 2
500 176
1 11 2
226 582
1 13 2
579 104
1 10 2
341 8
1 6 2
120 96
1 13 2
286 280
1 11 2
227 488
1 13 2
223 442
1 12 2
583 325
1 11 2
347 349
1 5 2
213 621
1 8 2
642 594
1 11 2
40 129
1 8 2
57 649
1 9 2
208 125
1 13 2
675 216
1 6 2
105 452
1 14 2
106 319
1 3 2
565 540
1 12 2
676 679
1 4 2
684 116
1 4 2
45 424
1 13 2
630 15
1 12 2
135 109
1 9 2
281 610
1 12 2
59 497
1 2 2
368 328
1 13 2
644 272
1 2 2
697 253
1 5 2
199 56
1 8 2
71 199
1 11 2
651 348
1 12 2
17 683
1 7 2
50 78
1 5 2
367 86
1 3 2
78 52
1 9 2
460 136
1 15 2
604 414
1 6 2
264 75
1 11 2
143 233
1 9 2
633 407
1 6 2
296 121
1 3 2
405 426
1 7 2
623 425
1 3 2
306 13
1 2 2
316 667
1 4 2
197 628
1 10 2
65 469
1 11 2
674 170
1 8 2
42 447
1 5 2
427 571
1 8 2
370 645
1 14 2
372 328
1 4 2
573 83
1 4 2
631 308
1 13 2
687 95
1 6 2
89 404
1 3 2
221 305
1 6 2
199 537
1 15 2
548 34
1 6 2
230 319
1 3 2
352 520
1 8 2
421 297
1 6 2
197 665
1 8 2
476 371
1 2 2
597 325
1 9 2
175 380
1 5 2
367 594
1 9 2
419 428
1 4 2
217 132
1 7 2
155 528
1 14 2
308 661
1 4 2
342 575
1 3 2
15 354
1 7 2
605 161
1 6 2
676 565
1 7 2
503 164
1 13 2
678 445
1 5 2
425 139
1 15 2
641 328
1 13 2
539 194
1 14 2
78 1
1 3 2
199 377
1 4 2
694 429
1 10 2
294 624
1 9 2
184 396
1 13 2
576 266
1 5 2
378 649
1 3 2
275 464
1 6 2
215 655
1 6 2
588 378
1 14 2
58 74
1 13 2
578 478
1 4 2
65 396
1 13 2
163 424
1 3 2
42 26
1 4 2
412 54
1 4 2
55 290
1 2 2
637 249
1 7 2
452 637
1 5 2
631 339
1 3 2
383 275
1 10 2
178 466
1 3 2
77 294
1 14 2
402 368
1 2 2
437 114
1 14 2
629 513
1 6 2
383 481
1 4 2
407 554
1 13 2
420 57
1 3 2
522 24
1 4 2
91 492
1 15 2
10 216
1 3 2
669 599
1 4 2
475 503
1 2 2
418 376
1 4 2
581 22
1 11 2
354 671
1 8 2
686 59
1 7 2
55 444
1 6 2
277 533
1 6 2
293 575
1 14 2
28 370
1 6 2
263 113
1 13 2
107 649
1 5 2
509 46
1 12 2
82 380
1 3 2
127 678
1 6 2
417 405
1 5 2
637 381
1 4 2
373 173
1 3 2
270 275
1 12 2
569 363
1 4 2
228 159
1 9 2
338 637
1 3 2
314 230
1 8 2
377 543
1 14 2
258 449
1 15 2
687 402
1 9 2
529 239
1 11 2
639 118
1 9 2
384 646
1 6 2
405 21
1 2 2
270 178
1 6 2
314 536
1 11 2
119 394
1 12 2
8 573
1 15 2
424 538
1 15 2
600 415
1 14 2
174 473
1 6 2
472 664
1 14 2
436 261
1 6 2
659 247
1 9 2
273 90
1 6 2
695 594
1 7 2
392 283
1 9 2
240 559
1 6 2
427 247
1 10 2
87 249
1 12 2
137 403
1 3 2
356 106
1 4 2
304 660
1 9 2
137 456
1 5 2
141 403
1 11 2
166 115
1 14 2
275 457
1 8 2
217 98
1 3 2
341 49
1 13 2
364 365
1 15 2
254 149
1 2 2
590 102
1 6 2
514 108
1 7 2
423 197
1 5 2
107 176
1 5 2
348 676
1 9 2
259 627
1 2 2
613 380
1 9 2
566 325
1 8 2
240 414
1 15 2
184 270
1 7 2
508 235
1 3 2
302 115
1 7 2
626 607
1 4 2
137 123
1 2 2
253 192
1 8 2
396 555
1 9 2
316 391
1 11 2
377 581
1 10 2
238 399
1 5 2
656 215
1 14 2
229 1
1 10 2
349 664
1 7 2
459 468
1 12 2
389 253
1 11 2
454 523
1 11 2
251 696
1 12 2
347 306
1 3 2
94 145
1 6 2
584 595
1 12 2
0 331
1 6 2
263 33
1 7 2
673 601
1 13 2
111 468
1 7 2
60 481
1 14 2
438 551
1 12 2
507 178
1 5 2
285 159
1 2 2
161 443
1 2 2
42 360
1 6 2
666 643
1 15 2
682 161
1 10 2
697 687
1 5 2
499 627
1 4 2
497 42
1 14 2
521 446
1 8 2
289 415
1 10 2
330 23
1 3 2
603 337
1 11 2
490 148
1 7 2
371 221
1 15 2
275 640
1 11 2
636 448
1 9 2
464 253
1 14 2
239 568
1 8 2
305 608
1 4 2
427 690
1 8 2
307 3
1 3 2
535 685
1 5 2
434 176
1 11 2
543 488
1 6 2
607 493
1 12 2
563 340
1 9 2
671 210
1 11 2
588 21
1 6 2
39 29
1 10 2
564 685
1 12 2
88 277
1 12 2
593 389
1 8 2
102 28
1 7 2
542 152
1 15 2
699 199
1 8 2
304 612
1 7 2
692 338
1 8 2
116 681
1 11 2
532 552
1 14 2
619 148
1 3 2
419 21
1 10 2
489 229
1 10 2
425 562
1 5 2
9 469
1 14 2
285 516
1 10 2
230 141
1 15 2
359 80
1 2 2
166 152
1 11 2
589 390
1 12 2
662 635
1 11 2
428 650
1 2 2
542 329
1 6 2
401 12
1 6 2
456 585
1 4 2
530 642
1 11 2
272 409
1 10 2
46 689
1 12 2
518 198
1 8 2
327 236
1 14 2
33 555
1 7 2
152 23
1 4 2
557 355
1 6 2
135 556
1 15 2
80 416
1 6 2
77 215
1 4 2
578 593
1 14 2
301 518
1 11 2
97 689
1 5 2
41 420
1 13 2
534 414
1 15 2
161 191
1 9 2
404 0
1 7 2
68 158
1 5 2
483 304
1 13 2
494 406
1 3 2
464 228
1 13 2
392 6
1 5 2
14 161
1 10 2
486 121
1 2 2
4 345
1 10 2
591 236
1 8 2
558 499
1 15 2
579 611
1 9 2
220 15
1 8 2
196 180
1 11 2
654 401
1 5 2
73 599
1 12 2
504 37
1 13 2
351 227
1 6 2
44 121
1 14 2
693 533
1 5 2
365 560
1 6 2
468 412
1 11 2
120 576
1 10 2
485 692
1 14 2
495 588
1 7 2
59 379
1 3 2
329 680
1 5 2
64 13
1 8 2
98 510
1 6 2
693 401
1 3 2
579 475
1 14 2
513 219
1 15 2
58 61
1 15 2
552 452
1 15 2
23 344
1 9 2
138 638
1 5 2
327 589
1 11 2
666 233
1 5 2
148 643
1 13 2
15 481
1 3 2
348 358
1 6 2
372 224
1 6 2
305 107
1 4 2
321 57
1 6 2
275 252
1 2 2
344 4
1 14 2
333 130
1 13 2
663 598
1 13 2
595 509
1 7 2
98 640
1 13 2
407 198
1 8 2
459 535
1 3 2
650 605
1 13 2
401 368
1 14 2
371 90
1 6 2
483 572
1 14 2
380 420
1 10 2
695 113
1 5 2
114 365
1 9 2
196 83
1 6 2
456 48
1 10 2
375 563
1 15 2
535 537
1 2 2
354 148
1 3 2
337 469
1 5 2
85 142
1 2 2
259 525
1 13 2
547 423
1 12 2
258 673
1 3 2
70 263
1 14 2
450 401
1 14 2
610 593
1 11 2
403 513
1 13 2
647 433
1 13 2
571 252
1 8 2
190 118
1 14 2
140 606
1 13 2
513 180
1 13 2
433 92
1 10 2
274 471
1 11 2
113 565
1 5 2
686 258
1 9 2
302 104
1 13 2
452 113
1 6 2
651 652
1 2 2
164 666
1 13 2
40 435
1 11 2
615 458
1 4 2
548 151
1 3 2
319 438
1 15 2
585 606
1 12 2
411 379
1 2 2
523 696
1 4 2
176 571
1 2 2
402 406
1 4 2
375 676
1 5 2
264 291
1 8 2
534 88
1 10 2
508 490
1 7 2
560 95
1 4 2
147 233
1 12 2
557 452
1 10 2
616 471
1 8 2
3 262
1 11 2
197 505
1 10 2
599 96
1 7 2
566 482
1 13 2
532 35
1 13 2
224 491
1 2 2
9 304
1 9 2
346 171
1 11 2
572 578
1 10 2
423 376
1 9 2
153 90
1 15 2
595 670
1 6 2
159 411
1 2 2
633 475
1 15 2
387 135
1 11 2
528 391
1 9 2
684 467
1 3 2
580 47
1 15 2
64 246
1 3 2
62 52
1 7 2
92 335
1 5 2
365 447
1 11 2
400 698
1 14 2
429 667
1 14 2
262 555
1 8 2
117 491
1 9 2
433 419
1 6 2
61 39
1 6 2
469 194
1 14 2
70 284
1 13 2
217 593
1 7 2
220 663
1 13 2
438 139
1 9 2
39 507
1 3 2
112 402
1 2 2
678 285
1 12 2
62 549
1 11 2
483 72
1 8 2
682 214
1 14 2
445 94
1 12 2
228 386
1 11 2
483 394
1 10 2
687 693
1 8 2
620 500
1 15 2
65 637
1 10 2
23 250
1 14 2
275 601
1 9 2
297 216
1 15 2
593 551
1 8 2
145 61
1 9 2
684 224
1 8 2
339 493
1 15 2
512 24
1 14 2
412 12
1 15 2
218 560
1 14 2
458 418
1 12 2
99 133
1 15 2
405 57
1 7 2
184 465
1 12 2
240 102
1 3 2
420 190
1 11 2
657 191
1 6 2
562 125
1 4 2
295 435
1 7 2
144 286
1 14 2
384 432
1 14 2
147 423
1 9 2
541 205
1 7 2
80 70
1 13 2
621 693
1 12 2
139 6
1 4 2
539 600
1 7 2
142 372
1 2 2
378 668
1 2 2
188 536
1 14 2
198 573
1 10 2
452 445
1 14 2
287 70
1 15 2
503 325
1 5 2
679 0
1 10 2
78 255
1 8 2
131 647
1 8 2
583 326
1 9 2
96 326
1 14 2
593 150
1 11 2
487 496
1 15 2
526 376
1 11 2
202 553
1 9 2
364 360
1 2 2
434 115
1 13 2
513 379
1 10 2
601 575
1 4 2
521 693
1 5 2
214 672
1 5 2
534 360
1 2 2
139 154
1 15 2
479 680
1 2 2
451 640
1 8 2
473 541
1 15 2
205 493
1 13 2
432 373
1 7 2
210 648
1 7 2
107 181
1 9 2
620 225
1 2 2
26 51
1 5 2
576 696
1 11 2
124 28
1 11 2
167 461
1 8 2
66 694
1 8 2
234 275
1 11 2
81 335
1 2 2
629 214
1 2 2
18 647
1 2 2
416 598
1 14 2
64 626
1 5 2
582 178
1 6 2
606 10
1 11 2
594 342
1 10 2
401 376
1 9 2
427 524
1 11 2
653 420
1 5 2
172 676
1 4 2
339 138
1 6 2
339 493
1 3 2
409 565
1 12 2
141 510
1 8 2
5 365
1 4 2
615 270
1 15 2
467 445
1 7 2
80 373
1 14 2
223 145
1 7 2
468 556
1 14 2
245 690
1 4 2
246 370
1 5 2
266 360
1 14 2
588 430
1 8 2
152 318
1 6 2
650 371
1 9 2
307 102
1 4 2
22 233
1 8 2
106 400
1 12 2
581 302
1 5 2
193 628
1 8 2
245 533
1 9 2
575 210
1 14 2
426 255
1 9 2
576 98
1 8 2
26 145
1 9 2
276 403
1 13 2
609 95
1 11 2
209 616
1 14 2
86 93
1 2 2
632 117
1 12 2
338 480
1 12 2
173 646
1 3 2
41 533
1 12 2
553 195
1 3 2
492 459
1 7 2
596 563
1 12 2
257 174
1 11 2
646 335
1 6 2
88 448
1 7 2
377 521
1 12 2
419 130
1 2 2
96 668
1 5 2
667 158
1 14 2
105 547
1 12 2
549 563
1 6 2
161 672
1 4 2
489 262
1 13 2
503 292
1 6 2
406 582
1 9 2
469 224
1 14 2
164 23
1 8 2
241 25
1 15 2
316 324
1 7 2
517 458
1 12 2
693 7
1 11 2
567 70
1 13 2
470 422
1 14 2
76 123
1 15 2
309 385
1 3 2
141 105
1 8 2
0 609
1 9 2
630 18
1 4 2
110 178
1 10 2
50 295
1 14 2
162 486
1 9 2
495 392
1 7 2
550 186
1 15 2
590 469
1 6 2
413 58
1 9 2
418 370
1 7 2
339 34
1 14 2
469 201
1 12 2
133 466
1 4 2
450 659
1 6 2
187 181
1 3 2
503 245
1 5 2
216 337
1 15 2
157 98
1 13 2
679 480
1 2 2
278 219
1 2 2
215 228
1 10 2
535 441
1 4 2
450 347
1 7 2
50 126
1 12 2
271 176
1 15 2
331 167
1 8 2
199 504
1 15 2
346 188
1 8 2
50 303
1 6 2
266 31
1 14 2
316 297
1 7 2
260 219
1 9 2
86 456
1 12 2
229 293
1 4 2
17 533
1 12 2
273 401
1 4 2
482 379
1 5 2
95 297
1 14 2
557 488
1 6 2
406 34
1 3 2
412 131
1 13 2
44 386
1 9 2
559 83
1 8 2
0 370
1 4 2
187 694
1 2 2
76 352
1 5 2
535 212
1 5 2
140 666
1 6 2
369 416
1 9 2
193 453
1 6 2
102 666
1 2 2
500 287
1 8 2
52 377
1 6 2
40 563
1 11 2
568 47
1 6 2
272 57
1 9 2
291 439
1 9 2
470 291
1 10 2
645 640
1 3 2
297 69
1 14 2
571 383
1 8 2
336 274
1 6 2
547 70
1 14 2
674 490
1 10 2
538 273
1 11 2
478 198
1 3 2
402 124
1 6 2
249 544
1 6 2
238 517
1 7 2
454 635
1 14 2
363 421
1 11 2
28 550
1 6 2
316 128
1 9 2
169 477
1 3 2
231 287
1 13 2
79 554
1 8 2
160 694
1 8 2
124 297
1 3 2
675 460
1 6 2
641 428
1 2 2
251 19
1 11 2
535 591
1 7 2
679 61
1 11 2
130 666
1 11 2
100 213
1 15 2
394 611
1 6 2
591 627
1 9 2
533 341
1 3 2
149 227
1 2 2
562 426
1 9 2
678 359
1 14 2
591 81
1 12 2
221 396
1 4 2
54 284
1 7 2
0 401
1 15 2
430 535
1 5 2
103 557
1 8 2
98 155
1 10 2
187 390
1 10 2
634 505
1 3 2
435 5
1 12 2
274 259
1 3 2
477 130
1 3 2
290 604
1 2 2
538 436
1 6 2
549 155
1 5 2
362 327
1 4 2
166 691
1 13 2
25 401
1 4 2
392 631
1 11 2
669 525
1 2 2
168 116
1 5 2
390 543
1 13 2
165 129
1 3 2
191 529
1 12 2
188 197
1 5 2
34 234
1 6 2
311 671
1 14 2
567 666
1 12 2
418 318
1 8 2
577 106
1 3 2
51 568
1 6 2
304 58
1 8 2
177 134
1 15 2
619 166
1 6 2
235 210
1 10 2
530 187
1 4 2
496 546
1 9 2
113 683
1 10 2
211 625
1 15 2
623 3
1 5 2
647 443
1 2 2
590 551
1 5 2
22 650
1 12 2
418 102
1 12 2
395 223
1 12 2
106 475
1 8 2
160 260
1 14 2
230 21
1 13 2
437 186
1 4 2
417 503
1 13 2
160 397
1 12 2
689 425
1 6 2
573 558
1 10 2
150 8
1 3 2
293 148
1 4 2
641 82
1 7 2
349 31
1 14 2
560 97
1 9 2
248 444
1 15 2
213 208
1 15 2
202 349
1 14 2
644 71
1 6 2
8 629
1 7 2
374 563
1 6 2
137 358
1 7 2
177 403
1 11 2
535 250
1 8 2
602 258
1 3 2
331 659
1 14 2
400 688
1 11 2
618 511
1 13 2
346 33
1 6 2
1 287
1 11 2
283 183
1 8 2
335 614
1 10 2
139 354
1 7 2
281 392
1 2 2
617 672
1 9 2
382 358
1 10 2
304 632
1 10 2
121 412
1 8 2
632 574
1 13 2
421 643
1 10 2
698 201
1 9 2
156 691
1 4 2
594 54
1 10 2
146 233
1 8 2
688 208
1 12 2
686 648
1 7 2
43 464
1 9 2
219 391
1 5 2
214 264
1 3 2
38 359
1 3 2
130 659
1 6 2
10 66
1 15 2
381 585
1 12 2
159 416
1 8 2
632 681
1 12 2
529 578
1 13 2
125 550
1 10 2
641 609
1 3 2
463 635
1 15 2
502 318
1 6 2
164 98
1 8 2
628 560
1 5 2
444 554
1 15 2
141 202
1 6 2
202 276
1 9 2
457 615
1 2 2
569 17
1 12 2
411 165
1 15 2
343 616
1 6 2
55 119
1 7 2
196 307
1 3 2
588 61
1 11 2
78 254
1 3 2
697 202
1 2 2
363 60
1 11 2
114 303
1 10 2
578 430
1 3 2
642 263
1 11 2
105 422
1 4 2
164 309
1 5 2
141 223
1 9 2
307 345
1 14 2
127 117
1 13 2
296 494
1 2 2
43 63
1 8 2
222 136
1 2 2
414 142
1 4 2
552 478
1 13 2
151 615
1 12 2
294 479
1 8 2
44 444
1 11 2
237 448
1 13 2
234 386
1 14 2
121 45
1 3 2
69 116
1 8 2
329 370
1 14 2
142 393
1 11 2
299 72
1 8 2
249 55
1 6 2
645 114
1 11 2
445 56
1 8 2
520 408
1 9 2
268 131
1 6 2
90 98
1 8 2
365 692
1 15 2
528 10
1 5 2
1 404
1 5 2
219 350
1 7 2
599 280
1 6 2
400 570
1 9 2
235 251
1 9 2
436 11
1 9 2
386 347
1 7 2
331 475
1 5 2
442 338
1 2 2
493 307
1 15 2
337 13
1 12 2
515 477
1 8 2
422 137
1 10 2
17 571
1 12 2
132 112
1 8 2
428 608
1 14 2
33 108
1 12 2
428 75
1 3 2
632 246
1 5 2
286 642
1 5 2
457 90
1 13 2
579 213
1 14 2
401 11
1 11 2
170 675
1 10 2
234 438
1 14 2
393 24
1 13 2
466 166
1 3 2
88 547
1 2 2
333 367
1 11 2
686 104
1 13 2
450 537
1 3 2
295 239
1 12 2
120 18
1 2 2
608 182
1 13 2
48 282
1 5 2
204 457
1 3 2
15 667
1 14 2
255 632
1 3 2
188 173
1 7 2
485 131
1 7 2
615 571
1 7 2
556 54
1 2 2
422 628
1 13 2
179 333
1 12 2
362 352
1 9 2
124 526
1 11 2
574 272
1 13 2
367 567
1 14 2
524 467
1 8 2
87 680
1 14 2
148 561
1 9 2
88 577
1 13 2
110 120
1 9 2
303 23
1 2 2
237 481
1 4 2
268 485
1 11 2
397 506
1 6 2
633 408
1 2 2
580 47
1 9 2
574 169
1 13 2
207 546
1 4 2
443 152
1 11 2
74 680
1 6 2
528 3
1 15 2
555 591
1 5 2
626 85
1 14 2
361 331
1 4 2
324 336
1 4 2
14 87
1 8 2
671 130
1 14 2
639 115
1 2 2
300 511
1 15 2
377 295
1 10 2
328 589
1 3 2
433 321
1 6 2
535 631
1 12 2
35 436
1 10 2
641 318
1 13 2
505 608
1 7 2
697 129
1 9 2
452 338
1 8 2
232 454
1 6 2
279 576
1 4 2
634 256
1 10 2
235 75
1 14 2
699 314
1 14 2
191 163
1 8 2
550 102
1 13 2
379 161
1 14 2
51 286
1 14 2
106 314
1 6 2
14 169
1 10 2
572 661
1 2 2
444 586
1 5 2
258 391
1 13 2
332 595
1 14 2
520 592
1 8 2
3 32
1 2 2
668 215
1 12 2
654 246
1 5 2
332 314
1 4 2
199 130
1 3 2
218 304
1 10 2
144 529
1 11 2
696 310
1 2 2
97 19
1 6 2
658 502
1 11 2
618 521
1 6 2
549 156
1 9 2
230 437
1 8 2
162 237
1 3 2
357 554
1 2 2
672 26
1 10 2
407 538
1 3 2
343 525
1 6 2
2 43
1 7 2
510 519
1 7 2
394 195
1 13 2
573 342
1 15 2
85 11
1 6 2
289 17
1 14 2
113 84
1 10 2
612 11
1 10 2
111 598
1 14 2
277 468
1 8 2
539 310
1 10 2
364 47
1 15 2
560 584
1 3 2
586 346
1 11 2
684 137
1 6 2
293 435
1 13 2
3 125
1 7 2
385 147
1 3 2
265 166
1 3 2
190 86
1 9 2
629 140
1 8 2
561 321
1 11 2
300 404
1 5 2
454 185
1 14 2
390 26
1 14 2
157 338
1 9 2
34 185
1 14 2
359 363
1 11 2
290 168
1 6 2
470 118
1 13 2
121 453
1 8 2
1 375
1 5 2
81 598
1 5 2
537 649
1 10 2
64 608
1 14 2
613 146
1 9 2
564 282
1 6 2
470 556
1 12 2
570 102
1 12 2
174 180
1 2 2
497 330
1 13 2
662 70
1 14 2
408 34
1 13 2
178 320
1 9 2
295 333
1 14 2
64 141
1 6 2
309 392
1 11 2
1 429
1 3 2
688 215
1 15 2
512 553
1 3 2
479 266
1 5 2
66 37
1 3 2
512 442
1 6 2
293 582
1 12 2
437 636
1 6 2
424 401
1 12 2
336 493
1 14 2
489 462
1 12 2
543 56
1 7 2
155 222
1 3 2
625 169
1 13 2
135 427
1 14 2
655 52
1 5 2
497 232
1 5 2
689 227
1 15 2
97 609
1 15 2
474 24
1 3 2
243 334
1 8 2
79 498
1 8 2
549 13
1 9 2
199 617
1 3 2
521 335
1 6 2
374 593
1 3 2
511 226
1 10 2
298 55
1 7 2
6 678
1 15 2
200 591
1 13 2
127 188
1 13 2
339 442
1 11 2
556 117
1 7 2
415 514
1 4 2
82 339
1 11 2
301 38
1 8 2
59 558
1 13 2
216 84
1 8 2
294 291
1 5 2
621 357
1 6 2
638 160
1 14 2
605 337
1 5 2
665 353
1 4 2
151 127
1 14 2
154 348
1 14 2
628 339
1 9 2
135 634
1 2 2
266 251
1 11 2
261 487
1 7 2
192 592
1 13 2
523 446
1 11 2
288 76
1 4 2
557 524
1 10 2
288 128
1 8 2
264 211
1 8 2
536 434
1 9 2
352 190
1 11 2
138 80
1 4 2
619 36
1 13 2
341 488
1 6 2
542 191
1 14 2
691 356
1 2 2
578 646
1 10 2
514 622
1 3 2
182 688
1 6 2
511 592
1 9 2
403 71
1 3 2
2 587
1 7 2
450 278
1 14 2
95 612
1 12 2
352 290
1 13 2
417 698
1 8 2
653 422
1 4 2
601 501
1 5 2
417 657
1 7 2
585 529
1 12 2
434 681
1 12 2
98 216
1 4 2
594 157
1 15 2
130 86
1 8 2
150 240
1 4 2
98 616
1 2 2
677 429
1 13 2
190 618
1 4 2
584 639
1 14 2
533 572
1 15 2
364 479
1 13 2
321 109
1 5 2
55 444
1 8 2
256 693
1 15 2
303 416
1 11 2
363 418
1 11 2
12 41
1 10 2
683 43
1 2 2
269 507
1 8 2
65 475
1 12 2
519 595
1 14 2
673 652
1 6 2
21 23
1 5 2
3 180
1 15 2
262 343
1 4 2
362 607
1 5 2
536 156
1 10 2
351 560
1 5 2
332 134
1 3 2
32 391
1 5 2
210 557
1 11 2
158 146
1 13 2
89 274
1 5 2
372 270
1 3 2
437 98
1 14 2
361 431
1 11 2
31 491
1 9 2
523 652
1 7 2
300 485
1 9 2
358 216
1 11 2
54 547
1 5 2
683 474
1 13 2
5 168
1 3 2
134 483
1 6 2
390 690
1 6 2
198 639
1 3 2
368 503
1 12 2
414 665
1 15 2
216 263
1 2 2
329 120
1 15 2
461 517
1 9 2
202 14
1 11 2
239 450
1 15 2
626 585
1 9 2
59 419
1 4 2
472 422
1 7 2
589 138
1 3 2
179 271
1 11 2
386 222
1 11 2
448 470
1 12 2
148 180
1 13 2
574 597
1 15 2
616 293
1 13 2
201 411
1 10 2
497 92
1 11 2
167 356
1 15 2
415 116
1 7 2
206 120
1 7 2
488 15
1 10 2
45 145
1 4 2
6 565
1 14 2
437 631
1 9 2
653 78
1 7 2
89 204
1 6 2
202 290
1 2 2
381 144
1 8 2
310 30
1 11 2
31 259
1 13 2
63 167
1 9 2
171 678
1 3 2
603 252
1 8 2
694 338
1 9 2
334 679
1 15 2
316 406
1 14 2
247 429
1 10 2
656 532
1 10 2
138 172
1 5 2
196 503
1 13 2
126 192
1 2 2
441 658
1 13 2
631 110
1 3 2
179 380
1 15 2
573 210
1 13 2
435 357
1 7 2
263 508
1 8 2
498 495
1 12 2
682 140
1 7 2
645 636
1 13 2
601 118
1 14 2
8 238
1 7 2
518 640
1 13 2
565 103
1 15 2
582 557
1 15 2
39 245
1 2 2
399 170
1 8 2
57 333
1 9 2
626 268
1 14 2
265 341
1 6 2
566 543
1 14 2
669 154
1 4 2
352 512
1 3 2
357 644
1 15 2
691 447
1 13 2
360 163
1 15 2
416 650
1 14 2
184 233
1 2 2
635 415
1 12 2
295 669
1 11 2
252 95
1 5 2
299 270
1 13 2
495 381
1 5 2
457 154
1 10 2
452 144
1 11 2
612 506
1 7 2
506 542
1 10 2
162 617
1 11 2
475 171
1 9 2
438 144
1 10 2
549 501
1 11 2
376 529
1 2 2
29 161
1 13 2
375 629
1 9 2
161 70
1 6 2
235 36
1 15 2
237 610
1 4 2
335 133
1 4 2
575 89
1 9 2
83 276
1 6 2
470 614
1 9 2
551 198
1 14 2
225 65
1 2 2
26 155
1 15 2
453 235
1 9 2
202 346
1 9 2
381 564
1 7 2
409 98
1 11 2
459 624
1 5 2
586 670
1 9 2
258 51
1 7 2
15 659
1 10 2
678 504
1 8 2
223 657
1 7 2
37 698
1 10 2
543 253
1 12 2
72 25
1 13 2
445 457
1 12 2
335 406
1 12 2
569 631
1 6 2
48 554
1 13 2
291 4
1 3 2
516 153
1 8 2
690 221
1 3 2
19 679
1 11 2
446 361
1 7 2
632 674
1 14 2
449 258
1 12 2
495 366
1 13 2
170 7
1 2 2
59 242
1 6 2
71 496
1 13 2
432 255
1 8 2
10 160
1 6 2
36 306
1 15 2
244 32
1 8 2
262 231
1 8 2
521 679
1 13 2
136 459
1 4 2
187 127
1 7 2
188 365
1 2 2
182 461
1 12 2
542 406
1 8 2
596 49
1 7 2
110 79
1 12 2
488 267
1 3 2
99 106
1 5 2
275 439
1 14 2
452 357
1 11 2
690 236
1 3 2
152 205
1 8 2
531 538
1 8 2
289 441
1 12 2
66 4
1 6 2
646 23
1 2 2
189 656
1 13 2
414 333
1 3 2
265 563
1 7 2
405 40
1 11 2
495 143
1 12 2
28 213
1 6 2
542 605
1 4 2
394 228
1 2 2
214 103
1 2 2
443 205
1 14 2
411 53
1 9 2
444 536
1 3 2
282 560
1 11 2
322 238
1 7 2
364 286
1 8 2
282 486
1 2 2
69 199
1 15 2
294 387
1 12 2
250 290
1 12 2
646 346
1 9 2
509 540
1 13 2
434 187
1 14 2
438 246
1 10 2
446 381
1 14 2
667 561
1 4 2
195 654
1 6 2
65 390
1 11 2
601 295
1 13 2
571 206
1 12 2
508 634
1 2 2
447 141
1 4 2
107 33
1 7 2
189 409
1 6 2
597 8
1 7 2
348 109
1 3 2
216 565
1 3 2
688 174
1 12 2
699 476
1 6 2
459 490
1 3 2
648 331
1 7 2
435 283
1 5 2
660 388
1 9 2
445 110
1 13 2
339 134
1 14 2
128 411
1 9 2
674 147
1 10 2
434 691
1 15 2
185 641
1 10 2
377 86
1 6 2
600 161
1 10 2
48 501
1 12 2
244 60
1 5 2
208 373
1 13 2
119 467
1 9 2
616 333
1 11 2
127 45
1 4 2
613 556
1 7 2
445 431
1 14 2
140 317
1 4 2
562 311
1 5 2
126 403
1 15 2
679 409
1 6 2
31 275
1 5 2
608 622
1 7 2
279 381
1 2 2
97 642
1 3 2
695 500
1 4 2
397 147
1 13 2
361 257
1 12 2
243 428
1 6 2
123 614
1 12 2
61 176
1 12 2
678 441
1 4 2
217 385
1 13 2
502 671
1 15 2
270 242
1 12 2
558 594
1 11 2
352 458
1 12 2
234 172
1 7 2
654 180
1 6 2
242 226
1 12 2
403 354
1 4 2
593 30
1 7 2
539 49
1 7 2
318 404
1 12 2
458 5
1 6 2
81 662
1 2 2
300 555
1 3 2
363 601
1 8 2
47 577
1 2 2
486 425
1 15 2
480 33
1 12 2
1 155
1 13 2
638 254
1 12 2
156 566
1 11 2
634 578
1 13 2
546 199
1 3 2
189 538
1 3 2
320 675
1 13 2
326 596
1 7 2
358 505
1 13 2
325 195
1 9 2
251 344
1 10 2
329 350
1 13 2
227 661
1 5 2
419 396
1 15 2
395 616
1 12 2
298 85
1 8 2
673 125
1 12 2
238 348
1 8 2
129 523
1 14 2
618 385
1 10 2
345 277
1 12 2
74 284
1 5 2
90 143
1 13 2
378 6
1 5 2
81 117
1 9 2
231 185
1 9 2
123 513
1 5 2
175 571
1 9 2
658 534
1 7 2
441 31
1 4 2
115 120
1 15 2
115 70
1 2 2
198 80
1 13 2
330 481
1 5 2
13 698
1 9 2
649 473
1 4 2
249 330
1 7 2
451 136
1 15 2
87 222
1 8 2
550 62
1 7 2
162 445
1 2 2
509 175
1 10 2
303 254
1 14 2
42 676
1 10 2
309 633
1 12 2
669 108
1 10 2
471 674
1 5 2
375 386
1 14 2
663 619
1 2 2
624 90
1 4 2
578 213
1 4 2
465 521
1 14 2
72 511
1 6 2
274 115
1 3 2
13 684
1 6 2
136 365
1 6 2
445 551
1 2 2
91 58
1 15 2
572 335
1 2 2
250 148
1 8 2
123 378
1 14 2
274 143
1 2 2
635 309
1 14 2
40 12
1 15 2
625 648
1 2 2
58 369
1 13 2
657 402
1 11 2
617 136
1 4 2
225 8
1 4 2
439 682
1 6 2
481 37
1 2 2
628 586
1 2 2
289 62
1 11 2
142 600
1 15 2
549 214
1 3 2
56 608
1 8 2
221 111
1 10 2
346 109
1 5 2
81 300
1 4 2
441 607
1 15 2
406 484
1 7 2
284 160
1 10 2
603 117
1 4 2
220 2
1 13 2
432 113
1 12 2
58 578
1 10 2
161 478
1 15 2
351 28
1 8 2
459 416
1 10 2
173 666
1 13 2
158 511
1 4 2
274 81
1 9 2
547 260
1 10 2
197 497
1 9 2
319 669
1 13 2
115 621
1 6 2
560 7
1 14 2
622 212
1 5 2
414 496
1 8 2
686 585
1 4 2
103 147
1 5 2
130 72
1 9 2
625 292
1 12 2
695 393
1 7 2
488 378
1 11 2
579 294
1 5 2
78 231
1 10 2
551 508
1 6 2
636 302
1 5 2
636 76
1 10 2
91 576
1 4 2
1 652
1 10 2
152 454
1 3 2
663 4
1 11 2
4 27
1 12 2
250 454
1 14 2
480 169
1 13 2
574 245
1 13 2
594 649
1 10 2
304 284
1 11 2
8 656
1 12 2
682 454
1 15 2
653 163
1 8 2
115 388
1 4 2
205 94
1 2 2
686 48
1 3 2
236 538
1 5 2
380 59
1 8 2
443 333
1 2 2
653 321
1 15 2
657 683
1 13 2
154 434
1 10 2
390 10
1 7 2
373 595
1 14 2
475 215
1 2 2
315 661
1 15 2
580 66
1 3 2
604 262
1 5 2
136 342
1 13 2
639 463
1 5 2
452 495
1 13 2
107 329
1 15 2
119 6
1 6 2
257 307
1 13 2
585 221
1 14 2
162 644
1 11 2
597 8
1 8 2
482 50
1 15 2
555 157
1 12 2
71 598
1 2 2
375 325
1 7 2
571 494
1 12 2
491 406
1 2 2
669 642
1 5 2
205 20
1 6 2
461 633
1 9 2
391 52
1 4 2
61 282
1 8 2
492 226
1 13 2
257 101
1 10 2
307 295
1 7 2
71 172
1 2 2
634 162
1 6 2
202 196
1 8 2
528 574
1 6 2
595 83
1 12 2
83 461
1 2 2
404 39
1 10 2
428 656
1 8 2
251 641
1 2 2
76 79
1 8 2
174 420
1 12 2
614 421
1 13 2
197 135
1 4 2
18 349
1 12 2
657 84
1 11 2
125 359
1 6 2
623 207
1 2 2
275 272
1 3 2
370 643
1 9 2
267 83
1 9 2
393 97
1 4 2
137 123
1 5 2
555 588
1 7 2
382 300
1 12 2
114 156
1 3 2
115 441
1 3 2
317 12
1 4 2
269 351
1 7 2
483 566
1 9 2
530 389
1 10 2
457 543
1 6 2
582 507
1 12 2
136 634
1 10 2
107 494
1 15 2
389 390
1 12 2
104 527
1 9 2
299 525
1 5 2
313 226
1 13 2
462 519
1 10 2
439 258
1 10 2
177 0
1 6 2
372 232
1 10 2
209 436
1 9 2
548 10
1 5 2
553 456
1 3 2
162 589
1 6 2
587 691
1 9 2
367 476
1 11 2
35 137
1 9 2
659 550
1 12 2
647 466
1 9 2
290 270
1 15 2
173 553
1 2 2
221 360
1 15 2
509 167
1 7 2
247 426
1 5 2
26 102
1 11 2
208 690
1 5 2
548 361
1 9 2
94 91
1 6 2
390 673
1 4 2
645 396
1 3 2
277 11
1 11 2
70 251
1 15 2
87 599
1 8 2
228 310
1 12 2
669 681
1 7 2
513 443
1 9 2
212 138
1 12 2
583 280
1 10 2
340 496
1 5 2
295 562
1 13 2
535 373
1 3 2
116 501
1 3 2
416 290
1 15 2
504 365
1 9 2
230 111
1 11 2
621 75
1 11 2
322 224
1 7 2
650 316
1 7 2
342 85
1 11 2
292 641
1 15 2
164 47
1 4 2
68 277
1 11 2
220 661
1 8 2
461 56
1 5 2
512 535
1 10 2
698 531
1 4 2
483 680
1 6 2
654 470
1 11 2
345 325
1 11 2
383 277
1 14 2
326 451
1 2 2
615 83
1 4 2
539 387
1 9 2
676 686
1 11 2
161 391
1 5 2
252 609
1 3 2
12 310
1 14 2
196 293
1 7 2
243 693
1 6 2
82 559
1 6 2
686 145
1 2 2
253 693
1 5 2
525 254
1 11 2
446 3
1 4 2
75 309
1 2 2
24 299
1 6 2
101 341
1 15 2
384 51
1 12 2
497 620
1 8 2
155 657
1 5 2
430 153
1 13 2
451 397
1 9 2
370 539
1 12 2
287 699
1 9 2
480 630
1 8 2
567 68
1 5 2
174 337
1 9 2
327 451
1 8 2
492 252
1 11 2
384 400
1 10 2
75 674
1 13 2
480 602
1 15 2
273 150
1 9 2
383 74
1 14 2
426 257
1 10 2
140 89
1 15 2
444 694
1 7 2
397 124
1 8 2
116 487
1 2 2
683 60
1 12 2
361 331
1 10 2
492 98
1 7 2
689 424
1 11 2
622 132
1 11 2
468 277
1 6 2
373 349
1 4 2
690 18
1 13 2
633 450
1 13 2
387 344
1 15 2
59 412
1 5 2
166 346
1 2 2
431 122
1 11 2
203 474
1 4 2
698 29
1 10 2
654 175
1 11 2
191 260
1 7 2
625 696
1 7 2
277 197
1 5 2
563 207
1 10 2
650 169
1 8 2
39 205
1 5 2
25 481
1 9 2
204 602
1 15 2
329 600
1 3 2
462 86
1 10 2
316 617
1 3 2
366 129
1 15 2
537 460
1 15 2
635 14
1 11 2
671 545
1 14 2
72 443
1 5 2
81 142
1 12 2
84 278
1 11 2
216 113
1 15 2
324 185
1 4 2
560 477
1 15 2
427 341
1 7 2
639 286
1 5 2
328 471
1 9 2
246 61
1 3 2
136 678
1 5 2
16 474
1 3 2
385 78
1 6 2
394 436
1 11 2
345 230
1 4 2
433 592
1 2 2
454 84
1 14 2
678 82
1 15 2
201 24
1 6 2
40 198
1 14 2
165 223
1 9 2
238 584
1 9 2
545 598
1 14 2
214 482
1 4 2
226 242
1 2 2
568 401
1 9 2
599 364
1 2 2
18 385
1 8 2
44 241
1 13 2
667 332
1 8 2
35 512
1 2 2
419 635
1 2 2
510 146
1 7 2
61 165
1 14 2
68 657
1 8 2
356 156
1 5 2
137 338
1 2 2
541 41
1 10 2
69 640
1 9 2
97 404
1 14 2
196 129
1 13 2
678 165
1 15 2
33 526
1 13 2
325 284
1 4 2
672 179
1 14 2
652 70
1 12 2
427 483
1 7 2
325 239
1 10 2
13 447
1 7 2
111 695
1 13 2
465 110
1 9 2
257 231
1 7 2
645 403
1 8 2
199 238
1 6 2
643 664
1 4 2
297 377
1 9 2
695 262
1 3 2
366 160
1 12 2
181 507
1 2 2
310 72
1 7 2
436 10
1 7 2
238 226
1 7 2
385 387
1 15 2
582 117
1 2 2
495 235
1 14 2
31 138
1 15 2
59 288
1 2 2
25 220
1 9 2
270 253
1 7 2
66 120
1 11 2
88 327
1 5 2
629 237
1 4 2
32 571
1 9 2
424 476
1 2 2
394 330
1 9 2
110 342
1 2 2
191 18
1 3 2
425 323
1 11 2
87 500
1 9 2
462 142
1 6 2
436 120
1 5 2
483 482
1 10 2
4 479
1 13 2
663 595
1 8 2
605 271
1 4 2
671 321
1 12 2
473 126
1 13 2
236 445
1 9 2
144 468
1 5 2
181 29
1 14 2
166 451
1 15 2
646 291
1 15 2
458 434
1 6 2
422 119
1 3 2
415 526
1 15 2
134 491
1 8 2
236 667
1 13 2
369 622
1 12 2
121 517
1 7 2
443 139
1 10 2
4 569
1 12 2
595 544
1 6 2
276 469
1 6 2
595 245
1 11 2
128 620
1 7 2
28 605
1 11 2
629 405
1 6 2
486 469
1 12 2
324 517
1 8 2
355 90
1 7 2
481 92
1 13 2
636 430
1 12 2
553 331
1 11 2
575 309
1 6 2
12 677
1 14 2
38 79
1 5 2
9 455
1 15 2
631 295
1 7 2
565 318
1 6 2
476 479
1 13 2
390 476
1 14 2
662 384
1 12 2
9 176
1 9 2
128 9
1 10 2
685 530
1 10 2
674 542
1 14 2
666 96
1 13 2
237 599
1 5 2
139 159
1 7 2
631 261
1 3 2
661 338
1 14 2
281 555
1 4 2
690 518
1 2 2
225 33
1 11 2
366 51
1 15 2
302 549
1 5 2
658 547
1 5 2
678 330
1 12 2
265 239
1 2 2
293 506
1 4 2
514 459
1 4 2
300 361
1 14 2
458 679
1 3 2
155 504
1 3 2
186 363
1 12 2
423 383
1 4 2
448 230
1 3 2
635 67
1 7 2
436 423
1 10 2
120 167
1 11 2
654 601
1 8 2
358 697
1 2 2
376 442
1 2 2
185 363
1 14 2
439 660
1 4 2
182 181
1 15 2
117 415
1 4 2
104 698
1 4 2
444 292
1 3 2
75 132
1 4 2
82 190
1 15 2
238 565
1 8 2
388 697
1 7 2
114 342
1 10 2
3 151
1 6 2
410 431
1 2 2
221 332
1 15 2
699 413
1 8 2
242 607
1 3 2
413 322
1 7 2
413 171
1 5 2
356 278
1 9 2
32 401
1 15 2
31 446
1 15 2
196 540
1 15 2
100 656
1 15 2
693 200
1 11 2
321 594
1 5 2
71 205
1 15 2
105 87
1 4 2
536 143
1 11 2
466 309
1 2 2
205 454
1 7 2
461 277
1 2 2
644 419
1 8 2
678 422
1 10 2
435 172
1 9 2
2 234
1 8 2
364 660
1 7 2
506 172
1 8 2
350 426
1 13 2
612 406
1 9 2
219 55
1 15 2
8 392
1 3 2
16 69
1 2 2
309 22
1 6 2
231 218
1 12 2
66 453
1 6 2
359 435
1 5 2
104 472
1 11 2
125 683
1 13 2
104 513
1 4 2
685 44
1 8 2
315 337
1 7 2
455 301
1 10 2
405 389
1 2 2
183 448
1 14 2
111 556
1 14 2
259 659
1 7 2
20 188
1 9 2
629 293
1 6 2
575 421
1 2 2
417 490
1 11 2
539 71
1 7 2
62 605
1 7 2
310 695
1 8 2
59 538
1 3 2
642 234
1 6 2
246 374
1 10 2
335 684
1 8 2
244 437
1 12 2
281 583
1 2 2
110 674
1 7 2
358 70
1 3 2
433 423
1 13 2
265 394
1 14 2
619 58
1 4 2
131 436
1 2 2
651 408
1 12 2
613 296
1 15 2
69 173
1 13 2
690 234
1 9 2
308 366
1 10 2
662 438
1 8 2
464 600
1 10 2
387 201
1 12 2
624 380
1 9 2
91 662
1 8 2
66 160
1 4 2
447 30
1 14 2
121 503
1 2 2
90 154
1 6 2
111 174
1 7 2
599 466
1 13 2
298 496
1 7 2
185 688
1 14 2
233 312
1 7 2
464 100
1 9 2
393 471
1 9 2
619 188
1 6 2
305 11
1 2 2
390 692
1 11 2
88 607
1 2 2
566 322
1 7 2
510 512
1 2 2
156 571
1 9 2
300 293
1 6 2
502 538
1 7 2
437 596
1 7 2
486 217
1 2 2
583 318
1 10 2
97 502
1 13 2
98 14
1 7 2
32 510
1 15 2
401 209
1 13 2
274 110
1 7 2
230 186
1 9 2
124 86
1 7 2
62 448
1 14 2
184 677
1 13 2
286 92
1 11 2
355 428
1 11 2
589 477
1 5 2
640 284
1 5 2
465 463
1 14 2
428 554
1 3 2
160 679
1 10 2
147 179
1 13 2
534 650
1 11 2
167 466
1 6 2
54 638
1 15 2
257 182
1 12 2
678 251
1 13 2
354 558
1 2 2
40 97
1 4 2
364 4
1 8 2
66 76
1 8 2
345 111
1 7 2
39 188
1 2 2
619 369
1 5 2
579 69
1 15 2
612 480
1 8 2
366 259
1 8 2
312 348
1 11 2
60 412
1 8 2
465 361
1 14 2
464 407
1 2 2
463 562
1 13 2
445 33
1 2 2
294 80
1 5 2
239 406
1 14 2
242 305
1 4 2
437 12
1 14 2
656 267
1 11 2
324 247
1 9 2
632 663
1 9 2
98 222
1 5 2
110 21
1 2 2
251 206
1 7 2
663 572
1 15 2
507 204
1 11 2
217 182
1 5 2
292 193
1 11 2
123 214
1 6 2
545 525
1 13 2
35 662
1 12 2
666 172
1 4 2
158 364
1 2 2
659 510
1 14 2
257 537
1 13 2
383 232
1 8 2
98 272
1 13 2
3 259
1 13 2
286 564
1 5 2
483 59
1 6 2
278 630
1 4 2
131 275
1 9 2
427 50
1 2 2
313 396
1 5 2
333 162
1 3 2
608 451
1 6 2
143 516
1 12 2
320 641
1 8 2
535 336
1 6 2
151 157
1 9 2
491 551
1 3 2
383 398
1 13 2
520 390
1 3 2
471 282
1 5 2
544 409
1 10 2
219 589
1 3 2
503 640
1 9 2
90 610
1 9 2
453 467
1 4 2
192 611
1 7 2
115 552
1 12 2
649 118
1 5 2
311 269
1 13 2
43 198
1 11 2
58 697
1 13 2
134 540
1 14 2
640 611
1 2 2
113 150
1 5 2
29 222
1 14 2
545 332
1 15 2
503 341
1 2 2
319 302
1 15 2
219 431
1 10 2
516 469
1 15 2
376 262
1 12 2
562 338
1 14 2
352 449
1 3 2
178 403
1 6 2
26 604
1 11 2
274 525
1 8 2
281 648
1 10 2
220 97
1 5 2
473 15
1 9 2
460 675
1 11 2
2 244
1 9 2
486 411
1 8 2
104 241
1 3 2
298 511
1 3 2
691 424
1 13 2
674 226
1 7 2
638 465
1 11 2
474 514
1 10 2
625 102
1 7 2
195 9
1 13 2
111 482
1 15 2
685 43
1 7 2
242 282
1 7 2
39 367
1 8 2
605 537
1 3 2
356 412
1 6 2
8 44
1 2 2
173 506
1 3 2
471 230
1 8 2
466 166
1 3 2
428 568
1 9 2
153 684
1 11 2
426 174
1 5 2
171 331
1 5 2
15 676
1 12 2
554 629
1 4 2
293 696
1 7 2
281 401
1 13 2
68 535
1 7 2
561 447
1 11 2
630 21
1 10 2
568 354
1 15 2
325 687
1 12 2
552 599
1 9 2
543 600
1 3 2
631 664
1 11 2
31 259
1 9 2
690 174
1 8 2
86 231
1 7 2
471 698
1 14 2
143 273
1 9 2
696 675
1 3 2
397 225
1 5 2
459 685
1 6 2
104 699
1 9 2
433 526
1 8 2
549 341
1 12 2
158 617
1 14 2
37 129
1 3 2
216 363
1 6 2
639 325
1 12 2
569 545
1 10 2
370 151
1 7 2
330 225
1 8 2
10 135
1 3 2
161 129
1 8 2
406 138
1 4 2
19 245
1 14 2
512 312
1 11 2
221 369
1 4 2
671 54
1 6 2
133 137
1 13 2
156 498
1 5 2
324 411
1 6 2
152 67
1 12 2
297 15
1 10 2
545 45
1 8 2
684 130
1 15 2
267 86
1 7 2
213 76
1 5 2
400 592
1 15 2
626 346
1 10 2
285 21
1 13 2
688 12
1 13 2
373 125
1 4 2
147 462
1 11 2
672 5
1 13 2
111 43
1 10 2
266 311
1 13 2
658 396
1 15 2
225 643
1 11 2
214 330
1 12 2
578 460
1 11 2
161 222
1 13 2
475 624
1 6 2
106 152
1 15 2
267 12
1 4 2
272 317
1 4 2
429 17
1 6 2
55 120
1 3 2
39 433
1 5 2
201 656
1 12 2
521 142
1 5 2
10 639
1 4 2
598 94
1 12 2
359 687
1 14 2
516 352
1 7 2
480 146
1 2 2
543 265
1 3 2
91 256
1 2 2
58 194
1 4 2
609 616
1 6 2
262 152
1 12 2
374 145
1 3 2
433 646
1 9 2
244 135
1 4 2
674 603
1 6 2
248 618
1 4 2
586 212
1 5 2
450 138
1 4 2
529 355
1 6 2
450 473
1 5 2
378 106
1 4 2
578 286
1 11 2
207 107
1 2 2
284 257
1 7 2
682 123
1 10 2
303 282
1 12 2
480 241
1 13 2
390 663
1 3 2
609 416
1 6 2
658 399
1 7 2
439 307
1 10 2
343 416
1 2 2
34 106
1 13 2
49 158
1 10 2
566 255
1 11 2
236 285
1 12 2
162 17
1 13 2
44 69
1 9 2
572 635
1 10 2
114 683
1 11 2
113 82
1 11 2
76 666
1 10 2
626 7
1 10 2
270 281
1 9 2
510 70
1 12 2
321 119
1 3 2
649 696
1 5 2
674 251
1 9 2
259 256
1 3 2
205 436
1 14 2
231 81
1 4 2
345 588
1 4 2
169 648
1 11 2
580 117
1 14 2
278 549
1 2 2
697 339
1 8 2
93 416
1 2 2
190 398
1 2 2
6 149
1 12 2
109 421
1 8 2
422 563
1 10 2
482 451
1 11 2
160 310
1 9 2
436 649
1 9 2
263 678
1 5 2
532 358
1 5 2
34 580
1 6 2
478 29
1 5 2
337 492
1 2 2
500 548
1 3 2
529 410
1 10 2
76 176
1 4 2
667 666
1 14 2
547 430
1 5 2
447 569
1 12 2
627 574
1 14 2
303 355
1 5 2
466 394
1 14 2
5 545
1 14 2
257 557
1 10 2
457 663
1 9 2
251 42
1 6 2
594 432
1 3 2
198 483
1 13 2
580 475
1 8 2
583 414
1 15 2
142 382
1 5 2
615 2
1 12 2
160 260
1 15 2
600 37
1 7 2
471 291
1 4 2
2 531
1 9 2
353 53
1 12 2
466 112
1 14 2
132 557
1 8 2
404 521
1 4 2
369 236
1 14 2
647 451
1 4 2
388 341
1 7 2
70 280
1 4 2
2 346
1 2 2
315 437
1 6 2
395 216
1 12 2
150 243
1 15 2
545 676
1 5 2
66 679
1 10 2
605 694
1 4 2
80 590
1 2 2
176 459
1 9 2
258 534
1 11 2
189 591
1 7 2
505 581
1 8 2
679 233
1 10 2
535 64
1 5 2
411 463
1 14 2
309 166
1 5 2
484 93
1 15 2
82 568
1 8 2
156 291
1 13 2
123 518
1 14 2
109 630
1 2 2
327 459
1 6 2
345 692
1 10 2
501 119
1 2 2
310 552
1 5 2
152 95
1 5 2
676 344
1 15 2
164 149
1 2 2
506 143
1 7 2
191 69
1 10 2
217 600
1 9 2
224 43
1 10 2
566 446
1 2 2
640 6
1 13 2
668 455
1 12 2
323 657
1 14 2
407 608
1 9 2
248 36
1 6 2
195 623
1 2 2
654 13
1 8 2
246 610
1 2 2
390 538
1 8 2
6 446
1 8 2
45 303
1 11 2
632 170
1 8 2
207 269
1 4 2
161 381
1 9 2
197 78
1 9 2
675 567
1 9 2
358 537
1 3 2
567 258
1 2 2
69 141
1 7 2
165 345
1 7 2
428 482
1 2 2
202 61
1 7 2
492 113
1 6 2
338 238
1 7 2
281 618
1 15 2
65 314
1 5 2
180 265
1 13 2
347 553
1 3 2
258 569
1 10 2
666 146
1 10 2
23 321
1 12 2
563 657
1 6 2
298 219
1 6 2
64 228
1 2 2
43 330
1 10 2
478 631
1 12 2
109 640
1 3 2
217 149
1 10 2
324 674
1 3 2
258 523
1 8 2
83 442
1 14 2
235 146
1 12 2
97 315
1 14 2
128 229
1 2 2
70 438
1 2 2
138 562
1 10 2
548 94
1 13 2
374 434
1 12 2
276 25
1 8 2
294 340
1 11 2
352 559
1 7 2
0 21
1 10 2
46 20
1 3 2
695 643
1 6 2
354 539
1 8 2
133 29
1 2 2
443 655
1 11 2
102 111
1 3 2
421 196
1 8 2
394 506
1 12 2
35 204
1 8 2
542 424
1 15 2
490 483
1 7 2
334 551
1 3 2
23 665
1 6 2
95 165
1 10 2
387 663
1 4 2
488 253
1 10 2
632 499
1 11 2
302 362
1 10 2
18 429
1 8 2
380 57
1 14 2
214 188
1 9 2
269 359
1 9 2
261 477
1 15 2
532 680
1 15 2
112 377
1 15 2
122 511
1 10 2
599 203
1 9 2
608 30
1 14 2
562 19
1 7 2
619 585
1 11 2
648 107
1 3 2
152 185
1 13 2
374 368
1 5 2
154 629
1 12 2
468 123
1 13 2
35 641
1 3 2
12 158
1 10 2
555 309
1 11 2
322 75
1 3 2
567 292
1 4 2
586 593
1 11 2
231 235
1 6 2
68 370
1 11 2
269 355
1 13 2
77 342
1 7 2
382 183
1 2 2
342 558
1 7 2
242 6
1 7 2
3 440
1 6 2
167 368
1 2 2
97 699
1 8 2
229 381
1 7 2
84 686
1 10 2
239 264
1 8 2
101 185
1 5 2
132 151
1 6 2
576 281
1 15 2
630 645
1 15 2
335 229
1 14 2
392 298
1 9 2
158 375
1 2 2
44 269
1 5 2
413 14
1 4 2
654 49
1 8 2
687 406
1 12 2
651 482
1 8 2
425 686
1 5 2
270 636
1 11 2
90 112
1 12 2
428 128
1 6 2
45 486
1 15 2
300 30
1 15 2
468 205
1 14 2
440 88
1 14 2
526 522
1 13 2
418 26
1 2 2
489 71
1 15 2
332 188
1 8 2
203 281
1 4 2
234 81
1 7 2
556 259
1 4 2
544 122
1 15 2
500 268
1 10 2
618 262
1 3 2
265 560
1 14 2
241 49
1 5 2
503 104
1 7 2
683 164
1 13 2
120 354
1 10 2
581 380
1 8 2
265 344
1 5 2
27 104
1 12 2
376 677
1 6 2
470 47
1 7 2
562 255
1 2 2
472 404
1 4 2
263 638
1 11 2
77 433
1 3 2
186 471
1 13 2
104 223
1 9 2
548 383
1 7 2
414 603
1 10 2
183 351
1 11 2
245 534
1 11 2
671 278
1 5 2
672 46
1 14 2
48 294
1 7 2
363 635
1 13 2
270 632
1 6 2
383 238
1 14 2
576 234
1 6 2
2 192
1 2 2
686 316
1 13 2
264 372
1 7 2
311 336
1 11 2
12 697
1 9 2
475 517
1 10 2
195 558
1 10 2
248 208
1 6 2
366 217
1 3 2
420 664
1 2 2
338 424
1 12 2
601 360
1 4 2
661 27
1 2 2
273 140
1 5 2
518 549
1 14 2
116 30
1 10 2
6 432
1 7 2
249 105
1 13 2
405 479
1 8 2
306 305
1 3 2
605 698
1 2 2
671 189
1 8 2
596 2
1 14 2
336 132
1 13 2
233 657
1 9 2
166 27
1 3 2
366 236
1 15 2
599 235
1 6 2
494 256
1 3 2
320 473
1 9 2
44 3
1 14 2
156 676
1 3 2
566 521
1 2 2
147 364
1 5 2
401 181
1 4 2
670 568
1 15 2
78 673
1 3 2
136 374
1 15 2
190 12
1 6 2
256 113
1 4 2
332 445
1 4 2
64 120
1 6 2
534 383
1 2 2
605 134
1 15 2
398 296
1 14 2
540 627
1 7 2
252 560
1 11 2
126 158
1 2 2
148 234
1 5 2
524 544
1 2 2
71 632
1 11 2
80 158
1 2 2
365 472
1 12 2
526 65
1 4 2
477 486
1 7 2
594 367
1 8 2
362 122
1 3 2
548 102
1 6 2
574 190
1 12 2
570 484
1 11 2
497 488
1 10 2
6 52
1 4 2
238 378
1 9 2
359 141
1 13 2
423 307
1 9 2
426 156
1 4 2
419 491
1 13 2
559 23
1 8 2
428 586
1 6 2
67 587
1 15 2
458 348
1 3 2
550 458
1 6 2
564 529
1 6 2
546 20
1 7 2
269 674
1 3 2
108 82
1 13 2
324 526
1 7 2
286 326
1 2 2
262 283
1 8 2
687 387
1 13 2
635 227
1 15 2
692 2
1 4 2
264 276
1 13 2
453 561
1 3 2
166 254
1 3 2
130 112
1 14 2
283 62
1 13 2
230 327
1 10 2
653 371
1 14 2
490 317
1 2 2
325 64
1 11 2
116 319
1 8 2
111 14
1 8 2
529 291
1 7 2
608 523
1 2 2
516 584
1 3 2
607 669
1 13 2
223 597
1 14 2
266 682
1 11 2
26 231
1 2 2
194 426
1 2 2
531 409
1 7 2
404 276
1 4 2
258 157
1 10 2
570 338
1 3 2
262 349
1 11 2
651 144
1 13 2
430 261
1 12 2
515 154
1 11 2
558 163
1 11 2
418 495
1 5 2
656 265
1 4 2
117 317
1 9 2
494 276
1 11 2
438 433
1 2 2
653 262
1 8 2
280 343
1 4 2
548 227
1 15 2
481 453
1 15 2
305 360
1 12 2
17 368
1 3 2
412 687
1 4 2
431 133
1 2 2
469 448
1 5 2
293 189
1 13 2
403 542
1 11 2
397 473
1 4 2
687 446
1 6 2
24 692
1 12 2
358 555
1 6 2
352 564
1 5 2
54 462
1 6 2
135 281
1 14 2
141 680
1 8 2
310 198
1 13 2
5 572
1 3 2
396 320
1 15 2
371 326
1 9 2
13 549
1 7 2
327 220
1 11 2
495 543
1 8 2
212 61
1 10 2
35 102
1 14 2
651 595
1 13 2
158 678
1 8 2
96 230
1 9 2
118 376
1 6 2
93 120
1 6 2
57 193
1 2 2
665 325
1 6 2
172 340
1 5 2
602 368
1 13 2
251 280
1 15 2
587 387
1 2 2
469 272
1 9 2
148 120
1 15 2
527 226
1 6 2
591 311
1 15 2
644 605
1 3 2
610 331
1 12 2
449 680
1 7 2
694 497
1 2 2
147 108
1 11 2
199 38
1 5 2
62 29
1 5 2
613 427
1 11 2
373 127
1 9 2
635 16
1 14 2
329 57
1 5 2
507 11
1 15 2
301 218
1 11 2
96 330
1 11 2
39 58
1 3 2
504 275
1 7 2
225 636
1 8 2
221 362
1 14 2
333 35
1 3 2
219 427
1 13 2
581 267
1 6 2
489 478
1 12 2
441 632
1 9 2
340 169
1 6 2
296 163
1 13 2
470 192
1 4 2
410 153
1 5 2
482 97
1 4 2
449 547
1 14 2
305 185
1 13 2
173 649
1 2 2
397 396
1 4 2
509 153
1 2 2
190 2
1 4 2
10 51
1 10 2
28 22
1 4 2
6 136
1 4 2
470 11
1 15 2
450 28
1 14 2
46 577
1 11 2
560 547
1 13 2
444 101
1 13 2
8 398
1 4 2
562 128
1 7 2
558 124
1 9 2
489 128
1 2 2
194 420
1 6 2
593 560
1 3 2
652 648
1 11 2
319 263
1 7 2
690 436
1 14 2
252 206
1 10 2
112 286
1 2 2
369 453
1 2 2
148 557
1 6 2
529 339
1 5 2
332 435
1 13 2
654 192
1 4 2
386 512
1 5 2
234 394
1 12 2
152 697
1 9 2
496 609
1 15 2
110 571
1 4 2
406 492
1 14 2
222 233
1 7 2
441 76
1 5 2
671 103
1 15 2
375 504
1 15 2
43 144
1 10 2
430 397
1 5 2
283 277
1 14 2
672 149
1 8 2
228 218
1 13 2
249 610
1 14 2
132 551
1 9 2
272 600
1 9 2
657 129
1 12 2
605 233
1 2 2
344 570
1 11 2
512 423
1 8 2
699 525
1 9 2
690 549
1 8 2
397 237
1 10 2
172 615
1 9 2
409 632
1 2 2
618 672
1 2 2
458 214
1 7 2
444 6
1 12 2
574 622
1 4 2
365 43
1 6 2
329 617
1 8 2
618 187
1 7 2
475 324
1 14 2
476 416
1 2 2
82 0
1 11 2
183 162
1 6 2
51 56
1 6 2
346 604
1 9 2
4 449
1 6 2
538 230
1 2 2
500 40
1 7 2
668 183
1 10 2
372 680
1 8 2
23 495
1 15 2
218 50
1 13 2
196 236
1 14 2
642 618
1 14 2
210 280
1 13 2
576 254
1 15 2
427 389
1 11 2
508 672
1 3 2
368 389
1 14 2
672 441
1 15 2
316 100
1 12 2
689 118
1 8 2
563 299
1 8 2
80 497
1 2 2
100 27
1 8 2
349 510
1 11 2
472 296
1 2 2
35 423
1 5 2
133 206
1 7 2
560 130
1 11 2
444 70
1 6 2
446 442
1 4 2
206 394
1 14 2
540 630
1 14 2
88 134
1 15 2
42 547
1 15 2
675 221
1 10 2
242 515
1 14 2
332 461
1 12 2
642 239
1 10 2
520 342
1 5 2
69 478
1 9 2
363 122
1 3 2
176 188
1 6 2
373 218
1 5 2
692 224
1 10 2
673 7
1 2 2
425 661
1 15 2
457 113
1 4 2
376 413
1 3 2
548 567
1 2 2
200 319
1 14 2
219 13
1 5 2
72 295
1 3 2
47 544
1 13 2
686 316
1 9 2
434 240
1 11 2
597 646
1 11 2
631 45
1 10 2
310 73
1 12 2
545 153
1 10 2
423 537
1 15 2
173 650
1 4 2
46 181
1 14 2
695 688
1 13 2
91 457
1 2 2
379 633
1 5 2
132 344
1 7 2
185 84
1 14 2
58 625
1 3 2
408 611
1 15 2
495 19
1 9 2
151 249
1 5 2
421 383
1 8 2
176 658
1 10 2
515 300
1 15 2
496 70
1 4 2
217 136
1 5 2
235 86
1 11 2
354 63
1 5 2
354 259
1 11 2
262 198
1 4 2
58 294
1 6 2
151 98
1 15 2
178 568
1 15 2
184 597
1 15 2
435 236
1 11 2
220 431
1 11 2
155 90
1 3 2
143 342
1 9 2
632 478
1 11 2
344 93
1 13 2
222 125
1 12 2
504 436
1 12 2
218 463
1 2 2
682 645
1 7 2
289 131
1 5 2
3 308
1 4 2
148 177
1 13 2
657 436
1 8 2
390 691
1 7 2
15 143
1 8 2
667 211
1 3 2
124 675
1 6 2
628 617
1 10 2
494 388
1 4 2
544 344
1 11 2
265 149
1 5 2
302 197
1 10 2
473 113
1 3 2
2 646
1 14 2
578 139
1 2 2
563 598
1 8 2
528 123
1 13 2
341 114
1 12 2
16 473
1 4 2
580 74
1 5 2
485 187
1 5 2
358 639
1 7 2
538 309
1 2 2
512 647
1 4 2
549 159
1 12 2
530 622
1 12 2
411 134
1 15 2
497 348
1 5 2
377 480
1 10 2
161 528
1 6 2
100 536
1 9 2
170 179
1 8 2
351 241
1 8 2
227 524
1 12 2
400 664
1 10 2
154 14
1 11 2
682 195
1 14 2
376 253
1 10 2
463 497
1 6 2
414 426
1 3 2
516 588
1 3 2
4 209
1 13 2
159 509
1 8 2
154 111
1 9 2
279 374
1 11 2
81 378
1 12 2
68 159
1 4 2
660 349
1 5 2
682 17
1 15 2
355 200
1 6 2
599 604
1 7 2
389 65
1 6 2
46 441
1 10 2
559 207
1 5 2
140 9
1 5 2
273 669
1 5 2
202 86
1 14 2
476 684
1 15 2
468 214
1 9 2
639 557
1 2 2
434 667
1 4 2
314 471
1 2 2
133 529
1 4 2
242 199
1 10 2
423 343
1 8 2
86 541
1 2 2
331 226
1 7 2
474 411
1 14 2
331 217
1 10 2
115 484
1 5 2
15 404
1 13 2
331 337
1 12 2
480 427
1 15 2
82 277
1 4 2
555 251
1 7 2
92 686
1 3 2
269 14
1 5 2
208 663
1 11 2
686 193
1 6 2
620 691
1 12 2
694 510
1 7 2
188 45
1 5 2
86 430
1 2 2
269 617
1 13 2
372 148
1 9 2
684 366
1 13 2
110 494
1 9 2
487 338
1 2 2
28 327
1 3 2
104 180
1 13 2
117 263
1 6 2
143 246
1 8 2
300 642
1 3 2
513 57
1 2 2
657 156
1 10 2
366 688
1 9 2
107 66
1 13 2
394 473
1 12 2
639 673
1 14 2
352 381
1 13 2
195 504
1 12 2
688 357
1 3 2
366 82
1 3 2
694 256
1 15 2
512 89
1 2 2
71 221
1 5 2
390 586
1 10 2
80 591
1 6 2
90 19
1 15 2
577 554
1 8 2
239 211
1 14 2
589 425
1 7 2
300 448
1 14 2
104 279
1 11 2
458 406
1 15 2
4 544
1 9 2
238 105
1 9 2
559 145
1 7 2
547 229
1 6 2
587 528
1 9 2
150 119
1 9 2
584 502
1 14 2
285 295
1 13 2
381 659
1 7 2
365 478
1 5 2
250 357
1 3 2
696 324
1 4 2
450 479
1 4 2
228 67
1 6 2
588 665
1 15 2
564 129
1 5 2
156 564
1 3 2
304 485
1 9 2
662 572
1 7 2
563 691
1 5 2
342 201
1 10 2
37 440
1 14 2
403 687
1 5 2
334 32
1 2 2
23 315
1 6 2
566 442
1 13 2
642 496
1 4 2
508 40
1 14 2
26 445
1 8 2
580 131
1 13 2
444 55
1 13 2
460 520
1 7 2
184 297
1 11 2
184 645
1 4 2
506 355
1 2 2
353 592
1 15 2
111 378
1 9 2
640 14
1 3 2
131 683
1 3 2
424 663
1 13 2
647 457
1 9 2
244 206
1 5 2
352 116
1 14 2
461 613
1 15 2
131 41
1 15 2
252 332
1 4 2
178 555
1 14 2
232 276
1 8 2
512 487
1 12 2
252 681
1 7 2
474 384
1 3 2
691 179
1 12 2
250 608
1 11 2
256 614
1 7 2
693 258
1 14 2
327 90
1 7 2
134 630
1 5 2
445 431
1 2 2
64 238
1 7 2
545 156
1 6 2
137 351
1 8 2
551 337
1 9 2
428 182
1 14 2
377 20
1 2 2
609 353
1 5 2
308 166
1 8 2
537 650
1 11 2
83 393
1 14 2
501 358
1 9 2
154 277
1 2 2
514 664
1 8 2
592 57
1 2 2
698 24
1 14 2
292 642
1 11 2
315 520
1 10 2
607 196
1 12 2
496 83
1 6 2
79 339
1 15 2
571 170
1 12 2
65 585
1 9 2
635 181
1 10 2
403 329
1 15 2
112 7
1 11 2
385 151
1 8 2
519 138
1 7 2
410 188
1 10 2
297 429
1 11 2
561 691
1 4 2
672 465
1 4 2
646 638
1 13 2
286 6
1 9 2
525 546
1 5 2
617 655
1 2 2
303 152
1 4 2
686 673
1 2 2
341 593
1 4 2
502 30
1 13 2
238 467
1 15 2
371 122
1 14 2
170 614
1 15 2
320 145
1 5 2
501 202
1 5 2
595 77
1 7 2
348 188
1 12 2
500 51
1 12 2
64 620
1 5 2
535 14
1 13 2
246 371
1 14 2
85 154
1 14 2
136 161
1 7 2
354 231
1 10 2
332 580
1 12 2
600 70
1 12 2
567 292
1 12 2
545 379
1 4 2
637 174
1 10 2
168 461
1 11 2
227 319
1 4 2
570 612
1 12 2
12 324
1 12 2
609 457
1 2 2
519 374
1 7 2
320 387
1 15 2
351 47
1 5 2
471 541
1 10 2
513 63
1 9 2
571 295
1 10 2
509 549
1 15 2
96 255
1 5 2
556 319
1 2 2
639 568
1 11 2
469 221
1 3 2
350 564
1 7 2
76 299
1 9 2
433 250
1 11 2
43 547
1 13 2
103 580
1 12 2
585 627
1 11 2
152 523
1 10 2
338 537
1 9 2
653 504
1 4 2
324 184
1 5 2
399 567
1 3 2
313 396
1 15 2
284 275
1 5 2
467 695
1 14 2
443 313
1 7 2
396 431
1 2 2
527 347
1 5 2
674 481
1 14 2
602 360
1 6 2
475 455
1 14 2
116 288
1 6 2
622 505
1 6 2
466 544
1 13 2
182 664
1 12 2
503 144
1 11 2
529 565
1 5 2
279 41
1 13 2
173 423
1 6 2
20 489
1 8 2
38 395
1 2 2
516 461
1 4 2
533 334
1 5 2
247 277
1 6 2
137 485
1 12 2
275 264
1 12 2
268 186
1 15 2
279 592
1 11 2
306 360
1 6 2
244 80
1 6 2
78 153
1 7 2
230 268
1 8 2
488 229
1 11 2
301 426
1 4 2
257 44
1 12 2
185 111
1 3 2
417 339
1 13 2
31 142
1 2 2
121 586
1 13 2
634 255
1 15 2
82 314
1 13 2
202 9
1 7 2
8 34
1 14 2
222 644
1 3 2
566 62
1 15 2
400 452
1 4 2
681 502
1 15 2
306 444
1 2 2
541 405
1 7 2
20 232
1 9 2
619 223
1 15 2
299 263
1 15 2
105 151
1 3 2
398 157
1 9 2
88 168
1 14 2
40 367
1 7 2
589 416
1 13 2
438 288
1 7 2
231 102
1 9 2
233 604
1 4 2
175 260
1 8 2
591 564
1 3 2
436 669
1 13 2
555 597
1 3 2
573 561
1 15 2
546 237
1 10 2
119 187
1 15 2
519 163
1 5 2
65 230
1 7 2
371 344
1 9 2
291 385
1 15 2
610 51
1 15 2
197 216
1 7 2
435 223
1 12 2
684 445
1 4 2
39 192
1 5 2
524 466
1 4 2
225 12
1 9 2
187 126
1 9 2
532 289
1 15 2
600 235
1 3 2
185 80
1 4 2
534 529
1 9 2
121 290
1 7 2
120 278
1 7 2
668 103
1 11 2
264 130
1 6 2
231 72
1 2 2
628 305
1 12 2
603 68
1 4 2
243 120
1 15 2
76 575
1 5 2
216 599
1 9 2
671 203
1 3 2
394 675
1 13 2
96 528
1 5 2
620 186
1 9 2
690 672
1 13 2
148 310
1 4 2
543 298
1 2 2
100 291
1 3 2
148 536
1 2 2
103 13
1 11 2
192 335
1 6 2
468 558
1 13 2
401 416
1 7 2
318 99
1 14 2
699 221
1 3 2
366 676
1 13 2
76 477
1 8 2
148 310
1 11 2
150 426
1 5 2
673 585
1 5 2
543 297
1 13 2
642 265
1 6 2
686 225
1 8 2
311 249
1 12 2
516 461
1 10 2
474 407
1 11 2
298 590
1 9 2
325 273
1 8 2
47 46
1 8 2
672 245
1 10 2
471 103
1 13 2
217 671
1 13 2
536 173
1 13 2
85 406
1 14 2
290 67
1 15 2
673 341
1 10 2
220 667
1 3 2
398 148
1 14 2
427 56
1 11 2
568 56
1 6 2
417 279
1 2 2
651 390
1 12 2
18 654
1 10 2
450 540
1 9 2
236 435
1 2 2
665 95
1 2 2
206 401
1 2 2
204 591
1 3 2
455 109
1 5 2
423 369
1 4 2
453 445
1 11 2
4 317
1 9 2
353 209
1 8 2
521 268
1 4 2
622 634
1 9 2
403 94
1 11 2
369 167
1 9 2
391 493
1 13 2
85 28
1 14 2
415 49
1 11 2
566 597
1 6 2
160 134
1 10 2
110 118
1 2 2
250 36
1 6 2
660 491
1 7 2
356 422
1 6 2
636 146
1 15 2
150 50
1 8 2
51 596
1 13 2
531 428
1 2 2
180 240
1 15 2
436 29
1 3 2
342 229
1 13 2
132 39
1 9 2
194 605
1 7 2
156 339
1 13 2
500 455
1 8 2
134 235
1 9 2
34 213
1 13 2
144 548
1 3 2
240 651
1 7 2
309 303
1 2 2
267 135
1 14 2
671 627
1 5 2
527 367
1 7 2
203 335
1 8 2
454 371
1 11 2
35 215
1 11 2
266 634
1 15 2
440 26
1 13 2
695 699
1 3 2
507 685
1 3 2
380 427
1 5 2
393 487
1 12 2
520 602
1 2 2
250 9
1 13 2
276 412
1 7 2
617 90
1 12 2
87 77
1 7 2
25 513
1 5 2
33 40
1 6 2
131 288
1 4 2
152 167
1 12 2
144 276
1 12 2
618 115
1 12 2
394 662
1 12 2
382 648
1 14 2
156 172
1 9 2
603 329
1 9 2
401 389
1 9 2
653 341
1 2 2
412 133
1 15 2
143 94
1 3 2
117 105
1 14 2
299 695
1 6 2
140 286
1 13 2
552 503
1 8 2
138 598
1 12 2
493 291
1 3 2
282 224
1 12 2
470 39
1 2 2
414 113
1 11 2
484 308
1 13 2
132 67
1 10 2
355 395
1 11 2
490 373
1 14 2
397 16
1 11 2
175 240
1 2 2
506 109
1 14 2
260 506
1 8 2
384 381
1 6 2
22 415
1 3 2
184 207
1 3 2
645 392
1 12 2
449 129
1 15 2
535 365
1 13 2
311 59
1 5 2
687 699
1 8 2
190 662
1 13 2
53 26
1 7 2
20 284
1 2 2
519 658
1 11 2
611 617
1 12 2
364 595
1 5 2
353 63
1 14 2
116 671
1 15 2
660 581
1 12 2
221 188
1 11 2
247 405
1 15 2
282 102
1 3 2
381 379
1 10 2
465 204
1 3 2
412 440
1 7 2
108 544
1 13 2
677 409
1 4 2
308 427
1 13 2
131 304
1 9 2
204 82
1 2 2
160 378
1 11 2
294 446
1 14 2
633 520
1 5 2
196 359
1 9 2
396 577
1 3 2
90 302
1 11 2
502 669
1 7 2
64 246
1 10 2
643 540
1 6 2
361 481
1 13 2
197 57
1 10 2
65 299
1 11 2
239 671
1 14 2
203 432
1 8 2
562 264
1 13 2
389 117
1 2 2
543 637
1 9 2
376 220
1 7 2
489 305
1 6 2
596 250
1 3 2
507 177
1 10 2
406 185
1 8 2
588 456
1 2 2
419 273
1 4 2
605 601
1 5 2
97 189
1 2 2
615 101
1 13 2
392 321
1 6 2
348 486
1 10 2
39 389
1 4 2
107 436
1 14 2
655 220
1 14 2
520 201
1 7 2
654 56
1 7 2
180 89
1 15 2
584 153
1 7 2
696 274
1 15 2
542 346
1 9 2
152 515
1 3 2
134 38
1 14 2
49 568
1 10 2
95 563
1 10 2
597 280
1 11 2
88 360
1 7 2
359 674
1 3 2
367 191
1 15 2
341 613
1 13 2
127 103
1 15 2
345 531
1 10 2
112 305
1 7 2
670 430
1 8 2
334 433
1 14 2
198 659
1 4 2
584 169
1 14 2
593 276
1 11 2
308 559
1 14 2
344 60
1 5 2
301 121
1 2 2
686 384
1 5 2
212 70
1 7 2
520 254
1 5 2
607 73
1 12 2
365 330
1 10 2
125 18
1 3 2
269 260
1 12 2
321 8
1 15 2
318 458
1 8 2
667 25
1 15 2
548 490
1 12 2
206 551
1 6 2
368 456
1 9 2
340 666
1 4 2
607 177
1 13 2
96 319
1 4 2
473 83
1 6 2
90 270
1 2 2
99 55
1 4 2
62 353
1 12 2
492 522
1 4 2
536 557
1 14 2
157 44
1 8 2
362 78
1 8 2
544 441
1 5 2
611 370
1 3 2
436 658
1 12 2
144 112
1 6 2
121 194
1 12 2
351 683
1 14 2
170 5
1 4 2
44 222
1 6 2
278 394
1 9 2
406 683
1 10 2
76 356
1 15 2
257 429
1 9 2
616 411
1 10 2
317 289
1 10 2
333 675
1 14 2
431 227
1 13 2
647 500
1 2 2
548 600
1 14 2
72 402
1 9 2
679 658
1 4 2
508 468
1 12 2
17 632
1 8 2
363 134
1 9 2
97 441
1 5 2
649 445
1 14 2
215 61
1 11 2
680 450
1 13 2
647 218
1 3 2
669 560
1 8 2
155 590
1 2 2
578 525
1 13 2
109 506
1 8 2
427 56
1 15 2
190 418
1 8 2
153 291
1 2 2
370 226
1 8 2
165 355
1 14 2
699 144
1 10 2
488 75
1 12 2
241 5
1 10 2
481 309
1 9 2
127 552
1 3 2
169 114
1 4 2
200 424
1 15 2
544 247
1 13 2
667 540
1 14 2
665 441
1 6 2
20 311
1 4 2
382 104
1 7 2
423 302
1 8 2
109 313
1 2 2
144 401
1 14 2
690 373
1 10 2
365 375
1 11 2
345 502
1 15 2
444 498
1 6 2
89 450
1 15 2
499 658
1 13 2
423 105
1 12 2
114 199
1 2 2
572 641
1 2 2
462 19
1 7 2
677 590
1 2 2
679 443
1 6 2
226 99
1 2 2
258 262
1 10 2
276 635
1 10 2
320 279
1 7 2
258 166
1 13 2
274 295
1 4 2
248 83
1 5 2
70 283
1 14 2
677 489
1 6 2
339 182
1 5 2
136 34
1 10 2
607 32
1 14 2
589 476
1 2 2
693 372
1 12 2
112 129
1 5 2
47 468
1 13 2
621 8
1 3 2
226 251
1 6 2
175 133
1 9 2
537 492
1 3 2
495 34
1 9 2
507 21
1 15 2
204 402
1 2 2
501 136
1 15 2
279 18
1 6 2
95 440
1 4 2
269 441
1 7 2
284 219
1 4 2
347 361
1 5 2
463 403
1 10 2
332 513
1 7 2
522 212
1 12 2
443 241
1 8 2
493 239
1 9 2
463 266
1 8 2
169 129
1 13 2
245 598
1 11 2
433 425
1 14 2
569 543
1 14 2
56 156
1 14 2
616 372
1 7 2
456 645
1 12 2
283 431
1 7 2
500 646
1 11 2
553 618
1 2 2
619 192
1 11 2
237 660
1 2 2
35 244
1 7 2
440 475
1 8 2
576 291
1 4 2
626 284
1 14 2
8 126
1 10 2
468 568
1 5 2
142 355
1 9 2
113 100
1 3 2
434 90
1 12 2
7 294
1 15 2
266 563
1 8 2
535 59
1 3 2
614 422
1 4 2
131 558
1 8 2
155 91
1 14 2
373 519
1 15 2
224 182
1 11 2
199 230
1 5 2
691 83
1 10 2
11 577
1 12 2
156 212
1 3 2
643 208
1 15 2
165 315
1 2 2
348 102
1 3 2
698 470
1 3 2
360 206
1 2 2
572 6
1 11 2
468 253
1 6 2
662 52
1 3 2
652 259
1 8 2
58 452
1 14 2
121 254
1 3 2
689 178
1 12 2
179 463
1 7 2
455 494
1 12 2
567 316
1 6 2
465 517
1 15 2
566 57
1 4 2
209 448
1 13 2
26 160
1 14 2
601 279
1 8 2
125 153
1 3 2
90 438
1 4 2
20 588
1 4 2
358 175
1 2 2
117 256
1 8 2
365 653
1 8 2
680 126
1 3 2
290 520
1 12 2
86 595
1 12 2
275 191
1 11 2
678 475
1 9 2
522 429
1 4 2
686 506
1 2 2
389 327
1 5 2
49 325
1 2 2
208 408
1 6 2
277 566
1 8 2
617 441
1 9 2
442 302
1 14 2
325 416
1 8 2
32 336
1 15 2
570 397
1 4 2
334 303
1 9 2
271 191
1 8 2
268 244
1 3 2
427 150
1 15 2
692 373
1 14 2
198 314
1 11 2
204 522
1 15 2
347 313
1 5 2
290 214
1 5 2
506 540
1 6 2
62 487
1 11 2
257 387
1 10 2
386 630
1 6 2
601 169
1 6 2
113 25
1 9 2
596 609
1 2 2
230 187
1 8 2
317 261
1 15 2
235 470
1 11 2
504 19
1 12 2
570 122
1 6 2
586 191
1 10 2
354 96
1 4 2
81 164
1 14 2
491 347
1 7 2
72 323
1 7 2
467 379
1 7 2
566 402
1 2 2
172 168
1 12 2
297 133
1 6 2
620 334
1 11 2
493 46
1 12 2
697 159
1 11 2
308 403
1 9 2
116 317
1 3 2
682 676
1 8 2
12 318
1 2 2
259 627
1 15 2
388 451
1 5 2
588 116
1 8 2
533 87
1 11 2
53 263
1 15 2
53 469
1 5 2
170 38
1 6 2
361 221
1 4 2
689 422
1 4 2
191 664
1 15 2
578 609
1 7 2
426 652
1 6 2
439 609
1 3 2
5 597
1 4 2
119 406
1 7 2
202 381
1 7 2
10 95
1 13 2
623 689
1 9 2
173 628
1 8 2
107 234
1 11 2
81 435
1 12 2
64 173
1 9 2
119 450
1 11 2
373 154
1 4 2
4 679
1 14 2
66 460
1 13 2
317 242
1 8 2
477 192
1 8 2
158 68
1 9 2
600 78
1 9 2
337 139
1 5 2
34 274
1 10 2
493 187
1 8 2
294 32
1 7 2
35 145
1 10 2
651 163
1 14 2
364 698
1 7 2
365 676
1 8 2
216 323
1 11 2
694 190
1 4 2
219 94
1 11 2
162 509
1 5 2
353 298
