700 5600 2100
17 7 23 9 15 16 18 24 11 15 7 7 20 17 18 18 12 7 10 15 17 11 23 20 16 12 25 7 10 13 6 21 9 5 16 9 20 14 8 25 14 21 12 15 23 9 19 12 18 23 15 9 20 8 10 16 21 9 11 13 5 25 11 8 13 22 15 24 12 23 18 5 13 24 5 22 6 5 9 20 22 17 19 25 13 20 18 16 9 12 12 14 13 24 25 13 16 12 10 23 21 15 25 7 20 18 8 12 20 17 21 25 19 19 11 6 12 18 21 21 18 16 7 11 6 6 25 7 22 7 15 24 25 9 5 9 19 11 16 23 12 9 21 8 25 19 14 14 17 18 9 11 9 12 23 11 9 5 5 19 19 22 21 19 13 16 12 15 17 7 22 13 22 9 21 25 5 22 13 8 22 11 11 23 13 5 23 16 16 17 9 17 24 10 8 23 6 19 5 5 25 11 9 17 11 14 18 16 21 12 11 8 25 24 16 25 5 10 19 16 8 14 19 20 20 12 15 21 21 14 7 18 11 8 10 6 5 14 12 7 22 12 8 21 11 24 8 19 22 21 8 13 12 15 21 13 25 11 20 6 15 13 20 17 12 20 8 7 19 11 5 16 24 19 10 14 20 22 7 17 18 19 25 12 5 6 12 22 24 17 8 20 18 5 24 10 8 21 25 7 11 8 17 5 22 23 18 22 20 14 10 23 23 5 18 20 7 13 17 6 22 25 6 12 14 15 21 5 16 17 18 20 24 24 24 6 19 23 5 23 11 11 11 16 23 21 23 18 16 16 7 5 11 15 19 9 8 20 19 16 25 21 20 24 11 16 17 12 21 12 5 11 19 8 16 13 5 18 23 7 21 21 11 24 15 11 10 17 16 22 18 11 15 8 12 11 21 11 22 18 21 23 5 6 9 12 14 16 25 8 15 16 23 6 12 24 23 14 24 6 19 21 9 8 19 21 12 16 11 15 13 22 9 25 8 23 7 16 24 8 15 11 24 6 23 7 13 21 12 12 5 10 16 7 6 22 22 18 12 25 19 13 15 11 24 12 10 20 15 7 12 22 20 20 24 20 9 12 7 11 8 23 16 17 20 5 9 15 12 19 6 9 25 12 23 18 20 23 16 20 23 19 21 16 7 6 19 7 15 12 13 24 19 7 6 16 25 8 23 14 20 9 20 5 11 9 16 19 25 24 13 17 12 10 15 23 5 5 6 15 24 12 25 22 7 14 7 7 13 16 17 21 14 17 12 15 17 8 19 24 24 9 13 5 17 19 22 19 17 11 17 14 9 20 10 20 15 17 14 7 20 16 23 14 14 16 23 17 13 19 11 16 18 18 11 10 12 24 8 20 8 7 25 21 20 23 18 21 17 8 25 22 20 9 22 17 20 18 11 22 23 11 10 7 10 11 8 22 9 9 13 11 14 20 14 14 23 25 21 17 17 18 11 20 14 17 20 9 14 17 13 9 18 21 17 23 20 24 24 6 13 16 20 11 10 20 7 7 13 15 10 19 19 18 12 17 13 14 22 16 17 12 9 16 10 6 13 15 21 14 9 6 13 5 25 20 15 7 15 25
3 15 5 18 14 6 6 4 5 7 14 17 18 11 12 9 15 9 11 10 15 20 15 4 4 16 9 13 5 9 5 18 20 6 12 18 18 3 14 8 6 9 12 16 18 9 11 3 10 18 4 10 4 14 18 5 9 19 11 11 13 8 9 19 5 5 16 10 10 19 6 6 18 11 11 15 7 11 6 19 9 20 18 20 16 11 19 4 15 7 6 13 6 5 17 14 17 3 8 15 11 20 3 8 14 10 16 17 14 18 12 15 15 10 7 7 3 10 13 4 3 19 5 4 4 19 18 6 10 8 11 5 12 3 6 16 18 18 10 15 10 14 10 9 6 19 7 8 8 4 15 6 13 10 10 17 6 7 13 8 4 8 12 16 15 11 6 15 16 13 18 7 18 18 11 9 12 7 17 19 14 16 8 3 6 9 17 17 12 5 20 15 19 18 15 11 3 4 17 19 6 16 9 8 8 3 16 19 15 11 11 13 11 11 6 17 15 4 20 12 6 4 3 11 12 5 10 15 19 6 5 15 8 20 4 14 3 16 3 11 9 16 4 18 19 11 19 9 15 20 10 4 11 15 7 7 16 5 12 18 16 11 11 19 5 12 3 8 8 9 19 19 17 4 17 10 17 12 13 19 14 20 11 3 4 3 11 13 10 18 14 6 7 9 5 10 8 17 20 12 12 16 17 16 13 16 10 8 4 4 16 17 4 9 7 14 5 14 12 14 14 3 12 15 16 13 5 14 14 13 9 20 9 16 3 20 5 14 18 13 6 17 16 16 3 7 16 8 19 5 10 8 9 11 17 15 6 3 20 19 16 14 20 12 12 4 18 14 11 18 7 20 17 15 9 4 5 9 4 17 17 6 14 20 7 5 7 13 20 9 10 17 18 5 15 13 10 11 12 16 4 4 18 16 15 11 20 3 9 16 8 13 11 11 9 18 11 7 6 10 15 13 8 6 18 11 20 8 4 20 13 18 4 15 13 20 3 3 11 17 6 10 6 20 18 6 11 3 19 15 5 9 13 9 7 18 13 16 19 3 5 12 9 4 7 14 16 7 3 17 5 12 11 15 11 4 17 11 5 9 18 10 15 14 16 4 14 14 17 9 10 20 11 16 19 16 19 15 17 12 14 20 5 9 10 16 15 3 14 18 20 16 16 6 20 17 13 14 9 4 8 7 4 18 3 13 13 17 12 15 16 16 11 7 6 4 16 9 8 17 16 18 5 3 20 10 17 13 10 10 8 3 19 12 9 13 15 9 3 11 5 11 14 4 9 4 17 19 5 17 9 4 18 3 6 12 9 19 18 15 15 8 4 13 19 15 5 8 6 8 6 16 12 12 14 19 13 15 20 16 5 17 14 11 7 12 3 19 18 7 16 19 15 9 4 10 12 16 4 16 19 15 6 15 6 11 8 19 13 3 12 14 3 12 16 4 12 3 6 19 7 7 9 14 11 16 13 5 16 10 18 14 20 12 10 7 7 10 5 14 17 16 5 17 9 18 8 19 4 13 18 14 13 14 3 17 9 6 5 10 15 8 8 14 16 12 9 19 9 14 13 20 3 18 15 11 4 19 9 16
1 12 2
11 92
1 12 2
452 109
1 8 2
172 168
1 3 2
322 136
1 8 2
429 631
1 2 2
75 511
1 8 2
446 536
1 15 2
652 1
1 5 2
135 299
1 12 2
53 695
1 8 2
685 497
1 6 2
160 325
1 14 2
618 305
1 6 2
330 605
1 5 2
319 540
1 15 2
162 652
1 5 2
233 29
1 13 2
305 562
1 15 2
621 545
1 3 2
84 421
1 14 2
70 135
1 10 2
316 393
1 2 2
207 675
1 12 2
433 619
1 14 2
417 425
1 5 2
242 485
1 5 2
629 532
1 5 2
126 296
1 10 2
434 225
1 6 2
693 204
1 5 2
694 0
1 11 2
185 130
1 14 2
142 664
1 7 2
364 29
1 14 2
401 138
1 15 2
251 446
1 6 2
367 383
1 10 2
153 513
1 13 2
434 163
1 10 2
447 308
1 12 2
266 214
1 10 2
698 434
1 8 2
3 347
1 7 2
398 652
1 12 2
41 236
1 14 2
523 479
1 6 2
326 665
1 6 2
267 233
1 12 2
136 163
1 11 2
231 145
1 5 2
199 421
1 11 2
666 126
1 13 2
439 667
1 12 2
643 315
1 12 2
670 359
1 10 2
548 533
1 10 2
272 341
1 12 2
275 132
1 11 2
302 623
1 6 2
42 264
1 11 2
534 192
1 2 2
8 365
1 15 2
141 314
1 9 2
217 282
1 5 2
495 314
1 9 2
578 303
1 8 2
297 612
1 14 2
510 109
1 13 2
98 587
1 6 2
72 77
1 5 2
692 371
1 13 2
66 443
1 15 2
346 606
1 4 2
97 123
1 11 2
369 139
1 6 2
478 70
1 14 2
301 148
1 8 2
524 361
1 7 2
94 481
1 10 2
135 448
1 10 2
139 52
1 13 2
605 14
1 11 2
560 364
1 9 2
206 676
1 6 2
405 493
1 4 2
589 534
1 4 2
536 398
1 11 2
232 188
1 14 2
106 76
1 11 2
258 175
1 7 2
467 497
1 9 2
502 147
1 5 2
415 279
1 12 2
159 64
1 3 2
66 56
1 2 2
325 283
1 8 2
680 118
1 4 2
243 616
1 14 2
100 416
1 13 2
337 134
1 8 2
636 98
1 11 2
422 697
1 8 2
72 429
1 9 2
268 202
1 5 2
683 542
1 4 2
492 316
1 2 2
207 253
1 2 2
302 100
1 10 2
368 304
1 2 2
431 573
1 3 2
642 144
1 10 2
57 304
1 5 2
238 17
1 9 2
325 411
1 11 2
605 635
1 5 2
269 149
1 15 2
482 390
1 12 2
143 134
1 4 2
331 578
1 12 2
150 385
1 8 2
265 390
1 9 2
322 282
1 15 2
583 141
1 12 2
343 630
1 6 2
162 616
1 12 2
147 213
1 9 2
579 187
1 5 2
677 235
1 9 2
434 646
1 3 2
19 163
1 7 2
683 123
1 15 2
92 304
1 13 2
286 16
1 8 2
658 597
1 10 2
178 29
1 5 2
62 277
1 12 2
287 239
1 10 2
193 443
1 6 2
140 125
1 14 2
89 573
1 15 2
94 624
1 10 2
610 209
1 6 2
327 185
1 12 2
596 97
1 2 2
421 465
1 8 2
64 121
1 6 2
590 362
1 10 2
102 12
1 3 2
530 662
1 4 2
243 470
1 2 2
576 207
1 13 2
647 395
1 4 2
636 417
1 11 2
497 273
1 6 2
58 151
1 5 2
669 95
1 12 2
78 297
1 4 2
484 507
1 14 2
641 149
1 8 2
180 330
1 2 2
36 323
1 10 2
244 261
1 7 2
461 432
1 15 2
289 208
1 6 2
386 133
1 3 2
133 480
1 4 2
440 538
1 15 2
524 33
1 15 2
401 58
1 12 2
35 478
1 14 2
37 513
1 14 2
99 561
1 4 2
127 630
1 15 2
625 651
1 14 2
53 631
1 9 2
52 41
1 3 2
594 62
1 3 2
28 679
1 11 2
370 418
1 14 2
453 498
1 3 2
147 300
1 9 2
619 14
1 7 2
411 449
1 2 2
44 543
1 10 2
162 89
1 12 2
170 82
1 6 2
170 369
1 2 2
87 128
1 15 2
142 92
1 12 2
103 121
1 5 2
372 511
1 12 2
420 404
1 14 2
395 639
1 3 2
541 18
1 6 2
167 587
1 3 2
697 617
1 8 2
674 297
1 5 2
442 153
1 3 2
242 39
1 10 2
691 34
1 12 2
200 273
1 11 2
356 456
1 5 2
25 240
1 8 2
150 677
1 14 2
212 165
1 10 2
497 89
1 2 2
172 201
1 14 2
17 338
1 2 2
264 261
1 7 2
415 398
1 4 2
369 243
1 3 2
549 584
1 2 2
68 38
1 4 2
34 43
1 5 2
293 474
1 15 2
256 464
1 2 2
516 486
1 11 2
289 256
1 6 2
408 245
1 6 2
76 148
1 8 2
630 249
1 5 2
312 658
1 3 2
539 595
1 11 2
573 432
1 10 2
62 238
1 11 2
265 138
1 10 2
236 9
1 15 2
384 584
1 10 2
81 428
1 14 2
88 114
1 11 2
385 228
1 8 2
522 451
1 3 2
478 102
1 15 2
323 500
1 4 2
675 378
1 6 2
502 211
1 15 2
545 30
1 8 2
184 249
1 5 2
472 284
1 3 2
280 11
1 4 2
505 270
1 7 2
166 512
1 10 2
257 10
1 2 2
70 168
1 3 2
173 335
1 7 2
180 330
1 13 2
611 195
1 9 2
14 565
1 7 2
8 148
1 14 2
331 181
1 13 2
24 172
1 13 2
545 547
1 10 2
481 357
1 9 2
684 176
1 6 2
312 287
1 12 2
220 387
1 11 2
454 53
1 6 2
402 491
1 15 2
312 143
1 9 2
282 101
1 4 2
535 227
1 6 2
4 32
1 14 2
399 215
1 7 2
520 315
1 2 2
658 147
1 4 2
648 660
1 10 2
332 301
1 9 2
319 684
1 13 2
699 490
1 6 2
253 250
1 12 2
157 321
1 15 2
80 21
1 12 2
46 404
1 14 2
152 382
1 9 2
25 453
1 10 2
667 137
1 15 2
89 468
1 10 2
411 379
1 9 2
152 510
1 10 2
541 396
1 8 2
29 356
1 5 2
322 581
1 6 2
583 43
1 8 2
286 36
1 4 2
325 263
1 2 2
59 521
1 12 2
45 590
1 14 2
216 322
1 12 2
279 140
1 2 2
448 649
1 9 2
581 102
1 15 2
116 385
1 12 2
361 322
1 15 2
94 420
1 3 2
409 125
1 9 2
522 480
1 7 2
260 671
1 3 2
256 298
1 8 2
494 381
1 8 2
293 188
1 7 2
175 225
1 13 2
496 207
1 12 2
189 206
1 8 2
218 503
1 2 2
594 539
1 14 2
288 104
1 8 2
337 139
1 2 2
11 72
1 14 2
297 180
1 2 2
561 12
1 11 2
517 607
1 3 2
697 522
1 14 2
188 560
1 10 2
250 393
1 6 2
103 262
1 15 2
279 212
1 10 2
405 134
1 7 2
391 196
1 3 2
559 432
1 5 2
600 501
1 14 2
229 439
1 14 2
447 482
1 11 2
139 623
1 12 2
238 262
1 14 2
612 558
1 15 2
95 21
1 2 2
600 574
1 3 2
531 483
1 3 2
247 473
1 4 2
184 299
1 6 2
143 359
1 11 2
169 496
1 8 2
616 483
1 6 2
574 268
1 12 2
197 646
1 11 2
552 677
1 11 2
181 514
1 7 2
111 599
1 6 2
532 174
1 11 2
397 653
1 6 2
627 295
1 12 2
288 385
1 6 2
10 107
1 2 2
492 572
1 7 2
555 594
1 6 2
304 509
1 2 2
680 11
1 14 2
46 539
1 5 2
437 645
1 9 2
191 254
1 15 2
397 270
1 14 2
244 165
1 2 2
695 220
1 8 2
698 294
1 15 2
171 401
1 9 2
98 367
1 15 2
258 630
1 10 2
284 377
1 15 2
593 18
1 6 2
41 324
1 6 2
314 171
1 12 2
365 280
1 3 2
11 511
1 2 2
336 274
1 8 2
474 160
1 2 2
297 367
1 10 2
565 473
1 6 2
78 442
1 2 2
575 373
1 10 2
112 118
1 12 2
149 103
1 5 2
210 170
1 3 2
376 336
1 2 2
222 610
1 7 2
74 221
1 10 2
375 409
1 11 2
212 369
1 13 2
546 162
1 3 2
11 411
1 3 2
68 581
1 9 2
424 666
1 9 2
341 356
1 14 2
659 140
1 9 2
49 74
1 4 2
313 299
1 3 2
296 25
1 2 2
291 475
1 11 2
55 32
1 2 2
409 693
1 15 2
316 606
1 5 2
654 148
1 11 2
244 609
1 14 2
201 155
1 10 2
374 676
1 7 2
544 620
1 3 2
360 494
1 12 2
599 694
1 8 2
113 561
1 15 2
187 553
1 7 2
461 424
1 2 2
119 617
1 4 2
498 381
1 3 2
230 126
1 10 2
541 421
1 2 2
524 19
1 13 2
267 329
1 5 2
680 208
1 12 2
480 19
1 6 2
64 601
1 6 2
74 293
1 8 2
677 501
1 5 2
368 625
1 11 2
408 305
1 6 2
540 689
1 12 2
595 68
1 6 2
140 6
1 15 2
323 275
1 10 2
477 291
1 3 2
196 531
1 13 2
672 648
1 15 2
358 8
1 13 2
571 100
1 3 2
116 442
1 8 2
588 525
1 11 2
387 167
1 2 2
141 410
1 7 2
69 562
1 13 2
505 635
1 7 2
338 421
1 3 2
509 97
1 9 2
411 685
1 8 2
6 643
1 5 2
278 173
1 14 2
575 223
1 12 2
411 484
1 14 2
571 542
1 10 2
450 513
1 14 2
558 67
1 12 2
57 89
1 10 2
394 530
1 3 2
683 556
1 4 2
7 179
1 3 2
399 390
1 12 2
175 163
1 6 2
655 428
1 11 2
699 201
1 3 2
169 214
1 2 2
378 237
1 11 2
648 71
1 3 2
151 463
1 5 2
96 183
1 2 2
590 185
1 11 2
485 298
1 3 2
623 405
1 2 2
586 411
1 10 2
395 85
1 11 2
168 300
1 2 2
23 401
1 3 2
510 312
1 8 2
641 471
1 12 2
81 104
1 4 2
177 158
1 4 2
240 330
1 8 2
25 619
1 15 2
290 209
1 13 2
412 45
1 11 2
302 628
1 2 2
224 650
1 5 2
564 341
1 15 2
479 455
1 15 2
212 580
1 8 2
153 179
1 3 2
419 636
1 8 2
364 345
1 3 2
20 275
1 10 2
198 639
1 4 2
47 671
1 2 2
142 208
1 3 2
663 238
1 13 2
321 244
1 14 2
387 301
1 6 2
460 80
1 14 2
386 317
1 11 2
43 387
1 7 2
338 557
1 15 2
494 183
1 2 2
446 389
1 13 2
36 481
1 11 2
98 359
1 8 2
582 47
1 6 2
25 0
1 8 2
241 461
1 4 2
474 441
1 3 2
670 290
1 4 2
567 690
1 7 2
629 333
1 4 2
126 2
1 9 2
282 283
1 14 2
490 564
1 9 2
33 240
1 12 2
451 653
1 9 2
271 222
1 3 2
607 70
1 5 2
395 519
1 9 2
145 487
1 15 2
202 382
1 10 2
106 697
1 12 2
331 266
1 10 2
254 152
1 13 2
688 574
1 15 2
431 355
1 7 2
326 195
1 10 2
436 410
1 7 2
493 99
1 13 2
218 428
1 14 2
171 360
1 6 2
698 277
1 4 2
650 174
1 3 2
423 544
1 14 2
415 257
1 10 2
202 89
1 6 2
227 251
1 15 2
306 257
1 6 2
302 582
1 2 2
356 681
1 10 2
40 229
1 12 2
137 117
1 2 2
126 545
1 4 2
114 578
1 4 2
421 524
1 9 2
216 351
1 5 2
193 590
1 14 2
472 350
1 14 2
443 581
1 13 2
166 470
1 9 2
545 560
1 4 2
568 288
1 2 2
600 185
1 9 2
454 57
1 15 2
211 208
1 12 2
120 407
1 11 2
105 654
1 8 2
155 143
1 15 2
302 169
1 2 2
198 409
1 6 2
268 102
1 3 2
122 165
1 3 2
432 17
1 14 2
134 84
1 7 2
606 12
1 11 2
506 427
1 5 2
620 552
1 5 2
194 327
1 13 2
657 361
1 3 2
562 557
1 9 2
685 111
1 9 2
357 672
1 4 2
170 512
1 5 2
365 50
1 2 2
380 13
1 15 2
75 376
1 4 2
154 467
1 4 2
436 498
1 13 2
78 429
1 10 2
214 633
1 10 2
662 71
1 8 2
690 217
1 15 2
612 319
1 12 2
673 317
1 5 2
399 285
1 15 2
603 234
1 5 2
40 162
1 7 2
428 676
1 7 2
556 243
1 12 2
416 21
1 10 2
66 422
1 14 2
173 419
1 2 2
489 424
1 12 2
13 426
1 5 2
427 195
1 13 2
237 282
1 5 2
18 86
1 12 2
76 41
1 12 2
392 269
1 14 2
204 571
1 11 2
245 542
1 5 2
557 183
1 3 2
551 271
1 7 2
554 92
1 11 2
368 146
1 15 2
471 388
1 15 2
195 424
1 15 2
599 342
1 8 2
507 297
1 11 2
55 476
1 12 2
381 383
1 3 2
28 387
1 12 2
295 680
1 10 2
142 644
1 15 2
699 334
1 11 2
25 300
1 11 2
523 361
1 2 2
331 306
1 7 2
609 604
1 13 2
22 528
1 12 2
275 640
1 15 2
21 440
1 2 2
359 495
1 2 2
481 558
1 15 2
517 267
1 7 2
233 307
1 6 2
207 361
1 2 2
240 174
1 10 2
372 274
1 8 2
574 420
1 6 2
316 301
1 8 2
617 628
1 4 2
289 417
1 7 2
17 524
1 11 2
606 594
1 3 2
439 644
1 7 2
1 286
1 13 2
364 522
1 3 2
67 369
1 6 2
441 232
1 12 2
59 553
1 5 2
464 86
1 14 2
390 156
1 12 2
458 365
1 15 2
600 620
1 2 2
520 248
1 15 2
59 537
1 13 2
103 323
1 3 2
29 48
1 13 2
294 329
1 12 2
476 56
1 3 2
626 26
1 2 2
349 663
1 12 2
63 297
1 11 2
451 208
1 15 2
148 311
1 3 2
620 349
1 13 2
310 8
1 4 2
14 489
1 9 2
607 423
1 11 2
29 274
1 4 2
181 518
1 9 2
301 369
1 15 2
648 623
1 14 2
643 394
1 10 2
223 677
1 2 2
158 387
1 11 2
482 396
1 11 2
175 430
1 15 2
252 127
1 11 2
531 258
1 7 2
389 666
1 5 2
83 19
1 13 2
656 4
1 13 2
510 455
1 15 2
21 627
1 13 2
308 536
1 11 2
157 451
1 11 2
554 10
1 11 2
66 106
1 14 2
643 295
1 7 2
514 275
1 12 2
270 226
1 8 2
678 310
1 5 2
441 188
1 2 2
221 437
1 6 2
126 488
1 12 2
264 133
1 9 2
190 527
1 3 2
340 454
1 3 2
405 98
1 5 2
353 167
1 8 2
653 424
1 9 2
285 648
1 7 2
339 372
1 9 2
503 549
1 11 2
144 395
1 11 2
593 81
1 14 2
508 286
1 8 2
236 247
1 2 2
255 393
1 12 2
133 699
1 8 2
214 180
1 2 2
332 107
1 4 2
573 181
1 8 2
18 692
1 6 2
461 618
1 6 2
26 608
1 8 2
535 126
1 15 2
678 239
1 13 2
361 529
1 5 2
618 609
1 6 2
25 449
1 9 2
206 554
1 6 2
527 411
1 4 2
36 366
1 13 2
630 603
1 14 2
393 101
1 6 2
620 306
1 7 2
666 96
1 7 2
498 388
1 12 2
597 550
1 8 2
443 351
1 12 2
367 156
1 3 2
529 423
1 10 2
632 70
1 13 2
309 60
1 10 2
534 675
1 13 2
496 235
1 8 2
535 563
1 8 2
473 333
1 3 2
234 388
1 10 2
172 107
1 7 2
651 622
1 12 2
218 167
1 14 2
72 21
1 11 2
621 526
1 14 2
253 496
1 15 2
397 362
1 15 2
95 508
1 12 2
436 439
1 12 2
619 646
1 8 2
49 691
1 8 2
548 563
1 15 2
448 350
1 15 2
60 682
1 7 2
128 356
1 2 2
553 355
1 11 2
275 136
1 7 2
523 52
1 9 2
578 660
1 4 2
579 268
1 12 2
471 668
1 2 2
219 236
1 8 2
123 629
1 12 2
268 169
1 9 2
110 120
1 10 2
659 425
1 7 2
78 370
1 2 2
411 675
1 5 2
21 444
1 14 2
92 45
1 4 2
673 537
1 7 2
550 585
1 15 2
461 306
1 4 2
58 338
1 3 2
418 467
1 13 2
68 78
1 10 2
36 152
1 7 2
335 698
1 15 2
670 471
1 3 2
246 153
1 9 2
662 421
1 2 2
91 398
1 10 2
60 198
1 6 2
590 100
1 9 2
438 231
1 9 2
597 423
1 15 2
507 319
1 2 2
586 466
1 7 2
125 366
1 4 2
371 116
1 11 2
645 304
1 4 2
103 389
1 15 2
581 288
1 10 2
556 123
1 10 2
606 559
1 8 2
80 255
1 2 2
190 237
1 4 2
107 461
1 13 2
177 176
1 6 2
359 547
1 4 2
346 340
1 4 2
168 646
1 15 2
397 260
1 4 2
354 630
1 9 2
386 164
1 8 2
433 669
1 3 2
394 80
1 10 2
119 563
1 15 2
12 189
1 15 2
228 685
1 10 2
676 483
1 2 2
471 544
1 2 2
502 195
1 5 2
688 524
1 3 2
527 348
1 15 2
430 285
1 3 2
99 515
1 12 2
429 396
1 14 2
341 220
1 9 2
321 49
1 9 2
262 115
1 10 2
159 148
1 10 2
569 295
1 6 2
205 512
1 15 2
461 266
1 3 2
683 29
1 11 2
467 98
1 2 2
227 477
1 11 2
396 499
1 10 2
318 292
1 6 2
666 589
1 7 2
52 558
1 5 2
260 171
1 11 2
291 442
1 10 2
680 170
1 12 2
163 184
1 13 2
645 410
1 11 2
615 257
1 9 2
249 234
1 15 2
304 161
1 9 2
122 397
1 8 2
588 127
1 4 2
542 174
1 12 2
401 564
1 9 2
343 78
1 2 2
116 158
1 8 2
566 355
1 2 2
159 301
1 12 2
577 554
1 15 2
214 625
1 12 2
597 646
1 2 2
241 214
1 6 2
685 34
1 4 2
113 127
1 12 2
359 422
1 9 2
536 601
1 5 2
643 276
1 11 2
368 387
1 6 2
503 349
1 15 2
201 680
1 4 2
350 75
1 4 2
15 99
1 9 2
413 318
1 11 2
264 95
1 4 2
469 399
1 11 2
36 632
1 4 2
185 544
1 9 2
515 638
1 14 2
20 276
1 6 2
518 604
1 9 2
234 671
1 14 2
435 695
1 12 2
457 696
1 11 2
604 492
1 12 2
359 73
1 7 2
435 578
1 3 2
150 211
1 15 2
149 523
1 11 2
634 597
1 12 2
572 454
1 9 2
192 309
1 15 2
368 534
1 15 2
445 651
1 14 2
684 546
1 6 2
507 271
1 13 2
561 33
1 12 2
204 75
1 7 2
210 221
1 11 2
509 412
1 11 2
262 211
1 8 2
346 540
1 6 2
359 598
1 15 2
515 59
1 13 2
260 589
1 14 2
232 695
1 12 2
54 355
1 3 2
173 360
1 15 2
302 588
1 2 2
466 529
1 5 2
691 229
1 13 2
403 645
1 7 2
167 103
1 8 2
528 84
1 5 2
137 231
1 11 2
237 355
1 13 2
279 136
1 10 2
235 213
1 5 2
498 538
1 15 2
383 639
1 3 2
260 487
1 3 2
161 376
1 2 2
655 95
1 2 2
501 694
1 7 2
365 296
1 15 2
260 417
1 3 2
354 142
1 14 2
656 11
1 11 2
670 196
1 8 2
189 465
1 14 2
100 689
1 7 2
531 141
1 4 2
287 86
1 12 2
666 71
1 14 2
358 330
1 15 2
484 42
1 6 2
690 446
1 11 2
228 514
1 6 2
411 192
1 4 2
149 66
1 10 2
135 198
1 8 2
411 364
1 5 2
246 353
1 7 2
216 400
1 15 2
53 467
1 5 2
24 673
1 2 2
306 131
1 9 2
126 163
1 11 2
139 299
1 3 2
270 305
1 12 2
411 128
1 12 2
599 414
1 3 2
266 142
1 5 2
372 309
1 10 2
642 202
1 4 2
101 636
1 11 2
189 362
1 5 2
606 201
1 3 2
410 260
1 11 2
234 428
1 10 2
317 166
1 14 2
60 451
1 10 2
492 123
1 8 2
267 620
1 7 2
586 692
1 9 2
279 453
1 15 2
307 634
1 9 2
518 2
1 8 2
219 44
1 11 2
478 684
1 7 2
577 669
1 13 2
111 110
1 11 2
195 636
1 8 2
82 259
1 4 2
329 219
1 3 2
106 183
1 12 2
527 61
1 9 2
516 576
1 14 2
390 126
1 7 2
404 249
1 2 2
201 142
1 3 2
604 557
1 15 2
242 370
1 5 2
482 207
1 5 2
74 634
1 4 2
672 357
1 14 2
473 161
1 4 2
493 133
1 3 2
28 177
1 6 2
318 228
1 8 2
332 345
1 15 2
503 426
1 10 2
659 691
1 7 2
268 315
1 5 2
441 281
1 4 2
287 692
1 3 2
525 47
1 4 2
4 311
1 6 2
355 229
1 10 2
698 435
1 6 2
178 560
1 12 2
544 229
1 15 2
415 433
1 8 2
366 58
1 6 2
529 320
1 10 2
504 419
1 4 2
480 344
1 4 2
549 582
1 11 2
277 481
1 5 2
489 95
1 5 2
393 458
1 15 2
126 278
1 9 2
20 152
1 12 2
535 63
1 4 2
554 398
1 9 2
447 468
1 8 2
671 0
1 11 2
336 572
1 2 2
697 497
1 7 2
562 306
1 5 2
139 76
1 5 2
529 184
1 2 2
539 577
1 3 2
115 665
1 13 2
596 640
1 15 2
601 452
1 2 2
380 299
1 9 2
597 415
1 3 2
682 491
1 6 2
383 600
1 10 2
463 409
1 9 2
250 435
1 9 2
600 220
1 5 2
576 560
1 7 2
617 253
1 10 2
375 656
1 7 2
35 236
1 11 2
531 412
1 4 2
364 550
1 12 2
589 690
1 7 2
200 689
1 15 2
643 436
1 7 2
292 696
1 10 2
499 621
1 3 2
696 323
1 4 2
81 296
1 12 2
222 20
1 9 2
590 474
1 2 2
161 278
1 14 2
689 315
1 9 2
294 222
1 6 2
490 380
1 13 2
537 37
1 15 2
64 615
1 13 2
619 548
1 14 2
436 453
1 7 2
128 281
1 5 2
71 103
1 14 2
71 196
1 3 2
540 161
1 3 2
8 4
1 12 2
489 153
1 4 2
393 3
1 3 2
57 696
1 13 2
135 536
1 15 2
335 554
1 5 2
164 585
1 7 2
64 86
1 8 2
199 174
1 2 2
400 620
1 10 2
693 511
1 12 2
541 65
1 12 2
220 123
1 12 2
561 30
1 9 2
392 678
1 13 2
393 544
1 6 2
431 480
1 14 2
631 320
1 13 2
100 206
1 9 2
538 488
1 4 2
334 197
1 13 2
537 233
1 10 2
605 2
1 15 2
657 120
1 5 2
402 623
1 3 2
615 35
1 3 2
51 79
1 8 2
24 154
1 5 2
280 588
1 7 2
630 166
1 2 2
676 182
1 3 2
649 554
1 14 2
118 105
1 6 2
212 630
1 15 2
525 225
1 5 2
628 167
1 3 2
653 507
1 8 2
689 52
1 12 2
270 541
1 6 2
210 117
1 14 2
488 193
1 7 2
297 354
1 10 2
320 694
1 13 2
355 564
1 8 2
676 642
1 10 2
367 459
1 3 2
331 378
1 14 2
530 602
1 11 2
552 573
1 15 2
638 542
1 6 2
696 227
1 8 2
648 386
1 13 2
169 460
1 7 2
540 7
1 9 2
565 143
1 6 2
589 182
1 3 2
133 629
1 10 2
176 170
1 15 2
612 486
1 13 2
385 105
1 13 2
295 684
1 3 2
560 142
1 2 2
123 324
1 10 2
311 540
1 12 2
539 0
1 15 2
391 582
1 11 2
590 174
1 15 2
293 335
1 3 2
431 276
1 8 2
508 607
1 2 2
169 158
1 14 2
173 127
1 10 2
475 325
1 14 2
570 410
1 13 2
23 238
1 13 2
386 393
1 3 2
150 85
1 8 2
232 584
1 10 2
149 19
1 2 2
522 264
1 11 2
195 163
1 15 2
233 42
1 4 2
300 377
1 15 2
16 413
1 12 2
593 196
1 7 2
612 94
1 11 2
694 87
1 4 2
259 421
1 5 2
101 243
1 8 2
661 59
1 9 2
201 474
1 5 2
132 515
1 7 2
288 108
1 6 2
127 77
1 11 2
87 178
1 2 2
568 454
1 12 2
201 280
1 2 2
282 4
1 13 2
687 63
1 14 2
646 85
1 12 2
148 460
1 4 2
678 350
1 7 2
286 134
1 7 2
568 444
1 8 2
25 237
1 4 2
491 3
1 10 2
57 149
1 8 2
502 676
1 15 2
446 412
1 10 2
75 540
1 13 2
529 184
1 7 2
350 37
1 3 2
526 405
1 2 2
292 8
1 8 2
249 130
1 6 2
196 321
1 2 2
123 577
1 13 2
329 244
1 7 2
59 361
1 8 2
412 267
1 3 2
584 392
1 10 2
513 225
1 6 2
685 176
1 14 2
549 582
1 2 2
584 356
1 12 2
463 196
1 2 2
573 300
1 4 2
689 107
1 5 2
371 144
1 15 2
589 355
1 5 2
675 316
1 10 2
470 179
1 11 2
620 384
1 14 2
153 645
1 3 2
682 231
1 9 2
489 355
1 9 2
356 631
1 10 2
312 390
1 4 2
35 445
1 7 2
379 350
1 4 2
302 462
1 7 2
8 679
1 13 2
104 364
1 14 2
121 350
1 3 2
84 204
1 4 2
309 598
1 12 2
512 78
1 12 2
498 96
1 3 2
27 662
1 9 2
646 338
1 4 2
366 596
1 10 2
295 561
1 3 2
285 71
1 8 2
556 104
1 2 2
351 668
1 12 2
60 447
1 2 2
422 183
1 8 2
179 212
1 14 2
237 166
1 15 2
76 482
1 15 2
359 306
1 15 2
256 115
1 8 2
561 282
1 2 2
527 627
1 9 2
571 159
1 15 2
488 299
1 12 2
300 517
1 12 2
646 560
1 4 2
695 78
1 4 2
455 202
1 14 2
235 553
1 11 2
384 321
1 3 2
270 604
1 11 2
330 451
1 8 2
456 50
1 5 2
172 9
1 2 2
70 457
1 13 2
387 468
1 12 2
609 618
1 11 2
538 42
1 11 2
311 412
1 2 2
214 198
1 4 2
198 73
1 6 2
660 110
1 6 2
137 633
1 6 2
258 558
1 4 2
374 47
1 15 2
358 560
1 7 2
343 20
1 15 2
296 435
1 8 2
164 381
1 3 2
196 157
1 10 2
436 482
1 5 2
234 626
1 9 2
361 278
1 7 2
245 656
1 4 2
425 169
1 2 2
537 351
1 13 2
513 189
1 4 2
180 122
1 8 2
18 465
1 12 2
529 338
1 8 2
254 692
1 2 2
34 397
1 13 2
144 537
1 4 2
347 464
1 2 2
542 386
1 10 2
250 71
1 12 2
446 593
1 15 2
81 261
1 8 2
6 153
1 3 2
503 499
1 9 2
231 54
1 4 2
489 90
1 7 2
574 641
1 15 2
314 76
1 7 2
412 340
1 11 2
266 114
1 6 2
655 657
1 13 2
353 222
1 15 2
396 311
1 5 2
80 602
1 11 2
59 288
1 8 2
13 656
1 9 2
74 505
1 10 2
202 655
1 9 2
402 347
1 13 2
585 644
1 10 2
264 677
1 9 2
497 655
1 10 2
171 537
1 8 2
574 172
1 6 2
653 64
1 7 2
608 189
1 7 2
264 484
1 2 2
223 292
1 7 2
178 657
1 11 2
607 429
1 10 2
139 460
1 13 2
451 550
1 5 2
546 484
1 13 2
545 28
1 2 2
19 526
1 9 2
26 260
1 2 2
536 60
1 13 2
245 655
1 15 2
669 84
1 6 2
250 617
1 12 2
16 624
1 14 2
665 466
1 15 2
355 131
1 5 2
145 186
1 7 2
356 464
1 12 2
219 552
1 14 2
651 638
1 7 2
255 414
1 7 2
371 224
1 9 2
326 141
1 4 2
573 306
1 10 2
199 231
1 14 2
607 425
1 14 2
301 495
1 13 2
47 191
1 6 2
446 303
1 6 2
426 45
1 13 2
44 239
1 2 2
30 692
1 14 2
594 276
1 12 2
687 77
1 14 2
467 490
1 9 2
456 457
1 15 2
595 555
1 6 2
378 695
1 6 2
408 400
1 12 2
12 568
1 4 2
145 443
1 2 2
38 637
1 12 2
625 602
1 9 2
658 438
1 2 2
645 46
1 15 2
32 7
1 13 2
373 510
1 7 2
492 55
1 8 2
469 308
1 14 2
149 208
1 11 2
159 224
1 6 2
184 252
1 6 2
83 184
1 10 2
305 544
1 2 2
98 316
1 12 2
15 61
1 3 2
505 679
1 12 2
189 332
1 7 2
323 85
1 13 2
189 86
1 10 2
45 623
1 8 2
77 248
1 2 2
530 675
1 9 2
247 480
1 2 2
669 104
1 10 2
130 73
1 13 2
342 246
1 10 2
415 611
1 7 2
100 34
1 8 2
197 512
1 12 2
6 652
1 4 2
511 0
1 8 2
454 532
1 13 2
557 530
1 5 2
240 500
1 5 2
225 463
1 8 2
93 202
1 12 2
312 643
1 13 2
696 122
1 7 2
553 133
1 7 2
642 671
1 7 2
315 388
1 5 2
647 351
1 11 2
512 692
1 6 2
172 621
1 10 2
306 568
1 2 2
33 340
1 6 2
558 432
1 5 2
77 533
1 12 2
407 90
1 14 2
274 308
1 7 2
678 264
1 11 2
375 407
1 8 2
202 610
1 14 2
510 253
1 6 2
414 423
1 14 2
183 397
1 7 2
573 648
1 15 2
693 429
1 14 2
449 457
1 5 2
298 617
1 13 2
420 562
1 10 2
644 428
1 5 2
477 122
1 5 2
563 441
1 5 2
430 218
1 13 2
488 255
1 15 2
638 22
1 13 2
304 431
1 8 2
491 306
1 12 2
171 65
1 2 2
1 282
1 3 2
461 687
1 13 2
672 351
1 3 2
166 550
1 11 2
325 275
1 7 2
139 147
1 12 2
45 613
1 12 2
327 580
1 4 2
553 321
1 12 2
351 520
1 2 2
212 155
1 3 2
17 345
1 11 2
44 206
1 15 2
260 297
1 8 2
255 18
1 15 2
250 369
1 4 2
181 288
1 14 2
569 574
1 5 2
121 64
1 10 2
408 498
1 9 2
550 134
1 14 2
141 582
1 12 2
148 488
1 14 2
232 390
1 5 2
475 110
1 8 2
696 519
1 3 2
647 12
1 4 2
258 74
1 6 2
114 200
1 4 2
358 108
1 4 2
304 406
1 2 2
139 544
1 4 2
472 84
1 13 2
248 391
1 15 2
549 185
1 11 2
592 138
1 5 2
625 662
1 6 2
46 320
1 5 2
467 324
1 8 2
46 669
1 7 2
462 510
1 7 2
506 683
1 8 2
560 132
1 7 2
74 508
1 15 2
268 391
1 3 2
400 15
1 15 2
148 616
1 12 2
227 598
1 14 2
300 268
1 11 2
138 121
1 13 2
685 205
1 6 2
545 360
1 10 2
244 428
1 6 2
422 161
1 8 2
211 623
1 2 2
4 332
1 15 2
436 29
1 4 2
627 133
1 10 2
133 340
1 6 2
197 321
1 3 2
563 417
1 14 2
284 113
1 15 2
355 297
1 7 2
1 643
1 5 2
251 221
1 6 2
350 71
1 13 2
638 46
1 15 2
149 264
1 11 2
39 552
1 9 2
1 208
1 2 2
671 69
1 4 2
616 37
1 12 2
602 18
1 3 2
534 252
1 8 2
89 671
1 5 2
670 473
1 6 2
642 60
1 6 2
461 231
1 9 2
565 310
1 13 2
153 689
1 5 2
500 636
1 5 2
474 166
1 8 2
97 149
1 12 2
246 140
1 3 2
157 653
1 7 2
348 439
1 3 2
10 411
1 14 2
629 570
1 14 2
107 565
1 14 2
150 300
1 12 2
100 490
1 15 2
668 317
1 4 2
613 374
1 10 2
508 619
1 15 2
370 97
1 15 2
478 211
1 6 2
504 331
1 10 2
612 156
1 8 2
143 585
1 14 2
494 304
1 12 2
263 347
1 13 2
419 309
1 12 2
391 253
1 15 2
686 177
1 14 2
380 324
1 5 2
134 622
1 4 2
542 348
1 9 2
542 317
1 3 2
225 162
1 15 2
196 579
1 6 2
626 690
1 13 2
113 121
1 15 2
101 555
1 10 2
460 216
1 5 2
624 589
1 10 2
457 187
1 9 2
325 650
1 6 2
254 22
1 8 2
154 664
1 5 2
191 519
1 5 2
145 32
1 2 2
122 10
1 7 2
548 63
1 11 2
373 260
1 12 2
679 343
1 5 2
423 656
1 12 2
32 547
1 15 2
661 153
1 9 2
527 526
1 12 2
473 364
1 15 2
197 542
1 4 2
504 125
1 4 2
146 528
1 6 2
521 512
1 9 2
619 269
1 5 2
565 399
1 11 2
50 613
1 4 2
238 327
1 12 2
143 579
1 9 2
439 265
1 14 2
597 522
1 11 2
636 552
1 4 2
604 175
1 13 2
441 172
1 14 2
396 485
1 14 2
290 218
1 11 2
531 616
1 6 2
420 191
1 11 2
10 610
1 13 2
364 311
1 10 2
527 164
1 15 2
309 627
1 14 2
132 399
1 12 2
316 382
1 10 2
58 445
1 2 2
358 299
1 6 2
85 130
1 9 2
498 160
1 2 2
247 370
1 15 2
493 421
1 13 2
139 42
1 8 2
103 391
1 6 2
326 663
1 14 2
148 397
1 4 2
276 17
1 8 2
74 425
1 7 2
684 4
1 6 2
635 65
1 4 2
327 117
1 15 2
572 484
1 8 2
479 586
1 6 2
76 21
1 2 2
248 65
1 8 2
415 687
1 5 2
493 595
1 8 2
191 419
1 10 2
413 326
1 5 2
692 131
1 3 2
241 694
1 12 2
269 106
1 12 2
485 202
1 14 2
40 28
1 9 2
378 516
1 14 2
528 279
1 7 2
37 546
1 8 2
152 102
1 4 2
222 109
1 9 2
203 365
1 8 2
133 510
1 12 2
169 6
1 10 2
50 351
1 10 2
598 636
1 3 2
616 8
1 12 2
512 154
1 13 2
273 92
1 7 2
406 89
1 7 2
89 337
1 4 2
377 462
1 3 2
527 115
1 2 2
295 273
1 6 2
294 449
1 3 2
399 22
1 5 2
52 123
1 14 2
140 358
1 13 2
666 604
1 8 2
630 555
1 12 2
334 271
1 14 2
219 468
1 10 2
412 151
1 8 2
74 558
1 7 2
495 416
1 10 2
329 389
1 6 2
176 42
1 10 2
685 459
1 5 2
19 361
1 14 2
349 385
1 6 2
577 688
1 5 2
437 297
1 14 2
291 467
1 10 2
400 664
1 7 2
83 508
1 8 2
625 516
1 13 2
461 235
1 12 2
406 585
1 6 2
287 161
1 9 2
265 438
1 4 2
475 534
1 2 2
577 331
1 15 2
246 71
1 15 2
287 84
1 6 2
285 402
1 4 2
442 582
1 3 2
406 280
1 8 2
471 322
1 10 2
185 167
1 12 2
51 526
1 5 2
278 300
1 6 2
387 524
1 6 2
16 532
1 12 2
47 679
1 7 2
287 679
1 4 2
388 183
1 7 2
2 275
1 3 2
200 654
1 14 2
512 422
1 7 2
165 530
1 3 2
69 58
1 8 2
632 228
1 3 2
426 653
1 8 2
549 183
1 6 2
353 456
1 6 2
157 425
1 13 2
627 643
1 14 2
285 406
1 5 2
338 502
1 9 2
382 38
1 14 2
102 566
1 12 2
308 263
1 11 2
305 404
1 3 2
338 126
1 13 2
255 442
1 7 2
70 329
1 15 2
97 646
1 6 2
357 501
1 9 2
670 96
1 4 2
478 473
1 11 2
324 23
1 14 2
32 496
1 4 2
500 411
1 12 2
500 461
1 7 2
30 0
1 12 2
70 383
1 12 2
478 347
1 9 2
94 420
1 8 2
470 551
1 15 2
345 182
1 13 2
497 566
1 6 2
391 138
1 2 2
655 692
1 9 2
51 44
1 10 2
433 671
1 13 2
378 545
1 11 2
638 103
1 8 2
104 189
1 11 2
197 658
1 5 2
474 418
1 9 2
683 48
1 5 2
519 55
1 11 2
32 39
1 11 2
112 60
1 12 2
582 358
1 8 2
379 439
1 12 2
214 551
1 14 2
94 538
1 7 2
666 404
1 4 2
440 319
1 15 2
436 72
1 14 2
280 194
1 13 2
339 583
1 3 2
229 158
1 13 2
126 2
1 6 2
163 320
1 5 2
111 591
1 11 2
295 494
1 11 2
58 136
1 15 2
83 17
1 12 2
109 587
1 12 2
514 66
1 2 2
150 503
1 11 2
70 484
1 15 2
683 397
1 4 2
171 132
1 13 2
660 534
1 4 2
536 414
1 11 2
255 190
1 2 2
474 378
1 5 2
354 415
1 2 2
149 641
1 11 2
272 364
1 2 2
129 633
1 9 2
119 576
1 13 2
303 434
1 9 2
215 188
1 14 2
188 396
1 6 2
675 270
1 7 2
148 685
1 7 2
27 528
1 4 2
498 634
1 13 2
149 324
1 10 2
104 395
1 9 2
382 350
1 6 2
416 393
1 2 2
400 588
1 3 2
190 109
1 9 2
36 694
1 15 2
496 164
1 12 2
155 40
1 13 2
75 86
1 8 2
408 291
1 4 2
383 661
1 14 2
651 132
1 7 2
459 185
1 12 2
623 278
1 12 2
440 353
1 13 2
672 453
1 4 2
565 552
1 9 2
585 153
1 4 2
580 544
1 10 2
73 323
1 14 2
142 220
1 5 2
533 69
1 15 2
408 676
1 6 2
124 13
1 11 2
356 369
1 5 2
673 348
1 3 2
158 604
1 2 2
212 463
1 15 2
548 110
1 8 2
303 650
1 3 2
41 140
1 4 2
627 410
1 13 2
269 620
1 15 2
83 598
1 9 2
415 148
1 7 2
593 330
1 5 2
277 628
1 4 2
669 355
1 9 2
643 167
1 15 2
155 470
1 13 2
195 487
1 2 2
255 64
1 3 2
349 82
1 2 2
464 454
1 7 2
576 352
1 5 2
267 614
1 15 2
261 216
1 13 2
387 85
1 5 2
328 448
1 2 2
84 365
1 9 2
102 205
1 3 2
345 180
1 7 2
507 619
1 12 2
266 525
1 10 2
85 446
1 6 2
548 496
1 11 2
522 631
1 9 2
142 373
1 3 2
545 242
1 5 2
551 464
1 15 2
551 106
1 7 2
495 433
1 11 2
626 331
1 10 2
377 301
1 9 2
612 588
1 15 2
536 683
1 2 2
264 80
1 11 2
523 351
1 6 2
109 666
1 4 2
129 575
1 13 2
527 453
1 15 2
573 49
1 9 2
626 694
1 7 2
570 220
1 6 2
429 115
1 3 2
331 616
1 6 2
437 429
1 10 2
531 164
1 12 2
23 642
1 4 2
549 494
1 2 2
241 444
1 12 2
294 39
1 3 2
558 84
1 12 2
48 323
1 14 2
622 24
1 5 2
579 526
1 3 2
250 517
1 14 2
79 148
1 9 2
360 666
1 11 2
664 442
1 12 2
259 525
1 11 2
343 666
1 12 2
379 202
1 4 2
510 392
1 2 2
58 375
1 15 2
578 127
1 7 2
0 219
1 3 2
391 126
1 7 2
74 640
1 3 2
651 424
1 2 2
658 152
1 6 2
555 478
1 12 2
402 471
1 3 2
393 549
1 6 2
224 461
1 8 2
559 611
1 5 2
603 314
1 2 2
447 218
1 12 2
492 401
1 3 2
562 451
1 12 2
596 388
1 10 2
457 185
1 7 2
394 259
1 10 2
239 580
1 9 2
66 621
1 10 2
93 86
1 2 2
292 228
1 10 2
513 246
1 12 2
60 258
1 7 2
401 90
1 14 2
278 139
1 2 2
416 225
1 12 2
71 433
1 8 2
593 466
1 13 2
309 295
1 11 2
140 566
1 8 2
67 305
1 5 2
71 480
1 9 2
608 111
1 7 2
359 660
1 6 2
21 107
1 10 2
652 245
1 12 2
268 69
1 4 2
122 273
1 14 2
627 317
1 2 2
158 441
1 2 2
482 98
1 13 2
656 446
1 10 2
573 337
1 10 2
665 270
1 10 2
87 176
1 15 2
630 132
1 8 2
392 237
1 8 2
137 143
1 6 2
314 408
1 2 2
87 513
1 8 2
332 257
1 11 2
512 619
1 10 2
487 199
1 3 2
97 509
1 14 2
116 561
1 8 2
369 231
1 11 2
20 63
1 9 2
250 306
1 5 2
0 455
1 2 2
246 241
1 3 2
279 646
1 3 2
599 221
1 4 2
329 426
1 15 2
558 107
1 8 2
15 270
1 2 2
444 150
1 2 2
448 85
1 3 2
376 420
1 2 2
154 19
1 2 2
540 158
1 3 2
629 152
1 3 2
522 216
1 10 2
657 149
1 10 2
587 189
1 9 2
157 483
1 11 2
6 128
1 13 2
221 246
1 7 2
216 280
1 10 2
521 655
1 12 2
273 131
1 13 2
174 280
1 14 2
501 497
1 12 2
330 411
1 14 2
496 302
1 3 2
681 224
1 5 2
498 560
1 13 2
259 153
1 7 2
469 131
1 14 2
661 585
1 12 2
172 326
1 9 2
607 478
1 13 2
555 527
1 7 2
314 692
1 6 2
271 258
1 11 2
204 181
1 2 2
436 370
1 3 2
406 20
1 10 2
414 597
1 13 2
476 151
1 6 2
61 497
1 10 2
666 328
1 10 2
525 635
1 15 2
630 602
1 5 2
397 448
1 13 2
581 357
1 7 2
297 396
1 5 2
450 286
1 5 2
223 227
1 4 2
622 586
1 4 2
241 548
1 8 2
569 290
1 2 2
405 470
1 4 2
335 507
1 13 2
584 63
1 6 2
678 349
1 5 2
435 78
1 12 2
607 529
1 7 2
124 487
1 11 2
384 95
1 5 2
472 64
1 2 2
361 657
1 9 2
446 213
1 2 2
271 688
1 5 2
148 229
1 8 2
270 530
1 13 2
340 210
1 7 2
535 74
1 13 2
280 191
1 12 2
565 444
1 5 2
425 103
1 5 2
390 25
1 11 2
389 33
1 8 2
433 563
1 5 2
533 510
1 15 2
471 562
1 7 2
656 67
1 4 2
668 602
1 12 2
201 407
1 5 2
335 269
1 5 2
228 61
1 14 2
235 579
1 8 2
34 173
1 9 2
404 419
1 11 2
476 92
1 10 2
300 148
1 10 2
543 56
1 9 2
668 110
1 12 2
151 396
1 9 2
569 245
1 12 2
84 615
1 14 2
100 415
1 3 2
472 611
1 13 2
424 269
1 2 2
395 502
1 2 2
491 108
1 6 2
282 529
1 15 2
656 290
1 4 2
518 576
1 2 2
697 164
1 5 2
225 459
1 4 2
118 120
1 7 2
15 564
1 13 2
553 647
1 11 2
194 25
1 11 2
252 39
1 8 2
290 632
1 8 2
191 274
1 2 2
355 195
1 5 2
14 152
1 11 2
122 38
1 9 2
16 456
1 6 2
382 674
1 4 2
274 442
1 10 2
391 535
1 13 2
537 229
1 13 2
510 634
1 3 2
71 259
1 14 2
469 43
1 9 2
613 405
1 3 2
583 579
1 9 2
227 568
1 14 2
2 429
1 13 2
401 207
1 6 2
656 281
1 2 2
208 276
1 12 2
400 88
1 13 2
661 373
1 3 2
2 443
1 15 2
656 547
1 13 2
321 237
1 13 2
208 183
1 6 2
353 248
1 2 2
352 530
1 2 2
544 303
1 15 2
47 498
1 4 2
357 661
1 7 2
427 52
1 7 2
497 197
1 9 2
644 422
1 14 2
199 277
1 7 2
677 663
1 3 2
321 379
1 5 2
570 447
1 13 2
348 245
1 6 2
50 69
1 8 2
361 527
1 14 2
78 129
1 12 2
174 430
1 3 2
490 220
1 12 2
383 581
1 3 2
436 411
1 7 2
562 373
1 15 2
657 652
1 14 2
631 287
1 9 2
92 151
1 15 2
169 603
1 14 2
35 222
1 7 2
364 207
1 5 2
23 96
1 14 2
128 495
1 5 2
76 31
1 14 2
165 485
1 2 2
460 218
1 12 2
222 575
1 5 2
411 543
1 6 2
668 625
1 6 2
397 620
1 4 2
256 413
1 4 2
331 460
1 10 2
40 281
1 5 2
494 117
1 11 2
92 511
1 8 2
226 348
1 2 2
632 115
1 6 2
284 531
1 7 2
298 59
1 3 2
242 624
1 8 2
371 416
1 7 2
143 206
1 8 2
212 100
1 8 2
643 691
1 8 2
145 339
1 13 2
13 695
1 10 2
301 546
1 2 2
627 154
1 8 2
134 259
1 3 2
129 73
1 8 2
152 50
1 7 2
357 306
1 5 2
545 441
1 10 2
145 457
1 11 2
386 144
1 9 2
72 476
1 7 2
694 38
1 15 2
260 463
1 5 2
589 507
1 14 2
123 216
1 6 2
665 523
1 8 2
70 481
1 9 2
478 278
1 14 2
699 60
1 12 2
321 454
1 13 2
465 196
1 6 2
40 414
1 11 2
586 663
1 9 2
111 385
1 15 2
249 134
1 2 2
285 165
1 10 2
278 365
1 3 2
349 48
1 8 2
71 470
1 13 2
255 153
1 12 2
179 324
1 10 2
566 484
1 11 2
1 454
1 15 2
531 460
1 4 2
522 393
1 13 2
168 263
1 12 2
57 367
1 10 2
315 248
1 6 2
333 595
1 10 2
453 142
1 15 2
269 66
1 8 2
104 571
1 7 2
385 669
1 4 2
682 309
1 6 2
124 362
1 11 2
610 585
1 10 2
244 617
1 9 2
644 80
1 14 2
526 28
1 3 2
364 505
1 13 2
589 666
1 6 2
442 573
1 2 2
656 512
1 10 2
651 183
1 2 2
656 49
1 13 2
6 271
1 8 2
119 680
1 10 2
428 160
1 11 2
525 444
1 7 2
70 71
1 4 2
232 181
1 10 2
143 25
1 8 2
373 613
1 9 2
106 495
1 7 2
51 256
1 13 2
570 264
1 12 2
589 686
1 5 2
211 542
1 2 2
448 34
1 14 2
185 408
1 8 2
302 250
1 12 2
449 291
1 2 2
642 578
1 10 2
81 104
1 8 2
183 15
1 4 2
593 411
1 15 2
604 12
1 11 2
117 288
1 3 2
541 241
1 12 2
485 325
1 11 2
238 195
1 13 2
613 456
1 10 2
312 695
1 6 2
670 573
1 4 2
410 236
1 8 2
521 277
1 11 2
409 275
1 9 2
268 321
1 9 2
255 562
1 11 2
635 660
1 4 2
301 629
1 11 2
24 50
1 8 2
386 313
1 9 2
40 549
1 8 2
87 25
1 15 2
40 114
1 14 2
369 562
1 8 2
37 681
1 13 2
486 518
1 11 2
682 409
1 5 2
26 353
1 3 2
43 292
1 5 2
365 366
1 15 2
636 16
1 15 2
105 88
1 4 2
654 543
1 14 2
295 250
1 10 2
479 584
1 10 2
526 79
1 8 2
379 502
1 4 2
317 312
1 8 2
452 416
1 6 2
626 230
1 6 2
240 389
1 4 2
164 390
1 10 2
144 198
1 2 2
240 7
1 9 2
347 268
1 13 2
71 288
1 3 2
221 556
1 15 2
453 329
1 12 2
255 45
1 5 2
455 172
1 6 2
370 52
1 2 2
204 318
1 7 2
696 699
1 12 2
34 422
1 13 2
87 318
1 14 2
178 213
1 10 2
599 237
1 13 2
469 483
1 15 2
396 223
1 6 2
517 684
1 10 2
246 394
1 14 2
264 367
1 7 2
579 496
1 9 2
285 92
1 4 2
139 642
1 13 2
435 357
1 12 2
6 16
1 4 2
335 589
1 5 2
672 498
1 15 2
201 643
1 10 2
220 390
1 3 2
397 53
1 10 2
12 150
1 11 2
65 72
1 3 2
672 686
1 6 2
268 273
1 4 2
125 571
1 2 2
289 198
1 12 2
338 266
1 15 2
417 186
1 10 2
489 445
1 11 2
169 301
1 2 2
98 543
1 10 2
632 355
1 12 2
198 442
1 4 2
96 581
1 9 2
310 577
1 12 2
178 307
1 15 2
42 299
1 5 2
33 282
1 10 2
300 97
1 10 2
320 440
1 8 2
102 84
1 9 2
223 653
1 5 2
149 383
1 10 2
633 486
1 11 2
527 694
1 7 2
412 697
1 15 2
618 350
1 14 2
262 315
1 3 2
343 416
1 11 2
503 245
1 9 2
559 268
1 3 2
132 678
1 9 2
390 572
1 11 2
341 570
1 5 2
280 62
1 15 2
393 166
1 9 2
574 662
1 4 2
149 499
1 13 2
644 312
1 7 2
134 155
1 10 2
544 694
1 5 2
380 637
1 4 2
238 96
1 13 2
626 400
1 14 2
112 248
1 13 2
267 79
1 2 2
88 10
1 6 2
366 546
1 2 2
254 132
1 2 2
257 26
1 5 2
507 577
1 3 2
237 16
1 4 2
523 204
1 10 2
662 522
1 10 2
165 158
1 7 2
263 375
1 14 2
329 414
1 13 2
373 142
1 7 2
77 32
1 13 2
357 669
1 11 2
352 80
1 9 2
16 136
1 5 2
517 370
1 12 2
201 242
1 15 2
638 688
1 13 2
285 535
1 8 2
678 270
1 9 2
399 377
1 15 2
1 678
1 14 2
93 648
1 14 2
277 176
1 9 2
339 273
1 10 2
699 23
1 14 2
519 146
1 12 2
542 105
1 11 2
666 599
1 7 2
669 139
1 15 2
129 160
1 8 2
188 680
1 5 2
266 30
1 6 2
642 603
1 14 2
116 638
1 3 2
566 532
1 3 2
644 563
1 4 2
579 2
1 2 2
43 20
1 2 2
104 382
1 15 2
465 319
1 5 2
41 498
1 10 2
631 1
1 11 2
655 345
1 8 2
14 491
1 14 2
404 104
1 10 2
490 429
1 4 2
687 280
1 12 2
108 441
1 12 2
678 367
1 15 2
386 498
1 6 2
420 221
1 11 2
611 186
1 7 2
679 509
1 2 2
483 9
1 2 2
648 501
1 7 2
312 510
1 3 2
433 13
1 4 2
487 574
1 7 2
96 559
1 11 2
202 668
1 15 2
11 51
1 11 2
90 428
1 2 2
590 205
1 14 2
405 627
1 15 2
301 225
1 12 2
542 22
1 9 2
528 25
1 4 2
548 406
1 7 2
168 187
1 7 2
347 487
1 9 2
359 201
1 11 2
42 187
1 7 2
584 272
1 12 2
335 405
1 13 2
439 678
1 5 2
62 102
1 10 2
195 362
1 13 2
179 568
1 2 2
542 127
1 14 2
106 543
1 3 2
64 433
1 2 2
517 348
1 13 2
564 531
1 5 2
392 50
1 6 2
540 533
1 6 2
548 375
1 8 2
463 358
1 15 2
73 598
1 3 2
48 160
1 11 2
404 452
1 12 2
466 221
1 5 2
424 339
1 8 2
685 205
1 11 2
594 646
1 13 2
189 393
1 12 2
169 372
1 6 2
646 502
1 10 2
587 399
1 10 2
100 488
1 12 2
253 629
1 3 2
45 217
1 13 2
464 220
1 9 2
506 333
1 2 2
470 565
1 11 2
166 56
1 9 2
170 183
1 15 2
268 570
1 4 2
474 697
1 2 2
568 215
1 11 2
402 576
1 15 2
147 315
1 8 2
302 693
1 6 2
218 158
1 13 2
288 244
1 4 2
591 355
1 12 2
573 410
1 14 2
66 508
1 9 2
636 99
1 7 2
460 330
1 13 2
164 57
1 2 2
329 575
1 5 2
376 335
1 2 2
355 36
1 14 2
112 459
1 7 2
181 271
1 15 2
321 552
1 2 2
307 509
1 15 2
353 507
1 6 2
408 166
1 15 2
419 542
1 10 2
493 103
1 15 2
444 159
1 11 2
635 31
1 5 2
326 167
1 3 2
586 186
1 6 2
41 136
1 10 2
518 170
1 4 2
289 220
1 13 2
224 475
1 8 2
54 610
1 5 2
54 269
1 8 2
660 19
1 15 2
242 499
1 6 2
80 18
1 13 2
203 18
1 4 2
11 251
1 8 2
10 276
1 9 2
438 193
1 13 2
178 269
1 4 2
491 483
1 4 2
666 433
1 12 2
519 553
1 3 2
77 196
1 5 2
39 311
1 4 2
415 301
1 11 2
82 325
1 10 2
338 283
1 2 2
359 316
1 15 2
523 3
1 15 2
74 593
1 10 2
354 664
1 9 2
147 168
1 9 2
118 463
1 9 2
360 158
1 2 2
569 574
1 5 2
488 32
1 6 2
484 477
1 5 2
667 31
1 12 2
106 525
1 3 2
324 357
1 9 2
288 373
1 5 2
414 342
1 2 2
287 56
1 6 2
59 691
1 10 2
393 189
1 12 2
612 623
1 5 2
575 443
1 7 2
642 215
1 14 2
541 42
1 4 2
486 416
1 4 2
588 145
1 11 2
685 206
1 6 2
162 667
1 3 2
441 153
1 9 2
584 346
1 9 2
176 58
1 14 2
287 460
1 3 2
85 68
1 13 2
146 502
1 7 2
220 447
1 14 2
289 522
1 3 2
649 486
1 15 2
230 266
1 9 2
435 223
1 7 2
94 187
1 15 2
627 445
1 2 2
635 101
1 6 2
387 23
1 12 2
437 168
1 9 2
261 213
1 9 2
306 362
1 12 2
576 247
1 4 2
135 355
1 11 2
277 335
1 12 2
563 429
1 14 2
486 477
1 9 2
323 478
1 5 2
647 282
1 2 2
151 588
1 10 2
293 558
1 15 2
486 385
1 12 2
621 520
1 15 2
199 328
1 7 2
212 564
1 11 2
674 422
1 4 2
14 586
1 3 2
306 10
1 14 2
363 685
1 7 2
626 62
1 4 2
315 73
1 10 2
219 116
1 10 2
539 482
1 4 2
418 528
1 12 2
80 235
1 14 2
460 389
1 3 2
371 399
1 15 2
222 308
1 4 2
636 43
1 5 2
179 150
1 2 2
33 562
1 11 2
48 226
1 5 2
129 496
1 14 2
109 310
1 5 2
655 682
1 7 2
42 172
1 10 2
321 440
1 6 2
334 413
1 2 2
365 551
1 5 2
372 505
1 10 2
631 157
1 8 2
527 69
1 10 2
438 427
1 14 2
34 130
1 13 2
86 282
1 4 2
181 533
1 9 2
326 247
1 10 2
673 415
1 6 2
519 698
1 13 2
49 570
1 15 2
432 496
1 13 2
321 657
1 6 2
634 258
1 9 2
284 159
1 8 2
447 569
1 5 2
26 383
1 7 2
400 479
1 3 2
434 376
1 12 2
428 169
1 9 2
471 470
1 11 2
189 90
1 6 2
206 470
1 15 2
527 647
1 14 2
373 426
1 6 2
315 675
1 2 2
154 98
1 5 2
4 492
1 9 2
53 683
1 5 2
363 415
1 5 2
563 238
1 10 2
302 648
1 11 2
243 61
1 11 2
113 615
1 13 2
528 149
1 8 2
154 284
1 8 2
263 227
1 10 2
151 99
1 15 2
352 277
1 11 2
352 207
1 14 2
23 83
1 2 2
402 189
1 4 2
143 471
1 13 2
77 632
1 7 2
82 83
1 2 2
303 460
1 12 2
449 4
1 13 2
662 68
1 6 2
461 198
1 5 2
629 532
1 7 2
482 590
1 12 2
22 120
1 3 2
620 121
1 4 2
118 253
1 10 2
165 594
1 15 2
508 662
1 7 2
206 444
1 13 2
495 143
1 13 2
174 112
1 3 2
247 344
1 8 2
57 212
1 2 2
286 242
1 10 2
121 12
1 10 2
194 677
1 12 2
394 334
1 4 2
568 377
1 9 2
655 667
1 7 2
495 203
1 3 2
380 503
1 13 2
438 427
1 14 2
5 424
1 8 2
596 655
1 15 2
490 503
1 3 2
215 514
1 11 2
116 269
1 15 2
491 571
1 15 2
405 109
1 12 2
53 466
1 5 2
344 391
1 2 2
586 467
1 4 2
550 505
1 8 2
95 116
1 13 2
416 263
1 10 2
226 221
1 10 2
441 327
1 11 2
636 590
1 5 2
258 23
1 13 2
503 507
1 10 2
123 331
1 11 2
246 690
1 5 2
192 66
1 4 2
266 4
1 13 2
444 226
1 3 2
161 359
1 15 2
512 180
1 8 2
589 284
1 11 2
144 139
1 7 2
178 508
1 5 2
528 295
1 5 2
45 465
1 6 2
340 493
1 7 2
349 637
1 11 2
340 290
1 3 2
2 129
1 2 2
312 98
1 10 2
322 428
1 12 2
242 664
1 13 2
271 498
1 13 2
254 179
1 8 2
666 694
1 12 2
22 276
1 9 2
29 422
1 12 2
628 64
1 9 2
360 184
1 9 2
402 154
1 6 2
539 506
1 13 2
507 400
1 9 2
319 206
1 15 2
578 223
1 3 2
191 376
1 15 2
647 398
1 11 2
262 121
1 4 2
174 303
1 13 2
41 174
1 8 2
216 608
1 15 2
512 363
1 4 2
360 323
1 12 2
389 259
1 6 2
101 297
1 2 2
368 299
1 5 2
190 98
1 8 2
362 561
1 2 2
141 94
1 15 2
74 416
1 4 2
82 291
1 10 2
354 558
1 8 2
189 507
1 7 2
359 20
1 14 2
207 677
1 7 2
631 118
1 4 2
575 162
1 3 2
487 404
1 12 2
676 48
1 8 2
350 404
1 9 2
127 458
1 4 2
74 66
1 8 2
365 584
1 2 2
465 75
1 15 2
191 433
1 14 2
244 620
1 2 2
23 349
1 15 2
675 453
1 10 2
398 406
1 11 2
680 488
1 6 2
693 632
1 8 2
567 88
1 4 2
321 329
1 3 2
58 633
1 8 2
125 586
1 9 2
646 584
1 12 2
21 228
1 14 2
564 601
1 6 2
599 654
1 15 2
201 54
1 13 2
581 253
1 7 2
184 229
1 11 2
493 502
1 7 2
472 570
1 5 2
424 214
1 11 2
539 448
1 14 2
303 272
1 12 2
146 260
1 15 2
221 113
1 5 2
432 83
1 9 2
300 358
1 15 2
132 556
1 12 2
115 276
1 14 2
445 530
1 4 2
366 75
1 7 2
110 616
1 10 2
535 278
1 3 2
390 401
1 10 2
360 314
1 15 2
70 546
1 4 2
101 290
1 8 2
29 435
1 3 2
370 19
1 8 2
192 518
1 5 2
276 217
1 9 2
213 140
1 5 2
39 638
1 10 2
509 92
1 7 2
601 637
1 11 2
109 417
1 11 2
432 34
1 12 2
472 694
1 7 2
496 368
1 11 2
520 516
1 8 2
646 314
1 2 2
601 127
1 7 2
357 538
1 2 2
446 691
1 7 2
323 79
1 4 2
166 341
1 15 2
601 494
1 15 2
618 182
1 9 2
217 273
1 9 2
252 98
1 8 2
43 198
1 13 2
523 650
1 15 2
446 226
1 12 2
221 601
1 6 2
218 52
1 3 2
668 109
1 7 2
291 71
1 14 2
593 53
1 12 2
198 377
1 9 2
620 265
1 2 2
367 295
1 15 2
451 552
1 5 2
83 268
1 15 2
506 448
1 3 2
89 165
1 5 2
377 132
1 9 2
60 467
1 13 2
195 321
1 5 2
680 5
1 5 2
631 499
1 7 2
338 284
1 12 2
307 363
1 5 2
238 26
1 14 2
43 672
1 10 2
72 483
1 5 2
290 105
1 13 2
405 606
1 13 2
669 111
1 6 2
256 21
1 10 2
382 184
1 15 2
598 670
1 7 2
477 631
1 15 2
588 289
1 2 2
165 660
1 10 2
145 151
1 2 2
164 268
1 4 2
15 507
1 14 2
388 106
1 14 2
273 68
1 8 2
71 341
1 10 2
661 512
1 15 2
390 329
1 5 2
464 447
1 8 2
405 155
1 10 2
594 616
1 13 2
43 678
1 6 2
613 689
1 2 2
116 547
1 12 2
339 381
1 7 2
501 18
1 6 2
668 645
1 10 2
168 458
1 8 2
555 171
1 11 2
237 206
1 14 2
415 612
1 9 2
165 360
1 9 2
429 469
1 4 2
239 253
1 9 2
697 410
1 2 2
65 342
1 6 2
347 131
1 10 2
306 259
1 13 2
47 133
1 8 2
268 488
1 15 2
431 557
1 8 2
97 617
1 7 2
220 360
1 8 2
158 376
1 8 2
286 474
1 7 2
587 666
1 10 2
696 450
1 10 2
362 456
1 13 2
354 419
1 5 2
603 254
1 15 2
115 160
1 10 2
354 84
1 11 2
610 181
1 4 2
177 676
1 4 2
286 104
1 6 2
633 605
1 9 2
314 178
1 12 2
193 319
1 10 2
58 188
1 15 2
31 496
1 5 2
249 603
1 11 2
434 515
1 9 2
609 70
1 9 2
96 153
1 4 2
114 409
1 12 2
578 269
1 12 2
30 152
1 15 2
324 223
1 4 2
506 385
1 8 2
348 207
1 10 2
584 449
1 12 2
575 12
1 9 2
381 637
1 13 2
460 455
1 15 2
371 367
1 10 2
420 647
1 12 2
557 474
1 10 2
188 152
1 13 2
130 639
1 15 2
85 74
1 3 2
342 439
1 11 2
643 677
1 3 2
165 313
1 6 2
447 257
1 11 2
596 551
1 11 2
405 70
1 4 2
634 678
1 5 2
74 573
1 7 2
29 623
1 4 2
251 277
1 14 2
617 575
1 10 2
576 382
1 11 2
667 103
1 10 2
431 675
1 14 2
402 680
1 6 2
444 271
1 12 2
28 318
1 15 2
438 645
1 15 2
160 194
1 10 2
395 54
1 4 2
28 278
1 8 2
98 211
1 4 2
154 254
1 9 2
478 189
1 11 2
381 401
1 12 2
153 504
1 15 2
198 540
1 8 2
8 535
1 13 2
572 538
1 7 2
35 619
1 5 2
412 12
1 12 2
324 488
1 14 2
496 421
1 5 2
208 86
1 10 2
432 171
1 12 2
581 66
1 11 2
325 140
1 7 2
269 150
1 9 2
615 676
1 15 2
526 69
1 14 2
541 548
1 14 2
348 684
1 13 2
453 38
1 5 2
552 267
1 9 2
191 680
1 11 2
362 564
1 15 2
692 98
1 3 2
365 113
1 2 2
332 540
1 14 2
70 235
1 12 2
368 206
1 12 2
233 694
1 9 2
419 581
1 13 2
334 226
1 8 2
85 593
1 6 2
595 518
1 3 2
608 68
1 6 2
268 167
1 15 2
526 639
1 15 2
502 485
1 2 2
369 647
1 4 2
698 199
1 9 2
585 571
1 9 2
80 268
1 7 2
360 188
1 4 2
526 407
1 6 2
460 117
1 13 2
126 635
1 11 2
197 415
1 3 2
378 301
1 8 2
142 659
1 4 2
165 564
1 6 2
437 415
1 7 2
268 5
1 12 2
497 147
1 7 2
186 611
1 6 2
20 402
1 5 2
694 551
1 14 2
512 96
1 13 2
367 529
1 12 2
526 386
1 11 2
230 557
1 9 2
466 503
1 14 2
42 585
1 14 2
294 263
1 2 2
568 242
1 5 2
624 671
1 8 2
582 67
1 14 2
343 97
1 14 2
168 567
1 6 2
10 637
1 8 2
319 544
1 2 2
13 446
1 11 2
131 156
1 15 2
331 197
1 8 2
414 620
1 4 2
509 606
1 4 2
8 236
1 7 2
425 105
1 2 2
119 343
1 14 2
620 687
1 14 2
49 0
1 4 2
190 73
1 13 2
159 539
1 6 2
465 113
1 6 2
259 515
1 12 2
129 658
1 5 2
669 546
1 6 2
112 547
1 7 2
670 208
1 12 2
666 434
1 9 2
261 316
1 15 2
679 79
1 4 2
647 225
1 2 2
442 426
1 14 2
477 532
1 9 2
301 664
1 15 2
187 414
1 8 2
327 51
1 6 2
217 446
1 5 2
591 421
1 9 2
307 68
1 7 2
566 614
1 3 2
0 96
1 8 2
672 495
1 10 2
346 429
1 14 2
699 683
1 8 2
596 606
1 2 2
61 202
1 5 2
320 502
1 11 2
428 541
1 5 2
49 388
1 8 2
336 586
1 6 2
429 343
1 3 2
329 431
1 10 2
269 179
1 8 2
405 255
1 4 2
167 514
1 13 2
484 555
1 4 2
641 398
1 12 2
669 25
1 8 2
155 469
1 8 2
672 525
1 9 2
62 599
1 6 2
16 158
1 6 2
290 268
1 3 2
587 503
1 6 2
626 312
1 4 2
460 52
1 4 2
113 85
1 7 2
13 503
1 2 2
344 254
1 10 2
76 462
1 13 2
109 119
1 13 2
327 41
1 3 2
656 611
1 7 2
539 652
1 8 2
492 466
1 4 2
127 259
1 15 2
628 100
1 9 2
371 697
1 9 2
146 462
1 6 2
657 522
1 2 2
253 361
1 15 2
588 440
1 9 2
489 332
1 5 2
51 557
1 4 2
18 318
1 13 2
258 683
1 2 2
546 339
1 13 2
636 641
1 11 2
517 249
1 10 2
458 64
1 15 2
11 81
1 2 2
117 492
1 6 2
648 631
1 9 2
262 699
1 13 2
157 582
1 7 2
353 688
1 7 2
189 674
1 4 2
260 666
1 10 2
204 345
1 15 2
112 82
1 9 2
143 541
1 7 2
243 342
1 12 2
332 75
1 7 2
583 78
1 15 2
667 317
1 15 2
394 642
1 5 2
529 62
1 5 2
493 273
1 8 2
682 262
1 9 2
468 16
1 5 2
193 468
1 7 2
563 313
1 7 2
148 261
1 10 2
520 54
1 4 2
77 550
1 15 2
193 308
1 3 2
398 205
1 7 2
350 75
1 5 2
201 429
1 11 2
164 308
1 11 2
642 547
1 4 2
239 42
1 4 2
270 157
1 4 2
350 286
1 2 2
79 400
1 8 2
229 332
1 14 2
522 95
1 10 2
102 277
1 2 2
180 277
1 5 2
98 268
1 13 2
176 213
1 9 2
215 91
1 14 2
420 45
1 4 2
89 201
1 12 2
206 569
1 13 2
624 84
1 4 2
248 630
1 15 2
329 379
1 15 2
690 582
1 12 2
682 477
1 5 2
279 449
1 8 2
646 348
1 6 2
255 461
1 13 2
33 363
1 5 2
178 129
1 5 2
378 179
1 12 2
318 416
1 5 2
142 462
1 6 2
538 368
1 13 2
177 452
1 9 2
545 499
1 10 2
532 268
1 10 2
694 99
1 4 2
101 672
1 5 2
628 528
1 8 2
89 35
1 8 2
219 687
1 7 2
114 488
1 7 2
240 279
1 14 2
413 206
1 3 2
237 436
1 2 2
351 198
1 4 2
397 680
1 5 2
596 287
1 5 2
153 602
1 15 2
665 99
1 6 2
558 234
1 7 2
285 167
1 15 2
341 581
1 13 2
228 685
1 5 2
673 237
1 10 2
215 438
1 15 2
645 554
1 12 2
26 335
1 4 2
388 419
1 7 2
248 58
1 8 2
355 245
1 12 2
413 255
1 3 2
428 659
1 15 2
285 60
1 12 2
521 327
1 9 2
677 610
1 2 2
623 95
1 3 2
461 264
1 13 2
376 469
1 2 2
79 96
1 14 2
429 591
1 2 2
460 426
1 14 2
604 415
1 14 2
381 15
1 11 2
328 555
1 8 2
603 263
1 7 2
141 627
1 14 2
269 436
1 3 2
202 132
1 13 2
174 56
1 11 2
446 419
1 3 2
689 384
1 9 2
325 365
1 12 2
515 25
1 4 2
389 163
1 15 2
23 652
1 15 2
606 208
1 10 2
402 379
1 7 2
314 109
1 7 2
592 465
1 7 2
466 468
1 12 2
353 611
1 4 2
415 552
1 8 2
47 16
1 13 2
6 154
1 2 2
256 277
1 7 2
339 272
1 6 2
172 559
1 10 2
267 257
1 6 2
640 526
1 14 2
473 674
1 14 2
424 587
1 14 2
219 125
1 2 2
247 666
1 6 2
494 448
1 3 2
366 494
1 2 2
456 173
1 8 2
248 418
1 6 2
62 362
1 4 2
467 639
1 8 2
412 272
1 3 2
312 248
1 11 2
484 303
1 5 2
445 269
1 5 2
272 197
1 4 2
328 226
1 14 2
663 202
1 12 2
131 638
1 8 2
145 177
1 3 2
474 139
1 8 2
566 509
1 10 2
213 271
1 6 2
432 19
1 14 2
605 402
1 4 2
334 291
1 4 2
672 228
1 3 2
163 93
1 10 2
11 388
1 15 2
106 286
1 7 2
331 111
1 14 2
65 657
1 15 2
677 458
1 12 2
139 430
1 14 2
437 199
1 14 2
318 374
1 14 2
80 338
1 11 2
167 124
1 15 2
398 363
1 8 2
445 654
1 10 2
102 199
1 12 2
306 456
1 10 2
78 49
1 4 2
514 420
1 9 2
412 614
1 11 2
247 134
1 7 2
201 4
1 5 2
230 312
1 11 2
507 109
1 12 2
281 234
1 15 2
159 319
1 12 2
499 141
1 4 2
639 42
1 9 2
131 62
1 4 2
305 65
1 13 2
517 302
1 2 2
548 638
1 13 2
643 0
1 14 2
331 403
1 7 2
319 395
1 8 2
652 639
1 10 2
594 129
1 10 2
633 291
1 14 2
240 655
1 11 2
55 686
1 2 2
72 544
1 3 2
26 571
1 10 2
21 392
1 5 2
131 95
1 6 2
488 125
1 12 2
307 563
1 11 2
172 223
1 9 2
666 325
1 13 2
51 445
1 4 2
490 43
1 2 2
213 58
1 11 2
8 674
1 15 2
562 468
1 2 2
561 345
1 7 2
614 111
1 9 2
437 642
1 15 2
166 679
1 13 2
0 438
1 14 2
432 358
1 4 2
488 87
1 14 2
452 40
1 7 2
446 101
1 12 2
527 323
1 4 2
493 7
1 5 2
110 351
1 11 2
48 21
1 4 2
85 45
1 4 2
428 220
1 4 2
370 132
1 12 2
291 16
1 8 2
73 448
1 12 2
379 502
1 4 2
453 154
1 6 2
257 489
1 5 2
46 155
1 3 2
319 565
1 11 2
171 198
1 6 2
163 542
1 6 2
521 504
1 5 2
242 36
1 15 2
255 60
1 6 2
297 383
1 14 2
617 423
1 6 2
690 246
1 10 2
147 370
1 3 2
418 344
1 6 2
77 522
1 8 2
498 85
1 2 2
79 587
1 13 2
466 565
1 15 2
102 663
1 9 2
495 250
1 6 2
219 41
1 12 2
554 518
1 15 2
539 478
1 13 2
454 36
1 10 2
572 326
1 12 2
251 295
1 11 2
480 124
1 3 2
395 107
1 10 2
588 163
1 14 2
655 314
1 11 2
251 307
1 13 2
64 453
1 5 2
693 62
1 3 2
449 696
1 3 2
489 14
1 10 2
355 3
1 10 2
167 198
1 13 2
170 694
1 11 2
661 222
1 2 2
689 272
1 2 2
675 114
1 11 2
26 341
1 13 2
599 442
1 6 2
15 489
1 13 2
473 247
1 10 2
342 105
1 2 2
318 601
1 2 2
416 544
1 5 2
342 355
1 5 2
631 370
1 10 2
92 111
1 10 2
454 490
1 14 2
171 295
1 3 2
662 333
1 10 2
58 3
1 5 2
611 441
1 15 2
391 463
1 7 2
694 6
1 2 2
320 12
1 15 2
306 620
1 5 2
271 151
1 8 2
454 52
1 11 2
556 203
1 11 2
328 158
1 5 2
620 257
1 2 2
249 74
1 9 2
199 133
1 12 2
344 594
1 14 2
516 489
1 3 2
487 21
1 2 2
694 44
1 15 2
639 475
1 14 2
459 80
1 5 2
422 356
1 12 2
620 363
1 9 2
548 143
1 7 2
631 206
1 5 2
442 143
1 6 2
249 291
1 15 2
520 349
1 8 2
192 331
1 11 2
320 536
1 9 2
211 213
1 6 2
466 52
1 8 2
558 50
1 2 2
39 8
1 2 2
543 609
1 7 2
584 361
1 6 2
455 671
1 13 2
135 25
1 2 2
648 593
1 10 2
281 85
1 9 2
389 185
1 5 2
118 400
1 2 2
687 379
1 12 2
380 445
1 11 2
478 44
1 4 2
357 399
1 15 2
571 4
1 3 2
262 655
1 12 2
404 372
1 15 2
10 359
1 13 2
624 404
1 11 2
384 134
1 12 2
174 511
1 2 2
657 217
1 13 2
389 44
1 14 2
502 275
1 8 2
64 38
1 3 2
150 254
1 2 2
84 92
1 10 2
73 287
1 11 2
566 26
1 7 2
570 33
1 14 2
453 39
1 6 2
469 126
1 3 2
64 676
1 6 2
241 356
1 4 2
58 519
1 15 2
546 101
1 3 2
434 502
1 13 2
228 261
1 15 2
290 491
1 12 2
259 372
1 5 2
570 463
1 10 2
655 192
1 11 2
74 579
1 8 2
581 116
1 15 2
402 652
1 12 2
135 591
1 6 2
375 427
1 13 2
337 635
1 14 2
52 389
1 10 2
29 273
1 10 2
599 687
1 14 2
385 152
1 9 2
558 551
1 11 2
688 681
1 8 2
434 66
1 8 2
5 108
1 2 2
555 345
1 15 2
1 163
1 7 2
116 524
1 3 2
636 370
1 12 2
357 99
1 14 2
189 201
1 12 2
621 181
1 5 2
0 408
1 15 2
336 391
1 3 2
467 156
1 13 2
61 521
1 15 2
438 460
1 9 2
491 241
1 13 2
652 135
1 10 2
187 643
1 5 2
283 199
1 11 2
232 387
1 2 2
147 443
1 11 2
36 129
1 4 2
602 133
1 14 2
159 301
1 14 2
548 555
1 7 2
564 233
1 6 2
124 588
1 15 2
606 605
1 2 2
600 234
1 12 2
630 139
1 3 2
175 354
1 2 2
492 128
1 13 2
528 234
1 5 2
510 539
1 2 2
695 554
1 12 2
501 570
1 2 2
67 172
1 11 2
402 211
1 8 2
343 638
1 15 2
304 46
1 15 2
201 24
1 9 2
662 223
1 13 2
402 149
1 5 2
583 408
1 4 2
438 446
1 12 2
112 257
1 14 2
578 87
1 9 2
680 21
1 8 2
580 362
1 7 2
634 606
1 6 2
673 218
1 11 2
5 232
1 7 2
618 536
1 3 2
243 381
1 12 2
457 497
1 3 2
697 547
1 5 2
39 238
1 6 2
169 302
1 2 2
599 585
1 6 2
494 93
1 4 2
83 423
1 12 2
245 5
1 14 2
573 247
1 4 2
671 636
1 3 2
202 456
1 8 2
575 202
1 15 2
65 453
1 14 2
488 467
1 8 2
613 334
1 8 2
666 57
1 12 2
643 28
1 14 2
545 366
1 8 2
636 609
1 6 2
647 455
1 15 2
314 505
1 4 2
545 668
1 11 2
319 379
1 3 2
135 115
1 15 2
469 555
1 7 2
234 687
1 7 2
528 362
1 7 2
280 313
1 8 2
290 529
1 3 2
587 693
1 6 2
571 426
1 4 2
285 438
1 10 2
646 687
1 10 2
387 531
1 14 2
419 287
1 8 2
291 699
1 13 2
431 279
1 15 2
265 695
1 4 2
590 476
1 3 2
17 572
1 4 2
273 303
1 2 2
338 272
1 14 2
642 412
1 3 2
100 54
1 9 2
264 498
1 13 2
340 74
1 8 2
464 517
1 11 2
634 37
1 14 2
500 608
1 4 2
148 28
1 8 2
88 380
1 11 2
207 253
1 9 2
209 588
1 13 2
191 555
1 13 2
551 138
1 7 2
530 255
1 6 2
134 230
1 2 2
62 388
1 11 2
374 120
1 3 2
638 358
1 15 2
476 333
1 8 2
525 382
1 2 2
298 91
1 14 2
199 515
1 9 2
487 522
1 6 2
698 225
1 13 2
155 454
1 15 2
144 55
1 4 2
515 192
1 12 2
636 86
1 6 2
614 335
1 12 2
400 280
1 7 2
291 78
1 2 2
420 668
1 14 2
390 399
1 4 2
492 341
1 7 2
343 572
1 5 2
421 151
1 9 2
77 650
1 6 2
100 16
1 13 2
601 325
1 4 2
340 332
1 6 2
113 129
1 10 2
618 672
1 9 2
55 3
1 4 2
318 33
1 3 2
158 619
1 6 2
695 204
1 4 2
636 153
1 14 2
57 675
1 15 2
10 60
1 7 2
382 626
1 9 2
586 82
1 8 2
490 551
1 14 2
389 404
1 8 2
265 526
1 11 2
466 74
1 10 2
585 292
1 9 2
235 121
1 4 2
377 496
1 10 2
104 480
1 6 2
306 460
1 9 2
208 528
1 2 2
575 197
1 12 2
482 607
1 11 2
415 472
1 15 2
689 670
1 12 2
305 412
1 11 2
25 488
1 9 2
285 372
1 5 2
381 55
1 8 2
486 35
1 10 2
92 434
1 9 2
570 103
1 3 2
419 260
1 10 2
631 274
1 11 2
474 430
1 12 2
374 554
1 3 2
272 92
1 5 2
222 17
1 6 2
344 594
1 12 2
248 58
1 4 2
323 81
1 11 2
134 177
1 13 2
184 258
1 5 2
142 86
1 6 2
548 533
1 2 2
572 401
1 6 2
687 656
1 11 2
358 36
1 12 2
640 489
1 11 2
471 129
1 5 2
645 567
1 7 2
548 149
1 8 2
275 659
1 8 2
409 99
1 15 2
606 672
1 2 2
48 374
1 13 2
42 647
1 5 2
214 257
1 4 2
575 3
1 15 2
331 395
1 9 2
361 649
1 4 2
279 162
1 11 2
52 614
1 2 2
283 543
1 12 2
25 482
1 14 2
610 337
1 2 2
414 415
1 12 2
671 321
1 6 2
160 559
1 3 2
211 648
1 7 2
655 421
1 14 2
113 130
1 9 2
550 307
1 9 2
158 333
1 12 2
183 229
1 10 2
81 92
1 7 2
652 581
1 11 2
118 288
1 5 2
130 25
1 15 2
252 501
1 3 2
281 558
1 15 2
343 453
1 5 2
543 277
1 12 2
638 110
1 7 2
666 306
1 11 2
170 45
1 3 2
157 268
1 7 2
140 181
1 6 2
45 636
1 4 2
517 689
1 6 2
473 189
1 3 2
315 607
1 14 2
681 332
1 12 2
175 395
1 14 2
607 566
1 7 2
134 469
1 3 2
127 28
1 13 2
21 699
1 13 2
510 134
1 11 2
690 281
1 4 2
412 445
1 12 2
121 275
1 11 2
137 103
1 3 2
376 461
1 2 2
413 296
1 7 2
16 565
1 5 2
300 343
1 13 2
401 624
1 5 2
150 72
1 4 2
498 626
1 7 2
614 185
1 5 2
74 446
1 11 2
96 588
1 6 2
570 465
1 13 2
47 375
1 12 2
145 66
1 8 2
219 57
1 5 2
65 569
1 7 2
370 217
1 4 2
127 51
1 11 2
129 598
1 6 2
548 210
1 2 2
84 32
1 6 2
541 416
1 7 2
326 330
1 4 2
360 695
1 8 2
485 30
1 11 2
682 666
1 11 2
42 146
1 4 2
505 36
1 6 2
142 101
1 8 2
620 627
1 10 2
165 474
1 3 2
405 477
1 12 2
649 450
1 2 2
485 659
1 9 2
230 470
1 5 2
232 571
1 7 2
620 383
1 11 2
636 485
1 8 2
698 502
1 13 2
382 450
1 3 2
194 542
1 14 2
550 514
1 11 2
143 535
1 15 2
650 118
1 4 2
327 363
1 15 2
368 479
1 6 2
384 143
1 5 2
227 684
1 14 2
580 481
1 7 2
456 148
1 6 2
359 157
1 13 2
659 238
1 13 2
353 275
1 7 2
598 546
1 9 2
482 231
1 13 2
40 122
1 3 2
144 674
1 6 2
334 84
1 14 2
155 366
1 8 2
505 581
1 11 2
96 318
1 10 2
576 310
1 14 2
372 386
1 2 2
247 532
1 11 2
123 382
1 8 2
696 608
1 8 2
375 211
1 4 2
686 696
1 8 2
26 205
1 4 2
82 111
1 13 2
338 600
1 13 2
141 514
1 6 2
252 495
1 13 2
44 455
1 3 2
346 582
1 14 2
509 351
1 7 2
286 591
1 8 2
516 498
1 9 2
326 666
1 11 2
228 260
1 4 2
691 174
1 2 2
415 57
1 9 2
115 638
1 3 2
219 273
1 14 2
110 583
1 6 2
17 369
1 9 2
211 297
1 11 2
673 348
1 15 2
592 299
1 13 2
319 347
1 12 2
321 51
1 3 2
355 210
1 10 2
103 330
1 2 2
649 185
1 6 2
516 315
1 10 2
331 424
1 6 2
318 337
1 12 2
247 460
1 2 2
425 569
1 13 2
305 230
1 8 2
164 539
1 5 2
383 146
1 3 2
122 231
1 12 2
603 31
1 7 2
68 188
1 7 2
53 619
1 3 2
259 690
1 2 2
19 362
1 14 2
667 80
1 6 2
174 479
1 10 2
39 118
1 14 2
51 203
1 11 2
79 375
1 8 2
57 423
1 3 2
5 568
1 11 2
201 626
1 5 2
158 505
1 15 2
318 45
1 15 2
417 143
1 9 2
680 258
1 12 2
7 608
1 2 2
650 667
1 13 2
5 555
1 7 2
293 164
1 13 2
492 358
1 15 2
459 437
1 2 2
423 520
1 15 2
320 232
1 10 2
513 654
1 4 2
239 206
1 7 2
477 595
1 11 2
74 263
1 2 2
37 101
1 8 2
372 101
1 2 2
52 527
1 5 2
173 668
1 14 2
649 237
1 5 2
252 631
1 15 2
177 637
1 12 2
148 132
1 13 2
532 449
1 15 2
392 530
1 11 2
449 534
1 14 2
370 360
1 9 2
53 444
1 8 2
339 644
1 6 2
142 457
1 13 2
22 36
1 5 2
511 178
1 12 2
433 443
1 15 2
548 74
1 11 2
274 24
1 11 2
547 426
1 11 2
86 468
1 4 2
687 222
1 14 2
178 528
1 9 2
8 130
1 3 2
93 687
1 3 2
417 551
1 4 2
298 563
1 10 2
486 65
1 10 2
11 488
1 15 2
162 351
1 4 2
415 536
1 15 2
499 602
1 10 2
528 289
1 6 2
35 620
1 4 2
455 337
1 4 2
85 331
1 7 2
476 583
1 4 2
572 578
1 13 2
231 527
1 12 2
546 419
1 10 2
613 512
1 3 2
621 198
1 11 2
523 306
1 3 2
607 575
1 5 2
324 54
1 6 2
331 672
1 15 2
114 573
1 7 2
187 460
1 2 2
258 345
1 13 2
218 13
1 6 2
526 247
1 15 2
379 269
1 10 2
120 427
1 3 2
349 263
1 11 2
512 486
1 15 2
534 100
1 6 2
185 583
1 12 2
528 226
1 10 2
20 352
1 5 2
228 167
1 10 2
539 308
1 6 2
543 669
1 7 2
439 577
1 11 2
185 142
1 7 2
439 585
1 8 2
278 321
1 4 2
426 304
1 15 2
584 71
1 15 2
262 430
1 5 2
317 231
1 8 2
550 515
1 9 2
89 310
1 7 2
327 340
1 13 2
631 155
1 11 2
670 3
1 6 2
25 284
1 10 2
428 494
1 15 2
394 299
1 4 2
620 3
1 8 2
445 343
1 6 2
115 446
1 7 2
93 355
1 9 2
180 62
1 4 2
615 389
1 3 2
91 445
1 6 2
235 449
1 3 2
592 567
1 11 2
188 476
1 9 2
439 67
1 14 2
15 394
1 4 2
629 222
1 7 2
117 626
1 15 2
100 476
1 4 2
237 222
1 7 2
677 362
1 13 2
410 117
1 8 2
184 582
1 12 2
423 146
1 14 2
522 289
1 2 2
402 671
1 4 2
688 467
1 2 2
540 149
1 5 2
518 73
1 3 2
79 279
1 8 2
382 315
1 5 2
303 120
1 9 2
348 19
1 15 2
581 15
1 13 2
672 160
1 7 2
207 333
1 4 2
461 247
1 8 2
378 587
1 14 2
39 640
1 6 2
88 214
1 6 2
694 637
1 7 2
16 337
1 4 2
316 362
1 12 2
403 571
1 7 2
654 560
1 13 2
506 0
1 3 2
530 625
1 9 2
618 423
1 5 2
562 686
1 5 2
136 59
1 10 2
1 446
1 10 2
283 16
1 3 2
354 188
1 14 2
434 76
1 11 2
660 548
1 3 2
456 129
1 14 2
498 624
1 5 2
170 624
1 2 2
356 65
1 5 2
345 55
1 9 2
45 13
1 12 2
575 243
1 9 2
283 471
1 11 2
635 430
1 6 2
569 204
1 5 2
60 411
1 15 2
650 154
1 7 2
398 439
1 8 2
198 94
1 14 2
223 577
1 7 2
545 391
1 11 2
657 161
1 6 2
283 490
1 2 2
547 616
1 5 2
195 441
1 9 2
24 476
1 8 2
392 223
1 15 2
454 566
1 7 2
479 630
1 10 2
177 157
1 6 2
284 396
1 11 2
182 309
1 14 2
87 168
1 3 2
375 174
1 7 2
432 233
1 15 2
595 586
1 2 2
125 305
1 6 2
56 691
1 13 2
255 34
1 9 2
638 19
1 6 2
628 479
1 4 2
442 390
1 4 2
402 644
1 9 2
676 596
1 4 2
513 567
1 13 2
87 55
1 15 2
23 412
1 4 2
555 215
1 8 2
36 238
1 13 2
348 553
1 13 2
217 500
1 8 2
57 40
1 2 2
289 61
1 4 2
490 678
1 12 2
227 297
1 7 2
462 391
1 5 2
683 13
1 12 2
653 459
1 15 2
199 174
1 3 2
570 79
1 4 2
50 433
1 3 2
412 565
1 12 2
510 557
1 10 2
181 324
1 6 2
419 642
1 3 2
654 576
1 12 2
596 446
1 15 2
590 617
1 4 2
466 46
1 15 2
650 263
1 3 2
153 166
1 15 2
467 598
1 5 2
195 67
1 5 2
279 527
1 4 2
174 129
1 3 2
399 551
1 5 2
560 650
1 11 2
27 538
1 11 2
150 435
1 3 2
645 164
1 10 2
106 314
1 12 2
285 679
1 13 2
360 218
1 15 2
622 631
1 11 2
341 570
1 15 2
304 35
1 11 2
69 601
1 14 2
117 374
1 14 2
573 177
1 11 2
484 348
1 8 2
572 69
1 8 2
586 352
1 9 2
202 459
1 12 2
23 393
1 12 2
642 513
1 5 2
440 512
1 14 2
336 215
1 5 2
360 469
1 3 2
504 51
1 7 2
367 124
1 2 2
678 658
1 3 2
164 299
1 11 2
439 154
1 11 2
559 569
1 2 2
365 347
1 8 2
249 241
1 15 2
671 682
1 6 2
644 35
1 7 2
298 165
1 2 2
116 380
1 10 2
215 653
1 13 2
77 462
1 14 2
378 254
1 14 2
691 256
1 15 2
445 414
1 7 2
572 264
1 9 2
189 393
1 8 2
232 157
1 5 2
163 314
1 4 2
524 278
1 6 2
514 111
1 9 2
13 410
1 5 2
362 239
1 14 2
616 162
1 10 2
284 630
1 13 2
407 608
1 9 2
227 276
1 3 2
277 628
1 3 2
167 10
1 10 2
149 656
1 8 2
133 656
1 14 2
473 8
1 8 2
658 357
1 4 2
298 264
1 7 2
145 577
1 15 2
145 333
1 8 2
667 284
1 2 2
566 480
1 11 2
308 193
1 5 2
21 74
1 3 2
598 352
1 9 2
671 337
1 15 2
175 138
1 4 2
452 163
1 5 2
566 626
1 11 2
359 444
1 9 2
173 485
1 15 2
489 53
1 2 2
304 265
1 12 2
483 180
1 7 2
485 76
1 15 2
181 697
1 10 2
1 197
1 2 2
15 458
1 8 2
536 297
1 15 2
359 189
1 8 2
618 643
1 5 2
254 655
1 12 2
428 511
1 10 2
660 195
1 12 2
610 283
1 3 2
55 557
1 9 2
570 172
1 6 2
98 592
1 9 2
601 246
1 12 2
451 238
1 7 2
355 363
1 2 2
0 464
1 8 2
108 606
1 15 2
501 82
1 5 2
293 519
1 12 2
585 151
1 9 2
304 516
1 12 2
546 537
1 12 2
315 250
1 6 2
515 364
1 8 2
0 352
1 13 2
591 491
1 11 2
310 67
1 7 2
625 617
1 3 2
22 657
1 11 2
433 265
1 14 2
275 17
1 5 2
302 306
1 15 2
130 36
1 10 2
202 234
1 9 2
31 195
1 4 2
288 410
1 5 2
292 641
1 15 2
177 120
1 10 2
201 530
1 9 2
611 165
1 2 2
581 184
1 5 2
332 384
1 13 2
480 538
1 7 2
78 171
1 3 2
197 212
1 2 2
44 149
1 7 2
435 102
1 4 2
15 571
1 7 2
285 311
1 2 2
447 637
1 3 2
66 352
1 2 2
158 567
1 2 2
160 643
1 3 2
185 226
1 2 2
320 574
1 2 2
287 301
1 9 2
500 178
1 13 2
252 139
1 10 2
433 643
1 4 2
296 166
1 14 2
165 594
1 14 2
298 237
1 2 2
389 477
1 3 2
506 636
1 12 2
539 468
1 15 2
158 300
1 15 2
255 645
1 3 2
75 617
1 14 2
632 542
1 14 2
166 327
1 10 2
198 494
1 7 2
35 87
1 7 2
16 225
1 12 2
679 77
1 2 2
84 605
1 10 2
220 572
1 3 2
350 71
1 8 2
281 105
1 14 2
274 373
1 5 2
698 600
1 5 2
459 347
1 7 2
318 195
1 3 2
583 318
1 9 2
416 525
1 3 2
11 97
1 10 2
566 533
1 15 2
442 121
1 7 2
512 78
1 4 2
71 93
1 3 2
614 7
1 5 2
652 111
1 4 2
561 573
1 15 2
151 285
1 9 2
685 147
1 14 2
483 382
1 12 2
442 169
1 3 2
693 158
1 2 2
438 230
1 7 2
9 603
1 8 2
41 0
1 5 2
10 112
1 7 2
686 603
1 8 2
97 383
1 4 2
150 173
1 11 2
304 695
1 10 2
485 346
1 7 2
659 161
1 13 2
680 421
1 2 2
664 570
1 15 2
105 6
1 2 2
414 605
1 4 2
637 407
1 10 2
332 674
1 10 2
616 63
1 8 2
621 497
1 10 2
543 541
1 10 2
362 390
1 13 2
641 136
1 5 2
242 394
1 14 2
694 1
1 9 2
432 415
1 14 2
464 29
1 14 2
103 597
1 11 2
529 52
1 12 2
429 386
1 3 2
656 466
1 3 2
271 314
1 14 2
426 572
1 8 2
577 73
1 10 2
532 479
1 8 2
87 155
1 5 2
509 173
1 4 2
79 437
1 5 2
423 301
1 13 2
536 630
1 8 2
394 488
1 9 2
196 104
1 5 2
353 105
1 5 2
97 222
1 15 2
102 11
1 5 2
643 370
1 9 2
357 680
1 13 2
69 118
1 7 2
450 3
1 14 2
223 694
1 8 2
148 439
1 5 2
74 380
1 4 2
651 430
1 4 2
142 675
1 14 2
203 404
1 6 2
172 120
1 14 2
103 456
1 15 2
535 343
1 3 2
39 150
1 6 2
675 94
1 11 2
262 446
1 2 2
556 644
1 4 2
252 648
1 10 2
236 473
1 6 2
291 391
1 9 2
111 63
1 13 2
350 605
1 8 2
126 211
1 3 2
527 130
1 12 2
101 160
1 9 2
42 127
1 9 2
304 376
1 13 2
190 414
1 10 2
314 642
1 6 2
383 141
1 15 2
290 493
1 3 2
93 463
1 12 2
679 686
1 8 2
383 415
1 12 2
517 678
1 13 2
71 366
1 2 2
33 15
1 4 2
2 144
1 15 2
448 653
1 8 2
511 187
1 11 2
87 279
1 14 2
355 436
1 11 2
222 331
1 7 2
231 490
1 14 2
283 257
1 2 2
604 87
1 4 2
588 691
1 11 2
365 3
1 9 2
168 145
1 13 2
676 259
1 5 2
253 51
1 4 2
539 2
1 15 2
237 190
1 15 2
678 199
1 4 2
185 85
1 14 2
641 341
1 3 2
178 451
1 2 2
331 650
1 11 2
87 18
1 15 2
133 676
1 15 2
670 502
1 9 2
338 383
1 11 2
674 413
1 11 2
78 2
1 8 2
568 635
1 3 2
482 200
1 15 2
323 384
1 11 2
543 300
1 4 2
463 32
1 8 2
487 548
1 11 2
152 374
1 6 2
48 68
1 13 2
438 685
1 4 2
481 401
1 10 2
636 510
1 14 2
85 689
1 7 2
515 647
1 14 2
688 15
1 9 2
163 1
1 5 2
415 32
1 3 2
189 678
1 6 2
441 524
1 7 2
690 117
1 15 2
215 680
1 5 2
517 102
1 5 2
34 107
1 7 2
1 250
1 11 2
117 64
1 5 2
17 154
1 10 2
216 102
1 3 2
224 143
1 10 2
512 368
1 11 2
650 542
1 4 2
470 84
1 11 2
642 542
1 6 2
679 151
1 5 2
573 153
1 10 2
86 331
1 9 2
105 168
1 13 2
377 87
1 5 2
409 186
1 5 2
484 544
1 8 2
587 412
1 11 2
665 654
1 13 2
364 563
1 6 2
378 230
1 4 2
17 208
1 11 2
576 591
1 11 2
329 180
1 11 2
62 344
1 8 2
228 575
1 12 2
467 299
1 14 2
346 656
1 12 2
276 696
1 9 2
528 638
1 13 2
498 193
1 14 2
22 344
1 13 2
171 418
1 15 2
297 175
1 15 2
260 631
1 13 2
572 26
1 7 2
344 104
1 11 2
108 458
1 3 2
574 3
1 4 2
546 85
1 11 2
584 683
1 15 2
682 620
1 10 2
581 476
1 7 2
221 592
1 6 2
392 665
1 3 2
376 158
1 13 2
304 377
1 8 2
94 241
1 4 2
383 354
1 13 2
417 166
1 14 2
329 344
1 4 2
535 548
1 8 2
217 34
1 9 2
470 94
1 7 2
446 591
1 6 2
54 298
1 10 2
594 215
1 13 2
218 324
1 7 2
558 9
1 13 2
236 445
1 5 2
400 327
1 5 2
413 95
1 12 2
297 502
1 15 2
651 627
1 8 2
328 87
1 12 2
566 596
1 14 2
583 460
1 6 2
618 45
1 8 2
629 247
1 7 2
504 226
1 3 2
114 523
1 14 2
538 591
1 2 2
149 267
1 7 2
59 659
1 5 2
610 206
1 3 2
658 459
1 4 2
95 533
1 2 2
191 571
1 13 2
64 200
1 5 2
603 237
1 11 2
536 466
1 10 2
484 434
1 9 2
167 664
1 8 2
29 291
1 14 2
321 406
1 6 2
438 484
1 6 2
112 228
1 14 2
528 602
1 9 2
510 47
1 5 2
583 15
1 11 2
641 663
1 6 2
70 110
1 4 2
346 339
1 2 2
260 388
1 13 2
204 651
1 6 2
478 621
1 4 2
450 686
1 11 2
618 469
1 3 2
317 134
1 7 2
93 118
1 3 2
565 660
1 11 2
104 415
1 5 2
664 99
1 12 2
77 410
1 5 2
518 497
1 11 2
427 573
1 3 2
490 472
1 6 2
687 362
1 14 2
690 687
1 12 2
428 675
1 10 2
376 680
1 14 2
355 484
1 13 2
486 199
1 15 2
222 201
1 9 2
243 93
1 3 2
361 235
1 5 2
570 176
1 12 2
232 361
1 13 2
271 154
1 10 2
5 582
1 10 2
195 321
1 6 2
99 363
1 10 2
49 52
1 2 2
264 326
1 8 2
590 651
1 2 2
574 31
1 2 2
228 439
1 6 2
325 204
1 10 2
517 322
1 6 2
407 110
1 7 2
403 194
1 6 2
578 195
1 2 2
588 383
1 6 2
297 537
1 2 2
161 245
1 13 2
642 369
1 5 2
113 238
1 3 2
496 27
1 8 2
270 233
1 6 2
137 253
1 7 2
365 327
1 2 2
230 106
1 4 2
197 310
1 13 2
271 624
1 15 2
393 378
1 12 2
141 527
1 13 2
151 488
1 5 2
103 522
1 14 2
225 163
1 15 2
133 641
1 2 2
552 253
1 10 2
437 339
1 6 2
275 102
1 10 2
560 258
1 2 2
320 174
1 3 2
12 657
1 12 2
154 627
1 10 2
24 105
1 8 2
390 184
1 11 2
666 519
1 11 2
60 386
1 3 2
639 525
1 3 2
468 371
1 15 2
201 401
1 14 2
370 584
1 9 2
492 324
1 4 2
215 335
1 4 2
102 151
1 5 2
245 346
1 8 2
444 130
1 15 2
375 96
1 5 2
548 227
1 4 2
524 425
1 10 2
219 524
1 8 2
580 97
1 13 2
89 25
1 7 2
192 83
1 14 2
100 555
1 12 2
437 502
1 6 2
478 59
1 3 2
533 505
1 11 2
547 482
1 14 2
160 210
1 11 2
33 463
1 10 2
687 20
1 13 2
294 609
1 3 2
451 338
1 9 2
346 251
1 6 2
504 186
1 6 2
280 562
1 15 2
664 14
1 5 2
551 309
1 14 2
57 95
1 12 2
576 413
1 3 2
642 416
1 3 2
659 556
1 6 2
115 383
1 7 2
622 109
1 13 2
218 37
1 10 2
380 255
1 5 2
179 480
1 6 2
434 283
1 3 2
282 593
1 6 2
615 56
1 9 2
472 225
1 14 2
595 318
1 5 2
8 226
1 5 2
26 121
1 6 2
652 373
1 11 2
5 442
1 2 2
229 50
1 14 2
141 376
1 11 2
38 514
1 8 2
18 212
1 15 2
696 52
1 14 2
270 43
1 7 2
143 489
1 11 2
589 172
1 14 2
551 544
1 12 2
80 132
1 5 2
233 608
1 15 2
220 73
1 9 2
230 547
1 7 2
385 309
1 2 2
174 69
1 12 2
345 440
1 2 2
69 647
1 13 2
13 462
1 10 2
119 548
1 14 2
673 366
1 6 2
388 656
1 15 2
25 481
1 4 2
624 129
1 4 2
656 24
1 9 2
346 522
1 15 2
348 592
1 7 2
356 271
1 7 2
285 334
1 14 2
501 357
1 14 2
399 446
1 15 2
417 660
1 2 2
367 82
1 6 2
159 162
1 8 2
217 694
1 12 2
347 599
1 12 2
382 111
1 5 2
201 633
1 9 2
256 253
1 10 2
658 432
1 9 2
23 188
1 2 2
7 243
1 2 2
298 334
1 11 2
293 645
1 4 2
545 159
1 13 2
3 468
1 3 2
207 427
1 13 2
4 15
1 13 2
439 420
1 4 2
416 308
1 6 2
474 470
1 13 2
381 360
1 2 2
256 673
1 9 2
171 549
1 13 2
151 7
1 6 2
147 59
1 5 2
486 609
1 2 2
241 53
1 3 2
135 435
1 5 2
144 589
1 4 2
104 359
1 9 2
202 566
1 6 2
637 44
1 2 2
33 350
1 12 2
99 119
1 13 2
453 413
1 11 2
172 267
1 9 2
42 180
1 15 2
486 272
1 11 2
637 246
1 4 2
125 33
1 12 2
515 612
1 2 2
513 285
1 7 2
572 491
1 15 2
473 578
1 15 2
38 694
1 14 2
635 311
1 11 2
52 562
1 15 2
186 213
1 14 2
515 304
1 12 2
589 372
1 12 2
287 359
1 13 2
180 150
1 9 2
433 661
1 6 2
211 165
1 15 2
399 595
1 7 2
628 148
1 8 2
559 2
1 13 2
65 287
1 5 2
573 8
1 2 2
616 242
1 8 2
216 315
1 3 2
317 625
1 11 2
39 260
1 3 2
459 608
1 12 2
668 132
1 3 2
54 422
1 10 2
340 4
1 13 2
656 607
1 10 2
238 135
1 3 2
161 164
1 6 2
144 384
1 15 2
607 348
1 9 2
622 140
1 12 2
444 385
1 15 2
340 556
1 13 2
33 493
1 2 2
52 653
1 7 2
332 459
1 11 2
388 548
1 6 2
576 16
1 13 2
14 296
1 9 2
553 61
1 8 2
81 304
1 8 2
146 620
1 4 2
14 255
1 15 2
257 210
1 6 2
489 646
1 2 2
349 449
1 4 2
476 396
1 13 2
516 556
1 13 2
637 235
1 13 2
205 172
1 7 2
511 608
1 4 2
172 170
1 6 2
308 21
1 11 2
87 171
1 13 2
494 8
1 14 2
586 275
1 14 2
231 353
1 9 2
263 192
1 15 2
572 334
1 5 2
481 482
1 9 2
119 542
1 10 2
433 313
1 9 2
329 618
1 5 2
141 111
1 4 2
534 334
1 2 2
232 555
1 15 2
33 328
1 2 2
418 110
1 9 2
510 670
1 3 2
179 154
1 12 2
234 279
1 11 2
53 636
1 10 2
494 354
1 7 2
45 577
1 7 2
522 275
1 6 2
688 89
1 6 2
97 430
1 4 2
371 228
1 4 2
405 388
1 3 2
465 609
1 2 2
362 652
1 6 2
19 64
1 3 2
8 470
1 9 2
466 322
1 9 2
474 646
1 6 2
583 421
1 14 2
315 387
1 6 2
260 232
1 2 2
101 104
1 12 2
427 462
1 15 2
406 378
1 5 2
381 164
1 14 2
94 608
1 4 2
274 360
1 2 2
519 271
1 13 2
82 118
1 4 2
567 202
1 8 2
137 13
1 6 2
221 142
1 11 2
45 98
1 12 2
432 661
1 12 2
48 698
1 14 2
698 532
1 2 2
49 310
1 14 2
211 90
1 14 2
251 178
1 10 2
297 597
1 4 2
160 75
1 11 2
599 37
1 2 2
288 107
1 11 2
240 546
1 10 2
185 186
1 5 2
26 518
1 13 2
405 632
1 13 2
483 485
1 14 2
695 310
1 2 2
11 675
1 8 2
143 646
1 11 2
596 677
1 6 2
543 400
1 14 2
192 682
1 3 2
162 528
1 9 2
130 439
1 11 2
102 407
1 8 2
447 558
1 14 2
140 630
1 5 2
391 5
1 7 2
637 392
1 8 2
59 469
1 3 2
78 625
1 8 2
52 252
1 8 2
88 135
1 15 2
442 32
1 11 2
609 120
1 9 2
192 624
1 4 2
24 583
1 6 2
199 231
1 2 2
357 251
1 3 2
514 182
1 2 2
250 236
1 11 2
371 615
1 7 2
209 304
1 6 2
154 194
1 4 2
25 519
1 15 2
307 304
1 2 2
221 446
1 2 2
390 33
1 8 2
50 288
1 2 2
690 295
1 10 2
410 0
1 11 2
492 432
1 3 2
449 54
1 11 2
346 41
1 5 2
296 463
1 6 2
100 320
1 3 2
361 561
1 15 2
673 268
1 5 2
409 607
1 15 2
683 381
1 8 2
277 386
1 9 2
99 409
1 14 2
403 547
1 10 2
341 520
1 11 2
386 415
1 13 2
187 61
1 15 2
66 636
1 14 2
648 198
1 2 2
65 20
1 14 2
98 617
1 6 2
220 507
1 6 2
133 239
1 3 2
662 25
1 2 2
461 564
1 13 2
165 382
1 13 2
574 120
1 14 2
310 642
1 7 2
555 85
1 5 2
149 219
1 14 2
677 352
1 8 2
213 49
1 8 2
511 440
1 3 2
578 476
1 15 2
409 50
1 12 2
490 349
1 3 2
541 630
1 12 2
168 47
1 15 2
100 131
1 11 2
90 31
1 9 2
70 611
1 9 2
652 297
1 12 2
240 439
1 13 2
70 696
1 14 2
542 330
1 5 2
33 407
1 12 2
553 271
1 9 2
516 60
1 4 2
91 319
1 3 2
279 362
1 15 2
301 74
1 11 2
250 334
1 12 2
215 677
1 14 2
360 375
1 14 2
373 625
1 9 2
435 24
1 5 2
212 207
1 6 2
478 675
1 12 2
379 120
1 13 2
382 128
1 13 2
398 414
1 9 2
186 132
1 13 2
399 20
1 5 2
396 214
1 3 2
33 644
1 2 2
175 176
1 15 2
323 567
1 9 2
486 188
1 8 2
526 269
1 6 2
4 581
1 6 2
374 294
1 6 2
142 243
1 11 2
304 203
1 9 2
411 6
1 14 2
661 418
1 15 2
562 514
1 15 2
189 659
1 15 2
466 156
1 8 2
509 85
1 8 2
434 567
1 15 2
357 417
1 8 2
643 599
1 7 2
377 590
1 3 2
578 161
1 7 2
573 683
1 5 2
678 523
1 13 2
458 572
1 4 2
47 402
1 9 2
147 667
1 12 2
136 618
1 10 2
468 164
1 15 2
631 92
1 5 2
73 349
1 14 2
198 539
1 6 2
594 259
1 10 2
68 476
1 8 2
158 354
1 15 2
69 80
1 8 2
21 39
1 6 2
16 575
1 15 2
418 129
1 4 2
166 31
1 8 2
384 170
1 11 2
2 539
1 10 2
410 577
1 4 2
241 313
1 4 2
216 94
1 2 2
198 49
1 6 2
409 698
1 12 2
243 561
1 13 2
669 316
1 6 2
689 71
1 4 2
333 214
1 10 2
201 149
1 15 2
605 234
1 6 2
222 525
1 11 2
269 651
1 8 2
638 692
1 12 2
518 218
1 15 2
367 566
1 3 2
458 516
1 11 2
280 562
1 9 2
288 632
1 2 2
421 684
1 13 2
52 446
1 10 2
14 385
1 13 2
129 25
1 7 2
589 492
1 10 2
151 495
1 9 2
188 615
1 8 2
324 576
1 14 2
536 512
1 2 2
697 600
1 6 2
308 45
1 8 2
254 238
1 10 2
47 13
1 2 2
185 668
1 13 2
537 184
1 12 2
450 564
1 2 2
428 607
1 9 2
44 205
1 6 2
672 346
1 14 2
236 46
1 9 2
467 562
1 9 2
102 194
1 14 2
342 288
1 11 2
141 229
1 15 2
675 466
1 3 2
121 350
1 12 2
128 97
1 8 2
657 467
1 5 2
88 425
1 10 2
24 491
1 11 2
21 342
1 13 2
256 677
1 5 2
215 254
1 15 2
445 192
1 4 2
642 40
1 6 2
206 579
1 2 2
151 54
1 7 2
510 423
1 12 2
56 486
1 10 2
21 574
1 14 2
185 329
1 9 2
461 578
1 9 2
500 177
1 3 2
85 512
1 4 2
51 239
1 6 2
547 333
1 8 2
441 669
1 14 2
287 139
1 4 2
463 338
1 11 2
256 570
1 6 2
395 357
1 4 2
205 511
1 8 2
243 156
1 15 2
642 179
1 12 2
239 2
1 4 2
294 280
1 13 2
104 316
1 14 2
526 115
1 14 2
603 32
1 6 2
88 25
1 4 2
483 411
1 8 2
451 263
1 15 2
602 352
1 9 2
658 634
1 12 2
592 437
1 12 2
587 513
1 9 2
454 526
1 7 2
335 206
1 11 2
343 525
1 15 2
506 395
1 8 2
386 493
1 12 2
495 558
1 7 2
353 391
1 11 2
278 313
1 10 2
109 469
1 14 2
206 243
1 7 2
639 68
1 15 2
349 118
1 14 2
187 55
1 6 2
98 476
1 9 2
635 680
1 8 2
673 517
1 4 2
194 340
1 2 2
255 409
1 9 2
404 23
1 12 2
462 31
1 15 2
665 636
1 15 2
197 209
1 7 2
440 11
1 6 2
427 139
1 9 2
185 677
1 13 2
515 412
1 13 2
425 122
1 12 2
178 451
1 6 2
686 220
1 6 2
406 12
1 3 2
357 638
1 4 2
522 356
1 2 2
28 405
1 7 2
693 528
1 9 2
271 309
1 8 2
139 237
1 11 2
365 210
1 4 2
674 221
1 7 2
329 256
1 7 2
617 627
1 13 2
62 303
1 13 2
643 581
1 9 2
29 19
1 5 2
237 559
1 10 2
404 617
1 14 2
283 520
1 14 2
29 430
1 7 2
373 393
1 8 2
677 152
1 10 2
638 458
1 7 2
295 649
1 15 2
245 213
1 2 2
279 495
1 2 2
643 293
1 10 2
530 692
1 4 2
1 26
1 12 2
692 164
1 5 2
575 356
1 11 2
681 360
1 7 2
616 393
1 14 2
601 105
1 11 2
120 261
1 6 2
135 587
1 13 2
164 156
1 14 2
127 583
1 2 2
379 63
1 13 2
3 422
1 9 2
53 423
1 6 2
205 487
1 7 2
671 571
1 5 2
432 662
1 7 2
691 638
1 13 2
409 127
1 5 2
452 389
1 7 2
694 372
1 3 2
20 40
1 11 2
62 448
1 7 2
208 200
1 9 2
214 37
1 6 2
450 64
1 13 2
525 230
1 13 2
283 206
1 13 2
474 442
1 11 2
666 320
1 11 2
46 285
1 4 2
566 695
1 3 2
192 157
1 14 2
398 145
1 15 2
131 599
1 12 2
339 484
1 15 2
392 344
1 15 2
113 582
1 3 2
359 677
1 5 2
530 246
1 13 2
24 523
1 12 2
636 193
1 5 2
2 274
1 13 2
78 352
1 3 2
621 280
1 2 2
360 511
1 7 2
481 176
1 4 2
162 293
1 11 2
636 6
1 14 2
94 578
1 11 2
1 172
1 9 2
458 334
1 5 2
59 402
1 2 2
495 149
1 6 2
584 366
1 10 2
232 424
1 11 2
544 301
1 10 2
67 320
1 11 2
20 350
1 2 2
643 655
1 3 2
79 496
1 5 2
253 175
1 10 2
442 521
1 9 2
186 484
1 14 2
151 365
1 3 2
406 432
1 11 2
408 641
1 6 2
474 626
1 11 2
631 654
1 9 2
516 412
1 6 2
65 217
1 4 2
34 474
1 7 2
45 436
1 3 2
8 93
1 13 2
666 499
1 13 2
248 445
1 6 2
687 268
1 4 2
308 156
1 13 2
399 163
1 8 2
381 257
1 10 2
115 432
1 4 2
219 615
1 4 2
200 142
1 12 2
418 483
1 7 2
276 113
1 9 2
353 206
1 12 2
305 497
1 11 2
281 407
1 6 2
600 189
1 15 2
607 316
1 3 2
12 492
1 5 2
513 683
1 5 2
134 181
1 14 2
273 10
1 9 2
338 559
1 7 2
562 318
1 10 2
629 244
1 10 2
681 663
1 10 2
150 440
1 12 2
119 609
1 13 2
301 214
1 14 2
241 524
1 12 2
9 607
1 8 2
55 209
1 7 2
330 479
1 7 2
139 405
1 10 2
167 128
1 2 2
14 514
1 9 2
298 447
1 10 2
20 614
1 3 2
328 152
1 15 2
639 367
1 11 2
141 333
1 5 2
108 332
1 2 2
463 617
1 3 2
37 574
1 5 2
352 266
1 2 2
596 617
1 3 2
519 677
1 6 2
46 173
1 5 2
673 587
1 6 2
185 13
1 5 2
312 288
1 6 2
212 394
1 11 2
258 432
1 11 2
583 606
1 7 2
149 339
1 6 2
503 455
1 4 2
123 154
1 13 2
554 162
1 12 2
484 332
1 9 2
663 519
1 12 2
607 340
1 4 2
282 353
1 13 2
626 642
1 2 2
543 577
1 3 2
341 535
1 2 2
463 24
1 12 2
669 420
1 7 2
164 205
1 10 2
648 420
1 11 2
72 641
1 15 2
104 84
1 7 2
696 532
1 7 2
92 185
1 6 2
328 678
1 7 2
4 427
1 4 2
467 309
1 15 2
465 468
1 11 2
669 299
1 4 2
158 677
1 13 2
92 110
1 14 2
138 595
1 4 2
121 633
1 14 2
623 8
1 8 2
687 105
1 14 2
651 28
1 6 2
4 391
1 5 2
563 349
1 8 2
32 406
1 11 2
634 200
1 2 2
325 72
1 15 2
23 205
1 13 2
547 266
1 9 2
170 628
1 3 2
691 224
1 5 2
109 122
1 8 2
361 637
1 13 2
481 152
1 4 2
581 660
1 3 2
648 208
1 8 2
526 202
1 14 2
458 577
1 12 2
105 180
1 10 2
670 221
1 11 2
98 65
1 8 2
396 268
1 7 2
408 526
1 13 2
560 554
1 4 2
575 446
1 13 2
53 289
1 2 2
527 129
1 5 2
283 663
1 13 2
559 482
1 3 2
564 348
1 11 2
95 426
1 13 2
199 45
1 9 2
664 477
1 3 2
625 325
1 3 2
85 370
1 11 2
90 461
1 4 2
128 240
1 9 2
136 569
1 2 2
145 685
1 4 2
268 629
1 13 2
146 80
1 4 2
625 302
1 2 2
429 124
1 4 2
8 358
1 13 2
443 169
1 14 2
379 623
1 14 2
150 306
1 8 2
690 235
1 6 2
159 285
1 5 2
365 444
1 3 2
98 244
1 13 2
29 291
1 5 2
217 544
1 15 2
14 297
1 14 2
32 376
1 13 2
130 241
1 10 2
525 691
1 5 2
34 609
1 10 2
673 103
1 15 2
199 238
1 9 2
136 662
1 12 2
346 104
1 15 2
220 145
1 5 2
147 89
1 15 2
653 675
1 8 2
205 323
1 6 2
163 130
1 13 2
557 32
1 14 2
187 516
1 5 2
305 125
1 4 2
454 409
1 14 2
64 80
1 9 2
225 90
1 4 2
123 449
1 12 2
155 69
1 13 2
61 456
1 12 2
306 97
1 10 2
19 606
1 3 2
461 230
1 13 2
54 40
1 13 2
695 143
1 8 2
493 240
1 13 2
385 83
1 7 2
145 79
1 6 2
436 9
1 4 2
594 539
1 11 2
418 339
1 5 2
136 525
1 15 2
617 582
1 5 2
228 4
1 6 2
404 38
1 11 2
120 591
1 13 2
272 362
1 10 2
394 402
1 4 2
341 255
1 9 2
353 190
1 15 2
699 419
1 5 2
135 177
1 4 2
663 174
1 3 2
491 497
1 7 2
93 450
1 2 2
453 178
1 6 2
594 318
1 5 2
426 667
1 3 2
509 332
1 9 2
578 286
1 11 2
321 106
1 4 2
401 191
1 13 2
177 220
1 4 2
620 523
1 8 2
493 124
1 12 2
61 401
1 14 2
371 47
1 4 2
424 464
1 11 2
308 276
1 13 2
157 311
1 7 2
386 132
1 5 2
300 594
1 6 2
652 270
1 2 2
159 16
1 3 2
264 391
1 9 2
114 428
1 13 2
425 251
1 10 2
342 648
1 11 2
240 609
1 6 2
182 273
1 4 2
501 451
1 13 2
234 573
1 12 2
408 128
1 15 2
71 147
1 6 2
403 674
1 6 2
157 104
1 6 2
354 55
1 13 2
676 304
1 4 2
526 84
1 8 2
24 209
1 11 2
355 279
1 4 2
223 38
1 6 2
606 407
1 12 2
257 459
1 15 2
580 333
1 13 2
72 166
1 13 2
145 181
1 6 2
78 572
1 15 2
101 471
1 9 2
552 328
1 13 2
170 171
1 8 2
560 696
1 7 2
681 290
1 12 2
512 570
1 2 2
448 116
1 12 2
517 351
1 6 2
222 261
1 7 2
2 324
1 9 2
64 77
1 10 2
202 428
1 6 2
466 651
1 7 2
56 525
1 11 2
649 305
1 7 2
677 332
1 3 2
493 398
1 13 2
542 123
1 3 2
180 199
1 2 2
123 555
1 8 2
117 384
1 4 2
48 66
1 12 2
674 312
1 11 2
218 276
1 2 2
449 191
1 10 2
291 530
1 5 2
333 426
1 15 2
610 354
1 15 2
177 302
1 7 2
512 380
1 11 2
647 173
1 3 2
490 320
1 14 2
645 435
1 13 2
317 634
1 9 2
195 53
1 5 2
440 522
1 14 2
601 402
1 13 2
270 431
1 13 2
603 293
1 9 2
518 502
1 7 2
504 271
1 8 2
42 579
1 11 2
579 484
1 9 2
635 281
1 5 2
622 461
1 9 2
678 280
1 15 2
580 322
1 4 2
377 294
1 8 2
127 96
1 3 2
429 505
1 10 2
166 149
1 10 2
554 129
1 3 2
358 268
1 14 2
307 258
1 13 2
72 309
1 7 2
292 546
1 8 2
411 89
1 12 2
649 377
1 11 2
270 237
1 15 2
292 154
1 14 2
335 108
1 12 2
610 362
1 8 2
281 133
1 9 2
151 237
1 5 2
168 473
1 7 2
242 603
1 14 2
387 463
1 5 2
620 274
1 12 2
57 127
1 4 2
316 607
1 5 2
525 428
1 11 2
195 75
1 15 2
147 634
1 14 2
86 484
1 6 2
79 567
1 13 2
535 317
1 5 2
118 579
1 5 2
366 559
1 4 2
537 33
1 9 2
593 94
1 4 2
111 669
1 4 2
240 450
1 11 2
52 434
1 9 2
289 448
1 4 2
480 433
1 5 2
582 213
1 12 2
307 438
1 15 2
21 278
1 15 2
19 154
1 13 2
540 75
1 14 2
684 22
1 5 2
441 367
1 6 2
672 253
1 7 2
456 347
1 2 2
646 183
1 6 2
672 286
1 9 2
137 338
1 7 2
422 640
1 3 2
509 292
1 10 2
411 207
1 6 2
693 66
1 3 2
518 544
1 7 2
480 121
1 5 2
699 121
1 9 2
480 43
1 8 2
266 234
1 10 2
631 41
1 15 2
297 468
1 4 2
51 622
1 2 2
501 89
1 11 2
225 427
1 10 2
94 426
1 8 2
245 385
1 6 2
583 227
1 8 2
187 95
1 11 2
292 355
1 11 2
266 102
1 4 2
680 126
1 6 2
38 232
1 6 2
90 664
1 7 2
345 206
1 10 2
170 45
1 11 2
160 233
1 11 2
380 148
1 3 2
73 602
1 5 2
52 531
1 4 2
125 52
1 6 2
511 121
1 13 2
521 355
1 5 2
543 488
1 13 2
493 317
1 11 2
71 525
1 14 2
202 308
1 11 2
328 135
1 11 2
151 404
1 13 2
384 544
1 11 2
105 393
1 8 2
413 158
1 8 2
527 313
1 13 2
538 223
1 3 2
242 504
1 2 2
459 320
1 10 2
445 402
1 11 2
451 685
1 5 2
426 76
1 11 2
202 98
1 7 2
38 77
1 10 2
489 503
1 5 2
618 388
1 6 2
281 429
1 10 2
593 190
1 15 2
462 297
1 3 2
74 658
1 6 2
66 394
1 5 2
286 73
1 5 2
257 300
1 10 2
297 340
1 9 2
365 408
1 8 2
691 373
1 11 2
349 683
1 9 2
475 232
1 3 2
43 319
1 7 2
133 180
1 5 2
154 162
1 5 2
604 36
1 12 2
605 54
1 13 2
229 200
1 12 2
147 389
1 3 2
565 482
1 11 2
52 86
1 15 2
503 630
1 2 2
649 163
1 5 2
696 30
1 14 2
673 467
1 14 2
495 500
1 6 2
160 395
1 15 2
346 275
1 9 2
549 279
1 11 2
389 645
1 14 2
158 586
1 6 2
0 331
1 3 2
507 612
1 7 2
674 336
1 15 2
389 32
1 6 2
484 366
1 9 2
33 657
1 12 2
110 294
1 8 2
339 541
1 10 2
295 470
1 2 2
405 36
1 5 2
79 252
1 6 2
593 674
1 10 2
452 491
1 8 2
505 349
1 12 2
141 71
1 3 2
335 441
1 13 2
176 475
1 2 2
248 270
1 8 2
112 244
1 8 2
539 130
1 8 2
535 637
1 11 2
1 649
1 2 2
305 376
1 10 2
540 618
1 4 2
579 299
1 8 2
4 521
1 11 2
359 405
1 8 2
482 656
1 7 2
135 28
1 9 2
459 433
1 6 2
175 652
1 12 2
544 277
1 8 2
569 432
1 2 2
211 179
1 14 2
423 541
1 14 2
671 160
1 3 2
672 44
1 2 2
541 401
1 9 2
370 183
1 9 2
224 420
1 6 2
665 686
1 9 2
677 45
1 6 2
423 19
1 11 2
347 484
1 15 2
445 141
1 5 2
340 313
1 6 2
71 193
1 8 2
491 631
1 7 2
12 489
1 4 2
39 412
1 7 2
245 452
1 13 2
504 315
1 5 2
682 324
1 6 2
299 358
1 3 2
625 683
1 5 2
565 22
1 11 2
267 255
1 6 2
119 424
1 15 2
678 382
1 6 2
497 635
1 15 2
241 490
1 11 2
321 0
1 13 2
575 568
1 14 2
405 177
1 11 2
510 585
1 9 2
119 509
1 6 2
595 100
1 8 2
582 642
1 11 2
263 129
1 5 2
407 254
1 13 2
368 347
1 10 2
624 629
1 10 2
361 496
1 13 2
635 614
1 2 2
47 393
1 12 2
76 311
1 6 2
283 487
1 12 2
544 423
1 8 2
495 335
1 10 2
265 412
1 6 2
247 560
1 3 2
689 403
1 8 2
43 427
1 11 2
233 277
1 15 2
29 53
1 12 2
97 18
1 7 2
333 594
1 7 2
75 103
1 8 2
328 355
1 4 2
506 594
1 2 2
74 173
1 3 2
477 639
1 9 2
544 430
1 7 2
263 625
1 14 2
534 602
1 9 2
633 603
1 12 2
602 676
1 8 2
562 318
1 11 2
186 175
1 14 2
478 481
1 4 2
196 628
1 4 2
381 275
1 15 2
20 554
1 8 2
249 260
1 6 2
13 248
1 15 2
285 611
1 9 2
570 477
1 4 2
143 475
1 5 2
659 319
1 12 2
546 200
1 7 2
148 268
1 14 2
575 466
1 4 2
111 598
1 10 2
278 47
1 3 2
278 121
1 13 2
571 570
1 8 2
305 324
1 8 2
385 455
1 6 2
224 76
1 9 2
268 361
1 13 2
403 240
1 12 2
227 517
1 7 2
352 50
1 7 2
121 98
1 9 2
129 308
1 3 2
649 47
1 15 2
482 134
1 2 2
331 93
1 15 2
423 207
1 6 2
337 99
1 9 2
184 323
1 4 2
691 636
1 6 2
652 690
1 12 2
79 90
1 11 2
290 112
1 12 2
576 310
1 14 2
463 406
1 4 2
430 689
1 13 2
423 239
1 3 2
9 64
1 2 2
196 653
1 6 2
412 592
1 7 2
531 62
1 7 2
602 528
1 5 2
247 185
1 12 2
3 561
1 13 2
255 236
1 8 2
210 73
1 6 2
632 495
1 11 2
40 506
1 10 2
575 243
1 11 2
440 161
1 14 2
275 18
1 15 2
256 287
1 7 2
211 383
1 12 2
155 576
1 13 2
328 695
1 13 2
292 600
1 3 2
499 428
1 6 2
244 412
1 4 2
290 116
1 6 2
592 405
1 6 2
398 429
1 11 2
467 12
1 4 2
468 271
1 9 2
263 681
1 7 2
242 10
1 8 2
523 290
1 15 2
275 186
1 15 2
540 376
1 5 2
259 640
1 11 2
116 43
1 7 2
324 501
1 3 2
426 144
1 7 2
680 324
1 15 2
10 646
1 7 2
279 199
1 11 2
317 35
1 10 2
342 427
1 2 2
13 2
1 14 2
585 283
1 4 2
345 689
1 15 2
215 539
1 8 2
28 691
1 11 2
549 684
1 13 2
610 370
1 5 2
571 380
1 11 2
699 628
1 15 2
138 620
1 10 2
249 176
1 9 2
149 319
1 13 2
429 82
1 10 2
616 204
1 8 2
201 609
1 7 2
591 527
1 5 2
122 24
1 12 2
173 363
1 5 2
289 546
1 8 2
154 88
1 15 2
389 512
1 14 2
195 143
1 11 2
46 131
1 15 2
133 471
1 11 2
115 516
1 12 2
281 467
1 11 2
122 272
1 3 2
72 133
1 12 2
416 684
1 4 2
554 191
1 12 2
572 196
1 2 2
464 109
1 6 2
657 20
1 12 2
666 490
1 15 2
557 535
1 12 2
211 669
1 3 2
421 56
1 9 2
223 427
1 9 2
145 303
1 6 2
175 129
1 13 2
612 41
1 11 2
505 507
1 10 2
516 407
1 15 2
513 488
1 6 2
453 350
1 2 2
201 156
1 13 2
174 640
1 10 2
252 270
1 8 2
5 489
1 2 2
14 71
1 11 2
569 236
1 15 2
132 522
1 8 2
45 488
1 12 2
176 648
1 15 2
430 525
1 4 2
638 531
1 7 2
673 698
1 10 2
652 278
1 15 2
133 351
1 15 2
463 399
1 5 2
608 42
1 12 2
408 505
1 6 2
281 517
1 6 2
567 587
1 8 2
390 343
1 12 2
253 572
1 6 2
523 188
1 15 2
136 604
1 5 2
328 221
1 8 2
302 351
1 13 2
385 31
1 8 2
574 330
1 6 2
324 552
1 2 2
148 449
1 14 2
484 534
1 11 2
76 56
1 3 2
231 294
1 11 2
364 518
1 11 2
634 319
1 6 2
392 77
1 15 2
660 531
1 14 2
569 276
1 8 2
54 52
