700 5600 2100
12 12 13 7 23 9 5 23 11 23 15 6 8 18 24 8 12 5 10 11 16 14 5 16 9 14 23 25 20 9 14 13 24 12 24 22 11 20 11 6 22 21 12 16 23 15 16 8 8 22 14 11 6 21 11 25 18 24 5 17 21 17 11 10 7 6 9 9 13 12 21 10 24 17 5 18 23 23 6 15 14 19 10 25 15 10 10 21 6 10 12 16 6 12 21 16 12 19 12 9 10 14 8 22 15 18 13 16 13 15 9 16 11 19 11 8 20 7 15 14 12 10 12 12 13 22 12 20 24 16 5 16 18 13 17 5 13 8 14 6 22 18 17 8 13 15 5 18 25 17 23 8 24 5 6 7 14 11 17 7 17 11 7 6 15 19 22 16 16 20 12 9 22 18 25 19 16 16 13 8 19 24 17 21 7 7 9 15 9 11 19 21 22 19 17 22 19 11 23 24 10 15 18 19 23 15 13 22 20 13 14 10 20 20 21 6 16 22 19 7 24 15 14 6 18 9 22 16 16 14 18 7 20 20 16 19 15 15 13 25 16 8 11 20 6 22 17 16 17 10 12 14 16 12 12 16 13 6 7 20 22 14 15 7 9 7 16 24 24 14 16 18 25 13 24 19 15 14 24 23 23 8 15 13 20 25 23 14 9 8 21 23 7 25 19 25 18 19 10 25 16 7 24 19 6 11 13 23 22 19 22 23 16 7 20 25 7 11 25 14 10 14 19 10 25 14 18 6 9 21 18 9 13 10 13 15 12 20 24 11 12 18 19 12 20 16 10 20 7 13 18 10 17 9 7 15 11 19 17 22 15 19 15 21 7 6 13 8 11 21 22 5 13 9 13 9 13 24 12 20 11 25 7 14 9 23 9 13 7 13 12 11 15 7 20 15 9 5 19 10 14 6 19 22 13 15 19 10 20 24 6 18 11 15 11 7 16 9 9 17 17 7 25 8 14 11 9 8 23 14 8 15 19 21 6 23 14 9 10 8 12 23 14 24 7 20 25 16 9 14 20 13 25 8 7 9 18 13 17 24 20 7 18 17 7 23 6 24 6 22 9 15 13 22 16 21 5 17 14 18 11 19 8 24 15 23 15 20 24 23 21 19 11 6 16 21 13 19 20 22 18 6 22 10 12 15 12 24 20 18 15 12 13 25 12 13 19 5 5 25 15 25 6 5 18 20 6 24 18 19 25 6 5 19 24 13 6 9 15 10 6 25 20 7 13 7 23 8 17 20 5 18 19 20 16 5 5 9 7 11 19 13 14 15 16 21 20 13 18 9 18 15 25 15 13 10 18 7 16 13 14 22 25 8 24 22 7 19 9 22 10 21 8 19 15 23 9 22 17 21 17 23 8 16 23 8 15 18 13 16 25 18 22 16 25 17 15 20 23 13 16 17 16 12 9 21 18 11 20 15 24 9 19 7 13 10 5 20 5 8 18 17 23 13 21 7 17 17 5 16 8 10 15 9 11 6 25 20 6 16 6 25 24 12 16 7 22 14 18 13 8 21 10 21 21 5 22 5 11 14 5 23 17 7 19 15 13 17 5 25 7 19 13 6 24 19 6 11 22 18
3 5 20 4 16 7 14 12 14 5 16 6 18 10 7 17 13 19 12 18 14 20 4 4 6 14 17 3 16 8 4 3 15 16 12 17 3 4 17 16 18 18 17 6 17 20 10 18 7 13 5 10 18 19 4 13 5 9 6 14 10 15 5 3 11 10 7 14 19 15 17 10 12 5 19 4 9 12 7 16 16 6 3 9 8 20 18 19 13 18 3 5 16 8 14 15 14 5 11 6 11 3 16 5 12 8 3 11 4 4 13 4 5 11 18 12 5 6 7 8 8 4 16 9 12 13 10 10 17 5 16 7 16 20 15 14 8 12 11 14 3 15 6 5 17 4 16 17 20 8 20 10 19 13 13 8 15 5 12 16 19 3 16 13 9 16 19 7 6 4 7 8 9 11 16 16 10 10 7 10 18 14 19 8 5 14 10 11 17 6 15 10 14 6 14 9 7 7 4 15 15 19 16 5 9 6 17 8 11 15 10 17 19 5 19 14 14 4 4 9 7 14 5 13 19 10 14 17 3 10 6 13 14 20 13 11 9 10 11 19 13 5 3 20 8 20 15 6 10 18 12 7 18 18 10 7 19 19 17 20 7 3 12 9 15 4 3 7 14 11 8 9 5 6 20 12 20 4 11 14 13 7 4 14 5 17 18 13 6 10 5 19 17 3 4 18 10 9 18 7 11 4 9 3 20 20 3 9 16 15 3 12 10 12 12 19 19 5 3 12 4 20 3 6 20 17 13 18 16 6 9 10 9 13 15 19 7 9 5 14 7 16 3 6 19 5 9 7 12 15 9 7 5 6 4 19 18 5 18 20 10 14 4 16 8 12 11 14 3 12 16 13 3 4 15 6 10 5 5 19 4 3 17 11 15 3 18 14 16 19 17 19 13 10 7 17 18 18 18 5 13 4 8 8 20 17 3 16 7 4 6 10 6 10 15 20 14 11 14 4 18 13 6 15 14 15 11 19 19 5 11 10 14 4 14 8 5 19 9 7 20 20 16 17 3 17 4 18 12 5 8 14 15 5 3 8 10 17 11 8 12 3 11 20 19 11 15 20 11 19 20 11 15 4 19 19 9 14 12 10 16 4 14 17 5 16 10 19 4 19 18 13 12 17 3 3 7 7 19 15 12 13 9 8 15 4 7 5 6 19 4 12 4 3 15 10 19 16 5 18 4 13 7 3 4 20 13 19 6 4 3 6 9 5 4 8 18 7 4 20 17 3 8 4 6 6 7 12 15 17 10 14 4 12 4 9 5 17 16 17 18 6 13 9 11 13 3 20 13 9 9 4 17 20 11 20 6 17 14 9 6 18 12 5 12 14 4 11 13 5 20 14 8 20 14 13 13 19 6 16 7 5 11 14 14 19 17 7 20 5 10 19 5 20 5 11 18 12 16 5 3 5 12 12 11 17 15 18 20 8 5 11 13 14 6 10 11 10 17 16 17 17 10 19 9 14 10 7 16 10 20 19 6 13 12 14 12 19 20 18 16 8 9 6 20 11 6 10 10 18 3 6 20 10 15 5 7 10 14 20 7 9 6 5 10 14 5 18 18 3 7 10 7 8 14 7 11 20 20 3
1 4 2
402 248
1 9 2
602 367
1 9 2
338 468
1 2 2
46 69
1 15 2
274 650
1 7 2
686 155
1 6 2
135 304
1 12 2
492 262
1 14 2
2 532
1 2 2
632 144
1 13 2
530 572
1 3 2
165 557
1 15 2
76 39
1 11 2
261 151
1 6 2
18 244
1 6 2
482 349
1 7 2
433 125
1 12 2
92 557
1 9 2
495 663
1 14 2
505 326
1 7 2
153 654
1 4 2
568 416
1 13 2
365 452
1 7 2
611 453
1 2 2
182 383
1 12 2
558 124
1 11 2
564 5
1 14 2
524 44
1 15 2
382 254
1 3 2
124 207
1 12 2
313 671
1 5 2
227 140
1 2 2
39 250
1 2 2
181 551
1 7 2
306 59
1 6 2
197 533
1 6 2
437 644
1 2 2
555 583
1 10 2
528 187
1 15 2
626 508
1 8 2
594 516
1 9 2
563 483
1 13 2
28 180
1 6 2
423 55
1 7 2
473 608
1 12 2
683 633
1 9 2
256 307
1 2 2
23 344
1 8 2
567 533
1 2 2
489 368
1 12 2
505 18
1 10 2
196 401
1 6 2
444 647
1 7 2
294 341
1 15 2
444 516
1 10 2
24 88
1 14 2
71 575
1 7 2
299 607
1 4 2
0 466
1 13 2
126 585
1 13 2
175 118
1 11 2
454 650
1 14 2
608 639
1 8 2
587 511
1 12 2
244 21
1 4 2
490 96
1 8 2
203 389
1 7 2
227 349
1 4 2
10 265
1 2 2
93 592
1 7 2
545 135
1 3 2
418 290
1 8 2
264 293
1 14 2
315 95
1 10 2
10 126
1 11 2
194 624
1 12 2
70 631
1 14 2
679 483
1 9 2
537 557
1 12 2
417 6
1 12 2
8 151
1 14 2
671 677
1 5 2
261 2
1 8 2
523 682
1 4 2
293 82
1 12 2
40 37
1 2 2
424 130
1 7 2
533 661
1 10 2
606 237
1 4 2
566 249
1 8 2
526 573
1 3 2
602 250
1 2 2
31 572
1 12 2
567 287
1 5 2
29 257
1 11 2
440 505
1 2 2
533 47
1 13 2
28 628
1 7 2
573 621
1 3 2
440 594
1 9 2
384 289
1 4 2
516 621
1 12 2
572 314
1 13 2
295 576
1 5 2
439 9
1 9 2
20 619
1 13 2
154 540
1 4 2
541 463
1 15 2
85 506
1 15 2
275 593
1 7 2
556 425
1 13 2
327 410
1 11 2
137 203
1 6 2
671 362
1 12 2
540 279
1 15 2
315 391
1 8 2
166 318
1 9 2
59 105
1 15 2
545 204
1 3 2
522 431
1 6 2
0 655
1 10 2
583 442
1 11 2
533 145
1 4 2
117 496
1 2 2
462 628
1 9 2
491 397
1 8 2
254 555
1 11 2
503 212
1 3 2
277 253
1 2 2
491 653
1 2 2
296 416
1 10 2
632 454
1 2 2
428 96
1 14 2
299 404
1 11 2
50 301
1 10 2
217 205
1 3 2
125 205
1 15 2
31 19
1 7 2
413 166
1 15 2
389 89
1 4 2
134 266
1 10 2
673 402
1 4 2
444 161
1 6 2
653 554
1 13 2
85 90
1 6 2
305 500
1 10 2
170 2
1 11 2
22 296
1 11 2
301 274
1 2 2
548 74
1 8 2
660 145
1 8 2
133 614
1 3 2
32 502
1 9 2
90 609
1 4 2
638 595
1 11 2
597 197
1 14 2
160 77
1 10 2
218 443
1 8 2
202 139
1 14 2
641 549
1 13 2
388 89
1 13 2
141 386
1 5 2
277 472
1 3 2
290 154
1 4 2
46 360
1 4 2
58 552
1 8 2
74 647
1 10 2
595 341
1 15 2
457 409
1 9 2
317 540
1 11 2
55 318
1 5 2
408 536
1 6 2
561 548
1 10 2
144 107
1 2 2
481 645
1 2 2
354 363
1 4 2
204 343
1 2 2
511 140
1 10 2
256 376
1 5 2
455 128
1 7 2
339 439
1 14 2
681 185
1 7 2
510 537
1 11 2
545 668
1 8 2
339 372
1 8 2
616 362
1 8 2
633 662
1 7 2
362 79
1 12 2
499 636
1 15 2
473 70
1 7 2
517 669
1 13 2
440 406
1 14 2
264 25
1 15 2
6 187
1 10 2
209 653
1 14 2
528 271
1 7 2
2 63
1 14 2
319 54
1 11 2
607 685
1 15 2
15 306
1 8 2
698 71
1 6 2
23 145
1 5 2
445 498
1 5 2
517 507
1 15 2
42 577
1 7 2
485 169
1 4 2
424 392
1 11 2
67 51
1 5 2
335 644
1 6 2
247 685
1 8 2
185 432
1 13 2
359 163
1 7 2
242 125
1 13 2
205 320
1 15 2
199 673
1 15 2
182 384
1 3 2
183 150
1 13 2
618 310
1 9 2
280 169
1 5 2
73 157
1 9 2
377 552
1 8 2
413 436
1 15 2
545 393
1 11 2
592 647
1 14 2
354 241
1 7 2
1 669
1 12 2
575 512
1 12 2
690 295
1 4 2
529 378
1 10 2
329 637
1 8 2
457 130
1 7 2
104 119
1 12 2
239 109
1 13 2
385 142
1 3 2
666 294
1 6 2
286 252
1 12 2
124 650
1 6 2
692 369
1 11 2
136 637
1 15 2
11 411
1 6 2
109 448
1 15 2
490 426
1 2 2
306 250
1 4 2
371 44
1 2 2
323 41
1 12 2
540 446
1 4 2
269 70
1 9 2
494 262
1 10 2
452 459
1 2 2
43 339
1 2 2
536 307
1 11 2
318 33
1 12 2
170 243
1 3 2
222 490
1 10 2
357 645
1 2 2
333 591
1 9 2
274 98
1 15 2
124 365
1 4 2
72 334
1 5 2
353 403
1 14 2
259 56
1 12 2
699 165
1 4 2
122 611
1 2 2
188 300
1 10 2
2 441
1 5 2
119 587
1 12 2
314 190
1 7 2
294 21
1 7 2
633 449
1 10 2
224 272
1 14 2
15 185
1 10 2
128 180
1 3 2
170 172
1 6 2
637 125
1 9 2
90 529
1 11 2
491 492
1 14 2
559 362
1 11 2
10 15
1 5 2
183 589
1 9 2
543 561
1 9 2
687 200
1 2 2
53 155
1 5 2
400 569
1 2 2
539 430
1 14 2
117 682
1 2 2
341 598
1 5 2
195 448
1 15 2
319 539
1 14 2
655 325
1 11 2
55 163
1 12 2
480 102
1 6 2
515 451
1 2 2
648 130
1 4 2
249 6
1 6 2
383 656
1 4 2
352 107
1 6 2
695 671
1 3 2
102 108
1 13 2
579 22
1 6 2
45 500
1 15 2
642 106
1 6 2
385 116
1 14 2
697 571
1 15 2
191 258
1 3 2
427 492
1 15 2
102 257
1 3 2
30 611
1 11 2
572 666
1 5 2
436 524
1 10 2
474 231
1 14 2
629 666
1 3 2
106 609
1 13 2
650 665
1 6 2
290 280
1 11 2
51 665
1 3 2
500 147
1 12 2
156 620
1 15 2
443 353
1 12 2
221 59
1 15 2
340 450
1 15 2
453 546
1 14 2
480 437
1 3 2
12 443
1 8 2
295 294
1 5 2
115 392
1 4 2
544 354
1 9 2
654 128
1 7 2
83 491
1 4 2
451 89
1 14 2
175 534
1 9 2
343 377
1 4 2
463 17
1 13 2
155 308
1 6 2
185 192
1 4 2
69 553
1 14 2
143 524
1 5 2
49 428
1 4 2
273 106
1 7 2
191 531
1 15 2
387 264
1 2 2
280 420
1 8 2
493 166
1 15 2
24 351
1 8 2
660 269
1 9 2
409 608
1 9 2
335 323
1 5 2
255 507
1 4 2
539 394
1 8 2
328 367
1 6 2
403 572
1 9 2
29 296
1 13 2
345 194
1 4 2
18 484
1 4 2
330 504
1 9 2
684 130
1 10 2
289 555
1 13 2
350 299
1 14 2
80 568
1 6 2
531 31
1 8 2
221 344
1 13 2
581 550
1 14 2
683 519
1 12 2
261 291
1 2 2
490 591
1 7 2
119 481
1 12 2
639 587
1 8 2
604 448
1 12 2
272 460
1 10 2
285 420
1 7 2
595 359
1 11 2
612 358
1 6 2
48 257
1 10 2
679 373
1 7 2
47 42
1 5 2
405 275
1 4 2
450 179
1 4 2
181 626
1 9 2
474 287
1 9 2
418 221
1 15 2
451 93
1 10 2
566 146
1 8 2
438 603
1 2 2
423 266
1 13 2
641 18
1 8 2
527 631
1 12 2
232 642
1 14 2
126 225
1 8 2
18 304
1 11 2
588 475
1 12 2
302 310
1 15 2
389 191
1 10 2
632 586
1 9 2
1 592
1 10 2
241 431
1 8 2
535 307
1 7 2
242 293
1 5 2
554 378
1 8 2
618 239
1 15 2
697 420
1 5 2
384 594
1 7 2
538 533
1 12 2
173 410
1 6 2
487 130
1 12 2
465 159
1 13 2
1 562
1 7 2
119 569
1 7 2
308 397
1 15 2
612 44
1 12 2
619 245
1 14 2
181 150
1 11 2
260 300
1 14 2
405 99
1 8 2
47 566
1 8 2
393 476
1 4 2
534 95
1 5 2
667 143
1 4 2
166 577
1 4 2
70 281
1 15 2
461 386
1 3 2
564 483
1 4 2
245 272
1 12 2
101 429
1 13 2
214 116
1 13 2
191 146
1 6 2
333 30
1 13 2
88 386
1 11 2
115 378
1 7 2
488 196
1 12 2
54 242
1 4 2
240 445
1 15 2
4 300
1 9 2
5 558
1 13 2
695 463
1 4 2
391 369
1 5 2
152 230
1 13 2
58 255
1 4 2
622 87
1 8 2
272 522
1 3 2
302 171
1 9 2
634 400
1 8 2
17 32
1 3 2
657 698
1 10 2
349 648
1 11 2
575 167
1 14 2
144 544
1 6 2
432 655
1 11 2
200 548
1 10 2
480 212
1 13 2
635 230
1 15 2
440 268
1 2 2
81 386
1 9 2
674 376
1 6 2
426 220
1 7 2
443 376
1 9 2
126 530
1 11 2
559 508
1 3 2
658 609
1 3 2
215 593
1 10 2
204 42
1 4 2
663 347
1 10 2
312 500
1 10 2
457 109
1 5 2
309 664
1 12 2
420 532
1 15 2
259 663
1 13 2
519 686
1 4 2
686 290
1 5 2
159 679
1 11 2
426 532
1 11 2
577 276
1 7 2
459 494
1 2 2
157 292
1 11 2
210 533
1 8 2
462 579
1 10 2
342 243
1 11 2
657 329
1 15 2
234 9
1 14 2
391 663
1 15 2
253 106
1 2 2
667 449
1 12 2
526 394
1 3 2
82 579
1 15 2
347 629
1 14 2
62 416
1 9 2
674 426
1 14 2
117 494
1 5 2
167 318
1 5 2
115 640
1 13 2
17 47
1 7 2
645 102
1 11 2
499 506
1 7 2
2 215
1 3 2
460 272
1 11 2
99 107
1 12 2
222 516
1 2 2
327 126
1 10 2
565 373
1 15 2
29 323
1 3 2
238 643
1 15 2
476 662
1 14 2
598 271
1 8 2
392 59
1 10 2
536 195
1 2 2
14 557
1 4 2
50 272
1 10 2
71 9
1 2 2
166 530
1 10 2
600 17
1 11 2
625 27
1 11 2
13 502
1 12 2
615 284
1 6 2
216 477
1 8 2
87 487
1 6 2
482 105
1 3 2
95 461
1 13 2
609 601
1 8 2
92 32
1 7 2
268 186
1 13 2
650 409
1 11 2
418 259
1 8 2
264 213
1 8 2
218 462
1 7 2
118 636
1 7 2
620 555
1 11 2
441 499
1 14 2
60 461
1 9 2
393 454
1 15 2
570 612
1 7 2
543 529
1 5 2
560 31
1 12 2
582 485
1 12 2
67 206
1 14 2
562 294
1 11 2
30 221
1 2 2
248 209
1 11 2
600 551
1 12 2
51 310
1 11 2
131 570
1 12 2
449 25
1 5 2
652 545
1 3 2
344 596
1 14 2
174 400
1 13 2
432 545
1 6 2
450 562
1 11 2
350 353
1 6 2
123 443
1 9 2
658 325
1 14 2
425 691
1 15 2
486 204
1 12 2
633 409
1 8 2
496 311
1 15 2
52 493
1 6 2
204 628
1 5 2
477 4
1 7 2
153 136
1 11 2
228 678
1 7 2
467 44
1 5 2
637 183
1 7 2
48 607
1 3 2
390 372
1 8 2
504 213
1 7 2
288 96
1 2 2
648 227
1 12 2
263 213
1 8 2
55 556
1 3 2
591 636
1 6 2
690 88
1 6 2
72 473
1 8 2
606 191
1 9 2
534 614
1 13 2
146 88
1 4 2
664 207
1 15 2
678 535
1 9 2
619 546
1 7 2
345 83
1 8 2
630 635
1 6 2
478 322
1 6 2
632 432
1 6 2
506 593
1 13 2
471 47
1 13 2
569 629
1 4 2
397 642
1 3 2
289 252
1 2 2
61 638
1 5 2
273 434
1 9 2
599 644
1 5 2
334 13
1 9 2
66 264
1 12 2
99 380
1 3 2
489 615
1 12 2
302 240
1 15 2
122 232
1 12 2
586 332
1 7 2
585 557
1 9 2
688 554
1 6 2
608 662
1 7 2
295 441
1 15 2
509 190
1 5 2
565 421
1 7 2
652 341
1 5 2
429 390
1 14 2
381 685
1 13 2
234 198
1 12 2
459 161
1 9 2
162 36
1 5 2
469 451
1 15 2
418 220
1 2 2
592 254
1 12 2
629 121
1 13 2
377 656
1 9 2
97 677
1 6 2
47 110
1 9 2
268 694
1 8 2
585 688
1 11 2
290 276
1 13 2
190 577
1 12 2
241 318
1 6 2
449 448
1 9 2
621 558
1 8 2
431 681
1 2 2
655 328
1 13 2
317 74
1 7 2
42 489
1 12 2
343 27
1 9 2
599 220
1 7 2
50 654
1 7 2
634 187
1 13 2
204 303
1 13 2
370 454
1 7 2
279 314
1 13 2
410 16
1 15 2
399 501
1 15 2
551 406
1 3 2
335 496
1 12 2
207 232
1 15 2
510 688
1 9 2
571 40
1 11 2
578 342
1 9 2
10 696
1 5 2
70 434
1 2 2
41 620
1 5 2
289 321
1 15 2
132 164
1 3 2
458 671
1 7 2
457 474
1 11 2
212 612
1 12 2
530 218
1 2 2
293 337
1 8 2
623 329
1 11 2
6 150
1 10 2
85 113
1 6 2
227 506
1 12 2
119 249
1 4 2
447 565
1 8 2
599 90
1 11 2
699 317
1 8 2
108 27
1 9 2
527 94
1 8 2
433 209
1 12 2
624 103
1 10 2
354 186
1 5 2
103 145
1 2 2
129 403
1 6 2
528 460
1 8 2
267 502
1 13 2
143 275
1 11 2
260 47
1 12 2
612 363
1 6 2
313 269
1 12 2
402 14
1 12 2
106 509
1 8 2
464 383
1 6 2
622 581
1 6 2
428 571
1 12 2
461 151
1 12 2
185 13
1 11 2
573 364
1 14 2
104 327
1 7 2
659 213
1 4 2
670 542
1 6 2
245 84
1 6 2
407 644
1 12 2
631 438
1 7 2
624 308
1 2 2
653 446
1 3 2
453 300
1 4 2
26 457
1 12 2
584 449
1 12 2
306 372
1 12 2
562 514
1 2 2
207 202
1 12 2
294 224
1 12 2
418 172
1 13 2
279 74
1 10 2
252 104
1 3 2
124 245
1 13 2
559 22
1 8 2
366 44
1 2 2
519 72
1 5 2
399 682
1 11 2
372 36
1 13 2
509 213
1 15 2
187 602
1 2 2
175 410
1 15 2
269 387
1 11 2
421 342
1 14 2
269 372
1 6 2
443 681
1 2 2
662 327
1 2 2
190 519
1 5 2
188 595
1 2 2
202 91
1 4 2
434 119
1 4 2
387 425
1 9 2
65 257
1 3 2
40 346
1 2 2
395 286
1 13 2
130 596
1 9 2
516 144
1 8 2
213 634
1 7 2
253 678
1 12 2
189 691
1 12 2
313 570
1 2 2
460 191
1 13 2
68 608
1 15 2
18 324
1 11 2
186 22
1 3 2
320 264
1 8 2
587 26
1 3 2
517 396
1 5 2
536 344
1 10 2
671 369
1 2 2
540 538
1 7 2
108 280
1 7 2
450 471
1 5 2
556 139
1 12 2
2 642
1 2 2
131 569
1 2 2
53 332
1 12 2
498 291
1 10 2
177 633
1 4 2
143 65
1 9 2
655 103
1 6 2
460 627
1 13 2
482 131
1 2 2
365 348
1 7 2
611 571
1 2 2
595 455
1 3 2
684 138
1 10 2
116 271
1 3 2
424 297
1 2 2
353 179
1 6 2
552 478
1 2 2
16 554
1 8 2
89 466
1 5 2
661 509
1 8 2
582 245
1 2 2
233 498
1 2 2
1 423
1 5 2
525 41
1 14 2
557 228
1 9 2
392 482
1 13 2
666 368
1 3 2
115 222
1 9 2
87 287
1 14 2
250 603
1 5 2
99 455
1 6 2
268 44
1 4 2
384 430
1 6 2
401 100
1 5 2
218 206
1 2 2
147 212
1 15 2
296 356
1 2 2
570 539
1 10 2
288 482
1 2 2
25 150
1 11 2
160 586
1 12 2
327 429
1 14 2
579 628
1 14 2
344 194
1 13 2
500 80
1 15 2
507 561
1 9 2
479 404
1 7 2
565 690
1 14 2
503 456
1 7 2
49 676
1 13 2
647 389
1 10 2
580 4
1 14 2
459 105
1 7 2
676 266
1 3 2
474 623
1 14 2
417 318
1 8 2
358 550
1 10 2
280 162
1 15 2
649 473
1 3 2
219 169
1 2 2
513 265
1 3 2
257 186
1 9 2
650 243
1 4 2
393 457
1 2 2
390 397
1 11 2
368 82
1 15 2
645 164
1 14 2
620 31
1 14 2
549 371
1 12 2
641 53
1 15 2
395 159
1 10 2
618 345
1 9 2
437 79
1 5 2
200 585
1 13 2
34 494
1 15 2
238 327
1 8 2
320 302
1 6 2
16 615
1 12 2
519 125
1 5 2
588 182
1 6 2
153 491
1 9 2
286 86
1 11 2
408 134
1 13 2
100 188
1 9 2
442 577
1 3 2
348 188
1 10 2
259 160
1 6 2
324 0
1 15 2
214 175
1 3 2
676 209
1 14 2
656 184
1 8 2
405 352
1 9 2
670 340
1 14 2
427 182
1 10 2
114 591
1 6 2
219 44
1 8 2
9 677
1 10 2
56 403
1 5 2
189 88
1 2 2
427 648
1 2 2
349 149
1 8 2
79 696
1 15 2
493 32
1 12 2
44 557
1 4 2
84 629
1 13 2
505 527
1 5 2
34 79
1 5 2
626 553
1 12 2
390 523
1 14 2
695 398
1 7 2
657 482
1 13 2
572 63
1 10 2
660 50
1 10 2
596 617
1 11 2
343 231
1 4 2
428 634
1 3 2
93 524
1 9 2
299 460
1 12 2
466 528
1 11 2
49 234
1 6 2
239 386
1 12 2
429 40
1 5 2
302 30
1 14 2
572 600
1 7 2
478 110
1 13 2
642 395
1 7 2
167 327
1 4 2
244 94
1 14 2
516 302
1 15 2
348 231
1 14 2
93 59
1 15 2
599 285
1 14 2
383 334
1 14 2
156 17
1 12 2
317 150
1 15 2
145 1
1 6 2
443 64
1 6 2
350 471
1 6 2
346 313
1 9 2
148 164
1 11 2
186 449
1 3 2
232 294
1 6 2
578 699
1 8 2
273 521
1 12 2
43 263
1 9 2
370 303
1 14 2
9 166
1 7 2
285 256
1 13 2
505 64
1 2 2
264 195
1 12 2
162 623
1 4 2
458 511
1 5 2
130 145
1 13 2
693 104
1 7 2
483 246
1 13 2
620 98
1 6 2
62 537
1 3 2
116 547
1 14 2
172 616
1 7 2
391 114
1 3 2
127 130
1 11 2
643 148
1 3 2
338 542
1 15 2
142 21
1 7 2
670 393
1 7 2
549 112
1 4 2
215 529
1 11 2
567 180
1 13 2
183 430
1 2 2
192 620
1 3 2
303 596
1 14 2
696 440
1 13 2
325 55
1 3 2
324 264
1 5 2
135 623
1 10 2
355 289
1 3 2
336 605
1 12 2
337 120
1 4 2
145 501
1 9 2
151 361
1 15 2
356 31
1 10 2
459 223
1 9 2
204 313
1 14 2
397 646
1 14 2
259 386
1 6 2
21 394
1 4 2
295 198
1 8 2
466 38
1 10 2
697 125
1 6 2
279 641
1 2 2
158 371
1 11 2
397 652
1 3 2
114 1
1 8 2
495 496
1 7 2
118 352
1 3 2
4 599
1 11 2
605 399
1 5 2
231 658
1 2 2
389 451
1 2 2
70 505
1 5 2
148 91
1 11 2
169 484
1 2 2
292 244
1 10 2
641 563
1 6 2
37 42
1 14 2
581 654
1 10 2
485 153
1 3 2
263 584
1 5 2
423 54
1 6 2
121 247
1 12 2
93 320
1 14 2
603 347
1 7 2
67 232
1 12 2
262 655
1 7 2
428 583
1 5 2
79 542
1 7 2
90 197
1 10 2
147 122
1 10 2
462 456
1 6 2
135 433
1 9 2
200 620
1 13 2
559 153
1 13 2
505 670
1 6 2
635 409
1 9 2
291 573
1 8 2
132 602
1 11 2
142 15
1 9 2
202 209
1 8 2
238 130
1 6 2
333 359
1 11 2
187 407
1 11 2
220 577
1 2 2
116 376
1 9 2
67 568
1 10 2
182 339
1 10 2
471 636
1 13 2
182 527
1 3 2
208 680
1 4 2
43 146
1 10 2
65 454
1 4 2
231 506
1 12 2
416 439
1 2 2
244 77
1 8 2
460 644
1 10 2
39 240
1 12 2
413 273
1 14 2
519 315
1 3 2
449 82
1 3 2
81 117
1 15 2
424 522
1 9 2
261 618
1 6 2
234 535
1 12 2
499 360
1 11 2
193 40
1 3 2
555 338
1 13 2
294 492
1 8 2
656 376
1 3 2
341 59
1 2 2
472 637
1 11 2
262 400
1 9 2
571 236
1 8 2
361 8
1 9 2
188 173
1 7 2
518 191
1 4 2
189 263
1 9 2
582 535
1 12 2
76 99
1 13 2
558 634
1 2 2
586 129
1 8 2
375 558
1 13 2
326 420
1 3 2
461 645
1 9 2
673 105
1 10 2
370 556
1 11 2
220 48
1 11 2
170 253
1 4 2
318 618
1 6 2
522 648
1 12 2
33 606
1 6 2
392 123
1 6 2
661 18
1 10 2
270 420
1 8 2
337 445
1 6 2
173 312
1 7 2
452 236
1 15 2
190 117
1 5 2
693 381
1 15 2
529 474
1 11 2
350 82
1 10 2
238 541
1 3 2
621 602
1 14 2
640 644
1 10 2
639 425
1 4 2
644 117
1 11 2
144 234
1 13 2
564 534
1 4 2
344 15
1 11 2
175 652
1 12 2
76 674
1 14 2
645 613
1 10 2
11 172
1 10 2
661 638
1 4 2
134 616
1 11 2
122 673
1 13 2
210 74
1 13 2
109 515
1 13 2
223 595
1 10 2
287 324
1 13 2
18 105
1 11 2
358 171
1 2 2
143 450
1 6 2
606 284
1 2 2
126 566
1 9 2
427 131
1 5 2
113 433
1 5 2
359 398
1 8 2
595 502
1 7 2
481 149
1 14 2
539 31
1 15 2
11 527
1 4 2
314 585
1 5 2
399 42
1 14 2
476 449
1 13 2
612 675
1 11 2
577 56
1 4 2
486 235
1 4 2
554 522
1 13 2
304 650
1 15 2
59 654
1 14 2
185 482
1 9 2
491 526
1 7 2
285 248
1 4 2
482 625
1 5 2
95 130
1 14 2
104 193
1 15 2
145 368
1 5 2
178 43
1 15 2
394 369
1 4 2
473 300
1 7 2
669 63
1 15 2
466 448
1 8 2
486 307
1 10 2
136 10
1 8 2
78 404
1 7 2
436 104
1 15 2
399 218
1 2 2
560 169
1 11 2
311 325
1 2 2
71 49
1 11 2
356 553
1 7 2
368 267
1 15 2
45 206
1 6 2
587 379
1 15 2
633 616
1 14 2
232 271
1 8 2
458 145
1 15 2
178 372
1 4 2
229 66
1 8 2
307 475
1 9 2
419 105
1 11 2
535 303
1 8 2
122 357
1 9 2
74 596
1 5 2
688 92
1 6 2
134 619
1 8 2
370 459
1 9 2
477 310
1 13 2
314 34
1 4 2
52 327
1 3 2
331 122
1 13 2
227 329
1 8 2
595 214
1 14 2
456 75
1 3 2
388 150
1 5 2
505 416
1 12 2
513 643
1 8 2
601 108
1 7 2
634 649
1 11 2
152 230
1 2 2
199 487
1 3 2
278 388
1 2 2
517 160
1 11 2
649 24
1 4 2
439 614
1 2 2
121 637
1 3 2
272 146
1 7 2
382 310
1 12 2
339 360
1 13 2
671 351
1 4 2
659 14
1 6 2
524 125
1 12 2
96 30
1 7 2
4 257
1 7 2
354 410
1 12 2
480 86
1 5 2
348 128
1 5 2
35 341
1 4 2
237 281
1 7 2
446 379
1 10 2
308 563
1 8 2
534 626
1 13 2
347 236
1 11 2
618 529
1 5 2
562 586
1 13 2
694 622
1 12 2
343 392
1 12 2
695 185
1 8 2
175 155
1 13 2
655 664
1 7 2
190 145
1 10 2
520 371
1 2 2
80 549
1 8 2
338 581
1 7 2
350 600
1 9 2
283 581
1 14 2
110 466
1 5 2
155 564
1 11 2
581 505
1 4 2
631 32
1 9 2
655 638
1 13 2
300 251
1 15 2
630 455
1 15 2
70 529
1 2 2
552 646
1 4 2
0 181
1 9 2
279 296
1 10 2
350 86
1 4 2
102 264
1 6 2
233 484
1 3 2
447 142
1 9 2
665 508
1 3 2
666 638
1 10 2
4 421
1 5 2
527 146
1 15 2
460 558
1 11 2
669 402
1 11 2
169 241
1 3 2
318 359
1 11 2
598 209
1 13 2
452 177
1 11 2
69 448
1 11 2
539 201
1 6 2
298 160
1 6 2
21 27
1 4 2
402 103
1 10 2
493 56
1 3 2
587 527
1 13 2
615 233
1 8 2
370 217
1 15 2
460 467
1 14 2
125 688
1 13 2
237 675
1 8 2
568 260
1 15 2
626 657
1 10 2
294 577
1 10 2
337 128
1 7 2
128 341
1 14 2
624 438
1 6 2
221 341
1 8 2
643 286
1 2 2
680 482
1 15 2
411 670
1 11 2
592 517
1 5 2
512 440
1 2 2
697 608
1 15 2
278 304
1 11 2
312 451
1 15 2
655 458
1 5 2
276 425
1 11 2
525 15
1 3 2
374 434
1 6 2
670 610
1 13 2
85 622
1 12 2
112 217
1 11 2
117 213
1 10 2
18 673
1 12 2
79 609
1 5 2
173 431
1 15 2
178 444
1 11 2
198 612
1 6 2
683 80
1 6 2
528 550
1 2 2
86 163
1 14 2
62 662
1 15 2
280 384
1 14 2
538 99
1 2 2
534 180
1 2 2
486 397
1 11 2
507 417
1 12 2
41 391
1 8 2
258 87
1 2 2
313 216
1 4 2
451 78
1 7 2
490 153
1 11 2
81 372
1 9 2
510 662
1 10 2
60 191
1 12 2
48 576
1 9 2
456 166
1 11 2
132 605
1 9 2
112 477
1 11 2
454 659
1 4 2
189 568
1 15 2
104 311
1 2 2
94 151
1 9 2
242 459
1 3 2
698 353
1 7 2
67 1
1 6 2
208 470
1 10 2
183 640
1 4 2
78 691
1 2 2
5 2
1 7 2
685 579
1 15 2
59 118
1 4 2
16 194
1 3 2
387 48
1 6 2
28 347
1 4 2
247 359
1 6 2
511 264
1 8 2
378 91
1 15 2
94 198
1 12 2
283 445
1 7 2
23 403
1 11 2
536 60
1 13 2
514 568
1 13 2
30 307
1 9 2
313 231
1 8 2
24 634
1 5 2
613 664
1 11 2
419 354
1 11 2
222 586
1 11 2
343 609
1 7 2
249 138
1 3 2
665 623
1 5 2
341 27
1 4 2
92 189
1 6 2
568 314
1 2 2
339 410
1 2 2
520 566
1 8 2
249 266
1 10 2
34 259
1 7 2
221 184
1 8 2
359 159
1 12 2
500 99
1 7 2
249 32
1 7 2
505 75
1 3 2
324 243
1 14 2
667 242
1 3 2
147 546
1 5 2
472 657
1 6 2
692 366
1 9 2
596 631
1 2 2
59 236
1 12 2
501 592
1 6 2
88 365
1 9 2
256 83
1 13 2
122 67
1 2 2
63 185
1 2 2
98 85
1 4 2
526 682
1 3 2
569 580
1 15 2
566 512
1 2 2
651 656
1 7 2
140 404
1 11 2
669 449
1 13 2
425 486
1 15 2
498 686
1 11 2
69 95
1 13 2
589 440
1 9 2
313 688
1 2 2
529 689
1 3 2
489 591
1 9 2
270 190
1 4 2
654 661
1 10 2
266 491
1 2 2
614 29
1 15 2
339 177
1 13 2
686 90
1 2 2
466 581
1 7 2
272 591
1 12 2
104 518
1 13 2
532 361
1 2 2
388 212
1 13 2
504 50
1 3 2
493 384
1 13 2
495 90
1 8 2
318 237
1 10 2
522 354
1 3 2
470 182
1 8 2
101 205
1 11 2
578 10
1 2 2
391 409
1 9 2
651 628
1 10 2
111 466
1 5 2
675 180
1 3 2
207 590
1 7 2
528 402
1 6 2
359 30
1 13 2
640 604
1 12 2
517 411
1 8 2
330 583
1 10 2
665 102
1 6 2
113 646
1 2 2
390 322
1 4 2
629 277
1 7 2
47 222
1 9 2
385 317
1 8 2
650 145
1 11 2
72 265
1 12 2
189 502
1 11 2
112 508
1 12 2
277 116
1 14 2
211 97
1 6 2
281 252
1 15 2
49 584
1 4 2
346 699
1 6 2
550 206
1 3 2
25 222
1 8 2
22 356
1 10 2
693 162
1 12 2
325 331
1 2 2
490 421
1 9 2
139 408
1 9 2
540 309
1 10 2
612 433
1 5 2
582 356
1 7 2
531 212
1 3 2
618 414
1 9 2
580 154
1 6 2
665 422
1 2 2
650 382
1 11 2
291 448
1 15 2
365 165
1 15 2
87 216
1 15 2
495 509
1 13 2
22 138
1 13 2
445 443
1 15 2
4 259
1 11 2
659 19
1 10 2
600 412
1 5 2
72 230
1 11 2
140 104
1 2 2
524 7
1 10 2
683 433
1 6 2
361 258
1 8 2
692 5
1 12 2
8 117
1 2 2
599 399
1 9 2
568 514
1 4 2
452 315
1 15 2
303 178
1 4 2
31 310
1 4 2
169 192
1 14 2
695 298
1 6 2
383 699
1 13 2
56 381
1 13 2
634 507
1 4 2
657 578
1 7 2
192 206
1 9 2
505 290
1 13 2
408 548
1 9 2
333 495
1 10 2
428 192
1 10 2
455 362
1 3 2
363 666
1 2 2
411 643
1 7 2
362 450
1 4 2
614 414
1 10 2
664 542
1 11 2
411 119
1 12 2
638 565
1 7 2
386 240
1 2 2
517 147
1 4 2
520 576
1 2 2
483 195
1 12 2
269 173
1 9 2
343 657
1 11 2
79 429
1 14 2
453 634
1 3 2
214 43
1 15 2
26 419
1 5 2
494 69
1 4 2
19 174
1 4 2
498 63
1 3 2
114 380
1 2 2
565 509
1 8 2
115 170
1 10 2
37 618
1 7 2
255 454
1 4 2
303 593
1 6 2
421 316
1 10 2
420 566
1 15 2
434 442
1 11 2
295 423
1 9 2
239 687
1 14 2
310 348
1 8 2
279 1
1 14 2
480 607
1 15 2
20 270
1 2 2
104 347
1 7 2
693 225
1 9 2
331 296
1 14 2
668 350
1 11 2
416 128
1 14 2
129 516
1 7 2
179 662
1 14 2
363 591
1 5 2
158 401
1 8 2
209 619
1 4 2
609 369
1 6 2
135 223
1 14 2
455 553
1 7 2
298 500
1 8 2
445 505
1 9 2
553 131
1 3 2
50 186
1 15 2
539 594
1 11 2
256 8
1 3 2
138 580
1 4 2
483 56
1 15 2
380 621
1 2 2
127 606
1 7 2
579 224
1 9 2
73 268
1 13 2
160 511
1 4 2
350 63
1 4 2
551 532
1 13 2
67 169
1 15 2
78 105
1 6 2
197 438
1 6 2
413 374
1 11 2
120 451
1 14 2
1 315
1 4 2
360 648
1 15 2
639 257
1 14 2
308 666
1 2 2
106 529
1 7 2
631 128
1 2 2
52 469
1 2 2
593 41
1 3 2
509 539
1 3 2
534 163
1 7 2
214 425
1 6 2
598 21
1 10 2
504 364
1 9 2
584 335
1 14 2
24 35
1 6 2
541 172
1 13 2
430 386
1 13 2
516 149
1 4 2
600 638
1 7 2
160 458
1 13 2
348 17
1 8 2
496 669
1 2 2
465 699
1 6 2
507 262
1 12 2
343 20
1 2 2
88 223
1 14 2
635 486
1 6 2
185 474
1 7 2
671 66
1 14 2
442 374
1 10 2
488 337
1 12 2
425 128
1 4 2
597 379
1 10 2
603 587
1 5 2
238 276
1 13 2
382 601
1 9 2
21 386
1 15 2
635 629
1 12 2
452 314
1 6 2
342 423
1 11 2
90 673
1 9 2
442 136
1 8 2
570 253
1 5 2
356 291
1 15 2
573 536
1 13 2
268 415
1 11 2
221 259
1 14 2
10 348
1 12 2
55 253
1 13 2
255 491
1 11 2
5 637
1 12 2
87 192
1 11 2
468 416
1 11 2
609 163
1 7 2
222 180
1 7 2
409 240
1 13 2
416 59
1 10 2
316 413
1 12 2
47 516
1 10 2
477 366
1 7 2
587 476
1 5 2
442 207
1 12 2
70 366
1 12 2
402 470
1 6 2
160 150
1 12 2
323 432
1 12 2
32 152
1 14 2
370 12
1 11 2
520 361
1 12 2
21 380
1 9 2
110 204
1 5 2
74 665
1 8 2
583 563
1 4 2
314 515
1 10 2
24 127
1 2 2
589 418
1 13 2
261 236
1 4 2
423 84
1 10 2
321 157
1 2 2
570 117
1 12 2
383 191
1 13 2
173 49
1 12 2
271 468
1 11 2
271 549
1 6 2
252 240
1 9 2
182 444
1 12 2
647 664
1 10 2
312 493
1 4 2
531 29
1 12 2
487 180
1 7 2
179 592
1 15 2
650 69
1 13 2
327 162
1 4 2
524 20
1 14 2
463 690
1 2 2
43 69
1 11 2
623 148
1 8 2
553 90
1 9 2
162 419
1 5 2
229 680
1 12 2
168 437
1 4 2
101 5
1 12 2
49 336
1 6 2
576 607
1 5 2
295 187
1 7 2
101 286
1 7 2
157 208
1 2 2
457 666
1 10 2
81 203
1 13 2
99 440
1 2 2
584 612
1 4 2
397 327
1 2 2
201 20
1 8 2
421 29
1 8 2
143 666
1 3 2
74 673
1 11 2
227 373
1 5 2
18 335
1 4 2
696 388
1 11 2
579 463
1 13 2
17 5
1 11 2
164 192
1 7 2
605 675
1 14 2
510 346
1 15 2
634 412
1 14 2
292 596
1 4 2
100 362
1 14 2
98 579
1 13 2
148 410
1 6 2
451 97
1 9 2
434 492
1 15 2
124 119
1 10 2
92 410
1 10 2
407 512
1 14 2
520 13
1 6 2
377 373
1 14 2
634 388
1 9 2
200 156
1 10 2
641 613
1 10 2
199 283
1 10 2
538 15
1 4 2
294 654
1 3 2
215 73
1 11 2
389 614
1 13 2
347 619
1 12 2
212 9
1 4 2
299 307
1 6 2
550 132
1 12 2
102 382
1 8 2
661 598
1 8 2
656 419
1 8 2
37 196
1 15 2
554 249
1 2 2
25 452
1 2 2
294 586
1 11 2
266 143
1 3 2
161 584
1 6 2
521 353
1 3 2
463 455
1 5 2
175 267
1 3 2
38 397
1 10 2
542 230
1 14 2
387 234
1 9 2
175 238
1 6 2
88 593
1 11 2
196 492
1 10 2
525 560
1 14 2
600 231
1 4 2
471 661
1 9 2
136 208
1 7 2
59 586
1 2 2
100 234
1 7 2
336 502
1 15 2
242 278
1 10 2
80 584
1 13 2
536 515
1 3 2
134 52
1 11 2
474 530
1 4 2
380 565
1 13 2
224 637
1 7 2
11 573
1 5 2
377 485
1 10 2
537 609
1 11 2
239 150
1 2 2
316 87
1 6 2
669 380
1 13 2
629 241
1 2 2
673 573
1 2 2
643 254
1 3 2
502 463
1 7 2
470 686
1 14 2
375 561
1 14 2
412 9
1 7 2
611 52
1 15 2
179 197
1 14 2
614 622
1 2 2
577 153
1 11 2
84 156
1 11 2
115 279
1 4 2
53 78
1 9 2
668 342
1 9 2
481 648
1 3 2
687 534
1 9 2
158 242
1 6 2
617 665
1 5 2
463 281
1 7 2
193 218
1 3 2
160 93
1 4 2
448 673
1 5 2
579 246
1 15 2
69 28
1 10 2
142 622
1 15 2
548 479
1 11 2
531 567
1 6 2
0 165
1 13 2
186 247
1 15 2
434 686
1 2 2
585 444
1 9 2
516 191
1 10 2
542 187
1 12 2
536 268
1 12 2
458 627
1 6 2
159 458
1 4 2
377 666
1 4 2
406 667
1 15 2
252 358
1 12 2
509 55
1 14 2
419 591
1 3 2
334 594
1 12 2
116 175
1 15 2
25 426
1 4 2
591 122
1 2 2
373 469
1 2 2
230 342
1 6 2
230 13
1 10 2
393 293
1 5 2
684 50
1 5 2
303 177
1 6 2
75 246
1 7 2
696 671
1 10 2
592 638
1 7 2
159 66
1 6 2
265 103
1 8 2
289 132
1 8 2
96 226
1 4 2
98 382
1 11 2
211 691
1 4 2
383 204
1 7 2
95 92
1 2 2
663 40
1 6 2
201 533
1 13 2
418 60
1 6 2
7 347
1 8 2
338 339
1 6 2
288 255
1 3 2
294 8
1 9 2
401 144
1 11 2
127 32
1 5 2
294 228
1 3 2
13 250
1 15 2
343 676
1 10 2
441 107
1 2 2
146 73
1 3 2
644 289
1 8 2
56 642
1 10 2
95 579
1 10 2
434 21
1 15 2
164 692
1 12 2
336 483
1 13 2
474 556
1 7 2
447 329
1 4 2
161 124
1 8 2
664 406
1 7 2
209 32
1 8 2
222 697
1 11 2
133 324
1 13 2
6 526
1 5 2
116 262
1 7 2
559 507
1 12 2
446 545
1 13 2
70 384
1 13 2
556 29
1 8 2
105 219
1 5 2
561 116
1 11 2
567 330
1 5 2
611 464
1 12 2
269 266
1 10 2
105 683
1 7 2
452 15
1 2 2
574 301
1 9 2
104 361
1 4 2
227 335
1 2 2
61 146
1 6 2
484 598
1 6 2
646 63
1 5 2
406 219
1 8 2
494 76
1 6 2
399 687
1 4 2
235 549
1 3 2
576 399
1 8 2
502 475
1 6 2
525 254
1 2 2
532 394
1 5 2
136 593
1 5 2
487 427
1 15 2
217 204
1 14 2
158 81
1 13 2
271 441
1 11 2
659 123
1 14 2
391 28
1 10 2
371 22
1 3 2
164 664
1 9 2
142 558
1 7 2
101 12
1 14 2
696 608
1 10 2
8 188
1 13 2
579 118
1 7 2
62 557
1 9 2
668 661
1 7 2
204 637
1 15 2
530 97
1 6 2
336 392
1 14 2
217 667
1 10 2
251 293
1 2 2
226 392
1 7 2
632 690
1 4 2
17 518
1 13 2
57 1
1 5 2
160 657
1 14 2
288 628
1 3 2
465 556
1 12 2
116 533
1 7 2
258 605
1 8 2
670 584
1 3 2
107 235
1 9 2
368 12
1 8 2
304 225
1 9 2
17 477
1 13 2
350 139
1 7 2
385 272
1 8 2
599 418
1 7 2
193 622
1 9 2
35 637
1 9 2
687 93
1 10 2
350 664
1 12 2
309 394
1 13 2
622 410
1 6 2
509 658
1 15 2
316 635
1 3 2
178 535
1 8 2
568 244
1 8 2
457 423
1 11 2
293 190
1 7 2
673 473
1 15 2
92 195
1 6 2
9 83
1 2 2
108 490
1 10 2
180 151
1 9 2
208 167
1 13 2
1 179
1 3 2
245 53
1 14 2
2 227
1 2 2
235 22
1 8 2
311 528
1 15 2
665 510
1 13 2
491 62
1 12 2
21 33
1 14 2
355 498
1 5 2
237 378
1 12 2
44 555
1 9 2
182 639
1 10 2
329 251
1 5 2
7 659
1 11 2
200 644
1 7 2
595 277
1 14 2
594 683
1 4 2
100 127
1 8 2
287 654
1 8 2
413 430
1 4 2
609 96
1 12 2
227 521
1 5 2
301 174
1 6 2
515 48
1 11 2
236 408
1 2 2
578 328
1 13 2
398 3
1 3 2
154 122
1 6 2
691 659
1 5 2
602 36
1 4 2
39 646
1 10 2
670 367
1 14 2
542 626
1 8 2
36 686
1 11 2
523 12
1 14 2
202 584
1 9 2
369 473
1 2 2
129 356
1 13 2
661 217
1 13 2
72 15
1 14 2
465 547
1 13 2
80 312
1 3 2
663 473
1 4 2
554 244
1 4 2
534 130
1 13 2
504 479
1 9 2
491 327
1 5 2
77 193
1 4 2
97 505
1 15 2
421 50
1 4 2
575 407
1 13 2
73 308
1 3 2
135 523
1 6 2
270 164
1 12 2
213 619
1 4 2
678 94
1 6 2
562 176
1 4 2
42 541
1 14 2
562 497
1 6 2
376 536
1 12 2
262 477
1 6 2
279 651
1 6 2
174 333
1 10 2
600 588
1 13 2
685 247
1 11 2
427 630
1 2 2
317 417
1 3 2
16 103
1 10 2
35 543
1 7 2
344 38
1 9 2
527 585
1 14 2
386 556
1 7 2
145 299
1 3 2
501 149
1 3 2
77 634
1 9 2
210 186
1 14 2
167 94
1 12 2
273 216
1 11 2
603 552
1 3 2
603 260
1 14 2
352 645
1 8 2
304 149
1 2 2
79 82
1 10 2
602 35
1 15 2
339 504
1 13 2
338 359
1 7 2
327 402
1 5 2
603 359
1 14 2
436 674
1 13 2
373 360
1 4 2
522 30
1 4 2
331 50
1 2 2
151 18
1 12 2
92 132
1 5 2
633 110
1 6 2
661 683
1 13 2
437 391
1 7 2
580 1
1 15 2
495 404
1 6 2
460 698
1 8 2
595 369
1 2 2
433 371
1 6 2
265 249
1 13 2
388 693
1 5 2
478 627
1 5 2
550 328
1 5 2
524 270
1 10 2
15 448
1 10 2
392 431
1 8 2
446 422
1 11 2
123 502
1 3 2
430 434
1 5 2
267 605
1 5 2
269 125
1 13 2
249 295
1 3 2
563 356
1 7 2
538 344
1 15 2
216 282
1 3 2
121 179
1 12 2
575 69
1 3 2
455 490
1 10 2
62 0
1 13 2
510 455
1 2 2
99 688
1 4 2
519 645
1 4 2
239 219
1 8 2
131 485
1 10 2
93 550
1 12 2
304 286
1 4 2
24 113
1 11 2
122 29
1 4 2
332 577
1 13 2
626 263
1 15 2
641 518
1 7 2
661 323
1 2 2
295 393
1 2 2
530 555
1 3 2
643 29
1 6 2
339 27
1 4 2
158 439
1 15 2
620 437
1 6 2
383 126
1 2 2
457 602
1 10 2
366 338
1 14 2
109 123
1 14 2
318 493
1 11 2
128 418
1 12 2
254 545
1 4 2
376 242
1 5 2
328 585
1 2 2
385 432
1 6 2
578 244
1 5 2
621 299
1 10 2
609 97
1 4 2
539 121
1 8 2
421 467
1 8 2
683 80
1 13 2
417 157
1 4 2
144 297
1 13 2
578 340
1 8 2
600 551
1 3 2
274 355
1 14 2
472 150
1 7 2
672 275
1 14 2
306 645
1 6 2
481 570
1 4 2
661 382
1 3 2
491 603
1 13 2
225 651
1 11 2
606 285
1 8 2
205 49
1 10 2
595 610
1 13 2
208 55
1 5 2
137 58
1 10 2
65 402
1 6 2
306 142
1 6 2
287 210
1 5 2
453 93
1 2 2
10 423
1 10 2
295 608
1 7 2
391 642
1 8 2
12 608
1 11 2
171 357
1 10 2
32 675
1 9 2
271 22
1 7 2
374 341
1 4 2
424 586
1 6 2
188 260
1 5 2
147 89
1 3 2
697 361
1 11 2
582 583
1 10 2
275 349
1 12 2
372 159
1 3 2
100 682
1 9 2
582 505
1 3 2
265 387
1 5 2
374 465
1 9 2
562 269
1 6 2
57 530
1 11 2
282 31
1 14 2
611 651
1 5 2
136 597
1 9 2
503 104
1 9 2
244 118
1 15 2
453 57
1 8 2
282 311
1 10 2
419 260
1 14 2
521 252
1 7 2
78 586
1 11 2
77 5
1 14 2
133 462
1 8 2
136 170
1 13 2
489 429
1 5 2
480 115
1 5 2
685 413
1 11 2
493 388
1 5 2
569 222
1 13 2
520 406
1 10 2
149 424
1 7 2
79 18
1 2 2
330 485
1 10 2
273 242
1 10 2
521 327
1 12 2
388 478
1 4 2
362 207
1 7 2
556 474
1 4 2
363 112
1 4 2
153 313
1 8 2
335 120
1 3 2
244 309
1 5 2
128 268
1 10 2
253 610
1 13 2
599 508
1 11 2
143 628
1 7 2
663 668
1 15 2
361 56
1 8 2
320 386
1 9 2
388 411
1 13 2
2 245
1 6 2
201 300
1 10 2
511 129
1 9 2
273 470
1 13 2
435 1
1 15 2
427 384
1 6 2
360 691
1 6 2
636 318
1 10 2
492 598
1 10 2
491 476
1 15 2
312 678
1 4 2
654 371
1 5 2
64 138
1 6 2
439 340
1 10 2
421 411
1 14 2
512 246
1 10 2
1 493
1 11 2
191 663
1 3 2
54 423
1 13 2
596 477
1 11 2
270 353
1 10 2
401 154
1 8 2
59 442
1 15 2
346 176
1 9 2
187 681
1 2 2
459 666
1 14 2
153 380
1 2 2
475 576
1 7 2
119 308
1 6 2
579 532
1 11 2
364 415
1 4 2
37 66
1 14 2
693 243
1 12 2
420 207
1 14 2
507 119
1 5 2
157 84
1 3 2
449 123
1 15 2
652 397
1 5 2
453 10
1 15 2
350 576
1 5 2
24 590
1 11 2
610 345
1 12 2
21 82
1 4 2
103 70
1 13 2
343 318
1 9 2
43 210
1 12 2
332 470
1 5 2
421 441
1 11 2
548 435
1 8 2
629 41
1 10 2
209 590
1 10 2
27 233
1 8 2
278 418
1 8 2
615 72
1 5 2
674 111
1 5 2
316 537
1 8 2
691 36
1 7 2
81 317
1 14 2
296 466
1 6 2
160 668
1 14 2
203 150
1 4 2
379 441
1 14 2
472 500
1 4 2
566 581
1 11 2
44 347
1 3 2
597 25
1 9 2
597 7
1 15 2
307 465
1 15 2
183 434
1 8 2
74 490
1 13 2
372 317
1 15 2
297 658
1 4 2
126 649
1 6 2
588 384
1 6 2
647 447
1 2 2
676 244
1 12 2
689 147
1 14 2
152 397
1 12 2
107 19
1 8 2
384 284
1 9 2
278 662
1 14 2
67 473
1 14 2
539 133
1 3 2
487 211
1 14 2
556 326
1 3 2
415 263
1 7 2
660 460
1 4 2
117 220
1 12 2
640 363
1 15 2
625 76
1 8 2
655 16
1 6 2
621 528
1 13 2
465 619
1 13 2
185 640
1 9 2
197 259
1 5 2
76 696
1 6 2
658 398
1 8 2
483 404
1 13 2
177 508
1 7 2
247 420
1 12 2
597 110
1 2 2
141 309
1 13 2
72 621
1 15 2
547 47
1 13 2
420 305
1 2 2
462 330
1 14 2
555 550
1 10 2
436 382
1 15 2
495 298
1 3 2
172 620
1 14 2
227 588
1 3 2
161 650
1 8 2
122 124
1 13 2
406 196
1 7 2
372 591
1 9 2
127 276
1 4 2
299 173
1 15 2
50 328
1 15 2
675 609
1 6 2
576 18
1 2 2
126 37
1 7 2
640 513
1 14 2
661 379
1 15 2
189 284
1 15 2
196 301
1 2 2
288 652
1 8 2
61 662
1 10 2
547 608
1 5 2
573 607
1 14 2
574 277
1 13 2
509 691
1 5 2
224 490
1 5 2
310 216
1 15 2
323 101
1 15 2
563 403
1 10 2
648 663
1 11 2
503 156
1 8 2
309 2
1 11 2
615 564
1 12 2
327 268
1 7 2
361 446
1 9 2
64 369
1 7 2
419 29
1 9 2
403 374
1 3 2
284 221
1 15 2
434 66
1 4 2
183 498
1 4 2
555 689
1 2 2
64 91
1 15 2
315 261
1 13 2
323 334
1 8 2
478 353
1 4 2
122 695
1 8 2
620 221
1 12 2
640 639
1 3 2
58 511
1 4 2
48 633
1 5 2
4 472
1 15 2
265 567
1 10 2
323 643
1 13 2
430 565
1 13 2
89 391
1 5 2
630 506
1 9 2
288 6
1 12 2
437 498
1 7 2
419 536
1 8 2
329 129
1 10 2
667 150
1 4 2
167 79
1 4 2
119 31
1 2 2
275 358
1 7 2
508 220
1 5 2
216 552
1 15 2
327 540
1 14 2
51 501
1 3 2
541 612
1 15 2
519 24
1 12 2
289 529
1 6 2
348 249
1 11 2
220 83
1 8 2
100 420
1 14 2
12 303
1 5 2
628 48
1 8 2
79 532
1 5 2
489 168
1 8 2
248 154
1 8 2
498 369
1 15 2
139 577
1 4 2
228 151
1 4 2
535 627
1 6 2
176 324
1 12 2
498 509
1 13 2
688 395
1 13 2
71 618
1 5 2
601 446
1 14 2
173 68
1 7 2
492 190
1 13 2
691 315
1 7 2
531 116
1 7 2
143 385
1 4 2
584 152
1 14 2
262 354
1 15 2
44 622
1 10 2
121 568
1 3 2
422 421
1 12 2
589 275
1 5 2
164 308
1 7 2
347 411
1 6 2
494 371
1 7 2
443 599
1 7 2
434 272
1 9 2
199 311
1 2 2
360 344
1 7 2
444 272
1 9 2
528 466
1 13 2
5 622
1 4 2
331 24
1 13 2
15 443
1 2 2
153 257
1 5 2
625 212
1 10 2
248 236
1 13 2
587 119
1 8 2
251 666
1 9 2
351 55
1 7 2
292 259
1 3 2
521 241
1 8 2
523 130
1 2 2
553 85
1 8 2
293 387
1 8 2
286 450
1 13 2
669 298
1 8 2
171 473
1 4 2
147 324
1 7 2
544 520
1 4 2
175 604
1 3 2
670 549
1 2 2
636 378
1 5 2
466 395
1 7 2
374 373
1 11 2
523 694
1 14 2
99 549
1 15 2
582 529
1 4 2
596 347
1 10 2
24 54
1 13 2
10 405
1 6 2
515 301
1 2 2
513 150
1 9 2
405 469
1 15 2
132 664
1 7 2
205 101
1 7 2
469 666
1 11 2
535 54
1 13 2
327 430
1 7 2
217 644
1 6 2
609 290
1 4 2
90 121
1 12 2
537 35
1 8 2
402 383
1 13 2
270 309
1 15 2
179 509
1 6 2
336 367
1 6 2
693 98
1 4 2
202 618
1 2 2
70 579
1 8 2
604 505
1 3 2
647 198
1 11 2
543 406
1 12 2
30 585
1 7 2
36 136
1 11 2
235 195
1 9 2
487 10
1 9 2
682 348
1 6 2
309 91
1 5 2
245 674
1 12 2
59 16
1 15 2
148 176
1 14 2
383 223
1 6 2
372 177
1 8 2
134 309
1 4 2
199 693
1 15 2
578 499
1 4 2
321 600
1 4 2
361 330
1 11 2
397 517
1 4 2
639 383
1 12 2
529 512
1 8 2
544 1
1 5 2
599 195
1 11 2
403 335
1 6 2
540 38
1 8 2
370 538
1 8 2
88 406
1 12 2
336 544
1 2 2
239 696
1 3 2
236 686
1 4 2
6 358
1 12 2
171 580
1 11 2
348 316
1 9 2
584 531
1 8 2
296 424
1 11 2
449 75
1 11 2
48 85
1 10 2
157 459
1 9 2
519 315
1 8 2
402 188
1 4 2
623 669
1 13 2
567 343
1 9 2
227 693
1 10 2
220 650
1 3 2
303 125
1 7 2
510 494
1 8 2
169 155
1 14 2
623 494
1 12 2
671 551
1 9 2
627 74
1 2 2
645 637
1 7 2
4 310
1 7 2
355 608
1 3 2
370 563
1 2 2
550 373
1 11 2
219 217
1 14 2
272 387
1 5 2
477 611
1 12 2
183 469
1 3 2
522 346
1 3 2
81 620
1 3 2
15 320
1 15 2
544 51
1 8 2
188 142
1 2 2
295 125
1 6 2
471 504
1 13 2
100 629
1 14 2
666 195
1 15 2
539 289
1 5 2
482 682
1 11 2
37 652
1 4 2
328 597
1 9 2
223 19
1 13 2
528 170
1 10 2
494 328
1 7 2
16 652
1 12 2
220 545
1 3 2
568 102
1 11 2
257 239
1 14 2
559 619
1 6 2
665 369
1 7 2
511 395
1 13 2
565 283
1 4 2
598 143
1 14 2
128 550
1 15 2
219 21
1 13 2
573 16
1 11 2
688 322
1 4 2
491 116
1 11 2
360 614
1 5 2
22 46
1 13 2
423 527
1 11 2
37 473
1 8 2
348 406
1 9 2
548 89
1 14 2
561 456
1 6 2
129 291
1 11 2
645 262
1 6 2
525 464
1 11 2
438 689
1 10 2
97 415
1 8 2
42 689
1 8 2
156 91
1 4 2
504 290
1 2 2
310 387
1 12 2
327 699
1 13 2
538 251
1 10 2
34 299
1 10 2
664 4
1 8 2
640 375
1 3 2
366 685
1 13 2
545 249
1 10 2
429 351
1 9 2
581 241
1 5 2
114 443
1 7 2
525 69
1 8 2
51 683
1 12 2
387 474
1 8 2
455 548
1 9 2
278 264
1 4 2
361 471
1 12 2
371 160
1 9 2
13 468
1 14 2
397 171
1 15 2
509 160
1 6 2
665 608
1 12 2
266 647
1 8 2
528 369
1 5 2
41 387
1 15 2
167 587
1 7 2
656 104
1 7 2
659 376
1 10 2
25 123
1 8 2
359 453
1 6 2
572 297
1 6 2
459 82
1 3 2
511 479
1 11 2
192 662
1 10 2
206 446
1 15 2
110 402
1 7 2
115 19
1 3 2
358 11
1 2 2
108 289
1 2 2
642 238
1 5 2
534 80
1 9 2
109 123
1 12 2
87 267
1 8 2
499 305
1 5 2
216 246
1 15 2
68 319
1 15 2
655 385
1 10 2
387 273
1 11 2
631 589
1 14 2
682 645
1 12 2
306 48
1 10 2
664 544
1 14 2
676 527
1 5 2
32 213
1 15 2
427 221
1 10 2
621 123
1 14 2
192 279
1 11 2
247 415
1 3 2
82 441
1 4 2
22 86
1 8 2
92 217
1 6 2
164 591
1 8 2
328 111
1 4 2
234 606
1 3 2
462 539
1 8 2
166 446
1 8 2
604 325
1 14 2
200 32
1 14 2
534 262
1 14 2
251 341
1 15 2
688 544
1 2 2
144 354
1 6 2
528 383
1 4 2
677 103
1 2 2
64 122
1 7 2
515 114
1 11 2
420 118
1 15 2
511 562
1 4 2
265 411
1 7 2
382 193
1 5 2
41 534
1 9 2
215 394
1 15 2
149 370
1 8 2
405 691
1 5 2
399 670
1 9 2
404 181
1 15 2
470 552
1 13 2
188 251
1 10 2
545 499
1 11 2
485 259
1 15 2
479 50
1 4 2
73 401
1 10 2
505 137
1 2 2
284 437
1 6 2
461 256
1 5 2
379 508
1 6 2
316 41
1 10 2
291 625
1 15 2
614 118
1 12 2
40 205
1 13 2
389 415
1 3 2
167 446
1 11 2
469 596
1 2 2
438 641
1 8 2
182 575
1 15 2
523 197
1 11 2
371 288
1 13 2
635 594
1 9 2
266 462
1 11 2
359 276
1 12 2
596 203
1 3 2
372 694
1 13 2
540 692
1 5 2
96 580
1 7 2
49 302
1 10 2
127 469
1 2 2
295 95
1 6 2
432 369
1 8 2
380 291
1 7 2
409 613
1 3 2
458 13
1 13 2
15 200
1 9 2
360 405
1 11 2
171 76
1 9 2
563 550
1 6 2
505 534
1 14 2
460 533
1 6 2
516 451
1 5 2
49 149
1 8 2
165 656
1 5 2
683 109
1 10 2
504 463
1 5 2
46 67
1 4 2
169 90
1 7 2
313 121
1 7 2
368 36
1 15 2
325 212
1 11 2
625 216
1 14 2
4 606
1 15 2
352 288
1 5 2
534 531
1 15 2
363 96
1 10 2
534 484
1 3 2
152 408
1 9 2
246 609
1 4 2
486 564
1 4 2
37 78
1 14 2
120 224
1 10 2
383 508
1 2 2
17 524
1 14 2
389 143
1 5 2
61 435
1 10 2
8 378
1 13 2
614 297
1 7 2
140 70
1 7 2
210 225
1 11 2
432 196
1 5 2
335 36
1 9 2
489 237
1 11 2
256 110
1 7 2
259 401
1 5 2
355 302
1 6 2
230 390
1 7 2
518 590
1 10 2
33 459
1 13 2
550 415
1 9 2
527 257
1 11 2
1 281
1 9 2
248 549
1 3 2
414 137
1 3 2
666 171
1 9 2
108 115
1 7 2
575 680
1 13 2
324 651
1 9 2
662 571
1 5 2
672 442
1 11 2
535 371
1 3 2
280 334
1 4 2
351 368
1 9 2
291 354
1 12 2
382 631
1 7 2
578 593
1 10 2
256 199
1 8 2
571 668
1 15 2
356 242
1 14 2
560 693
1 2 2
49 257
1 6 2
694 458
1 12 2
591 336
1 15 2
663 326
1 14 2
613 385
1 8 2
4 651
1 3 2
521 560
1 8 2
297 217
1 11 2
102 600
1 8 2
210 318
1 13 2
659 31
1 10 2
196 358
1 3 2
465 324
1 15 2
529 338
1 9 2
313 13
1 6 2
110 637
1 3 2
202 136
1 9 2
334 263
1 5 2
149 453
1 10 2
532 411
1 15 2
187 127
1 6 2
197 667
1 4 2
166 168
1 14 2
317 300
1 11 2
520 149
1 2 2
318 649
1 9 2
316 308
1 11 2
680 415
1 10 2
618 258
1 4 2
413 410
1 5 2
519 155
1 5 2
183 252
1 10 2
325 311
1 15 2
572 16
1 11 2
134 43
1 3 2
295 674
1 10 2
17 423
1 3 2
76 486
1 13 2
114 94
1 9 2
184 55
1 11 2
371 436
1 8 2
104 50
1 4 2
401 412
1 11 2
514 191
1 9 2
100 508
1 4 2
567 537
1 6 2
410 369
1 3 2
640 284
1 12 2
627 655
1 11 2
303 108
1 6 2
45 488
1 12 2
330 5
1 15 2
523 72
1 8 2
569 211
1 9 2
389 699
1 9 2
289 44
1 4 2
422 543
1 7 2
217 208
1 5 2
89 332
1 13 2
636 465
1 10 2
245 511
1 4 2
559 41
1 8 2
396 617
1 13 2
209 227
1 7 2
119 212
1 10 2
136 684
1 13 2
460 482
1 6 2
31 325
1 14 2
191 351
1 7 2
582 155
1 6 2
679 696
1 13 2
587 558
1 2 2
652 551
1 4 2
439 416
1 9 2
449 131
1 7 2
489 552
1 11 2
479 466
1 10 2
572 221
1 8 2
464 242
1 12 2
509 558
1 3 2
404 135
1 3 2
392 92
1 2 2
506 82
1 8 2
281 559
1 13 2
336 475
1 9 2
672 273
1 13 2
385 499
1 12 2
212 142
1 13 2
314 270
1 9 2
444 685
1 6 2
125 446
1 11 2
59 607
1 9 2
176 206
1 3 2
493 392
1 6 2
80 306
1 7 2
376 633
1 2 2
94 404
1 2 2
647 134
1 2 2
40 538
1 10 2
190 668
1 3 2
286 413
1 6 2
621 62
1 10 2
359 68
1 6 2
70 196
1 10 2
453 606
1 8 2
431 466
1 5 2
322 369
1 9 2
549 271
1 6 2
413 17
1 14 2
691 102
1 14 2
333 642
1 6 2
433 628
1 10 2
658 79
1 10 2
199 347
1 11 2
246 582
1 11 2
143 468
1 12 2
283 599
1 11 2
544 536
1 5 2
173 618
1 12 2
679 625
1 12 2
632 340
1 4 2
344 225
1 7 2
89 650
1 14 2
617 658
1 10 2
647 143
1 15 2
521 554
1 9 2
561 81
1 8 2
643 530
1 5 2
141 555
1 3 2
631 315
1 14 2
304 682
1 15 2
469 655
1 12 2
17 646
1 15 2
234 633
1 5 2
486 647
1 8 2
648 468
1 15 2
5 234
1 12 2
174 12
1 4 2
219 177
1 12 2
474 115
1 4 2
461 30
1 11 2
148 44
1 5 2
379 34
1 14 2
652 318
1 9 2
181 472
1 13 2
697 618
1 11 2
370 590
1 2 2
237 560
1 6 2
235 205
1 2 2
519 272
1 7 2
235 426
1 7 2
256 580
1 2 2
219 692
1 4 2
373 368
1 3 2
341 477
1 15 2
344 241
1 2 2
563 498
1 9 2
401 424
1 10 2
400 631
1 8 2
142 342
1 7 2
129 623
1 9 2
490 678
1 6 2
266 192
1 10 2
394 462
1 8 2
597 468
1 4 2
638 0
1 14 2
135 548
1 11 2
333 610
1 4 2
649 618
1 3 2
170 420
1 10 2
240 35
1 5 2
91 239
1 10 2
374 287
1 6 2
316 82
1 9 2
469 92
1 11 2
82 1
1 11 2
631 238
1 2 2
403 247
1 9 2
33 297
1 12 2
200 378
1 11 2
510 497
1 10 2
386 288
1 3 2
590 172
1 13 2
666 332
1 14 2
432 25
1 5 2
205 335
1 8 2
310 621
1 9 2
108 481
1 6 2
361 33
1 5 2
483 608
1 2 2
54 93
1 10 2
401 67
1 2 2
693 126
1 15 2
526 445
1 2 2
313 145
1 10 2
568 629
1 12 2
69 108
1 7 2
175 387
1 5 2
39 239
1 13 2
340 387
1 4 2
231 526
1 4 2
602 17
1 5 2
548 656
1 5 2
310 415
1 15 2
117 26
1 13 2
102 374
1 2 2
81 411
1 13 2
697 377
1 8 2
652 544
1 7 2
148 259
1 6 2
47 655
1 5 2
686 433
1 6 2
20 344
1 10 2
119 449
1 7 2
375 211
1 6 2
579 154
1 4 2
555 616
1 2 2
2 501
1 7 2
485 492
1 2 2
19 169
1 14 2
539 565
1 10 2
690 207
1 5 2
501 226
1 8 2
271 252
1 2 2
418 634
1 2 2
159 506
1 14 2
369 298
1 7 2
31 108
1 9 2
572 516
1 3 2
18 293
1 10 2
195 560
1 7 2
47 638
1 4 2
173 525
1 4 2
675 644
1 3 2
448 628
1 12 2
126 409
1 11 2
381 298
1 13 2
659 408
1 12 2
581 221
1 12 2
147 358
1 11 2
347 435
1 10 2
98 515
1 2 2
474 56
1 5 2
109 311
1 14 2
159 574
1 9 2
694 536
1 9 2
257 426
1 9 2
366 215
1 7 2
600 304
1 4 2
172 556
1 11 2
103 308
1 2 2
178 49
1 9 2
100 304
1 6 2
620 488
1 7 2
153 565
1 12 2
104 609
1 2 2
572 534
1 7 2
338 217
1 10 2
675 672
1 11 2
671 235
1 8 2
180 582
1 7 2
515 55
1 13 2
11 21
1 5 2
373 276
1 15 2
538 177
1 7 2
369 542
1 6 2
177 327
1 13 2
658 32
1 15 2
38 458
1 6 2
333 637
1 9 2
272 462
1 5 2
47 504
1 11 2
684 519
1 11 2
28 663
1 3 2
340 30
1 14 2
457 97
1 13 2
49 422
1 2 2
178 257
1 3 2
312 334
1 7 2
392 644
1 5 2
114 609
1 6 2
239 540
1 9 2
525 501
1 4 2
640 327
1 9 2
299 239
1 4 2
442 124
1 6 2
240 68
1 10 2
292 122
1 8 2
120 26
1 8 2
553 119
1 12 2
672 376
1 9 2
257 209
1 14 2
662 620
1 15 2
477 38
1 10 2
584 33
1 8 2
68 246
1 15 2
424 525
1 10 2
546 412
1 3 2
276 162
1 9 2
259 47
1 3 2
566 300
1 3 2
361 520
1 9 2
93 469
1 3 2
391 375
1 13 2
478 511
1 5 2
34 295
1 2 2
81 133
1 15 2
508 430
1 9 2
303 417
1 5 2
12 431
1 11 2
71 99
1 12 2
428 173
1 3 2
52 219
1 12 2
170 417
1 7 2
192 50
1 3 2
563 356
1 12 2
141 626
1 5 2
176 218
1 4 2
284 397
1 5 2
186 173
1 7 2
241 308
1 8 2
345 521
1 3 2
380 124
1 15 2
130 494
1 9 2
584 276
1 10 2
608 74
1 8 2
241 258
1 12 2
53 554
1 10 2
161 271
1 4 2
60 657
1 13 2
557 516
1 8 2
39 471
1 14 2
197 393
1 11 2
667 64
1 7 2
568 339
1 8 2
465 584
1 12 2
122 449
1 11 2
341 620
1 12 2
620 156
1 11 2
522 375
1 5 2
277 535
1 13 2
319 590
1 2 2
545 97
1 9 2
368 577
1 5 2
452 253
1 7 2
584 201
1 14 2
666 584
1 7 2
488 141
1 7 2
389 393
1 9 2
564 662
1 9 2
361 217
1 4 2
3 541
1 10 2
252 135
1 2 2
376 243
1 13 2
500 469
1 4 2
354 303
1 13 2
389 451
1 3 2
547 280
1 5 2
536 355
1 8 2
568 458
1 7 2
278 525
1 10 2
315 478
1 9 2
210 346
1 9 2
147 204
1 4 2
271 189
1 6 2
165 85
1 3 2
229 450
1 4 2
660 669
1 12 2
197 262
1 2 2
682 537
1 3 2
70 224
1 13 2
323 534
1 12 2
591 400
1 10 2
305 26
1 7 2
576 626
1 3 2
215 428
1 9 2
311 606
1 3 2
651 333
1 12 2
446 274
1 3 2
75 285
1 7 2
340 234
1 14 2
610 640
1 7 2
158 387
1 9 2
201 186
1 11 2
256 291
1 4 2
94 64
1 7 2
666 392
1 2 2
276 293
1 14 2
226 603
1 4 2
694 448
1 5 2
634 440
1 12 2
1 192
1 3 2
174 378
1 12 2
572 132
1 3 2
352 227
1 8 2
579 552
1 11 2
475 251
1 7 2
289 308
1 11 2
260 190
1 4 2
55 249
1 3 2
629 144
1 9 2
571 132
1 8 2
33 92
1 2 2
443 594
1 4 2
34 614
1 7 2
60 183
1 14 2
447 374
1 2 2
105 605
1 15 2
334 46
1 7 2
27 558
1 10 2
168 573
1 2 2
244 223
1 6 2
558 138
1 12 2
521 598
1 2 2
490 245
1 14 2
477 458
1 9 2
366 396
1 6 2
559 492
1 7 2
206 514
1 5 2
685 524
1 4 2
368 25
1 5 2
541 517
1 2 2
573 248
1 14 2
540 527
1 14 2
545 385
1 15 2
415 615
1 8 2
589 121
1 2 2
336 141
1 11 2
696 378
1 5 2
528 605
1 3 2
62 684
1 10 2
477 370
1 11 2
438 396
1 6 2
429 73
1 4 2
435 250
1 13 2
80 240
1 15 2
309 413
1 7 2
65 575
1 11 2
483 531
1 11 2
522 333
1 12 2
455 59
1 2 2
463 195
1 3 2
425 487
1 6 2
579 116
1 7 2
301 673
1 4 2
125 377
1 8 2
134 467
1 4 2
397 538
1 8 2
643 61
1 3 2
41 340
1 10 2
108 451
1 4 2
89 88
1 9 2
658 171
1 3 2
440 649
1 8 2
657 156
1 9 2
567 221
1 12 2
575 678
1 14 2
110 551
1 15 2
553 77
1 3 2
654 347
1 14 2
412 274
1 3 2
0 617
1 5 2
255 192
1 2 2
170 499
1 13 2
336 326
1 2 2
336 75
1 5 2
95 509
1 4 2
647 568
1 8 2
0 389
1 7 2
557 77
1 8 2
374 632
1 13 2
61 535
1 13 2
667 65
1 8 2
383 88
1 4 2
670 526
1 15 2
376 659
1 12 2
36 662
1 6 2
338 186
1 13 2
282 347
1 5 2
84 663
1 4 2
581 546
1 13 2
203 192
1 10 2
477 405
1 13 2
631 416
1 11 2
507 473
1 3 2
77 340
1 9 2
137 698
1 10 2
585 482
1 9 2
536 579
1 15 2
54 484
1 3 2
570 182
1 12 2
25 618
1 14 2
168 171
1 8 2
610 629
1 15 2
316 93
1 11 2
58 120
1 12 2
403 135
1 8 2
285 394
1 15 2
590 128
1 2 2
79 653
1 9 2
36 457
1 7 2
320 627
1 12 2
129 233
1 8 2
528 185
1 4 2
641 46
1 14 2
50 650
1 9 2
250 530
1 12 2
388 269
1 15 2
618 412
1 10 2
440 621
1 13 2
24 205
1 10 2
381 33
1 12 2
108 40
1 2 2
491 494
1 4 2
257 446
1 15 2
59 380
1 9 2
596 369
1 15 2
413 183
1 15 2
228 584
1 14 2
395 59
1 3 2
94 19
1 3 2
213 440
1 9 2
293 436
1 12 2
626 307
1 13 2
182 467
1 2 2
260 567
1 5 2
643 462
1 9 2
645 685
1 10 2
281 97
1 12 2
351 564
1 9 2
195 524
1 9 2
286 454
1 7 2
401 105
1 9 2
276 121
1 6 2
20 224
1 12 2
73 156
1 6 2
387 460
1 2 2
495 461
1 11 2
157 380
1 4 2
169 518
1 11 2
112 47
1 5 2
576 453
1 10 2
611 194
1 6 2
514 112
1 8 2
687 66
1 8 2
559 625
1 13 2
64 139
1 2 2
364 371
1 14 2
27 199
1 15 2
215 129
1 12 2
546 246
1 14 2
640 160
1 4 2
546 126
1 15 2
319 502
1 14 2
693 609
1 9 2
683 234
1 15 2
152 603
1 3 2
18 671
1 6 2
444 142
1 10 2
383 675
1 14 2
128 137
1 6 2
342 19
1 9 2
143 535
1 12 2
230 42
1 2 2
641 549
1 12 2
652 39
1 10 2
573 62
1 6 2
378 380
1 15 2
404 475
1 10 2
57 83
1 3 2
649 591
1 3 2
117 430
1 4 2
264 409
1 2 2
549 73
1 9 2
253 687
1 5 2
681 155
1 10 2
641 399
1 8 2
576 466
1 9 2
201 610
1 3 2
77 553
1 2 2
389 15
1 14 2
192 33
1 10 2
104 113
1 13 2
92 506
1 7 2
117 152
1 10 2
367 357
1 4 2
258 157
1 3 2
501 31
1 3 2
431 574
1 13 2
478 321
1 14 2
333 14
1 6 2
148 496
1 8 2
389 357
1 14 2
467 496
1 4 2
239 171
1 7 2
17 527
1 3 2
41 189
1 4 2
589 4
1 7 2
100 425
1 2 2
114 334
1 7 2
421 533
1 5 2
252 168
1 10 2
328 254
1 14 2
255 392
1 7 2
422 43
1 3 2
97 30
1 13 2
366 73
1 10 2
129 388
1 15 2
140 158
1 5 2
623 244
1 11 2
512 214
1 5 2
254 514
1 2 2
252 339
1 11 2
603 520
1 11 2
48 574
1 15 2
336 138
1 8 2
352 459
1 3 2
514 323
1 12 2
334 71
1 14 2
676 575
1 14 2
274 52
1 7 2
80 116
1 9 2
473 23
1 12 2
297 240
1 10 2
281 143
1 11 2
93 240
1 15 2
543 134
1 15 2
416 319
1 6 2
416 146
1 6 2
276 31
1 3 2
143 520
1 7 2
344 373
1 13 2
396 244
1 12 2
560 506
1 2 2
538 558
1 11 2
300 147
1 15 2
690 399
1 6 2
16 132
1 5 2
196 178
1 12 2
6 664
1 14 2
205 421
1 12 2
235 591
1 8 2
521 29
1 6 2
306 457
1 10 2
648 323
1 4 2
681 352
1 12 2
159 348
1 6 2
580 292
1 11 2
355 112
1 10 2
612 467
1 12 2
480 679
1 4 2
175 688
1 10 2
414 80
1 13 2
698 52
1 6 2
638 23
1 6 2
20 429
1 6 2
256 454
1 6 2
194 419
1 2 2
257 613
1 10 2
498 392
1 8 2
627 301
1 9 2
477 304
1 5 2
94 656
1 14 2
274 182
1 9 2
118 454
1 4 2
264 306
1 8 2
617 451
1 6 2
22 579
1 14 2
2 530
1 4 2
524 636
1 8 2
140 155
1 12 2
414 638
1 15 2
455 638
1 5 2
468 242
1 2 2
649 45
1 15 2
650 352
1 15 2
275 83
1 3 2
59 243
1 12 2
361 654
1 6 2
111 440
1 14 2
484 555
1 15 2
419 362
1 7 2
640 15
1 11 2
9 432
1 6 2
675 91
1 12 2
278 479
1 11 2
491 576
1 2 2
313 311
1 14 2
597 588
1 11 2
579 661
1 2 2
104 106
1 15 2
455 637
1 10 2
464 378
1 9 2
401 511
1 15 2
86 27
1 9 2
235 458
1 12 2
485 301
1 11 2
379 361
1 2 2
671 366
1 6 2
73 177
1 9 2
80 72
1 11 2
297 463
1 6 2
275 267
1 11 2
562 697
1 4 2
541 135
1 12 2
670 117
1 5 2
684 293
1 10 2
150 674
1 3 2
406 492
1 11 2
128 388
1 8 2
160 75
1 14 2
673 261
1 15 2
47 594
1 15 2
650 537
1 13 2
28 309
1 2 2
403 642
1 5 2
126 373
1 6 2
539 498
1 3 2
595 14
1 9 2
223 6
1 2 2
50 284
1 13 2
619 400
1 7 2
462 278
1 8 2
183 285
1 8 2
587 585
1 6 2
29 307
1 12 2
504 75
1 5 2
198 298
1 7 2
486 532
1 5 2
239 318
1 8 2
65 682
1 10 2
484 334
1 5 2
456 672
1 13 2
415 674
1 14 2
296 362
1 2 2
316 98
1 14 2
218 0
1 7 2
571 142
1 7 2
462 4
1 11 2
560 416
1 9 2
341 20
1 9 2
9 596
1 4 2
489 87
1 8 2
170 31
1 3 2
420 409
1 5 2
478 94
1 3 2
17 110
1 5 2
141 281
1 9 2
134 307
1 6 2
695 334
1 6 2
374 662
1 8 2
131 699
1 2 2
224 229
1 8 2
262 46
1 10 2
665 278
1 14 2
256 422
1 6 2
596 243
1 11 2
563 673
1 13 2
218 586
1 5 2
323 512
1 14 2
675 612
1 2 2
675 525
1 2 2
145 318
1 12 2
606 290
1 3 2
636 513
1 13 2
229 634
1 7 2
542 595
1 4 2
266 226
1 8 2
618 552
1 12 2
4 160
1 14 2
674 38
1 2 2
482 50
1 8 2
637 113
1 5 2
424 575
1 8 2
68 75
1 10 2
328 651
1 4 2
345 29
1 6 2
16 307
1 10 2
240 225
1 11 2
644 629
1 11 2
95 85
1 9 2
155 426
1 4 2
432 431
1 8 2
291 160
1 4 2
166 448
1 13 2
423 299
1 10 2
157 390
1 5 2
504 497
1 10 2
577 36
1 5 2
136 293
1 11 2
275 349
1 3 2
365 223
1 14 2
517 493
1 6 2
650 681
1 2 2
617 551
1 2 2
647 674
1 4 2
546 627
1 7 2
62 218
1 4 2
303 122
1 2 2
689 152
1 3 2
458 206
1 2 2
403 244
1 9 2
291 115
1 5 2
627 109
1 9 2
374 477
1 13 2
282 350
1 7 2
527 695
1 11 2
468 70
1 14 2
108 194
1 9 2
321 547
1 15 2
129 315
1 12 2
133 251
1 7 2
25 302
1 7 2
353 263
1 6 2
396 186
1 4 2
422 521
1 2 2
430 327
1 13 2
669 160
1 6 2
554 78
1 4 2
84 655
1 7 2
414 58
1 11 2
242 91
1 11 2
267 38
1 4 2
537 628
1 14 2
235 425
1 7 2
363 214
1 10 2
414 383
1 2 2
334 102
1 11 2
106 266
1 2 2
692 41
1 8 2
159 269
1 2 2
129 275
1 14 2
641 699
1 3 2
257 369
1 13 2
204 305
1 10 2
591 166
1 14 2
632 96
1 11 2
141 412
1 2 2
109 595
1 11 2
310 385
1 11 2
331 540
1 12 2
441 64
1 8 2
73 37
1 10 2
475 352
1 3 2
201 97
1 10 2
319 188
1 6 2
441 238
1 5 2
664 646
1 13 2
403 464
1 10 2
678 149
1 8 2
133 159
1 9 2
9 429
1 15 2
441 312
1 4 2
324 597
1 6 2
40 250
1 2 2
231 477
1 5 2
651 443
1 7 2
150 591
1 2 2
259 240
1 11 2
50 183
1 8 2
23 616
1 11 2
276 82
1 10 2
93 428
1 14 2
540 548
1 5 2
486 43
1 3 2
596 185
1 15 2
471 386
1 9 2
300 507
1 3 2
605 462
1 7 2
389 674
1 5 2
102 412
1 14 2
30 477
1 6 2
60 173
1 12 2
602 652
1 3 2
173 384
1 9 2
28 690
1 10 2
8 435
1 6 2
608 177
1 12 2
467 286
1 10 2
57 463
1 14 2
156 43
1 5 2
693 601
1 2 2
498 304
1 8 2
543 11
1 14 2
634 38
1 8 2
695 203
1 15 2
407 609
1 6 2
160 242
1 13 2
292 166
1 3 2
183 273
1 15 2
572 17
1 3 2
13 127
1 12 2
385 368
1 9 2
636 276
1 13 2
146 639
1 15 2
455 289
1 12 2
580 634
1 5 2
120 347
1 2 2
109 43
1 3 2
336 470
1 13 2
205 96
1 12 2
317 163
1 2 2
395 343
1 14 2
94 668
1 13 2
664 450
1 3 2
40 555
1 14 2
572 398
1 7 2
297 662
1 7 2
461 15
1 2 2
290 648
1 13 2
383 427
1 2 2
621 58
1 14 2
304 630
1 5 2
553 689
1 13 2
515 561
1 11 2
662 232
1 4 2
674 70
1 2 2
507 200
1 10 2
27 247
1 4 2
255 635
1 10 2
205 289
1 13 2
556 27
1 4 2
127 654
1 12 2
190 427
1 8 2
576 426
1 14 2
222 503
1 5 2
645 357
1 14 2
530 625
1 3 2
79 483
1 3 2
324 165
1 15 2
23 615
1 8 2
186 46
1 7 2
21 632
1 13 2
187 622
1 12 2
255 644
1 6 2
461 335
1 14 2
446 320
1 13 2
166 355
1 4 2
256 632
1 10 2
126 673
1 14 2
289 170
1 10 2
257 656
1 9 2
565 337
1 3 2
183 696
1 4 2
672 203
1 12 2
505 312
1 11 2
26 324
1 5 2
632 441
1 12 2
464 169
1 9 2
603 254
1 11 2
549 28
1 2 2
304 443
1 8 2
484 666
1 4 2
85 433
1 9 2
626 616
1 8 2
59 129
1 7 2
422 454
1 2 2
127 516
1 4 2
303 592
1 14 2
167 476
1 10 2
522 413
1 9 2
75 627
1 3 2
289 264
1 4 2
243 390
1 7 2
557 699
1 10 2
456 331
1 13 2
466 353
1 14 2
396 41
1 4 2
348 46
1 12 2
59 211
1 11 2
606 410
1 6 2
44 151
1 8 2
690 425
1 15 2
394 418
1 10 2
313 443
1 15 2
600 561
1 13 2
350 160
1 12 2
285 22
1 2 2
519 687
1 11 2
89 655
1 15 2
519 172
1 3 2
150 288
1 5 2
310 19
1 10 2
427 576
1 6 2
115 412
1 3 2
446 571
1 14 2
436 231
1 2 2
606 633
1 5 2
96 136
1 5 2
506 108
1 15 2
385 506
1 15 2
289 433
1 10 2
311 662
1 13 2
146 329
1 5 2
421 42
1 4 2
375 566
1 3 2
201 264
1 10 2
641 423
1 11 2
244 229
1 8 2
62 462
1 6 2
445 687
1 10 2
520 429
1 6 2
230 52
1 13 2
281 399
1 3 2
383 438
1 12 2
368 583
1 8 2
637 385
1 9 2
117 506
1 2 2
64 114
1 11 2
371 42
1 10 2
210 519
1 3 2
324 103
1 9 2
129 483
1 14 2
91 384
1 8 2
303 95
1 14 2
331 376
1 7 2
63 126
1 14 2
77 173
1 8 2
429 207
1 5 2
638 607
1 4 2
401 390
1 10 2
335 167
1 5 2
300 555
1 12 2
113 537
1 15 2
61 69
1 11 2
284 638
1 15 2
612 245
1 10 2
26 354
1 7 2
144 9
1 2 2
310 490
1 10 2
224 450
1 13 2
343 79
1 13 2
164 25
1 5 2
141 440
1 8 2
651 573
1 15 2
9 277
1 15 2
609 397
1 7 2
557 30
1 3 2
326 32
1 15 2
527 312
1 8 2
310 242
1 11 2
400 327
1 15 2
634 282
1 12 2
158 56
1 11 2
8 384
1 5 2
359 281
1 4 2
159 634
1 12 2
325 620
1 15 2
1 30
1 6 2
183 43
1 4 2
343 489
1 7 2
138 605
1 5 2
154 176
1 9 2
180 463
1 7 2
236 24
1 9 2
495 92
1 9 2
480 223
1 8 2
693 454
1 13 2
0 568
1 15 2
472 172
1 4 2
563 213
1 5 2
17 497
1 4 2
191 347
1 7 2
41 52
1 8 2
332 245
1 5 2
53 185
1 15 2
550 614
1 15 2
460 138
1 11 2
664 345
1 5 2
370 447
1 14 2
340 560
1 12 2
119 202
1 10 2
233 477
1 15 2
263 128
1 13 2
356 565
1 8 2
202 308
1 15 2
679 286
1 13 2
569 121
1 13 2
477 674
1 12 2
437 506
1 10 2
210 601
1 5 2
557 203
1 6 2
286 326
1 14 2
282 230
1 4 2
229 211
1 2 2
328 14
1 11 2
452 635
1 3 2
444 186
1 7 2
288 2
1 2 2
396 689
1 7 2
96 117
1 2 2
136 475
1 9 2
264 313
1 9 2
432 635
1 13 2
555 601
1 2 2
36 674
1 6 2
65 275
1 12 2
188 239
1 2 2
546 426
1 2 2
499 53
1 5 2
48 493
1 5 2
447 453
1 10 2
37 687
1 13 2
29 135
1 4 2
656 236
1 11 2
457 361
1 3 2
91 197
1 14 2
363 70
1 6 2
184 565
1 10 2
395 255
1 10 2
651 270
1 11 2
188 413
1 14 2
660 570
1 13 2
381 515
1 12 2
492 391
1 8 2
81 541
1 15 2
149 328
1 3 2
578 231
1 10 2
413 579
1 4 2
274 415
1 2 2
257 685
1 14 2
24 610
1 6 2
342 497
1 9 2
464 622
1 7 2
595 80
1 7 2
36 302
1 9 2
416 547
1 8 2
666 521
1 15 2
367 412
1 15 2
180 146
1 15 2
321 563
1 13 2
457 321
1 10 2
159 606
1 10 2
277 595
1 12 2
86 309
1 4 2
417 300
1 10 2
253 210
1 13 2
594 638
1 10 2
492 273
1 7 2
221 522
1 12 2
341 417
1 6 2
528 586
1 13 2
176 505
1 13 2
181 444
1 10 2
186 205
1 11 2
121 91
1 7 2
445 230
1 3 2
657 284
1 6 2
451 277
1 4 2
141 528
1 15 2
507 505
1 11 2
485 383
1 6 2
487 10
1 6 2
156 378
1 10 2
402 393
1 10 2
556 372
1 9 2
672 5
1 4 2
117 591
1 13 2
526 616
1 11 2
313 606
1 4 2
634 420
1 4 2
413 595
1 6 2
140 680
1 3 2
443 585
1 13 2
667 591
1 6 2
3 21
1 3 2
555 489
1 15 2
286 545
1 4 2
363 262
1 9 2
660 340
1 7 2
639 637
1 14 2
567 550
1 7 2
415 423
1 15 2
288 29
1 13 2
520 23
1 7 2
12 333
1 5 2
0 698
1 6 2
453 549
1 3 2
471 341
1 10 2
189 463
1 8 2
256 105
1 6 2
156 552
1 8 2
213 368
1 9 2
58 353
1 9 2
324 111
1 15 2
371 47
1 2 2
230 620
1 4 2
136 564
1 12 2
411 280
1 10 2
288 470
1 14 2
34 500
1 6 2
610 584
1 11 2
125 220
1 4 2
301 260
1 11 2
126 406
1 2 2
29 552
1 11 2
172 388
1 7 2
73 324
1 13 2
2 62
1 15 2
12 399
1 9 2
633 632
1 15 2
67 288
1 4 2
405 520
1 12 2
511 209
1 11 2
30 596
1 13 2
26 491
1 11 2
118 698
1 2 2
204 152
1 2 2
171 233
1 2 2
440 672
1 3 2
261 240
1 9 2
605 338
1 10 2
547 277
1 4 2
413 14
1 8 2
334 539
1 3 2
175 648
1 3 2
381 460
1 15 2
341 318
1 5 2
84 464
1 10 2
220 283
1 14 2
497 362
1 4 2
462 384
1 9 2
292 684
1 9 2
528 615
1 15 2
246 495
1 9 2
75 101
1 6 2
539 331
1 7 2
352 340
1 10 2
689 292
1 12 2
622 618
1 6 2
242 26
1 7 2
466 479
1 10 2
72 511
1 13 2
568 291
1 9 2
322 332
1 11 2
216 256
1 12 2
615 445
1 5 2
620 253
1 8 2
450 242
1 3 2
615 173
1 2 2
233 467
1 14 2
583 522
1 9 2
664 452
1 14 2
49 638
1 12 2
63 156
1 5 2
669 98
1 15 2
518 168
1 9 2
182 262
1 10 2
581 221
1 2 2
208 244
1 2 2
3 283
1 12 2
679 41
1 13 2
653 76
1 10 2
256 513
1 15 2
430 454
1 10 2
401 619
1 12 2
215 627
1 5 2
278 235
1 5 2
676 167
1 5 2
670 200
1 10 2
385 526
1 4 2
365 222
1 13 2
191 361
1 3 2
205 599
1 7 2
100 661
1 4 2
569 535
1 5 2
347 459
1 7 2
71 617
1 3 2
141 689
1 10 2
283 402
1 13 2
210 60
1 10 2
324 560
1 4 2
692 81
1 5 2
254 546
1 14 2
651 693
1 6 2
686 63
1 7 2
372 628
1 7 2
627 354
1 14 2
239 192
1 11 2
566 22
1 8 2
147 113
1 5 2
381 526
1 5 2
587 405
1 5 2
504 553
1 9 2
178 286
1 10 2
654 295
1 15 2
184 680
1 14 2
302 145
1 6 2
671 476
1 4 2
292 589
1 9 2
661 324
1 11 2
657 648
1 9 2
556 178
1 11 2
330 576
1 8 2
632 40
1 4 2
86 649
1 13 2
342 552
1 9 2
119 88
1 9 2
537 410
1 2 2
483 6
1 10 2
132 153
1 5 2
336 34
1 12 2
215 355
1 7 2
509 125
1 14 2
271 335
1 4 2
153 630
1 9 2
537 314
1 4 2
233 303
1 5 2
305 84
1 6 2
447 118
1 10 2
402 188
1 11 2
653 307
1 5 2
228 280
1 15 2
462 665
1 12 2
479 463
1 12 2
262 605
1 4 2
481 340
1 6 2
178 661
1 3 2
423 282
1 7 2
490 170
1 2 2
42 539
1 5 2
405 243
1 11 2
639 539
1 12 2
30 284
1 7 2
675 379
1 13 2
426 84
1 11 2
109 294
1 10 2
397 565
1 7 2
298 528
1 3 2
113 291
1 6 2
642 38
1 15 2
635 579
1 11 2
152 274
1 9 2
280 293
1 12 2
20 523
1 9 2
562 649
1 11 2
298 155
1 10 2
365 500
1 7 2
191 423
1 7 2
318 599
1 15 2
505 117
1 12 2
638 586
1 7 2
683 28
1 4 2
23 129
1 9 2
388 71
1 11 2
459 375
1 10 2
608 132
1 10 2
136 634
1 7 2
653 186
1 10 2
245 10
1 15 2
146 502
1 3 2
236 352
1 4 2
466 184
1 7 2
214 654
1 7 2
391 657
1 7 2
287 699
1 2 2
175 557
1 4 2
497 374
1 14 2
523 335
1 8 2
39 492
1 14 2
276 159
1 10 2
146 240
1 4 2
6 619
1 4 2
14 666
1 15 2
224 292
1 4 2
684 220
1 12 2
374 117
1 3 2
475 409
1 12 2
590 603
1 8 2
48 99
1 5 2
138 462
1 3 2
614 604
1 8 2
426 617
1 5 2
281 169
1 9 2
91 332
1 12 2
22 17
1 12 2
116 680
1 5 2
125 440
1 8 2
392 638
1 6 2
371 305
1 9 2
424 334
1 15 2
604 491
1 14 2
616 0
1 2 2
397 607
1 2 2
500 19
1 3 2
176 102
1 6 2
93 250
1 7 2
67 223
1 12 2
526 203
1 12 2
183 343
1 9 2
374 656
1 13 2
437 342
1 7 2
16 284
1 5 2
375 243
1 6 2
174 3
1 3 2
352 323
1 4 2
147 461
1 9 2
535 189
1 13 2
26 318
1 5 2
620 176
1 5 2
15 640
1 11 2
267 229
1 3 2
350 256
1 10 2
677 72
1 11 2
91 197
1 12 2
356 452
1 4 2
430 232
1 9 2
70 341
1 2 2
534 125
1 12 2
285 322
1 13 2
316 60
1 14 2
652 673
1 11 2
456 312
1 15 2
493 404
1 2 2
398 107
1 10 2
95 586
1 15 2
634 170
1 14 2
650 46
1 6 2
529 424
1 9 2
657 564
1 14 2
657 104
1 14 2
317 288
1 15 2
139 587
1 7 2
299 601
1 5 2
529 152
1 2 2
594 694
1 3 2
455 95
1 6 2
543 383
1 15 2
454 617
1 4 2
24 308
1 5 2
83 119
1 9 2
263 89
1 6 2
404 650
1 9 2
400 475
1 4 2
559 166
1 5 2
29 103
1 7 2
161 423
1 3 2
139 308
1 14 2
173 16
1 5 2
460 467
1 8 2
147 81
1 3 2
167 428
1 11 2
698 224
1 3 2
486 12
1 2 2
63 670
1 2 2
602 354
1 11 2
647 554
1 10 2
295 416
1 14 2
571 607
1 4 2
580 565
1 15 2
116 682
1 13 2
346 365
1 14 2
461 487
1 12 2
616 260
1 13 2
15 84
1 5 2
216 96
1 9 2
112 281
1 9 2
35 419
1 7 2
184 371
1 13 2
476 7
1 2 2
629 64
1 14 2
185 475
1 14 2
111 454
1 8 2
236 11
1 12 2
93 551
1 3 2
499 58
1 10 2
37 644
1 7 2
260 529
1 15 2
412 128
1 2 2
169 455
1 8 2
249 49
1 15 2
113 136
1 9 2
278 559
1 7 2
72 209
1 12 2
489 8
1 14 2
105 690
1 11 2
640 601
1 12 2
180 319
1 7 2
188 231
1 9 2
258 390
1 15 2
483 289
1 6 2
661 680
1 15 2
657 437
1 4 2
250 510
1 8 2
193 549
1 4 2
653 509
1 12 2
612 41
1 3 2
232 287
1 3 2
699 122
1 12 2
110 550
1 2 2
66 613
1 14 2
504 298
1 2 2
461 50
1 9 2
209 263
1 12 2
661 266
1 9 2
354 355
1 5 2
588 59
1 14 2
676 32
1 10 2
675 645
1 10 2
489 337
1 7 2
355 114
1 13 2
422 308
1 4 2
515 223
1 2 2
127 128
1 11 2
503 293
1 13 2
450 422
1 2 2
298 646
1 4 2
121 536
1 12 2
18 698
1 5 2
493 368
1 3 2
105 639
1 6 2
640 622
1 3 2
437 128
1 9 2
557 555
1 12 2
166 459
1 15 2
11 377
1 9 2
371 186
1 6 2
643 644
1 5 2
667 509
1 6 2
91 325
1 6 2
581 254
1 11 2
316 284
1 13 2
665 242
1 12 2
257 518
1 12 2
369 204
1 4 2
370 459
1 5 2
137 587
1 8 2
378 533
1 2 2
271 32
1 13 2
85 258
1 6 2
22 34
1 12 2
499 37
1 7 2
647 341
1 4 2
611 70
1 2 2
366 152
1 3 2
346 671
1 10 2
370 279
1 5 2
278 99
1 9 2
485 196
1 9 2
332 684
1 3 2
120 150
1 2 2
75 385
1 12 2
172 130
1 10 2
387 602
1 3 2
529 264
1 7 2
166 436
1 5 2
525 37
1 5 2
323 500
1 12 2
103 291
1 3 2
216 582
1 12 2
168 2
1 12 2
50 372
1 13 2
307 140
1 15 2
336 626
1 10 2
13 604
1 10 2
10 154
1 12 2
141 223
1 13 2
459 225
1 8 2
190 309
1 15 2
278 240
1 9 2
468 129
1 11 2
249 328
1 6 2
200 103
1 5 2
504 257
1 8 2
427 529
1 14 2
72 362
1 5 2
194 687
1 2 2
188 394
1 5 2
422 532
1 3 2
676 428
1 6 2
587 260
1 8 2
133 529
1 14 2
577 447
1 4 2
423 0
1 13 2
121 493
1 11 2
374 648
1 12 2
482 630
1 14 2
279 274
1 10 2
179 66
1 4 2
253 36
1 7 2
530 336
1 7 2
643 65
1 10 2
262 677
1 9 2
248 460
1 11 2
111 544
1 5 2
386 637
1 5 2
611 694
1 10 2
668 302
1 9 2
65 388
1 12 2
277 638
1 4 2
332 612
1 10 2
297 423
1 4 2
91 34
1 15 2
482 385
1 9 2
467 633
1 14 2
516 112
1 14 2
152 402
1 5 2
119 522
1 11 2
289 513
1 5 2
337 211
1 10 2
283 571
1 2 2
548 540
1 12 2
423 594
1 15 2
97 580
1 6 2
670 557
1 12 2
100 367
1 6 2
96 213
1 6 2
349 652
1 13 2
452 140
1 3 2
547 471
1 13 2
573 32
1 7 2
548 508
1 8 2
260 662
1 4 2
24 67
1 10 2
281 54
1 10 2
133 659
1 5 2
270 124
1 5 2
106 344
1 4 2
461 421
1 15 2
692 103
1 6 2
548 496
1 3 2
165 257
1 12 2
396 456
1 10 2
355 247
1 12 2
340 191
1 6 2
55 497
1 8 2
469 374
1 8 2
208 123
1 6 2
100 679
1 7 2
458 74
1 4 2
116 243
1 9 2
302 169
1 13 2
507 131
1 13 2
97 537
1 13 2
230 695
1 12 2
464 462
1 13 2
272 151
1 4 2
544 135
1 15 2
371 114
1 9 2
664 85
1 13 2
235 559
1 9 2
89 12
1 14 2
32 214
1 6 2
554 285
1 5 2
457 649
1 8 2
207 274
1 12 2
572 345
1 12 2
131 38
1 15 2
475 238
1 2 2
307 179
1 9 2
641 84
1 6 2
498 58
1 5 2
139 451
1 8 2
503 5
1 10 2
242 472
1 9 2
691 59
1 6 2
203 341
1 4 2
402 573
1 13 2
191 192
1 9 2
585 259
1 7 2
576 473
1 11 2
103 458
1 5 2
474 119
1 8 2
688 102
1 8 2
681 566
1 11 2
307 629
1 2 2
199 165
1 10 2
303 641
1 14 2
363 389
1 10 2
361 104
1 2 2
82 549
1 7 2
67 537
1 12 2
424 671
1 5 2
238 6
1 9 2
564 432
1 12 2
476 559
1 4 2
621 664
1 4 2
501 611
1 11 2
231 380
1 7 2
161 631
1 12 2
299 309
1 7 2
86 632
1 6 2
463 468
1 14 2
539 588
1 9 2
395 112
1 15 2
455 545
1 9 2
518 424
1 7 2
369 352
1 13 2
227 232
1 9 2
532 182
1 10 2
276 467
1 5 2
398 621
1 9 2
19 450
1 2 2
224 223
1 6 2
546 683
1 14 2
298 620
1 2 2
464 268
1 14 2
159 40
1 2 2
629 68
1 2 2
418 594
1 7 2
298 345
1 7 2
449 245
1 4 2
312 626
1 2 2
99 107
1 11 2
208 408
1 13 2
597 396
1 2 2
393 641
1 13 2
146 633
1 5 2
229 33
1 15 2
577 92
1 14 2
614 532
1 2 2
174 297
1 13 2
548 433
1 3 2
14 57
1 11 2
561 684
1 15 2
148 516
1 4 2
390 93
1 2 2
584 180
1 9 2
549 377
1 3 2
383 78
1 12 2
629 625
1 9 2
676 470
1 2 2
499 192
1 8 2
435 404
1 15 2
647 209
1 3 2
191 151
1 14 2
464 504
1 2 2
453 187
1 10 2
340 488
1 3 2
157 248
1 3 2
469 181
1 8 2
660 11
1 7 2
551 519
1 12 2
40 694
1 2 2
70 350
1 6 2
509 625
1 12 2
220 347
1 7 2
147 467
1 5 2
641 200
1 5 2
549 514
1 11 2
187 274
1 15 2
76 2
1 11 2
694 683
1 10 2
651 604
1 11 2
598 468
1 9 2
471 109
1 10 2
220 229
1 9 2
104 581
1 15 2
431 277
1 12 2
639 57
1 6 2
257 612
1 3 2
624 534
1 2 2
149 497
1 11 2
229 686
1 11 2
692 463
1 9 2
160 79
1 11 2
489 393
1 8 2
308 633
1 11 2
576 217
1 9 2
427 400
1 13 2
438 451
1 3 2
266 472
1 13 2
427 684
1 8 2
415 90
1 10 2
607 284
1 2 2
685 415
1 15 2
193 409
1 5 2
36 32
1 3 2
331 491
1 13 2
474 682
1 7 2
432 66
1 2 2
479 29
1 14 2
12 63
1 14 2
192 113
1 5 2
472 19
1 5 2
434 532
1 11 2
640 93
1 8 2
630 119
1 13 2
271 410
1 12 2
293 364
1 9 2
399 245
1 12 2
66 171
1 9 2
408 96
1 5 2
622 362
1 2 2
351 151
1 11 2
147 416
1 2 2
167 194
1 3 2
251 533
1 12 2
352 73
1 7 2
373 393
1 6 2
432 367
1 4 2
262 263
1 14 2
133 235
1 6 2
115 468
1 9 2
561 615
1 7 2
269 467
1 6 2
102 355
1 15 2
496 272
1 5 2
91 111
1 3 2
337 511
1 8 2
602 238
1 14 2
640 140
1 3 2
556 281
1 2 2
687 632
1 15 2
1 692
1 2 2
640 199
1 2 2
195 447
1 5 2
472 24
1 9 2
402 442
1 8 2
658 34
1 13 2
218 27
1 10 2
680 197
1 12 2
553 518
1 15 2
30 614
1 11 2
506 66
1 6 2
351 93
1 10 2
546 101
1 8 2
381 258
1 9 2
522 481
1 5 2
75 560
1 6 2
214 635
1 11 2
334 590
1 13 2
210 324
1 8 2
579 213
1 6 2
318 384
1 12 2
143 431
1 12 2
425 665
1 13 2
140 486
1 15 2
169 115
1 7 2
659 188
1 7 2
94 691
1 15 2
373 34
1 3 2
378 575
1 2 2
656 462
1 15 2
587 295
1 15 2
682 179
1 4 2
395 434
1 10 2
440 676
1 6 2
606 18
1 11 2
81 632
1 2 2
579 392
1 7 2
136 238
1 14 2
354 258
1 15 2
432 438
1 6 2
199 657
1 12 2
628 79
1 7 2
64 218
1 12 2
585 181
1 3 2
626 479
1 5 2
412 590
1 7 2
611 285
1 6 2
632 674
1 8 2
354 84
1 10 2
136 258
1 13 2
685 226
1 13 2
454 365
1 4 2
619 607
1 7 2
37 90
1 5 2
409 172
1 11 2
453 252
1 9 2
313 15
1 7 2
645 653
1 13 2
677 339
1 14 2
357 446
1 13 2
575 161
1 11 2
611 117
1 2 2
499 238
1 3 2
699 674
1 15 2
643 149
1 9 2
500 25
1 10 2
683 583
1 9 2
546 122
1 13 2
464 487
1 10 2
555 124
1 3 2
262 544
1 9 2
300 152
1 7 2
341 441
1 13 2
329 358
1 6 2
435 157
1 4 2
488 538
1 5 2
571 442
1 10 2
287 461
1 10 2
119 23
1 10 2
495 11
1 15 2
276 165
1 3 2
515 692
1 2 2
105 362
1 4 2
618 181
1 15 2
505 104
1 14 2
492 427
1 15 2
318 304
1 4 2
549 360
1 9 2
630 395
1 12 2
320 418
1 13 2
680 206
1 3 2
190 542
1 13 2
57 452
1 10 2
24 139
1 12 2
607 223
1 15 2
2 638
1 8 2
117 608
1 14 2
117 308
1 10 2
340 61
1 11 2
673 248
1 8 2
488 415
1 9 2
34 311
1 9 2
165 179
1 6 2
546 393
1 5 2
371 340
1 12 2
148 233
1 14 2
275 329
1 7 2
302 29
1 9 2
357 311
1 11 2
656 653
1 7 2
504 403
1 11 2
131 540
1 13 2
251 650
1 11 2
409 336
1 14 2
420 271
1 9 2
622 326
1 15 2
175 618
1 6 2
632 238
1 4 2
336 174
1 13 2
594 627
1 13 2
179 507
1 15 2
407 94
1 4 2
414 339
1 15 2
391 430
1 11 2
692 8
1 4 2
623 597
1 7 2
101 399
1 7 2
603 407
1 11 2
635 440
1 8 2
75 431
1 5 2
458 652
1 9 2
76 362
1 6 2
629 484
1 15 2
437 686
1 10 2
18 186
1 13 2
115 563
1 7 2
496 247
1 5 2
300 454
1 10 2
405 249
1 13 2
171 422
1 15 2
364 362
1 3 2
118 59
1 13 2
37 119
1 12 2
513 301
1 12 2
434 558
1 5 2
61 565
1 12 2
375 29
1 6 2
542 37
1 4 2
659 322
1 9 2
588 430
1 10 2
697 256
1 12 2
79 676
1 10 2
35 527
1 11 2
440 463
1 3 2
161 460
1 14 2
578 557
1 15 2
345 114
1 14 2
439 39
1 5 2
405 579
1 11 2
367 493
1 9 2
330 42
1 12 2
19 515
1 14 2
97 382
1 12 2
201 654
1 3 2
1 515
1 7 2
313 183
1 9 2
335 437
1 8 2
338 63
1 12 2
362 152
1 11 2
444 679
1 6 2
81 423
1 6 2
637 625
1 3 2
102 412
1 4 2
148 575
1 10 2
636 243
1 2 2
158 466
1 10 2
553 55
1 13 2
669 650
1 4 2
455 6
1 6 2
489 410
1 7 2
613 288
1 9 2
389 523
1 12 2
585 33
1 5 2
71 292
1 13 2
124 334
1 11 2
678 597
1 11 2
215 378
1 9 2
249 694
1 12 2
505 220
1 6 2
353 243
1 2 2
134 107
1 11 2
105 586
1 4 2
313 142
1 6 2
699 537
1 13 2
545 513
1 3 2
451 699
1 4 2
589 92
1 6 2
336 444
1 3 2
70 145
1 15 2
517 213
1 15 2
16 73
1 12 2
304 591
1 11 2
144 124
1 13 2
140 642
1 13 2
338 687
1 2 2
411 388
1 12 2
21 175
1 14 2
508 565
1 10 2
366 376
1 5 2
368 546
1 10 2
315 192
1 12 2
528 149
1 7 2
398 645
1 10 2
476 569
1 13 2
515 50
1 10 2
185 663
1 8 2
325 579
1 9 2
633 522
1 2 2
562 315
1 6 2
281 420
1 3 2
686 256
1 13 2
671 544
1 10 2
323 619
1 2 2
558 3
1 11 2
9 479
1 2 2
242 433
1 11 2
386 184
1 2 2
581 632
1 10 2
504 250
1 14 2
331 85
1 4 2
697 514
1 8 2
227 380
1 4 2
341 568
1 14 2
495 662
1 4 2
617 405
1 10 2
678 374
1 15 2
660 334
1 13 2
590 101
1 3 2
1 197
1 15 2
307 264
1 4 2
667 307
1 3 2
365 520
1 12 2
149 233
1 5 2
363 452
1 8 2
36 320
1 7 2
164 493
1 3 2
465 620
1 12 2
104 122
1 8 2
377 397
1 12 2
183 582
1 10 2
673 196
1 3 2
7 636
1 10 2
349 327
1 7 2
202 483
1 8 2
463 197
1 10 2
238 652
1 8 2
26 378
1 4 2
503 631
1 15 2
242 457
1 13 2
82 513
1 2 2
631 10
1 15 2
272 620
1 7 2
560 392
1 4 2
406 67
1 4 2
386 414
1 3 2
340 665
1 11 2
224 108
1 5 2
527 606
1 11 2
194 490
1 6 2
526 610
1 11 2
662 567
1 11 2
368 291
1 6 2
592 412
1 3 2
573 634
1 10 2
94 643
1 10 2
598 132
1 15 2
202 478
1 15 2
37 508
1 14 2
302 259
1 11 2
664 314
1 5 2
449 552
1 15 2
476 576
1 5 2
265 259
1 9 2
108 689
1 11 2
489 659
1 4 2
43 160
1 4 2
685 639
1 6 2
545 267
1 2 2
34 450
1 11 2
262 348
1 9 2
377 606
1 6 2
245 289
1 15 2
343 361
1 9 2
28 285
1 13 2
159 65
1 10 2
412 269
1 12 2
652 459
1 5 2
519 693
1 8 2
492 222
1 3 2
172 388
1 10 2
686 532
1 4 2
91 524
1 13 2
197 454
1 9 2
109 147
1 8 2
23 627
1 9 2
129 531
1 14 2
516 3
1 5 2
114 49
1 6 2
306 184
1 2 2
75 602
1 3 2
245 483
1 3 2
401 269
1 7 2
2 4
1 9 2
407 221
1 15 2
102 205
1 12 2
156 610
1 3 2
694 344
1 14 2
692 281
1 10 2
304 269
1 4 2
533 106
1 11 2
493 594
1 6 2
565 288
1 3 2
571 439
1 13 2
214 687
1 11 2
361 435
1 7 2
236 510
1 4 2
221 73
1 10 2
327 407
1 4 2
48 18
1 2 2
24 90
1 10 2
612 170
1 6 2
540 646
1 2 2
302 58
1 15 2
192 554
1 7 2
284 290
1 4 2
335 9
1 2 2
609 428
1 15 2
529 454
1 7 2
441 212
1 6 2
258 359
1 6 2
57 486
1 14 2
587 286
1 7 2
175 699
1 11 2
313 405
1 10 2
5 641
1 12 2
320 686
1 4 2
496 687
1 3 2
680 3
1 5 2
208 31
1 10 2
102 660
1 15 2
441 519
1 11 2
424 4
1 13 2
656 224
1 8 2
46 317
1 7 2
297 504
1 15 2
438 327
1 10 2
58 180
1 11 2
212 667
1 9 2
416 275
1 3 2
636 247
1 3 2
677 207
1 6 2
567 89
1 8 2
24 554
1 4 2
89 234
1 4 2
89 429
1 15 2
97 679
1 2 2
649 661
1 13 2
270 647
1 7 2
27 619
1 14 2
429 86
1 9 2
501 629
1 3 2
123 121
1 8 2
441 546
1 2 2
145 130
1 14 2
57 677
1 6 2
343 627
1 3 2
190 244
1 12 2
379 556
1 2 2
43 466
1 13 2
42 583
1 8 2
75 107
1 15 2
7 540
1 3 2
283 401
1 4 2
363 280
1 10 2
195 680
1 11 2
468 635
1 8 2
20 433
1 3 2
301 652
1 14 2
442 553
1 8 2
64 53
1 11 2
637 338
1 5 2
496 455
1 9 2
408 668
1 9 2
658 230
1 10 2
604 29
1 4 2
636 154
1 11 2
355 566
1 14 2
255 488
1 12 2
650 495
1 9 2
607 105
1 5 2
540 696
1 6 2
655 441
1 6 2
118 57
1 7 2
505 194
1 4 2
197 20
1 5 2
660 470
1 5 2
512 325
1 13 2
363 341
1 12 2
276 699
1 14 2
658 291
1 9 2
344 652
1 10 2
171 256
1 2 2
118 30
1 4 2
401 482
1 13 2
582 535
1 4 2
558 429
1 7 2
256 611
1 3 2
300 358
1 13 2
164 613
1 12 2
279 290
1 13 2
284 412
1 12 2
351 321
1 9 2
457 573
1 15 2
290 224
1 9 2
83 132
1 8 2
308 160
1 15 2
369 357
1 12 2
145 272
1 12 2
421 43
1 14 2
370 513
1 12 2
443 432
1 13 2
418 180
1 8 2
131 351
1 13 2
685 451
1 6 2
220 627
1 4 2
464 223
1 6 2
431 620
1 5 2
410 256
1 8 2
555 253
1 10 2
458 302
1 15 2
639 27
1 9 2
381 445
1 4 2
57 387
1 10 2
267 580
1 5 2
157 189
1 4 2
200 120
1 8 2
377 403
1 11 2
499 377
1 8 2
296 145
1 12 2
301 663
1 7 2
330 160
1 3 2
358 154
1 14 2
425 194
1 4 2
596 230
1 3 2
434 588
1 8 2
529 439
1 13 2
338 677
1 8 2
220 346
1 12 2
60 479
1 10 2
690 579
1 6 2
611 362
1 5 2
34 81
1 15 2
284 512
1 13 2
243 535
1 7 2
246 668
1 2 2
8 596
1 8 2
607 307
1 7 2
243 631
1 12 2
376 419
1 8 2
247 364
1 8 2
518 324
1 7 2
506 357
1 7 2
211 600
1 12 2
662 587
1 12 2
173 253
1 11 2
150 163
1 8 2
453 380
1 3 2
120 512
1 9 2
363 106
1 15 2
522 102
1 10 2
394 104
1 9 2
444 193
1 12 2
295 593
1 13 2
641 476
1 8 2
12 336
1 11 2
268 438
1 11 2
296 480
1 6 2
171 450
1 10 2
263 676
1 3 2
274 446
1 8 2
363 643
1 13 2
339 347
1 10 2
75 377
1 14 2
327 28
1 2 2
292 604
1 11 2
418 283
1 2 2
274 693
1 10 2
637 205
1 11 2
462 663
1 3 2
614 48
1 4 2
298 72
1 12 2
126 525
1 14 2
459 644
1 2 2
697 367
1 5 2
355 665
1 11 2
349 602
1 2 2
19 20
1 4 2
81 458
1 3 2
605 258
1 12 2
664 552
1 14 2
153 314
1 7 2
434 2
1 6 2
303 73
1 6 2
552 626
1 13 2
131 92
1 12 2
242 577
1 5 2
8 132
1 5 2
52 138
1 12 2
640 98
1 14 2
639 533
1 9 2
666 259
1 4 2
136 634
1 2 2
224 189
1 5 2
157 305
1 7 2
631 44
1 5 2
286 327
1 8 2
681 596
1 13 2
689 204
1 12 2
87 43
1 13 2
408 197
1 9 2
108 174
1 3 2
296 454
1 13 2
494 35
1 3 2
461 63
1 10 2
316 527
1 4 2
558 481
1 8 2
411 385
1 10 2
342 660
1 11 2
507 278
1 8 2
419 664
1 5 2
452 67
1 3 2
330 7
1 15 2
180 175
1 11 2
525 70
1 9 2
641 696
1 5 2
183 622
1 7 2
79 629
1 11 2
157 572
1 10 2
642 356
1 14 2
70 299
1 7 2
489 594
1 2 2
202 602
1 13 2
206 478
1 14 2
636 263
1 6 2
699 511
1 7 2
21 49
1 7 2
305 609
1 14 2
612 65
1 4 2
255 598
1 6 2
305 148
1 11 2
512 199
1 9 2
324 197
1 5 2
524 48
1 6 2
578 8
1 8 2
434 486
1 2 2
336 595
1 13 2
695 679
1 15 2
226 435
1 7 2
258 289
1 9 2
299 266
1 2 2
609 1
1 14 2
505 335
1 11 2
134 406
1 14 2
631 268
1 10 2
110 356
1 15 2
598 395
1 11 2
360 9
1 10 2
397 14
1 3 2
221 135
1 7 2
654 143
1 3 2
571 675
1 2 2
399 243
1 4 2
496 608
1 6 2
327 442
1 13 2
215 436
1 9 2
590 531
1 15 2
472 511
1 15 2
42 425
1 4 2
660 230
1 15 2
337 250
1 9 2
120 581
1 14 2
227 610
1 12 2
119 450
1 15 2
609 207
1 8 2
411 311
1 10 2
442 68
1 12 2
446 401
1 9 2
552 618
1 4 2
77 556
1 8 2
132 575
1 12 2
696 618
1 3 2
173 305
1 4 2
323 629
1 6 2
392 428
1 6 2
79 656
1 3 2
195 539
1 13 2
427 365
1 6 2
581 522
1 5 2
349 379
1 6 2
674 292
1 11 2
554 694
1 3 2
22 636
1 13 2
550 357
1 11 2
648 525
1 5 2
580 179
1 10 2
349 695
1 14 2
367 405
1 12 2
380 125
1 3 2
147 180
1 15 2
102 272
1 11 2
530 66
1 4 2
304 115
1 8 2
280 597
1 2 2
367 92
1 4 2
197 97
1 5 2
337 692
1 15 2
509 623
1 15 2
688 531
1 4 2
697 392
1 5 2
141 107
1 15 2
18 507
1 13 2
467 354
1 10 2
277 126
1 14 2
390 265
1 7 2
580 662
1 6 2
334 236
1 7 2
363 463
1 3 2
594 146
1 4 2
133 158
1 8 2
511 351
1 8 2
155 151
1 3 2
313 628
1 7 2
98 652
1 14 2
334 490
1 11 2
348 668
1 9 2
427 317
1 11 2
9 679
1 8 2
51 218
1 8 2
281 35
1 13 2
32 354
1 12 2
420 37
1 11 2
58 548
1 7 2
496 585
1 10 2
1 146
1 10 2
202 282
1 15 2
12 672
1 2 2
292 594
1 6 2
462 529
1 15 2
126 255
1 12 2
30 117
1 6 2
339 618
1 14 2
303 281
1 12 2
179 662
1 7 2
401 258
1 7 2
31 632
1 4 2
308 618
1 2 2
695 142
1 5 2
560 428
1 13 2
509 243
1 14 2
34 76
1 11 2
586 338
1 13 2
398 489
1 7 2
181 69
1 8 2
468 262
1 13 2
191 500
1 6 2
499 357
1 7 2
442 690
1 8 2
205 294
1 9 2
659 86
1 7 2
375 289
1 5 2
622 52
1 14 2
665 73
1 13 2
323 155
1 7 2
645 681
1 6 2
245 595
1 15 2
264 140
1 4 2
206 688
1 7 2
130 13
1 12 2
441 246
1 13 2
491 505
1 15 2
59 235
1 9 2
461 580
1 5 2
53 353
1 9 2
434 669
1 13 2
360 226
1 11 2
79 129
1 9 2
497 455
1 8 2
181 582
1 6 2
91 654
1 8 2
26 254
1 2 2
368 168
1 5 2
154 90
1 14 2
639 608
1 2 2
464 430
1 13 2
466 13
1 3 2
199 423
1 7 2
191 82
1 4 2
128 675
1 7 2
399 603
1 2 2
5 353
1 2 2
419 418
1 4 2
696 574
1 2 2
27 30
1 4 2
690 468
1 6 2
109 318
1 6 2
24 265
1 2 2
526 344
1 12 2
241 410
1 5 2
262 351
1 8 2
345 181
1 12 2
136 521
1 7 2
239 650
1 11 2
262 7
1 2 2
258 441
1 8 2
694 108
1 10 2
685 233
1 10 2
330 337
1 13 2
373 293
1 13 2
264 657
1 6 2
169 549
1 13 2
237 641
1 10 2
500 695
1 10 2
320 393
1 7 2
534 386
1 3 2
36 375
1 2 2
635 588
1 4 2
143 667
1 13 2
206 264
1 13 2
577 644
1 6 2
490 161
1 9 2
58 458
1 9 2
263 386
1 12 2
297 10
1 12 2
236 654
1 7 2
526 579
1 5 2
163 218
1 13 2
116 556
1 4 2
300 40
1 13 2
261 334
1 4 2
456 622
1 15 2
18 82
1 6 2
330 587
1 12 2
172 409
1 12 2
221 307
1 11 2
172 273
1 7 2
685 328
1 7 2
699 245
1 6 2
61 152
1 6 2
332 374
1 8 2
672 677
1 14 2
102 420
1 6 2
679 242
1 6 2
342 76
1 4 2
34 90
1 14 2
578 614
1 3 2
127 676
1 9 2
8 45
1 8 2
663 255
1 13 2
397 537
1 14 2
611 382
1 7 2
648 45
1 14 2
594 257
1 6 2
328 512
1 15 2
569 286
1 4 2
105 269
1 15 2
96 184
1 15 2
348 262
1 15 2
573 200
1 9 2
270 19
1 13 2
57 271
1 5 2
341 193
1 9 2
266 567
1 15 2
520 68
1 10 2
531 23
1 8 2
578 350
1 14 2
567 462
1 4 2
684 452
1 12 2
464 692
1 14 2
412 364
1 8 2
37 281
1 4 2
590 191
1 13 2
560 558
1 14 2
371 370
1 11 2
217 314
1 10 2
112 302
1 10 2
581 321
1 14 2
134 7
1 2 2
654 696
1 14 2
256 66
1 2 2
144 628
1 15 2
442 625
1 6 2
16 584
1 4 2
5 562
1 6 2
619 77
1 8 2
565 212
1 8 2
350 627
1 3 2
87 533
1 10 2
655 76
1 8 2
124 258
1 15 2
661 425
1 8 2
115 254
1 11 2
340 481
1 5 2
226 196
1 5 2
399 30
1 13 2
8 338
1 11 2
595 20
1 11 2
157 90
1 4 2
302 427
1 5 2
413 133
1 6 2
473 241
1 8 2
561 232
1 11 2
144 45
1 3 2
216 110
1 2 2
43 137
1 12 2
344 483
1 14 2
450 596
1 6 2
319 644
1 11 2
430 323
1 9 2
75 429
1 13 2
182 341
1 9 2
699 60
1 11 2
419 400
1 7 2
132 595
1 5 2
253 398
1 4 2
155 385
1 3 2
619 296
1 9 2
364 252
1 8 2
360 209
1 7 2
68 663
1 7 2
502 540
1 6 2
590 424
1 9 2
420 81
1 7 2
284 656
1 5 2
651 155
1 2 2
336 14
1 9 2
74 328
1 8 2
114 337
1 10 2
14 52
1 3 2
360 522
1 2 2
607 337
1 4 2
485 468
1 11 2
679 342
1 11 2
91 392
1 6 2
86 260
1 7 2
439 480
1 3 2
35 596
1 2 2
482 638
1 15 2
656 310
1 2 2
683 55
1 9 2
215 560
1 4 2
415 674
1 2 2
662 582
1 4 2
395 199
1 11 2
322 583
1 12 2
114 241
1 13 2
211 392
1 13 2
462 324
1 14 2
124 227
1 9 2
380 536
1 7 2
418 622
1 3 2
459 642
1 6 2
235 31
1 11 2
137 42
1 11 2
213 518
1 4 2
685 661
1 5 2
563 577
1 14 2
657 245
1 5 2
259 48
1 11 2
684 680
1 3 2
439 515
1 6 2
248 596
1 11 2
110 635
1 4 2
647 538
1 12 2
112 695
1 14 2
679 442
1 14 2
387 520
1 10 2
527 432
1 15 2
544 182
1 10 2
361 400
1 13 2
353 429
1 4 2
307 139
1 13 2
410 629
1 8 2
150 619
1 4 2
675 407
1 8 2
69 309
1 10 2
592 241
1 14 2
195 54
1 11 2
318 189
1 15 2
480 159
1 10 2
87 189
1 11 2
271 576
1 13 2
78 174
1 13 2
298 186
1 4 2
164 385
1 2 2
565 641
1 14 2
555 435
1 15 2
501 345
1 13 2
357 429
1 10 2
429 101
1 9 2
31 606
1 14 2
331 139
1 4 2
152 541
1 2 2
190 416
1 6 2
109 321
1 8 2
614 121
1 10 2
125 648
1 14 2
496 346
1 3 2
107 100
1 11 2
147 114
1 5 2
218 560
1 12 2
496 292
1 11 2
264 107
1 2 2
671 386
1 11 2
682 126
1 7 2
132 520
1 15 2
337 624
1 5 2
423 540
1 10 2
74 412
1 10 2
547 523
1 8 2
74 417
1 3 2
135 577
1 2 2
403 682
1 6 2
499 681
1 6 2
161 196
1 12 2
118 676
1 12 2
126 66
1 15 2
429 41
1 2 2
396 621
1 2 2
220 562
1 12 2
461 465
1 10 2
78 334
1 8 2
275 555
1 2 2
364 242
1 5 2
397 307
1 11 2
74 62
1 6 2
303 74
1 8 2
400 605
1 9 2
662 100
1 13 2
615 641
1 2 2
526 506
1 4 2
155 560
1 11 2
525 640
1 8 2
489 646
1 15 2
523 137
1 13 2
419 349
1 3 2
437 260
1 13 2
38 55
1 13 2
89 405
1 3 2
358 518
1 10 2
258 340
1 12 2
689 253
1 8 2
421 273
1 12 2
667 566
1 15 2
525 46
1 3 2
123 296
1 5 2
673 517
1 13 2
673 698
1 13 2
121 7
1 3 2
8 109
1 13 2
439 386
1 12 2
480 22
1 3 2
348 431
1 5 2
177 48
1 4 2
484 536
1 14 2
208 94
1 8 2
292 532
1 5 2
375 450
1 5 2
43 189
1 8 2
474 173
1 7 2
532 585
1 13 2
134 667
1 3 2
191 188
1 3 2
537 199
1 14 2
316 288
1 3 2
193 597
1 6 2
51 440
1 11 2
171 513
1 9 2
234 13
1 5 2
398 227
1 4 2
276 435
1 9 2
195 438
1 11 2
428 288
1 14 2
488 394
1 12 2
303 361
1 8 2
536 470
1 12 2
112 457
1 7 2
501 597
1 15 2
694 525
1 14 2
668 196
1 5 2
127 275
1 14 2
395 384
1 12 2
440 314
1 6 2
629 242
1 6 2
371 284
1 6 2
309 567
1 2 2
530 523
1 10 2
154 603
1 9 2
335 24
1 14 2
402 471
1 6 2
279 335
1 5 2
225 155
1 8 2
233 301
1 10 2
94 26
1 11 2
73 153
1 15 2
571 435
1 13 2
258 21
1 4 2
510 489
1 4 2
502 184
1 7 2
100 61
1 13 2
140 421
1 10 2
605 120
1 5 2
97 579
1 4 2
674 311
1 11 2
407 691
1 6 2
296 180
1 12 2
13 575
1 6 2
597 16
1 6 2
55 233
1 13 2
193 383
1 9 2
545 395
1 9 2
455 247
1 10 2
394 650
1 2 2
21 0
1 6 2
417 457
1 3 2
682 198
1 6 2
385 256
1 3 2
140 448
1 7 2
521 687
1 13 2
133 459
1 9 2
92 453
1 12 2
58 407
1 8 2
320 220
1 7 2
562 80
1 9 2
334 579
1 15 2
266 186
1 12 2
669 223
1 15 2
234 89
1 11 2
554 16
1 6 2
442 522
1 6 2
168 695
1 10 2
81 439
1 9 2
61 5
1 3 2
268 291
1 15 2
52 487
1 15 2
27 381
1 10 2
310 224
1 13 2
686 405
1 10 2
129 92
1 5 2
487 237
1 7 2
381 551
1 4 2
685 372
1 8 2
573 524
1 11 2
227 210
1 15 2
87 405
1 12 2
240 697
1 9 2
499 270
1 13 2
179 637
1 13 2
661 455
1 5 2
551 29
1 6 2
107 542
1 12 2
34 222
1 10 2
431 623
1 4 2
570 292
1 14 2
490 339
1 7 2
250 96
1 14 2
128 557
1 8 2
417 7
1 5 2
153 206
1 2 2
598 435
1 10 2
490 1
1 9 2
304 46
1 12 2
614 352
1 9 2
526 640
1 12 2
517 174
1 15 2
450 464
1 7 2
515 37
1 2 2
251 423
1 8 2
467 632
1 10 2
93 597
1 2 2
266 484
1 4 2
16 398
1 12 2
351 66
1 9 2
70 293
1 4 2
297 471
1 8 2
172 672
1 5 2
89 55
1 5 2
388 201
1 2 2
296 432
1 13 2
197 592
1 14 2
620 332
1 5 2
43 472
1 2 2
471 196
1 3 2
684 86
1 15 2
652 532
1 9 2
374 116
1 9 2
73 536
1 13 2
670 192
1 4 2
580 379
1 5 2
368 672
1 11 2
685 284
1 5 2
273 358
1 3 2
580 607
1 4 2
118 455
1 2 2
447 135
1 4 2
378 612
1 10 2
62 251
1 2 2
295 472
1 10 2
496 292
1 6 2
560 79
1 4 2
207 285
1 12 2
365 53
1 4 2
231 165
1 14 2
671 58
1 15 2
579 82
1 12 2
245 513
1 10 2
563 215
1 5 2
128 120
1 13 2
274 298
1 2 2
636 302
1 14 2
409 42
1 4 2
231 224
1 7 2
394 480
1 6 2
444 420
1 14 2
605 434
1 8 2
615 51
1 14 2
631 457
1 12 2
215 477
1 6 2
177 387
1 5 2
525 44
1 5 2
502 212
1 6 2
95 333
1 5 2
258 668
1 14 2
606 400
1 14 2
470 441
1 3 2
51 468
1 5 2
229 477
1 10 2
124 419
1 12 2
225 443
1 3 2
71 230
1 14 2
671 520
1 2 2
226 619
1 7 2
119 422
1 8 2
394 437
1 8 2
226 32
1 10 2
47 301
1 12 2
451 665
1 15 2
346 491
1 6 2
646 137
1 10 2
381 183
1 5 2
48 689
1 3 2
436 434
1 9 2
142 493
1 10 2
389 338
1 3 2
363 688
1 7 2
408 503
1 8 2
222 661
1 7 2
606 555
1 6 2
692 643
1 2 2
48 658
1 5 2
672 592
1 15 2
357 337
1 12 2
542 162
1 2 2
669 194
1 2 2
109 349
1 4 2
566 248
1 9 2
49 272
