700 5600 2100
6 24 25 18 5 12 9 22 13 9 23 11 25 13 15 19 7 8 11 16 22 21 10 15 23 23 16 20 25 16 12 15 18 21 21 20 16 13 24 19 12 10 19 17 24 6 23 17 10 17 25 19 23 8 11 7 14 9 17 18 12 12 16 18 11 17 21 24 6 15 22 17 21 19 20 10 13 23 22 15 21 16 14 21 15 9 5 6 12 11 19 14 10 11 11 19 11 14 19 23 14 15 19 8 14 16 21 7 21 16 5 23 14 13 16 18 25 5 13 9 7 10 24 10 12 25 12 10 15 16 9 14 13 23 14 10 25 11 19 9 19 7 13 11 9 19 5 7 13 11 25 18 19 11 24 5 11 5 5 17 6 23 16 25 9 14 24 11 8 13 22 9 11 5 22 19 6 6 23 22 11 25 19 9 19 11 9 17 13 17 9 11 23 25 8 12 13 9 8 21 9 23 18 13 24 16 19 17 14 17 24 25 23 14 14 25 10 6 25 18 11 6 15 25 20 14 10 6 13 12 14 24 6 11 14 6 19 9 25 13 18 24 13 7 12 21 11 17 13 19 23 10 10 9 12 15 20 20 13 22 9 14 18 20 18 12 20 13 21 5 5 16 8 7 25 11 12 24 11 6 20 8 9 13 6 18 14 15 10 7 5 14 17 8 13 15 22 9 18 7 15 20 5 20 21 23 20 25 21 17 10 15 20 18 8 7 6 25 13 20 5 24 5 17 7 22 18 9 18 5 25 13 18 21 17 16 23 12 8 22 24 24 15 15 12 10 16 14 7 14 12 10 8 8 19 19 13 16 5 23 20 20 23 11 25 10 20 17 25 7 18 20 19 23 22 22 18 11 7 19 24 19 20 23 9 12 25 10 20 16 17 12 24 7 7 15 10 9 11 8 22 14 8 13 18 13 15 17 14 19 11 21 10 9 13 9 24 15 10 18 21 14 22 22 19 9 18 15 24 11 24 7 24 5 10 14 11 17 25 21 25 14 9 13 9 7 5 25 13 6 20 14 19 14 8 10 13 22 22 5 8 7 19 22 19 25 8 10 16 23 8 21 5 9 24 20 25 15 10 23 17 5 8 5 6 8 22 7 15 16 16 20 19 16 23 21 19 24 12 17 9 21 22 18 9 21 8 15 7 18 5 13 21 13 15 21 24 24 16 6 15 25 24 13 11 6 21 19 7 6 22 15 21 15 15 20 21 8 25 9 9 19 18 13 25 15 9 20 19 17 5 23 21 13 25 11 25 9 22 21 19 15 24 6 24 18 20 7 8 13 15 21 25 11 15 17 17 8 13 19 5 19 10 15 20 11 17 23 24 9 13 17 18 12 9 23 8 12 19 12 7 22 7 25 23 15 17 20 7 23 25 23 7 5 8 12 19 5 17 17 18 5 18 20 8 15 22 17 15 14 24 19 24 10 23 18 22 7 5 8 13 18 10 18 20 20 24 5 13 7 14 10 24 8 6 20 20 9 25 19 22 9 23 19 8 19 9 9 12 14 15 17 14 12 11 11 25 15 5 14 5 14 7 22 15 5 23 20 16 14 14 22 16 10 11 21 16 10 5 22
3 18 10 17 13 4 7 10 20 5 16 3 16 17 6 16 18 12 15 16 18 7 5 18 12 9 18 12 3 4 20 13 19 16 7 9 6 10 19 8 18 10 14 14 13 20 20 7 14 7 19 10 9 9 16 5 8 8 13 20 20 13 6 20 11 12 11 8 8 8 18 13 3 8 17 20 19 3 16 12 18 6 14 8 19 9 11 4 8 3 15 7 13 10 17 8 5 17 10 7 6 8 13 16 8 15 9 19 14 5 16 9 13 16 13 11 17 9 17 11 14 19 15 19 7 16 5 3 20 5 4 7 5 12 14 3 15 14 19 17 12 17 12 10 8 3 13 9 5 17 11 18 3 8 7 3 18 7 13 6 17 17 20 14 5 7 3 17 20 20 10 10 4 17 20 8 8 7 12 15 15 20 11 10 16 11 9 7 14 16 10 9 8 5 16 7 17 8 19 20 20 8 4 13 18 6 8 18 3 13 20 6 16 10 5 20 8 15 7 14 19 19 13 15 6 8 13 9 3 17 20 18 10 8 12 17 17 6 18 5 8 9 17 14 4 18 19 5 12 3 16 4 10 10 5 5 19 12 5 11 14 19 3 6 18 10 16 9 9 9 16 4 14 8 19 14 16 10 3 8 5 3 11 7 5 17 19 19 3 20 12 7 4 9 6 17 14 17 14 19 20 5 18 6 18 13 3 14 10 9 4 9 16 19 5 8 4 6 17 20 17 9 18 6 12 9 15 4 9 10 11 9 13 6 5 5 16 19 16 9 15 6 7 3 8 13 9 19 4 3 7 16 11 17 8 6 13 14 14 7 13 12 11 3 5 8 4 20 11 18 6 6 13 9 3 6 8 13 3 14 12 7 3 8 19 7 14 19 19 8 9 9 8 18 20 18 16 12 11 6 13 3 19 5 18 20 5 10 10 20 13 12 20 12 6 10 11 10 3 15 14 12 20 16 16 4 20 4 6 8 8 20 5 16 11 3 20 9 10 6 8 17 3 19 4 14 3 4 19 8 7 19 10 4 18 13 5 14 10 8 12 14 17 14 7 10 9 19 8 10 16 5 12 18 3 15 5 3 14 7 4 3 15 11 18 13 8 15 7 5 20 13 17 19 18 3 11 10 12 20 9 18 8 8 10 10 6 17 20 12 15 4 10 18 13 6 17 15 16 11 16 16 15 19 6 16 4 9 4 6 6 6 6 9 11 14 4 8 13 6 19 6 18 8 16 4 9 3 10 15 15 9 14 17 16 7 19 9 8 14 18 19 17 16 20 18 19 20 20 6 16 19 10 19 8 6 8 14 8 20 11 18 9 8 17 19 7 6 19 7 20 6 4 20 9 19 9 18 20 5 5 8 17 14 10 19 8 20 7 6 6 13 9 4 19 10 10 20 18 7 5 17 8 10 10 6 10 9 16 3 8 6 4 14 8 3 20 20 16 15 3 16 11 15 6 11 10 5 4 6 17 10 18 10 6 12 7 16 5 17 19 4 14 15 7 15 15 6 4 6 9 10 13 11 5 13 14 17 12 16 6 16 20 19 10 4 3 17 4 19 14 18 10 4 8 19 17 17 14 9
1 7 2
28 430
1 12 2
438 140
1 15 2
555 168
1 5 2
121 376
1 2 2
639 506
1 9 2
674 43
1 11 2
562 90
1 15 2
418 391
1 4 2
457 186
1 8 2
420 160
1 5 2
0 674
1 14 2
4 618
1 15 2
359 513
1 3 2
135 417
1 4 2
107 89
1 3 2
256 382
1 3 2
72 34
1 3 2
198 89
1 11 2
575 574
1 10 2
40 292
1 6 2
446 370
1 2 2
93 338
1 5 2
428 269
1 15 2
251 288
1 2 2
334 68
1 15 2
231 52
1 11 2
385 95
1 6 2
328 192
1 11 2
429 656
1 13 2
342 567
1 7 2
257 490
1 3 2
375 469
1 14 2
11 93
1 8 2
145 16
1 10 2
102 590
1 10 2
406 202
1 11 2
310 57
1 10 2
4 49
1 11 2
507 183
1 9 2
190 478
1 11 2
78 388
1 14 2
265 591
1 12 2
88 428
1 8 2
518 677
1 10 2
692 69
1 3 2
120 166
1 8 2
656 506
1 7 2
626 326
1 3 2
203 34
1 13 2
250 373
1 4 2
392 629
1 2 2
520 469
1 3 2
104 650
1 3 2
575 151
1 3 2
337 591
1 4 2
327 321
1 10 2
420 633
1 14 2
363 477
1 7 2
650 91
1 14 2
575 612
1 8 2
108 322
1 4 2
442 257
1 2 2
347 267
1 9 2
574 331
1 4 2
228 3
1 15 2
120 463
1 13 2
32 385
1 7 2
280 311
1 4 2
524 178
1 6 2
617 413
1 10 2
698 237
1 12 2
521 434
1 10 2
468 104
1 6 2
370 476
1 6 2
590 489
1 3 2
551 113
1 3 2
566 169
1 15 2
402 684
1 10 2
43 641
1 3 2
355 232
1 7 2
431 140
1 14 2
113 62
1 10 2
294 617
1 8 2
127 216
1 9 2
448 678
1 5 2
105 355
1 4 2
180 137
1 13 2
594 44
1 8 2
618 272
1 10 2
380 317
1 10 2
352 479
1 9 2
616 554
1 6 2
630 530
1 8 2
374 525
1 11 2
246 348
1 12 2
651 540
1 14 2
293 102
1 12 2
185 110
1 15 2
667 378
1 14 2
156 399
1 15 2
558 409
1 3 2
526 404
1 6 2
291 267
1 10 2
155 371
1 2 2
633 227
1 12 2
218 526
1 8 2
517 291
1 15 2
494 446
1 14 2
380 618
1 13 2
122 63
1 3 2
369 593
1 8 2
280 34
1 2 2
58 598
1 4 2
517 152
1 13 2
549 102
1 8 2
88 428
1 11 2
148 458
1 11 2
274 605
1 12 2
115 683
1 12 2
656 111
1 2 2
60 59
1 15 2
350 618
1 7 2
464 108
1 10 2
236 211
1 12 2
544 283
1 13 2
671 514
1 8 2
403 366
1 14 2
42 467
1 8 2
653 417
1 8 2
157 474
1 14 2
85 86
1 4 2
463 636
1 6 2
278 555
1 4 2
58 402
1 8 2
472 250
1 9 2
214 398
1 12 2
366 653
1 14 2
169 574
1 4 2
444 162
1 2 2
66 493
1 6 2
108 311
1 5 2
199 354
1 11 2
622 480
1 5 2
64 693
1 15 2
15 279
1 11 2
93 69
1 5 2
581 668
1 5 2
636 521
1 3 2
467 65
1 6 2
671 313
1 5 2
49 493
1 11 2
474 124
1 8 2
170 629
1 10 2
439 154
1 3 2
27 427
1 12 2
102 76
1 6 2
111 48
1 11 2
571 200
1 4 2
226 510
1 2 2
373 248
1 5 2
519 660
1 7 2
140 395
1 4 2
90 632
1 3 2
219 429
1 4 2
344 556
1 7 2
503 315
1 8 2
484 501
1 5 2
361 422
1 10 2
206 670
1 6 2
674 465
1 8 2
598 27
1 11 2
606 679
1 6 2
47 107
1 9 2
529 138
1 15 2
300 369
1 3 2
391 495
1 14 2
635 199
1 7 2
575 523
1 7 2
84 519
1 6 2
133 453
1 3 2
678 504
1 6 2
423 299
1 8 2
424 661
1 7 2
294 259
1 4 2
140 412
1 3 2
431 524
1 9 2
430 506
1 15 2
679 12
1 12 2
313 638
1 15 2
194 88
1 14 2
605 53
1 6 2
502 588
1 15 2
481 505
1 2 2
229 73
1 4 2
10 333
1 3 2
263 504
1 7 2
185 636
1 6 2
378 424
1 3 2
197 147
1 7 2
167 55
1 13 2
116 527
1 3 2
160 110
1 6 2
677 72
1 5 2
62 555
1 5 2
400 386
1 9 2
643 108
1 12 2
339 676
1 2 2
579 300
1 13 2
244 294
1 11 2
122 433
1 5 2
44 19
1 3 2
98 521
1 15 2
152 691
1 6 2
392 572
1 2 2
251 691
1 4 2
502 538
1 12 2
77 20
1 15 2
355 579
1 6 2
527 315
1 13 2
309 6
1 15 2
635 37
1 15 2
164 638
1 7 2
200 448
1 12 2
461 360
1 10 2
225 131
1 12 2
382 642
1 14 2
328 642
1 10 2
329 113
1 8 2
405 310
1 6 2
598 359
1 9 2
38 653
1 8 2
448 684
1 2 2
125 26
1 3 2
259 448
1 9 2
40 325
1 12 2
590 10
1 5 2
689 22
1 2 2
252 674
1 10 2
132 504
1 7 2
88 610
1 13 2
654 469
1 6 2
302 270
1 12 2
613 516
1 4 2
677 497
1 5 2
595 234
1 12 2
694 308
1 12 2
32 25
1 4 2
428 511
1 7 2
194 576
1 14 2
37 95
1 4 2
325 99
1 11 2
152 450
1 9 2
457 20
1 14 2
27 414
1 4 2
165 597
1 9 2
506 392
1 9 2
261 393
1 13 2
261 547
1 3 2
588 697
1 5 2
551 418
1 5 2
338 660
1 9 2
286 288
1 7 2
340 630
1 4 2
615 529
1 9 2
189 198
1 9 2
640 568
1 13 2
357 625
1 12 2
107 355
1 15 2
503 310
1 6 2
299 660
1 9 2
420 473
1 9 2
411 51
1 8 2
314 435
1 11 2
388 283
1 13 2
163 315
1 4 2
436 161
1 3 2
82 271
1 8 2
15 655
1 6 2
561 443
1 7 2
184 528
1 15 2
240 85
1 7 2
269 63
1 13 2
271 56
1 7 2
469 112
1 7 2
540 529
1 14 2
148 323
1 6 2
180 533
1 10 2
114 256
1 11 2
448 360
1 14 2
426 683
1 13 2
171 489
1 13 2
485 135
1 13 2
563 378
1 6 2
557 291
1 3 2
611 59
1 9 2
158 443
1 11 2
627 227
1 3 2
385 66
1 3 2
193 359
1 9 2
513 596
1 7 2
95 366
1 9 2
415 82
1 11 2
595 578
1 8 2
154 12
1 5 2
53 36
1 12 2
406 322
1 14 2
171 381
1 12 2
506 412
1 5 2
59 562
1 4 2
491 656
1 4 2
69 201
1 10 2
86 16
1 13 2
653 564
1 5 2
150 604
1 14 2
487 531
1 11 2
90 156
1 7 2
99 221
1 15 2
212 410
1 10 2
320 148
1 4 2
10 347
1 10 2
313 327
1 13 2
515 569
1 7 2
193 110
1 13 2
403 41
1 15 2
203 327
1 11 2
666 114
1 7 2
317 153
1 5 2
448 218
1 6 2
173 518
1 4 2
494 321
1 10 2
575 589
1 10 2
658 526
1 8 2
162 140
1 12 2
468 236
1 8 2
72 356
1 11 2
511 191
1 4 2
1 378
1 9 2
541 202
1 7 2
36 560
1 7 2
277 166
1 11 2
510 263
1 11 2
692 349
1 8 2
652 682
1 9 2
71 130
1 2 2
445 25
1 14 2
517 49
1 9 2
539 476
1 13 2
374 11
1 2 2
288 132
1 3 2
304 189
1 15 2
255 576
1 4 2
142 314
1 15 2
102 204
1 6 2
183 170
1 10 2
604 232
1 6 2
502 547
1 6 2
287 508
1 2 2
6 595
1 11 2
470 197
1 9 2
5 510
1 7 2
229 540
1 6 2
464 411
1 13 2
526 272
1 3 2
540 11
1 7 2
564 207
1 8 2
153 277
1 8 2
625 567
1 8 2
197 60
1 11 2
373 598
1 10 2
482 108
1 13 2
252 432
1 4 2
499 633
1 13 2
16 90
1 5 2
199 342
1 10 2
269 568
1 4 2
133 641
1 12 2
88 494
1 7 2
424 550
1 5 2
250 218
1 5 2
557 294
1 14 2
442 14
1 8 2
567 632
1 10 2
211 43
1 15 2
366 603
1 14 2
447 56
1 13 2
696 583
1 15 2
122 643
1 5 2
673 155
1 5 2
384 609
1 9 2
68 105
1 14 2
126 436
1 7 2
277 398
1 11 2
334 105
1 4 2
489 655
1 6 2
110 53
1 9 2
349 69
1 10 2
615 200
1 5 2
273 403
1 6 2
598 40
1 2 2
17 113
1 14 2
210 445
1 12 2
258 216
1 2 2
689 279
1 10 2
548 630
1 8 2
641 455
1 15 2
159 530
1 6 2
401 283
1 15 2
664 69
1 10 2
230 511
1 12 2
140 381
1 3 2
479 326
1 6 2
32 428
1 6 2
649 441
1 7 2
160 284
1 13 2
300 14
1 2 2
33 370
1 13 2
494 125
1 3 2
165 418
1 12 2
18 674
1 4 2
617 637
1 12 2
240 33
1 13 2
442 68
1 4 2
124 329
1 10 2
58 587
1 11 2
70 213
1 10 2
0 164
1 6 2
570 230
1 9 2
284 467
1 2 2
285 89
1 6 2
645 192
1 8 2
482 100
1 6 2
608 625
1 11 2
397 519
1 2 2
648 587
1 4 2
671 379
1 5 2
602 327
1 10 2
638 503
1 8 2
155 374
1 11 2
672 63
1 8 2
172 400
1 10 2
660 336
1 13 2
279 309
1 5 2
87 621
1 14 2
368 169
1 9 2
679 419
1 5 2
583 305
1 9 2
250 447
1 9 2
116 153
1 10 2
212 388
1 2 2
22 12
1 11 2
567 675
1 6 2
495 388
1 3 2
615 485
1 15 2
429 37
1 11 2
506 391
1 9 2
650 138
1 13 2
653 683
1 2 2
346 198
1 6 2
350 607
1 10 2
662 508
1 9 2
489 589
1 8 2
17 517
1 14 2
40 228
1 3 2
675 590
1 6 2
572 647
1 10 2
614 261
1 13 2
638 461
1 11 2
148 371
1 14 2
586 143
1 5 2
241 641
1 7 2
657 419
1 15 2
467 667
1 14 2
200 196
1 14 2
84 656
1 15 2
490 499
1 15 2
515 504
1 9 2
523 382
1 8 2
287 391
1 2 2
195 533
1 13 2
586 605
1 9 2
207 232
1 14 2
522 361
1 15 2
393 229
1 10 2
362 615
1 6 2
540 609
1 13 2
643 432
1 2 2
249 159
1 9 2
5 208
1 6 2
222 401
1 11 2
18 172
1 7 2
399 600
1 4 2
565 435
1 9 2
689 394
1 13 2
366 340
1 11 2
411 361
1 3 2
238 444
1 12 2
533 4
1 9 2
178 651
1 10 2
255 92
1 7 2
663 103
1 3 2
405 15
1 7 2
320 65
1 7 2
458 12
1 3 2
236 442
1 15 2
559 542
1 10 2
357 512
1 4 2
248 162
1 5 2
382 54
1 7 2
437 399
1 10 2
409 286
1 10 2
289 667
1 9 2
648 677
1 9 2
584 580
1 3 2
590 577
1 15 2
319 681
1 10 2
401 421
1 3 2
193 534
1 13 2
21 90
1 12 2
354 23
1 4 2
57 624
1 7 2
173 254
1 3 2
489 338
1 8 2
380 394
1 7 2
62 522
1 12 2
188 16
1 10 2
260 431
1 13 2
657 395
1 2 2
112 62
1 6 2
632 440
1 11 2
656 269
1 14 2
67 72
1 14 2
544 110
1 4 2
435 219
1 10 2
689 6
1 5 2
77 90
1 9 2
208 270
1 2 2
440 666
1 3 2
531 21
1 4 2
599 450
1 13 2
44 320
1 10 2
220 489
1 10 2
6 195
1 12 2
405 496
1 4 2
124 457
1 11 2
314 570
1 7 2
583 299
1 2 2
139 322
1 5 2
231 365
1 8 2
443 18
1 11 2
41 142
1 10 2
475 550
1 3 2
317 575
1 3 2
687 606
1 2 2
657 516
1 5 2
150 54
1 13 2
653 293
1 4 2
280 161
1 15 2
398 611
1 13 2
426 589
1 12 2
342 389
1 7 2
371 519
1 10 2
243 493
1 13 2
323 200
1 3 2
380 386
1 15 2
650 329
1 7 2
379 104
1 13 2
306 556
1 9 2
112 334
1 11 2
285 686
1 8 2
619 640
1 2 2
315 637
1 12 2
353 328
1 11 2
101 482
1 13 2
397 226
1 4 2
286 430
1 10 2
86 619
1 6 2
105 503
1 9 2
405 502
1 3 2
646 618
1 5 2
408 690
1 12 2
645 599
1 9 2
643 294
1 4 2
330 541
1 14 2
376 482
1 9 2
505 389
1 14 2
506 196
1 9 2
474 615
1 9 2
193 310
1 6 2
313 586
1 8 2
166 370
1 5 2
596 128
1 8 2
584 318
1 8 2
301 316
1 15 2
119 671
1 8 2
674 210
1 9 2
249 154
1 13 2
349 531
1 2 2
32 134
1 13 2
672 72
1 5 2
40 213
1 11 2
556 205
1 3 2
203 224
1 7 2
128 209
1 12 2
299 492
1 11 2
482 363
1 9 2
373 655
1 12 2
596 196
1 14 2
660 436
1 10 2
83 320
1 8 2
411 318
1 5 2
568 444
1 14 2
367 536
1 4 2
586 125
1 3 2
614 295
1 8 2
320 685
1 15 2
194 360
1 12 2
150 571
1 2 2
43 655
1 9 2
331 83
1 12 2
4 523
1 4 2
465 291
1 9 2
198 43
1 10 2
626 424
1 12 2
240 94
1 15 2
520 435
1 9 2
248 522
1 10 2
470 594
1 14 2
569 541
1 11 2
257 634
1 3 2
578 200
1 7 2
348 540
1 5 2
646 18
1 10 2
378 70
1 3 2
161 538
1 9 2
573 43
1 6 2
72 683
1 6 2
461 142
1 9 2
691 337
1 3 2
666 495
1 9 2
580 631
1 10 2
613 334
1 6 2
156 528
1 15 2
27 687
1 9 2
273 334
1 11 2
624 386
1 10 2
665 657
1 14 2
168 266
1 3 2
659 290
1 15 2
536 222
1 13 2
127 64
1 2 2
207 574
1 10 2
386 696
1 14 2
335 496
1 6 2
593 527
1 7 2
585 140
1 12 2
435 517
1 7 2
103 689
1 4 2
389 16
1 14 2
366 385
1 2 2
176 89
1 15 2
235 596
1 7 2
587 188
1 15 2
135 261
1 2 2
222 107
1 5 2
183 381
1 12 2
460 61
1 13 2
420 141
1 10 2
401 188
1 11 2
260 512
1 8 2
655 382
1 15 2
655 204
1 5 2
661 564
1 3 2
402 561
1 5 2
227 578
1 3 2
7 18
1 9 2
371 55
1 15 2
401 395
1 7 2
111 605
1 14 2
548 346
1 13 2
395 239
1 15 2
278 470
1 5 2
518 314
1 11 2
434 571
1 4 2
545 206
1 13 2
495 486
1 11 2
574 484
1 12 2
267 218
1 2 2
258 326
1 3 2
488 309
1 8 2
283 172
1 10 2
101 112
1 8 2
158 234
1 4 2
101 122
1 13 2
658 123
1 5 2
241 696
1 13 2
193 305
1 4 2
613 407
1 15 2
632 496
1 10 2
489 688
1 2 2
270 85
1 12 2
283 348
1 3 2
336 106
1 4 2
661 688
1 9 2
57 427
1 8 2
245 697
1 11 2
637 495
1 7 2
31 636
1 2 2
167 118
1 5 2
126 635
1 12 2
567 164
1 14 2
482 117
1 5 2
161 555
1 4 2
405 91
1 5 2
670 638
1 12 2
35 449
1 8 2
697 96
1 4 2
177 645
1 5 2
683 209
1 2 2
414 127
1 9 2
662 222
1 12 2
547 308
1 3 2
304 427
1 6 2
377 514
1 13 2
2 90
1 10 2
109 385
1 14 2
80 330
1 4 2
455 513
1 14 2
59 77
1 9 2
39 469
1 2 2
146 339
1 3 2
156 435
1 8 2
7 423
1 7 2
235 225
1 10 2
575 490
1 14 2
280 697
1 12 2
582 454
1 2 2
296 129
1 8 2
17 341
1 7 2
683 23
1 8 2
526 92
1 3 2
645 367
1 15 2
7 299
1 15 2
441 342
1 6 2
323 546
1 10 2
45 699
1 3 2
7 552
1 7 2
543 56
1 10 2
532 327
1 12 2
558 215
1 5 2
208 543
1 13 2
174 433
1 2 2
237 12
1 8 2
645 520
1 13 2
184 34
1 9 2
268 359
1 4 2
374 483
1 10 2
340 435
1 14 2
203 581
1 5 2
492 404
1 11 2
394 88
1 3 2
263 65
1 11 2
369 60
1 15 2
336 79
1 4 2
565 663
1 6 2
572 524
1 13 2
94 397
1 7 2
13 93
1 4 2
501 474
1 3 2
607 323
1 8 2
314 659
1 13 2
394 390
1 8 2
254 19
1 14 2
476 399
1 13 2
257 596
1 7 2
657 422
1 13 2
156 144
1 12 2
434 1
1 14 2
478 183
1 11 2
650 263
1 13 2
224 210
1 13 2
573 145
1 15 2
141 558
1 15 2
642 452
1 13 2
444 414
1 6 2
23 68
1 7 2
320 430
1 10 2
461 634
1 10 2
166 99
1 4 2
607 97
1 12 2
515 208
1 4 2
5 84
1 12 2
587 622
1 12 2
63 621
1 2 2
268 296
1 7 2
53 267
1 6 2
338 44
1 10 2
444 74
1 7 2
29 40
1 12 2
464 363
1 7 2
12 147
1 11 2
445 126
1 15 2
231 388
1 6 2
59 620
1 13 2
610 572
1 11 2
122 631
1 9 2
155 397
1 10 2
483 224
1 12 2
302 475
1 2 2
554 109
1 11 2
453 677
1 13 2
149 537
1 15 2
568 176
1 11 2
34 291
1 2 2
292 195
1 6 2
211 244
1 14 2
638 644
1 5 2
607 20
1 3 2
250 43
1 5 2
363 465
1 5 2
457 617
1 4 2
488 680
1 10 2
151 656
1 4 2
394 204
1 4 2
243 541
1 5 2
309 525
1 2 2
622 656
1 11 2
459 94
1 9 2
310 386
1 5 2
310 243
1 12 2
449 344
1 10 2
545 401
1 5 2
247 634
1 10 2
332 633
1 12 2
369 649
1 4 2
343 474
1 9 2
485 683
1 2 2
455 435
1 10 2
325 91
1 15 2
283 293
1 6 2
558 20
1 9 2
537 66
1 9 2
449 399
1 4 2
273 176
1 13 2
248 119
1 12 2
290 34
1 12 2
639 351
1 13 2
269 95
1 4 2
187 500
1 15 2
663 198
1 12 2
127 513
1 12 2
548 637
1 9 2
542 85
1 10 2
482 197
1 13 2
608 664
1 12 2
327 211
1 4 2
116 346
1 14 2
364 203
1 6 2
378 320
1 11 2
179 203
1 12 2
58 99
1 7 2
216 57
1 11 2
648 30
1 11 2
186 343
1 13 2
89 573
1 10 2
478 183
1 11 2
323 296
1 12 2
202 596
1 4 2
691 103
1 5 2
631 352
1 3 2
626 340
1 13 2
2 35
1 11 2
585 454
1 11 2
202 228
1 3 2
444 339
1 7 2
177 126
1 10 2
598 615
1 14 2
94 161
1 8 2
231 458
1 15 2
249 526
1 9 2
528 67
1 14 2
57 681
1 5 2
635 266
1 2 2
222 584
1 10 2
217 519
1 5 2
431 258
1 8 2
201 3
1 7 2
502 384
1 14 2
167 295
1 8 2
505 35
1 14 2
110 105
1 14 2
379 523
1 8 2
265 189
1 6 2
95 571
1 10 2
289 470
1 5 2
217 282
1 3 2
154 225
1 3 2
67 282
1 11 2
157 450
1 12 2
127 458
1 11 2
196 638
1 15 2
527 603
1 14 2
410 159
1 2 2
105 156
1 13 2
396 62
1 10 2
256 388
1 15 2
207 648
1 9 2
576 243
1 3 2
508 166
1 3 2
292 592
1 15 2
387 293
1 10 2
104 46
1 9 2
411 441
1 11 2
38 68
1 15 2
675 12
1 6 2
1 90
1 9 2
2 429
1 9 2
301 149
1 4 2
127 190
1 11 2
276 615
1 2 2
55 181
1 14 2
442 659
1 10 2
518 102
1 9 2
223 279
1 2 2
418 318
1 7 2
533 340
1 10 2
488 689
1 2 2
399 589
1 12 2
238 230
1 7 2
217 375
1 10 2
540 206
1 2 2
344 566
1 15 2
306 652
1 8 2
317 355
1 15 2
576 374
1 4 2
307 208
1 8 2
517 16
1 7 2
23 36
1 3 2
287 135
1 4 2
435 238
1 9 2
226 414
1 3 2
699 157
1 10 2
690 14
1 13 2
151 699
1 14 2
153 498
1 15 2
399 537
1 8 2
93 50
1 3 2
15 74
1 13 2
576 170
1 12 2
167 668
1 14 2
534 51
1 15 2
232 498
1 3 2
620 173
1 12 2
471 670
1 14 2
556 690
1 8 2
140 143
1 7 2
141 46
1 13 2
667 125
1 6 2
414 677
1 12 2
466 22
1 4 2
374 237
1 11 2
441 671
1 3 2
376 328
1 3 2
696 264
1 13 2
355 112
1 9 2
308 75
1 11 2
399 367
1 8 2
211 145
1 2 2
501 357
1 5 2
113 634
1 7 2
219 52
1 7 2
374 579
1 5 2
571 481
1 5 2
371 338
1 3 2
565 300
1 15 2
354 298
1 11 2
368 280
1 11 2
544 631
1 15 2
192 456
1 4 2
507 566
1 3 2
94 41
1 9 2
276 84
1 14 2
386 81
1 7 2
120 206
1 7 2
537 605
1 9 2
99 615
1 14 2
358 128
1 2 2
234 255
1 9 2
498 350
1 5 2
1 143
1 11 2
645 687
1 13 2
139 401
1 2 2
66 516
1 14 2
290 64
1 8 2
122 225
1 14 2
60 426
1 2 2
277 4
1 4 2
389 557
1 5 2
686 460
1 5 2
478 422
1 15 2
561 665
1 3 2
565 549
1 4 2
299 543
1 11 2
614 188
1 13 2
451 466
1 7 2
524 294
1 11 2
41 517
1 12 2
101 54
1 4 2
599 82
1 7 2
287 62
1 11 2
481 638
1 14 2
625 397
1 10 2
146 604
1 13 2
198 189
1 7 2
107 341
1 8 2
613 381
1 12 2
303 125
1 7 2
284 580
1 10 2
143 548
1 4 2
603 573
1 5 2
161 683
1 12 2
421 575
1 6 2
438 560
1 8 2
275 392
1 12 2
66 309
1 7 2
271 102
1 7 2
514 67
1 5 2
419 256
1 12 2
221 100
1 10 2
320 476
1 12 2
111 113
1 5 2
323 349
1 11 2
295 203
1 15 2
422 354
1 12 2
548 163
1 5 2
671 615
1 15 2
29 190
1 7 2
618 345
1 12 2
458 264
1 10 2
263 123
1 2 2
250 652
1 4 2
43 603
1 15 2
427 342
1 4 2
188 83
1 14 2
367 504
1 5 2
137 376
1 2 2
584 292
1 9 2
524 39
1 5 2
343 385
1 10 2
665 201
1 4 2
653 662
1 15 2
505 138
1 3 2
261 436
1 3 2
482 432
1 8 2
375 573
1 4 2
449 105
1 8 2
142 641
1 7 2
295 104
1 7 2
521 426
1 11 2
523 222
1 2 2
481 455
1 15 2
0 657
1 9 2
699 682
1 7 2
438 433
1 12 2
236 342
1 6 2
10 68
1 5 2
94 469
1 4 2
489 517
1 10 2
213 530
1 6 2
305 462
1 15 2
569 371
1 13 2
535 302
1 10 2
324 649
1 10 2
150 524
1 8 2
257 11
1 3 2
369 101
1 4 2
319 670
1 2 2
470 492
1 8 2
600 61
1 7 2
638 138
1 9 2
526 311
1 5 2
211 393
1 7 2
308 535
1 8 2
231 358
1 8 2
315 548
1 14 2
346 273
1 7 2
654 124
1 8 2
455 462
1 7 2
50 32
1 9 2
333 470
1 10 2
570 555
1 12 2
37 451
1 9 2
505 662
1 13 2
570 337
1 8 2
654 289
1 15 2
521 242
1 10 2
451 657
1 8 2
600 588
1 7 2
356 326
1 6 2
297 679
1 2 2
118 233
1 15 2
635 639
1 5 2
328 301
1 12 2
166 467
1 7 2
466 352
1 10 2
202 294
1 15 2
462 273
1 11 2
452 170
1 11 2
108 14
1 7 2
426 326
1 9 2
482 495
1 8 2
140 274
1 7 2
564 307
1 12 2
652 232
1 12 2
657 365
1 13 2
83 259
1 4 2
687 446
1 13 2
373 258
1 8 2
194 665
1 9 2
235 174
1 2 2
517 671
1 13 2
658 113
1 9 2
386 366
1 4 2
168 345
1 3 2
101 322
1 14 2
58 282
1 13 2
247 319
1 2 2
380 291
1 11 2
689 592
1 4 2
380 510
1 15 2
50 132
1 4 2
51 229
1 11 2
214 96
1 3 2
538 403
1 9 2
416 391
1 10 2
317 576
1 4 2
214 120
1 4 2
408 479
1 2 2
641 58
1 2 2
358 88
1 2 2
112 512
1 2 2
256 558
1 5 2
107 506
1 13 2
289 196
1 11 2
270 255
1 3 2
461 280
1 8 2
305 116
1 6 2
280 295
1 10 2
444 340
1 3 2
645 69
1 11 2
86 420
1 4 2
578 437
1 11 2
38 203
1 4 2
363 11
1 9 2
184 298
1 11 2
581 555
1 5 2
51 699
1 13 2
103 466
1 2 2
672 309
1 14 2
82 198
1 8 2
323 192
1 9 2
147 378
1 10 2
70 72
1 15 2
447 30
1 11 2
157 577
1 12 2
312 387
1 10 2
489 440
1 11 2
226 471
1 7 2
29 198
1 13 2
62 72
1 12 2
317 582
1 12 2
566 167
1 15 2
364 6
1 11 2
311 213
1 14 2
646 161
1 11 2
139 599
1 14 2
129 328
1 11 2
103 128
1 11 2
125 119
1 4 2
430 266
1 12 2
58 94
1 15 2
472 498
1 13 2
554 46
1 12 2
154 172
1 8 2
98 58
1 4 2
210 671
1 4 2
43 303
1 7 2
623 487
1 11 2
435 511
1 9 2
58 168
1 6 2
454 672
1 10 2
136 495
1 3 2
368 180
1 6 2
58 107
1 4 2
595 532
1 6 2
280 693
1 11 2
360 18
1 8 2
415 54
1 10 2
297 432
1 9 2
120 123
1 2 2
513 410
1 9 2
263 505
1 9 2
670 152
1 3 2
78 496
1 12 2
204 479
1 9 2
479 123
1 4 2
16 3
1 2 2
680 410
1 2 2
54 330
1 14 2
19 49
1 14 2
486 8
1 15 2
90 224
1 13 2
475 553
1 5 2
563 558
1 8 2
136 505
1 2 2
229 343
1 9 2
269 363
1 3 2
625 292
1 4 2
150 161
1 3 2
470 357
1 11 2
495 260
1 11 2
89 81
1 9 2
681 289
1 5 2
696 37
1 12 2
74 537
1 12 2
552 405
1 12 2
34 337
1 11 2
485 26
1 4 2
119 76
1 10 2
673 463
1 12 2
574 16
1 9 2
316 407
1 6 2
46 307
1 8 2
393 486
1 10 2
159 392
1 3 2
237 535
1 14 2
77 232
1 5 2
132 208
1 6 2
514 50
1 3 2
121 60
1 9 2
514 77
1 8 2
347 656
1 4 2
5 191
1 8 2
601 587
1 2 2
227 280
1 5 2
325 28
1 6 2
50 565
1 11 2
236 302
1 7 2
320 494
1 3 2
204 349
1 9 2
546 380
1 3 2
425 325
1 15 2
67 307
1 12 2
107 123
1 7 2
370 565
1 7 2
229 233
1 13 2
15 490
1 4 2
404 455
1 6 2
245 231
1 9 2
541 687
1 6 2
360 180
1 2 2
275 644
1 2 2
355 553
1 3 2
526 64
1 2 2
654 32
1 15 2
188 367
1 4 2
418 160
1 9 2
638 671
1 10 2
68 546
1 2 2
696 476
1 4 2
253 501
1 10 2
67 325
1 2 2
572 360
1 2 2
225 501
1 8 2
699 448
1 8 2
171 332
1 5 2
0 608
1 10 2
489 6
1 8 2
289 175
1 14 2
669 15
1 11 2
472 286
1 15 2
561 142
1 7 2
593 608
1 13 2
174 203
1 3 2
231 56
1 7 2
371 474
1 15 2
698 51
1 15 2
180 494
1 15 2
381 20
1 10 2
304 8
1 8 2
195 558
1 8 2
524 399
1 6 2
87 246
1 9 2
194 682
1 14 2
346 344
1 5 2
262 362
1 7 2
135 202
1 11 2
85 268
1 8 2
261 394
1 9 2
223 360
1 10 2
641 613
1 10 2
111 97
1 8 2
237 101
1 14 2
554 382
1 2 2
445 119
1 9 2
58 375
1 5 2
172 453
1 2 2
347 425
1 8 2
289 91
1 15 2
145 10
1 8 2
665 415
1 8 2
396 482
1 13 2
303 322
1 12 2
136 210
1 8 2
86 568
1 7 2
70 357
1 12 2
133 455
1 2 2
269 224
1 15 2
120 208
1 10 2
108 463
1 3 2
68 618
1 11 2
407 65
1 8 2
207 415
1 8 2
524 284
1 2 2
678 459
1 4 2
313 503
1 10 2
546 623
1 2 2
257 397
1 2 2
694 62
1 8 2
565 515
1 4 2
512 340
1 15 2
64 674
1 4 2
568 171
1 11 2
468 653
1 8 2
518 315
1 7 2
497 416
1 10 2
628 122
1 6 2
238 651
1 3 2
645 498
1 8 2
80 540
1 11 2
224 602
1 4 2
272 537
1 3 2
596 145
1 2 2
354 298
1 11 2
40 298
1 6 2
21 495
1 8 2
52 237
1 11 2
331 18
1 9 2
1 507
1 9 2
99 253
1 7 2
106 253
1 14 2
110 506
1 8 2
10 240
1 2 2
88 271
1 8 2
540 130
1 15 2
190 523
1 15 2
6 158
1 4 2
99 339
1 11 2
105 296
1 6 2
4 106
1 5 2
440 641
1 2 2
467 671
1 7 2
167 564
1 6 2
581 51
1 13 2
134 471
1 4 2
676 79
1 11 2
341 276
1 12 2
178 235
1 2 2
255 635
1 11 2
278 671
1 13 2
510 634
1 4 2
610 695
1 4 2
570 75
1 8 2
317 254
1 14 2
259 195
1 6 2
553 84
1 3 2
113 21
1 9 2
84 409
1 6 2
257 237
1 12 2
78 696
1 3 2
293 188
1 13 2
125 141
1 3 2
539 285
1 14 2
250 258
1 5 2
426 85
1 15 2
598 247
1 5 2
219 206
1 6 2
652 116
1 13 2
9 591
1 14 2
460 621
1 3 2
657 39
1 7 2
695 560
1 8 2
254 675
1 15 2
697 62
1 11 2
345 238
1 10 2
570 400
1 13 2
409 624
1 14 2
384 437
1 6 2
141 94
1 13 2
337 244
1 7 2
499 196
1 6 2
73 117
1 5 2
363 392
1 12 2
554 56
1 11 2
693 315
1 2 2
464 412
1 6 2
283 386
1 4 2
195 286
1 5 2
359 293
1 10 2
318 179
1 9 2
500 652
1 10 2
514 167
1 15 2
470 510
1 14 2
78 71
1 8 2
617 605
1 11 2
44 556
1 10 2
219 182
1 15 2
653 609
1 2 2
461 188
1 10 2
267 372
1 14 2
205 454
1 15 2
70 215
1 3 2
603 225
1 3 2
586 442
1 12 2
323 494
1 6 2
198 444
1 6 2
230 412
1 5 2
190 683
1 9 2
493 606
1 12 2
248 191
1 15 2
506 327
1 13 2
632 245
1 8 2
513 313
1 4 2
115 667
1 6 2
132 641
1 14 2
690 272
1 15 2
678 473
1 10 2
92 36
1 12 2
373 683
1 15 2
571 659
1 2 2
265 618
1 6 2
503 176
1 7 2
41 80
1 8 2
40 140
1 13 2
76 290
1 5 2
29 376
1 11 2
150 170
1 9 2
290 372
1 2 2
643 259
1 2 2
686 425
1 4 2
0 580
1 15 2
215 578
1 14 2
628 480
1 14 2
162 179
1 15 2
4 426
1 12 2
475 466
1 5 2
563 404
1 6 2
67 415
1 11 2
462 543
1 13 2
381 626
1 8 2
402 357
1 2 2
688 234
1 2 2
618 428
1 5 2
19 683
1 6 2
263 46
1 11 2
649 677
1 4 2
72 471
1 14 2
112 376
1 11 2
518 397
1 15 2
114 118
1 14 2
42 376
1 8 2
482 38
1 2 2
641 620
1 7 2
665 91
1 13 2
686 598
1 4 2
83 476
1 7 2
348 36
1 7 2
148 128
1 2 2
548 581
1 11 2
168 536
1 6 2
226 0
1 11 2
477 229
1 6 2
302 347
1 3 2
52 319
1 3 2
65 160
1 7 2
24 567
1 14 2
228 464
1 7 2
603 264
1 3 2
223 84
1 13 2
291 483
1 3 2
687 361
1 4 2
491 382
1 13 2
504 322
1 4 2
385 299
1 7 2
78 500
1 2 2
6 52
1 11 2
593 297
1 8 2
560 14
1 3 2
78 116
1 6 2
75 605
1 8 2
438 34
1 9 2
590 50
1 9 2
149 111
1 4 2
505 670
1 7 2
479 223
1 14 2
261 365
1 5 2
519 387
1 8 2
248 300
1 12 2
122 106
1 12 2
294 667
1 12 2
251 480
1 3 2
145 687
1 5 2
114 318
1 14 2
555 556
1 9 2
598 171
1 6 2
555 141
1 13 2
26 547
1 15 2
674 92
1 15 2
48 64
1 7 2
370 586
1 10 2
607 312
1 7 2
19 134
1 7 2
203 681
1 11 2
88 306
1 4 2
436 120
1 8 2
27 698
1 6 2
128 460
1 6 2
441 78
1 2 2
214 628
1 2 2
126 368
1 7 2
218 656
1 8 2
418 137
1 8 2
296 138
1 2 2
175 228
1 4 2
405 340
1 11 2
404 337
1 13 2
51 231
1 13 2
12 546
1 15 2
194 604
1 13 2
55 235
1 10 2
619 1
1 11 2
344 481
1 2 2
633 294
1 15 2
547 95
1 8 2
276 539
1 3 2
607 659
1 6 2
336 106
1 14 2
423 350
1 5 2
108 678
1 8 2
475 258
1 4 2
527 22
1 2 2
554 519
1 8 2
482 252
1 3 2
352 147
1 3 2
97 602
1 5 2
435 192
1 9 2
306 439
1 8 2
525 153
1 3 2
520 658
1 15 2
404 669
1 11 2
549 389
1 11 2
688 2
1 13 2
184 31
1 7 2
586 618
1 13 2
577 558
1 11 2
528 548
1 5 2
415 260
1 10 2
458 642
1 6 2
65 130
1 8 2
613 522
1 14 2
661 525
1 3 2
165 309
1 15 2
418 186
1 3 2
131 355
1 6 2
83 255
1 10 2
358 195
1 5 2
628 461
1 15 2
185 449
1 11 2
65 686
1 4 2
515 332
1 12 2
568 575
1 6 2
124 310
1 2 2
217 292
1 8 2
434 424
1 5 2
61 221
1 15 2
31 19
1 13 2
108 318
1 6 2
23 346
1 15 2
622 624
1 2 2
504 315
1 14 2
610 204
1 10 2
397 207
1 3 2
155 332
1 4 2
342 43
1 9 2
528 491
1 14 2
638 84
1 4 2
400 440
1 3 2
643 330
1 10 2
491 207
1 7 2
231 546
1 3 2
218 157
1 6 2
588 24
1 2 2
371 507
1 13 2
419 380
1 15 2
672 262
1 4 2
199 233
1 7 2
6 401
1 11 2
659 234
1 5 2
260 165
1 9 2
63 363
1 14 2
60 324
1 13 2
234 78
1 12 2
128 515
1 4 2
87 591
1 4 2
83 236
1 13 2
27 422
1 7 2
277 207
1 9 2
113 414
1 11 2
568 432
1 10 2
258 248
1 14 2
568 97
1 10 2
621 85
1 15 2
185 411
1 12 2
318 13
1 14 2
109 418
1 13 2
175 385
1 8 2
143 631
1 15 2
319 181
1 9 2
363 40
1 2 2
675 444
1 4 2
438 593
1 14 2
540 696
1 2 2
354 23
1 2 2
649 635
1 10 2
115 539
1 9 2
37 571
1 13 2
321 237
1 2 2
17 134
1 3 2
531 262
1 14 2
42 402
1 4 2
517 427
1 12 2
23 279
1 15 2
421 657
1 11 2
38 657
1 5 2
457 341
1 7 2
571 81
1 2 2
676 280
1 12 2
101 68
1 6 2
14 525
1 10 2
215 433
1 7 2
26 561
1 6 2
242 225
1 3 2
182 23
1 9 2
544 564
1 9 2
296 276
1 11 2
132 125
1 7 2
361 498
1 14 2
40 692
1 12 2
312 490
1 5 2
275 320
1 15 2
265 382
1 13 2
487 409
1 9 2
155 504
1 2 2
304 132
1 2 2
349 194
1 14 2
185 691
1 8 2
99 163
1 2 2
288 356
1 5 2
554 321
1 13 2
234 451
1 8 2
484 619
1 8 2
571 619
1 5 2
663 119
1 6 2
268 297
1 4 2
129 483
1 2 2
567 572
1 3 2
525 175
1 7 2
681 482
1 10 2
516 638
1 15 2
608 211
1 8 2
170 618
1 9 2
28 637
1 10 2
129 338
1 15 2
112 575
1 11 2
230 296
1 5 2
259 134
1 13 2
517 3
1 15 2
341 432
1 8 2
640 442
1 7 2
461 30
1 2 2
114 438
1 8 2
555 30
1 8 2
445 86
1 12 2
229 278
1 10 2
463 280
1 15 2
525 408
1 8 2
473 455
1 5 2
462 288
1 5 2
422 656
1 11 2
473 208
1 5 2
282 189
1 12 2
595 204
1 13 2
40 674
1 13 2
96 271
1 9 2
404 541
1 4 2
21 542
1 3 2
466 43
1 2 2
382 86
1 13 2
584 385
1 6 2
568 502
1 9 2
574 236
1 7 2
591 143
1 6 2
398 206
1 8 2
532 12
1 9 2
279 362
1 11 2
542 666
1 12 2
675 74
1 4 2
392 245
1 4 2
441 379
1 3 2
57 581
1 5 2
398 588
1 5 2
424 285
1 15 2
171 365
1 15 2
689 42
1 13 2
288 49
1 15 2
440 414
1 9 2
409 517
1 9 2
619 371
1 15 2
409 543
1 5 2
307 17
1 11 2
303 537
1 12 2
2 296
1 6 2
473 337
1 14 2
674 559
1 4 2
155 176
1 10 2
363 20
1 9 2
647 294
1 10 2
146 437
1 4 2
337 470
1 10 2
143 589
1 11 2
505 607
1 7 2
206 631
1 4 2
271 496
1 14 2
586 626
1 12 2
112 372
1 12 2
328 625
1 7 2
430 125
1 2 2
443 150
1 14 2
256 437
1 4 2
589 400
1 10 2
679 0
1 4 2
9 62
1 11 2
464 296
1 6 2
38 3
1 9 2
473 194
1 6 2
248 343
1 13 2
522 204
1 10 2
81 163
1 4 2
270 429
1 9 2
100 311
1 8 2
152 360
1 14 2
552 613
1 6 2
19 347
1 5 2
322 27
1 13 2
460 242
1 13 2
110 345
1 5 2
311 40
1 8 2
200 561
1 7 2
261 140
1 7 2
490 113
1 7 2
408 85
1 6 2
110 134
1 6 2
438 404
1 6 2
274 597
1 9 2
222 591
1 3 2
43 562
1 8 2
181 134
1 13 2
167 135
1 4 2
585 206
1 12 2
382 440
1 5 2
258 539
1 10 2
200 91
1 12 2
576 673
1 7 2
240 587
1 14 2
576 203
1 10 2
82 204
1 8 2
352 195
1 7 2
572 357
1 6 2
120 442
1 2 2
139 303
1 2 2
197 649
1 9 2
420 353
1 10 2
441 29
1 2 2
463 295
1 3 2
580 412
1 12 2
487 265
1 2 2
488 49
1 10 2
264 95
1 13 2
648 512
1 5 2
451 137
1 4 2
666 51
1 8 2
391 324
1 8 2
80 367
1 5 2
485 76
1 8 2
117 425
1 6 2
266 159
1 12 2
374 472
1 10 2
77 548
1 3 2
155 331
1 7 2
258 371
1 7 2
244 261
1 12 2
165 8
1 7 2
449 157
1 8 2
634 314
1 7 2
446 449
1 6 2
438 506
1 6 2
167 46
1 13 2
663 626
1 15 2
313 436
1 4 2
372 218
1 9 2
445 412
1 10 2
549 24
1 9 2
362 275
1 8 2
309 263
1 13 2
144 635
1 2 2
351 366
1 14 2
561 90
1 7 2
20 439
1 11 2
97 154
1 8 2
672 648
1 13 2
134 117
1 9 2
246 621
1 6 2
310 149
1 14 2
211 671
1 15 2
134 118
1 6 2
239 453
1 13 2
616 670
1 2 2
30 371
1 7 2
210 244
1 2 2
414 488
1 11 2
109 171
1 7 2
296 676
1 2 2
274 101
1 4 2
25 59
1 3 2
603 265
1 15 2
416 375
1 12 2
362 550
1 14 2
55 646
1 3 2
375 181
1 6 2
319 512
1 3 2
607 153
1 10 2
141 396
1 15 2
218 199
1 15 2
245 562
1 2 2
640 393
1 5 2
547 285
1 8 2
506 388
1 12 2
390 216
1 5 2
240 144
1 3 2
30 319
1 7 2
664 404
1 14 2
453 482
1 7 2
295 312
1 9 2
679 377
1 10 2
617 185
1 10 2
184 455
1 15 2
584 308
1 14 2
595 675
1 12 2
69 322
1 5 2
532 343
1 7 2
38 605
1 13 2
576 316
1 10 2
402 565
1 13 2
408 242
1 2 2
63 560
1 7 2
49 580
1 11 2
462 667
1 7 2
463 579
1 14 2
424 412
1 4 2
632 15
1 5 2
67 263
1 9 2
419 342
1 13 2
453 428
1 10 2
591 493
1 14 2
132 324
1 7 2
240 279
1 10 2
292 46
1 14 2
640 66
1 13 2
661 360
1 10 2
27 218
1 3 2
65 580
1 12 2
233 513
1 10 2
426 329
1 10 2
422 549
1 8 2
350 511
1 8 2
268 608
1 11 2
92 361
1 8 2
343 300
1 8 2
58 13
1 5 2
195 147
1 3 2
273 297
1 14 2
406 210
1 14 2
349 107
1 9 2
418 325
1 5 2
351 292
1 8 2
484 662
1 6 2
122 62
1 3 2
405 453
1 13 2
646 65
1 7 2
422 215
1 12 2
482 541
1 13 2
194 288
1 3 2
658 23
1 8 2
33 151
1 13 2
22 254
1 15 2
433 155
1 15 2
483 256
1 3 2
425 479
1 2 2
111 327
1 10 2
29 246
1 2 2
408 228
1 5 2
557 112
1 8 2
193 356
1 8 2
148 610
1 4 2
512 270
1 10 2
247 299
1 2 2
408 655
1 7 2
674 29
1 15 2
392 98
1 5 2
143 56
1 5 2
3 602
1 11 2
184 256
1 8 2
115 227
1 14 2
190 303
1 13 2
483 122
1 10 2
275 9
1 3 2
279 657
1 7 2
509 360
1 9 2
319 536
1 13 2
569 222
1 8 2
100 117
1 12 2
38 95
1 12 2
284 472
1 13 2
273 584
1 15 2
663 532
1 12 2
1 296
1 5 2
573 522
1 6 2
196 128
1 13 2
118 359
1 15 2
211 22
1 5 2
174 108
1 14 2
348 685
1 8 2
695 296
1 7 2
591 303
1 9 2
347 197
1 3 2
585 40
1 14 2
675 422
1 6 2
351 183
1 6 2
362 653
1 6 2
550 665
1 15 2
558 253
1 15 2
0 432
1 3 2
339 205
1 7 2
565 244
1 2 2
594 371
1 13 2
61 511
1 15 2
285 115
1 15 2
651 373
1 10 2
15 88
1 3 2
431 212
1 10 2
127 672
1 4 2
268 246
1 4 2
254 495
1 11 2
424 650
1 5 2
376 492
1 12 2
207 367
1 11 2
353 526
1 14 2
510 649
1 10 2
641 278
1 15 2
316 19
1 11 2
668 639
1 7 2
530 334
1 7 2
150 138
1 3 2
311 451
1 11 2
253 535
1 8 2
662 380
1 8 2
120 392
1 14 2
654 131
1 8 2
383 188
1 9 2
486 620
1 6 2
16 30
1 6 2
2 504
1 14 2
106 138
1 11 2
270 569
1 8 2
26 310
1 13 2
368 257
1 7 2
488 615
1 14 2
602 214
1 10 2
471 532
1 10 2
421 415
1 14 2
270 10
1 12 2
585 386
1 7 2
159 27
1 12 2
325 82
1 4 2
485 60
1 12 2
2 372
1 6 2
282 407
1 7 2
448 213
1 4 2
33 205
1 13 2
434 180
1 6 2
478 122
1 15 2
57 401
1 12 2
578 478
1 11 2
210 650
1 7 2
428 340
1 8 2
257 666
1 8 2
238 426
1 13 2
657 159
1 13 2
612 149
1 4 2
526 44
1 7 2
54 334
1 15 2
387 247
1 11 2
376 19
1 2 2
76 320
1 2 2
667 42
1 9 2
338 122
1 2 2
595 651
1 11 2
504 403
1 12 2
528 350
1 14 2
474 346
1 7 2
683 567
1 6 2
385 418
1 7 2
10 247
1 11 2
419 443
1 8 2
15 25
1 12 2
616 85
1 2 2
629 435
1 6 2
545 51
1 13 2
216 516
1 4 2
211 608
1 15 2
298 374
1 12 2
666 98
1 3 2
444 192
1 14 2
563 495
1 6 2
374 680
1 2 2
660 601
1 9 2
382 149
1 9 2
213 490
1 7 2
496 437
1 3 2
122 117
1 8 2
325 196
1 6 2
191 62
1 13 2
667 309
1 11 2
395 165
1 7 2
134 334
1 7 2
226 164
1 14 2
403 419
1 3 2
127 272
1 2 2
332 218
1 9 2
330 256
1 15 2
457 468
1 3 2
410 358
1 13 2
195 573
1 13 2
616 318
1 15 2
285 688
1 13 2
270 231
1 11 2
47 618
1 13 2
216 592
1 10 2
232 599
1 10 2
278 579
1 2 2
425 296
1 7 2
140 62
1 12 2
600 410
1 6 2
659 210
1 6 2
16 214
1 2 2
664 239
1 11 2
54 124
1 12 2
30 604
1 13 2
147 90
1 3 2
29 191
1 15 2
340 357
1 14 2
263 538
1 9 2
475 33
1 10 2
686 159
1 14 2
203 30
1 7 2
353 362
1 10 2
164 457
1 14 2
24 578
1 3 2
507 198
1 14 2
17 30
1 10 2
215 266
1 6 2
489 158
1 5 2
119 54
1 13 2
6 302
1 6 2
54 403
1 7 2
651 362
1 11 2
414 29
1 8 2
49 325
1 14 2
281 613
1 15 2
200 193
1 8 2
36 29
1 2 2
395 315
1 3 2
604 491
1 12 2
626 230
1 13 2
487 640
1 8 2
537 172
1 15 2
427 180
1 2 2
0 579
1 13 2
564 455
1 13 2
437 361
1 10 2
240 230
1 3 2
93 5
1 3 2
609 244
1 8 2
545 32
1 4 2
371 506
1 13 2
191 316
1 14 2
515 424
1 13 2
471 635
1 8 2
279 645
1 14 2
645 308
1 12 2
508 94
1 11 2
121 432
1 14 2
565 627
1 12 2
205 23
1 10 2
610 454
1 13 2
699 131
1 10 2
675 206
1 2 2
572 381
1 9 2
656 207
1 11 2
551 131
1 10 2
334 541
1 15 2
165 164
1 13 2
10 257
1 14 2
423 317
1 4 2
255 607
1 5 2
76 351
1 5 2
90 543
1 8 2
24 346
1 2 2
372 251
1 9 2
318 697
1 9 2
544 530
1 9 2
496 438
1 11 2
76 655
1 12 2
113 659
1 12 2
189 251
1 14 2
337 206
1 8 2
185 308
1 10 2
521 79
1 11 2
207 40
1 10 2
255 79
1 4 2
415 619
1 15 2
585 25
1 6 2
262 212
1 2 2
294 402
1 5 2
95 542
1 11 2
400 611
1 7 2
503 290
1 7 2
161 626
1 5 2
527 105
1 12 2
96 4
1 13 2
677 683
1 8 2
559 212
1 14 2
77 256
1 10 2
417 159
1 6 2
215 11
1 7 2
483 472
1 7 2
139 382
1 14 2
643 444
1 3 2
390 128
1 7 2
490 631
1 5 2
312 306
1 14 2
88 633
1 3 2
378 693
1 9 2
37 565
1 11 2
99 30
1 10 2
414 503
1 8 2
184 471
1 7 2
668 220
1 3 2
101 129
1 14 2
152 366
1 5 2
655 280
1 15 2
486 430
1 4 2
550 295
1 7 2
14 585
1 8 2
616 430
1 8 2
262 487
1 9 2
689 157
1 4 2
253 71
1 10 2
515 489
1 6 2
133 643
1 9 2
359 461
1 9 2
109 322
1 13 2
45 58
1 10 2
7 301
1 6 2
186 401
1 4 2
195 554
1 9 2
622 687
1 2 2
167 460
1 13 2
367 340
1 3 2
550 274
1 4 2
448 398
1 12 2
245 354
1 14 2
361 324
1 7 2
282 404
1 12 2
574 80
1 14 2
465 280
1 12 2
565 259
1 8 2
577 145
1 7 2
483 30
1 14 2
359 444
1 15 2
357 518
1 5 2
58 571
1 5 2
299 518
1 2 2
406 636
1 10 2
333 630
1 2 2
5 228
1 3 2
400 137
1 6 2
311 283
1 9 2
665 625
1 10 2
73 223
1 9 2
528 424
1 15 2
508 459
1 3 2
375 657
1 6 2
491 404
1 7 2
664 296
1 11 2
477 470
1 8 2
254 269
1 14 2
43 421
1 15 2
669 23
1 15 2
189 378
1 14 2
663 156
1 15 2
305 54
1 2 2
563 136
1 6 2
486 629
1 10 2
530 10
1 13 2
496 22
1 6 2
43 396
1 14 2
533 623
1 6 2
296 133
1 12 2
613 60
1 11 2
121 394
1 11 2
287 285
1 15 2
153 649
1 4 2
243 323
1 8 2
456 528
1 4 2
83 45
1 14 2
456 416
1 10 2
18 511
1 14 2
133 553
1 14 2
422 543
1 14 2
293 363
1 14 2
652 69
1 8 2
290 281
1 7 2
243 470
1 12 2
99 27
1 6 2
660 672
1 13 2
127 488
1 7 2
198 133
1 6 2
78 109
1 2 2
448 460
1 8 2
377 407
1 2 2
425 350
1 3 2
560 112
1 11 2
315 359
1 13 2
364 278
1 5 2
242 598
1 7 2
275 449
1 12 2
308 335
1 9 2
246 110
1 13 2
208 155
1 5 2
631 695
1 7 2
649 412
1 11 2
345 477
1 8 2
260 626
1 3 2
392 490
1 15 2
421 391
1 6 2
621 250
1 10 2
244 644
1 7 2
375 50
1 13 2
121 21
1 12 2
418 407
1 3 2
557 93
1 11 2
92 335
1 13 2
343 227
1 14 2
386 406
1 5 2
62 539
1 3 2
134 408
1 6 2
10 245
1 7 2
358 28
1 8 2
584 194
1 5 2
660 649
1 8 2
418 657
1 10 2
275 88
1 13 2
82 558
1 14 2
187 284
1 6 2
18 410
1 4 2
175 484
1 9 2
37 632
1 8 2
79 116
1 4 2
25 269
1 5 2
503 21
1 12 2
138 419
1 14 2
494 152
1 14 2
646 431
1 5 2
193 143
1 14 2
640 579
1 9 2
504 523
1 4 2
370 401
1 3 2
146 97
1 3 2
358 448
1 12 2
333 699
1 3 2
651 396
1 9 2
70 310
1 10 2
636 326
1 10 2
638 677
1 9 2
115 344
1 4 2
169 623
1 14 2
367 462
1 5 2
646 458
1 11 2
344 128
1 6 2
647 261
1 12 2
610 420
1 9 2
170 61
1 14 2
597 400
1 11 2
218 387
1 11 2
567 108
1 3 2
138 100
1 11 2
592 634
1 13 2
99 585
1 9 2
447 216
1 14 2
698 32
1 12 2
169 380
1 2 2
116 157
1 3 2
169 114
1 6 2
264 465
1 14 2
571 133
1 2 2
46 520
1 10 2
493 699
1 15 2
74 151
1 9 2
363 453
1 12 2
83 672
1 3 2
116 50
1 3 2
542 680
1 2 2
319 522
1 9 2
665 104
1 4 2
188 486
1 2 2
463 6
1 5 2
411 473
1 2 2
631 449
1 14 2
379 659
1 10 2
686 49
1 13 2
651 210
1 8 2
537 271
1 6 2
487 173
1 10 2
428 661
1 5 2
198 551
1 8 2
62 66
1 13 2
678 500
1 7 2
186 37
1 9 2
657 649
1 9 2
228 158
1 5 2
247 640
1 3 2
572 16
1 4 2
121 316
1 15 2
518 411
1 3 2
537 286
1 4 2
670 507
1 4 2
457 419
1 9 2
274 51
1 4 2
93 435
1 3 2
120 510
1 13 2
422 24
1 13 2
429 20
1 3 2
653 254
1 11 2
95 425
1 13 2
607 209
1 3 2
652 274
1 14 2
242 451
1 14 2
396 3
1 7 2
489 697
1 12 2
396 613
1 15 2
199 346
1 3 2
478 25
1 15 2
213 43
1 8 2
541 139
1 5 2
256 654
1 5 2
532 313
1 9 2
389 574
1 15 2
279 91
1 6 2
580 604
1 15 2
504 146
1 10 2
412 210
1 14 2
23 375
1 10 2
530 545
1 7 2
603 131
1 4 2
109 532
1 6 2
472 690
1 9 2
256 671
1 14 2
480 73
1 12 2
14 30
1 13 2
613 688
1 7 2
281 594
1 14 2
642 574
1 6 2
537 661
1 11 2
263 630
1 4 2
436 571
1 5 2
627 393
1 11 2
151 554
1 12 2
626 606
1 6 2
158 59
1 4 2
26 683
1 8 2
12 110
1 8 2
152 504
1 7 2
559 240
1 13 2
276 57
1 12 2
55 661
1 9 2
295 383
1 15 2
281 582
1 6 2
348 62
1 15 2
395 353
1 15 2
449 537
1 7 2
298 456
1 6 2
118 339
1 15 2
432 567
1 14 2
61 222
1 14 2
198 312
1 14 2
311 578
1 9 2
230 579
1 11 2
225 54
1 8 2
137 292
1 12 2
251 599
1 8 2
343 598
1 15 2
203 193
1 2 2
306 217
1 5 2
305 573
1 7 2
295 504
1 2 2
524 10
1 10 2
440 106
1 3 2
387 187
1 14 2
428 609
1 14 2
409 235
1 3 2
14 530
1 7 2
349 478
1 3 2
353 571
1 11 2
117 45
1 11 2
105 400
1 13 2
442 346
1 6 2
245 246
1 7 2
689 215
1 2 2
302 354
1 12 2
167 263
1 15 2
144 140
1 6 2
167 426
1 6 2
162 347
1 12 2
77 456
1 12 2
699 658
1 6 2
314 635
1 11 2
42 340
1 5 2
213 687
1 3 2
264 401
1 5 2
243 596
1 2 2
50 105
1 5 2
681 125
1 8 2
609 452
1 12 2
126 138
1 14 2
655 74
1 3 2
72 515
1 8 2
201 454
1 6 2
139 622
1 15 2
181 11
1 11 2
369 611
1 12 2
507 607
1 11 2
146 40
1 11 2
316 134
1 3 2
416 329
1 4 2
430 328
1 5 2
178 641
1 4 2
585 502
1 2 2
524 333
1 9 2
14 101
1 12 2
622 240
1 6 2
651 681
1 14 2
43 178
1 7 2
282 666
1 4 2
285 608
1 9 2
584 238
1 4 2
112 687
1 6 2
304 560
1 13 2
501 18
1 9 2
383 480
1 5 2
53 177
1 13 2
394 484
1 14 2
495 501
1 4 2
652 535
1 9 2
113 492
1 8 2
99 567
1 7 2
51 446
1 7 2
210 484
1 12 2
123 679
1 5 2
143 267
1 13 2
272 234
1 13 2
163 234
1 8 2
482 570
1 8 2
463 308
1 5 2
34 578
1 7 2
509 76
1 7 2
649 148
1 6 2
665 180
1 7 2
256 273
1 9 2
412 10
1 14 2
379 205
1 14 2
450 105
1 10 2
361 32
1 2 2
99 583
1 9 2
533 559
1 6 2
289 516
1 10 2
66 368
1 14 2
253 45
1 2 2
405 59
1 2 2
533 257
1 11 2
242 577
1 9 2
161 375
1 6 2
169 584
1 8 2
435 240
1 10 2
539 556
1 3 2
675 261
1 5 2
81 74
1 5 2
321 504
1 2 2
184 55
1 6 2
199 621
1 10 2
684 656
1 12 2
642 16
1 13 2
494 142
1 10 2
229 462
1 4 2
315 248
1 12 2
205 449
1 14 2
449 306
1 9 2
409 197
1 15 2
326 489
1 10 2
360 432
1 11 2
544 137
1 7 2
641 340
1 7 2
120 408
1 8 2
369 178
1 12 2
449 579
1 4 2
55 596
1 4 2
413 257
1 9 2
149 356
1 5 2
390 492
1 13 2
649 469
1 14 2
482 623
1 7 2
453 365
1 3 2
432 293
1 2 2
308 538
1 6 2
539 115
1 10 2
77 120
1 12 2
411 59
1 4 2
460 100
1 4 2
440 186
1 8 2
414 183
1 11 2
493 27
1 7 2
578 67
1 5 2
315 503
1 14 2
0 58
1 15 2
241 201
1 11 2
598 203
1 11 2
323 171
1 4 2
308 683
1 11 2
684 666
1 9 2
545 10
1 13 2
592 7
1 3 2
547 241
1 12 2
676 350
1 2 2
291 117
1 5 2
14 664
1 2 2
361 1
1 9 2
550 50
1 11 2
626 546
1 8 2
351 139
1 12 2
116 93
1 2 2
180 285
1 3 2
674 242
1 11 2
289 443
1 5 2
567 98
1 9 2
465 17
1 2 2
302 57
1 11 2
625 22
1 12 2
516 211
1 3 2
11 313
1 12 2
331 113
1 11 2
125 646
1 12 2
8 4
1 5 2
64 293
1 11 2
375 623
1 10 2
453 563
1 10 2
609 159
1 15 2
325 253
1 11 2
239 288
1 6 2
116 490
1 15 2
560 534
1 8 2
527 668
1 12 2
479 677
1 11 2
418 553
1 5 2
476 692
1 10 2
5 671
1 6 2
173 442
1 8 2
520 83
1 10 2
584 84
1 12 2
348 75
1 9 2
558 29
1 14 2
452 335
1 4 2
516 555
1 6 2
267 457
1 15 2
19 574
1 2 2
678 277
1 8 2
309 382
1 4 2
196 532
1 3 2
353 3
1 14 2
369 392
1 12 2
506 247
1 6 2
192 470
1 9 2
66 123
1 10 2
486 511
1 11 2
651 166
1 4 2
474 406
1 6 2
117 659
1 14 2
555 285
1 14 2
85 341
1 10 2
674 627
1 9 2
74 477
1 13 2
660 604
1 2 2
423 368
1 7 2
67 354
1 14 2
281 582
1 4 2
184 165
1 8 2
640 526
1 6 2
76 623
1 3 2
561 489
1 4 2
325 654
1 5 2
161 8
1 10 2
284 162
1 12 2
78 287
1 15 2
593 148
1 6 2
83 345
1 14 2
566 461
1 5 2
108 157
1 2 2
414 601
1 8 2
552 215
1 7 2
53 327
1 8 2
610 232
1 4 2
654 79
1 14 2
281 397
1 6 2
70 489
1 10 2
593 193
1 7 2
231 195
1 13 2
105 466
1 5 2
65 358
1 7 2
176 22
1 2 2
150 620
1 3 2
417 496
1 5 2
559 417
1 10 2
372 47
1 9 2
566 316
1 8 2
248 333
1 12 2
549 661
1 11 2
631 472
1 9 2
642 434
1 8 2
521 615
1 13 2
617 255
1 12 2
198 189
1 6 2
174 444
1 11 2
509 219
1 5 2
239 554
1 9 2
328 643
1 13 2
89 498
1 14 2
600 561
1 2 2
5 235
1 15 2
619 213
1 5 2
230 692
1 9 2
180 420
1 8 2
655 612
1 6 2
124 560
1 12 2
532 437
1 12 2
67 204
1 9 2
259 606
1 15 2
156 116
1 13 2
249 684
1 11 2
580 668
1 13 2
447 170
1 10 2
604 461
1 11 2
693 302
1 15 2
405 122
1 3 2
196 169
1 7 2
525 227
1 10 2
300 140
1 3 2
38 306
1 14 2
244 362
1 11 2
481 168
1 2 2
636 26
1 2 2
633 485
1 6 2
564 418
1 9 2
115 575
1 12 2
40 510
1 8 2
17 614
1 9 2
194 458
1 4 2
237 452
1 3 2
171 163
1 6 2
158 554
1 13 2
182 380
1 10 2
603 385
1 4 2
427 166
1 6 2
72 309
1 5 2
601 61
1 3 2
286 272
1 6 2
58 632
1 6 2
468 76
1 6 2
330 356
1 6 2
297 126
1 7 2
465 330
1 12 2
655 10
1 14 2
192 456
1 13 2
104 350
1 3 2
94 687
1 8 2
585 528
1 12 2
501 591
1 5 2
629 91
1 7 2
166 110
1 4 2
541 520
1 5 2
460 576
1 8 2
247 225
1 8 2
277 477
1 10 2
356 440
1 4 2
128 607
1 15 2
224 558
1 5 2
353 104
1 5 2
9 266
1 13 2
352 646
1 8 2
450 270
1 8 2
608 99
1 12 2
270 155
1 5 2
140 650
1 13 2
80 294
1 9 2
186 566
1 2 2
493 185
1 15 2
692 143
1 12 2
102 354
1 9 2
151 415
1 10 2
240 179
1 6 2
34 137
1 15 2
161 594
1 12 2
511 57
1 11 2
108 397
1 5 2
345 480
1 4 2
353 670
1 7 2
538 605
1 8 2
331 10
1 15 2
312 143
1 13 2
282 397
1 10 2
597 141
1 7 2
626 653
1 3 2
613 631
1 5 2
118 428
1 11 2
445 693
1 6 2
672 543
1 13 2
85 493
1 5 2
243 428
1 9 2
661 75
1 8 2
438 535
1 15 2
617 622
1 11 2
314 515
1 3 2
464 452
1 11 2
180 466
1 12 2
542 582
1 13 2
401 355
1 5 2
143 630
1 8 2
167 688
1 10 2
649 94
1 4 2
436 462
1 15 2
611 271
1 11 2
367 482
1 11 2
374 163
1 7 2
148 616
1 9 2
351 134
1 11 2
396 373
1 6 2
481 47
1 2 2
141 306
1 5 2
406 293
1 11 2
668 277
1 11 2
333 479
1 9 2
381 319
1 15 2
223 699
1 13 2
312 113
1 15 2
567 165
1 2 2
633 204
1 7 2
338 172
1 6 2
43 346
1 15 2
478 133
1 6 2
389 156
1 11 2
5 24
1 6 2
573 183
1 8 2
475 467
1 7 2
352 616
1 8 2
205 315
1 8 2
680 117
1 12 2
472 554
1 12 2
425 561
1 4 2
629 374
1 5 2
10 67
1 4 2
425 349
1 6 2
216 270
1 4 2
313 432
1 4 2
87 193
1 6 2
394 298
1 3 2
588 186
1 11 2
482 464
1 6 2
423 70
1 8 2
173 545
1 13 2
589 497
1 4 2
504 365
1 12 2
59 93
1 6 2
326 571
1 14 2
405 511
1 7 2
260 110
1 7 2
89 562
1 9 2
221 403
1 9 2
493 439
1 14 2
449 101
1 7 2
16 658
1 8 2
591 650
1 14 2
622 225
1 4 2
230 406
1 6 2
171 181
1 8 2
622 433
1 13 2
190 625
1 11 2
194 160
1 14 2
409 126
1 4 2
417 653
1 13 2
596 37
1 6 2
387 264
1 10 2
538 396
1 8 2
382 422
1 15 2
50 663
1 8 2
205 491
1 6 2
577 488
1 10 2
540 553
1 13 2
124 347
1 4 2
537 297
1 5 2
589 474
1 15 2
61 181
1 12 2
601 624
1 5 2
203 72
1 7 2
637 672
1 6 2
265 689
1 11 2
651 229
1 9 2
504 161
1 10 2
663 418
1 5 2
245 192
1 14 2
101 294
1 3 2
395 308
1 9 2
312 335
1 6 2
27 328
1 6 2
455 432
1 5 2
216 11
1 5 2
203 234
1 11 2
115 464
1 8 2
602 511
1 2 2
305 87
1 8 2
182 253
1 14 2
75 263
1 14 2
528 438
1 14 2
631 455
1 14 2
456 198
1 5 2
242 420
1 7 2
668 148
1 13 2
368 379
1 11 2
682 629
1 3 2
132 493
1 15 2
359 58
1 10 2
680 662
1 15 2
106 129
1 8 2
6 328
1 11 2
469 289
1 2 2
494 133
1 14 2
519 227
1 11 2
167 500
1 6 2
70 444
1 14 2
289 141
1 14 2
329 535
1 2 2
402 338
1 15 2
48 593
1 3 2
415 661
1 6 2
144 581
1 4 2
679 577
1 3 2
209 253
1 15 2
491 353
1 7 2
326 32
1 6 2
113 537
1 12 2
92 558
1 14 2
26 522
1 15 2
650 183
1 11 2
13 675
1 15 2
565 128
1 7 2
195 145
1 11 2
645 434
1 10 2
400 175
1 7 2
342 262
1 2 2
426 265
1 14 2
154 174
1 13 2
561 495
1 11 2
264 644
1 4 2
642 380
1 15 2
451 540
1 3 2
243 526
1 13 2
545 679
1 2 2
503 141
1 7 2
77 317
1 6 2
331 399
1 3 2
505 63
1 6 2
379 463
1 9 2
320 193
1 10 2
457 258
1 11 2
679 428
1 5 2
194 265
1 2 2
245 624
1 5 2
242 148
1 3 2
328 180
1 5 2
639 97
1 12 2
662 461
1 8 2
239 591
1 9 2
277 664
1 3 2
195 369
1 8 2
168 61
1 6 2
509 635
1 5 2
493 381
1 3 2
228 51
1 4 2
38 183
1 3 2
658 421
1 7 2
75 676
1 8 2
665 49
1 6 2
558 296
1 7 2
492 183
1 12 2
28 73
1 2 2
654 19
1 6 2
596 122
1 5 2
482 31
1 10 2
308 536
1 15 2
469 553
1 11 2
178 663
1 2 2
105 671
1 3 2
4 581
1 3 2
89 279
1 15 2
19 407
1 3 2
553 492
1 9 2
104 153
1 4 2
168 86
1 15 2
381 132
1 11 2
594 570
1 15 2
22 56
1 15 2
574 349
1 7 2
199 601
1 14 2
699 56
1 10 2
483 266
1 9 2
291 251
1 15 2
59 426
1 13 2
630 616
1 3 2
215 296
1 3 2
526 292
1 3 2
46 503
1 8 2
25 370
1 2 2
185 428
1 15 2
569 651
1 6 2
444 219
1 5 2
632 89
1 5 2
22 403
1 6 2
240 16
1 8 2
201 699
1 14 2
165 665
1 14 2
459 445
1 11 2
228 195
1 10 2
359 406
1 2 2
640 473
1 14 2
663 629
1 15 2
536 133
1 6 2
465 567
1 11 2
624 129
1 14 2
33 533
1 6 2
480 210
1 3 2
167 33
1 4 2
20 644
1 6 2
303 669
1 15 2
17 584
1 13 2
188 692
1 15 2
659 13
1 15 2
436 251
1 9 2
302 220
1 2 2
587 64
1 15 2
356 380
1 6 2
245 585
1 15 2
99 694
1 12 2
423 247
1 3 2
363 118
1 13 2
38 452
1 5 2
98 584
1 2 2
410 355
1 4 2
492 306
1 13 2
657 233
1 3 2
682 211
1 14 2
149 295
1 3 2
650 55
1 12 2
264 499
1 12 2
260 516
1 3 2
122 555
1 8 2
390 597
1 8 2
368 558
1 5 2
361 45
1 2 2
189 125
1 15 2
265 682
1 2 2
380 417
1 6 2
63 627
1 7 2
137 629
1 2 2
540 351
1 7 2
313 97
1 12 2
186 418
1 9 2
320 492
1 6 2
650 595
1 3 2
666 640
1 8 2
668 117
1 5 2
55 390
1 12 2
362 125
1 4 2
656 211
1 6 2
48 377
1 7 2
449 65
1 11 2
395 217
1 4 2
370 508
1 5 2
581 471
1 3 2
408 618
1 14 2
484 489
1 7 2
58 297
1 3 2
88 397
1 12 2
355 454
1 3 2
140 409
1 15 2
102 387
1 2 2
60 376
1 5 2
70 622
1 11 2
297 557
1 12 2
225 575
1 9 2
220 91
1 13 2
604 358
1 3 2
590 660
1 8 2
51 400
1 15 2
575 451
1 14 2
605 627
1 13 2
47 402
1 14 2
682 135
1 4 2
156 322
1 10 2
120 411
1 3 2
343 129
1 10 2
273 25
1 5 2
386 616
1 12 2
324 299
1 4 2
33 417
1 13 2
677 607
1 7 2
182 607
1 6 2
0 359
1 8 2
606 219
1 12 2
670 698
1 15 2
75 333
1 2 2
28 658
1 14 2
522 554
1 10 2
13 162
1 2 2
179 690
1 2 2
18 344
1 5 2
450 68
1 6 2
373 588
1 14 2
582 624
1 2 2
359 18
1 5 2
313 633
1 8 2
123 538
1 4 2
669 620
1 13 2
137 416
1 15 2
501 684
1 9 2
392 76
1 7 2
336 146
1 2 2
305 72
1 8 2
24 443
1 2 2
336 189
1 14 2
405 334
1 14 2
440 64
1 7 2
98 430
1 12 2
19 261
1 15 2
560 555
1 15 2
321 376
1 14 2
406 116
1 15 2
624 190
1 12 2
608 210
1 14 2
560 671
1 6 2
411 292
1 14 2
404 463
1 10 2
611 434
1 5 2
130 266
1 3 2
443 174
1 6 2
503 260
1 7 2
224 637
1 9 2
70 582
1 13 2
562 662
1 3 2
681 374
1 2 2
639 122
1 12 2
673 620
1 12 2
671 191
1 7 2
521 404
1 6 2
417 22
1 14 2
493 696
1 6 2
457 556
1 7 2
363 366
1 15 2
677 365
1 8 2
184 201
1 6 2
559 289
1 12 2
675 659
1 10 2
183 423
1 6 2
261 692
1 13 2
639 350
1 2 2
565 687
1 12 2
508 645
1 9 2
319 462
1 7 2
246 555
1 14 2
616 390
1 15 2
121 279
1 2 2
44 688
1 13 2
22 277
1 4 2
449 201
1 15 2
105 131
1 8 2
84 270
1 3 2
629 199
1 12 2
329 685
1 5 2
150 480
1 13 2
687 330
1 14 2
252 86
1 7 2
472 373
1 11 2
521 427
1 15 2
501 213
1 3 2
698 650
1 3 2
96 77
1 3 2
112 436
1 15 2
574 463
1 3 2
57 52
1 13 2
316 668
1 2 2
113 476
1 12 2
645 263
1 5 2
422 307
1 11 2
616 297
1 3 2
409 456
1 7 2
305 561
1 11 2
503 564
1 2 2
466 598
1 13 2
142 400
1 12 2
150 545
1 7 2
209 393
1 12 2
347 266
1 6 2
44 406
1 10 2
615 260
1 9 2
385 160
1 12 2
559 664
1 9 2
528 562
1 12 2
378 194
1 9 2
656 200
1 2 2
374 245
1 4 2
159 87
1 11 2
342 292
1 10 2
1 23
1 4 2
673 367
1 13 2
514 648
1 4 2
314 195
1 5 2
58 580
1 3 2
377 541
1 11 2
331 679
1 4 2
551 647
1 10 2
8 391
1 13 2
327 277
1 5 2
698 215
1 4 2
299 306
1 2 2
606 200
1 7 2
478 136
1 5 2
22 673
1 14 2
182 678
1 15 2
654 98
1 7 2
510 440
1 4 2
350 644
1 4 2
230 2
1 6 2
485 556
1 2 2
534 104
1 10 2
498 658
1 3 2
328 214
1 10 2
114 622
1 14 2
664 336
1 3 2
180 581
1 15 2
238 598
1 5 2
255 293
1 2 2
336 490
1 5 2
408 354
1 13 2
626 326
1 5 2
0 532
1 8 2
94 332
1 2 2
301 232
1 2 2
296 195
1 10 2
305 187
1 3 2
588 608
1 15 2
187 613
1 11 2
515 425
1 10 2
27 617
1 14 2
341 663
1 14 2
675 437
1 9 2
252 479
1 15 2
597 691
1 12 2
97 607
1 8 2
16 274
1 14 2
4 532
1 11 2
364 145
1 14 2
567 387
1 10 2
25 56
1 10 2
297 662
1 6 2
247 660
1 12 2
574 199
1 4 2
99 17
1 11 2
92 663
1 12 2
188 322
1 2 2
51 644
1 12 2
625 485
1 11 2
269 45
1 7 2
510 336
1 13 2
167 486
1 11 2
111 153
1 10 2
85 20
1 12 2
182 64
1 10 2
217 265
1 3 2
673 271
1 5 2
499 203
1 10 2
418 697
1 14 2
477 619
1 6 2
584 457
1 12 2
149 191
1 7 2
59 409
1 12 2
641 329
1 11 2
247 472
1 15 2
366 382
1 7 2
362 426
1 14 2
637 395
1 9 2
442 117
1 4 2
641 42
1 11 2
502 234
1 10 2
257 339
1 7 2
215 264
1 6 2
480 172
1 14 2
453 699
1 6 2
527 221
1 11 2
695 388
1 2 2
396 560
1 15 2
685 646
1 9 2
341 21
1 14 2
256 579
1 3 2
478 524
1 3 2
559 124
1 14 2
440 567
1 5 2
563 556
1 10 2
30 284
1 14 2
497 197
1 14 2
155 643
1 4 2
427 518
1 5 2
81 18
1 13 2
9 366
1 15 2
93 156
1 5 2
696 28
1 7 2
410 46
1 2 2
410 19
1 10 2
612 19
1 3 2
660 393
1 7 2
216 234
1 3 2
557 671
1 15 2
632 145
1 15 2
102 413
1 15 2
357 126
1 7 2
649 55
1 14 2
417 129
1 5 2
564 615
1 15 2
5 97
1 13 2
249 339
1 11 2
609 684
1 9 2
642 445
1 12 2
603 534
1 9 2
341 321
1 10 2
54 114
1 15 2
573 389
1 6 2
256 328
1 10 2
364 538
1 4 2
461 606
1 3 2
529 218
1 15 2
279 47
1 15 2
448 662
1 10 2
378 57
1 12 2
24 541
1 4 2
118 669
1 6 2
635 634
1 6 2
603 233
1 15 2
643 171
1 2 2
666 343
1 4 2
353 304
1 15 2
442 200
1 8 2
322 25
1 12 2
141 483
1 2 2
474 199
1 12 2
137 207
1 11 2
499 105
1 4 2
546 7
1 6 2
475 697
1 15 2
44 648
1 10 2
397 532
1 7 2
277 672
1 6 2
328 247
1 13 2
531 34
1 8 2
87 682
1 11 2
380 694
1 4 2
548 502
1 12 2
243 380
1 13 2
279 657
1 12 2
568 195
1 11 2
17 85
1 6 2
541 314
1 7 2
207 460
1 12 2
568 391
1 12 2
354 123
1 11 2
655 440
1 13 2
140 301
1 8 2
9 409
1 4 2
123 375
1 9 2
354 168
1 11 2
206 412
1 9 2
649 265
1 3 2
102 425
1 12 2
9 477
1 7 2
348 99
1 13 2
268 626
1 6 2
185 411
1 6 2
41 169
1 2 2
377 273
1 9 2
593 533
1 10 2
444 430
1 10 2
567 204
1 12 2
23 318
1 5 2
473 14
1 13 2
638 342
1 6 2
207 132
1 7 2
133 472
1 15 2
218 548
1 8 2
346 233
1 2 2
449 172
1 7 2
145 291
1 11 2
629 289
1 12 2
303 71
1 13 2
290 229
1 2 2
314 161
1 15 2
194 367
1 6 2
579 228
1 6 2
257 288
1 3 2
392 342
1 5 2
339 104
1 11 2
300 642
1 12 2
31 387
1 9 2
120 101
1 10 2
375 106
1 15 2
547 302
1 15 2
592 306
1 2 2
667 12
1 5 2
465 248
1 8 2
263 666
1 12 2
319 77
1 4 2
554 318
1 12 2
66 373
1 7 2
46 630
1 5 2
16 50
1 14 2
27 242
1 4 2
634 485
1 5 2
78 194
1 10 2
250 129
1 7 2
611 262
1 7 2
570 569
1 4 2
631 271
1 7 2
357 559
1 7 2
21 604
1 10 2
431 256
1 13 2
524 361
1 9 2
624 137
1 15 2
95 380
1 3 2
95 348
1 11 2
618 154
1 10 2
533 387
1 10 2
205 535
1 14 2
493 111
1 6 2
394 533
1 3 2
245 15
1 4 2
172 372
1 9 2
335 483
1 8 2
557 272
1 12 2
559 76
1 6 2
64 94
1 5 2
249 105
1 10 2
465 389
1 11 2
609 571
1 12 2
147 290
1 14 2
267 279
1 9 2
502 591
1 5 2
155 477
1 15 2
125 569
1 4 2
121 612
1 15 2
562 285
1 9 2
15 162
1 3 2
513 685
1 5 2
10 93
1 15 2
81 66
1 10 2
293 236
1 14 2
105 15
1 7 2
518 388
1 9 2
582 306
1 14 2
83 495
1 6 2
510 544
1 7 2
561 73
1 5 2
657 246
1 4 2
568 463
1 2 2
596 405
1 8 2
300 99
1 8 2
136 650
1 15 2
143 168
1 4 2
288 348
1 15 2
4 176
1 9 2
93 598
1 15 2
254 613
1 3 2
217 471
1 11 2
681 438
1 2 2
219 685
1 9 2
616 360
1 7 2
513 65
1 15 2
262 206
1 3 2
34 376
1 8 2
153 699
1 5 2
525 208
1 14 2
150 295
1 14 2
278 471
1 3 2
163 161
1 2 2
185 452
1 13 2
442 361
1 3 2
245 383
1 13 2
17 699
1 14 2
605 375
1 3 2
132 171
1 15 2
378 559
1 10 2
173 68
1 2 2
594 8
1 15 2
685 303
1 5 2
612 301
1 8 2
577 315
1 7 2
618 201
1 13 2
114 272
1 10 2
140 685
1 5 2
212 401
1 6 2
577 495
1 4 2
279 62
1 10 2
86 541
1 7 2
113 76
1 12 2
261 158
1 12 2
513 376
1 13 2
609 231
1 8 2
151 637
1 5 2
278 3
1 9 2
104 489
1 7 2
146 332
1 8 2
76 605
1 7 2
218 454
1 11 2
107 3
1 12 2
12 259
1 12 2
561 63
1 5 2
649 398
1 9 2
214 168
1 13 2
492 383
1 8 2
698 376
1 14 2
76 116
1 7 2
300 278
1 12 2
138 104
1 2 2
271 555
1 6 2
599 676
1 7 2
642 290
1 5 2
19 136
1 6 2
78 378
1 14 2
263 163
1 2 2
609 548
1 8 2
375 542
1 4 2
530 264
1 14 2
176 622
1 2 2
691 509
1 3 2
64 373
1 14 2
235 150
1 5 2
496 538
1 4 2
573 40
1 14 2
22 458
1 15 2
256 90
1 9 2
514 673
1 6 2
480 452
1 14 2
241 183
1 11 2
6 234
1 13 2
609 606
1 14 2
189 560
1 5 2
301 448
1 7 2
618 258
1 11 2
516 450
1 8 2
282 131
1 7 2
118 564
1 13 2
72 121
1 14 2
213 598
1 11 2
605 368
1 4 2
621 622
1 15 2
222 86
1 10 2
291 480
1 11 2
337 610
1 11 2
138 661
1 10 2
300 78
1 6 2
442 496
1 2 2
492 553
1 2 2
300 172
1 10 2
663 686
1 4 2
129 86
1 5 2
549 283
1 10 2
634 360
1 13 2
412 513
1 8 2
609 145
1 7 2
205 482
1 12 2
546 295
1 14 2
245 32
1 2 2
259 388
1 5 2
57 346
1 15 2
588 573
1 13 2
387 527
1 15 2
251 60
1 4 2
172 49
1 15 2
642 41
1 15 2
665 351
1 6 2
411 404
1 7 2
438 530
1 7 2
65 9
1 11 2
227 209
1 2 2
228 596
1 5 2
115 634
1 9 2
618 570
1 10 2
641 548
1 5 2
22 166
1 9 2
369 84
1 8 2
287 47
1 8 2
205 214
1 10 2
107 595
1 6 2
363 333
1 4 2
153 5
1 3 2
125 128
1 9 2
298 130
1 3 2
609 521
1 15 2
73 384
1 15 2
173 377
1 3 2
250 66
1 10 2
375 232
1 11 2
196 70
1 15 2
146 381
1 15 2
155 605
1 2 2
281 298
1 10 2
289 332
1 13 2
691 124
1 10 2
634 361
1 5 2
302 328
1 14 2
496 447
1 5 2
567 390
1 12 2
624 591
1 7 2
683 192
1 15 2
534 614
1 13 2
326 554
1 6 2
173 43
1 3 2
669 692
1 6 2
509 78
1 5 2
595 217
1 7 2
693 183
1 15 2
655 51
1 9 2
241 587
1 13 2
232 353
1 13 2
378 24
1 8 2
389 614
1 13 2
75 568
1 8 2
531 498
1 2 2
536 645
1 6 2
259 346
1 14 2
340 499
1 4 2
682 177
1 2 2
302 533
1 6 2
47 83
1 9 2
461 545
1 9 2
511 595
1 2 2
17 219
1 12 2
321 220
1 5 2
153 583
1 15 2
72 181
1 14 2
343 225
1 15 2
123 580
1 13 2
461 332
1 2 2
157 410
1 8 2
598 295
1 15 2
404 410
1 9 2
624 465
1 6 2
48 282
1 3 2
93 690
1 10 2
231 650
1 11 2
346 105
1 9 2
29 277
1 12 2
368 150
1 3 2
204 182
1 4 2
70 19
1 3 2
179 3
1 11 2
278 558
1 8 2
92 488
1 10 2
182 206
1 4 2
288 470
1 3 2
236 28
1 8 2
454 298
1 4 2
627 208
1 8 2
409 484
1 13 2
4 135
1 4 2
496 131
1 5 2
557 14
1 14 2
612 307
1 12 2
239 189
1 6 2
355 474
1 13 2
315 53
1 11 2
361 127
1 13 2
492 379
1 9 2
689 378
1 4 2
280 305
1 2 2
41 452
1 13 2
107 193
1 13 2
30 599
1 6 2
422 97
1 6 2
607 559
1 6 2
273 110
1 4 2
617 596
1 15 2
102 572
1 6 2
682 66
1 10 2
651 611
1 9 2
611 326
1 11 2
294 418
1 8 2
353 365
1 7 2
453 435
1 13 2
215 71
1 6 2
639 312
1 3 2
304 172
1 4 2
533 122
1 15 2
349 591
1 8 2
173 87
1 10 2
117 271
1 9 2
36 147
1 5 2
1 681
1 8 2
580 128
1 9 2
246 638
1 8 2
156 526
1 7 2
113 160
1 11 2
646 67
1 12 2
623 79
1 11 2
557 152
1 4 2
82 432
1 14 2
304 103
1 10 2
386 331
1 2 2
230 584
1 4 2
245 681
1 12 2
279 500
1 5 2
247 149
1 11 2
493 79
1 12 2
173 196
1 9 2
293 691
1 8 2
529 531
1 9 2
327 517
1 4 2
203 686
1 9 2
21 225
1 10 2
436 311
1 9 2
3 144
1 11 2
585 293
1 5 2
199 649
1 11 2
181 636
1 5 2
246 127
1 11 2
628 414
1 12 2
180 128
1 8 2
506 529
1 9 2
391 368
1 3 2
410 512
1 8 2
4 581
1 15 2
535 416
1 8 2
358 325
1 12 2
57 287
1 2 2
595 391
1 11 2
599 529
1 7 2
362 64
1 9 2
475 156
1 11 2
519 658
1 15 2
278 381
1 4 2
487 137
1 6 2
617 40
1 11 2
79 531
1 14 2
569 109
1 9 2
73 339
1 14 2
267 129
1 2 2
39 548
1 7 2
270 255
1 15 2
689 120
1 10 2
178 655
1 11 2
449 511
1 8 2
508 104
1 11 2
145 436
1 14 2
694 311
1 10 2
377 273
1 13 2
1 90
1 12 2
223 517
1 12 2
259 253
1 10 2
9 278
1 8 2
178 75
1 8 2
228 436
1 9 2
316 550
1 14 2
629 81
1 12 2
178 401
1 8 2
455 114
1 15 2
558 59
1 7 2
268 187
1 4 2
20 229
1 13 2
561 152
1 9 2
489 47
1 15 2
97 257
1 12 2
437 466
1 9 2
268 280
1 15 2
121 231
1 3 2
285 292
1 10 2
31 267
1 9 2
353 313
1 9 2
9 128
1 7 2
38 176
1 3 2
359 489
1 8 2
10 77
1 7 2
499 229
1 9 2
678 108
1 9 2
332 642
1 7 2
228 80
1 13 2
40 297
1 5 2
656 145
1 4 2
378 307
1 4 2
642 299
1 11 2
397 599
1 8 2
695 688
1 11 2
401 472
1 6 2
320 315
1 2 2
418 182
1 6 2
102 633
1 11 2
198 683
1 8 2
654 343
1 5 2
59 47
1 14 2
129 147
1 14 2
484 680
1 11 2
6 482
1 13 2
451 133
1 3 2
32 592
1 4 2
295 366
1 12 2
224 483
1 2 2
336 698
1 7 2
184 529
1 2 2
517 644
1 3 2
619 658
1 5 2
430 163
1 11 2
498 145
1 13 2
671 230
1 7 2
349 679
1 14 2
623 670
1 13 2
683 181
1 11 2
144 0
1 9 2
0 75
1 5 2
393 564
1 11 2
339 290
1 2 2
581 315
1 11 2
491 279
1 14 2
200 555
1 10 2
177 601
1 14 2
294 458
1 12 2
286 17
1 13 2
402 46
1 12 2
134 593
1 10 2
228 254
1 2 2
238 577
1 8 2
96 360
1 12 2
167 691
1 14 2
386 479
1 2 2
585 172
1 9 2
13 351
1 2 2
298 690
1 13 2
552 567
1 7 2
490 645
1 3 2
409 148
1 3 2
573 411
1 15 2
564 629
1 13 2
148 47
1 5 2
679 464
1 3 2
16 386
1 15 2
93 264
1 10 2
45 475
1 8 2
648 16
1 14 2
507 189
1 4 2
62 411
1 3 2
685 586
1 4 2
407 647
1 6 2
690 654
1 8 2
375 121
1 5 2
463 458
1 10 2
138 338
1 2 2
493 239
1 2 2
96 159
1 11 2
455 137
1 11 2
210 440
1 5 2
460 242
1 10 2
201 156
1 14 2
266 670
1 3 2
210 561
1 2 2
31 158
1 5 2
193 126
1 6 2
542 470
1 9 2
477 550
1 7 2
166 582
1 13 2
409 377
1 13 2
210 637
1 9 2
163 100
1 8 2
498 73
1 8 2
534 299
1 4 2
235 106
1 4 2
546 527
1 14 2
220 489
1 6 2
606 666
1 4 2
627 449
1 8 2
559 73
1 11 2
559 422
1 11 2
668 481
1 10 2
629 628
1 3 2
423 132
1 11 2
184 625
1 3 2
512 72
1 5 2
52 668
1 8 2
291 240
1 5 2
196 660
1 15 2
321 618
1 6 2
449 150
1 12 2
276 50
1 9 2
433 276
1 3 2
483 27
1 13 2
157 511
1 14 2
469 68
1 11 2
431 87
1 12 2
134 298
1 11 2
29 503
1 11 2
15 25
1 5 2
430 332
1 5 2
176 293
1 7 2
388 486
1 11 2
650 312
1 11 2
505 209
1 15 2
674 631
1 10 2
0 44
1 3 2
230 85
1 4 2
564 639
1 8 2
156 451
1 14 2
530 604
1 5 2
553 303
1 13 2
219 543
1 14 2
461 516
1 3 2
282 87
1 5 2
310 314
1 7 2
89 246
1 5 2
308 30
1 7 2
75 522
1 3 2
357 354
1 13 2
387 246
1 15 2
55 302
1 13 2
322 64
1 4 2
486 528
1 9 2
333 432
1 11 2
127 598
1 10 2
623 667
1 12 2
434 371
1 4 2
305 486
1 6 2
310 495
1 11 2
601 333
1 10 2
221 582
1 15 2
469 677
1 4 2
398 647
1 14 2
355 150
1 7 2
30 696
1 8 2
274 395
1 11 2
104 311
1 14 2
695 42
1 15 2
686 286
1 11 2
290 2
1 7 2
366 670
1 4 2
657 171
1 15 2
190 121
1 2 2
212 82
1 7 2
554 418
1 7 2
209 342
1 7 2
125 493
1 11 2
635 56
1 2 2
143 158
1 5 2
536 253
1 15 2
402 466
1 2 2
476 192
1 7 2
315 521
1 7 2
615 105
1 9 2
331 390
1 11 2
653 111
1 3 2
114 107
1 9 2
248 235
1 6 2
589 187
1 5 2
645 53
1 6 2
386 264
1 6 2
218 48
1 10 2
196 446
1 12 2
195 472
1 8 2
632 132
1 14 2
252 435
1 11 2
296 301
1 4 2
561 69
1 8 2
551 419
1 2 2
437 516
1 8 2
603 256
1 9 2
10 289
1 2 2
502 471
1 2 2
190 500
1 2 2
446 534
1 11 2
550 86
1 7 2
103 119
1 12 2
609 316
1 7 2
292 604
1 6 2
191 171
1 4 2
127 456
1 14 2
606 59
1 11 2
663 20
1 6 2
490 72
1 15 2
266 287
1 5 2
589 386
1 6 2
56 126
1 7 2
93 424
1 9 2
289 490
1 13 2
547 607
1 3 2
378 234
1 15 2
111 203
1 2 2
328 374
1 12 2
99 669
1 9 2
162 14
1 6 2
601 645
1 10 2
358 254
1 7 2
608 450
1 10 2
259 264
1 2 2
421 370
1 10 2
324 446
1 13 2
241 527
1 6 2
668 79
1 13 2
446 160
1 12 2
96 356
1 8 2
467 315
1 6 2
9 687
1 12 2
83 147
1 10 2
632 487
1 12 2
167 633
1 15 2
265 512
1 9 2
675 518
1 13 2
260 699
1 7 2
255 168
1 4 2
606 218
1 12 2
85 591
1 2 2
168 233
1 5 2
441 154
1 8 2
452 234
1 10 2
599 155
1 8 2
529 262
1 14 2
665 102
1 6 2
544 220
1 5 2
445 94
1 3 2
180 490
1 4 2
385 525
1 5 2
680 280
1 7 2
497 531
1 11 2
394 331
1 10 2
222 206
1 11 2
580 116
1 15 2
179 451
1 13 2
428 648
1 7 2
356 260
1 3 2
57 528
1 14 2
232 414
1 6 2
226 609
1 12 2
473 322
1 2 2
79 401
1 15 2
630 229
1 7 2
175 278
1 6 2
541 224
1 11 2
457 597
1 6 2
246 248
1 2 2
519 272
1 7 2
513 467
1 5 2
451 76
1 12 2
56 16
1 12 2
45 48
1 9 2
319 458
1 3 2
52 441
1 8 2
662 189
1 14 2
126 19
1 9 2
233 303
1 10 2
488 137
1 11 2
661 120
1 9 2
482 150
1 12 2
582 371
1 6 2
370 409
1 5 2
535 452
1 3 2
10 272
1 9 2
637 326
1 9 2
300 313
1 13 2
651 377
1 6 2
668 533
1 3 2
325 486
1 4 2
603 9
1 10 2
324 695
1 15 2
560 478
1 8 2
330 628
1 2 2
75 376
1 4 2
255 350
1 11 2
623 631
1 13 2
34 115
1 12 2
394 126
1 14 2
353 110
1 7 2
522 489
1 5 2
272 374
1 9 2
321 558
1 3 2
545 347
1 14 2
64 586
1 15 2
590 201
1 12 2
536 64
1 15 2
354 292
1 13 2
101 527
1 14 2
156 332
1 3 2
442 418
1 10 2
56 128
1 15 2
510 304
1 15 2
122 466
1 14 2
34 174
1 10 2
590 154
1 12 2
232 307
1 3 2
620 237
1 10 2
585 327
1 5 2
12 393
1 14 2
640 478
1 4 2
9 326
1 10 2
302 207
1 10 2
203 688
1 15 2
66 341
1 8 2
593 254
1 14 2
439 542
1 14 2
695 696
1 13 2
651 376
1 5 2
189 675
1 2 2
467 544
1 13 2
692 507
1 5 2
43 81
1 7 2
215 94
1 3 2
574 286
1 14 2
230 260
1 11 2
344 236
1 9 2
266 367
1 15 2
684 537
1 12 2
498 639
1 6 2
213 66
1 6 2
551 613
1 11 2
435 157
1 6 2
537 68
1 13 2
429 455
1 5 2
105 412
1 4 2
145 156
1 2 2
520 558
1 6 2
66 288
1 3 2
173 135
1 6 2
579 138
1 5 2
211 629
1 15 2
484 149
1 12 2
471 589
1 4 2
528 202
1 5 2
173 336
1 2 2
516 660
1 14 2
77 543
1 12 2
481 334
1 12 2
462 286
1 11 2
569 514
1 8 2
145 64
1 14 2
689 578
1 14 2
286 625
1 3 2
494 341
1 13 2
192 674
1 8 2
559 314
1 10 2
176 74
1 14 2
172 346
1 3 2
450 154
1 12 2
568 580
1 10 2
435 22
1 3 2
402 618
1 14 2
305 590
1 11 2
606 189
1 7 2
219 383
1 8 2
569 377
1 2 2
233 572
1 10 2
237 47
1 13 2
555 387
1 4 2
492 570
1 10 2
641 394
1 3 2
53 308
1 12 2
163 62
1 9 2
55 278
1 6 2
242 634
1 13 2
321 278
1 13 2
444 515
1 8 2
508 480
1 9 2
254 238
1 2 2
611 92
1 2 2
549 211
1 9 2
275 688
1 14 2
678 294
1 9 2
291 346
1 2 2
373 194
1 2 2
471 253
1 10 2
169 37
1 11 2
557 630
1 7 2
355 561
1 4 2
425 19
1 8 2
356 665
1 2 2
382 629
1 5 2
138 500
1 4 2
214 688
1 10 2
563 171
1 12 2
595 633
1 3 2
349 162
1 2 2
48 353
1 6 2
130 76
1 12 2
159 152
1 3 2
75 567
1 15 2
1 352
1 15 2
448 88
1 9 2
176 144
1 4 2
216 226
1 11 2
188 362
1 6 2
347 140
1 6 2
285 675
1 11 2
138 246
1 5 2
345 630
1 13 2
80 163
1 2 2
387 179
1 15 2
202 372
1 6 2
521 285
1 5 2
324 485
1 12 2
56 398
1 9 2
675 452
1 10 2
299 124
1 8 2
324 162
1 13 2
182 387
1 10 2
81 202
1 4 2
451 398
1 2 2
608 51
1 2 2
549 698
1 10 2
550 109
1 12 2
78 88
1 14 2
597 604
1 15 2
91 618
1 12 2
73 391
1 2 2
222 362
1 7 2
347 40
1 11 2
157 126
1 10 2
604 339
1 3 2
594 289
1 10 2
198 535
1 6 2
229 199
1 10 2
659 292
1 2 2
310 95
1 14 2
583 381
1 10 2
605 105
1 13 2
367 22
1 7 2
455 79
1 10 2
263 35
1 5 2
6 456
1 15 2
323 660
1 8 2
187 321
1 10 2
486 678
1 9 2
45 542
1 6 2
208 25
1 12 2
378 606
1 15 2
550 543
1 2 2
435 248
1 3 2
174 675
1 13 2
193 494
1 7 2
420 356
1 12 2
146 485
1 11 2
648 605
1 4 2
85 428
1 15 2
359 544
1 11 2
56 596
1 10 2
573 142
1 2 2
399 25
1 10 2
307 52
1 6 2
334 379
1 3 2
117 428
1 15 2
684 667
1 6 2
102 68
1 14 2
160 668
1 3 2
88 515
1 7 2
424 431
1 8 2
579 396
1 14 2
498 15
1 6 2
199 670
1 2 2
688 585
1 3 2
82 646
1 15 2
561 696
1 7 2
698 622
1 10 2
343 198
1 8 2
248 422
1 12 2
54 294
1 4 2
86 152
1 15 2
16 133
1 10 2
610 684
1 9 2
643 302
1 11 2
231 476
1 12 2
601 324
1 2 2
438 640
1 11 2
67 540
1 8 2
418 169
1 12 2
212 278
1 12 2
464 376
1 12 2
141 670
1 8 2
500 519
1 11 2
183 667
1 8 2
665 591
1 8 2
338 226
1 6 2
115 439
1 5 2
668 442
1 10 2
679 337
1 12 2
663 491
1 6 2
653 577
1 5 2
645 391
1 3 2
247 321
1 5 2
310 313
1 12 2
145 687
1 4 2
335 291
1 9 2
47 21
1 10 2
61 386
1 4 2
200 79
1 11 2
269 248
1 3 2
669 313
1 14 2
471 171
1 11 2
483 147
1 14 2
435 534
1 13 2
51 168
1 8 2
604 681
1 8 2
152 555
1 14 2
640 103
1 5 2
507 165
1 11 2
7 59
1 4 2
140 682
1 4 2
61 268
1 12 2
403 281
1 11 2
584 160
1 15 2
668 36
1 8 2
4 343
1 12 2
570 237
1 2 2
674 357
1 3 2
393 399
1 8 2
427 421
1 6 2
39 691
1 4 2
111 591
1 9 2
162 511
1 10 2
442 595
1 2 2
475 204
1 9 2
65 415
1 9 2
187 465
1 13 2
82 74
1 10 2
88 242
1 2 2
447 516
1 8 2
129 155
1 2 2
130 493
1 7 2
15 300
1 11 2
370 513
1 12 2
295 588
1 7 2
279 486
1 10 2
578 419
1 4 2
95 203
1 7 2
647 578
1 4 2
66 689
1 12 2
430 199
1 9 2
171 568
1 6 2
111 363
1 14 2
408 495
1 4 2
689 492
1 2 2
330 19
1 2 2
650 332
1 14 2
382 371
1 2 2
400 307
1 12 2
183 497
1 8 2
171 520
1 6 2
638 644
1 4 2
71 248
1 14 2
361 293
1 13 2
213 278
1 5 2
590 472
1 14 2
123 87
1 2 2
482 566
1 9 2
14 41
1 12 2
658 366
1 2 2
281 170
1 10 2
536 180
1 3 2
177 399
1 8 2
306 399
1 14 2
629 280
1 14 2
263 238
1 12 2
116 0
1 15 2
95 463
1 13 2
232 52
1 7 2
142 78
1 2 2
160 545
1 6 2
614 115
1 13 2
236 531
1 15 2
567 141
1 12 2
69 554
1 12 2
24 120
1 10 2
4 409
1 5 2
245 483
1 2 2
259 58
1 9 2
234 540
1 4 2
19 435
1 12 2
96 51
1 4 2
605 31
1 4 2
150 193
1 2 2
654 300
1 8 2
3 54
1 6 2
499 211
1 4 2
464 468
1 7 2
286 180
1 11 2
678 594
1 6 2
631 677
1 12 2
108 354
1 5 2
34 13
1 4 2
293 641
1 11 2
173 527
1 7 2
649 437
1 14 2
561 481
1 14 2
448 308
1 12 2
328 103
1 7 2
313 422
1 4 2
612 571
1 4 2
648 335
1 15 2
252 458
1 7 2
334 587
1 3 2
324 328
1 13 2
253 601
1 6 2
226 242
1 13 2
217 310
1 11 2
377 247
1 11 2
372 349
1 8 2
546 154
1 2 2
154 202
1 9 2
492 611
1 13 2
390 7
1 14 2
653 410
1 13 2
562 148
1 15 2
188 354
1 2 2
527 674
1 8 2
258 244
1 8 2
250 433
1 13 2
431 441
1 4 2
672 245
1 9 2
199 626
1 10 2
325 311
1 8 2
6 179
1 9 2
247 248
1 8 2
623 391
1 3 2
72 647
1 15 2
555 459
1 5 2
675 242
1 6 2
110 62
1 4 2
504 675
1 5 2
584 638
1 4 2
535 695
1 8 2
52 598
1 15 2
423 372
1 6 2
362 17
1 3 2
185 630
1 13 2
276 95
1 15 2
25 208
1 13 2
438 539
1 4 2
266 296
1 15 2
493 159
1 3 2
679 319
1 6 2
375 208
1 14 2
161 475
1 10 2
471 232
1 14 2
76 344
1 3 2
293 57
1 13 2
9 334
1 5 2
527 676
1 14 2
452 478
1 14 2
299 279
1 14 2
475 637
1 4 2
521 292
1 15 2
43 456
1 6 2
389 13
1 11 2
338 61
1 11 2
460 528
1 12 2
128 335
1 7 2
201 132
1 14 2
413 271
1 8 2
439 256
1 6 2
281 230
1 6 2
336 165
1 11 2
204 240
1 6 2
103 451
1 3 2
96 445
1 9 2
77 594
1 10 2
643 63
1 7 2
682 559
1 2 2
17 106
1 15 2
181 299
1 14 2
610 471
1 3 2
223 487
1 9 2
203 587
1 13 2
337 327
1 5 2
125 121
1 8 2
669 670
1 14 2
353 300
1 14 2
698 389
1 6 2
487 440
1 5 2
451 0
1 13 2
10 178
1 13 2
152 357
1 12 2
371 331
1 10 2
224 189
1 4 2
689 262
1 14 2
513 326
1 5 2
270 157
1 10 2
316 603
1 3 2
179 11
1 15 2
149 71
1 9 2
83 527
1 12 2
620 696
1 10 2
89 24
1 4 2
520 389
1 3 2
239 431
1 2 2
544 358
1 8 2
552 196
1 8 2
221 380
1 2 2
249 451
1 14 2
229 171
1 11 2
608 604
1 12 2
662 73
1 5 2
81 2
1 9 2
87 48
1 3 2
686 136
1 7 2
600 123
1 5 2
523 385
1 4 2
352 670
1 14 2
235 330
1 2 2
70 314
1 3 2
655 368
1 10 2
275 163
1 9 2
386 552
1 10 2
34 651
1 4 2
270 555
1 11 2
590 206
1 8 2
230 503
1 3 2
30 532
1 3 2
94 648
1 14 2
305 385
1 3 2
569 572
1 14 2
314 630
1 2 2
75 201
1 13 2
34 165
1 12 2
29 518
1 9 2
668 599
1 10 2
503 229
1 6 2
161 231
1 2 2
374 481
1 5 2
611 401
1 10 2
108 429
1 3 2
445 320
1 13 2
673 397
1 5 2
189 82
1 12 2
283 165
1 14 2
697 207
1 3 2
404 553
1 8 2
669 97
1 12 2
287 563
1 7 2
287 152
1 8 2
144 367
1 4 2
162 437
1 7 2
78 402
1 7 2
230 623
1 8 2
594 157
1 12 2
572 378
1 8 2
184 533
1 13 2
585 530
1 11 2
627 143
1 4 2
154 385
1 6 2
4 552
1 11 2
389 286
1 9 2
408 431
1 12 2
271 140
1 14 2
151 208
1 2 2
202 396
1 6 2
128 187
1 7 2
500 482
1 5 2
19 403
1 5 2
692 65
1 6 2
621 216
1 12 2
102 105
1 7 2
101 605
1 5 2
566 276
1 11 2
598 85
1 8 2
648 227
1 3 2
68 41
1 10 2
368 689
1 5 2
107 84
1 11 2
394 539
1 11 2
140 585
1 2 2
110 646
1 14 2
371 352
1 11 2
13 420
1 12 2
273 357
1 13 2
172 14
1 11 2
239 640
1 6 2
215 396
1 2 2
420 110
1 15 2
104 421
1 5 2
660 403
1 8 2
60 15
1 2 2
237 531
1 13 2
365 137
1 10 2
154 84
1 10 2
98 569
1 13 2
459 29
1 9 2
160 438
1 11 2
454 227
1 5 2
344 620
1 8 2
35 666
1 4 2
520 109
1 15 2
581 97
1 6 2
229 590
1 14 2
687 328
1 8 2
166 17
1 15 2
122 115
1 10 2
547 76
1 6 2
273 529
1 9 2
11 560
1 6 2
558 632
1 3 2
122 78
1 10 2
504 462
1 13 2
488 487
1 13 2
536 171
1 13 2
37 362
1 6 2
460 352
1 3 2
6 235
1 10 2
516 544
1 4 2
663 633
1 10 2
186 207
1 2 2
106 12
1 6 2
126 392
1 12 2
255 412
1 6 2
681 99
1 12 2
112 612
1 15 2
342 156
1 13 2
120 475
1 13 2
275 202
1 2 2
10 283
1 6 2
209 579
1 6 2
230 386
1 10 2
284 544
1 15 2
145 648
1 15 2
416 18
1 8 2
344 275
1 6 2
296 243
1 5 2
339 280
1 7 2
634 559
1 14 2
698 502
1 15 2
158 201
1 8 2
390 552
1 5 2
48 271
1 9 2
360 592
1 9 2
214 408
1 14 2
130 37
1 4 2
207 434
1 12 2
498 334
1 3 2
367 64
1 6 2
394 562
1 13 2
99 570
1 6 2
620 661
1 7 2
337 318
1 11 2
505 570
1 2 2
644 22
1 2 2
547 604
1 8 2
465 345
1 12 2
639 228
1 6 2
452 132
1 8 2
463 267
1 12 2
249 428
1 4 2
177 172
1 2 2
9 585
1 15 2
41 133
1 4 2
544 413
1 4 2
87 461
1 12 2
519 454
1 8 2
484 488
1 9 2
687 450
1 3 2
39 546
1 3 2
321 165
1 8 2
696 229
1 8 2
40 52
1 3 2
217 516
1 9 2
426 43
1 11 2
397 140
1 6 2
241 77
1 3 2
147 618
1 4 2
228 169
1 13 2
318 474
1 10 2
144 537
1 5 2
256 614
1 12 2
409 340
1 15 2
76 158
1 11 2
138 420
1 5 2
514 647
1 10 2
386 190
1 8 2
391 433
1 3 2
199 93
1 5 2
583 343
1 14 2
321 298
1 3 2
320 64
1 6 2
672 295
1 2 2
654 110
1 2 2
690 190
1 2 2
501 227
1 10 2
252 344
1 3 2
684 27
1 12 2
44 374
1 12 2
682 411
1 9 2
54 598
1 15 2
408 238
1 9 2
329 449
1 7 2
130 420
1 3 2
139 313
1 5 2
558 78
1 5 2
629 167
1 14 2
461 13
1 7 2
159 26
1 15 2
325 574
1 15 2
484 588
1 14 2
169 241
1 6 2
380 118
1 7 2
541 297
1 11 2
292 111
1 8 2
637 566
1 9 2
90 95
1 4 2
255 449
1 4 2
313 633
1 15 2
467 312
1 6 2
348 513
1 2 2
298 330
1 2 2
250 510
1 12 2
646 126
1 4 2
391 152
1 8 2
507 666
1 13 2
399 269
1 10 2
432 600
1 15 2
366 510
1 6 2
132 592
1 14 2
59 397
1 3 2
405 208
1 11 2
429 321
1 14 2
635 200
1 11 2
34 64
1 4 2
280 154
1 8 2
63 545
1 14 2
554 576
1 8 2
577 306
1 3 2
43 694
1 4 2
16 168
1 4 2
366 432
1 10 2
515 559
1 8 2
2 12
1 6 2
248 596
1 8 2
534 426
1 13 2
427 644
1 13 2
331 368
1 11 2
616 501
1 3 2
109 209
1 8 2
2 100
1 2 2
253 678
1 10 2
267 36
1 14 2
556 114
1 3 2
400 628
1 3 2
130 422
1 11 2
264 588
1 9 2
566 284
1 12 2
640 91
1 15 2
208 354
1 7 2
631 274
1 10 2
60 667
1 15 2
157 697
1 2 2
607 528
1 15 2
192 330
1 3 2
227 358
1 6 2
527 244
1 7 2
298 311
1 7 2
671 300
1 15 2
583 335
1 2 2
392 292
1 5 2
467 300
1 2 2
615 462
1 4 2
81 583
1 10 2
560 335
1 13 2
556 69
1 11 2
584 102
1 11 2
668 488
1 2 2
48 87
1 14 2
630 558
1 8 2
168 602
1 15 2
400 90
1 2 2
204 659
1 4 2
67 629
1 3 2
198 229
1 8 2
217 277
1 15 2
632 553
1 2 2
0 313
1 3 2
522 180
1 12 2
12 249
1 15 2
110 406
1 11 2
20 506
1 4 2
288 224
1 2 2
567 637
1 12 2
321 7
1 13 2
229 234
1 13 2
189 40
1 12 2
307 263
1 13 2
347 190
1 15 2
211 626
1 2 2
145 1
1 10 2
198 317
1 3 2
417 463
1 13 2
482 186
1 5 2
218 419
1 12 2
513 64
1 14 2
419 262
1 11 2
35 66
1 7 2
569 666
1 7 2
254 607
1 14 2
632 335
1 13 2
487 22
1 13 2
52 245
1 10 2
522 316
1 2 2
579 518
1 2 2
94 645
1 15 2
641 122
1 12 2
569 21
1 8 2
428 197
1 14 2
398 187
1 6 2
608 232
1 12 2
30 255
1 3 2
686 464
1 13 2
546 303
1 11 2
382 128
1 10 2
271 352
1 12 2
540 614
1 8 2
591 23
1 12 2
119 0
1 7 2
610 94
1 10 2
513 633
1 7 2
667 200
1 15 2
103 56
1 10 2
94 630
1 4 2
264 672
1 11 2
626 226
1 11 2
304 454
1 14 2
266 14
1 12 2
66 153
1 9 2
27 565
1 13 2
486 448
1 12 2
319 642
1 5 2
679 21
1 13 2
636 388
1 2 2
666 303
1 4 2
698 55
1 2 2
501 622
1 12 2
528 134
1 7 2
464 89
1 13 2
389 630
1 10 2
21 54
1 10 2
213 328
1 11 2
245 180
1 4 2
524 118
1 6 2
453 90
1 11 2
485 613
1 2 2
191 250
1 4 2
131 251
1 11 2
59 67
1 14 2
94 618
1 5 2
491 461
1 4 2
639 511
1 5 2
476 170
1 2 2
569 52
1 11 2
359 309
1 13 2
456 424
1 11 2
95 677
1 14 2
327 536
1 12 2
220 150
1 12 2
620 398
1 7 2
480 459
1 9 2
634 369
1 13 2
558 592
1 10 2
462 72
1 13 2
309 412
1 2 2
188 589
1 3 2
170 491
1 4 2
197 689
1 10 2
680 385
1 7 2
121 149
1 6 2
382 85
1 13 2
662 74
1 8 2
271 51
1 11 2
71 415
1 13 2
73 9
1 8 2
173 327
1 14 2
579 409
1 8 2
196 476
1 8 2
81 249
1 13 2
526 661
1 5 2
343 540
1 11 2
344 442
1 5 2
690 285
1 4 2
80 690
1 6 2
310 105
1 14 2
577 434
1 7 2
585 661
1 8 2
270 395
1 5 2
467 477
1 2 2
294 463
1 5 2
223 185
1 12 2
418 240
1 13 2
328 222
1 14 2
665 372
1 8 2
449 537
1 9 2
181 91
1 15 2
25 436
1 14 2
50 105
1 10 2
423 133
1 11 2
379 539
1 15 2
118 285
1 10 2
594 656
1 7 2
469 651
1 5 2
648 398
1 4 2
454 669
1 11 2
439 577
1 3 2
413 52
1 5 2
243 81
1 12 2
232 309
1 8 2
87 449
1 15 2
481 78
1 12 2
183 328
1 2 2
94 656
1 10 2
542 327
1 4 2
434 316
1 3 2
674 647
1 3 2
616 152
1 7 2
135 380
1 10 2
206 326
1 5 2
70 220
1 12 2
328 428
1 3 2
140 204
1 6 2
126 671
1 3 2
0 215
1 12 2
224 195
1 15 2
262 291
1 6 2
134 425
1 6 2
356 145
1 9 2
649 405
1 15 2
353 421
1 3 2
64 568
1 8 2
509 352
1 5 2
171 443
1 13 2
50 261
1 9 2
397 150
1 14 2
92 291
1 10 2
663 312
1 9 2
298 491
1 6 2
147 351
1 7 2
218 312
1 4 2
58 158
1 5 2
677 270
1 3 2
574 487
1 3 2
394 23
1 4 2
513 289
1 8 2
150 453
1 15 2
660 653
1 11 2
302 513
1 11 2
130 290
1 9 2
630 241
1 6 2
206 697
1 5 2
124 533
1 11 2
689 565
1 12 2
144 331
1 11 2
588 241
1 14 2
72 141
1 2 2
202 247
1 8 2
591 67
1 13 2
489 317
1 6 2
135 596
1 8 2
158 653
1 11 2
205 582
1 8 2
207 494
1 3 2
120 128
1 8 2
241 297
1 6 2
82 550
1 10 2
474 210
1 12 2
172 74
1 2 2
525 403
1 11 2
405 659
1 6 2
238 148
1 4 2
403 569
1 3 2
163 364
1 10 2
337 517
1 11 2
664 5
1 15 2
550 449
1 2 2
508 334
1 3 2
9 397
1 7 2
454 336
1 9 2
580 632
1 5 2
362 350
1 14 2
584 535
1 10 2
671 531
1 3 2
129 330
1 12 2
519 213
1 9 2
649 97
1 11 2
495 195
1 7 2
472 618
1 3 2
208 513
1 12 2
84 229
1 15 2
159 295
1 11 2
65 114
1 2 2
138 525
1 13 2
385 48
1 15 2
326 439
1 4 2
649 486
1 4 2
227 470
1 15 2
27 407
1 6 2
437 292
1 4 2
392 682
1 8 2
343 464
1 3 2
686 248
1 5 2
531 81
1 8 2
225 83
1 5 2
451 463
1 4 2
545 520
1 7 2
196 625
1 4 2
36 397
1 3 2
673 321
1 5 2
125 447
1 10 2
81 519
1 12 2
448 249
1 8 2
546 671
1 11 2
609 140
1 12 2
582 164
1 2 2
514 230
1 12 2
561 149
1 7 2
91 363
1 7 2
198 556
1 8 2
21 357
1 11 2
556 592
1 8 2
12 697
1 10 2
496 54
1 15 2
149 458
1 4 2
222 35
1 13 2
506 453
1 5 2
429 26
1 15 2
496 357
1 15 2
350 367
1 15 2
577 239
1 14 2
290 618
1 4 2
53 357
1 6 2
220 608
1 4 2
201 44
1 14 2
36 639
1 11 2
232 574
1 6 2
284 652
1 6 2
101 531
1 8 2
414 361
1 8 2
398 693
1 12 2
595 344
1 13 2
687 606
1 11 2
441 367
1 5 2
693 66
1 14 2
434 431
1 9 2
568 372
1 9 2
153 262
1 6 2
100 131
1 11 2
355 229
1 5 2
114 464
1 10 2
394 681
1 11 2
448 273
1 7 2
566 608
1 8 2
443 256
1 14 2
433 643
1 3 2
134 481
1 2 2
251 106
1 5 2
579 38
1 13 2
20 573
1 2 2
192 509
1 4 2
180 536
1 13 2
26 653
1 6 2
323 501
1 9 2
241 622
1 10 2
185 75
1 5 2
598 393
1 12 2
287 273
1 13 2
687 323
1 9 2
406 525
1 6 2
104 681
1 10 2
479 89
1 2 2
294 54
1 9 2
292 395
1 13 2
355 560
1 6 2
228 566
1 9 2
675 633
1 14 2
267 185
1 9 2
71 451
1 13 2
277 517
1 11 2
379 449
1 3 2
693 656
1 4 2
597 71
1 14 2
108 477
1 10 2
80 380
1 2 2
278 244
1 6 2
436 604
1 10 2
318 698
1 8 2
665 241
1 7 2
333 479
1 5 2
567 196
1 3 2
374 227
1 15 2
213 384
1 10 2
482 678
1 15 2
680 424
1 13 2
333 129
1 13 2
366 378
1 7 2
484 552
1 11 2
209 59
1 6 2
61 238
1 6 2
341 422
1 13 2
607 208
1 4 2
685 150
1 3 2
389 424
1 3 2
108 454
1 12 2
237 422
1 9 2
199 63
1 3 2
651 360
1 15 2
52 466
1 9 2
396 362
1 2 2
389 486
1 9 2
432 146
1 12 2
327 426
1 7 2
490 628
1 11 2
570 217
1 12 2
210 41
1 6 2
652 674
1 2 2
548 135
1 11 2
463 92
1 6 2
405 29
1 2 2
124 61
1 11 2
228 149
1 14 2
154 129
1 6 2
518 376
1 9 2
500 21
1 12 2
201 141
1 15 2
364 235
1 6 2
356 606
1 15 2
293 10
1 6 2
346 308
1 2 2
650 153
1 9 2
294 209
1 12 2
594 79
1 13 2
387 415
1 8 2
107 608
1 5 2
617 495
1 2 2
275 355
1 9 2
40 547
1 8 2
19 331
1 10 2
194 74
1 4 2
616 516
1 11 2
236 587
1 14 2
575 215
1 5 2
381 147
1 9 2
507 120
1 10 2
478 625
1 10 2
72 49
1 13 2
653 475
1 7 2
181 540
1 15 2
75 623
1 9 2
40 471
1 6 2
303 493
1 12 2
680 378
1 6 2
98 182
1 10 2
538 309
1 4 2
139 341
1 14 2
296 588
1 4 2
266 323
1 5 2
400 53
1 8 2
434 134
1 15 2
598 413
1 6 2
88 40
1 8 2
563 470
1 9 2
281 310
1 4 2
463 651
1 5 2
419 621
1 9 2
363 584
1 6 2
577 84
1 11 2
335 227
1 15 2
567 54
1 12 2
585 625
1 11 2
11 604
1 9 2
507 134
1 13 2
222 532
1 11 2
202 302
1 15 2
219 178
1 12 2
292 546
1 6 2
679 144
1 13 2
410 349
1 4 2
109 283
1 3 2
321 399
1 3 2
467 680
1 13 2
62 483
1 11 2
48 70
1 5 2
590 111
1 13 2
104 262
1 8 2
268 666
1 12 2
344 467
1 3 2
345 143
1 9 2
172 325
1 3 2
340 521
1 9 2
161 22
1 2 2
218 367
1 13 2
247 529
1 9 2
394 649
1 7 2
354 55
1 12 2
547 183
1 10 2
162 349
1 5 2
333 289
1 2 2
697 203
1 11 2
63 559
1 9 2
165 351
1 2 2
21 22
1 15 2
350 554
1 4 2
485 222
1 3 2
571 369
1 2 2
359 462
1 3 2
163 111
1 6 2
590 500
1 7 2
293 477
1 4 2
444 497
1 11 2
374 117
1 8 2
340 511
1 6 2
483 518
1 9 2
615 137
1 2 2
671 94
1 15 2
448 577
1 8 2
431 247
1 8 2
36 11
1 15 2
472 333
1 2 2
517 253
1 8 2
447 237
1 3 2
317 251
1 7 2
640 197
1 11 2
59 88
1 6 2
169 390
1 13 2
425 1
1 10 2
94 341
1 15 2
59 310
1 10 2
526 413
1 3 2
80 683
1 11 2
579 147
1 9 2
7 471
1 15 2
5 46
1 10 2
322 559
1 5 2
388 151
1 6 2
146 58
1 3 2
288 400
1 5 2
445 452
1 9 2
19 658
1 7 2
304 287
1 14 2
661 104
1 10 2
77 201
1 9 2
539 470
1 14 2
66 326
1 9 2
332 222
1 2 2
697 336
1 4 2
675 286
1 11 2
476 411
1 12 2
660 554
1 15 2
344 547
1 12 2
641 516
1 3 2
555 688
1 10 2
657 58
1 7 2
229 409
1 8 2
618 327
1 10 2
90 564
1 11 2
615 142
1 14 2
387 684
1 6 2
574 57
1 14 2
200 340
1 14 2
615 624
1 5 2
651 631
1 6 2
137 189
1 8 2
681 427
1 15 2
658 568
1 11 2
493 685
1 3 2
212 139
1 13 2
391 224
1 5 2
157 202
1 15 2
444 324
1 5 2
211 276
1 14 2
122 423
1 4 2
275 276
1 2 2
343 280
1 3 2
613 12
1 14 2
464 460
1 15 2
120 683
1 3 2
387 618
1 3 2
596 0
1 12 2
64 8
1 14 2
262 5
1 11 2
300 254
1 6 2
688 448
1 15 2
579 288
1 12 2
156 501
1 13 2
627 104
1 5 2
497 479
1 6 2
167 620
1 6 2
82 181
1 9 2
100 539
1 12 2
409 603
1 11 2
157 552
1 13 2
271 84
1 11 2
644 348
1 15 2
125 376
1 14 2
646 246
1 2 2
231 237
1 4 2
683 639
1 9 2
616 100
1 14 2
69 2
1 8 2
33 307
1 12 2
136 619
1 4 2
678 690
1 7 2
634 395
1 10 2
611 92
1 9 2
531 578
1 14 2
570 612
1 3 2
430 193
1 14 2
52 59
1 11 2
519 461
1 10 2
179 272
1 12 2
218 261
1 7 2
540 538
1 11 2
7 429
1 6 2
581 693
1 13 2
647 689
1 12 2
445 688
1 10 2
123 397
1 2 2
194 55
1 10 2
630 186
1 5 2
433 127
1 10 2
116 19
1 9 2
199 265
1 8 2
0 674
1 13 2
124 16
1 6 2
573 10
1 2 2
613 339
1 10 2
658 203
1 6 2
381 392
1 9 2
636 459
1 15 2
654 621
1 10 2
452 108
1 8 2
62 367
1 4 2
507 197
1 4 2
438 213
1 11 2
64 259
1 7 2
528 488
1 6 2
255 25
1 7 2
404 376
1 2 2
233 620
1 3 2
211 535
1 9 2
360 256
1 2 2
415 426
1 4 2
435 668
1 13 2
556 474
1 6 2
83 411
1 9 2
76 142
1 10 2
456 621
1 4 2
657 252
1 15 2
474 92
1 6 2
5 456
1 10 2
581 42
1 9 2
678 229
1 7 2
183 428
1 7 2
108 316
1 7 2
300 76
1 10 2
44 648
1 11 2
641 602
1 12 2
355 3
1 7 2
343 48
1 5 2
24 611
1 5 2
117 202
1 9 2
689 560
1 5 2
306 135
1 14 2
699 539
1 6 2
679 202
1 6 2
241 628
1 13 2
531 68
1 13 2
449 216
1 6 2
357 477
1 9 2
300 10
1 12 2
401 150
1 5 2
31 688
1 5 2
132 257
1 12 2
280 314
1 11 2
14 680
1 12 2
614 632
1 9 2
126 647
1 6 2
595 13
1 3 2
428 623
1 13 2
446 11
1 5 2
534 86
1 4 2
417 345
1 6 2
93 46
1 4 2
19 373
1 9 2
100 634
1 6 2
257 423
1 3 2
5 128
1 10 2
204 271
1 3 2
488 239
1 14 2
251 290
1 9 2
600 176
1 9 2
563 423
1 11 2
450 123
1 9 2
124 534
1 14 2
457 526
1 9 2
580 499
1 2 2
335 322
1 4 2
66 19
1 11 2
152 698
1 3 2
268 93
1 10 2
586 438
1 12 2
127 423
1 13 2
522 417
1 15 2
218 355
1 9 2
181 575
1 2 2
298 575
1 11 2
86 541
1 11 2
193 22
1 11 2
269 679
1 5 2
493 690
1 6 2
419 295
1 10 2
228 487
1 12 2
259 72
1 5 2
642 481
1 12 2
546 365
1 11 2
211 237
1 15 2
687 520
1 2 2
440 335
1 9 2
526 654
1 15 2
267 474
1 15 2
466 206
1 14 2
392 286
1 11 2
522 274
1 15 2
623 250
1 4 2
67 340
1 7 2
564 53
1 9 2
88 428
1 14 2
281 592
1 6 2
226 120
1 15 2
370 348
1 2 2
382 26
1 5 2
658 446
1 9 2
50 619
1 12 2
205 88
1 13 2
665 497
1 12 2
403 687
1 12 2
562 66
1 6 2
176 544
1 9 2
232 340
1 2 2
644 515
1 7 2
315 386
1 7 2
139 89
1 4 2
13 135
1 7 2
165 698
1 9 2
153 232
1 3 2
225 666
1 14 2
400 344
1 3 2
538 579
1 7 2
371 506
1 8 2
136 298
1 2 2
97 622
1 15 2
307 390
1 5 2
25 623
1 15 2
331 635
1 10 2
384 184
1 12 2
1 295
1 15 2
247 613
1 15 2
523 315
1 6 2
308 60
1 15 2
317 344
1 5 2
512 641
1 6 2
371 217
1 12 2
380 344
1 15 2
632 324
1 4 2
398 416
1 9 2
145 613
1 12 2
249 353
1 9 2
60 607
1 14 2
462 137
1 11 2
256 95
1 14 2
342 615
1 14 2
115 615
1 5 2
146 635
1 14 2
547 56
1 8 2
117 262
1 9 2
45 650
1 14 2
686 18
1 7 2
676 339
1 8 2
577 30
1 2 2
206 97
1 10 2
218 335
1 8 2
450 439
1 8 2
628 398
1 10 2
211 72
1 4 2
358 47
1 2 2
189 543
1 7 2
557 543
1 11 2
675 619
1 6 2
234 669
1 9 2
589 346
1 3 2
370 619
1 2 2
178 601
1 14 2
386 367
1 12 2
662 319
1 11 2
80 303
1 2 2
429 571
1 11 2
55 292
1 2 2
679 90
1 9 2
373 98
1 12 2
176 214
1 9 2
169 547
1 3 2
285 464
1 5 2
480 449
1 3 2
568 316
1 14 2
49 466
1 8 2
376 495
1 2 2
507 212
1 11 2
513 392
1 8 2
546 182
1 2 2
560 276
1 3 2
507 168
1 11 2
409 525
1 10 2
425 456
1 5 2
339 176
1 3 2
88 502
1 8 2
196 469
1 6 2
110 382
1 9 2
108 324
1 14 2
74 689
1 4 2
31 198
1 11 2
188 483
1 4 2
6 499
1 11 2
449 304
1 6 2
225 145
1 14 2
546 209
1 7 2
575 659
1 12 2
631 695
1 4 2
234 233
1 10 2
579 325
1 4 2
602 97
1 12 2
507 160
1 13 2
375 619
1 4 2
182 152
1 2 2
68 668
1 2 2
612 261
1 8 2
363 468
1 4 2
424 574
1 14 2
609 660
1 15 2
515 634
1 8 2
34 695
1 11 2
677 395
1 12 2
394 40
1 5 2
621 348
1 3 2
191 85
1 9 2
74 448
1 10 2
579 650
1 12 2
324 215
1 2 2
371 645
1 2 2
229 313
1 10 2
205 50
1 2 2
623 497
1 2 2
671 231
1 2 2
275 550
1 5 2
430 512
1 15 2
417 559
1 6 2
400 581
1 13 2
193 200
1 10 2
664 439
1 2 2
505 673
1 13 2
685 670
1 4 2
468 699
1 6 2
417 514
1 11 2
380 4
1 3 2
672 261
1 2 2
475 635
1 7 2
254 543
1 2 2
256 87
1 12 2
63 419
1 10 2
354 557
1 9 2
147 563
1 2 2
143 665
1 15 2
250 214
1 11 2
130 156
1 2 2
113 629
1 4 2
270 641
1 11 2
218 633
1 15 2
28 614
1 14 2
582 329
1 11 2
438 544
1 11 2
236 97
1 2 2
73 431
1 7 2
334 318
1 15 2
642 377
1 13 2
528 474
1 4 2
691 100
1 14 2
24 308
1 11 2
475 497
1 4 2
474 375
1 9 2
658 100
1 7 2
292 412
1 7 2
85 287
1 15 2
344 525
1 13 2
214 421
1 13 2
270 336
1 15 2
232 681
1 5 2
580 581
1 15 2
122 490
1 9 2
679 38
1 9 2
672 648
1 15 2
551 548
1 5 2
675 320
1 15 2
30 69
1 15 2
234 621
1 13 2
368 180
1 9 2
2 309
1 4 2
439 592
1 8 2
489 94
1 12 2
434 128
1 10 2
519 610
1 10 2
151 621
1 3 2
201 86
1 8 2
17 618
1 10 2
327 324
1 13 2
386 322
1 11 2
78 342
1 10 2
121 637
1 11 2
350 278
1 6 2
694 541
1 5 2
118 366
1 6 2
299 209
1 5 2
357 290
1 5 2
156 195
1 14 2
569 501
1 15 2
13 424
1 11 2
239 545
1 7 2
571 200
1 2 2
292 603
1 14 2
209 307
1 11 2
48 592
1 6 2
659 568
1 11 2
420 201
1 12 2
160 125
1 11 2
506 476
1 8 2
681 483
1 6 2
263 645
1 7 2
83 203
1 3 2
582 188
1 15 2
318 136
1 12 2
354 187
