500 2977 1500
24 10 12 22 17 25 25 7 5 10 20 11 17 8 10 11 25 21 13 18 8 12 23 23 16 16 14 7 6 10 23 11 14 19 24 6 9 15 10 22 11 19 18 10 10 11 14 7 18 13 11 23 22 12 6 21 18 7 7 23 20 14 6 13 9 23 13 16 15 15 20 12 8 23 13 22 7 16 15 19 10 23 25 13 6 19 17 22 22 23 18 14 5 17 24 17 10 23 16 14 10 7 20 20 12 18 19 14 11 5 18 20 12 9 12 18 7 17 18 6 13 19 8 9 24 21 22 24 21 9 15 14 10 5 18 9 10 16 22 15 5 16 7 14 7 9 22 23 5 8 16 7 13 12 20 19 16 17 11 14 18 12 17 7 13 7 25 6 22 16 5 22 10 11 22 20 22 24 21 20 9 7 22 23 24 8 6 21 22 19 13 17 12 6 6 22 11 21 16 22 20 19 12 11 11 15 12 9 15 22 11 12 17 23 18 22 9 10 15 15 13 6 22 22 17 6 10 8 14 5 17 8 24 12 11 23 18 13 18 8 23 9 22 9 15 20 20 7 19 15 5 22 14 12 23 7 19 17 22 14 14 25 23 18 13 12 17 6 20 18 17 18 24 25 25 19 15 16 22 13 9 21 5 11 8 10 9 21 6 5 5 5 8 9 18 18 24 6 7 11 25 19 11 11 19 6 6 24 23 25 10 16 14 8 23 6 25 18 21 15 11 16 8 21 21 15 14 19 19 11 20 15 17 23 9 12 6 21 14 14 7 19 24 5 8 22 22 22 9 9 8 14 11 11 18 22 18 25 6 21 5 13 25 24 20 25 21 17 18 13 21 21 9 7 5 22 11 17 24 15 22 19 23 11 12 14 10 11 18 21 14 6 25 14 17 6 20 9 16 17 21 5 25 10 6 13 9 10 19 6 17 13 6 23 7 7 25 8 17 12 10 10 13 6 13 16 25 16 7 7 24 16 22 7 17 7 20 9 5 16 23 6 20 15 13 9 19 11 5 13 9 19 10 15 18 24 22 24 20 17 13 13 8 17 15 9 18 11 20 20 23 14 17 14 16 11 11 24 17 22 19 5 21 13 5 19 14 9 19 20 23 22 7 8 24 10 22 10 8 19
3 11 19 12 14 6 17 9 7 7 8 18 13 18 5 7 8 3 5 20 20 17 11 9 6 11 6 11 18 16 13 13 14 15 8 10 7 13 9 12 13 15 10 7 12 5 6 8 20 8 12 6 8 12 19 6 11 7 7 19 16 19 9 7 7 20 8 14 10 8 20 14 3 17 9 13 8 5 6 7 3 14 20 8 4 17 13 5 18 9 17 18 16 4 19 17 15 12 19 13 3 17 5 16 13 11 6 15 5 9 6 15 20 18 4 13 5 8 18 5 6 18 7 8 18 15 18 16 4 5 3 14 12 12 4 4 20 15 16 20 18 8 7 3 8 17 18 10 6 14 15 5 3 8 15 7 10 20 9 13 7 12 9 13 20 13 15 7 17 3 16 7 14 6 16 12 4 19 6 13 14 8 17 20 16 12 18 14 3 16 16 18 6 15 10 3 19 11 9 12 10 18 7 7 17 11 8 12 3 16 20 9 18 5 6 17 15 18 3 15 4 11 7 12 6 12 4 20 18 15 6 9 18 9 7 18 4 8 10 20 14 6 20 3 5 16 5 9 17 10 7 17 17 5 13 11 19 18 16 19 18 18 13 19 9 18 13 20 12 9 12 20 12 15 3 12 4 14 8 13 7 12 17 5 9 6 15 16 12 16 5 19 19 14 14 8 5 13 20 8 11 9 19 19 9 15 20 16 20 5 9 17 13 10 9 12 10 5 20 10 17 14 9 20 9 18 3 15 4 16 5 15 4 3 9 8 14 15 15 19 14 19 11 16 11 5 17 13 12 7 5 20 10 5 19 15 5 17 6 19 20 4 4 16 10 6 8 17 20 14 18 12 16 19 6 16 13 16 18 17 10 8 4 8 18 18 12 5 3 20 18 9 8 6 16 19 20 3 7 15 3 7 6 15 18 15 8 6 10 18 10 17 4 3 17 19 18 6 15 12 6 9 10 4 7 11 11 7 7 6 5 12 11 16 14 11 3 3 19 20 18 8 8 19 20 15 13 10 10 16 7 17 10 10 3 10 11 11 19 6 8 16 11 8 13 10 4 13 9 15 8 5 14 18 4 19 12 5 7 11 3 13 14 3 12 14 18 4 16 20 10 15 18 6 8 13 9 18 14 17
1 4 2
243 318
1 7 2
228 311
1 4 2
179 291
1 13 2
25 116
1 15 2
152 238
1 12 2
75 89
1 8 2
225 275
1 4 2
32 212
1 7 2
69 387
1 7 2
0 250
1 3 2
233 453
1 7 2
88 367
1 2 2
364 401
1 8 2
189 272
1 2 2
3 238
1 12 2
119 470
1 7 2
112 372
1 7 2
22 267
1 3 2
257 444
1 4 2
265 407
1 2 2
239 401
1 15 2
40 389
1 3 2
94 303
1 9 2
22 147
1 2 2
30 273
1 8 2
183 336
1 2 2
28 284
1 8 2
94 413
1 15 2
325 451
1 12 2
305 422
1 12 2
301 492
1 5 2
29 89
1 13 2
0 429
1 2 2
206 274
1 2 2
202 330
1 11 2
309 315
1 9 2
4 285
1 15 2
74 442
1 7 2
284 433
1 11 2
248 454
1 5 2
110 465
1 7 2
366 374
1 12 2
62 285
1 11 2
299 340
1 9 2
54 124
1 15 2
181 366
1 2 2
249 494
1 13 2
119 478
1 12 2
17 221
1 12 2
16 421
1 11 2
159 314
1 6 2
42 277
1 6 2
122 162
1 8 2
158 495
1 3 2
48 447
1 3 2
312 331
1 5 2
388 402
1 9 2
298 339
1 8 2
218 251
1 3 2
91 274
1 5 2
85 89
1 4 2
60 401
1 8 2
430 464
1 7 2
172 196
1 7 2
171 252
1 9 2
147 227
1 11 2
28 267
1 4 2
87 224
1 15 2
252 483
1 9 2
303 315
1 14 2
117 354
1 7 2
3 150
1 3 2
19 39
1 2 2
260 492
1 4 2
360 386
1 10 2
99 496
1 15 2
181 239
1 14 2
159 175
1 8 2
9 12
1 3 2
91 167
1 10 2
39 295
1 9 2
267 305
1 7 2
285 295
1 4 2
29 328
1 2 2
380 466
1 3 2
185 312
1 7 2
298 299
1 4 2
54 194
1 8 2
164 167
1 3 2
192 336
1 15 2
152 337
1 13 2
11 366
1 4 2
2 346
1 2 2
43 218
1 5 2
351 415
1 9 2
44 296
1 2 2
127 148
1 11 2
366 432
1 10 2
280 333
1 12 2
4 20
1 9 2
141 449
1 2 2
174 246
1 3 2
17 76
1 12 2
356 438
1 12 2
63 368
1 11 2
213 248
1 15 2
198 212
1 10 2
249 426
1 15 2
14 96
1 15 2
140 146
1 7 2
277 396
1 6 2
131 453
1 15 2
237 359
1 3 2
7 140
1 8 2
111 317
1 10 2
374 426
1 2 2
79 226
1 2 2
67 454
1 6 2
170 224
1 8 2
37 79
1 5 2
416 491
1 11 2
349 377
1 11 2
303 411
1 2 2
436 451
1 4 2
137 468
1 5 2
45 158
1 6 2
105 237
1 14 2
111 334
1 6 2
212 244
1 7 2
247 341
1 3 2
266 345
1 2 2
138 389
1 7 2
71 414
1 10 2
215 263
1 11 2
323 467
1 6 2
119 432
1 15 2
194 446
1 6 2
147 437
1 7 2
141 386
1 4 2
377 447
1 6 2
224 412
1 7 2
26 266
1 15 2
134 264
1 11 2
82 368
1 14 2
100 431
1 9 2
226 407
1 8 2
49 164
1 15 2
48 460
1 2 2
330 473
1 4 2
179 186
1 7 2
406 434
1 5 2
209 370
1 11 2
42 74
1 9 2
81 383
1 5 2
164 223
1 14 2
211 464
1 6 2
179 414
1 14 2
73 108
1 10 2
312 491
1 14 2
12 75
1 6 2
74 183
1 4 2
209 409
1 10 2
93 432
1 7 2
14 37
1 10 2
11 443
1 6 2
392 490
1 12 2
230 259
1 11 2
218 273
1 15 2
211 340
1 5 2
97 312
1 7 2
73 293
1 11 2
210 340
1 12 2
44 210
1 2 2
281 445
1 10 2
78 416
1 5 2
477 497
1 14 2
3 184
1 13 2
97 482
1 15 2
161 450
1 12 2
144 153
1 9 2
283 323
1 4 2
226 236
1 6 2
77 128
1 7 2
472 473
1 9 2
27 165
1 4 2
28 39
1 7 2
238 338
1 5 2
119 228
1 12 2
1 449
1 9 2
198 369
1 2 2
330 346
1 8 2
27 329
1 6 2
116 431
1 12 2
57 396
1 14 2
248 309
1 12 2
143 201
1 10 2
37 258
1 13 2
82 210
1 8 2
358 378
1 4 2
173 448
1 9 2
154 470
1 3 2
70 267
1 11 2
4 179
1 15 2
12 281
1 11 2
149 406
1 9 2
2 337
1 7 2
10 342
1 13 2
126 150
1 9 2
309 431
1 8 2
7 137
1 13 2
204 308
1 6 2
126 139
1 14 2
138 459
1 2 2
123 130
1 15 2
49 235
1 10 2
226 447
1 10 2
303 449
1 8 2
262 315
1 4 2
100 457
1 8 2
285 495
1 7 2
49 332
1 15 2
88 159
1 2 2
130 479
1 6 2
430 433
1 11 2
44 442
1 10 2
58 145
1 3 2
253 283
1 13 2
47 415
1 2 2
66 69
1 9 2
216 401
1 8 2
293 459
1 6 2
264 459
1 5 2
266 350
1 6 2
57 345
1 3 2
104 319
1 9 2
179 394
1 10 2
46 67
1 11 2
166 482
1 2 2
292 361
1 5 2
76 234
1 15 2
248 487
1 10 2
15 321
1 7 2
124 462
1 12 2
75 157
1 4 2
59 266
1 7 2
221 341
1 2 2
113 432
1 9 2
64 316
1 8 2
185 403
1 14 2
257 357
1 5 2
129 138
1 6 2
267 346
1 7 2
32 252
1 15 2
37 241
1 12 2
128 259
1 10 2
445 475
1 5 2
153 201
1 3 2
200 370
1 11 2
256 355
1 6 2
171 288
1 15 2
443 475
1 12 2
89 479
1 6 2
295 394
1 10 2
73 183
1 6 2
18 201
1 7 2
42 139
1 6 2
307 345
1 4 2
17 360
1 5 2
3 92
1 12 2
182 346
1 11 2
161 224
1 3 2
41 84
1 12 2
139 192
1 5 2
0 293
1 12 2
11 59
1 4 2
261 309
1 7 2
4 400
1 14 2
32 452
1 12 2
139 299
1 12 2
392 393
1 15 2
239 318
1 11 2
87 406
1 6 2
242 321
1 11 2
177 271
1 10 2
14 383
1 13 2
166 208
1 15 2
111 117
1 4 2
1 464
1 9 2
254 486
1 14 2
192 325
1 4 2
368 458
1 13 2
374 405
1 13 2
416 437
1 8 2
49 396
1 2 2
204 260
1 9 2
133 296
1 14 2
109 200
1 9 2
230 334
1 11 2
417 435
1 13 2
145 321
1 13 2
234 365
1 2 2
25 165
1 10 2
348 424
1 14 2
345 414
1 5 2
204 353
1 13 2
246 354
1 4 2
89 446
1 5 2
230 271
1 11 2
267 355
1 12 2
43 205
1 6 2
133 339
1 10 2
97 464
1 3 2
58 93
1 2 2
276 465
1 2 2
14 179
1 9 2
291 437
1 15 2
37 363
1 3 2
38 255
1 15 2
65 371
1 3 2
186 275
1 12 2
5 149
1 13 2
313 339
1 3 2
112 142
1 5 2
75 98
1 11 2
266 319
1 7 2
266 488
1 4 2
216 332
1 12 2
101 497
1 8 2
246 297
1 13 2
69 234
1 7 2
91 366
1 7 2
60 260
1 2 2
47 143
1 9 2
395 403
1 4 2
339 485
1 14 2
74 340
1 6 2
41 151
1 9 2
281 410
1 3 2
266 413
1 8 2
296 496
1 13 2
98 132
1 14 2
441 494
1 3 2
7 317
1 10 2
102 149
1 5 2
109 385
1 8 2
150 369
1 5 2
114 368
1 4 2
53 404
1 9 2
142 443
1 6 2
26 382
1 4 2
257 278
1 11 2
9 329
1 7 2
112 473
1 7 2
257 365
1 9 2
8 213
1 11 2
335 380
1 6 2
222 310
1 7 2
168 450
1 7 2
52 464
1 2 2
4 286
1 5 2
271 395
1 5 2
232 249
1 4 2
42 391
1 10 2
11 170
1 9 2
167 485
1 14 2
142 290
1 5 2
242 465
1 12 2
219 266
1 13 2
143 187
1 7 2
2 286
1 10 2
63 265
1 2 2
157 346
1 13 2
120 423
1 10 2
92 224
1 3 2
423 425
1 13 2
86 127
1 7 2
65 175
1 7 2
131 438
1 11 2
53 257
1 15 2
136 387
1 3 2
79 382
1 2 2
34 483
1 3 2
158 161
1 13 2
316 401
1 9 2
38 170
1 5 2
261 394
1 8 2
36 184
1 11 2
65 462
1 2 2
17 396
1 10 2
206 227
1 8 2
160 351
1 13 2
46 195
1 15 2
45 175
1 6 2
109 297
1 6 2
0 133
1 5 2
274 471
1 13 2
16 499
1 3 2
269 474
1 12 2
101 307
1 7 2
87 127
1 12 2
32 151
1 11 2
1 399
1 7 2
52 334
1 5 2
372 467
1 10 2
241 474
1 7 2
127 370
1 8 2
316 438
1 11 2
118 184
1 12 2
58 201
1 14 2
314 424
1 11 2
227 481
1 9 2
13 223
1 7 2
280 352
1 6 2
405 478
1 12 2
126 134
1 10 2
114 454
1 15 2
240 270
1 12 2
244 278
1 3 2
190 432
1 2 2
183 298
1 9 2
53 341
1 2 2
317 390
1 2 2
406 498
1 12 2
61 363
1 5 2
150 340
1 9 2
36 225
1 12 2
349 469
1 11 2
1 310
1 5 2
224 488
1 9 2
442 466
1 12 2
76 175
1 6 2
134 394
1 3 2
308 394
1 5 2
148 232
1 8 2
22 479
1 11 2
62 138
1 2 2
16 91
1 13 2
82 480
1 15 2
451 462
1 10 2
145 272
1 2 2
158 280
1 4 2
447 497
1 11 2
253 402
1 4 2
356 487
1 6 2
305 459
1 10 2
113 269
1 15 2
37 244
1 5 2
50 239
1 9 2
97 441
1 10 2
8 275
1 5 2
18 128
1 3 2
286 383
1 8 2
175 469
1 8 2
110 345
1 5 2
245 333
1 8 2
145 207
1 10 2
27 68
1 5 2
57 117
1 8 2
33 245
1 8 2
157 268
1 11 2
92 274
1 8 2
3 318
1 14 2
7 62
1 14 2
273 360
1 2 2
141 493
1 6 2
311 389
1 8 2
107 356
1 5 2
427 470
1 2 2
0 132
1 14 2
227 276
1 4 2
22 337
1 5 2
105 306
1 11 2
323 480
1 10 2
362 491
1 10 2
344 391
1 15 2
70 176
1 11 2
64 191
1 3 2
230 381
1 2 2
74 280
1 14 2
0 438
1 8 2
192 487
1 4 2
231 285
1 4 2
208 311
1 6 2
387 400
1 13 2
363 435
1 5 2
174 493
1 10 2
61 386
1 15 2
198 447
1 10 2
127 329
1 11 2
55 446
1 13 2
338 383
1 5 2
73 316
1 3 2
408 442
1 7 2
79 236
1 5 2
123 203
1 12 2
255 412
1 10 2
216 292
1 11 2
52 356
1 8 2
80 149
1 10 2
44 188
1 6 2
57 371
1 7 2
117 433
1 10 2
49 97
1 13 2
132 145
1 14 2
167 414
1 11 2
311 462
1 13 2
254 330
1 5 2
257 300
1 2 2
131 158
1 12 2
192 489
1 13 2
204 282
1 10 2
311 429
1 4 2
11 182
1 13 2
255 300
1 2 2
19 233
1 8 2
289 498
1 5 2
27 177
1 13 2
87 350
1 10 2
356 425
1 14 2
26 306
1 13 2
206 391
1 7 2
65 102
1 11 2
9 97
1 9 2
226 242
1 10 2
65 286
1 11 2
56 102
1 13 2
140 471
1 9 2
164 444
1 3 2
266 382
1 8 2
440 466
1 2 2
87 107
1 2 2
234 260
1 13 2
32 217
1 15 2
50 321
1 11 2
119 130
1 15 2
63 136
1 4 2
215 352
1 13 2
116 229
1 11 2
39 125
1 10 2
72 259
1 4 2
93 151
1 14 2
181 299
1 11 2
323 431
1 12 2
327 461
1 8 2
107 225
1 15 2
111 192
1 4 2
211 228
1 15 2
230 257
1 11 2
173 261
1 9 2
129 478
1 10 2
158 426
1 6 2
121 414
1 3 2
65 329
1 3 2
278 433
1 6 2
14 421
1 9 2
150 222
1 3 2
203 308
1 5 2
253 435
1 9 2
432 482
1 4 2
255 438
1 4 2
180 453
1 8 2
251 320
1 12 2
261 421
1 11 2
206 449
1 9 2
248 380
1 3 2
36 94
1 8 2
36 98
1 7 2
99 232
1 4 2
185 384
1 4 2
22 263
1 5 2
69 241
1 4 2
225 423
1 9 2
243 276
1 15 2
69 316
1 6 2
76 309
1 8 2
227 377
1 15 2
76 319
1 2 2
40 427
1 14 2
202 345
1 14 2
400 447
1 13 2
366 434
1 4 2
355 384
1 2 2
227 347
1 4 2
234 299
1 14 2
79 467
1 4 2
54 299
1 4 2
123 368
1 11 2
320 402
1 12 2
95 229
1 15 2
261 264
1 10 2
283 330
1 9 2
315 444
1 15 2
137 470
1 8 2
113 315
1 14 2
11 248
1 7 2
232 424
1 4 2
235 449
1 4 2
45 170
1 8 2
225 255
1 2 2
116 161
1 6 2
17 261
1 7 2
230 307
1 9 2
190 440
1 6 2
183 474
1 9 2
382 420
1 4 2
213 293
1 9 2
255 429
1 10 2
363 423
1 10 2
139 307
1 3 2
464 488
1 12 2
42 476
1 10 2
82 441
1 6 2
51 323
1 15 2
148 429
1 2 2
89 173
1 11 2
297 471
1 9 2
148 336
1 9 2
199 235
1 14 2
269 292
1 15 2
162 364
1 11 2
255 404
1 10 2
2 359
1 11 2
319 336
1 3 2
137 491
1 3 2
258 422
1 12 2
115 143
1 14 2
99 159
1 2 2
37 453
1 7 2
40 364
1 3 2
74 269
1 13 2
68 344
1 9 2
2 142
1 6 2
25 49
1 10 2
229 372
1 14 2
108 413
1 13 2
22 185
1 13 2
1 97
1 3 2
213 315
1 11 2
116 390
1 11 2
61 178
1 10 2
184 242
1 7 2
81 477
1 7 2
83 446
1 15 2
166 415
1 13 2
294 372
1 14 2
198 207
1 11 2
116 154
1 4 2
32 224
1 12 2
315 476
1 12 2
194 402
1 10 2
170 385
1 11 2
184 291
1 8 2
258 408
1 3 2
45 132
1 3 2
126 304
1 10 2
273 354
1 6 2
410 497
1 13 2
39 413
1 3 2
77 304
1 2 2
174 251
1 8 2
129 385
1 3 2
88 361
1 4 2
471 491
1 3 2
7 328
1 14 2
52 333
1 11 2
199 386
1 15 2
156 192
1 3 2
280 449
1 4 2
32 284
1 8 2
78 115
1 2 2
231 258
1 11 2
184 290
1 8 2
84 463
1 13 2
114 149
1 2 2
217 485
1 6 2
36 312
1 10 2
47 365
1 8 2
457 474
1 9 2
93 445
1 5 2
72 106
1 15 2
14 476
1 12 2
97 439
1 10 2
224 302
1 2 2
293 414
1 4 2
158 394
1 3 2
245 461
1 6 2
454 488
1 14 2
3 196
1 2 2
137 415
1 12 2
163 267
1 12 2
229 390
1 9 2
151 265
1 6 2
252 320
1 11 2
23 253
1 5 2
65 233
1 6 2
353 365
1 2 2
162 222
1 8 2
186 393
1 4 2
310 379
1 12 2
89 303
1 4 2
83 385
1 10 2
57 451
1 8 2
164 341
1 9 2
141 298
1 6 2
154 481
1 10 2
81 408
1 14 2
322 475
1 15 2
297 415
1 12 2
16 153
1 12 2
11 422
1 2 2
343 374
1 13 2
135 395
1 3 2
101 257
1 4 2
42 141
1 14 2
35 445
1 13 2
131 361
1 10 2
9 186
1 2 2
419 491
1 2 2
164 471
1 12 2
168 404
1 5 2
425 486
1 9 2
414 496
1 9 2
290 424
1 14 2
289 291
1 2 2
368 385
1 14 2
288 289
1 8 2
164 299
1 10 2
82 213
1 14 2
59 418
1 5 2
178 444
1 12 2
45 176
1 2 2
16 426
1 15 2
91 226
1 12 2
238 410
1 5 2
171 183
1 9 2
223 499
1 8 2
181 462
1 6 2
128 222
1 13 2
258 428
1 10 2
398 458
1 15 2
172 375
1 6 2
241 328
1 11 2
33 255
1 13 2
103 252
1 3 2
386 458
1 4 2
229 405
1 6 2
131 318
1 7 2
29 344
1 10 2
87 351
1 12 2
89 427
1 15 2
340 448
1 14 2
175 428
1 5 2
74 135
1 2 2
358 446
1 7 2
156 331
1 9 2
243 327
1 5 2
323 432
1 2 2
132 456
1 8 2
192 204
1 9 2
211 230
1 2 2
136 285
1 13 2
97 207
1 5 2
443 486
1 14 2
329 392
1 14 2
102 157
1 5 2
177 412
1 10 2
108 234
1 11 2
274 346
1 3 2
89 498
1 15 2
322 419
1 13 2
53 153
1 5 2
213 411
1 13 2
152 498
1 9 2
268 455
1 12 2
136 187
1 12 2
30 405
1 2 2
326 417
1 4 2
89 444
1 8 2
173 451
1 15 2
364 411
1 13 2
35 474
1 6 2
215 492
1 5 2
132 413
1 4 2
306 423
1 14 2
212 374
1 10 2
125 383
1 8 2
239 297
1 15 2
296 461
1 10 2
38 133
1 15 2
200 395
1 10 2
9 306
1 8 2
426 449
1 8 2
165 436
1 14 2
3 395
1 15 2
168 405
1 7 2
129 239
1 13 2
90 204
1 6 2
24 28
1 8 2
153 340
1 13 2
252 382
1 11 2
364 418
1 3 2
99 450
1 7 2
214 455
1 10 2
28 190
1 15 2
285 441
1 3 2
214 340
1 9 2
15 486
1 14 2
5 98
1 6 2
376 388
1 12 2
168 322
1 14 2
183 494
1 9 2
213 226
1 14 2
147 496
1 10 2
50 163
1 13 2
114 487
1 15 2
250 300
1 11 2
284 442
1 15 2
176 443
1 13 2
184 449
1 8 2
246 454
1 8 2
74 361
1 14 2
194 414
1 2 2
261 483
1 10 2
141 421
1 5 2
209 282
1 8 2
170 344
1 13 2
205 469
1 4 2
260 435
1 5 2
6 440
1 5 2
336 361
1 9 2
254 361
1 9 2
25 398
1 5 2
310 311
1 3 2
206 417
1 7 2
121 303
1 5 2
289 375
1 5 2
354 476
1 10 2
83 442
1 3 2
124 287
1 11 2
162 301
1 12 2
36 365
1 3 2
219 309
1 9 2
196 294
1 10 2
371 471
1 6 2
187 445
1 3 2
148 276
1 4 2
89 108
1 13 2
90 213
1 14 2
328 455
1 3 2
285 351
1 8 2
24 79
1 5 2
21 219
1 4 2
214 382
1 13 2
158 203
1 2 2
117 317
1 12 2
127 317
1 3 2
181 388
1 14 2
196 250
1 6 2
146 375
1 13 2
245 288
1 13 2
107 359
1 9 2
327 436
1 5 2
2 79
1 4 2
40 146
1 3 2
118 403
1 14 2
21 31
1 6 2
218 315
1 4 2
210 321
1 3 2
81 211
1 2 2
50 251
1 3 2
304 377
1 6 2
163 411
1 9 2
259 318
1 10 2
80 223
1 4 2
396 483
1 10 2
229 314
1 11 2
321 432
1 7 2
54 448
1 10 2
110 296
1 11 2
70 243
1 7 2
146 157
1 13 2
230 456
1 11 2
18 403
1 2 2
98 131
1 10 2
33 187
1 9 2
2 149
1 12 2
247 497
1 6 2
81 265
1 15 2
421 430
1 10 2
181 238
1 13 2
293 426
1 15 2
293 314
1 4 2
117 493
1 11 2
65 213
1 5 2
356 484
1 4 2
223 303
1 13 2
134 416
1 13 2
177 190
1 7 2
106 322
1 10 2
325 463
1 3 2
173 347
1 11 2
201 274
1 12 2
291 366
1 7 2
24 197
1 2 2
20 66
1 7 2
265 305
1 6 2
355 431
1 12 2
179 351
1 4 2
29 130
1 2 2
12 280
1 6 2
204 459
1 7 2
167 282
1 12 2
17 53
1 7 2
249 387
1 11 2
178 378
1 13 2
126 202
1 9 2
6 376
1 7 2
52 107
1 11 2
12 113
1 8 2
123 343
1 6 2
21 148
1 5 2
76 132
1 5 2
28 47
1 11 2
91 119
1 3 2
4 158
1 13 2
168 239
1 8 2
447 466
1 4 2
46 55
1 9 2
356 379
1 10 2
35 296
1 3 2
259 407
1 3 2
132 365
1 10 2
320 381
1 13 2
299 439
1 9 2
53 338
1 10 2
193 455
1 15 2
313 434
1 5 2
117 498
1 10 2
227 262
1 5 2
29 348
1 4 2
224 398
1 6 2
3 263
1 14 2
227 414
1 4 2
84 440
1 10 2
83 328
1 14 2
14 187
1 3 2
362 436
1 14 2
135 140
1 9 2
95 174
1 14 2
139 260
1 8 2
195 458
1 11 2
211 402
1 6 2
39 307
1 15 2
154 186
1 13 2
219 315
1 14 2
107 298
1 11 2
292 419
1 8 2
165 200
1 14 2
233 394
1 7 2
85 127
1 4 2
205 297
1 6 2
244 317
1 15 2
194 459
1 13 2
446 492
1 4 2
207 226
1 12 2
352 475
1 5 2
100 212
1 3 2
0 356
1 13 2
220 234
1 3 2
184 366
1 11 2
229 280
1 13 2
1 291
1 5 2
126 133
1 13 2
157 365
1 11 2
193 368
1 15 2
301 484
1 12 2
136 418
1 11 2
411 417
1 13 2
297 417
1 6 2
293 340
1 13 2
168 256
1 4 2
396 495
1 2 2
95 374
1 7 2
281 436
1 8 2
28 347
1 4 2
95 248
1 9 2
26 211
1 9 2
160 367
1 2 2
236 347
1 12 2
125 234
1 13 2
262 437
1 8 2
291 345
1 5 2
209 237
1 4 2
70 344
1 10 2
254 389
1 14 2
5 101
1 14 2
128 191
1 6 2
167 374
1 2 2
26 370
1 14 2
45 451
1 8 2
256 478
1 5 2
219 431
1 14 2
16 219
1 3 2
148 492
1 11 2
167 178
1 5 2
308 324
1 12 2
117 161
1 5 2
337 442
1 8 2
206 222
1 12 2
195 470
1 6 2
194 321
1 10 2
55 276
1 2 2
330 448
1 11 2
85 148
1 10 2
340 446
1 8 2
22 356
1 8 2
198 302
1 13 2
258 439
1 7 2
187 430
1 3 2
238 387
1 13 2
62 300
1 14 2
414 423
1 12 2
72 467
1 8 2
290 304
1 9 2
7 26
1 3 2
155 190
1 12 2
468 499
1 11 2
140 357
1 2 2
175 268
1 8 2
268 392
1 4 2
35 127
1 15 2
12 177
1 5 2
23 81
1 7 2
127 452
1 8 2
68 235
1 6 2
12 199
1 6 2
180 359
1 13 2
210 346
1 13 2
131 324
1 14 2
355 485
1 8 2
5 31
1 10 2
48 191
1 12 2
395 451
1 6 2
24 152
1 2 2
175 445
1 10 2
317 324
1 10 2
137 460
1 4 2
163 301
1 4 2
42 350
1 15 2
353 356
1 2 2
328 333
1 5 2
52 448
1 7 2
122 363
1 15 2
377 391
1 10 2
411 441
1 13 2
62 305
1 13 2
235 385
1 12 2
7 499
1 10 2
223 363
1 4 2
173 487
1 7 2
153 229
1 11 2
2 291
1 2 2
3 151
1 14 2
153 326
1 13 2
24 403
1 5 2
477 484
1 7 2
259 367
1 13 2
151 362
1 6 2
338 460
1 3 2
127 482
1 12 2
356 440
1 15 2
348 363
1 14 2
362 449
1 12 2
17 98
1 10 2
235 289
1 5 2
81 126
1 7 2
37 489
1 7 2
124 161
1 14 2
269 298
1 4 2
91 333
1 5 2
141 225
1 9 2
76 185
1 9 2
64 136
1 12 2
20 167
1 8 2
198 368
1 6 2
108 109
1 3 2
60 105
1 3 2
172 267
1 11 2
3 34
1 7 2
36 50
1 7 2
244 442
1 15 2
386 397
1 7 2
364 433
1 6 2
13 329
1 3 2
295 321
1 12 2
170 381
1 14 2
392 446
1 7 2
239 425
1 2 2
240 287
1 9 2
394 447
1 6 2
76 380
1 11 2
77 448
1 7 2
104 400
1 8 2
167 400
1 8 2
390 481
1 8 2
99 284
1 14 2
3 209
1 12 2
237 287
1 5 2
117 477
1 8 2
75 396
1 9 2
93 487
1 4 2
305 495
1 8 2
70 198
1 8 2
80 138
1 3 2
263 269
1 14 2
286 413
1 6 2
47 113
1 7 2
421 495
1 7 2
105 151
1 6 2
18 474
1 11 2
355 357
1 8 2
402 442
1 15 2
85 461
1 7 2
67 205
1 3 2
131 471
1 11 2
92 428
1 7 2
108 230
1 3 2
433 456
1 7 2
359 391
1 4 2
93 422
1 5 2
4 478
1 15 2
7 45
1 7 2
242 424
1 5 2
209 238
1 15 2
156 333
1 14 2
229 486
1 3 2
400 474
1 10 2
48 439
1 8 2
206 409
1 2 2
33 329
1 7 2
254 496
1 4 2
5 45
1 8 2
35 88
1 5 2
132 489
1 5 2
192 403
1 5 2
237 323
1 5 2
296 309
1 12 2
96 354
1 13 2
67 472
1 2 2
125 471
1 13 2
108 137
1 6 2
149 388
1 4 2
351 421
1 5 2
3 161
1 2 2
168 179
1 10 2
205 477
1 3 2
168 406
1 9 2
103 375
1 8 2
68 155
1 10 2
121 474
1 8 2
257 370
1 12 2
193 463
1 6 2
221 403
1 7 2
195 475
1 10 2
71 401
1 10 2
13 472
1 9 2
55 391
1 8 2
302 335
1 4 2
88 185
1 11 2
163 318
1 5 2
200 314
1 13 2
210 220
1 2 2
142 174
1 3 2
33 274
1 14 2
1 176
1 15 2
378 493
1 13 2
306 355
1 7 2
13 351
1 10 2
93 345
1 3 2
110 241
1 11 2
221 446
1 8 2
64 290
1 7 2
22 108
1 15 2
161 428
1 13 2
45 117
1 6 2
293 455
1 6 2
10 222
1 6 2
198 434
1 15 2
89 288
1 14 2
110 395
1 13 2
318 386
1 12 2
80 425
1 14 2
341 493
1 14 2
91 375
1 3 2
212 431
1 10 2
267 330
1 4 2
268 450
1 6 2
309 401
1 2 2
203 244
1 7 2
103 169
1 12 2
374 488
1 7 2
228 263
1 7 2
256 434
1 11 2
189 337
1 7 2
101 269
1 10 2
179 489
1 10 2
75 259
1 10 2
192 285
1 2 2
155 490
1 14 2
187 305
1 11 2
292 469
1 10 2
396 447
1 10 2
77 249
1 10 2
86 196
1 11 2
124 392
1 3 2
259 310
1 9 2
222 408
1 10 2
278 308
1 5 2
445 476
1 2 2
125 275
1 7 2
145 493
1 11 2
191 331
1 2 2
77 156
1 5 2
1 389
1 12 2
65 406
1 2 2
229 434
1 8 2
318 345
1 10 2
111 227
1 6 2
93 234
1 7 2
167 490
1 5 2
59 226
1 8 2
33 316
1 9 2
45 330
1 11 2
181 262
1 3 2
427 443
1 3 2
260 428
1 11 2
128 177
1 15 2
23 410
1 15 2
174 204
1 10 2
122 175
1 3 2
157 218
1 14 2
82 491
1 10 2
141 281
1 7 2
44 207
1 13 2
66 323
1 8 2
28 315
1 8 2
139 463
1 2 2
111 303
1 10 2
59 81
1 7 2
114 263
1 11 2
2 344
1 14 2
441 475
1 7 2
84 388
1 8 2
435 448
1 12 2
92 478
1 9 2
119 132
1 11 2
103 209
1 9 2
241 476
1 2 2
29 265
1 6 2
151 455
1 13 2
53 475
1 14 2
176 358
1 13 2
10 303
1 2 2
44 118
1 5 2
1 85
1 8 2
127 193
1 8 2
111 239
1 14 2
344 466
1 9 2
152 251
1 11 2
64 319
1 12 2
231 254
1 8 2
161 415
1 2 2
422 429
1 14 2
88 497
1 7 2
336 341
1 12 2
379 465
1 12 2
124 442
1 3 2
168 243
1 5 2
178 492
1 7 2
234 308
1 14 2
87 456
1 12 2
147 374
1 14 2
458 487
1 9 2
217 333
1 2 2
243 335
1 5 2
29 31
1 9 2
85 267
1 6 2
137 349
1 3 2
34 158
1 3 2
96 223
1 12 2
157 322
1 11 2
129 314
1 7 2
247 482
1 3 2
344 485
1 13 2
5 252
1 11 2
194 400
1 9 2
165 368
1 15 2
338 494
1 15 2
181 258
1 9 2
133 185
1 14 2
50 92
1 7 2
102 147
1 4 2
147 270
1 14 2
184 445
1 3 2
48 481
1 7 2
257 326
1 11 2
131 250
1 2 2
187 396
1 11 2
173 492
1 8 2
55 462
1 15 2
236 393
1 8 2
230 476
1 12 2
247 259
1 7 2
193 346
1 3 2
72 490
1 3 2
203 461
1 6 2
291 443
1 5 2
50 280
1 11 2
401 452
1 11 2
101 487
1 4 2
150 225
1 8 2
279 328
1 3 2
94 357
1 9 2
209 389
1 8 2
462 476
1 15 2
316 324
1 10 2
405 456
1 6 2
13 179
1 3 2
9 251
1 14 2
285 407
1 6 2
54 353
1 12 2
250 479
1 9 2
64 261
1 6 2
84 441
1 9 2
319 377
1 13 2
79 85
1 15 2
59 252
1 14 2
186 213
1 8 2
17 438
1 13 2
25 393
1 5 2
53 286
1 7 2
74 443
1 13 2
86 476
1 10 2
213 415
1 6 2
151 237
1 2 2
15 408
1 4 2
29 276
1 7 2
20 38
1 10 2
245 454
1 7 2
260 271
1 9 2
224 332
1 14 2
83 436
1 10 2
56 104
1 7 2
67 217
1 14 2
373 405
1 13 2
158 194
1 5 2
31 345
1 2 2
127 380
1 14 2
276 489
1 11 2
300 407
1 9 2
248 417
1 2 2
349 355
1 15 2
201 363
1 12 2
442 491
1 11 2
81 121
1 11 2
372 418
1 14 2
69 326
1 3 2
311 453
1 5 2
44 460
1 14 2
7 320
1 14 2
158 481
1 9 2
231 271
1 4 2
164 228
1 11 2
70 219
1 2 2
135 280
1 11 2
154 216
1 5 2
143 261
1 14 2
133 169
1 7 2
307 318
1 12 2
79 421
1 11 2
142 386
1 2 2
257 348
1 7 2
93 194
1 12 2
2 92
1 14 2
251 381
1 15 2
14 224
1 3 2
134 173
1 2 2
88 194
1 7 2
61 469
1 3 2
80 176
1 8 2
280 447
1 14 2
148 229
1 8 2
38 487
1 7 2
111 475
1 15 2
23 250
1 10 2
315 464
1 4 2
119 416
1 10 2
0 32
1 10 2
219 439
1 2 2
163 181
1 5 2
312 498
1 2 2
184 492
1 8 2
122 392
1 13 2
116 496
1 14 2
75 296
1 10 2
63 79
1 5 2
216 358
1 11 2
214 423
1 12 2
396 432
1 3 2
9 405
1 4 2
94 99
1 11 2
246 323
1 14 2
222 307
1 9 2
116 408
1 14 2
13 378
1 13 2
152 478
1 11 2
188 348
1 3 2
287 430
1 12 2
261 385
1 15 2
25 419
1 6 2
163 171
1 4 2
96 426
1 8 2
174 316
1 4 2
52 86
1 4 2
15 426
1 2 2
219 331
1 3 2
337 345
1 10 2
429 470
1 9 2
172 278
1 9 2
127 324
1 2 2
440 448
1 8 2
88 471
1 7 2
12 363
1 8 2
45 457
1 11 2
374 423
1 3 2
161 292
1 10 2
330 421
1 6 2
233 414
1 10 2
204 340
1 7 2
372 441
1 2 2
84 297
1 7 2
167 238
1 14 2
244 264
1 7 2
275 351
1 10 2
215 250
1 7 2
31 169
1 4 2
208 210
1 5 2
202 460
1 10 2
6 77
1 13 2
182 327
1 5 2
5 312
1 12 2
43 356
1 9 2
27 39
1 11 2
37 197
1 2 2
60 463
1 3 2
309 493
1 4 2
128 254
1 7 2
85 349
1 13 2
134 181
1 6 2
206 395
1 13 2
199 452
1 6 2
188 494
1 7 2
175 197
1 12 2
91 458
1 3 2
193 300
1 4 2
369 453
1 13 2
236 412
1 10 2
125 279
1 4 2
163 490
1 8 2
340 410
1 13 2
401 465
1 4 2
231 397
1 4 2
250 369
1 5 2
100 215
1 2 2
128 451
1 12 2
276 351
1 2 2
13 106
1 12 2
172 201
1 13 2
326 403
1 2 2
490 497
1 15 2
19 309
1 15 2
386 425
1 4 2
250 379
1 5 2
89 239
1 6 2
67 299
1 7 2
17 144
1 14 2
381 472
1 4 2
17 344
1 5 2
232 337
1 7 2
221 257
1 15 2
297 443
1 9 2
174 384
1 8 2
61 255
1 13 2
395 482
1 7 2
148 422
1 9 2
340 379
1 14 2
101 438
1 13 2
53 117
1 14 2
206 224
1 15 2
323 413
1 5 2
278 471
1 6 2
21 134
1 4 2
153 456
1 13 2
338 481
1 5 2
284 431
1 11 2
401 429
1 2 2
362 365
1 2 2
200 455
1 6 2
179 228
1 8 2
302 319
1 3 2
140 482
1 12 2
114 329
1 12 2
219 243
1 5 2
162 444
1 12 2
25 168
1 10 2
178 471
1 4 2
288 293
1 10 2
172 453
1 9 2
312 387
1 9 2
97 453
1 8 2
36 362
1 2 2
105 411
1 12 2
227 354
1 10 2
193 326
1 13 2
70 246
1 10 2
0 297
1 13 2
191 357
1 12 2
286 487
1 12 2
98 154
1 13 2
171 341
1 7 2
205 474
1 12 2
69 211
1 6 2
435 497
1 12 2
183 232
1 3 2
34 209
1 3 2
15 251
1 10 2
132 208
1 12 2
185 327
1 6 2
275 289
1 12 2
168 203
1 7 2
22 384
1 11 2
215 299
1 8 2
386 467
1 2 2
249 377
1 11 2
63 282
1 3 2
181 201
1 10 2
81 145
1 9 2
84 130
1 2 2
72 250
1 10 2
5 107
1 3 2
52 131
1 13 2
251 390
1 14 2
337 387
1 11 2
136 256
1 4 2
141 159
1 9 2
222 415
1 6 2
244 331
1 6 2
108 392
1 5 2
38 53
1 11 2
229 458
1 9 2
187 364
1 12 2
207 498
1 8 2
404 410
1 6 2
158 493
1 12 2
39 360
1 7 2
48 307
1 4 2
254 317
1 10 2
100 240
1 10 2
123 300
1 15 2
181 327
1 14 2
230 420
1 8 2
304 497
1 3 2
267 411
1 10 2
295 379
1 2 2
306 389
1 13 2
20 468
1 4 2
404 487
1 5 2
206 278
1 9 2
189 374
1 12 2
323 353
1 8 2
265 376
1 9 2
13 209
1 6 2
33 321
1 12 2
133 241
1 2 2
364 441
1 14 2
223 454
1 9 2
229 492
1 7 2
289 493
1 13 2
203 246
1 13 2
294 405
1 4 2
38 447
1 4 2
49 467
1 11 2
71 293
1 6 2
239 450
1 2 2
50 375
1 15 2
308 439
1 15 2
400 487
1 9 2
68 387
1 14 2
60 394
1 8 2
35 321
1 3 2
273 439
1 7 2
302 369
1 11 2
200 418
1 11 2
326 381
1 7 2
387 457
1 8 2
52 225
1 14 2
315 480
1 3 2
314 422
1 6 2
171 460
1 9 2
318 332
1 3 2
3 29
1 2 2
150 260
1 3 2
141 258
1 11 2
42 377
1 8 2
45 391
1 3 2
198 371
1 6 2
7 441
1 10 2
332 346
1 14 2
182 266
1 5 2
102 179
1 13 2
69 406
1 2 2
297 498
1 2 2
292 441
1 15 2
205 298
1 8 2
192 459
1 12 2
428 438
1 8 2
417 477
1 2 2
58 329
1 10 2
219 383
1 12 2
442 474
1 2 2
349 387
1 10 2
43 338
1 3 2
255 392
1 12 2
235 471
1 11 2
114 332
1 8 2
98 190
1 5 2
61 334
1 5 2
210 368
1 2 2
358 423
1 13 2
272 390
1 15 2
51 429
1 2 2
9 125
1 13 2
464 494
1 12 2
23 151
1 10 2
4 45
1 7 2
218 335
1 15 2
54 371
1 11 2
266 277
1 5 2
120 176
1 9 2
107 322
1 11 2
397 499
1 4 2
93 144
1 6 2
203 396
1 4 2
24 376
1 6 2
150 288
1 3 2
211 498
1 5 2
67 236
1 5 2
359 390
1 13 2
222 289
1 11 2
54 212
1 6 2
105 377
1 15 2
298 465
1 6 2
51 324
1 4 2
124 212
1 6 2
256 362
1 2 2
204 436
1 15 2
280 364
1 12 2
19 71
1 2 2
169 420
1 3 2
51 398
1 15 2
17 59
1 13 2
184 260
1 11 2
60 341
1 15 2
144 191
1 8 2
54 375
1 15 2
409 490
1 4 2
142 492
1 4 2
125 460
1 12 2
45 437
1 12 2
342 427
1 12 2
87 279
1 5 2
234 442
1 12 2
244 444
1 3 2
247 313
1 13 2
53 343
1 4 2
306 344
1 13 2
94 316
1 11 2
102 313
1 13 2
228 357
1 6 2
294 342
1 2 2
209 316
1 13 2
135 308
1 8 2
352 385
1 2 2
77 363
1 15 2
95 408
1 12 2
148 479
1 5 2
123 277
1 11 2
330 476
1 5 2
17 488
1 13 2
143 381
1 7 2
209 212
1 6 2
7 95
1 8 2
169 475
1 15 2
226 429
1 2 2
145 150
1 6 2
142 433
1 2 2
156 485
1 4 2
214 334
1 4 2
87 292
1 3 2
253 269
1 11 2
172 460
1 6 2
77 388
1 6 2
310 400
1 10 2
52 434
1 5 2
25 66
1 14 2
404 472
1 15 2
11 202
1 2 2
63 426
1 13 2
235 276
1 5 2
383 417
1 3 2
74 374
1 4 2
38 233
1 14 2
85 134
1 2 2
335 414
1 14 2
106 472
1 3 2
313 341
1 13 2
283 400
1 13 2
30 129
1 7 2
358 390
1 5 2
383 420
1 10 2
421 448
1 9 2
145 204
1 11 2
112 487
1 4 2
119 485
1 7 2
6 148
1 10 2
167 355
1 15 2
277 297
1 12 2
77 289
1 7 2
74 228
1 13 2
75 100
1 5 2
126 378
1 14 2
106 393
1 8 2
46 58
1 3 2
464 475
1 5 2
155 417
1 11 2
15 344
1 2 2
123 457
1 3 2
43 223
1 15 2
97 447
1 6 2
77 321
1 11 2
144 239
1 10 2
117 320
1 7 2
337 423
1 12 2
7 344
1 12 2
296 481
1 7 2
1 146
1 11 2
44 432
1 10 2
65 113
1 6 2
207 276
1 10 2
229 338
1 3 2
305 324
1 6 2
308 499
1 6 2
108 179
1 8 2
92 207
1 15 2
160 176
1 3 2
217 254
1 13 2
317 361
1 9 2
364 491
1 12 2
231 422
1 3 2
193 209
1 8 2
120 388
1 12 2
22 109
1 5 2
22 461
1 13 2
320 489
1 3 2
219 497
1 15 2
335 447
1 8 2
207 263
1 10 2
134 218
1 6 2
13 421
1 6 2
124 268
1 5 2
20 363
1 11 2
168 272
1 7 2
392 482
1 15 2
247 293
1 4 2
368 423
1 11 2
48 378
1 6 2
44 314
1 15 2
159 351
1 14 2
266 421
1 13 2
149 382
1 6 2
172 230
1 9 2
252 367
1 8 2
94 248
1 10 2
299 311
1 15 2
238 240
1 2 2
305 450
1 10 2
149 272
1 6 2
450 492
1 8 2
326 483
1 4 2
8 495
1 10 2
315 394
1 2 2
304 448
1 3 2
96 332
1 12 2
282 472
1 6 2
90 378
1 11 2
302 387
1 12 2
377 413
1 13 2
206 281
1 9 2
119 475
1 5 2
279 486
1 11 2
184 266
1 4 2
33 261
1 15 2
44 144
1 15 2
253 489
1 13 2
269 420
1 2 2
99 335
1 15 2
12 347
1 11 2
336 404
1 9 2
148 176
1 10 2
176 253
1 14 2
141 211
1 11 2
268 374
1 4 2
162 431
1 9 2
62 199
1 2 2
293 398
1 11 2
211 428
1 12 2
265 468
1 15 2
39 479
1 12 2
4 386
1 14 2
117 175
1 7 2
140 321
1 12 2
94 95
1 10 2
33 441
1 9 2
167 357
1 14 2
252 263
1 8 2
164 335
1 7 2
57 497
1 13 2
46 248
1 5 2
329 478
1 5 2
209 224
1 2 2
340 440
1 5 2
51 197
1 4 2
123 237
1 8 2
53 57
1 15 2
259 405
1 11 2
124 406
1 15 2
195 362
1 13 2
53 79
1 10 2
230 295
1 14 2
184 472
1 13 2
136 161
1 5 2
34 260
1 14 2
16 301
1 4 2
12 202
1 12 2
141 231
1 14 2
338 412
1 11 2
149 189
1 2 2
77 120
1 5 2
98 383
1 4 2
360 406
1 15 2
340 464
1 13 2
284 285
1 4 2
276 306
1 7 2
33 308
1 15 2
54 136
1 8 2
46 479
1 11 2
27 339
1 6 2
65 247
1 6 2
201 449
1 7 2
194 381
1 7 2
27 272
1 2 2
84 213
1 3 2
205 234
1 8 2
428 435
1 7 2
53 206
1 9 2
403 492
1 10 2
173 220
1 2 2
122 460
1 8 2
69 281
1 2 2
285 421
1 14 2
300 439
1 14 2
322 494
1 13 2
137 305
1 10 2
84 453
1 12 2
98 450
1 13 2
327 438
1 5 2
159 214
1 8 2
7 86
1 7 2
53 296
1 10 2
251 253
1 4 2
94 334
1 10 2
344 487
1 15 2
12 403
1 11 2
321 421
1 5 2
90 382
1 12 2
32 36
1 6 2
50 365
1 13 2
173 439
1 8 2
330 418
1 4 2
24 296
1 8 2
160 195
1 7 2
307 363
1 7 2
221 338
1 11 2
22 127
1 8 2
176 281
1 11 2
213 263
1 6 2
408 437
1 5 2
41 213
1 14 2
436 445
1 3 2
183 317
1 4 2
387 490
1 11 2
158 327
1 4 2
314 443
1 12 2
79 162
1 14 2
216 431
1 6 2
379 457
1 2 2
165 169
1 12 2
160 360
1 12 2
51 392
1 4 2
36 203
1 14 2
221 233
1 5 2
122 415
1 2 2
293 480
1 12 2
245 484
1 6 2
376 434
1 6 2
68 388
1 3 2
170 202
1 15 2
158 285
1 10 2
216 365
1 7 2
30 52
1 5 2
20 200
1 4 2
128 293
1 8 2
110 416
1 7 2
26 106
1 13 2
136 443
1 11 2
356 435
1 15 2
53 170
1 11 2
231 284
1 7 2
147 330
1 9 2
94 237
1 10 2
44 433
1 13 2
131 237
1 4 2
191 320
1 13 2
168 456
1 8 2
107 255
1 4 2
210 458
1 2 2
399 485
1 15 2
395 495
1 10 2
142 445
1 6 2
94 121
1 13 2
356 421
1 7 2
38 80
1 15 2
318 492
1 6 2
207 440
1 5 2
46 467
1 15 2
104 419
1 6 2
121 231
1 10 2
6 448
1 10 2
6 239
1 14 2
175 461
1 8 2
68 142
1 14 2
274 372
1 7 2
40 495
1 7 2
178 405
1 7 2
192 251
1 12 2
97 387
1 4 2
176 354
1 2 2
83 320
1 5 2
240 277
1 9 2
176 267
1 2 2
320 492
1 12 2
7 412
1 4 2
75 192
1 12 2
53 71
1 8 2
153 178
1 11 2
233 324
1 9 2
55 363
1 10 2
393 412
1 14 2
137 283
1 6 2
38 403
1 14 2
279 435
1 11 2
221 414
1 8 2
133 492
1 14 2
412 453
1 7 2
172 363
1 4 2
83 383
1 14 2
34 404
1 11 2
147 152
1 2 2
129 458
1 14 2
13 256
1 15 2
130 222
1 7 2
12 62
1 10 2
267 435
1 2 2
112 403
1 13 2
106 376
1 7 2
79 230
1 7 2
338 440
1 15 2
258 300
1 8 2
279 357
1 2 2
149 246
1 14 2
26 78
1 3 2
287 454
1 11 2
265 477
1 6 2
23 317
1 7 2
68 460
1 12 2
128 350
1 3 2
75 487
1 11 2
78 403
1 11 2
254 468
1 13 2
81 159
1 4 2
124 221
1 14 2
62 188
1 10 2
342 383
1 4 2
32 70
1 15 2
260 436
1 11 2
316 334
1 8 2
231 237
1 4 2
207 249
1 14 2
276 375
1 2 2
70 188
1 4 2
400 437
1 3 2
214 435
1 12 2
213 273
1 7 2
17 94
1 13 2
303 487
1 8 2
325 380
1 4 2
17 166
1 11 2
198 211
1 11 2
115 385
1 12 2
256 341
1 9 2
5 382
1 10 2
350 433
1 14 2
200 261
1 9 2
237 240
1 2 2
11 299
1 11 2
126 498
1 13 2
246 401
1 6 2
239 324
1 15 2
62 384
1 5 2
327 389
1 8 2
194 210
1 9 2
260 294
1 15 2
143 242
1 5 2
366 494
1 9 2
56 496
1 14 2
351 484
1 3 2
123 326
1 15 2
395 424
1 14 2
178 316
1 3 2
285 358
1 9 2
334 336
1 15 2
246 299
1 13 2
0 270
1 14 2
169 442
1 2 2
213 365
1 15 2
393 463
1 10 2
147 486
1 8 2
213 224
1 12 2
61 129
1 10 2
82 325
1 13 2
294 399
1 6 2
330 390
1 6 2
250 342
1 4 2
384 441
1 3 2
57 105
1 2 2
164 425
1 14 2
90 375
1 5 2
14 303
1 7 2
16 348
1 2 2
119 315
1 7 2
192 471
1 13 2
182 450
1 5 2
16 475
1 15 2
153 179
1 8 2
103 429
1 2 2
79 331
1 3 2
13 32
1 15 2
401 491
1 6 2
92 304
1 6 2
159 331
1 6 2
2 81
1 14 2
55 122
1 4 2
401 437
1 15 2
112 291
1 6 2
160 497
1 12 2
193 362
1 3 2
258 342
1 12 2
20 65
1 4 2
199 383
1 4 2
173 476
1 4 2
378 451
1 9 2
22 393
1 12 2
373 425
1 11 2
334 468
1 7 2
195 349
1 9 2
32 447
1 5 2
22 57
1 8 2
165 204
1 3 2
124 388
1 13 2
383 446
1 8 2
82 426
1 8 2
305 397
1 2 2
35 467
1 6 2
62 194
1 7 2
150 310
1 7 2
23 240
1 12 2
62 94
1 3 2
96 204
1 7 2
280 331
1 13 2
354 376
1 4 2
58 122
1 13 2
77 342
1 2 2
304 310
1 9 2
73 265
1 5 2
75 301
1 15 2
327 390
1 2 2
314 480
1 2 2
165 172
1 14 2
392 455
1 6 2
44 444
1 6 2
81 466
1 14 2
78 230
1 7 2
157 420
1 9 2
72 397
1 2 2
64 206
1 2 2
24 336
1 3 2
235 339
1 13 2
284 344
1 14 2
162 417
1 11 2
30 205
1 15 2
37 238
1 9 2
25 485
1 7 2
31 114
1 3 2
54 88
1 7 2
27 336
1 8 2
240 360
1 11 2
117 491
1 7 2
219 396
1 13 2
287 458
1 7 2
89 223
1 2 2
67 159
1 9 2
177 367
1 3 2
35 152
1 3 2
105 172
1 3 2
458 483
1 9 2
80 115
1 5 2
50 393
1 6 2
145 191
1 13 2
132 293
1 10 2
208 408
1 13 2
92 477
1 11 2
3 16
1 8 2
72 149
1 6 2
319 478
1 11 2
225 482
1 13 2
366 450
1 8 2
69 376
1 3 2
354 429
1 7 2
262 370
1 5 2
245 295
1 9 2
339 454
1 4 2
96 488
1 12 2
21 421
1 3 2
290 324
1 4 2
80 235
1 7 2
132 410
1 14 2
150 399
1 11 2
10 389
1 2 2
84 337
1 15 2
268 421
1 12 2
144 395
1 7 2
256 370
1 11 2
336 462
1 4 2
70 273
1 10 2
70 72
1 10 2
2 443
1 4 2
165 273
1 6 2
79 449
1 7 2
2 380
1 3 2
42 186
1 8 2
247 472
1 8 2
112 342
1 9 2
123 275
1 14 2
84 434
1 4 2
66 150
1 4 2
20 119
1 8 2
97 263
1 13 2
8 499
1 3 2
284 482
1 10 2
380 439
1 5 2
15 369
1 8 2
170 472
1 8 2
119 213
1 4 2
198 274
1 11 2
71 208
1 14 2
133 401
1 15 2
288 466
1 10 2
240 391
1 11 2
4 31
1 12 2
285 487
1 7 2
262 436
1 10 2
123 371
1 11 2
234 474
1 4 2
371 447
1 6 2
159 165
1 8 2
235 493
1 12 2
60 277
1 9 2
181 308
1 9 2
448 477
1 11 2
61 297
1 8 2
114 159
1 13 2
322 331
1 12 2
136 476
1 7 2
141 486
1 11 2
252 270
1 4 2
319 488
1 9 2
112 262
1 4 2
353 488
1 10 2
14 318
1 6 2
229 236
1 7 2
114 490
1 10 2
180 391
1 9 2
184 274
1 8 2
185 364
1 11 2
69 463
1 7 2
26 406
1 13 2
11 352
1 10 2
104 215
1 11 2
62 407
1 4 2
181 251
1 11 2
100 269
1 14 2
147 332
1 9 2
279 398
1 8 2
188 216
1 14 2
350 467
1 12 2
46 86
1 2 2
102 125
1 12 2
37 294
1 6 2
56 321
1 2 2
31 199
1 9 2
386 415
1 6 2
273 455
1 15 2
370 467
1 15 2
52 234
1 14 2
176 382
1 13 2
190 300
1 3 2
70 323
1 11 2
173 299
1 7 2
28 209
1 3 2
443 494
1 5 2
113 198
1 5 2
37 326
1 10 2
372 435
1 7 2
153 205
1 15 2
42 55
1 7 2
234 327
1 8 2
68 151
1 3 2
413 490
1 2 2
197 359
1 9 2
134 470
1 10 2
277 301
1 11 2
95 222
1 2 2
67 137
1 6 2
361 409
1 8 2
98 435
1 8 2
139 406
1 14 2
39 186
1 15 2
186 211
1 14 2
71 257
1 14 2
52 110
1 12 2
232 464
1 5 2
115 484
1 9 2
330 342
1 2 2
337 371
1 14 2
253 381
1 3 2
235 346
1 6 2
23 233
1 14 2
126 241
1 4 2
161 283
1 9 2
409 470
1 6 2
86 244
1 12 2
97 490
1 12 2
153 455
1 5 2
206 352
1 10 2
379 424
1 12 2
278 383
1 14 2
83 360
1 10 2
353 479
1 2 2
335 403
1 14 2
162 394
1 2 2
24 287
1 3 2
14 464
1 5 2
297 321
1 15 2
210 396
1 15 2
30 126
1 11 2
170 418
1 13 2
164 400
1 9 2
170 440
1 14 2
324 426
1 10 2
44 247
1 12 2
108 216
1 7 2
89 154
1 10 2
75 491
1 6 2
165 351
1 11 2
238 277
1 10 2
2 343
1 7 2
338 472
1 10 2
28 204
1 5 2
127 248
1 7 2
128 447
1 9 2
465 477
1 9 2
122 383
1 7 2
95 198
1 10 2
146 423
1 3 2
225 388
1 10 2
311 381
1 10 2
66 306
1 11 2
41 439
1 8 2
252 495
1 12 2
348 373
1 2 2
27 171
1 5 2
57 320
1 4 2
120 241
1 10 2
136 174
1 15 2
207 373
1 10 2
69 296
1 8 2
13 52
1 9 2
71 233
1 7 2
281 284
1 6 2
190 204
1 10 2
37 239
1 15 2
32 397
1 4 2
244 342
1 5 2
16 52
1 13 2
91 97
1 6 2
118 492
1 7 2
146 336
1 2 2
62 294
1 12 2
453 499
1 2 2
349 450
1 7 2
445 456
1 12 2
19 388
1 14 2
14 324
1 14 2
94 441
1 7 2
16 335
1 9 2
283 375
1 15 2
186 194
1 9 2
289 427
1 9 2
6 444
1 8 2
2 159
1 14 2
104 413
1 8 2
105 248
1 4 2
167 221
1 2 2
138 274
1 13 2
8 360
1 11 2
416 436
1 6 2
102 418
1 10 2
146 491
1 6 2
341 422
1 11 2
318 460
1 2 2
44 310
1 7 2
272 477
1 7 2
128 343
1 4 2
40 59
1 3 2
207 375
1 8 2
54 145
1 10 2
117 252
1 4 2
343 448
1 12 2
208 460
1 4 2
28 272
1 7 2
332 457
1 8 2
206 276
1 6 2
17 19
1 11 2
110 477
1 10 2
255 377
1 10 2
59 243
1 12 2
54 425
1 13 2
47 94
1 11 2
131 408
1 14 2
190 317
1 7 2
252 283
1 3 2
37 269
1 7 2
14 221
1 2 2
137 342
1 13 2
374 436
1 12 2
277 286
1 6 2
242 272
1 4 2
148 328
1 6 2
122 359
1 2 2
151 346
1 4 2
375 414
1 6 2
6 364
1 10 2
41 315
1 11 2
167 193
1 5 2
147 307
1 7 2
208 308
1 8 2
141 462
1 4 2
15 211
1 7 2
127 204
1 3 2
144 176
1 15 2
293 309
1 14 2
254 381
1 5 2
107 187
1 6 2
334 410
1 10 2
109 439
1 11 2
227 472
1 11 2
83 215
1 14 2
73 191
1 8 2
199 223
1 13 2
87 108
1 5 2
268 394
1 3 2
22 155
1 11 2
133 394
1 15 2
171 316
1 4 2
189 236
1 15 2
250 346
1 10 2
107 471
1 3 2
178 204
1 9 2
64 164
1 6 2
454 492
1 12 2
2 497
1 3 2
197 248
1 12 2
194 495
1 4 2
58 131
1 13 2
221 235
1 3 2
86 377
1 9 2
68 332
1 4 2
19 385
1 2 2
246 384
1 4 2
309 369
1 10 2
66 263
1 12 2
146 449
1 2 2
84 226
1 2 2
21 301
1 10 2
225 297
1 15 2
185 195
1 4 2
113 402
1 15 2
46 454
1 6 2
82 431
1 2 2
258 421
1 3 2
225 454
1 2 2
136 361
1 3 2
27 481
1 10 2
225 292
1 8 2
35 371
1 10 2
111 269
1 14 2
291 471
1 2 2
215 454
1 3 2
91 442
1 3 2
225 273
1 10 2
411 485
1 3 2
89 387
1 9 2
333 413
1 11 2
55 357
1 4 2
0 261
1 2 2
285 337
1 3 2
48 137
1 13 2
105 374
1 10 2
7 72
1 6 2
185 288
1 6 2
182 344
1 13 2
49 206
1 3 2
168 374
1 3 2
361 413
1 4 2
41 470
1 10 2
0 271
1 5 2
104 314
1 5 2
394 401
1 13 2
165 362
1 2 2
113 262
1 8 2
216 399
1 11 2
47 234
1 14 2
212 325
1 15 2
154 261
1 8 2
5 492
1 13 2
71 417
1 7 2
249 373
1 3 2
33 409
1 15 2
7 166
1 8 2
276 440
1 10 2
343 489
1 2 2
259 478
1 10 2
55 402
1 11 2
105 238
1 4 2
341 392
1 7 2
38 106
1 10 2
66 94
1 12 2
108 112
1 2 2
444 494
1 10 2
398 409
1 12 2
338 362
1 14 2
221 314
1 8 2
43 200
1 8 2
215 420
1 2 2
137 318
1 4 2
114 362
1 3 2
162 233
1 10 2
263 333
1 11 2
70 375
1 13 2
64 349
1 13 2
32 274
1 7 2
259 323
1 15 2
257 314
1 11 2
381 463
1 14 2
196 376
1 2 2
292 331
1 7 2
2 259
1 12 2
19 397
1 15 2
349 370
1 12 2
243 457
1 9 2
10 231
1 5 2
106 372
1 14 2
209 400
1 9 2
97 107
1 3 2
319 353
1 14 2
198 277
1 6 2
356 465
1 15 2
447 484
1 9 2
293 443
1 7 2
25 190
1 8 2
261 407
1 8 2
39 405
1 3 2
193 278
1 11 2
113 454
1 12 2
294 402
1 15 2
155 484
1 7 2
75 213
1 15 2
137 143
1 6 2
393 446
1 7 2
48 423
1 12 2
70 98
1 3 2
122 125
1 2 2
288 324
1 3 2
180 495
1 4 2
191 474
1 7 2
27 120
1 2 2
135 437
1 14 2
60 88
1 12 2
283 396
1 3 2
0 175
1 4 2
150 405
1 6 2
329 476
1 2 2
39 408
1 10 2
253 278
1 10 2
203 462
1 5 2
145 396
1 9 2
196 210
1 9 2
184 269
1 5 2
369 404
1 13 2
70 88
1 14 2
269 454
1 8 2
181 200
1 6 2
126 326
1 8 2
319 436
1 4 2
12 486
1 8 2
94 317
1 8 2
123 436
1 5 2
97 252
1 3 2
271 278
1 4 2
2 243
1 15 2
101 331
1 2 2
32 281
1 4 2
145 389
1 6 2
37 351
1 4 2
106 334
1 2 2
131 218
1 4 2
24 435
1 12 2
300 303
1 12 2
194 301
1 2 2
279 436
1 8 2
364 461
1 14 2
241 349
1 2 2
26 179
1 12 2
173 359
1 8 2
433 498
1 12 2
290 444
1 12 2
127 267
1 9 2
19 340
1 5 2
286 301
1 8 2
55 289
1 10 2
85 388
1 8 2
3 63
1 9 2
32 460
1 5 2
258 304
1 10 2
290 450
1 13 2
235 407
1 6 2
343 409
1 8 2
390 395
1 10 2
73 237
1 4 2
45 213
1 4 2
209 257
1 15 2
84 457
1 10 2
249 409
1 9 2
52 436
1 9 2
124 257
1 2 2
74 450
1 15 2
195 196
1 6 2
14 160
1 14 2
142 294
1 6 2
16 174
1 4 2
111 209
1 5 2
240 248
1 2 2
2 404
1 4 2
59 461
1 3 2
343 419
1 6 2
7 200
1 6 2
1 407
1 7 2
21 340
1 8 2
237 427
1 8 2
196 343
1 5 2
110 207
1 13 2
318 359
1 11 2
134 281
1 15 2
389 391
1 10 2
10 233
1 6 2
301 465
1 11 2
325 489
1 2 2
182 417
1 4 2
310 452
1 6 2
317 396
1 11 2
107 112
1 13 2
126 399
1 4 2
21 231
1 12 2
112 193
1 7 2
408 456
1 11 2
128 411
1 3 2
234 258
1 8 2
20 326
1 3 2
231 290
1 3 2
90 405
1 5 2
22 436
1 7 2
410 458
1 7 2
171 334
1 12 2
416 419
1 10 2
155 387
1 12 2
328 477
1 4 2
145 167
1 15 2
151 326
1 14 2
331 385
1 7 2
228 252
1 12 2
386 429
1 7 2
133 428
1 15 2
415 495
1 11 2
65 164
1 5 2
103 373
1 6 2
270 304
1 7 2
184 368
1 9 2
20 359
1 7 2
33 408
1 4 2
236 276
1 4 2
153 492
1 11 2
356 433
1 4 2
176 294
1 11 2
377 379
1 7 2
233 357
1 9 2
116 371
1 11 2
190 196
1 13 2
163 270
1 7 2
359 423
1 13 2
300 366
1 14 2
414 499
1 6 2
217 335
1 8 2
238 337
1 11 2
303 445
1 7 2
127 161
1 12 2
102 358
1 5 2
371 416
1 13 2
241 434
1 15 2
79 450
1 14 2
117 221
1 14 2
26 44
1 4 2
116 343
1 5 2
94 158
1 13 2
51 89
1 7 2
236 361
1 9 2
292 339
1 8 2
77 373
1 11 2
360 450
1 5 2
468 489
1 12 2
24 439
1 3 2
56 182
1 8 2
16 47
1 14 2
144 145
1 8 2
160 431
1 6 2
25 179
1 15 2
160 212
1 13 2
67 468
1 9 2
144 285
1 6 2
482 490
1 10 2
220 354
1 13 2
180 203
1 9 2
87 420
1 13 2
40 437
1 5 2
208 273
1 10 2
195 327
1 3 2
81 487
1 8 2
69 335
1 7 2
213 387
1 9 2
203 321
1 12 2
158 286
1 2 2
178 212
1 14 2
231 310
1 10 2
262 266
1 8 2
4 83
1 11 2
452 487
1 4 2
29 397
1 7 2
36 302
1 13 2
190 217
1 6 2
275 355
1 9 2
59 76
1 3 2
136 456
1 13 2
69 248
1 7 2
199 450
1 15 2
49 225
1 8 2
100 229
1 6 2
273 300
1 7 2
181 399
1 13 2
141 147
1 4 2
117 414
1 7 2
50 161
1 7 2
356 492
1 2 2
275 459
1 2 2
221 379
1 6 2
228 432
1 5 2
254 494
1 11 2
19 267
1 4 2
104 493
1 7 2
109 124
1 15 2
292 417
1 13 2
126 428
1 13 2
61 398
1 11 2
183 310
1 7 2
130 342
1 7 2
100 411
1 8 2
56 432
1 5 2
132 449
1 10 2
44 403
1 10 2
51 460
1 11 2
139 283
1 5 2
44 402
1 9 2
195 287
1 4 2
60 499
1 12 2
207 473
1 14 2
10 420
1 11 2
14 286
1 13 2
166 350
1 6 2
231 478
1 12 2
64 416
1 13 2
323 418
1 15 2
47 333
1 4 2
430 493
1 5 2
69 210
1 3 2
254 357
1 15 2
82 397
1 2 2
216 413
1 7 2
264 339
1 12 2
65 472
1 2 2
378 480
1 7 2
92 320
1 14 2
186 324
1 11 2
91 348
1 2 2
160 194
1 5 2
339 411
1 8 2
149 459
1 8 2
258 434
1 11 2
54 236
1 12 2
148 235
1 14 2
22 207
1 5 2
24 282
1 14 2
53 258
1 14 2
422 433
1 10 2
151 253
1 10 2
288 495
1 10 2
159 412
1 7 2
484 489
1 10 2
430 445
1 5 2
173 266
1 4 2
13 305
1 14 2
180 396
1 7 2
261 430
1 3 2
231 288
1 7 2
173 230
1 8 2
74 366
1 4 2
149 327
1 8 2
180 473
1 4 2
232 490
1 10 2
112 337
1 5 2
343 478
1 6 2
224 393
1 6 2
296 336
1 2 2
87 324
1 2 2
73 109
1 13 2
159 423
1 13 2
415 468
1 15 2
44 353
1 11 2
16 187
1 9 2
181 386
1 2 2
298 386
1 10 2
159 419
1 8 2
36 449
1 7 2
152 259
1 7 2
143 404
1 8 2
5 190
1 9 2
35 77
1 13 2
62 117
1 10 2
11 253
1 8 2
66 347
1 3 2
252 388
1 2 2
58 331
1 10 2
313 475
1 2 2
56 101
1 12 2
242 384
1 15 2
269 475
1 4 2
364 388
1 3 2
97 152
1 12 2
10 301
1 13 2
246 286
1 9 2
277 404
1 3 2
442 457
1 14 2
282 424
1 6 2
314 407
1 14 2
102 199
1 11 2
20 155
1 15 2
209 495
1 13 2
337 360
1 14 2
17 361
1 3 2
189 461
1 7 2
1 332
1 5 2
89 309
1 8 2
113 260
1 5 2
403 455
1 13 2
56 142
1 3 2
263 296
1 6 2
308 488
1 12 2
83 398
1 14 2
218 479
1 7 2
217 361
1 7 2
68 70
1 15 2
180 432
1 14 2
348 408
1 15 2
312 458
1 14 2
265 422
1 8 2
50 458
1 7 2
314 344
1 11 2
288 303
1 6 2
4 70
1 7 2
198 398
1 6 2
152 223
1 7 2
47 455
1 10 2
0 328
1 2 2
362 461
1 7 2
10 462
1 15 2
59 369
1 3 2
234 294
1 13 2
334 396
1 5 2
139 214
1 8 2
177 437
1 15 2
252 442
1 13 2
3 254
1 9 2
223 294
1 10 2
95 275
1 6 2
178 482
1 9 2
231 294
1 12 2
192 334
1 14 2
328 419
1 2 2
232 406
1 9 2
80 415
1 8 2
170 393
1 7 2
70 168
1 11 2
153 482
1 10 2
388 438
1 8 2
119 278
1 4 2
124 395
1 3 2
339 346
1 3 2
142 439
1 11 2
68 353
1 11 2
216 378
1 4 2
20 72
1 10 2
466 491
1 15 2
14 20
1 2 2
119 447
1 4 2
98 192
1 5 2
101 292
1 9 2
23 94
1 11 2
163 170
1 6 2
39 72
1 9 2
196 478
1 13 2
196 451
1 7 2
179 219
1 2 2
356 372
1 10 2
60 170
1 12 2
100 200
1 8 2
101 316
1 2 2
146 283
1 9 2
222 409
1 6 2
82 111
1 14 2
319 385
1 6 2
37 52
1 6 2
271 283
1 10 2
486 491
1 11 2
129 253
1 12 2
99 393
1 15 2
88 149
1 3 2
132 462
1 15 2
122 430
1 11 2
490 493
1 5 2
45 83
1 11 2
158 430
1 5 2
120 155
1 5 2
216 283
1 12 2
155 261
1 14 2
245 368
1 14 2
62 252
1 10 2
270 343
1 10 2
239 313
1 11 2
187 318
1 12 2
408 494
1 2 2
52 313
1 8 2
116 369
1 8 2
46 192
1 7 2
77 454
1 5 2
72 435
1 7 2
56 316
1 15 2
191 277
1 9 2
22 289
1 12 2
223 488
1 14 2
5 90
1 11 2
315 328
1 9 2
52 398
1 3 2
454 480
1 5 2
14 342
1 10 2
452 482
1 3 2
193 434
1 11 2
239 390
1 5 2
0 465
1 13 2
170 412
1 4 2
135 378
1 14 2
64 258
1 6 2
363 428
1 5 2
103 121
1 4 2
157 227
1 15 2
165 425
1 6 2
94 332
1 15 2
20 75
1 15 2
3 40
1 10 2
290 410
1 4 2
80 446
1 5 2
209 460
1 7 2
348 497
1 10 2
60 439
1 6 2
39 75
1 11 2
44 498
1 8 2
5 64
1 6 2
285 462
1 15 2
117 229
1 17 2
5 247
1 15 2
52 476
1 14 2
283 408
1 27 2
201 454
1 13 2
260 465
1 15 2
138 172
1 6 2
89 294
1 28 2
361 473
1 21 2
276 452
1 22 2
128 166
1 23 2
233 305
1 13 2
452 456
1 16 2
84 168
1 16 2
112 409
1 11 2
130 437
1 7 2
472 498
1 19 2
216 422
1 10 2
128 158
1 16 2
1 46
1 22 2
251 277
1 13 2
218 383
1 6 2
130 367
