500 2962 1500
11 6 21 13 9 24 6 21 12 25 16 12 15 18 16 15 13 15 23 11 15 5 22 15 13 14 14 11 16 19 21 24 21 22 8 13 19 20 22 12 18 5 13 10 11 11 21 21 10 11 9 8 5 14 9 18 15 17 21 16 19 15 6 18 19 25 11 18 9 19 25 15 20 20 10 11 6 12 10 11 21 13 14 11 24 15 8 10 16 23 25 18 7 13 15 15 25 24 14 10 17 7 9 22 16 10 14 20 15 13 25 7 19 18 16 13 6 18 12 11 18 16 9 11 17 5 25 8 18 8 21 17 12 23 8 16 7 6 17 7 6 5 25 25 11 12 22 10 24 24 6 18 16 10 25 21 13 22 18 16 11 17 18 25 15 22 21 25 5 14 10 18 11 25 9 11 23 6 5 9 9 14 12 6 11 13 8 19 19 11 13 16 19 22 15 9 7 11 10 19 18 21 15 10 20 25 20 10 6 6 24 21 14 19 10 11 25 20 12 10 15 25 7 17 14 16 13 23 10 19 20 6 7 21 5 18 13 9 9 22 5 22 6 22 17 21 12 19 17 20 24 17 25 19 22 20 20 10 7 16 5 9 12 10 23 22 19 11 22 7 14 23 11 6 11 21 10 6 12 6 22 15 25 15 5 7 19 19 8 12 9 24 20 18 16 15 20 25 19 18 12 5 12 25 11 13 8 16 20 6 25 23 12 23 8 21 14 18 9 23 7 6 8 21 23 18 18 23 15 14 18 17 24 21 25 10 5 25 13 6 10 12 20 20 18 16 7 11 11 17 21 8 13 17 15 24 10 25 14 24 16 16 19 15 25 7 20 14 8 13 6 22 25 24 22 25 10 14 6 19 24 9 15 20 14 14 11 15 6 7 7 18 21 9 10 15 22 13 21 12 20 24 25 12 16 25 14 19 7 19 9 21 11 19 18 15 19 12 18 24 7 15 23 13 13 16 25 17 19 22 17 13 15 5 8 14 24 8 11 15 5 12 22 7 6 6 6 7 17 17 6 20 21 18 15 5 21 11 25 16 16 5 14 24 9 13 14 7 22 10 23 14 17 6 11 25 6 15 17 21 25 23 15 5 22 19 6 7 18 22 11 22 12 19 16 18 21 19 14 7
3 9 20 11 10 6 9 16 10 13 18 10 19 18 19 9 3 14 15 20 16 16 18 13 20 17 8 15 8 11 11 17 16 4 18 20 15 8 7 20 9 8 16 7 16 13 3 9 13 19 18 18 5 6 20 19 8 14 14 14 5 19 8 17 3 13 17 7 4 8 14 19 17 7 10 3 19 9 15 20 16 7 4 12 7 13 4 8 4 15 13 19 10 9 9 14 18 8 3 8 18 16 11 9 18 9 20 9 6 20 13 19 8 7 18 5 17 20 15 12 15 15 19 12 6 14 18 14 13 9 4 14 8 17 14 17 4 15 19 20 16 14 18 15 12 10 8 7 16 13 8 3 8 13 5 5 10 8 13 3 15 16 10 9 15 7 13 14 14 20 17 19 14 17 19 20 8 7 8 20 20 3 15 13 20 4 19 6 11 5 7 8 14 18 9 10 20 18 15 14 9 5 18 3 9 19 4 7 5 4 15 20 18 10 19 7 6 7 5 10 12 13 5 7 13 8 8 20 7 18 9 4 17 20 17 12 12 15 9 14 4 9 4 19 15 20 12 15 5 19 20 11 5 11 3 5 15 12 14 19 6 7 12 11 17 14 17 8 9 14 8 15 8 18 14 7 19 11 20 5 4 14 12 10 11 11 11 20 14 20 14 11 5 3 7 6 19 4 19 10 8 13 9 20 18 4 10 10 7 6 10 11 6 7 8 10 8 20 9 4 17 20 14 17 14 11 5 11 7 16 17 3 12 4 18 20 10 16 7 15 4 10 10 13 14 5 18 13 20 10 15 19 3 7 17 10 8 13 5 3 4 13 4 15 10 18 13 17 18 9 15 15 5 8 10 19 9 7 4 13 4 10 17 4 13 20 10 11 7 19 3 8 19 10 20 19 20 19 4 3 13 6 5 17 4 4 6 17 14 7 9 16 20 8 3 19 6 14 13 13 7 20 3 9 11 7 9 10 8 10 12 17 12 10 7 16 10 8 4 11 17 13 12 5 12 12 6 15 19 7 12 5 11 9 5 15 14 4 16 3 11 4 9 6 3 8 14 16 16 16 20 16 3 11 20 11 16 17 9 13 9 5 16 6 3 16 11 12 14 6 10 12 8 9 18 17 8 14 11 13
1 3 2
189 493
1 14 2
142 184
1 14 2
197 350
1 12 2
253 441
1 12 2
160 371
1 4 2
162 181
1 11 2
128 231
1 13 2
111 342
1 11 2
152 469
1 7 2
143 266
1 14 2
37 58
1 15 2
143 282
1 2 2
195 368
1 12 2
343 432
1 9 2
261 376
1 2 2
277 412
1 7 2
58 172
1 15 2
17 342
1 5 2
165 288
1 12 2
138 442
1 7 2
104 271
1 2 2
91 410
1 15 2
236 323
1 3 2
156 219
1 7 2
332 363
1 11 2
24 133
1 6 2
11 223
1 15 2
41 160
1 13 2
141 145
1 9 2
284 289
1 6 2
39 81
1 5 2
47 135
1 15 2
21 248
1 11 2
169 464
1 12 2
127 161
1 6 2
269 347
1 9 2
281 335
1 3 2
69 331
1 9 2
113 401
1 9 2
221 252
1 7 2
291 302
1 3 2
288 327
1 4 2
305 347
1 9 2
115 381
1 2 2
219 265
1 9 2
96 449
1 14 2
150 255
1 5 2
57 259
1 5 2
27 169
1 5 2
249 496
1 12 2
356 418
1 4 2
146 304
1 8 2
354 495
1 13 2
299 324
1 13 2
32 392
1 2 2
144 373
1 10 2
147 262
1 4 2
116 489
1 9 2
275 458
1 9 2
359 377
1 15 2
400 438
1 14 2
428 489
1 5 2
65 134
1 7 2
158 262
1 10 2
190 195
1 10 2
444 463
1 3 2
193 319
1 13 2
179 187
1 8 2
257 339
1 13 2
71 84
1 6 2
275 449
1 11 2
255 285
1 13 2
286 464
1 4 2
65 473
1 7 2
189 358
1 7 2
281 490
1 14 2
201 403
1 6 2
6 364
1 4 2
125 343
1 4 2
210 430
1 10 2
44 191
1 14 2
216 223
1 6 2
382 414
1 2 2
261 448
1 11 2
415 450
1 4 2
185 492
1 10 2
64 430
1 9 2
12 371
1 2 2
347 361
1 7 2
286 334
1 10 2
209 315
1 15 2
136 481
1 15 2
230 468
1 15 2
46 362
1 11 2
224 286
1 13 2
100 359
1 6 2
119 283
1 6 2
16 126
1 2 2
188 294
1 9 2
355 411
1 5 2
159 203
1 4 2
303 363
1 12 2
422 494
1 15 2
206 291
1 8 2
107 203
1 7 2
263 410
1 13 2
159 199
1 11 2
254 368
1 3 2
355 462
1 4 2
133 246
1 5 2
118 248
1 15 2
162 350
1 13 2
8 231
1 8 2
161 238
1 15 2
32 172
1 7 2
69 129
1 6 2
74 133
1 11 2
268 395
1 2 2
236 279
1 6 2
48 367
1 12 2
254 464
1 7 2
168 278
1 14 2
167 455
1 9 2
236 429
1 3 2
37 322
1 14 2
113 435
1 13 2
205 493
1 15 2
402 476
1 5 2
422 483
1 11 2
225 264
1 10 2
95 344
1 15 2
114 343
1 12 2
27 187
1 3 2
43 493
1 3 2
106 145
1 3 2
76 221
1 7 2
138 431
1 11 2
75 131
1 14 2
254 286
1 11 2
2 103
1 7 2
73 154
1 9 2
12 280
1 10 2
332 368
1 2 2
6 34
1 11 2
296 380
1 15 2
116 203
1 3 2
171 460
1 4 2
161 438
1 2 2
109 430
1 10 2
135 297
1 14 2
353 488
1 6 2
16 100
1 12 2
212 345
1 15 2
310 359
1 9 2
132 206
1 9 2
126 316
1 8 2
8 88
1 15 2
63 424
1 8 2
194 433
1 11 2
127 463
1 13 2
271 417
1 11 2
76 310
1 10 2
56 433
1 14 2
162 460
1 12 2
288 388
1 15 2
9 74
1 13 2
68 352
1 6 2
379 404
1 7 2
267 303
1 13 2
245 246
1 8 2
194 310
1 8 2
127 320
1 12 2
28 319
1 4 2
27 181
1 10 2
21 421
1 5 2
327 348
1 4 2
59 266
1 11 2
224 307
1 14 2
142 361
1 11 2
304 430
1 10 2
270 417
1 7 2
210 372
1 9 2
22 117
1 12 2
109 409
1 8 2
116 366
1 7 2
63 375
1 5 2
407 430
1 9 2
258 482
1 7 2
319 334
1 6 2
286 431
1 10 2
0 382
1 4 2
337 344
1 8 2
116 188
1 4 2
358 385
1 2 2
217 368
1 14 2
28 359
1 9 2
119 437
1 2 2
306 498
1 7 2
303 409
1 7 2
385 493
1 13 2
79 341
1 8 2
4 473
1 11 2
314 356
1 2 2
182 251
1 7 2
199 222
1 3 2
37 159
1 3 2
188 353
1 7 2
103 299
1 7 2
227 424
1 13 2
223 278
1 7 2
61 471
1 7 2
201 349
1 2 2
47 265
1 9 2
124 316
1 4 2
37 125
1 10 2
132 178
1 13 2
185 349
1 12 2
394 466
1 12 2
164 192
1 4 2
215 405
1 11 2
43 170
1 11 2
70 141
1 4 2
156 388
1 3 2
192 226
1 10 2
155 421
1 14 2
3 374
1 5 2
108 166
1 8 2
248 435
1 8 2
307 308
1 13 2
301 384
1 6 2
165 446
1 3 2
181 320
1 5 2
231 454
1 3 2
121 352
1 10 2
247 486
1 2 2
49 293
1 15 2
34 43
1 12 2
281 362
1 11 2
267 441
1 3 2
36 261
1 6 2
6 425
1 12 2
323 441
1 12 2
67 482
1 13 2
50 288
1 7 2
57 287
1 5 2
160 192
1 2 2
348 493
1 6 2
50 485
1 10 2
102 482
1 8 2
129 447
1 12 2
84 372
1 13 2
121 173
1 12 2
337 428
1 14 2
231 299
1 3 2
183 236
1 10 2
290 493
1 6 2
55 135
1 6 2
120 438
1 4 2
37 299
1 11 2
41 140
1 14 2
176 264
1 8 2
313 399
1 11 2
226 318
1 13 2
159 456
1 5 2
220 417
1 7 2
349 377
1 7 2
23 359
1 5 2
93 208
1 4 2
45 413
1 11 2
162 352
1 2 2
36 128
1 14 2
220 322
1 7 2
81 92
1 11 2
205 383
1 14 2
164 488
1 2 2
77 466
1 15 2
286 497
1 6 2
366 388
1 5 2
222 340
1 13 2
341 489
1 13 2
28 272
1 7 2
83 129
1 2 2
141 329
1 5 2
149 315
1 5 2
73 343
1 8 2
102 408
1 8 2
83 187
1 8 2
154 437
1 9 2
20 390
1 4 2
70 234
1 5 2
249 374
1 3 2
232 363
1 9 2
194 228
1 12 2
335 410
1 6 2
202 383
1 2 2
345 418
1 4 2
52 254
1 14 2
98 239
1 2 2
128 181
1 12 2
9 31
1 3 2
234 414
1 5 2
351 426
1 11 2
131 435
1 6 2
100 229
1 14 2
188 263
1 11 2
131 206
1 11 2
185 252
1 2 2
109 471
1 4 2
193 249
1 10 2
368 448
1 4 2
172 373
1 4 2
278 344
1 4 2
17 334
1 6 2
208 273
1 6 2
98 140
1 8 2
36 212
1 6 2
232 355
1 11 2
356 387
1 3 2
127 145
1 15 2
106 242
1 12 2
290 311
1 3 2
284 345
1 11 2
419 453
1 11 2
366 408
1 5 2
443 489
1 7 2
128 326
1 6 2
192 210
1 13 2
176 417
1 11 2
38 268
1 12 2
44 46
1 6 2
101 287
1 7 2
80 257
1 12 2
16 348
1 5 2
367 471
1 8 2
102 219
1 12 2
151 359
1 7 2
92 436
1 9 2
11 381
1 7 2
16 433
1 3 2
154 470
1 14 2
187 296
1 9 2
142 482
1 6 2
262 271
1 8 2
187 300
1 11 2
0 483
1 4 2
267 271
1 15 2
234 407
1 6 2
289 449
1 15 2
104 286
1 8 2
417 495
1 15 2
81 215
1 11 2
37 415
1 5 2
296 445
1 13 2
6 294
1 12 2
72 159
1 6 2
269 293
1 3 2
218 296
1 14 2
148 165
1 15 2
163 255
1 6 2
292 332
1 9 2
6 16
1 4 2
149 250
1 11 2
4 53
1 12 2
88 262
1 11 2
249 421
1 8 2
87 469
1 4 2
53 277
1 11 2
12 167
1 14 2
16 452
1 6 2
318 396
1 9 2
66 104
1 3 2
382 473
1 9 2
314 426
1 2 2
180 361
1 7 2
212 396
1 14 2
63 456
1 8 2
30 178
1 11 2
258 393
1 7 2
182 210
1 6 2
116 161
1 7 2
147 313
1 14 2
14 77
1 3 2
2 243
1 5 2
27 415
1 2 2
147 172
1 8 2
33 421
1 2 2
280 337
1 5 2
84 374
1 5 2
163 198
1 3 2
315 475
1 11 2
399 434
1 12 2
479 495
1 7 2
26 310
1 5 2
65 411
1 8 2
2 63
1 12 2
46 283
1 9 2
88 465
1 5 2
192 458
1 11 2
197 296
1 3 2
46 288
1 12 2
156 426
1 9 2
304 378
1 15 2
125 404
1 5 2
222 379
1 3 2
222 289
1 13 2
324 438
1 3 2
9 296
1 8 2
23 450
1 10 2
133 176
1 8 2
32 178
1 9 2
192 386
1 5 2
280 433
1 2 2
58 419
1 13 2
17 397
1 3 2
200 442
1 15 2
132 402
1 2 2
177 253
1 4 2
1 404
1 2 2
89 212
1 10 2
218 463
1 9 2
353 444
1 8 2
328 429
1 8 2
178 385
1 14 2
35 348
1 3 2
229 436
1 13 2
406 441
1 10 2
259 314
1 8 2
21 87
1 3 2
210 289
1 4 2
161 436
1 3 2
252 329
1 8 2
268 288
1 9 2
104 194
1 12 2
145 236
1 14 2
173 356
1 11 2
195 259
1 8 2
233 254
1 8 2
58 469
1 8 2
331 472
1 4 2
388 423
1 15 2
258 459
1 8 2
194 253
1 5 2
62 73
1 14 2
190 268
1 14 2
41 292
1 14 2
80 194
1 7 2
296 448
1 2 2
303 410
1 11 2
28 286
1 10 2
240 322
1 10 2
99 299
1 6 2
227 293
1 15 2
153 276
1 9 2
62 88
1 6 2
120 328
1 7 2
327 470
1 4 2
116 425
1 11 2
245 260
1 12 2
276 364
1 13 2
85 392
1 14 2
438 448
1 14 2
183 382
1 6 2
16 121
1 15 2
20 60
1 7 2
100 341
1 9 2
380 456
1 11 2
217 389
1 13 2
54 200
1 14 2
291 450
1 12 2
274 486
1 10 2
266 312
1 2 2
216 386
1 3 2
113 329
1 9 2
124 195
1 13 2
122 369
1 6 2
13 209
1 8 2
104 158
1 9 2
324 367
1 5 2
29 334
1 7 2
48 160
1 4 2
192 299
1 13 2
460 467
1 14 2
148 195
1 5 2
96 486
1 2 2
211 400
1 12 2
379 477
1 6 2
283 315
1 9 2
17 198
1 15 2
126 291
1 7 2
76 314
1 6 2
71 461
1 10 2
368 371
1 11 2
176 269
1 4 2
337 456
1 7 2
35 189
1 7 2
47 308
1 14 2
181 469
1 10 2
20 221
1 10 2
46 126
1 2 2
222 298
1 5 2
384 459
1 3 2
213 452
1 4 2
231 424
1 10 2
4 24
1 11 2
319 323
1 2 2
304 479
1 4 2
186 238
1 9 2
186 389
1 8 2
317 427
1 4 2
17 160
1 15 2
236 445
1 12 2
35 85
1 5 2
177 357
1 5 2
126 262
1 9 2
322 477
1 2 2
101 385
1 9 2
401 417
1 10 2
253 468
1 7 2
51 216
1 9 2
11 89
1 8 2
6 72
1 15 2
92 447
1 11 2
109 422
1 9 2
251 283
1 5 2
220 307
1 8 2
478 487
1 11 2
23 316
1 13 2
240 436
1 15 2
23 405
1 15 2
147 356
1 8 2
88 365
1 4 2
191 225
1 11 2
67 133
1 13 2
97 227
1 9 2
302 353
1 6 2
213 408
1 5 2
68 396
1 11 2
146 416
1 5 2
159 312
1 8 2
131 359
1 6 2
39 234
1 10 2
196 294
1 6 2
236 335
1 13 2
231 444
1 5 2
209 489
1 4 2
168 402
1 6 2
146 488
1 13 2
89 245
1 8 2
79 126
1 4 2
81 213
1 5 2
328 379
1 9 2
118 498
1 11 2
59 373
1 4 2
429 435
1 7 2
233 341
1 9 2
48 69
1 15 2
181 421
1 7 2
63 499
1 4 2
96 153
1 12 2
187 217
1 15 2
44 486
1 5 2
260 469
1 10 2
126 476
1 7 2
27 163
1 12 2
55 374
1 2 2
23 485
1 10 2
263 411
1 13 2
249 265
1 12 2
210 409
1 4 2
460 462
1 2 2
265 351
1 10 2
1 256
1 6 2
392 447
1 4 2
97 436
1 11 2
235 445
1 12 2
252 496
1 15 2
109 296
1 4 2
3 80
1 14 2
169 374
1 4 2
16 423
1 12 2
305 451
1 12 2
40 468
1 7 2
384 461
1 11 2
96 431
1 12 2
218 340
1 5 2
43 287
1 9 2
172 348
1 2 2
120 413
1 5 2
429 458
1 14 2
193 406
1 3 2
81 94
1 13 2
196 432
1 3 2
163 185
1 9 2
62 110
1 4 2
124 205
1 3 2
60 335
1 12 2
40 178
1 8 2
119 475
1 11 2
90 152
1 3 2
34 419
1 4 2
247 322
1 10 2
10 463
1 10 2
105 243
1 13 2
356 457
1 12 2
387 488
1 8 2
2 413
1 2 2
173 242
1 12 2
185 206
1 6 2
312 367
1 11 2
111 403
1 2 2
308 325
1 11 2
268 462
1 14 2
216 494
1 13 2
300 390
1 15 2
138 189
1 6 2
261 355
1 13 2
55 495
1 7 2
110 345
1 9 2
119 305
1 7 2
144 399
1 11 2
44 434
1 15 2
232 312
1 3 2
203 472
1 11 2
53 209
1 5 2
75 93
1 10 2
32 98
1 2 2
78 438
1 4 2
284 309
1 15 2
308 491
1 12 2
14 368
1 11 2
121 498
1 8 2
10 199
1 10 2
181 386
1 14 2
244 364
1 5 2
79 477
1 14 2
360 390
1 4 2
131 204
1 5 2
165 186
1 2 2
177 204
1 5 2
128 214
1 12 2
41 269
1 6 2
69 239
1 14 2
29 286
1 9 2
183 451
1 12 2
212 361
1 12 2
360 389
1 8 2
133 232
1 8 2
209 419
1 11 2
47 459
1 6 2
39 104
1 12 2
10 50
1 3 2
405 460
1 5 2
28 332
1 3 2
371 393
1 9 2
119 174
1 10 2
175 400
1 12 2
410 413
1 4 2
157 195
1 8 2
60 178
1 8 2
179 309
1 15 2
10 333
1 8 2
42 390
1 8 2
78 497
1 4 2
54 491
1 3 2
191 450
1 11 2
219 277
1 8 2
105 276
1 12 2
103 198
1 3 2
255 361
1 3 2
267 417
1 9 2
18 153
1 8 2
167 209
1 8 2
244 393
1 8 2
295 413
1 15 2
139 248
1 13 2
56 475
1 13 2
53 305
1 14 2
389 498
1 10 2
37 462
1 6 2
8 349
1 14 2
82 284
1 13 2
234 322
1 7 2
64 337
1 8 2
182 386
1 12 2
82 350
1 13 2
341 361
1 12 2
248 252
1 13 2
18 271
1 9 2
19 415
1 9 2
126 259
1 10 2
7 91
1 5 2
324 360
1 2 2
388 473
1 3 2
184 425
1 15 2
82 346
1 2 2
107 257
1 6 2
305 429
1 14 2
4 466
1 7 2
75 136
1 2 2
158 422
1 5 2
225 235
1 6 2
115 348
1 2 2
161 292
1 5 2
254 462
1 7 2
29 213
1 13 2
141 153
1 10 2
330 399
1 15 2
109 394
1 8 2
285 302
1 15 2
55 217
1 4 2
31 242
1 12 2
65 471
1 11 2
403 433
1 6 2
201 339
1 5 2
406 464
1 2 2
230 460
1 13 2
372 453
1 7 2
102 451
1 14 2
230 337
1 9 2
150 353
1 3 2
106 376
1 12 2
86 451
1 10 2
43 82
1 5 2
57 73
1 10 2
215 362
1 2 2
230 457
1 11 2
55 128
1 7 2
327 498
1 14 2
247 261
1 10 2
70 407
1 15 2
394 499
1 10 2
194 367
1 15 2
200 338
1 6 2
384 419
1 5 2
220 300
1 11 2
245 490
1 12 2
33 132
1 2 2
46 355
1 14 2
70 157
1 15 2
71 498
1 9 2
37 104
1 15 2
39 481
1 10 2
211 369
1 5 2
305 460
1 11 2
382 497
1 4 2
157 188
1 7 2
39 103
1 8 2
239 313
1 5 2
83 434
1 4 2
61 429
1 7 2
12 148
1 9 2
333 481
1 3 2
7 257
1 6 2
145 317
1 5 2
131 272
1 6 2
113 418
1 9 2
145 227
1 7 2
192 346
1 15 2
254 485
1 2 2
165 171
1 11 2
3 320
1 4 2
271 352
1 2 2
140 474
1 11 2
50 391
1 10 2
33 466
1 8 2
207 449
1 2 2
335 377
1 14 2
182 253
1 13 2
275 476
1 10 2
124 240
1 5 2
46 374
1 10 2
169 389
1 13 2
12 204
1 6 2
92 108
1 4 2
12 489
1 4 2
396 438
1 2 2
47 439
1 7 2
227 392
1 8 2
95 460
1 3 2
159 207
1 13 2
306 490
1 10 2
358 415
1 14 2
51 142
1 6 2
78 93
1 8 2
38 160
1 10 2
309 361
1 12 2
67 395
1 3 2
39 344
1 10 2
143 342
1 3 2
137 304
1 10 2
326 412
1 9 2
212 415
1 11 2
68 329
1 4 2
236 344
1 7 2
60 215
1 14 2
28 360
1 11 2
309 457
1 2 2
389 487
1 4 2
67 297
1 9 2
274 479
1 5 2
54 81
1 5 2
89 390
1 9 2
81 274
1 2 2
316 493
1 3 2
47 124
1 5 2
328 440
1 10 2
0 31
1 9 2
55 340
1 11 2
258 302
1 13 2
255 350
1 6 2
182 493
1 4 2
180 216
1 3 2
94 451
1 3 2
37 221
1 7 2
91 211
1 3 2
304 447
1 12 2
260 365
1 12 2
117 135
1 2 2
123 270
1 12 2
159 483
1 2 2
16 177
1 4 2
58 274
1 7 2
218 472
1 4 2
4 96
1 12 2
4 304
1 13 2
320 423
1 13 2
241 428
1 3 2
113 332
1 12 2
190 269
1 2 2
28 117
1 13 2
20 426
1 14 2
241 289
1 12 2
363 462
1 5 2
357 385
1 13 2
174 269
1 11 2
221 250
1 13 2
75 289
1 5 2
152 171
1 11 2
3 173
1 10 2
53 456
1 11 2
359 469
1 14 2
166 382
1 12 2
128 400
1 5 2
25 412
1 15 2
105 326
1 8 2
233 388
1 2 2
379 439
1 2 2
270 316
1 9 2
179 270
1 9 2
137 449
1 14 2
271 469
1 3 2
213 262
1 15 2
73 192
1 9 2
129 158
1 5 2
423 440
1 9 2
156 279
1 13 2
290 413
1 13 2
33 250
1 14 2
458 486
1 14 2
307 443
1 4 2
29 342
1 6 2
92 453
1 14 2
63 232
1 4 2
197 411
1 8 2
138 167
1 6 2
132 215
1 3 2
126 356
1 12 2
301 385
1 4 2
232 242
1 3 2
352 475
1 14 2
323 407
1 11 2
155 435
1 5 2
105 369
1 14 2
26 141
1 2 2
195 404
1 12 2
73 290
1 2 2
53 71
1 2 2
402 487
1 7 2
75 482
1 14 2
153 335
1 5 2
287 427
1 15 2
31 200
1 14 2
240 445
1 13 2
61 229
1 14 2
40 139
1 10 2
213 416
1 14 2
113 242
1 14 2
94 495
1 3 2
291 378
1 2 2
3 395
1 14 2
49 199
1 10 2
324 390
1 11 2
176 197
1 9 2
336 493
1 14 2
259 375
1 8 2
177 441
1 9 2
183 418
1 2 2
1 362
1 14 2
392 464
1 9 2
136 420
1 4 2
46 435
1 4 2
88 259
1 4 2
339 434
1 10 2
214 262
1 2 2
388 412
1 14 2
39 182
1 15 2
271 318
1 11 2
125 442
1 12 2
19 423
1 8 2
156 329
1 3 2
137 364
1 4 2
216 264
1 5 2
261 455
1 4 2
167 184
1 13 2
232 281
1 7 2
0 16
1 14 2
321 490
1 11 2
65 271
1 9 2
41 328
1 9 2
144 223
1 2 2
3 275
1 9 2
341 373
1 5 2
28 432
1 8 2
191 403
1 8 2
44 317
1 4 2
222 252
1 5 2
125 334
1 2 2
199 482
1 10 2
64 380
1 4 2
42 392
1 4 2
50 161
1 15 2
15 38
1 9 2
163 288
1 2 2
152 207
1 5 2
262 422
1 15 2
29 290
1 6 2
34 254
1 15 2
318 452
1 9 2
297 406
1 13 2
16 212
1 10 2
10 400
1 3 2
209 323
1 2 2
83 462
1 4 2
38 270
1 14 2
186 257
1 10 2
223 493
1 10 2
158 285
1 2 2
149 267
1 14 2
310 440
1 7 2
100 342
1 15 2
126 410
1 4 2
47 296
1 15 2
27 318
1 12 2
328 463
1 10 2
217 226
1 8 2
109 445
1 12 2
23 98
1 12 2
126 182
1 13 2
146 321
1 2 2
51 463
1 7 2
267 288
1 9 2
140 478
1 5 2
319 467
1 15 2
5 236
1 7 2
243 275
1 11 2
315 481
1 10 2
265 444
1 10 2
205 267
1 6 2
410 487
1 15 2
155 205
1 14 2
314 440
1 14 2
27 364
1 7 2
112 161
1 12 2
120 473
1 4 2
103 403
1 11 2
82 499
1 9 2
191 317
1 9 2
215 422
1 9 2
235 441
1 3 2
245 435
1 14 2
52 471
1 8 2
37 238
1 11 2
112 497
1 14 2
139 358
1 15 2
58 186
1 5 2
310 480
1 4 2
109 183
1 15 2
196 442
1 8 2
48 190
1 11 2
347 447
1 11 2
126 483
1 4 2
297 399
1 8 2
108 460
1 9 2
168 257
1 3 2
213 301
1 2 2
177 483
1 7 2
432 457
1 13 2
16 356
1 14 2
163 388
1 8 2
29 376
1 14 2
405 453
1 3 2
158 253
1 9 2
174 322
1 5 2
377 433
1 4 2
203 337
1 2 2
236 244
1 5 2
70 237
1 12 2
223 408
1 8 2
347 410
1 7 2
109 429
1 13 2
5 335
1 4 2
142 453
1 3 2
124 149
1 5 2
71 393
1 7 2
201 406
1 2 2
151 205
1 10 2
289 487
1 6 2
56 58
1 7 2
77 472
1 7 2
347 437
1 7 2
27 184
1 9 2
107 362
1 8 2
81 220
1 6 2
69 459
1 2 2
10 389
1 5 2
144 334
1 12 2
106 493
1 13 2
428 485
1 14 2
72 497
1 13 2
120 387
1 12 2
66 382
1 9 2
332 355
1 4 2
203 350
1 2 2
36 404
1 14 2
269 294
1 9 2
147 426
1 11 2
181 365
1 7 2
299 451
1 11 2
73 388
1 8 2
130 218
1 14 2
54 367
1 5 2
431 432
1 3 2
254 325
1 11 2
164 322
1 6 2
113 245
1 12 2
41 315
1 15 2
195 260
1 3 2
329 470
1 9 2
112 129
1 2 2
46 246
1 2 2
369 417
1 6 2
162 355
1 3 2
62 271
1 11 2
75 133
1 9 2
106 123
1 11 2
235 460
1 4 2
6 262
1 7 2
460 485
1 6 2
17 414
1 7 2
61 454
1 12 2
114 405
1 10 2
121 390
1 8 2
101 147
1 13 2
52 460
1 3 2
95 425
1 8 2
292 499
1 6 2
65 173
1 7 2
75 112
1 3 2
145 246
1 12 2
101 469
1 6 2
344 453
1 14 2
37 295
1 13 2
60 466
1 2 2
57 463
1 12 2
23 31
1 5 2
230 353
1 2 2
353 471
1 14 2
308 336
1 7 2
27 442
1 12 2
76 324
1 9 2
19 71
1 14 2
136 265
1 3 2
266 426
1 4 2
7 406
1 2 2
324 337
1 3 2
160 435
1 6 2
285 315
1 7 2
333 354
1 5 2
210 272
1 8 2
136 210
1 3 2
321 393
1 7 2
169 295
1 15 2
125 387
1 6 2
28 102
1 15 2
4 439
1 9 2
327 461
1 14 2
120 366
1 15 2
51 263
1 8 2
10 168
1 6 2
210 357
1 2 2
215 368
1 8 2
54 297
1 6 2
435 499
1 11 2
310 355
1 3 2
114 133
1 6 2
296 357
1 10 2
273 286
1 14 2
77 290
1 8 2
210 247
1 2 2
130 461
1 2 2
157 337
1 5 2
135 187
1 12 2
111 328
1 12 2
121 335
1 13 2
232 330
1 5 2
34 229
1 3 2
411 474
1 2 2
150 231
1 10 2
212 291
1 3 2
215 271
1 13 2
85 181
1 15 2
131 376
1 14 2
322 447
1 7 2
346 417
1 9 2
229 422
1 7 2
65 262
1 2 2
266 460
1 11 2
117 341
1 7 2
50 137
1 10 2
241 494
1 11 2
74 466
1 5 2
109 210
1 12 2
213 374
1 12 2
398 449
1 13 2
214 248
1 4 2
36 141
1 11 2
14 299
1 14 2
151 375
1 2 2
4 398
1 14 2
4 454
1 7 2
236 336
1 8 2
105 469
1 8 2
50 87
1 15 2
141 263
1 4 2
221 431
1 6 2
89 196
1 14 2
180 318
1 5 2
6 245
1 15 2
202 420
1 5 2
45 232
1 15 2
149 165
1 7 2
205 301
1 4 2
182 377
1 12 2
105 246
1 13 2
201 417
1 8 2
48 108
1 12 2
322 381
1 6 2
9 231
1 12 2
16 351
1 6 2
275 462
1 11 2
121 128
1 15 2
330 456
1 8 2
49 171
1 8 2
410 419
1 8 2
63 490
1 2 2
373 497
1 4 2
464 466
1 4 2
62 170
1 3 2
35 169
1 4 2
88 297
1 6 2
88 328
1 13 2
209 266
1 3 2
150 191
1 14 2
298 420
1 3 2
246 351
1 8 2
33 335
1 13 2
5 428
1 11 2
109 190
1 10 2
14 254
1 11 2
66 286
1 8 2
289 313
1 3 2
212 298
1 3 2
176 208
1 6 2
108 361
1 6 2
436 467
1 10 2
274 423
1 5 2
461 480
1 15 2
194 423
1 7 2
41 174
1 15 2
18 139
1 7 2
165 455
1 4 2
162 386
1 5 2
28 494
1 10 2
192 304
1 14 2
75 81
1 6 2
138 261
1 4 2
109 451
1 13 2
294 485
1 5 2
115 341
1 14 2
91 290
1 11 2
365 393
1 3 2
150 338
1 2 2
58 60
1 3 2
49 205
1 8 2
166 275
1 8 2
47 175
1 2 2
11 433
1 14 2
135 257
1 5 2
9 280
1 13 2
33 199
1 8 2
18 496
1 13 2
61 359
1 6 2
235 268
1 2 2
3 48
1 7 2
342 425
1 14 2
80 300
1 7 2
92 408
1 10 2
215 451
1 4 2
188 248
1 7 2
38 394
1 11 2
160 477
1 6 2
28 243
1 12 2
60 404
1 2 2
176 394
1 9 2
0 443
1 13 2
113 458
1 13 2
216 275
1 2 2
78 129
1 13 2
83 411
1 4 2
179 417
1 2 2
360 385
1 15 2
105 314
1 12 2
1 304
1 12 2
52 236
1 3 2
241 449
1 2 2
5 465
1 5 2
163 272
1 6 2
329 387
1 15 2
91 479
1 13 2
164 223
1 15 2
447 453
1 13 2
1 143
1 8 2
395 461
1 3 2
186 407
1 7 2
305 469
1 11 2
357 387
1 13 2
5 96
1 15 2
225 311
1 7 2
365 472
1 15 2
167 180
1 8 2
125 268
1 2 2
95 111
1 6 2
247 496
1 7 2
113 406
1 6 2
84 181
1 14 2
301 328
1 6 2
257 475
1 3 2
422 423
1 4 2
139 462
1 4 2
133 180
1 10 2
114 236
1 2 2
107 121
1 8 2
30 484
1 3 2
62 166
1 12 2
261 298
1 10 2
197 236
1 10 2
237 461
1 15 2
129 138
1 7 2
385 396
1 4 2
238 335
1 11 2
189 330
1 9 2
54 371
1 4 2
34 281
1 15 2
105 169
1 15 2
142 473
1 14 2
32 192
1 4 2
209 296
1 3 2
2 150
1 2 2
115 376
1 15 2
135 271
1 8 2
145 214
1 15 2
391 429
1 14 2
304 330
1 6 2
12 471
1 4 2
149 207
1 11 2
15 409
1 15 2
204 297
1 10 2
317 492
1 6 2
52 273
1 6 2
176 381
1 3 2
114 387
1 9 2
178 200
1 11 2
122 423
1 4 2
104 244
1 6 2
278 474
1 3 2
456 458
1 2 2
1 386
1 14 2
30 417
1 4 2
253 493
1 2 2
72 116
1 14 2
69 76
1 9 2
66 134
1 7 2
230 260
1 13 2
220 339
1 11 2
62 66
1 12 2
99 373
1 2 2
47 326
1 7 2
203 240
1 15 2
104 238
1 2 2
362 480
1 13 2
36 263
1 8 2
64 233
1 3 2
48 94
1 7 2
478 482
1 5 2
151 393
1 4 2
63 408
1 11 2
215 455
1 14 2
174 263
1 3 2
80 238
1 3 2
218 435
1 13 2
58 304
1 14 2
164 352
1 14 2
228 415
1 6 2
46 229
1 12 2
84 153
1 5 2
276 360
1 9 2
40 389
1 9 2
114 420
1 15 2
348 417
1 3 2
297 419
1 8 2
123 366
1 10 2
268 376
1 6 2
233 297
1 2 2
127 468
1 11 2
1 431
1 5 2
176 416
1 9 2
250 423
1 6 2
185 236
1 3 2
6 238
1 5 2
41 346
1 10 2
102 239
1 11 2
171 201
1 10 2
193 481
1 6 2
276 341
1 14 2
151 183
1 12 2
51 444
1 4 2
387 414
1 6 2
315 411
1 5 2
259 483
1 2 2
111 207
1 5 2
80 468
1 11 2
3 418
1 13 2
142 214
1 15 2
9 124
1 5 2
105 119
1 15 2
9 334
1 10 2
73 183
1 7 2
119 497
1 15 2
60 133
1 9 2
325 330
1 13 2
348 499
1 5 2
232 255
1 5 2
271 359
1 5 2
82 307
1 12 2
158 247
1 13 2
320 496
1 5 2
392 404
1 12 2
385 407
1 15 2
87 278
1 10 2
21 447
1 15 2
59 312
1 13 2
219 384
1 11 2
0 463
1 12 2
284 437
1 2 2
136 251
1 2 2
119 264
1 11 2
28 414
1 4 2
99 375
1 8 2
261 300
1 8 2
2 117
1 2 2
105 216
1 12 2
255 272
1 3 2
205 260
1 6 2
252 421
1 10 2
147 152
1 3 2
231 302
1 8 2
178 284
1 2 2
31 107
1 15 2
142 225
1 6 2
8 240
1 3 2
90 112
1 14 2
426 431
1 13 2
374 378
1 11 2
118 422
1 6 2
337 496
1 2 2
383 497
1 9 2
334 403
1 8 2
39 407
1 14 2
226 324
1 12 2
171 283
1 9 2
72 307
1 14 2
5 124
1 13 2
107 214
1 11 2
17 65
1 4 2
153 348
1 13 2
29 352
1 12 2
31 267
1 2 2
373 410
1 6 2
150 475
1 3 2
109 238
1 9 2
16 66
1 8 2
267 404
1 14 2
332 395
1 10 2
370 434
1 5 2
108 167
1 10 2
94 142
1 5 2
131 358
1 6 2
189 470
1 5 2
266 267
1 6 2
270 336
1 12 2
4 340
1 14 2
223 446
1 15 2
301 377
1 9 2
14 268
1 10 2
100 479
1 7 2
25 400
1 4 2
146 188
1 5 2
40 132
1 10 2
187 449
1 7 2
82 404
1 12 2
26 491
1 5 2
81 266
1 9 2
118 231
1 4 2
197 434
1 8 2
19 126
1 14 2
314 451
1 2 2
95 260
1 6 2
153 320
1 10 2
130 283
1 9 2
315 479
1 6 2
422 437
1 7 2
225 309
1 5 2
36 409
1 13 2
336 489
1 3 2
92 167
1 3 2
1 250
1 7 2
82 403
1 14 2
3 279
1 12 2
151 437
1 2 2
2 71
1 13 2
78 486
1 6 2
13 168
1 12 2
20 154
1 11 2
154 192
1 12 2
318 476
1 13 2
97 315
1 14 2
242 353
1 7 2
48 382
1 5 2
160 322
1 6 2
3 29
1 3 2
170 469
1 13 2
128 241
1 8 2
2 254
1 4 2
56 192
1 12 2
3 382
1 15 2
19 177
1 6 2
224 439
1 13 2
10 434
1 10 2
173 379
1 4 2
272 380
1 7 2
43 403
1 13 2
254 369
1 3 2
209 257
1 13 2
66 400
1 14 2
20 201
1 12 2
189 374
1 13 2
178 315
1 14 2
22 256
1 7 2
73 102
1 15 2
120 260
1 4 2
363 441
1 2 2
6 130
1 11 2
3 101
1 10 2
149 228
1 3 2
375 426
1 15 2
171 254
1 9 2
230 319
1 12 2
441 479
1 8 2
150 175
1 13 2
325 349
1 11 2
237 440
1 14 2
208 243
1 15 2
146 319
1 11 2
8 444
1 11 2
172 213
1 10 2
101 378
1 11 2
41 115
1 3 2
37 156
1 3 2
116 128
1 13 2
43 314
1 2 2
110 402
1 2 2
74 478
1 11 2
6 88
1 2 2
32 242
1 12 2
22 387
1 6 2
197 380
1 4 2
14 220
1 9 2
305 482
1 13 2
297 425
1 12 2
34 73
1 14 2
67 378
1 12 2
275 387
1 6 2
3 165
1 12 2
31 443
1 12 2
109 200
1 15 2
188 335
1 10 2
398 481
1 3 2
326 354
1 11 2
367 392
1 10 2
17 130
1 11 2
395 398
1 5 2
155 366
1 11 2
194 481
1 5 2
26 481
1 3 2
377 496
1 6 2
97 192
1 5 2
261 478
1 5 2
186 357
1 7 2
103 342
1 10 2
181 371
1 13 2
144 179
1 9 2
139 277
1 9 2
80 423
1 10 2
1 217
1 3 2
123 440
1 3 2
91 223
1 15 2
104 310
1 9 2
121 134
1 3 2
390 399
1 4 2
55 452
1 12 2
288 366
1 4 2
191 498
1 15 2
134 473
1 15 2
365 471
1 6 2
11 317
1 2 2
138 495
1 2 2
94 392
1 4 2
156 305
1 11 2
37 433
1 14 2
334 498
1 15 2
41 422
1 12 2
49 130
1 9 2
82 494
1 8 2
273 312
1 8 2
271 477
1 9 2
69 340
1 15 2
364 418
1 15 2
383 386
1 6 2
142 444
1 6 2
28 235
1 9 2
108 350
1 7 2
139 147
1 3 2
287 422
1 7 2
269 406
1 2 2
366 459
1 9 2
58 402
1 2 2
54 446
1 9 2
297 404
1 15 2
203 437
1 3 2
311 403
1 3 2
117 275
1 4 2
348 400
1 10 2
247 495
1 4 2
7 497
1 7 2
54 199
1 7 2
294 328
1 2 2
189 489
1 9 2
161 194
1 10 2
384 417
1 5 2
30 239
1 12 2
64 186
1 12 2
45 277
1 13 2
83 196
1 13 2
246 436
1 10 2
191 478
1 4 2
7 212
1 4 2
127 495
1 3 2
83 322
1 3 2
294 466
1 11 2
52 268
1 9 2
59 110
1 5 2
408 425
1 15 2
316 422
1 13 2
358 448
1 8 2
118 450
1 2 2
258 296
1 8 2
336 434
1 6 2
476 494
1 5 2
225 269
1 7 2
202 423
1 11 2
88 188
1 8 2
207 283
1 10 2
418 484
1 15 2
361 451
1 6 2
131 445
1 13 2
161 392
1 3 2
291 364
1 8 2
261 433
1 14 2
249 443
1 14 2
184 451
1 12 2
249 447
1 8 2
238 433
1 14 2
137 385
1 8 2
186 426
1 12 2
230 267
1 6 2
145 384
1 2 2
1 12
1 7 2
211 421
1 14 2
306 402
1 14 2
0 486
1 2 2
22 440
1 7 2
13 82
1 14 2
183 414
1 8 2
131 429
1 11 2
78 363
1 11 2
371 397
1 10 2
174 372
1 3 2
16 340
1 6 2
136 180
1 6 2
149 268
1 11 2
299 371
1 9 2
82 387
1 5 2
14 428
1 5 2
410 443
1 15 2
325 328
1 5 2
48 335
1 8 2
102 220
1 4 2
370 471
1 9 2
143 178
1 12 2
105 214
1 15 2
62 325
1 9 2
301 467
1 12 2
26 452
1 2 2
142 264
1 12 2
74 158
1 12 2
50 163
1 11 2
203 213
1 13 2
335 457
1 10 2
47 461
1 3 2
91 210
1 14 2
28 116
1 15 2
386 393
1 15 2
58 94
1 5 2
362 373
1 5 2
85 254
1 9 2
339 353
1 2 2
112 488
1 4 2
147 151
1 11 2
254 481
1 14 2
183 465
1 14 2
338 388
1 7 2
83 319
1 2 2
128 409
1 7 2
186 459
1 14 2
130 474
1 2 2
333 442
1 11 2
36 154
1 13 2
68 277
1 9 2
186 256
1 14 2
374 387
1 5 2
120 244
1 2 2
197 269
1 2 2
272 496
1 4 2
208 261
1 13 2
34 374
1 9 2
253 430
1 5 2
176 496
1 2 2
116 340
1 11 2
73 228
1 4 2
174 268
1 14 2
145 346
1 2 2
82 256
1 12 2
239 419
1 10 2
91 464
1 4 2
159 314
1 8 2
282 384
1 14 2
84 318
1 3 2
61 284
1 6 2
155 398
1 10 2
345 409
1 10 2
351 481
1 5 2
372 474
1 2 2
79 233
1 10 2
316 458
1 13 2
302 335
1 13 2
5 291
1 8 2
12 311
1 10 2
122 295
1 10 2
126 325
1 9 2
273 401
1 2 2
176 427
1 12 2
96 249
1 7 2
212 422
1 2 2
127 341
1 6 2
240 314
1 15 2
134 175
1 15 2
454 455
1 4 2
263 303
1 8 2
180 487
1 15 2
217 418
1 11 2
128 385
1 3 2
107 213
1 13 2
54 68
1 3 2
231 241
1 9 2
464 491
1 14 2
26 128
1 5 2
239 381
1 10 2
268 461
1 4 2
38 157
1 15 2
60 325
1 3 2
29 199
1 14 2
131 472
1 12 2
271 456
1 14 2
109 425
1 4 2
23 469
1 14 2
26 139
1 11 2
402 463
1 5 2
191 286
1 7 2
227 232
1 15 2
292 357
1 3 2
248 489
1 15 2
19 336
1 14 2
19 389
1 12 2
336 349
1 7 2
32 89
1 13 2
26 443
1 15 2
462 471
1 8 2
5 12
1 7 2
181 373
1 12 2
362 443
1 10 2
137 493
1 3 2
92 389
1 15 2
230 316
1 7 2
57 379
1 9 2
12 383
1 6 2
50 192
1 6 2
434 446
1 4 2
28 289
1 8 2
159 430
1 3 2
16 297
1 9 2
234 490
1 5 2
123 435
1 12 2
299 357
1 4 2
158 254
1 6 2
384 463
1 11 2
142 209
1 12 2
255 269
1 5 2
25 118
1 11 2
359 462
1 12 2
25 463
1 7 2
178 376
1 11 2
291 477
1 12 2
377 454
1 12 2
27 314
1 11 2
42 98
1 3 2
21 312
1 11 2
49 449
1 7 2
212 253
1 14 2
33 309
1 4 2
35 103
1 6 2
2 167
1 13 2
33 50
1 6 2
168 180
1 7 2
40 412
1 2 2
45 375
1 6 2
190 438
1 5 2
76 180
1 12 2
21 164
1 10 2
250 394
1 12 2
33 398
1 4 2
12 134
1 15 2
91 451
1 14 2
299 447
1 12 2
243 380
1 13 2
46 160
1 11 2
122 177
1 9 2
271 383
1 3 2
348 357
1 8 2
60 80
1 3 2
135 254
1 14 2
60 489
1 7 2
266 353
1 8 2
1 480
1 14 2
165 431
1 2 2
289 335
1 4 2
204 302
1 2 2
87 163
1 4 2
102 235
1 15 2
31 193
1 8 2
278 350
1 10 2
154 286
1 13 2
81 267
1 7 2
271 489
1 6 2
61 355
1 10 2
318 489
1 9 2
200 344
1 4 2
69 216
1 5 2
88 165
1 3 2
133 420
1 11 2
32 390
1 5 2
139 246
1 11 2
197 406
1 9 2
199 284
1 15 2
185 224
1 8 2
461 476
1 5 2
249 445
1 11 2
42 382
1 14 2
94 395
1 14 2
13 270
1 5 2
137 217
1 7 2
296 311
1 8 2
140 360
1 8 2
35 445
1 10 2
304 380
1 8 2
461 499
1 12 2
22 72
1 7 2
291 399
1 15 2
37 222
1 8 2
324 432
1 4 2
101 371
1 8 2
103 487
1 15 2
188 197
1 15 2
40 302
1 5 2
145 348
1 9 2
13 19
1 6 2
136 370
1 13 2
90 442
1 14 2
0 98
1 4 2
278 457
1 9 2
174 178
1 5 2
166 301
1 9 2
285 359
1 7 2
303 319
1 13 2
390 469
1 6 2
370 470
1 5 2
19 247
1 13 2
188 227
1 3 2
214 423
1 2 2
13 121
1 14 2
308 460
1 12 2
247 449
1 11 2
104 129
1 9 2
158 488
1 4 2
163 202
1 13 2
168 318
1 5 2
82 113
1 14 2
132 220
1 15 2
18 149
1 5 2
86 187
1 7 2
376 437
1 13 2
48 306
1 11 2
155 369
1 4 2
118 355
1 12 2
134 305
1 13 2
172 298
1 6 2
361 474
1 11 2
101 456
1 7 2
136 453
1 4 2
42 71
1 5 2
50 277
1 6 2
201 350
1 12 2
3 106
1 7 2
251 378
1 9 2
15 345
1 14 2
360 454
1 3 2
110 135
1 3 2
269 318
1 8 2
269 403
1 13 2
368 485
1 14 2
44 70
1 5 2
392 472
1 15 2
242 270
1 6 2
77 319
1 5 2
2 361
1 2 2
319 484
1 8 2
58 439
1 10 2
71 299
1 9 2
71 206
1 7 2
138 140
1 6 2
172 396
1 14 2
413 453
1 2 2
15 363
1 13 2
195 409
1 9 2
226 283
1 9 2
340 385
1 9 2
257 319
1 6 2
329 443
1 8 2
78 383
1 2 2
334 348
1 2 2
21 184
1 5 2
123 164
1 3 2
395 439
1 15 2
102 188
1 12 2
355 475
1 13 2
46 323
1 2 2
49 323
1 7 2
149 492
1 5 2
216 247
1 9 2
203 415
1 9 2
330 383
1 11 2
156 231
1 7 2
205 484
1 6 2
71 108
1 15 2
274 282
1 10 2
180 370
1 15 2
25 137
1 9 2
380 384
1 5 2
120 431
1 10 2
65 319
1 12 2
161 266
1 15 2
266 475
1 3 2
78 211
1 3 2
223 418
1 15 2
392 416
1 14 2
269 364
1 3 2
52 393
1 12 2
218 399
1 2 2
206 394
1 10 2
51 74
1 4 2
8 243
1 15 2
83 262
1 15 2
134 235
1 12 2
2 148
1 2 2
90 134
1 5 2
88 312
1 3 2
30 363
1 8 2
86 482
1 11 2
237 462
1 5 2
94 233
1 5 2
171 484
1 5 2
138 241
1 2 2
90 162
1 10 2
71 214
1 6 2
145 247
1 2 2
320 413
1 4 2
346 403
1 11 2
263 470
1 11 2
170 407
1 3 2
180 181
1 3 2
451 484
1 15 2
100 358
1 14 2
174 216
1 7 2
109 387
1 15 2
240 419
1 6 2
13 74
1 3 2
69 294
1 14 2
150 240
1 8 2
37 65
1 6 2
142 492
1 2 2
279 371
1 7 2
122 468
1 8 2
101 427
1 4 2
108 463
1 4 2
101 311
1 8 2
180 321
1 6 2
288 361
1 7 2
67 361
1 5 2
115 336
1 6 2
248 370
1 11 2
92 292
1 2 2
116 251
1 13 2
121 161
1 15 2
174 235
1 5 2
468 495
1 3 2
21 116
1 5 2
353 467
1 4 2
1 232
1 12 2
275 370
1 6 2
179 191
1 10 2
124 287
1 12 2
95 132
1 7 2
80 417
1 5 2
299 431
1 13 2
73 308
1 3 2
101 481
1 15 2
133 411
1 15 2
112 290
1 14 2
359 441
1 3 2
195 421
1 15 2
48 391
1 9 2
239 301
1 11 2
158 400
1 6 2
86 110
1 7 2
65 207
1 4 2
111 164
1 4 2
54 366
1 14 2
239 248
1 13 2
131 190
1 12 2
150 326
1 12 2
143 159
1 15 2
164 291
1 14 2
98 447
1 5 2
208 325
1 4 2
36 273
1 10 2
3 499
1 11 2
8 239
1 7 2
41 173
1 9 2
306 416
1 7 2
112 203
1 14 2
79 351
1 13 2
43 327
1 10 2
2 329
1 10 2
65 359
1 12 2
93 256
1 9 2
112 480
1 12 2
181 299
1 8 2
218 225
1 15 2
123 274
1 14 2
123 218
1 15 2
38 322
1 2 2
465 489
1 5 2
280 486
1 15 2
164 332
1 13 2
122 371
1 12 2
153 383
1 3 2
15 250
1 12 2
253 489
1 8 2
176 257
1 10 2
300 437
1 9 2
95 485
1 10 2
146 263
1 4 2
2 213
1 13 2
181 325
1 2 2
414 471
1 15 2
151 486
1 7 2
16 207
1 5 2
113 485
1 14 2
1 306
1 7 2
138 175
1 14 2
234 331
1 4 2
129 350
1 14 2
254 389
1 7 2
3 73
1 4 2
128 253
1 11 2
271 457
1 7 2
169 450
1 3 2
104 231
1 3 2
132 459
1 4 2
5 141
1 2 2
83 379
1 14 2
275 417
1 2 2
236 334
1 6 2
11 283
1 7 2
132 466
1 15 2
124 242
1 15 2
21 484
1 11 2
50 102
1 9 2
60 220
1 14 2
155 457
1 6 2
222 441
1 8 2
417 475
1 8 2
259 283
1 6 2
3 82
1 9 2
143 327
1 8 2
7 126
1 2 2
309 354
1 7 2
38 87
1 14 2
63 150
1 5 2
103 282
1 12 2
292 495
1 13 2
105 271
1 8 2
331 437
1 12 2
354 432
1 14 2
9 51
1 12 2
32 90
1 3 2
366 496
1 6 2
300 382
1 2 2
371 394
1 9 2
56 344
1 8 2
318 390
1 11 2
58 382
1 8 2
184 340
1 14 2
141 358
1 11 2
157 395
1 12 2
453 484
1 7 2
58 371
1 15 2
366 441
1 7 2
217 322
1 2 2
371 447
1 6 2
315 346
1 14 2
380 438
1 14 2
109 279
1 7 2
187 360
1 6 2
38 257
1 13 2
44 446
1 5 2
251 498
1 9 2
23 26
1 8 2
252 473
1 2 2
94 182
1 10 2
212 376
1 11 2
240 315
1 9 2
70 273
1 15 2
157 269
1 2 2
25 410
1 15 2
48 165
1 10 2
78 177
1 5 2
74 285
1 3 2
40 114
1 2 2
73 142
1 13 2
206 422
1 13 2
26 335
1 10 2
125 347
1 9 2
306 322
1 8 2
370 391
1 8 2
64 379
1 7 2
10 41
1 11 2
307 445
1 5 2
121 406
1 14 2
216 423
1 15 2
90 270
1 11 2
16 124
1 11 2
427 486
1 13 2
309 448
1 12 2
66 352
1 14 2
15 167
1 11 2
381 431
1 2 2
391 465
1 5 2
261 321
1 12 2
134 222
1 13 2
161 498
1 12 2
257 338
1 15 2
287 325
1 8 2
74 352
1 10 2
56 218
1 11 2
312 401
1 14 2
66 498
1 5 2
150 350
1 14 2
79 294
1 11 2
57 260
1 13 2
276 396
1 3 2
262 316
1 7 2
17 280
1 15 2
29 319
1 7 2
226 297
1 14 2
48 118
1 14 2
397 499
1 9 2
36 70
1 9 2
58 335
1 13 2
42 104
1 12 2
36 234
1 7 2
10 441
1 9 2
224 446
1 14 2
330 335
1 14 2
62 470
1 6 2
101 224
1 15 2
292 441
1 15 2
208 484
1 7 2
264 394
1 11 2
50 456
1 8 2
113 321
1 9 2
216 389
1 12 2
388 476
1 5 2
68 369
1 10 2
255 424
1 5 2
192 281
1 4 2
150 259
1 12 2
402 440
1 6 2
103 296
1 8 2
157 388
1 7 2
96 201
1 9 2
321 373
1 9 2
276 494
1 8 2
403 494
1 10 2
128 393
1 5 2
137 202
1 8 2
447 488
1 11 2
145 301
1 15 2
175 282
1 15 2
363 483
1 12 2
41 203
1 14 2
94 130
1 15 2
107 150
1 14 2
7 266
1 2 2
292 336
1 9 2
313 409
1 5 2
152 158
1 15 2
31 398
1 2 2
102 273
1 14 2
8 228
1 12 2
314 364
1 14 2
2 207
1 10 2
316 442
1 13 2
111 435
1 15 2
326 421
1 14 2
46 95
1 12 2
151 259
1 6 2
183 351
1 13 2
178 468
1 2 2
23 449
1 3 2
145 478
1 10 2
224 337
1 7 2
121 359
1 8 2
247 259
1 12 2
8 163
1 8 2
147 298
1 9 2
46 348
1 7 2
50 122
1 4 2
38 145
1 2 2
289 381
1 9 2
70 290
1 10 2
127 187
1 6 2
412 465
1 8 2
214 312
1 3 2
85 257
1 5 2
187 232
1 12 2
241 338
1 4 2
247 273
1 2 2
9 438
1 4 2
89 167
1 13 2
116 416
1 5 2
0 416
1 3 2
327 463
1 13 2
95 291
1 5 2
64 483
1 12 2
59 256
1 6 2
386 471
1 10 2
312 357
1 2 2
273 378
1 7 2
146 351
1 11 2
276 352
1 4 2
290 360
1 11 2
391 459
1 14 2
227 447
1 15 2
155 391
1 9 2
185 345
1 7 2
40 171
1 8 2
10 45
1 10 2
149 231
1 10 2
362 401
1 9 2
318 375
1 6 2
174 192
1 13 2
233 339
1 11 2
185 218
1 2 2
366 393
1 12 2
183 251
1 10 2
210 305
1 3 2
75 79
1 5 2
19 436
1 12 2
379 423
1 13 2
272 415
1 4 2
96 474
1 13 2
289 357
1 5 2
242 381
1 13 2
84 151
1 13 2
240 488
1 9 2
130 300
1 2 2
345 446
1 6 2
168 242
1 2 2
29 447
1 10 2
200 280
1 6 2
387 465
1 3 2
33 266
1 2 2
58 476
1 7 2
304 340
1 8 2
423 425
1 2 2
182 425
1 10 2
90 345
1 2 2
158 250
1 9 2
84 381
1 2 2
35 46
1 12 2
285 371
1 2 2
252 336
1 8 2
177 407
1 3 2
227 268
1 5 2
251 336
1 11 2
202 484
1 9 2
250 347
1 10 2
365 407
1 3 2
16 105
1 13 2
13 406
1 6 2
227 411
1 13 2
7 371
1 3 2
44 424
1 5 2
23 79
1 14 2
315 320
1 3 2
29 66
1 12 2
110 397
1 7 2
1 202
1 6 2
28 477
1 11 2
266 471
1 12 2
53 94
1 3 2
247 306
1 2 2
207 404
1 7 2
250 392
1 13 2
258 380
1 14 2
131 210
1 11 2
98 453
1 2 2
218 278
1 6 2
317 467
1 3 2
216 330
1 5 2
222 397
1 15 2
226 496
1 4 2
9 235
1 9 2
128 165
1 5 2
73 236
1 13 2
346 378
1 13 2
80 280
1 7 2
269 467
1 2 2
162 310
1 5 2
22 48
1 2 2
6 236
1 14 2
160 398
1 9 2
48 112
1 4 2
233 371
1 11 2
46 442
1 5 2
79 441
1 3 2
68 88
1 15 2
5 358
1 4 2
68 246
1 5 2
28 121
1 6 2
164 438
1 2 2
398 465
1 10 2
141 427
1 3 2
131 478
1 6 2
268 457
1 11 2
177 301
1 11 2
272 465
1 4 2
133 210
1 11 2
449 478
1 14 2
123 309
1 15 2
328 376
1 2 2
59 274
1 5 2
149 437
1 12 2
349 487
1 14 2
172 420
1 15 2
268 340
1 3 2
44 140
1 2 2
189 258
1 2 2
122 279
1 15 2
134 152
1 12 2
136 206
1 6 2
69 151
1 4 2
265 326
1 11 2
10 31
1 5 2
274 426
1 13 2
242 249
1 15 2
31 239
1 9 2
455 491
1 11 2
275 315
1 3 2
167 453
1 5 2
404 407
1 4 2
386 469
1 6 2
106 459
1 15 2
11 388
1 12 2
138 482
1 12 2
327 476
1 6 2
169 202
1 12 2
304 320
1 10 2
214 372
1 12 2
71 458
1 10 2
6 466
1 2 2
279 388
1 4 2
203 280
1 7 2
352 370
1 14 2
84 262
1 9 2
16 87
1 7 2
322 498
1 13 2
91 459
1 9 2
256 386
1 12 2
113 146
1 7 2
432 477
1 15 2
126 297
1 6 2
207 299
1 7 2
393 444
1 6 2
237 304
1 9 2
364 470
1 9 2
191 421
1 7 2
131 260
1 12 2
168 243
1 15 2
2 43
1 5 2
194 223
1 13 2
29 300
1 9 2
130 475
1 2 2
61 307
1 6 2
127 494
1 7 2
133 348
1 9 2
153 286
1 11 2
137 343
1 7 2
54 293
1 13 2
194 493
1 15 2
19 140
1 13 2
338 367
1 6 2
128 213
1 13 2
18 283
1 10 2
80 356
1 11 2
63 485
1 8 2
57 378
1 5 2
128 425
1 15 2
119 397
1 10 2
236 459
1 8 2
178 492
1 9 2
156 407
1 8 2
328 388
1 5 2
32 448
1 10 2
247 331
1 11 2
210 322
1 14 2
321 467
1 12 2
152 195
1 4 2
390 401
1 6 2
154 255
1 12 2
363 409
1 9 2
209 340
1 6 2
68 163
1 3 2
54 436
1 14 2
323 324
1 15 2
166 183
1 7 2
303 342
1 15 2
114 235
1 2 2
96 399
1 14 2
207 211
1 3 2
320 332
1 14 2
97 300
1 11 2
141 269
1 2 2
19 41
1 11 2
249 373
1 11 2
300 410
1 2 2
61 492
1 4 2
39 453
1 10 2
150 176
1 10 2
86 306
1 8 2
378 452
1 9 2
74 312
1 7 2
309 463
1 6 2
119 285
1 12 2
416 478
1 3 2
303 416
1 2 2
30 218
1 14 2
7 365
1 3 2
86 266
1 15 2
51 407
1 6 2
80 496
1 11 2
218 362
1 14 2
218 444
1 5 2
137 348
1 5 2
255 329
1 4 2
93 209
1 8 2
191 318
1 9 2
447 465
1 8 2
237 306
1 5 2
278 387
1 2 2
365 384
1 13 2
439 465
1 2 2
47 427
1 8 2
166 249
1 2 2
282 331
1 2 2
195 316
1 2 2
250 401
1 14 2
16 400
1 11 2
42 51
1 8 2
336 436
1 4 2
350 390
1 14 2
33 310
1 13 2
166 462
1 12 2
130 463
1 15 2
171 341
1 2 2
191 345
1 3 2
132 338
1 13 2
298 402
1 15 2
35 114
1 3 2
322 434
1 3 2
261 400
1 10 2
270 425
1 6 2
58 383
1 14 2
158 234
1 8 2
31 265
1 11 2
208 283
1 5 2
209 490
1 5 2
286 411
1 4 2
24 41
1 14 2
11 367
1 10 2
147 389
1 5 2
308 401
1 11 2
263 313
1 12 2
284 294
1 12 2
217 309
1 12 2
175 320
1 9 2
166 196
1 7 2
399 490
1 4 2
270 475
1 8 2
422 438
1 3 2
0 452
1 4 2
91 463
1 7 2
135 199
1 7 2
120 446
1 11 2
76 475
1 2 2
17 131
1 11 2
282 330
1 9 2
294 407
1 14 2
36 49
1 5 2
313 405
1 11 2
267 395
1 12 2
210 282
1 8 2
451 496
1 9 2
103 326
1 11 2
99 178
1 2 2
127 217
1 15 2
242 446
1 12 2
298 314
1 8 2
49 442
1 2 2
329 459
1 6 2
200 333
1 12 2
33 220
1 4 2
118 340
1 7 2
380 462
1 15 2
100 103
1 9 2
351 383
1 13 2
260 304
1 13 2
301 434
1 9 2
132 165
1 3 2
59 375
1 9 2
106 149
1 11 2
19 421
1 14 2
143 288
1 11 2
301 465
1 6 2
155 352
1 14 2
87 307
1 14 2
63 175
1 8 2
48 272
1 12 2
91 205
1 13 2
35 349
1 7 2
17 292
1 6 2
36 79
1 6 2
70 486
1 13 2
352 463
1 8 2
26 259
1 4 2
146 326
1 12 2
139 436
1 8 2
3 75
1 3 2
119 451
1 13 2
230 303
1 11 2
337 383
1 7 2
38 274
1 4 2
136 297
1 13 2
137 286
1 12 2
145 442
1 3 2
224 362
1 14 2
326 358
1 2 2
245 426
1 3 2
121 166
1 15 2
24 345
1 3 2
328 393
1 15 2
95 206
1 13 2
370 377
1 10 2
212 332
1 10 2
159 291
1 5 2
165 418
1 4 2
126 265
1 12 2
253 351
1 5 2
185 417
1 7 2
88 202
1 15 2
127 215
1 9 2
7 263
1 5 2
24 109
1 12 2
33 55
1 12 2
44 192
1 12 2
134 395
1 9 2
173 343
1 6 2
75 460
1 15 2
86 380
1 8 2
166 330
1 12 2
89 191
1 4 2
76 465
1 7 2
154 282
1 4 2
375 448
1 7 2
292 425
1 6 2
66 433
1 3 2
47 239
1 13 2
237 439
1 5 2
373 458
1 5 2
150 166
1 5 2
50 256
1 10 2
174 467
1 4 2
368 402
1 10 2
379 467
1 3 2
216 258
1 4 2
199 255
1 7 2
168 385
1 7 2
59 196
1 7 2
71 452
1 7 2
146 332
1 10 2
51 477
1 3 2
117 338
1 5 2
55 416
1 13 2
25 42
1 2 2
296 367
1 10 2
250 471
1 14 2
95 130
1 13 2
85 442
1 10 2
299 445
1 11 2
399 488
1 8 2
371 416
1 3 2
167 219
1 8 2
82 106
1 11 2
409 491
1 4 2
85 198
1 15 2
339 404
1 9 2
85 190
1 14 2
9 342
1 8 2
255 463
1 8 2
333 437
1 3 2
223 381
1 8 2
148 304
1 15 2
97 321
1 10 2
150 425
1 5 2
241 372
1 9 2
197 383
1 11 2
341 464
1 9 2
89 283
1 2 2
43 354
1 11 2
26 66
1 6 2
173 273
1 13 2
129 337
1 7 2
134 430
1 15 2
1 234
1 9 2
15 317
1 10 2
50 255
1 8 2
264 444
1 13 2
21 29
1 12 2
106 489
1 6 2
70 277
1 11 2
243 388
1 13 2
50 346
1 5 2
51 118
1 4 2
38 223
1 12 2
83 447
1 13 2
281 459
1 6 2
55 328
1 2 2
68 480
1 4 2
184 320
1 5 2
44 450
1 14 2
171 217
1 2 2
206 279
1 7 2
361 441
1 11 2
194 483
1 15 2
37 426
1 12 2
280 382
1 15 2
44 355
1 9 2
158 306
1 14 2
261 473
1 5 2
146 373
1 13 2
88 155
1 12 2
153 361
1 2 2
121 204
1 6 2
275 391
1 12 2
390 483
1 2 2
5 111
1 13 2
28 372
1 9 2
15 201
1 8 2
78 477
1 2 2
82 121
1 12 2
102 379
1 5 2
18 453
1 15 2
1 320
1 6 2
368 386
1 8 2
369 484
1 15 2
113 400
1 8 2
23 463
1 12 2
306 493
1 13 2
31 472
1 9 2
94 416
1 12 2
61 72
1 10 2
109 331
1 9 2
185 458
1 14 2
78 406
1 2 2
406 421
1 11 2
1 272
1 3 2
191 458
1 6 2
349 426
1 8 2
402 451
1 14 2
295 457
1 11 2
74 337
1 9 2
62 330
1 15 2
115 145
1 13 2
149 156
1 12 2
92 455
1 12 2
123 176
1 4 2
122 395
1 6 2
4 192
1 5 2
88 349
1 10 2
63 309
1 15 2
163 495
1 2 2
153 343
1 9 2
453 466
1 9 2
126 368
1 9 2
96 477
1 13 2
189 422
1 7 2
2 263
1 9 2
244 265
1 10 2
304 319
1 6 2
84 358
1 10 2
203 367
1 10 2
124 197
1 8 2
322 388
1 11 2
183 470
1 3 2
318 437
1 6 2
111 268
1 6 2
23 39
1 14 2
127 440
1 4 2
426 466
1 5 2
247 443
1 11 2
17 474
1 14 2
36 140
1 15 2
13 53
1 5 2
135 491
1 4 2
186 410
1 8 2
7 323
1 10 2
77 481
1 10 2
143 396
1 10 2
49 164
1 4 2
111 189
1 11 2
107 461
1 3 2
38 245
1 10 2
5 251
1 6 2
60 248
1 13 2
241 244
1 9 2
147 315
1 8 2
110 454
1 9 2
55 260
1 4 2
35 98
1 9 2
225 261
1 7 2
72 126
1 9 2
40 225
1 10 2
75 485
1 6 2
68 357
1 13 2
22 318
1 14 2
48 117
1 10 2
466 488
1 2 2
195 198
1 8 2
39 351
1 5 2
148 197
1 13 2
233 485
1 6 2
43 270
1 4 2
116 484
1 12 2
33 173
1 2 2
50 271
1 9 2
254 305
1 6 2
69 494
1 13 2
240 384
1 13 2
394 461
1 9 2
74 93
1 10 2
117 487
1 8 2
34 421
1 3 2
292 299
1 9 2
32 299
1 10 2
102 271
1 14 2
90 136
1 10 2
162 300
1 9 2
151 226
1 4 2
1 433
1 12 2
172 286
1 12 2
12 159
1 2 2
176 453
1 3 2
169 234
1 12 2
21 278
1 14 2
28 221
1 14 2
208 234
1 7 2
238 426
1 3 2
163 232
1 11 2
269 430
1 11 2
264 319
1 5 2
62 131
1 8 2
134 193
1 15 2
103 215
1 13 2
87 287
1 15 2
57 460
1 3 2
282 456
1 5 2
57 393
1 11 2
45 97
1 8 2
120 342
1 12 2
323 482
1 8 2
374 414
1 7 2
42 70
1 4 2
71 228
1 3 2
302 416
1 12 2
20 465
1 10 2
17 208
1 10 2
327 329
1 4 2
468 498
1 8 2
182 357
1 10 2
168 429
1 10 2
42 242
1 10 2
251 356
1 15 2
165 347
1 14 2
124 371
1 15 2
450 481
1 4 2
6 119
1 13 2
132 370
1 12 2
288 440
1 13 2
40 172
1 11 2
29 34
1 13 2
307 325
1 2 2
169 240
1 10 2
140 213
1 9 2
249 350
1 14 2
39 218
1 8 2
165 363
1 14 2
159 347
1 3 2
38 403
1 7 2
9 40
1 4 2
76 488
1 14 2
115 208
1 3 2
344 469
1 4 2
215 452
1 13 2
98 352
1 4 2
84 202
1 4 2
303 432
1 3 2
308 399
1 15 2
266 336
1 13 2
225 365
1 10 2
103 470
1 13 2
296 362
1 7 2
343 481
1 13 2
267 494
1 10 2
278 289
1 3 2
152 336
1 8 2
134 295
1 8 2
19 255
1 12 2
167 409
1 7 2
297 353
1 15 2
189 402
1 14 2
155 377
1 3 2
35 153
1 8 2
187 196
1 10 2
69 367
1 4 2
12 426
1 4 2
120 278
1 10 2
211 214
1 3 2
234 411
1 10 2
86 316
1 12 2
26 396
1 10 2
25 459
1 11 2
336 387
1 3 2
115 399
1 3 2
251 449
1 2 2
332 439
1 4 2
207 333
1 11 2
147 425
1 7 2
230 494
1 6 2
416 442
1 9 2
368 434
1 9 2
248 399
1 12 2
22 137
1 13 2
53 476
1 10 2
343 344
1 7 2
133 352
1 2 2
399 433
1 8 2
47 386
1 12 2
158 315
1 6 2
122 472
1 13 2
123 388
1 2 2
94 189
1 2 2
45 337
1 6 2
229 309
1 8 2
283 495
1 15 2
141 225
1 6 2
131 149
1 13 2
78 131
1 7 2
146 394
1 9 2
387 478
1 8 2
319 375
1 7 2
111 176
1 14 2
199 347
1 4 2
49 81
1 6 2
37 374
1 15 2
412 459
1 7 2
89 101
1 9 2
216 400
1 7 2
397 413
1 5 2
61 240
1 11 2
13 160
1 6 2
24 390
1 7 2
39 91
1 5 2
28 127
1 9 2
119 375
1 11 2
364 391
1 6 2
158 456
1 7 2
121 258
1 4 2
15 288
1 6 2
11 453
1 3 2
284 431
1 14 2
90 316
1 6 2
301 474
1 3 2
451 495
1 11 2
39 411
1 5 2
132 377
1 2 2
169 456
1 13 2
104 264
1 4 2
198 429
1 9 2
39 325
1 9 2
171 413
1 3 2
6 12
1 9 2
67 117
1 2 2
89 133
1 11 2
259 303
1 15 2
130 334
1 3 2
128 476
1 9 2
55 93
1 15 2
160 450
1 3 2
226 282
1 7 2
131 418
1 4 2
69 486
1 10 2
370 459
1 4 2
182 453
1 5 2
360 380
1 5 2
222 450
1 5 2
93 149
1 10 2
174 463
1 12 2
98 383
1 5 2
31 204
1 12 2
16 37
1 15 2
191 227
1 11 2
316 475
1 7 2
343 439
1 7 2
84 496
1 13 2
41 209
1 14 2
99 247
1 17 2
343 465
1 21 2
28 65
1 23 2
3 157
1 7 2
252 363
1 16 2
127 478
1 6 2
11 319
1 19 2
399 427
1 12 2
136 226
1 17 2
50 499
1 23 2
283 385
1 20 2
85 482
1 23 2
100 151
1 22 2
38 328
1 15 2
96 484
1 17 2
206 499
1 30 2
312 330
1 17 2
113 268
1 20 2
216 368
1 16 2
39 362
1 17 2
163 203
1 11 2
175 430
1 19 2
332 437
1 17 2
367 440
1 13 2
217 234
1 16 2
71 377
1 15 2
116 462
1 22 2
28 115
1 15 2
105 407
1 20 2
298 476
1 16 2
48 341
1 25 2
80 283
1 17 2
78 223
1 13 2
27 191
1 14 2
89 493
1 18 2
184 279
1 15 2
371 492
