500 2973 1500
11 20 6 18 14 25 24 6 17 9 10 19 13 17 9 15 7 14 12 10 14 17 7 18 23 10 5 6 14 8 12 12 24 25 15 7 6 25 17 20 16 24 20 18 12 9 5 5 7 15 11 10 16 17 11 7 7 16 24 20 20 15 20 23 15 14 5 23 15 23 19 23 11 15 13 12 24 6 13 20 14 23 6 18 18 10 7 8 23 8 13 17 16 19 22 17 25 22 8 5 21 17 17 24 6 23 22 7 20 6 6 9 10 12 23 8 16 13 23 20 20 13 15 17 9 8 23 5 18 8 10 23 13 23 15 21 14 25 16 10 25 10 20 18 13 5 12 20 24 15 13 25 23 15 6 23 20 22 6 20 22 14 14 15 19 14 5 9 17 9 6 15 22 12 22 6 8 6 12 19 11 9 25 6 25 8 7 5 16 24 11 16 6 25 12 9 19 21 20 13 6 20 11 8 12 21 9 10 10 9 24 18 14 11 17 7 21 23 19 22 17 11 25 18 13 13 8 5 9 16 5 14 8 19 20 10 23 9 17 11 10 10 25 6 22 15 14 23 20 11 6 5 21 19 10 16 20 6 22 23 19 10 6 22 19 15 8 8 22 17 10 16 20 13 12 12 23 14 9 6 8 19 19 6 21 22 22 23 5 22 19 20 24 5 18 14 8 7 25 18 18 24 18 18 7 7 20 19 8 10 11 15 14 20 24 12 23 10 11 12 22 7 14 23 19 15 18 21 13 6 11 20 9 18 20 9 14 11 6 20 16 18 18 20 18 19 15 16 20 13 6 21 17 22 21 19 18 21 15 21 24 17 16 19 6 25 14 15 15 25 21 8 20 15 7 20 17 18 8 24 13 23 5 7 13 13 18 7 22 18 25 16 6 9 10 22 15 21 6 23 14 5 11 25 17 13 15 5 13 11 19 14 19 6 10 11 15 8 7 25 22 21 24 24 15 16 7 7 23 17 24 13 5 20 19 23 11 19 18 13 11 23 20 16 15 20 23 17 9 14 18 10 21 22 15 16 8 6 20 25 25 19 8 17 14 7 14 16 21 6 15 20 25 6 18 12 12 22 12 16 23 13 20 11 14 25 14 15 7 8 23 23 18 8 10 19 18 13 7 17
3 3 20 3 3 18 9 12 10 10 19 4 12 8 17 13 9 4 15 16 20 3 12 12 9 17 8 9 18 6 11 16 17 7 5 9 18 14 7 19 13 12 4 7 8 20 16 19 7 12 16 19 6 17 7 5 8 20 5 14 14 20 13 4 4 19 12 16 16 6 20 7 9 17 15 5 13 16 8 11 20 5 6 13 12 9 11 18 18 3 13 12 20 7 3 20 14 13 5 13 12 10 13 18 10 8 17 5 12 8 14 15 14 12 13 15 4 18 11 16 7 5 7 8 6 7 5 14 7 20 15 11 9 15 16 16 20 11 17 4 19 16 19 17 4 16 12 6 6 11 8 14 12 15 12 17 20 16 18 7 7 6 4 20 8 10 17 20 6 20 8 19 16 5 13 19 5 12 13 3 18 16 12 5 13 4 3 13 3 4 10 20 10 12 11 12 8 4 14 10 14 8 5 15 3 20 16 15 8 16 19 19 5 19 14 10 8 9 19 19 15 16 17 8 16 9 5 5 7 15 13 3 10 4 15 16 15 14 6 5 7 11 13 15 12 8 5 6 9 17 7 18 4 18 10 11 4 3 6 20 9 17 15 19 12 10 5 12 11 3 20 8 6 19 8 19 10 4 9 20 13 14 4 20 8 3 8 12 15 18 4 17 16 16 11 12 17 6 9 18 18 10 20 12 3 18 15 13 9 13 12 5 7 11 8 20 4 4 17 16 12 9 7 16 20 6 16 16 8 19 7 5 17 10 4 20 3 14 5 20 15 3 14 12 5 11 8 18 9 16 9 19 7 10 16 11 6 19 15 6 19 7 9 11 20 6 11 11 19 16 6 20 13 6 5 7 4 3 18 17 8 14 11 8 19 19 11 4 3 17 7 8 13 7 17 5 17 12 19 8 14 16 4 6 9 4 5 14 14 13 12 3 8 9 11 13 15 5 10 4 17 4 19 8 13 8 19 7 13 5 8 11 6 13 5 11 8 9 11 18 16 5 11 9 10 5 8 15 13 5 12 8 3 18 8 11 5 13 19 8 4 12 10 11 20 17 7 13 16 6 15 16 15 20 7 5 12 9 16 12 12 7 20 3 11 19 4 4 3 6 10 15 20 9 10 3 5 12 10 14
1 2 2
290 439
1 9 2
272 366
1 14 2
177 391
1 13 2
98 312
1 6 2
75 474
1 9 2
236 342
1 11 2
102 386
1 7 2
70 343
1 11 2
177 181
1 13 2
155 450
1 15 2
260 458
1 4 2
64 341
1 5 2
199 409
1 9 2
36 359
1 8 2
2 152
1 4 2
213 352
1 5 2
162 367
1 4 2
37 196
1 11 2
246 445
1 11 2
324 366
1 13 2
211 327
1 10 2
19 312
1 11 2
103 399
1 9 2
249 306
1 8 2
183 272
1 3 2
26 89
1 14 2
144 347
1 6 2
67 290
1 7 2
33 387
1 10 2
343 364
1 4 2
275 332
1 2 2
194 367
1 15 2
377 439
1 2 2
33 34
1 3 2
4 212
1 4 2
140 455
1 11 2
226 466
1 10 2
407 453
1 13 2
64 400
1 10 2
0 317
1 13 2
24 355
1 14 2
118 194
1 3 2
203 307
1 15 2
166 415
1 14 2
329 388
1 9 2
79 176
1 7 2
199 289
1 11 2
336 376
1 4 2
131 350
1 9 2
163 211
1 2 2
73 412
1 3 2
25 31
1 14 2
134 159
1 10 2
163 356
1 4 2
21 24
1 5 2
423 446
1 8 2
127 489
1 12 2
395 484
1 4 2
204 492
1 9 2
198 480
1 15 2
400 481
1 10 2
262 286
1 5 2
48 368
1 11 2
22 255
1 9 2
183 402
1 12 2
270 416
1 10 2
196 388
1 13 2
2 106
1 12 2
394 452
1 8 2
433 468
1 5 2
84 250
1 8 2
405 461
1 10 2
230 415
1 8 2
12 33
1 7 2
297 303
1 9 2
234 389
1 9 2
231 427
1 3 2
87 160
1 11 2
111 305
1 3 2
31 35
1 2 2
114 354
1 4 2
123 197
1 12 2
194 381
1 5 2
179 428
1 4 2
46 59
1 11 2
17 383
1 12 2
170 406
1 11 2
48 249
1 2 2
48 169
1 2 2
353 418
1 6 2
10 282
1 10 2
158 453
1 14 2
107 409
1 8 2
70 453
1 10 2
154 461
1 11 2
73 144
1 13 2
146 338
1 13 2
10 92
1 2 2
55 283
1 3 2
241 354
1 2 2
276 399
1 11 2
325 450
1 13 2
1 168
1 10 2
197 316
1 13 2
168 412
1 6 2
218 339
1 8 2
71 241
1 12 2
194 402
1 7 2
34 181
1 13 2
359 457
1 5 2
133 414
1 14 2
398 429
1 11 2
74 308
1 6 2
97 114
1 7 2
197 262
1 9 2
401 474
1 4 2
317 487
1 14 2
11 76
1 4 2
221 337
1 10 2
116 474
1 4 2
374 398
1 12 2
338 362
1 9 2
97 112
1 12 2
336 410
1 12 2
224 495
1 2 2
108 454
1 14 2
276 447
1 5 2
201 440
1 12 2
117 234
1 3 2
5 125
1 7 2
74 394
1 6 2
170 254
1 6 2
172 431
1 9 2
167 268
1 13 2
87 462
1 10 2
153 495
1 4 2
1 433
1 5 2
282 491
1 7 2
48 104
1 8 2
32 192
1 10 2
237 323
1 14 2
143 291
1 3 2
144 276
1 15 2
113 335
1 15 2
44 285
1 12 2
214 354
1 5 2
47 290
1 13 2
42 276
1 12 2
439 475
1 6 2
173 438
1 10 2
357 419
1 15 2
358 434
1 10 2
60 185
1 13 2
117 120
1 4 2
170 333
1 12 2
61 474
1 9 2
50 97
1 5 2
369 430
1 4 2
104 488
1 9 2
106 360
1 6 2
115 244
1 9 2
189 410
1 11 2
373 383
1 2 2
372 422
1 14 2
213 466
1 2 2
44 171
1 4 2
321 405
1 11 2
32 229
1 6 2
8 105
1 5 2
92 145
1 6 2
127 335
1 14 2
305 485
1 3 2
335 367
1 10 2
24 263
1 2 2
150 437
1 9 2
110 412
1 7 2
204 457
1 7 2
147 247
1 5 2
222 293
1 8 2
279 393
1 10 2
82 255
1 10 2
143 253
1 9 2
28 279
1 4 2
127 249
1 14 2
53 477
1 7 2
93 131
1 8 2
5 87
1 14 2
195 250
1 2 2
151 342
1 12 2
26 392
1 13 2
131 316
1 9 2
23 237
1 7 2
16 448
1 3 2
279 441
1 8 2
352 458
1 14 2
203 324
1 10 2
272 494
1 9 2
83 484
1 2 2
194 409
1 14 2
235 461
1 8 2
29 240
1 10 2
19 246
1 3 2
149 368
1 13 2
140 317
1 10 2
302 480
1 11 2
270 450
1 15 2
119 376
1 14 2
152 184
1 15 2
135 229
1 12 2
211 215
1 13 2
11 322
1 9 2
205 212
1 4 2
32 274
1 4 2
79 473
1 6 2
107 462
1 15 2
471 496
1 15 2
88 301
1 6 2
34 495
1 15 2
5 57
1 11 2
479 484
1 11 2
216 324
1 12 2
12 267
1 15 2
187 436
1 6 2
68 280
1 9 2
16 31
1 14 2
176 339
1 10 2
12 463
1 14 2
124 320
1 13 2
180 205
1 15 2
238 297
1 12 2
41 112
1 12 2
223 305
1 11 2
109 488
1 15 2
193 410
1 14 2
257 495
1 9 2
212 471
1 13 2
129 483
1 14 2
18 139
1 15 2
177 262
1 5 2
60 96
1 9 2
355 465
1 8 2
225 459
1 7 2
39 456
1 11 2
14 95
1 2 2
24 388
1 4 2
97 304
1 9 2
56 150
1 4 2
149 210
1 11 2
86 315
1 9 2
113 449
1 15 2
257 371
1 11 2
154 344
1 3 2
178 490
1 13 2
276 437
1 12 2
280 397
1 14 2
117 371
1 11 2
397 452
1 9 2
113 290
1 2 2
183 249
1 13 2
218 357
1 7 2
68 444
1 10 2
8 254
1 12 2
21 110
1 14 2
148 286
1 10 2
172 394
1 6 2
107 384
1 8 2
24 93
1 6 2
226 343
1 9 2
438 480
1 3 2
98 103
1 9 2
178 378
1 11 2
170 395
1 13 2
338 355
1 15 2
164 329
1 8 2
91 336
1 3 2
37 147
1 9 2
5 385
1 9 2
153 479
1 5 2
406 424
1 12 2
153 290
1 8 2
169 279
1 9 2
96 177
1 4 2
79 103
1 10 2
98 333
1 6 2
89 415
1 10 2
37 416
1 14 2
72 176
1 9 2
463 470
1 11 2
106 292
1 3 2
198 320
1 11 2
332 339
1 11 2
302 446
1 4 2
253 464
1 9 2
170 376
1 13 2
16 485
1 3 2
75 231
1 15 2
38 137
1 10 2
35 458
1 14 2
27 120
1 14 2
307 399
1 12 2
63 348
1 11 2
23 101
1 2 2
150 443
1 15 2
184 316
1 15 2
231 360
1 6 2
217 321
1 11 2
189 203
1 6 2
235 413
1 5 2
23 377
1 8 2
174 188
1 10 2
146 470
1 5 2
359 492
1 14 2
74 244
1 3 2
254 369
1 5 2
21 150
1 6 2
65 201
1 4 2
111 275
1 8 2
254 367
1 13 2
3 418
1 8 2
252 481
1 13 2
202 304
1 12 2
170 450
1 5 2
222 224
1 13 2
329 373
1 13 2
71 404
1 9 2
30 470
1 3 2
364 459
1 10 2
297 301
1 10 2
84 146
1 7 2
58 185
1 12 2
5 233
1 2 2
26 386
1 6 2
415 470
1 6 2
23 418
1 8 2
21 446
1 13 2
97 364
1 11 2
24 115
1 7 2
175 330
1 15 2
162 292
1 12 2
57 303
1 4 2
117 251
1 3 2
389 396
1 15 2
12 38
1 11 2
236 439
1 14 2
12 119
1 8 2
133 390
1 12 2
37 100
1 3 2
277 332
1 7 2
278 449
1 15 2
312 375
1 8 2
104 399
1 7 2
258 381
1 13 2
42 114
1 15 2
285 353
1 11 2
217 335
1 14 2
244 332
1 14 2
19 322
1 6 2
185 453
1 11 2
88 262
1 2 2
252 271
1 7 2
446 475
1 15 2
399 401
1 6 2
159 286
1 5 2
212 476
1 6 2
299 340
1 3 2
393 437
1 7 2
196 413
1 13 2
151 278
1 13 2
29 182
1 12 2
61 171
1 15 2
220 286
1 13 2
283 417
1 13 2
268 488
1 14 2
265 376
1 14 2
304 384
1 13 2
205 219
1 15 2
82 469
1 15 2
210 313
1 8 2
89 386
1 4 2
225 440
1 2 2
106 456
1 9 2
42 328
1 7 2
71 341
1 9 2
99 311
1 13 2
173 213
1 3 2
120 291
1 15 2
251 336
1 5 2
163 367
1 14 2
5 410
1 2 2
209 495
1 9 2
317 427
1 13 2
106 218
1 15 2
352 407
1 12 2
142 205
1 2 2
79 106
1 15 2
99 204
1 13 2
168 363
1 14 2
114 468
1 15 2
160 307
1 3 2
281 314
1 5 2
240 470
1 10 2
379 491
1 9 2
314 467
1 9 2
256 275
1 11 2
270 475
1 5 2
86 397
1 11 2
144 281
1 7 2
257 466
1 7 2
45 483
1 9 2
59 388
1 2 2
102 343
1 2 2
226 253
1 15 2
181 447
1 7 2
288 482
1 14 2
335 392
1 15 2
126 421
1 4 2
439 474
1 6 2
103 172
1 10 2
272 330
1 12 2
51 384
1 8 2
136 390
1 14 2
411 453
1 3 2
64 164
1 11 2
122 231
1 9 2
221 287
1 13 2
240 383
1 5 2
166 321
1 7 2
272 424
1 9 2
81 464
1 12 2
160 454
1 13 2
381 464
1 7 2
207 328
1 10 2
149 366
1 8 2
54 72
1 10 2
21 299
1 2 2
299 486
1 11 2
169 257
1 5 2
70 383
1 5 2
167 183
1 15 2
56 81
1 7 2
236 494
1 11 2
157 361
1 2 2
32 176
1 13 2
1 131
1 11 2
107 401
1 7 2
80 480
1 13 2
153 222
1 6 2
241 252
1 3 2
228 273
1 10 2
11 488
1 10 2
187 441
1 9 2
78 421
1 13 2
353 490
1 4 2
217 360
1 10 2
82 311
1 6 2
107 415
1 11 2
333 489
1 8 2
16 352
1 5 2
414 441
1 3 2
87 256
1 10 2
117 329
1 3 2
123 270
1 2 2
16 235
1 4 2
281 328
1 11 2
446 491
1 6 2
30 321
1 9 2
306 411
1 4 2
133 169
1 6 2
322 410
1 12 2
188 493
1 13 2
270 422
1 15 2
122 183
1 5 2
136 332
1 2 2
150 476
1 10 2
254 414
1 15 2
31 403
1 12 2
42 306
1 15 2
210 420
1 2 2
174 301
1 10 2
174 427
1 5 2
87 402
1 15 2
32 415
1 5 2
9 154
1 6 2
35 467
1 8 2
230 333
1 7 2
6 94
1 12 2
87 355
1 8 2
444 479
1 5 2
190 406
1 5 2
373 423
1 5 2
165 393
1 8 2
270 468
1 3 2
148 285
1 3 2
62 328
1 6 2
196 396
1 6 2
55 409
1 6 2
4 314
1 3 2
71 466
1 2 2
38 181
1 4 2
23 234
1 8 2
335 356
1 9 2
244 466
1 11 2
126 220
1 2 2
29 484
1 8 2
189 434
1 13 2
147 365
1 13 2
316 480
1 3 2
5 61
1 13 2
39 402
1 9 2
209 436
1 11 2
254 267
1 2 2
340 441
1 8 2
301 477
1 12 2
420 456
1 7 2
7 144
1 11 2
162 459
1 10 2
320 375
1 12 2
27 32
1 7 2
4 402
1 4 2
390 414
1 5 2
70 265
1 6 2
79 189
1 13 2
56 434
1 11 2
135 411
1 4 2
336 402
1 11 2
156 266
1 2 2
62 174
1 3 2
334 468
1 8 2
180 270
1 14 2
12 83
1 10 2
81 144
1 10 2
31 152
1 3 2
25 66
1 14 2
117 343
1 11 2
108 118
1 7 2
121 272
1 6 2
3 376
1 12 2
181 245
1 10 2
328 408
1 4 2
280 428
1 11 2
178 328
1 11 2
55 352
1 4 2
196 423
1 15 2
321 432
1 5 2
39 117
1 3 2
105 464
1 10 2
50 286
1 11 2
170 298
1 5 2
278 432
1 11 2
121 168
1 8 2
128 237
1 10 2
107 178
1 12 2
348 368
1 15 2
196 478
1 4 2
279 436
1 11 2
185 357
1 13 2
377 386
1 11 2
88 114
1 3 2
452 493
1 3 2
105 110
1 3 2
99 284
1 2 2
160 221
1 14 2
418 465
1 15 2
230 292
1 4 2
84 488
1 2 2
272 285
1 10 2
157 404
1 13 2
277 347
1 4 2
2 224
1 12 2
115 209
1 6 2
301 353
1 11 2
1 173
1 4 2
54 332
1 9 2
246 367
1 10 2
159 466
1 13 2
183 244
1 2 2
181 464
1 8 2
229 286
1 14 2
122 463
1 6 2
37 281
1 15 2
183 380
1 7 2
468 488
1 13 2
388 434
1 11 2
87 260
1 11 2
86 336
1 15 2
410 438
1 6 2
184 441
1 6 2
232 402
1 9 2
75 196
1 13 2
6 17
1 15 2
6 124
1 9 2
297 419
1 3 2
317 343
1 3 2
349 450
1 15 2
173 302
1 3 2
128 250
1 14 2
247 381
1 10 2
76 381
1 3 2
287 490
1 7 2
116 148
1 11 2
375 485
1 14 2
207 470
1 9 2
4 265
1 14 2
154 366
1 7 2
257 319
1 9 2
162 290
1 5 2
96 278
1 4 2
0 86
1 15 2
234 477
1 14 2
262 290
1 9 2
63 292
1 15 2
250 427
1 6 2
293 490
1 12 2
338 429
1 13 2
108 243
1 6 2
124 264
1 14 2
14 136
1 10 2
263 380
1 9 2
31 357
1 6 2
194 428
1 2 2
139 178
1 13 2
485 493
1 3 2
261 340
1 8 2
5 111
1 9 2
14 385
1 5 2
181 422
1 9 2
313 380
1 13 2
187 265
1 15 2
269 345
1 3 2
152 288
1 6 2
180 227
1 12 2
2 184
1 4 2
72 380
1 8 2
111 259
1 6 2
209 240
1 15 2
205 235
1 9 2
62 296
1 4 2
409 433
1 12 2
157 312
1 6 2
50 374
1 11 2
151 436
1 9 2
22 422
1 4 2
117 352
1 7 2
411 427
1 6 2
247 248
1 15 2
66 277
1 11 2
277 372
1 4 2
12 326
1 6 2
104 373
1 13 2
382 448
1 10 2
241 313
1 9 2
65 171
1 2 2
190 216
1 4 2
150 438
1 10 2
28 74
1 14 2
141 182
1 6 2
164 209
1 12 2
86 244
1 5 2
257 433
1 7 2
165 347
1 13 2
185 394
1 5 2
152 448
1 6 2
77 85
1 14 2
288 317
1 2 2
138 445
1 10 2
116 382
1 3 2
321 456
1 13 2
81 130
1 3 2
289 303
1 10 2
79 434
1 4 2
222 300
1 6 2
208 353
1 2 2
248 424
1 5 2
472 492
1 7 2
244 329
1 9 2
352 429
1 14 2
116 412
1 11 2
72 408
1 10 2
62 223
1 14 2
95 200
1 4 2
239 314
1 7 2
137 232
1 12 2
69 410
1 6 2
106 330
1 8 2
227 361
1 13 2
92 483
1 7 2
37 411
1 15 2
96 320
1 4 2
155 161
1 3 2
196 377
1 7 2
151 174
1 11 2
306 483
1 13 2
121 203
1 9 2
98 264
1 8 2
9 77
1 9 2
57 419
1 15 2
10 359
1 2 2
43 103
1 14 2
51 397
1 13 2
250 441
1 2 2
5 428
1 12 2
18 454
1 15 2
112 165
1 2 2
193 196
1 11 2
127 290
1 13 2
62 396
1 5 2
22 30
1 6 2
17 372
1 11 2
271 296
1 14 2
35 230
1 14 2
107 142
1 8 2
236 401
1 7 2
54 374
1 5 2
72 341
1 7 2
79 445
1 5 2
92 283
1 13 2
3 96
1 9 2
124 458
1 8 2
42 86
1 11 2
143 223
1 12 2
135 473
1 2 2
86 240
1 10 2
12 97
1 4 2
46 366
1 14 2
292 445
1 12 2
328 499
1 3 2
38 326
1 2 2
203 316
1 13 2
243 433
1 8 2
23 256
1 12 2
435 473
1 10 2
189 384
1 11 2
281 288
1 5 2
35 155
1 9 2
25 292
1 5 2
22 76
1 4 2
447 472
1 4 2
46 171
1 8 2
441 471
1 5 2
3 386
1 8 2
155 287
1 13 2
271 341
1 10 2
35 462
1 13 2
47 183
1 7 2
61 74
1 8 2
188 298
1 11 2
203 493
1 12 2
25 225
1 12 2
163 283
1 15 2
146 264
1 5 2
81 493
1 3 2
173 308
1 13 2
244 307
1 4 2
244 369
1 4 2
35 310
1 5 2
21 158
1 10 2
206 327
1 5 2
112 265
1 15 2
179 226
1 11 2
403 435
1 10 2
144 467
1 3 2
97 414
1 9 2
315 380
1 6 2
389 430
1 15 2
236 467
1 8 2
206 347
1 9 2
129 184
1 6 2
72 308
1 14 2
59 274
1 4 2
24 382
1 5 2
315 460
1 7 2
406 449
1 10 2
146 310
1 14 2
98 468
1 10 2
43 402
1 4 2
200 277
1 3 2
146 467
1 9 2
370 382
1 15 2
116 130
1 10 2
63 481
1 13 2
127 488
1 11 2
324 326
1 14 2
123 324
1 2 2
72 89
1 15 2
454 459
1 10 2
213 288
1 5 2
265 435
1 11 2
197 291
1 3 2
213 222
1 8 2
220 486
1 4 2
87 337
1 13 2
385 413
1 3 2
109 124
1 9 2
10 323
1 9 2
189 291
1 6 2
69 188
1 10 2
448 460
1 7 2
67 337
1 13 2
76 241
1 4 2
121 456
1 3 2
18 499
1 9 2
280 381
1 15 2
349 453
1 7 2
202 280
1 5 2
144 241
1 2 2
136 452
1 3 2
378 427
1 11 2
28 473
1 7 2
107 344
1 5 2
7 78
1 3 2
63 212
1 12 2
63 343
1 12 2
139 444
1 14 2
71 218
1 2 2
163 188
1 14 2
189 260
1 5 2
83 312
1 6 2
133 408
1 2 2
42 363
1 5 2
400 407
1 15 2
291 302
1 5 2
109 411
1 2 2
50 320
1 13 2
73 173
1 12 2
196 358
1 4 2
181 402
1 13 2
13 244
1 7 2
45 193
1 12 2
142 476
1 4 2
308 459
1 3 2
160 407
1 10 2
193 438
1 10 2
78 276
1 9 2
210 211
1 9 2
218 264
1 5 2
186 286
1 9 2
86 140
1 12 2
115 168
1 6 2
177 405
1 2 2
19 140
1 6 2
108 109
1 13 2
50 103
1 3 2
196 269
1 11 2
39 186
1 5 2
238 351
1 2 2
36 316
1 12 2
56 443
1 7 2
62 427
1 13 2
40 50
1 10 2
100 463
1 5 2
328 455
1 6 2
197 313
1 14 2
385 412
1 9 2
334 336
1 2 2
178 379
1 13 2
11 385
1 15 2
87 120
1 12 2
278 335
1 14 2
345 357
1 14 2
70 483
1 5 2
314 339
1 10 2
169 267
1 4 2
265 437
1 8 2
333 460
1 12 2
10 327
1 11 2
100 182
1 5 2
290 405
1 7 2
275 405
1 5 2
369 395
1 12 2
351 443
1 11 2
45 282
1 15 2
98 132
1 5 2
18 352
1 13 2
172 392
1 5 2
62 339
1 3 2
56 122
1 7 2
80 455
1 7 2
52 451
1 7 2
176 398
1 11 2
130 258
1 12 2
384 444
1 8 2
162 354
1 12 2
136 334
1 12 2
212 426
1 4 2
239 297
1 9 2
83 286
1 3 2
183 185
1 14 2
87 289
1 15 2
111 479
1 15 2
205 430
1 12 2
55 460
1 2 2
181 231
1 6 2
273 300
1 13 2
195 490
1 6 2
101 211
1 12 2
128 423
1 10 2
188 399
1 3 2
48 455
1 9 2
25 54
1 2 2
378 396
1 3 2
121 207
1 2 2
98 374
1 8 2
63 267
1 9 2
141 180
1 10 2
69 82
1 13 2
392 476
1 14 2
93 142
1 3 2
69 483
1 6 2
38 192
1 11 2
178 479
1 10 2
44 238
1 11 2
136 165
1 2 2
162 491
1 2 2
41 457
1 11 2
49 86
1 14 2
0 215
1 9 2
150 239
1 8 2
252 340
1 3 2
127 216
1 13 2
233 480
1 15 2
58 201
1 8 2
396 488
1 12 2
153 250
1 3 2
314 336
1 15 2
249 496
1 7 2
303 444
1 11 2
402 411
1 6 2
347 490
1 8 2
75 371
1 2 2
218 345
1 12 2
160 377
1 13 2
241 446
1 8 2
387 489
1 13 2
46 131
1 10 2
36 128
1 10 2
285 491
1 8 2
177 468
1 3 2
193 343
1 11 2
173 477
1 12 2
20 307
1 9 2
143 426
1 8 2
337 379
1 3 2
140 243
1 5 2
6 331
1 12 2
236 427
1 6 2
165 223
1 14 2
359 393
1 9 2
82 247
1 5 2
91 379
1 15 2
102 402
1 8 2
146 307
1 12 2
110 222
1 11 2
47 278
1 3 2
27 236
1 13 2
405 444
1 15 2
279 483
1 14 2
225 228
1 9 2
72 467
1 13 2
421 422
1 11 2
228 482
1 7 2
202 375
1 5 2
174 471
1 14 2
332 468
1 3 2
307 434
1 9 2
219 393
1 11 2
44 427
1 12 2
30 478
1 3 2
25 371
1 12 2
158 260
1 13 2
436 481
1 4 2
103 381
1 6 2
280 476
1 15 2
137 193
1 6 2
418 446
1 9 2
58 142
1 11 2
11 436
1 13 2
109 453
1 4 2
288 406
1 4 2
15 380
1 5 2
37 359
1 9 2
245 359
1 12 2
175 263
1 13 2
109 194
1 13 2
55 376
1 8 2
109 344
1 14 2
70 108
1 9 2
155 375
1 14 2
124 466
1 12 2
226 300
1 12 2
277 422
1 3 2
125 329
1 6 2
114 286
1 8 2
106 352
1 8 2
69 301
1 3 2
165 328
1 5 2
354 364
1 13 2
185 365
1 10 2
248 295
1 11 2
436 464
1 2 2
202 380
1 9 2
1 354
1 10 2
17 90
1 11 2
219 490
1 15 2
107 349
1 9 2
273 302
1 8 2
74 210
1 7 2
340 481
1 14 2
23 172
1 12 2
198 307
1 2 2
151 384
1 6 2
138 488
1 9 2
12 497
1 9 2
45 464
1 7 2
320 335
1 3 2
2 448
1 14 2
3 279
1 12 2
60 191
1 8 2
190 338
1 14 2
315 356
1 7 2
310 468
1 3 2
269 444
1 11 2
116 225
1 3 2
104 166
1 7 2
10 122
1 9 2
99 334
1 10 2
295 410
1 2 2
326 447
1 6 2
176 276
1 10 2
13 208
1 12 2
205 470
1 15 2
267 280
1 12 2
219 402
1 4 2
223 289
1 15 2
163 426
1 15 2
203 205
1 8 2
267 428
1 8 2
105 115
1 8 2
15 366
1 11 2
351 472
1 4 2
246 460
1 8 2
45 257
1 3 2
6 100
1 3 2
106 240
1 2 2
265 353
1 9 2
266 437
1 3 2
13 119
1 4 2
24 213
1 11 2
178 266
1 13 2
21 330
1 13 2
288 400
1 15 2
10 63
1 10 2
124 193
1 6 2
323 395
1 10 2
226 229
1 5 2
323 412
1 4 2
118 309
1 4 2
79 425
1 13 2
122 393
1 10 2
30 133
1 9 2
200 310
1 13 2
73 467
1 14 2
144 482
1 4 2
25 227
1 4 2
235 302
1 4 2
75 325
1 5 2
114 374
1 13 2
182 408
1 6 2
109 431
1 2 2
153 235
1 12 2
79 117
1 6 2
305 327
1 8 2
94 211
1 2 2
375 397
1 7 2
287 437
1 3 2
166 254
1 6 2
28 175
1 15 2
258 353
1 15 2
398 459
1 4 2
5 104
1 10 2
278 453
1 13 2
130 291
1 13 2
390 495
1 14 2
67 286
1 8 2
297 422
1 9 2
46 186
1 7 2
282 418
1 15 2
114 441
1 8 2
42 195
1 9 2
57 281
1 8 2
287 422
1 11 2
53 361
1 2 2
159 309
1 7 2
21 291
1 2 2
245 334
1 12 2
103 389
1 10 2
209 214
1 6 2
15 37
1 3 2
262 367
1 7 2
108 429
1 4 2
31 124
1 10 2
234 267
1 12 2
173 411
1 7 2
111 132
1 2 2
79 424
1 4 2
43 476
1 2 2
61 365
1 8 2
399 445
1 12 2
241 470
1 13 2
103 233
1 13 2
264 431
1 6 2
22 380
1 5 2
40 464
1 14 2
252 377
1 5 2
7 20
1 5 2
242 258
1 15 2
97 368
1 10 2
403 496
1 14 2
108 158
1 4 2
40 223
1 15 2
85 359
1 15 2
282 391
1 13 2
171 413
1 3 2
215 479
1 15 2
108 373
1 2 2
196 483
1 9 2
219 288
1 10 2
234 264
1 14 2
139 436
1 13 2
9 466
1 7 2
145 459
1 8 2
427 480
1 6 2
96 370
1 14 2
138 171
1 3 2
234 286
1 9 2
98 258
1 8 2
247 308
1 7 2
170 224
1 9 2
183 235
1 7 2
146 404
1 4 2
95 101
1 8 2
79 250
1 12 2
101 218
1 14 2
253 281
1 2 2
208 453
1 15 2
422 478
1 10 2
157 305
1 2 2
19 480
1 3 2
121 325
1 10 2
245 315
1 5 2
248 252
1 5 2
283 330
1 2 2
86 223
1 9 2
99 408
1 15 2
88 375
1 2 2
175 264
1 8 2
470 494
1 12 2
86 357
1 10 2
69 375
1 7 2
37 398
1 2 2
257 389
1 4 2
36 334
1 10 2
56 100
1 8 2
129 442
1 5 2
385 443
1 7 2
295 382
1 10 2
112 271
1 8 2
88 125
1 3 2
284 416
1 8 2
273 422
1 5 2
24 136
1 8 2
118 119
1 10 2
109 355
1 11 2
280 387
1 9 2
98 381
1 12 2
150 307
1 10 2
278 286
1 13 2
256 478
1 13 2
172 471
1 7 2
115 123
1 12 2
266 268
1 12 2
125 258
1 10 2
126 278
1 5 2
1 198
1 14 2
68 326
1 12 2
329 412
1 10 2
55 237
1 3 2
133 343
1 12 2
222 281
1 8 2
94 165
1 5 2
113 344
1 11 2
53 415
1 10 2
13 99
1 6 2
175 335
1 2 2
23 49
1 11 2
294 391
1 7 2
23 34
1 13 2
63 341
1 12 2
18 466
1 4 2
197 487
1 7 2
257 274
1 6 2
355 493
1 6 2
63 413
1 3 2
77 117
1 2 2
64 457
1 2 2
1 134
1 10 2
118 447
1 11 2
131 414
1 11 2
60 313
1 11 2
55 369
1 10 2
26 359
1 12 2
80 404
1 14 2
35 252
1 11 2
157 326
1 9 2
105 232
1 9 2
141 465
1 13 2
382 435
1 8 2
38 168
1 8 2
173 381
1 2 2
397 483
1 15 2
105 458
1 12 2
96 460
1 12 2
93 381
1 5 2
267 414
1 7 2
105 462
1 10 2
140 150
1 9 2
113 277
1 6 2
106 257
1 11 2
196 379
1 15 2
164 308
1 3 2
26 149
1 3 2
455 468
1 4 2
36 75
1 3 2
42 197
1 9 2
92 186
1 12 2
15 131
1 6 2
181 189
1 7 2
356 472
1 5 2
37 79
1 2 2
42 53
1 14 2
134 244
1 8 2
310 417
1 15 2
70 173
1 4 2
205 291
1 12 2
216 312
1 11 2
11 278
1 10 2
313 343
1 2 2
102 246
1 6 2
8 405
1 10 2
143 159
1 14 2
31 365
1 2 2
275 492
1 13 2
3 225
1 13 2
422 450
1 11 2
236 430
1 13 2
330 394
1 13 2
221 253
1 7 2
295 347
1 15 2
280 495
1 15 2
21 147
1 11 2
17 298
1 10 2
360 493
1 4 2
353 429
1 3 2
15 354
1 15 2
138 147
1 5 2
220 425
1 12 2
110 434
1 9 2
127 313
1 11 2
54 71
1 14 2
126 229
1 12 2
165 215
1 2 2
4 390
1 2 2
96 297
1 2 2
135 397
1 14 2
56 316
1 3 2
253 381
1 2 2
48 238
1 13 2
67 196
1 14 2
23 25
1 9 2
210 402
1 6 2
29 340
1 13 2
272 342
1 11 2
191 483
1 6 2
64 494
1 5 2
105 294
1 15 2
197 334
1 2 2
124 455
1 11 2
112 308
1 3 2
61 413
1 10 2
326 339
1 9 2
85 135
1 6 2
284 317
1 12 2
36 493
1 10 2
130 191
1 7 2
21 422
1 9 2
266 376
1 4 2
23 189
1 9 2
315 414
1 14 2
11 371
1 15 2
480 486
1 5 2
32 315
1 10 2
109 163
1 4 2
64 257
1 3 2
174 273
1 7 2
94 426
1 15 2
84 262
1 14 2
5 192
1 15 2
9 336
1 13 2
358 385
1 14 2
27 379
1 10 2
123 168
1 11 2
111 395
1 13 2
14 428
1 7 2
119 124
1 4 2
9 310
1 4 2
148 208
1 5 2
175 420
1 5 2
115 291
1 6 2
81 207
1 13 2
153 247
1 3 2
43 192
1 15 2
369 497
1 11 2
395 421
1 13 2
203 430
1 15 2
124 443
1 12 2
141 431
1 5 2
289 339
1 3 2
227 237
1 10 2
61 91
1 7 2
37 89
1 9 2
125 423
1 10 2
278 396
1 4 2
183 349
1 5 2
207 339
1 11 2
199 255
1 6 2
166 355
1 4 2
200 464
1 15 2
53 344
1 7 2
15 51
1 2 2
191 273
1 9 2
138 297
1 4 2
96 349
1 13 2
76 299
1 9 2
206 410
1 8 2
15 439
1 11 2
120 246
1 15 2
305 431
1 9 2
58 461
1 4 2
15 393
1 11 2
19 381
1 11 2
220 242
1 12 2
286 432
1 5 2
3 402
1 9 2
26 418
1 2 2
118 226
1 11 2
219 344
1 4 2
239 332
1 4 2
301 466
1 12 2
150 237
1 14 2
93 143
1 13 2
315 438
1 3 2
406 476
1 8 2
166 260
1 2 2
105 331
1 4 2
231 263
1 3 2
79 124
1 13 2
53 457
1 11 2
333 418
1 10 2
382 492
1 5 2
209 437
1 5 2
45 79
1 2 2
279 343
1 9 2
342 418
1 13 2
194 496
1 12 2
127 236
1 8 2
53 242
1 13 2
88 133
1 4 2
174 478
1 14 2
255 450
1 3 2
162 381
1 15 2
18 87
1 8 2
73 449
1 3 2
277 305
1 4 2
33 375
1 11 2
240 261
1 10 2
375 387
1 13 2
337 438
1 9 2
1 484
1 10 2
192 374
1 13 2
115 122
1 5 2
83 483
1 3 2
287 445
1 11 2
33 443
1 10 2
241 284
1 2 2
109 445
1 4 2
391 450
1 11 2
255 464
1 12 2
176 323
1 6 2
243 257
1 11 2
177 222
1 14 2
172 468
1 15 2
216 450
1 15 2
29 467
1 12 2
0 203
1 15 2
120 133
1 6 2
235 273
1 4 2
199 327
1 4 2
63 276
1 11 2
119 400
1 10 2
10 77
1 11 2
236 295
1 4 2
52 56
1 10 2
58 276
1 14 2
336 459
1 15 2
174 210
1 13 2
205 248
1 14 2
396 457
1 2 2
29 94
1 7 2
397 485
1 13 2
11 481
1 14 2
231 455
1 12 2
96 299
1 13 2
26 252
1 2 2
94 297
1 9 2
195 394
1 5 2
98 292
1 12 2
185 447
1 5 2
57 392
1 5 2
112 121
1 4 2
347 445
1 8 2
87 487
1 8 2
477 482
1 6 2
410 475
1 8 2
278 328
1 5 2
124 366
1 3 2
487 490
1 7 2
42 375
1 6 2
311 386
1 10 2
55 332
1 9 2
163 249
1 10 2
111 236
1 2 2
5 325
1 11 2
90 415
1 15 2
39 384
1 4 2
284 414
1 4 2
32 237
1 9 2
117 440
1 7 2
271 363
1 3 2
148 380
1 4 2
180 247
1 3 2
101 412
1 7 2
55 462
1 8 2
113 158
1 12 2
109 404
1 15 2
17 184
1 10 2
206 456
1 13 2
281 361
1 14 2
175 221
1 12 2
31 408
1 4 2
221 301
1 6 2
57 193
1 9 2
55 358
1 7 2
461 470
1 15 2
107 368
1 15 2
114 472
1 4 2
19 498
1 6 2
348 429
1 9 2
61 348
1 13 2
183 196
1 6 2
53 262
1 3 2
45 187
1 11 2
110 467
1 2 2
174 455
1 4 2
72 421
1 11 2
75 216
1 7 2
166 291
1 9 2
448 470
1 5 2
440 463
1 11 2
72 327
1 10 2
22 464
1 5 2
30 166
1 7 2
174 319
1 8 2
170 323
1 15 2
422 455
1 5 2
5 265
1 11 2
169 332
1 8 2
239 384
1 7 2
216 444
1 10 2
253 422
1 10 2
134 384
1 11 2
10 370
1 14 2
302 489
1 5 2
124 269
1 8 2
58 388
1 8 2
15 299
1 7 2
119 451
1 13 2
55 343
1 3 2
194 284
1 14 2
94 164
1 5 2
25 446
1 13 2
86 173
1 9 2
343 352
1 13 2
180 278
1 5 2
391 488
1 13 2
116 410
1 3 2
409 432
1 12 2
114 175
1 4 2
161 352
1 5 2
284 401
1 4 2
223 447
1 13 2
348 435
1 2 2
407 475
1 3 2
182 207
1 11 2
189 487
1 11 2
137 342
1 9 2
8 410
1 12 2
237 484
1 15 2
75 80
1 2 2
303 344
1 8 2
54 333
1 4 2
262 279
1 8 2
252 421
1 10 2
29 47
1 9 2
381 393
1 3 2
285 392
1 3 2
92 167
1 5 2
331 399
1 9 2
165 346
1 7 2
101 335
1 5 2
401 433
1 13 2
83 287
1 4 2
194 387
1 11 2
124 464
1 14 2
223 275
1 12 2
14 430
1 8 2
196 308
1 6 2
75 79
1 14 2
62 413
1 3 2
322 456
1 6 2
138 258
1 7 2
326 442
1 15 2
370 375
1 4 2
35 202
1 12 2
27 307
1 5 2
4 338
1 5 2
25 436
1 4 2
97 129
1 11 2
472 478
1 14 2
153 312
1 3 2
117 215
1 6 2
348 388
1 14 2
78 373
1 11 2
191 460
1 3 2
60 195
1 11 2
245 410
1 2 2
444 466
1 8 2
23 263
1 9 2
20 255
1 11 2
116 456
1 12 2
132 390
1 9 2
188 474
1 3 2
6 479
1 15 2
391 497
1 10 2
130 285
1 7 2
293 463
1 13 2
249 252
1 5 2
213 256
1 9 2
26 56
1 11 2
239 474
1 3 2
42 426
1 9 2
66 163
1 12 2
23 154
1 12 2
292 380
1 3 2
48 114
1 9 2
175 227
1 3 2
238 439
1 12 2
414 426
1 6 2
108 114
1 10 2
0 232
1 2 2
78 105
1 12 2
158 384
1 11 2
38 199
1 5 2
102 141
1 5 2
114 284
1 3 2
150 315
1 2 2
120 378
1 4 2
305 423
1 14 2
159 333
1 7 2
121 411
1 12 2
407 433
1 8 2
64 258
1 14 2
298 333
1 4 2
98 191
1 2 2
292 339
1 4 2
286 423
1 3 2
256 365
1 4 2
81 391
1 10 2
292 378
1 2 2
110 253
1 8 2
275 365
1 13 2
274 381
1 5 2
264 452
1 2 2
118 473
1 10 2
23 386
1 10 2
52 346
1 5 2
60 429
1 8 2
76 178
1 7 2
20 166
1 3 2
43 166
1 6 2
36 89
1 7 2
245 474
1 3 2
137 297
1 3 2
9 203
1 6 2
128 464
1 8 2
154 308
1 12 2
149 475
1 15 2
70 288
1 11 2
152 322
1 14 2
122 263
1 6 2
115 369
1 10 2
297 331
1 12 2
27 251
1 10 2
339 474
1 4 2
217 337
1 4 2
326 453
1 10 2
122 166
1 3 2
205 328
1 12 2
223 406
1 12 2
309 440
1 12 2
226 391
1 12 2
68 386
1 12 2
363 468
1 12 2
118 238
1 15 2
287 496
1 2 2
35 417
1 3 2
221 351
1 10 2
17 474
1 5 2
269 294
1 13 2
1 37
1 10 2
2 363
1 15 2
5 267
1 8 2
22 296
1 2 2
241 295
1 13 2
446 454
1 10 2
11 68
1 12 2
234 303
1 15 2
256 262
1 9 2
301 486
1 14 2
272 415
1 14 2
206 312
1 5 2
275 366
1 12 2
44 499
1 5 2
5 48
1 10 2
290 458
1 9 2
269 482
1 2 2
258 478
1 3 2
396 472
1 15 2
107 156
1 2 2
194 277
1 8 2
25 179
1 13 2
136 149
1 8 2
239 309
1 3 2
46 190
1 6 2
81 253
1 7 2
59 288
1 3 2
112 480
1 13 2
166 191
1 8 2
31 131
1 2 2
163 201
1 6 2
145 464
1 4 2
154 325
1 15 2
28 204
1 13 2
117 173
1 3 2
287 457
1 13 2
194 406
1 14 2
40 490
1 2 2
205 349
1 15 2
250 317
1 2 2
99 228
1 4 2
153 412
1 5 2
375 476
1 11 2
3 474
1 11 2
4 448
1 4 2
296 372
1 10 2
188 405
1 14 2
194 455
1 13 2
337 363
1 14 2
82 479
1 4 2
371 410
1 7 2
256 371
1 14 2
128 145
1 11 2
226 283
1 5 2
120 445
1 13 2
199 213
1 9 2
44 440
1 12 2
229 438
1 12 2
35 126
1 11 2
117 415
1 9 2
448 462
1 11 2
375 480
1 9 2
75 285
1 11 2
170 296
1 15 2
72 157
1 9 2
274 325
1 10 2
68 94
1 5 2
105 147
1 4 2
213 326
1 3 2
115 226
1 4 2
165 252
1 4 2
441 462
1 7 2
30 77
1 7 2
263 337
1 13 2
73 454
1 2 2
461 489
1 15 2
118 489
1 7 2
176 408
1 4 2
208 332
1 2 2
142 331
1 4 2
103 316
1 7 2
423 445
1 13 2
184 435
1 11 2
151 173
1 9 2
9 86
1 12 2
178 455
1 8 2
336 482
1 5 2
62 267
1 12 2
235 262
1 15 2
47 448
1 8 2
287 381
1 5 2
83 89
1 7 2
154 495
1 4 2
85 291
1 14 2
312 462
1 9 2
65 241
1 11 2
197 347
1 11 2
102 180
1 2 2
127 218
1 11 2
281 363
1 10 2
36 116
1 13 2
143 386
1 13 2
307 491
1 15 2
217 441
1 10 2
235 306
1 9 2
243 372
1 5 2
206 477
1 9 2
127 337
1 6 2
102 410
1 15 2
79 423
1 10 2
206 373
1 9 2
95 159
1 15 2
144 499
1 14 2
340 458
1 9 2
190 326
1 5 2
317 432
1 5 2
95 465
1 2 2
364 428
1 10 2
178 186
1 12 2
36 253
1 5 2
427 493
1 15 2
58 75
1 9 2
152 228
1 8 2
1 474
1 10 2
75 441
1 10 2
135 313
1 15 2
213 385
1 6 2
157 320
1 4 2
177 392
1 15 2
98 163
1 7 2
260 448
1 15 2
37 43
1 9 2
2 19
1 10 2
305 360
1 5 2
60 318
1 9 2
6 485
1 11 2
372 432
1 2 2
106 428
1 7 2
15 472
1 7 2
127 479
1 7 2
389 424
1 8 2
356 434
1 6 2
109 117
1 5 2
255 468
1 7 2
93 127
1 14 2
240 386
1 13 2
2 295
1 13 2
289 454
1 12 2
148 297
1 12 2
108 135
1 2 2
269 483
1 4 2
66 226
1 9 2
68 466
1 11 2
356 379
1 9 2
240 248
1 7 2
164 208
1 6 2
11 140
1 6 2
75 484
1 13 2
304 306
1 4 2
76 78
1 12 2
3 424
1 2 2
14 372
1 6 2
64 238
1 12 2
239 410
1 6 2
14 397
1 4 2
127 219
1 14 2
263 468
1 13 2
173 215
1 4 2
103 280
1 5 2
146 325
1 11 2
353 421
1 5 2
236 400
1 9 2
28 29
1 9 2
278 358
1 3 2
27 423
1 12 2
62 250
1 4 2
102 262
1 10 2
128 475
1 7 2
257 328
1 11 2
326 440
1 3 2
300 303
1 4 2
153 206
1 10 2
286 287
1 8 2
25 303
1 15 2
78 487
1 2 2
143 399
1 15 2
48 197
1 2 2
100 143
1 14 2
70 223
1 15 2
226 296
1 15 2
321 324
1 13 2
32 268
1 7 2
129 362
1 9 2
416 419
1 2 2
284 424
1 6 2
100 131
1 5 2
243 440
1 7 2
93 138
1 6 2
104 437
1 4 2
298 455
1 2 2
285 342
1 12 2
113 489
1 12 2
87 152
1 15 2
356 394
1 9 2
206 273
1 14 2
92 472
1 14 2
304 462
1 9 2
81 178
1 9 2
68 150
1 14 2
251 395
1 2 2
90 300
1 2 2
329 342
1 11 2
149 281
1 3 2
229 355
1 15 2
275 473
1 12 2
167 251
1 6 2
4 246
1 6 2
80 311
1 8 2
62 419
1 15 2
97 117
1 3 2
106 494
1 3 2
290 427
1 10 2
279 442
1 15 2
28 109
1 12 2
81 139
1 10 2
71 407
1 13 2
188 341
1 6 2
126 255
1 15 2
76 215
1 10 2
321 480
1 9 2
39 288
1 8 2
292 459
1 5 2
7 354
1 10 2
189 259
1 10 2
106 269
1 11 2
234 266
1 3 2
18 348
1 5 2
216 330
1 10 2
128 184
1 12 2
16 198
1 2 2
145 262
1 6 2
350 352
1 7 2
459 498
1 2 2
132 327
1 12 2
33 377
1 7 2
201 482
1 6 2
95 197
1 6 2
10 405
1 10 2
196 376
1 10 2
233 271
1 3 2
264 350
1 7 2
261 370
1 8 2
11 439
1 4 2
82 413
1 6 2
88 106
1 3 2
146 306
1 13 2
415 455
1 13 2
204 399
1 7 2
259 382
1 5 2
293 493
1 2 2
169 191
1 9 2
207 457
1 14 2
45 306
1 7 2
143 424
1 12 2
362 409
1 14 2
64 210
1 8 2
188 452
1 2 2
252 491
1 12 2
14 290
1 3 2
471 473
1 14 2
176 469
1 15 2
84 185
1 9 2
301 384
1 2 2
145 435
1 8 2
220 237
1 11 2
68 147
1 5 2
33 257
1 3 2
131 457
1 11 2
167 498
1 15 2
297 484
1 9 2
116 149
1 12 2
68 149
1 15 2
151 299
1 5 2
461 491
1 13 2
178 419
1 14 2
268 412
1 11 2
150 497
1 3 2
56 58
1 4 2
413 498
1 15 2
183 337
1 14 2
135 252
1 11 2
96 495
1 13 2
135 425
1 6 2
429 455
1 4 2
199 242
1 10 2
433 461
1 9 2
33 339
1 15 2
131 228
1 10 2
15 190
1 11 2
52 390
1 2 2
237 266
1 9 2
128 211
1 4 2
254 429
1 9 2
72 299
1 14 2
110 307
1 4 2
433 447
1 13 2
367 407
1 11 2
149 333
1 14 2
98 288
1 3 2
62 228
1 5 2
428 462
1 12 2
237 424
1 6 2
84 139
1 3 2
321 406
1 15 2
402 479
1 3 2
124 348
1 14 2
86 411
1 11 2
88 165
1 15 2
231 339
1 4 2
3 309
1 14 2
107 400
1 9 2
145 269
1 2 2
264 481
1 9 2
19 329
1 15 2
180 429
1 11 2
82 84
1 6 2
282 431
1 4 2
189 238
1 11 2
69 134
1 7 2
142 289
1 11 2
1 444
1 14 2
21 420
1 3 2
439 481
1 7 2
112 159
1 11 2
284 348
1 3 2
57 360
1 11 2
138 416
1 4 2
109 222
1 14 2
255 411
1 13 2
102 192
1 7 2
126 340
1 3 2
397 449
1 8 2
185 204
1 9 2
273 325
1 11 2
335 423
1 15 2
350 384
1 5 2
269 467
1 9 2
336 449
1 4 2
33 79
1 9 2
358 453
1 7 2
115 121
1 6 2
160 271
1 4 2
41 107
1 14 2
295 461
1 9 2
235 363
1 6 2
70 395
1 6 2
26 409
1 5 2
206 405
1 14 2
90 490
1 14 2
186 247
1 12 2
288 397
1 8 2
30 113
1 3 2
219 328
1 13 2
423 468
1 14 2
19 404
1 7 2
119 160
1 10 2
252 487
1 7 2
253 467
1 2 2
137 429
1 13 2
61 117
1 7 2
326 330
1 11 2
254 384
1 15 2
229 243
1 5 2
16 350
1 12 2
6 12
1 7 2
189 294
1 4 2
280 354
1 3 2
96 194
1 12 2
238 300
1 15 2
35 327
1 5 2
333 380
1 12 2
409 480
1 6 2
164 317
1 3 2
119 188
1 11 2
60 117
1 13 2
93 431
1 7 2
10 166
1 5 2
245 485
1 6 2
161 343
1 11 2
213 441
1 5 2
170 405
1 6 2
104 310
1 5 2
171 280
1 14 2
99 344
1 12 2
66 119
1 6 2
361 412
1 12 2
337 426
1 15 2
163 206
1 7 2
156 471
1 7 2
310 409
1 3 2
14 190
1 5 2
106 309
1 11 2
64 79
1 10 2
42 432
1 2 2
220 334
1 10 2
249 383
1 13 2
47 317
1 2 2
285 456
1 14 2
255 394
1 9 2
289 457
1 15 2
181 415
1 2 2
146 434
1 14 2
158 332
1 13 2
214 219
1 8 2
38 360
1 3 2
124 240
1 14 2
136 263
1 15 2
158 459
1 2 2
224 393
1 5 2
158 306
1 12 2
66 346
1 14 2
301 390
1 5 2
118 290
1 14 2
120 490
1 14 2
143 406
1 2 2
149 373
1 14 2
315 479
1 8 2
181 207
1 2 2
197 365
1 7 2
95 122
1 11 2
98 453
1 4 2
111 365
1 15 2
66 235
1 2 2
81 154
1 7 2
425 475
1 7 2
227 343
1 4 2
158 454
1 3 2
55 148
1 14 2
0 269
1 5 2
378 475
1 7 2
276 474
1 2 2
117 495
1 3 2
31 104
1 6 2
10 380
1 6 2
35 344
1 3 2
67 451
1 2 2
14 250
1 13 2
230 286
1 6 2
288 363
1 6 2
217 288
1 5 2
88 207
1 4 2
234 436
1 7 2
103 376
1 15 2
232 481
1 8 2
136 147
1 14 2
419 487
1 12 2
35 243
1 7 2
4 170
1 13 2
373 413
1 15 2
124 157
1 8 2
145 202
1 12 2
341 366
1 9 2
33 445
1 2 2
238 312
1 4 2
45 460
1 10 2
19 70
1 15 2
148 247
1 3 2
158 383
1 8 2
226 355
1 6 2
259 425
1 5 2
303 392
1 13 2
14 58
1 15 2
57 446
1 13 2
136 444
1 5 2
330 406
1 12 2
46 411
1 10 2
190 211
1 13 2
291 307
1 12 2
35 404
1 6 2
110 152
1 2 2
197 436
1 6 2
149 381
1 10 2
209 371
1 12 2
347 494
1 12 2
70 151
1 9 2
84 159
1 9 2
78 368
1 14 2
319 322
1 13 2
48 54
1 12 2
366 413
1 5 2
266 414
1 3 2
127 270
1 10 2
95 106
1 4 2
190 220
1 12 2
457 472
1 2 2
52 418
1 8 2
13 434
1 6 2
187 484
1 10 2
251 260
1 11 2
11 460
1 5 2
297 449
1 14 2
186 239
1 12 2
267 491
1 14 2
49 119
1 10 2
230 470
1 15 2
185 319
1 15 2
185 416
1 15 2
69 415
1 6 2
42 261
1 4 2
201 406
1 10 2
136 196
1 6 2
49 89
1 8 2
177 378
1 11 2
267 335
1 8 2
30 340
1 7 2
398 426
1 11 2
23 166
1 12 2
365 467
1 2 2
146 401
1 8 2
64 470
1 11 2
75 278
1 6 2
53 298
1 6 2
220 471
1 13 2
70 444
1 14 2
36 146
1 15 2
211 485
1 11 2
34 132
1 2 2
153 346
1 2 2
113 368
1 8 2
259 267
1 10 2
114 176
1 14 2
2 432
1 14 2
91 364
1 15 2
88 144
1 12 2
90 333
1 14 2
210 495
1 13 2
172 443
1 15 2
18 367
1 11 2
16 390
1 15 2
111 392
1 4 2
293 368
1 3 2
103 254
1 2 2
187 257
1 5 2
171 486
1 10 2
430 459
1 6 2
204 371
1 14 2
172 440
1 7 2
139 181
1 7 2
54 373
1 8 2
270 321
1 5 2
334 436
1 9 2
96 212
1 15 2
315 477
1 12 2
203 267
1 14 2
417 457
1 8 2
245 279
1 15 2
50 216
1 15 2
210 493
1 13 2
151 469
1 9 2
69 339
1 11 2
48 159
1 7 2
404 420
1 13 2
82 347
1 9 2
47 108
1 12 2
31 374
1 6 2
50 303
1 14 2
49 258
1 8 2
94 236
1 13 2
217 431
1 15 2
27 45
1 5 2
34 450
1 6 2
103 492
1 13 2
68 260
1 11 2
151 494
1 13 2
220 333
1 8 2
241 379
1 4 2
5 290
1 3 2
369 423
1 15 2
273 481
1 11 2
259 438
1 11 2
67 306
1 8 2
20 169
1 15 2
443 498
1 3 2
167 468
1 7 2
134 149
1 10 2
39 61
1 5 2
41 453
1 12 2
90 189
1 3 2
56 112
1 2 2
141 316
1 14 2
322 382
1 9 2
103 331
1 2 2
65 403
1 2 2
74 150
1 12 2
168 394
1 2 2
354 494
1 10 2
193 207
1 13 2
92 458
1 4 2
35 170
1 11 2
139 266
1 6 2
114 152
1 7 2
268 483
1 9 2
368 381
1 2 2
222 280
1 14 2
0 168
1 10 2
103 244
1 14 2
124 298
1 2 2
250 458
1 9 2
55 113
1 15 2
441 467
1 3 2
74 283
1 2 2
50 77
1 2 2
255 319
1 6 2
153 420
1 10 2
128 406
1 11 2
80 123
1 7 2
75 218
1 11 2
305 455
1 8 2
52 67
1 8 2
142 478
1 15 2
346 395
1 4 2
311 330
1 12 2
117 359
1 15 2
57 145
1 9 2
41 405
1 8 2
288 433
1 2 2
273 471
1 10 2
227 481
1 12 2
10 341
1 9 2
224 407
1 10 2
258 403
1 3 2
53 467
1 5 2
149 321
1 7 2
66 353
1 12 2
117 406
1 2 2
292 496
1 10 2
424 451
1 13 2
149 391
1 10 2
146 186
1 10 2
88 296
1 6 2
20 305
1 9 2
126 276
1 9 2
235 241
1 4 2
382 469
1 14 2
273 298
1 5 2
153 265
1 7 2
36 216
1 14 2
49 403
1 13 2
343 414
1 15 2
45 227
1 10 2
3 149
1 2 2
156 437
1 11 2
138 473
1 2 2
0 135
1 14 2
77 183
1 6 2
30 146
1 14 2
109 169
1 10 2
173 218
1 5 2
91 356
1 2 2
245 444
1 15 2
419 466
1 3 2
211 273
1 6 2
161 369
1 7 2
35 204
1 15 2
261 321
1 8 2
174 381
1 15 2
202 251
1 6 2
308 348
1 8 2
166 379
1 13 2
27 209
1 4 2
93 445
1 12 2
13 357
1 7 2
210 227
1 14 2
185 336
1 11 2
7 124
1 7 2
217 383
1 4 2
74 450
1 4 2
141 495
1 3 2
98 195
1 10 2
22 293
1 4 2
15 341
1 12 2
284 342
1 11 2
371 401
1 6 2
7 301
1 9 2
47 68
1 10 2
230 490
1 2 2
398 406
1 11 2
128 204
1 15 2
305 433
1 13 2
144 451
1 6 2
183 198
1 2 2
421 437
1 3 2
171 366
1 9 2
127 276
1 15 2
66 71
1 8 2
1 375
1 8 2
142 364
1 6 2
19 346
1 13 2
77 339
1 13 2
285 290
1 2 2
301 443
1 3 2
25 497
1 12 2
343 460
1 8 2
89 447
1 11 2
27 254
1 5 2
12 316
1 8 2
317 381
1 3 2
187 297
1 3 2
106 370
1 11 2
51 393
1 15 2
112 230
1 12 2
309 361
1 5 2
413 431
1 14 2
247 276
1 13 2
319 388
1 8 2
55 327
1 10 2
25 26
1 14 2
328 439
1 11 2
110 262
1 12 2
183 287
1 2 2
402 471
1 14 2
168 460
1 9 2
10 292
1 14 2
279 468
1 10 2
84 316
1 6 2
320 435
1 9 2
142 224
1 7 2
92 444
1 5 2
234 457
1 14 2
151 255
1 11 2
250 474
1 4 2
243 450
1 10 2
462 472
1 5 2
241 246
1 2 2
281 495
1 10 2
102 328
1 4 2
219 493
1 12 2
86 417
1 14 2
363 446
1 3 2
144 448
1 3 2
93 108
1 11 2
32 96
1 3 2
5 307
1 11 2
89 396
1 8 2
187 230
1 8 2
325 402
1 2 2
271 499
1 12 2
308 371
1 9 2
340 417
1 14 2
60 349
1 14 2
66 357
1 13 2
138 154
1 13 2
123 271
1 2 2
225 323
1 2 2
253 480
1 5 2
190 253
1 7 2
175 392
1 13 2
113 301
1 5 2
157 493
1 15 2
348 349
1 2 2
234 258
1 2 2
104 463
1 10 2
209 210
1 10 2
219 418
1 2 2
92 498
1 10 2
16 201
1 5 2
274 414
1 9 2
222 324
1 4 2
27 70
1 15 2
149 318
1 6 2
78 397
1 3 2
102 436
1 14 2
55 218
1 14 2
373 380
1 7 2
46 472
1 2 2
66 312
1 7 2
213 443
1 8 2
377 397
1 9 2
230 474
1 6 2
206 372
1 12 2
67 264
1 10 2
289 315
1 5 2
460 488
1 8 2
15 101
1 10 2
269 435
1 6 2
129 134
1 7 2
236 449
1 8 2
316 445
1 2 2
24 250
1 13 2
107 490
1 3 2
8 177
1 5 2
466 470
1 11 2
82 279
1 14 2
55 267
1 11 2
69 405
1 8 2
336 341
1 3 2
225 306
1 3 2
73 448
1 13 2
10 377
1 7 2
134 486
1 10 2
412 457
1 3 2
102 483
1 15 2
87 200
1 6 2
104 213
1 12 2
95 363
1 15 2
29 420
1 4 2
134 332
1 3 2
111 116
1 13 2
84 231
1 13 2
171 476
1 5 2
68 243
1 5 2
437 499
1 3 2
277 325
1 5 2
307 359
1 3 2
205 296
1 14 2
198 324
1 10 2
114 329
1 3 2
418 480
1 10 2
91 408
1 14 2
141 366
1 15 2
71 94
1 10 2
273 360
1 8 2
27 94
1 4 2
92 484
1 13 2
238 242
1 14 2
198 296
1 11 2
72 217
1 10 2
287 396
1 8 2
53 362
1 12 2
151 406
1 10 2
376 482
1 9 2
408 432
1 8 2
34 197
1 9 2
146 347
1 10 2
66 476
1 11 2
55 117
1 12 2
135 198
1 12 2
202 344
1 6 2
83 199
1 7 2
179 297
1 15 2
345 460
1 13 2
461 469
1 3 2
222 240
1 3 2
269 358
1 15 2
41 267
1 13 2
126 311
1 9 2
22 439
1 13 2
306 372
1 12 2
64 206
1 15 2
53 158
1 2 2
157 226
1 15 2
367 403
1 14 2
228 405
1 10 2
428 478
1 9 2
136 310
1 14 2
12 139
1 3 2
66 183
1 3 2
411 451
1 12 2
273 322
1 11 2
96 243
1 3 2
320 330
1 5 2
262 304
1 13 2
232 347
1 15 2
94 295
1 10 2
17 122
1 2 2
39 75
1 10 2
60 174
1 5 2
99 300
1 11 2
0 113
1 6 2
286 400
1 3 2
20 197
1 12 2
21 450
1 13 2
288 458
1 9 2
143 214
1 14 2
74 407
1 8 2
390 471
1 4 2
327 497
1 13 2
266 452
1 11 2
141 408
1 4 2
40 268
1 12 2
145 466
1 15 2
198 299
1 14 2
231 375
1 2 2
18 354
1 13 2
14 54
1 13 2
54 215
1 4 2
160 413
1 6 2
323 446
1 10 2
248 395
1 8 2
144 156
1 6 2
277 424
1 10 2
66 244
1 8 2
359 367
1 13 2
122 302
1 9 2
116 434
1 6 2
227 231
1 4 2
402 454
1 9 2
86 144
1 13 2
169 459
1 11 2
215 442
1 13 2
371 480
1 13 2
9 269
1 4 2
42 378
1 10 2
167 389
1 3 2
15 437
1 11 2
61 233
1 2 2
298 326
1 15 2
40 45
1 8 2
295 481
1 8 2
424 439
1 7 2
73 241
1 2 2
67 334
1 13 2
205 426
1 7 2
27 276
1 9 2
164 169
1 10 2
46 306
1 7 2
268 309
1 6 2
220 248
1 4 2
284 453
1 3 2
298 475
1 12 2
293 425
1 13 2
87 291
1 4 2
290 291
1 9 2
248 408
1 13 2
201 339
1 3 2
270 437
1 8 2
235 339
1 12 2
79 387
1 15 2
111 133
1 7 2
172 404
1 13 2
38 236
1 7 2
303 434
1 15 2
93 462
1 10 2
375 447
1 7 2
23 326
1 5 2
354 397
1 8 2
256 288
1 6 2
107 228
1 5 2
272 341
1 15 2
93 294
1 14 2
379 498
1 14 2
191 444
1 15 2
310 425
1 11 2
16 477
1 12 2
152 348
1 11 2
41 400
1 14 2
18 35
1 14 2
87 249
1 2 2
361 452
1 9 2
43 438
1 7 2
322 408
1 8 2
192 406
1 3 2
48 50
1 5 2
7 56
1 14 2
284 386
1 8 2
128 455
1 2 2
357 425
1 10 2
299 379
1 7 2
166 224
1 9 2
23 94
1 14 2
116 137
1 14 2
248 490
1 5 2
277 346
1 2 2
259 450
1 6 2
268 288
1 13 2
99 320
1 8 2
301 374
1 14 2
212 241
1 4 2
116 447
1 8 2
246 434
1 3 2
196 323
1 14 2
4 300
1 14 2
37 184
1 7 2
131 286
1 7 2
347 444
1 6 2
93 144
1 3 2
302 372
1 12 2
120 379
1 8 2
262 476
1 9 2
387 460
1 13 2
224 312
1 4 2
214 256
1 12 2
189 200
1 13 2
153 425
1 12 2
90 195
1 4 2
352 361
1 11 2
451 472
1 6 2
399 464
1 15 2
25 473
1 10 2
175 226
1 4 2
32 495
1 12 2
69 196
1 13 2
411 447
1 11 2
19 284
1 11 2
49 283
1 13 2
123 307
1 14 2
80 260
1 9 2
252 381
1 9 2
324 491
1 13 2
164 323
1 8 2
38 405
1 9 2
219 327
1 9 2
310 476
1 3 2
107 478
1 9 2
270 481
1 8 2
154 407
1 3 2
309 364
1 15 2
68 257
1 4 2
126 401
1 12 2
8 338
1 15 2
4 475
1 13 2
135 282
1 7 2
116 468
1 6 2
24 87
1 15 2
286 357
1 6 2
130 138
1 3 2
127 349
1 4 2
45 271
1 11 2
111 178
1 4 2
108 487
1 15 2
32 497
1 15 2
164 226
1 9 2
128 379
1 2 2
299 492
1 11 2
384 409
1 9 2
63 282
1 6 2
187 309
1 9 2
284 368
1 3 2
143 340
1 3 2
111 297
1 5 2
300 374
1 15 2
197 385
1 6 2
91 380
1 15 2
96 199
1 9 2
222 247
1 5 2
104 424
1 11 2
32 418
1 3 2
85 430
1 2 2
140 454
1 8 2
129 470
1 9 2
47 168
1 9 2
108 415
1 2 2
193 496
1 4 2
83 91
1 10 2
356 475
1 7 2
6 326
1 3 2
261 402
1 3 2
141 328
1 11 2
163 462
1 3 2
0 22
1 3 2
189 419
1 11 2
445 496
1 6 2
192 417
1 12 2
291 454
1 6 2
78 405
1 9 2
162 321
1 7 2
310 453
1 10 2
76 129
1 9 2
83 254
1 10 2
4 307
1 13 2
286 334
1 12 2
323 398
1 14 2
281 384
1 3 2
150 192
1 9 2
61 450
1 3 2
309 400
1 11 2
74 112
1 8 2
233 403
1 8 2
11 491
1 5 2
109 388
1 8 2
365 420
1 13 2
411 476
1 14 2
54 64
1 14 2
223 242
1 8 2
399 443
1 12 2
128 141
1 8 2
78 281
1 14 2
303 488
1 4 2
172 193
1 5 2
49 62
1 11 2
33 230
1 3 2
148 376
1 9 2
196 422
1 12 2
2 92
1 3 2
156 183
1 5 2
23 279
1 10 2
118 151
1 11 2
265 498
1 7 2
168 390
1 7 2
323 427
1 4 2
152 458
1 14 2
49 280
1 2 2
111 430
1 13 2
202 486
1 7 2
27 203
1 15 2
300 379
1 15 2
50 245
1 8 2
347 370
1 10 2
58 192
1 9 2
24 360
1 8 2
190 301
1 4 2
28 491
1 12 2
186 205
1 9 2
320 353
1 5 2
16 25
1 3 2
338 490
1 5 2
31 33
1 10 2
226 318
1 9 2
75 347
1 6 2
32 78
1 15 2
207 390
1 11 2
474 491
1 9 2
124 171
1 7 2
148 405
1 15 2
201 310
1 15 2
162 418
1 14 2
194 221
1 10 2
216 327
1 3 2
277 291
1 7 2
449 478
1 5 2
37 233
1 12 2
302 441
1 5 2
43 68
1 2 2
189 393
1 4 2
77 253
1 10 2
109 146
1 13 2
26 472
1 8 2
407 474
1 5 2
326 487
1 11 2
112 487
1 12 2
102 442
1 7 2
49 422
1 15 2
43 79
1 15 2
71 183
1 5 2
43 69
1 14 2
31 173
1 13 2
0 393
1 4 2
241 397
1 4 2
28 129
1 5 2
30 293
1 3 2
14 468
1 8 2
75 321
1 3 2
262 364
1 12 2
275 414
1 9 2
241 411
1 3 2
116 430
1 15 2
38 372
1 8 2
49 185
1 12 2
250 444
1 4 2
195 293
1 5 2
286 356
1 10 2
17 136
1 14 2
78 340
1 2 2
181 298
1 4 2
335 351
1 6 2
46 175
1 4 2
152 369
1 3 2
129 415
1 13 2
186 490
1 2 2
122 421
1 2 2
94 221
1 5 2
86 473
1 7 2
104 183
1 4 2
195 478
1 5 2
30 411
1 15 2
146 438
1 6 2
31 54
1 14 2
230 349
1 10 2
185 310
1 5 2
323 471
1 8 2
34 300
1 14 2
28 191
1 9 2
359 498
1 8 2
134 411
1 9 2
100 434
1 11 2
68 228
1 7 2
256 456
1 3 2
21 473
1 14 2
119 457
1 5 2
410 443
1 5 2
30 269
1 8 2
92 474
1 2 2
213 296
1 7 2
195 456
1 11 2
48 204
1 10 2
84 393
1 10 2
62 252
1 11 2
76 200
1 13 2
108 255
1 7 2
382 458
1 12 2
305 406
1 8 2
209 297
1 15 2
237 245
1 7 2
32 336
1 2 2
276 350
1 15 2
124 173
1 13 2
268 446
1 2 2
120 206
1 8 2
162 325
1 7 2
459 495
1 8 2
199 496
1 8 2
42 342
1 5 2
224 305
1 2 2
105 162
1 13 2
62 213
1 3 2
199 312
1 10 2
240 404
1 4 2
305 472
1 7 2
198 323
1 2 2
95 148
1 2 2
132 174
1 2 2
398 476
1 4 2
8 206
1 3 2
43 140
1 6 2
319 472
1 5 2
49 327
1 15 2
434 456
1 2 2
161 357
1 2 2
110 175
1 3 2
212 389
1 4 2
266 339
1 8 2
3 318
1 3 2
299 439
1 2 2
223 398
1 8 2
343 379
1 11 2
59 222
1 11 2
61 404
1 14 2
102 195
1 8 2
135 491
1 6 2
56 291
1 10 2
88 213
1 14 2
160 419
1 13 2
191 414
1 3 2
222 271
1 13 2
186 211
1 3 2
144 180
1 13 2
150 364
1 6 2
38 342
1 7 2
9 171
1 15 2
164 355
1 2 2
253 293
1 13 2
77 246
1 12 2
399 433
1 15 2
299 397
1 11 2
106 467
1 2 2
342 380
1 3 2
8 263
1 2 2
265 479
1 7 2
103 343
1 6 2
120 228
1 13 2
395 477
1 6 2
16 123
1 8 2
188 285
1 7 2
201 333
1 9 2
99 224
1 5 2
263 413
1 8 2
20 105
1 8 2
6 323
1 5 2
136 296
1 12 2
243 380
1 4 2
58 297
1 2 2
63 398
1 8 2
77 215
1 15 2
271 470
1 11 2
240 268
1 7 2
154 169
1 10 2
113 252
1 14 2
238 380
1 15 2
131 433
1 14 2
214 272
1 3 2
83 283
1 8 2
364 457
1 9 2
308 339
1 3 2
195 287
1 4 2
3 123
1 13 2
1 410
1 5 2
259 263
1 5 2
362 393
1 10 2
336 463
1 5 2
108 220
1 5 2
105 118
1 12 2
348 373
1 8 2
117 118
1 10 2
237 370
1 6 2
292 491
1 11 2
215 399
1 15 2
43 361
1 4 2
3 426
1 6 2
169 391
1 3 2
29 215
1 8 2
236 329
1 3 2
79 136
1 5 2
189 453
1 7 2
202 285
1 4 2
182 332
1 3 2
142 467
1 2 2
109 300
1 2 2
82 125
1 8 2
397 455
1 13 2
30 453
1 13 2
321 452
1 9 2
22 320
1 3 2
168 413
1 7 2
253 487
1 11 2
161 337
1 7 2
162 372
1 13 2
343 383
1 12 2
162 249
1 4 2
324 425
1 18 2
181 215
1 15 2
69 141
1 14 2
63 199
1 16 2
145 337
1 12 2
316 447
1 23 2
8 142
1 14 2
136 316
1 18 2
289 293
1 21 2
244 391
1 11 2
180 250
1 24 2
90 106
1 21 2
6 448
1 16 2
15 218
1 19 2
153 391
1 13 2
43 276
1 11 2
94 317
1 12 2
320 384
1 26 2
131 331
1 21 2
387 391
1 19 2
102 178
1 14 2
241 335
1 15 2
429 475
1 18 2
116 346
1 7 2
52 101
1 18 2
29 369
1 12 2
228 362
1 17 2
234 446
