500 2954 1500
5 25 13 6 12 24 13 5 23 9 5 13 11 11 19 18 18 21 11 17 7 19 21 6 16 8 22 5 7 18 17 13 8 17 11 18 15 19 20 19 18 17 21 23 23 9 11 15 12 5 12 14 23 9 24 11 12 11 12 9 9 6 17 18 7 20 22 5 15 6 8 8 23 21 23 7 11 22 12 21 6 22 18 21 13 6 24 22 24 21 21 19 11 20 21 17 12 22 25 21 6 23 15 16 14 25 13 13 25 17 10 14 10 24 8 14 20 21 15 16 24 10 8 21 12 12 13 16 17 7 19 7 5 11 13 17 16 8 14 8 25 6 16 9 16 24 17 8 23 8 12 23 7 16 19 14 23 25 14 23 25 15 22 19 22 17 6 11 5 6 17 22 7 23 22 9 11 18 18 8 22 21 17 18 5 8 18 18 23 6 10 15 24 14 5 13 23 21 11 19 20 20 10 17 23 14 7 10 19 13 10 21 13 15 6 20 6 8 10 15 9 24 6 16 11 17 17 24 7 22 9 7 22 12 25 14 15 18 7 24 25 21 6 5 25 23 11 11 9 9 7 18 13 22 24 10 21 22 12 6 11 24 19 13 11 17 24 20 22 17 17 25 18 17 6 9 6 13 13 23 7 18 5 25 17 7 7 13 15 21 16 7 22 13 8 22 21 8 13 22 14 6 22 10 11 18 6 16 11 24 22 25 25 5 25 15 12 17 17 21 7 13 17 13 19 5 9 22 21 25 16 12 5 5 5 7 7 17 12 22 11 6 15 17 24 7 22 13 15 14 16 25 21 17 12 8 18 19 9 21 12 8 12 17 19 14 10 24 24 20 21 12 15 18 7 9 10 8 20 7 20 15 17 5 13 12 22 16 24 16 20 21 8 7 7 19 12 17 11 5 21 5 14 22 11 13 17 24 10 24 20 25 25 8 11 23 9 8 22 21 7 15 8 23 5 16 8 23 9 11 14 11 7 6 21 10 7 24 24 23 16 10 19 6 16 15 25 20 22 5 23 5 16 15 24 23 22 18 9 8 20 11 8 17 25 6 11 19 11 10 11 23 18 13 9 12 12 21 20 13 25 18 20 9 19 18 25 8 22 22 12 23 14 8 13 23 16 25 6 6
3 18 12 17 6 5 14 13 11 3 6 6 12 11 4 17 10 5 3 6 11 5 4 5 10 20 18 7 9 10 19 8 9 12 13 8 14 6 6 5 3 10 10 17 7 10 12 7 18 5 9 17 14 11 9 5 7 9 13 3 4 20 14 3 20 18 4 7 11 14 20 12 3 7 18 19 7 3 19 5 19 19 7 15 15 5 18 6 18 9 3 9 4 9 13 3 5 14 16 4 16 7 8 20 9 16 14 8 16 8 10 6 20 18 8 16 3 5 16 12 17 17 8 16 9 11 16 4 9 18 3 9 7 17 3 4 20 9 8 6 11 11 7 15 20 6 10 13 15 10 4 10 8 19 11 13 15 15 13 3 16 4 10 6 12 17 9 17 18 10 4 6 8 5 3 5 14 8 7 17 20 11 9 15 12 9 4 3 12 7 7 20 3 10 3 8 3 18 7 10 17 12 3 10 5 15 20 16 19 6 9 5 16 8 18 15 4 13 9 3 3 19 13 15 3 8 5 7 11 6 16 9 14 19 9 15 20 8 4 7 12 4 10 12 16 12 5 4 5 11 7 18 15 6 8 20 6 5 10 20 13 17 7 10 5 6 11 17 20 9 15 3 12 12 11 14 4 16 19 15 16 16 7 18 17 20 5 19 8 19 4 16 15 8 18 5 4 3 12 14 3 19 20 8 9 11 3 11 12 7 4 8 12 3 8 6 20 4 16 19 10 15 15 15 17 9 14 8 10 11 17 9 5 4 20 8 15 5 9 11 16 4 16 19 11 5 4 12 8 12 11 18 14 3 15 9 6 20 20 8 19 9 3 8 7 16 4 7 10 17 9 15 11 8 4 11 8 14 9 9 7 18 5 18 20 19 11 13 20 7 19 17 6 8 8 7 6 17 7 13 20 12 3 10 13 16 3 19 16 10 13 14 11 3 16 19 5 4 16 18 5 20 15 10 8 6 14 7 16 13 10 11 12 11 10 11 10 13 16 17 7 13 13 12 14 19 5 17 15 17 5 4 9 13 11 11 3 5 11 17 20 19 19 3 5 12 17 13 11 11 9 3 16 3 18 15 3 12 3 12 7 4 5 12 10 12 14 13 6 17 10 6 20 11 20 7 12 18 16 12
1 14 2
194 462
1 3 2
296 340
1 5 2
137 340
1 7 2
66 250
1 2 2
327 366
1 14 2
200 442
1 5 2
115 200
1 15 2
111 285
1 14 2
132 354
1 14 2
121 155
1 12 2
361 370
1 6 2
90 112
1 5 2
155 235
1 4 2
11 114
1 5 2
177 181
1 6 2
184 381
1 10 2
1 314
1 11 2
153 272
1 5 2
411 440
1 14 2
119 454
1 15 2
66 248
1 6 2
16 353
1 5 2
247 420
1 13 2
159 278
1 8 2
225 346
1 4 2
167 311
1 3 2
153 315
1 8 2
330 341
1 5 2
125 318
1 10 2
29 203
1 11 2
56 414
1 4 2
208 335
1 14 2
41 452
1 8 2
167 361
1 13 2
140 474
1 8 2
232 402
1 2 2
149 365
1 5 2
47 460
1 7 2
117 308
1 12 2
237 395
1 8 2
257 383
1 15 2
61 149
1 13 2
46 141
1 5 2
4 188
1 6 2
51 122
1 13 2
360 477
1 11 2
70 419
1 4 2
61 469
1 7 2
169 294
1 2 2
436 489
1 15 2
285 435
1 8 2
60 189
1 2 2
148 285
1 14 2
94 384
1 5 2
124 280
1 5 2
67 112
1 12 2
272 319
1 13 2
221 495
1 2 2
349 392
1 5 2
43 50
1 6 2
81 119
1 7 2
132 341
1 3 2
226 293
1 6 2
163 254
1 4 2
98 270
1 9 2
195 386
1 11 2
206 341
1 10 2
127 266
1 8 2
191 214
1 15 2
62 317
1 9 2
203 394
1 13 2
380 440
1 11 2
165 182
1 8 2
221 308
1 8 2
171 483
1 6 2
397 479
1 11 2
67 307
1 12 2
59 394
1 4 2
297 300
1 6 2
161 356
1 8 2
420 473
1 8 2
218 278
1 6 2
107 134
1 12 2
4 158
1 7 2
424 427
1 8 2
27 60
1 7 2
84 87
1 13 2
146 306
1 15 2
106 383
1 8 2
32 366
1 15 2
272 497
1 7 2
161 473
1 10 2
378 396
1 14 2
465 484
1 7 2
100 209
1 2 2
259 262
1 5 2
118 434
1 4 2
106 237
1 13 2
394 496
1 11 2
11 420
1 5 2
177 370
1 5 2
33 34
1 14 2
228 411
1 6 2
225 399
1 9 2
160 264
1 7 2
50 407
1 11 2
311 339
1 6 2
212 455
1 13 2
30 124
1 7 2
60 206
1 11 2
100 296
1 6 2
44 172
1 9 2
385 401
1 9 2
2 202
1 3 2
220 372
1 15 2
17 378
1 13 2
116 486
1 12 2
121 434
1 4 2
194 304
1 3 2
293 371
1 2 2
84 464
1 15 2
102 489
1 8 2
220 265
1 12 2
27 108
1 5 2
127 269
1 11 2
3 411
1 8 2
46 485
1 13 2
136 394
1 8 2
186 445
1 8 2
68 353
1 9 2
182 476
1 7 2
104 365
1 9 2
91 121
1 3 2
162 434
1 13 2
43 308
1 8 2
228 372
1 8 2
338 400
1 6 2
142 322
1 11 2
325 436
1 14 2
120 313
1 15 2
261 293
1 2 2
96 173
1 4 2
8 51
1 10 2
123 137
1 9 2
25 356
1 3 2
260 350
1 8 2
168 370
1 6 2
261 471
1 11 2
81 189
1 12 2
463 493
1 14 2
216 309
1 8 2
15 424
1 14 2
192 343
1 11 2
60 351
1 13 2
115 355
1 9 2
0 210
1 10 2
365 478
1 11 2
75 283
1 7 2
361 368
1 5 2
421 424
1 10 2
9 196
1 5 2
115 300
1 11 2
120 412
1 4 2
175 268
1 11 2
38 93
1 6 2
5 170
1 6 2
193 362
1 3 2
34 425
1 5 2
46 340
1 2 2
281 407
1 2 2
179 478
1 9 2
55 313
1 8 2
225 358
1 4 2
71 142
1 14 2
16 222
1 11 2
95 179
1 9 2
74 217
1 3 2
232 475
1 11 2
119 243
1 3 2
303 498
1 13 2
332 429
1 11 2
183 344
1 11 2
204 405
1 8 2
104 121
1 5 2
26 324
1 8 2
88 457
1 13 2
130 141
1 14 2
1 405
1 7 2
193 473
1 14 2
5 396
1 15 2
37 479
1 3 2
176 325
1 6 2
51 388
1 6 2
16 201
1 6 2
28 219
1 14 2
312 378
1 14 2
215 386
1 7 2
76 135
1 13 2
77 337
1 9 2
231 385
1 5 2
10 35
1 4 2
219 354
1 7 2
275 372
1 12 2
41 473
1 15 2
65 162
1 7 2
217 286
1 3 2
209 329
1 5 2
194 264
1 5 2
83 257
1 15 2
159 461
1 3 2
329 376
1 9 2
24 343
1 11 2
354 445
1 8 2
338 469
1 4 2
48 212
1 7 2
108 353
1 2 2
155 236
1 11 2
90 173
1 6 2
133 378
1 3 2
24 460
1 15 2
80 278
1 13 2
446 468
1 11 2
402 475
1 9 2
211 253
1 6 2
114 335
1 15 2
60 253
1 5 2
15 311
1 15 2
220 427
1 8 2
197 310
1 6 2
113 316
1 7 2
382 437
1 3 2
180 194
1 9 2
242 478
1 6 2
35 210
1 13 2
135 273
1 7 2
82 318
1 14 2
247 334
1 7 2
28 53
1 3 2
29 168
1 13 2
95 403
1 12 2
24 143
1 9 2
185 332
1 9 2
249 311
1 3 2
324 363
1 5 2
1 188
1 14 2
69 396
1 11 2
109 391
1 12 2
28 348
1 2 2
437 477
1 12 2
359 414
1 14 2
119 169
1 6 2
56 318
1 4 2
2 332
1 15 2
118 281
1 8 2
317 471
1 14 2
8 477
1 6 2
111 149
1 5 2
89 310
1 5 2
252 329
1 6 2
248 306
1 12 2
214 460
1 11 2
149 194
1 7 2
60 80
1 9 2
27 488
1 6 2
13 85
1 7 2
57 151
1 6 2
65 98
1 14 2
85 135
1 14 2
60 391
1 6 2
93 224
1 8 2
241 247
1 5 2
304 373
1 7 2
245 359
1 8 2
116 426
1 14 2
49 99
1 13 2
256 288
1 9 2
9 159
1 10 2
72 369
1 15 2
31 110
1 4 2
202 426
1 8 2
331 483
1 5 2
142 499
1 15 2
169 293
1 2 2
326 366
1 10 2
32 285
1 3 2
247 491
1 2 2
242 312
1 6 2
218 350
1 15 2
60 94
1 12 2
246 266
1 4 2
305 340
1 3 2
211 239
1 7 2
89 440
1 7 2
4 385
1 2 2
146 345
1 11 2
372 472
1 10 2
180 417
1 12 2
93 249
1 9 2
83 379
1 7 2
77 483
1 15 2
14 249
1 3 2
35 136
1 9 2
55 146
1 8 2
22 336
1 4 2
24 157
1 4 2
176 272
1 13 2
38 211
1 7 2
336 355
1 15 2
59 160
1 15 2
36 320
1 2 2
236 310
1 12 2
162 365
1 5 2
148 420
1 4 2
187 388
1 6 2
117 428
1 6 2
37 72
1 10 2
51 339
1 5 2
38 418
1 6 2
125 305
1 9 2
15 150
1 11 2
57 389
1 12 2
106 497
1 11 2
225 442
1 9 2
175 472
1 14 2
116 312
1 7 2
241 480
1 15 2
17 372
1 5 2
129 171
1 7 2
207 447
1 9 2
116 201
1 9 2
371 378
1 2 2
22 187
1 15 2
168 403
1 6 2
297 311
1 2 2
262 465
1 4 2
40 146
1 10 2
188 309
1 3 2
221 257
1 7 2
239 294
1 4 2
65 234
1 3 2
53 482
1 2 2
325 331
1 7 2
216 289
1 15 2
179 275
1 6 2
382 456
1 14 2
77 324
1 14 2
101 249
1 2 2
158 254
1 11 2
366 386
1 11 2
45 110
1 11 2
51 486
1 4 2
383 478
1 6 2
276 484
1 8 2
49 71
1 7 2
141 377
1 15 2
123 291
1 13 2
361 418
1 3 2
58 309
1 3 2
8 464
1 2 2
343 372
1 2 2
95 353
1 13 2
91 443
1 9 2
157 383
1 7 2
27 412
1 8 2
393 469
1 4 2
8 424
1 15 2
217 441
1 10 2
149 270
1 15 2
192 376
1 11 2
226 404
1 8 2
120 428
1 3 2
5 389
1 9 2
32 455
1 3 2
118 423
1 4 2
320 498
1 5 2
54 142
1 11 2
323 391
1 2 2
58 303
1 15 2
223 256
1 10 2
177 381
1 14 2
140 297
1 3 2
134 464
1 10 2
185 323
1 3 2
389 419
1 14 2
321 434
1 9 2
227 490
1 3 2
106 298
1 3 2
18 43
1 13 2
120 192
1 7 2
243 478
1 9 2
145 285
1 8 2
322 413
1 10 2
88 427
1 9 2
310 470
1 7 2
88 229
1 11 2
99 414
1 8 2
221 401
1 5 2
405 461
1 10 2
123 195
1 3 2
55 344
1 3 2
12 363
1 11 2
290 492
1 9 2
31 376
1 10 2
85 260
1 11 2
100 208
1 13 2
371 420
1 10 2
32 341
1 14 2
57 425
1 11 2
101 476
1 3 2
102 409
1 14 2
5 213
1 3 2
360 464
1 5 2
177 394
1 8 2
202 265
1 4 2
125 206
1 10 2
67 166
1 4 2
215 317
1 15 2
161 219
1 2 2
91 415
1 12 2
120 455
1 7 2
156 321
1 7 2
275 382
1 12 2
99 216
1 13 2
22 23
1 14 2
74 462
1 8 2
192 321
1 10 2
54 373
1 2 2
5 267
1 12 2
222 480
1 13 2
83 300
1 7 2
48 426
1 5 2
360 394
1 11 2
42 140
1 7 2
415 465
1 5 2
201 298
1 14 2
162 452
1 5 2
274 388
1 7 2
11 495
1 13 2
37 169
1 15 2
240 353
1 9 2
316 443
1 8 2
4 140
1 15 2
129 464
1 5 2
217 459
1 2 2
35 397
1 13 2
203 266
1 11 2
11 156
1 2 2
36 46
1 11 2
35 215
1 2 2
179 482
1 10 2
277 352
1 14 2
141 244
1 6 2
235 242
1 15 2
468 487
1 2 2
215 223
1 14 2
328 458
1 9 2
268 487
1 11 2
7 250
1 2 2
96 219
1 3 2
397 476
1 5 2
402 448
1 7 2
144 313
1 12 2
63 475
1 6 2
258 285
1 7 2
126 468
1 3 2
47 398
1 6 2
284 311
1 15 2
145 427
1 4 2
53 457
1 7 2
286 368
1 11 2
92 123
1 13 2
247 487
1 8 2
145 355
1 11 2
41 391
1 5 2
209 406
1 8 2
185 203
1 14 2
10 480
1 4 2
68 432
1 8 2
145 437
1 12 2
119 306
1 4 2
107 283
1 11 2
46 149
1 5 2
139 388
1 5 2
168 418
1 12 2
255 469
1 6 2
123 400
1 6 2
78 451
1 5 2
37 224
1 3 2
67 175
1 6 2
75 125
1 7 2
400 476
1 3 2
421 473
1 12 2
274 487
1 11 2
118 250
1 2 2
4 356
1 14 2
54 411
1 8 2
13 168
1 6 2
32 140
1 14 2
287 310
1 11 2
170 460
1 10 2
148 378
1 3 2
395 445
1 11 2
57 491
1 6 2
67 284
1 5 2
194 371
1 8 2
455 485
1 12 2
197 473
1 9 2
271 328
1 2 2
315 462
1 7 2
407 444
1 15 2
326 477
1 11 2
162 410
1 4 2
310 463
1 15 2
89 452
1 5 2
337 433
1 7 2
68 95
1 15 2
301 337
1 3 2
132 251
1 4 2
79 442
1 7 2
44 202
1 4 2
30 396
1 2 2
76 389
1 15 2
41 375
1 3 2
17 196
1 15 2
166 368
1 7 2
293 407
1 2 2
154 390
1 5 2
400 405
1 4 2
238 303
1 10 2
52 491
1 12 2
224 328
1 11 2
14 194
1 2 2
28 312
1 8 2
278 353
1 8 2
135 358
1 10 2
310 420
1 12 2
40 142
1 12 2
54 136
1 7 2
133 480
1 13 2
45 312
1 13 2
3 298
1 10 2
64 307
1 11 2
19 274
1 12 2
133 266
1 8 2
268 481
1 3 2
255 378
1 7 2
184 191
1 14 2
157 271
1 10 2
25 141
1 5 2
236 486
1 4 2
54 203
1 14 2
192 322
1 14 2
143 384
1 5 2
64 74
1 13 2
289 374
1 5 2
79 458
1 3 2
322 442
1 5 2
208 466
1 11 2
7 240
1 14 2
181 375
1 5 2
13 102
1 11 2
79 369
1 2 2
398 459
1 10 2
378 433
1 14 2
304 329
1 5 2
417 477
1 5 2
301 461
1 12 2
51 157
1 7 2
412 447
1 5 2
149 164
1 11 2
103 224
1 10 2
297 413
1 13 2
123 431
1 13 2
31 479
1 15 2
167 320
1 2 2
267 352
1 4 2
239 267
1 4 2
76 104
1 4 2
282 362
1 15 2
80 359
1 11 2
174 400
1 4 2
365 443
1 6 2
150 185
1 9 2
132 201
1 9 2
126 402
1 3 2
258 412
1 2 2
11 13
1 2 2
327 391
1 5 2
54 421
1 11 2
179 342
1 11 2
227 228
1 4 2
87 265
1 7 2
56 400
1 15 2
23 133
1 5 2
44 366
1 12 2
4 316
1 2 2
184 374
1 5 2
180 361
1 4 2
185 279
1 2 2
22 390
1 7 2
143 158
1 5 2
22 271
1 6 2
126 294
1 6 2
81 421
1 3 2
304 386
1 12 2
128 187
1 13 2
228 462
1 13 2
109 286
1 2 2
41 497
1 8 2
265 456
1 10 2
28 163
1 14 2
257 301
1 7 2
36 437
1 8 2
14 94
1 13 2
132 490
1 15 2
210 336
1 10 2
118 354
1 9 2
169 177
1 5 2
421 481
1 15 2
140 159
1 9 2
46 393
1 9 2
24 498
1 11 2
184 360
1 4 2
293 426
1 10 2
262 480
1 11 2
126 241
1 12 2
145 208
1 14 2
299 474
1 3 2
42 366
1 4 2
49 290
1 10 2
147 228
1 2 2
11 393
1 11 2
52 276
1 10 2
255 452
1 10 2
126 406
1 8 2
110 435
1 4 2
55 355
1 12 2
296 298
1 3 2
112 405
1 4 2
273 423
1 11 2
75 427
1 9 2
271 404
1 14 2
57 168
1 12 2
159 183
1 4 2
14 231
1 4 2
57 72
1 10 2
185 244
1 12 2
29 45
1 14 2
246 284
1 4 2
81 456
1 12 2
425 441
1 14 2
24 481
1 9 2
198 359
1 15 2
239 279
1 12 2
411 437
1 5 2
379 443
1 7 2
339 482
1 15 2
67 122
1 3 2
116 139
1 9 2
78 374
1 9 2
423 464
1 14 2
186 432
1 13 2
233 393
1 4 2
206 436
1 5 2
293 405
1 14 2
88 338
1 11 2
77 91
1 6 2
3 199
1 12 2
135 251
1 3 2
30 141
1 8 2
122 160
1 2 2
43 206
1 8 2
117 198
1 13 2
133 464
1 13 2
83 258
1 4 2
70 318
1 11 2
279 362
1 9 2
367 404
1 10 2
125 265
1 5 2
98 440
1 15 2
381 471
1 14 2
35 56
1 10 2
11 423
1 10 2
24 289
1 8 2
21 326
1 9 2
451 459
1 12 2
19 364
1 3 2
253 322
1 8 2
123 377
1 3 2
268 467
1 15 2
172 261
1 4 2
329 451
1 12 2
344 354
1 10 2
206 387
1 15 2
270 380
1 9 2
171 220
1 3 2
233 480
1 9 2
115 485
1 11 2
106 462
1 15 2
91 243
1 13 2
105 379
1 13 2
242 397
1 7 2
292 361
1 2 2
16 276
1 15 2
93 279
1 2 2
129 296
1 11 2
63 306
1 3 2
140 444
1 9 2
94 207
1 15 2
33 117
1 9 2
396 484
1 14 2
190 484
1 13 2
20 361
1 12 2
168 341
1 3 2
194 230
1 7 2
84 283
1 13 2
29 401
1 15 2
278 368
1 3 2
377 462
1 2 2
226 471
1 10 2
219 245
1 11 2
14 135
1 4 2
96 155
1 4 2
159 387
1 8 2
71 90
1 14 2
100 499
1 13 2
16 341
1 2 2
125 184
1 9 2
53 367
1 6 2
168 377
1 4 2
11 259
1 8 2
136 228
1 13 2
19 365
1 5 2
238 291
1 9 2
250 404
1 2 2
98 435
1 3 2
132 215
1 6 2
5 66
1 10 2
55 246
1 4 2
80 322
1 4 2
192 454
1 7 2
293 354
1 4 2
78 337
1 5 2
236 366
1 10 2
305 480
1 2 2
258 403
1 12 2
130 174
1 15 2
352 490
1 13 2
19 121
1 8 2
214 392
1 2 2
358 402
1 7 2
45 331
1 3 2
194 352
1 13 2
238 298
1 12 2
339 373
1 8 2
377 383
1 2 2
182 485
1 9 2
23 333
1 14 2
106 242
1 11 2
265 481
1 14 2
474 477
1 14 2
191 390
1 7 2
326 489
1 8 2
240 451
1 11 2
261 468
1 14 2
126 205
1 2 2
119 307
1 9 2
225 306
1 2 2
83 316
1 4 2
94 188
1 15 2
154 396
1 11 2
15 74
1 8 2
160 326
1 2 2
317 379
1 2 2
360 486
1 9 2
124 319
1 11 2
113 164
1 11 2
126 415
1 4 2
136 358
1 9 2
264 417
1 5 2
250 423
1 9 2
34 266
1 7 2
212 229
1 9 2
400 487
1 14 2
132 356
1 14 2
139 321
1 8 2
306 438
1 7 2
371 381
1 4 2
0 240
1 5 2
160 453
1 12 2
32 478
1 12 2
294 344
1 13 2
177 238
1 7 2
301 496
1 12 2
55 350
1 4 2
125 333
1 11 2
20 463
1 2 2
467 487
1 15 2
210 414
1 3 2
297 389
1 6 2
59 401
1 9 2
2 85
1 4 2
62 170
1 11 2
12 233
1 13 2
224 336
1 7 2
31 113
1 3 2
46 52
1 4 2
73 289
1 15 2
209 283
1 2 2
434 480
1 10 2
421 436
1 12 2
414 441
1 10 2
121 329
1 11 2
56 69
1 3 2
18 164
1 8 2
51 274
1 4 2
49 139
1 8 2
74 227
1 6 2
184 279
1 8 2
42 101
1 5 2
117 119
1 15 2
111 131
1 12 2
152 275
1 5 2
149 170
1 2 2
0 484
1 12 2
32 349
1 9 2
146 499
1 15 2
64 485
1 2 2
152 243
1 12 2
167 281
1 11 2
182 367
1 5 2
53 262
1 9 2
53 237
1 3 2
394 488
1 7 2
43 141
1 8 2
352 404
1 11 2
70 169
1 3 2
61 335
1 13 2
329 485
1 10 2
302 433
1 13 2
419 488
1 15 2
423 497
1 9 2
27 198
1 15 2
62 232
1 11 2
61 395
1 2 2
285 326
1 9 2
256 330
1 12 2
97 401
1 10 2
420 451
1 12 2
67 98
1 13 2
100 477
1 7 2
74 468
1 2 2
41 142
1 2 2
115 353
1 15 2
48 188
1 6 2
267 268
1 9 2
137 492
1 13 2
53 172
1 4 2
86 363
1 14 2
241 351
1 10 2
8 242
1 13 2
89 475
1 10 2
187 417
1 6 2
62 273
1 12 2
203 477
1 15 2
11 85
1 12 2
91 440
1 12 2
78 474
1 10 2
50 166
1 14 2
186 399
1 7 2
252 440
1 5 2
78 162
1 11 2
44 97
1 6 2
294 440
1 15 2
225 349
1 2 2
2 487
1 7 2
2 333
1 5 2
241 445
1 8 2
85 253
1 6 2
466 494
1 10 2
318 386
1 10 2
63 452
1 5 2
310 426
1 4 2
146 159
1 7 2
430 473
1 12 2
29 136
1 11 2
146 211
1 6 2
94 421
1 14 2
143 342
1 5 2
121 435
1 10 2
123 159
1 12 2
90 91
1 13 2
108 160
1 5 2
74 404
1 3 2
30 481
1 6 2
340 385
1 5 2
14 323
1 3 2
44 475
1 7 2
265 388
1 12 2
141 173
1 11 2
24 494
1 12 2
152 356
1 10 2
394 435
1 9 2
129 431
1 8 2
44 402
1 3 2
23 131
1 9 2
330 420
1 3 2
294 404
1 14 2
20 34
1 6 2
13 483
1 3 2
197 449
1 4 2
8 487
1 4 2
71 146
1 2 2
124 298
1 11 2
194 222
1 4 2
113 184
1 4 2
298 353
1 11 2
276 426
1 10 2
122 179
1 7 2
9 395
1 13 2
263 309
1 7 2
32 449
1 4 2
434 493
1 8 2
399 486
1 9 2
173 222
1 7 2
35 227
1 7 2
257 308
1 9 2
130 319
1 4 2
26 144
1 5 2
65 365
1 9 2
37 377
1 9 2
161 395
1 4 2
16 441
1 7 2
23 405
1 14 2
236 404
1 14 2
368 496
1 10 2
421 471
1 5 2
345 447
1 12 2
89 151
1 11 2
26 103
1 10 2
396 399
1 13 2
209 398
1 15 2
14 367
1 14 2
76 341
1 15 2
105 220
1 14 2
315 438
1 8 2
226 361
1 2 2
121 475
1 8 2
261 433
1 14 2
290 390
1 3 2
163 308
1 12 2
36 235
1 3 2
141 333
1 13 2
303 453
1 14 2
84 236
1 7 2
67 75
1 2 2
130 159
1 10 2
163 463
1 13 2
128 286
1 2 2
123 235
1 11 2
96 185
1 13 2
73 258
1 10 2
395 459
1 9 2
74 492
1 4 2
143 217
1 7 2
223 296
1 10 2
392 461
1 7 2
48 430
1 11 2
55 127
1 7 2
127 238
1 7 2
7 302
1 3 2
212 246
1 9 2
294 314
1 14 2
253 398
1 9 2
41 204
1 13 2
79 475
1 9 2
88 450
1 7 2
114 149
1 12 2
15 482
1 9 2
186 410
1 3 2
44 48
1 3 2
129 373
1 11 2
365 459
1 4 2
129 469
1 10 2
18 243
1 15 2
256 420
1 7 2
348 426
1 11 2
63 292
1 10 2
297 447
1 3 2
100 206
1 14 2
144 370
1 12 2
150 300
1 8 2
175 418
1 8 2
33 111
1 6 2
69 235
1 13 2
418 446
1 5 2
410 437
1 6 2
14 150
1 5 2
397 490
1 10 2
249 480
1 14 2
10 47
1 7 2
18 397
1 3 2
131 166
1 8 2
147 188
1 5 2
44 153
1 13 2
62 269
1 3 2
20 440
1 6 2
199 310
1 2 2
92 263
1 10 2
373 479
1 13 2
126 270
1 2 2
45 64
1 3 2
21 423
1 6 2
62 266
1 9 2
89 382
1 14 2
240 330
1 4 2
130 444
1 14 2
10 338
1 12 2
27 111
1 8 2
120 476
1 6 2
219 271
1 2 2
37 270
1 3 2
282 378
1 12 2
207 217
1 8 2
38 178
1 7 2
362 497
1 10 2
148 278
1 3 2
52 310
1 10 2
46 238
1 3 2
430 476
1 7 2
14 466
1 5 2
297 396
1 5 2
145 181
1 10 2
414 446
1 13 2
182 313
1 2 2
54 348
1 2 2
387 459
1 2 2
165 385
1 15 2
134 326
1 10 2
138 168
1 3 2
82 284
1 15 2
100 236
1 9 2
8 389
1 8 2
134 220
1 5 2
16 467
1 2 2
213 356
1 3 2
287 298
1 13 2
51 432
1 12 2
121 497
1 8 2
70 330
1 4 2
211 403
1 2 2
396 440
1 7 2
82 360
1 9 2
125 371
1 7 2
126 370
1 7 2
480 499
1 15 2
448 451
1 10 2
26 435
1 12 2
296 423
1 3 2
332 378
1 2 2
178 290
1 7 2
71 417
1 14 2
202 375
1 4 2
9 254
1 14 2
9 32
1 6 2
168 206
1 12 2
45 104
1 8 2
159 222
1 9 2
323 435
1 8 2
17 112
1 3 2
26 452
1 5 2
99 458
1 3 2
307 352
1 7 2
11 437
1 3 2
26 138
1 5 2
71 98
1 8 2
165 261
1 12 2
2 460
1 15 2
39 233
1 13 2
144 484
1 9 2
331 463
1 11 2
204 347
1 8 2
92 389
1 7 2
396 415
1 4 2
115 214
1 2 2
26 229
1 12 2
160 239
1 10 2
135 435
1 4 2
110 285
1 7 2
63 477
1 13 2
288 365
1 3 2
210 450
1 14 2
86 289
1 8 2
158 255
1 8 2
170 379
1 10 2
338 351
1 8 2
85 91
1 6 2
146 445
1 6 2
136 338
1 7 2
176 294
1 5 2
59 113
1 5 2
180 185
1 5 2
59 410
1 12 2
374 384
1 2 2
170 268
1 9 2
269 472
1 2 2
38 329
1 12 2
231 232
1 5 2
238 285
1 6 2
373 425
1 5 2
66 221
1 2 2
3 448
1 3 2
6 379
1 6 2
408 499
1 7 2
48 488
1 7 2
308 467
1 9 2
239 254
1 8 2
131 222
1 12 2
49 144
1 15 2
10 192
1 12 2
238 243
1 14 2
213 448
1 9 2
144 449
1 3 2
28 87
1 6 2
8 246
1 12 2
113 123
1 7 2
177 331
1 4 2
162 302
1 9 2
209 412
1 2 2
135 297
1 5 2
315 380
1 10 2
125 160
1 2 2
347 468
1 13 2
182 405
1 4 2
43 365
1 8 2
293 305
1 6 2
173 489
1 5 2
21 349
1 6 2
84 381
1 4 2
410 479
1 4 2
112 270
1 10 2
209 445
1 6 2
135 376
1 8 2
317 328
1 14 2
161 293
1 2 2
124 252
1 8 2
337 362
1 7 2
299 480
1 2 2
138 267
1 3 2
182 419
1 15 2
146 411
1 10 2
190 456
1 15 2
232 480
1 9 2
41 215
1 9 2
412 419
1 11 2
245 345
1 12 2
34 443
1 6 2
3 144
1 11 2
192 494
1 8 2
423 485
1 3 2
149 397
1 8 2
37 429
1 7 2
297 354
1 9 2
100 458
1 11 2
464 480
1 14 2
64 259
1 13 2
115 439
1 2 2
102 472
1 8 2
334 380
1 15 2
52 264
1 15 2
42 113
1 5 2
244 350
1 8 2
321 475
1 13 2
163 240
1 10 2
216 292
1 4 2
206 345
1 12 2
389 494
1 9 2
319 336
1 3 2
211 293
1 15 2
377 434
1 7 2
264 449
1 11 2
99 234
1 7 2
8 88
1 14 2
102 256
1 12 2
419 476
1 15 2
199 208
1 14 2
218 229
1 14 2
2 444
1 13 2
7 452
1 3 2
374 478
1 2 2
136 310
1 13 2
61 479
1 12 2
43 423
1 9 2
28 385
1 15 2
176 403
1 4 2
97 291
1 3 2
70 413
1 6 2
128 363
1 2 2
230 387
1 11 2
56 124
1 5 2
454 475
1 3 2
385 470
1 15 2
173 295
1 9 2
96 434
1 11 2
204 223
1 6 2
64 248
1 10 2
107 362
1 3 2
404 448
1 15 2
3 477
1 9 2
139 423
1 3 2
172 178
1 10 2
106 292
1 2 2
81 403
1 12 2
168 200
1 13 2
66 187
1 2 2
63 75
1 2 2
30 200
1 7 2
378 481
1 8 2
222 343
1 13 2
101 375
1 12 2
189 231
1 9 2
101 483
1 4 2
126 311
1 10 2
85 205
1 7 2
138 376
1 12 2
145 154
1 12 2
270 354
1 13 2
38 175
1 10 2
62 380
1 4 2
120 346
1 7 2
181 297
1 6 2
151 246
1 12 2
12 161
1 14 2
86 422
1 5 2
192 316
1 2 2
199 287
1 7 2
249 274
1 14 2
294 393
1 9 2
84 355
1 14 2
1 495
1 14 2
151 286
1 15 2
328 339
1 10 2
84 489
1 5 2
50 142
1 2 2
31 108
1 10 2
191 200
1 8 2
67 400
1 12 2
272 282
1 8 2
100 431
1 4 2
114 383
1 3 2
64 184
1 11 2
61 99
1 9 2
111 123
1 3 2
109 473
1 15 2
118 424
1 13 2
312 348
1 9 2
289 294
1 4 2
36 83
1 6 2
126 383
1 15 2
11 329
1 13 2
37 108
1 2 2
216 428
1 3 2
200 245
1 10 2
184 425
1 7 2
318 359
1 6 2
190 473
1 5 2
173 272
1 7 2
297 381
1 12 2
155 353
1 4 2
210 431
1 7 2
310 347
1 7 2
19 261
1 3 2
217 446
1 15 2
19 419
1 8 2
15 37
1 6 2
384 404
1 3 2
27 167
1 15 2
167 463
1 5 2
311 376
1 15 2
138 452
1 5 2
67 354
1 13 2
302 315
1 10 2
274 350
1 2 2
215 296
1 4 2
107 153
1 6 2
34 314
1 12 2
27 249
1 10 2
88 499
1 14 2
89 334
1 10 2
262 450
1 14 2
159 243
1 10 2
32 271
1 8 2
186 378
1 13 2
262 356
1 11 2
86 268
1 11 2
404 416
1 7 2
169 497
1 15 2
134 309
1 9 2
101 264
1 5 2
199 295
1 10 2
13 442
1 12 2
175 374
1 4 2
100 274
1 4 2
83 499
1 15 2
58 484
1 7 2
80 427
1 12 2
263 494
1 15 2
94 120
1 15 2
82 233
1 13 2
62 79
1 12 2
52 372
1 10 2
121 141
1 8 2
247 428
1 15 2
432 465
1 15 2
86 103
1 3 2
269 457
1 4 2
77 420
1 10 2
281 399
1 2 2
294 299
1 15 2
121 478
1 13 2
149 470
1 4 2
117 335
1 5 2
47 64
1 14 2
97 477
1 3 2
104 145
1 6 2
229 358
1 7 2
8 248
1 10 2
17 177
1 12 2
65 379
1 8 2
4 284
1 4 2
442 469
1 15 2
148 353
1 3 2
75 264
1 12 2
295 316
1 10 2
414 460
1 12 2
102 375
1 3 2
118 287
1 14 2
164 187
1 4 2
20 148
1 13 2
170 462
1 12 2
100 452
1 6 2
26 315
1 12 2
216 498
1 2 2
152 358
1 6 2
368 375
1 4 2
256 485
1 11 2
139 437
1 11 2
211 296
1 8 2
55 485
1 14 2
189 306
1 6 2
374 402
1 15 2
110 261
1 13 2
116 278
1 14 2
294 372
1 15 2
198 231
1 12 2
190 278
1 5 2
24 366
1 14 2
420 497
1 10 2
153 372
1 3 2
13 310
1 13 2
194 258
1 11 2
11 26
1 6 2
409 476
1 10 2
120 348
1 11 2
173 207
1 14 2
45 384
1 10 2
55 158
1 7 2
164 487
1 11 2
398 456
1 6 2
14 324
1 12 2
4 21
1 4 2
243 301
1 13 2
186 420
1 14 2
447 498
1 14 2
174 428
1 5 2
160 387
1 14 2
254 446
1 5 2
151 492
1 11 2
74 166
1 12 2
280 414
1 7 2
318 341
1 8 2
424 447
1 14 2
35 447
1 6 2
35 311
1 4 2
164 394
1 9 2
332 436
1 4 2
248 287
1 10 2
157 301
1 13 2
105 195
1 8 2
458 479
1 15 2
369 435
1 13 2
39 321
1 4 2
189 309
1 13 2
131 485
1 4 2
430 445
1 14 2
338 415
1 2 2
342 386
1 14 2
177 184
1 5 2
180 364
1 3 2
13 158
1 3 2
165 353
1 3 2
222 497
1 4 2
72 108
1 8 2
30 178
1 3 2
221 325
1 8 2
339 433
1 3 2
100 155
1 5 2
69 284
1 3 2
283 385
1 13 2
129 412
1 2 2
393 430
1 7 2
115 314
1 9 2
298 450
1 2 2
156 384
1 15 2
256 381
1 10 2
90 333
1 10 2
52 333
1 10 2
6 378
1 9 2
89 421
1 13 2
234 387
1 7 2
50 174
1 2 2
450 499
1 4 2
363 375
1 14 2
107 137
1 5 2
83 249
1 12 2
358 392
1 7 2
2 310
1 13 2
355 420
1 11 2
248 290
1 7 2
69 447
1 14 2
289 352
1 8 2
191 230
1 6 2
306 496
1 2 2
103 142
1 5 2
58 401
1 9 2
424 456
1 11 2
25 232
1 9 2
236 480
1 5 2
69 430
1 15 2
126 418
1 10 2
52 459
1 14 2
116 494
1 8 2
14 237
1 6 2
64 102
1 13 2
319 326
1 14 2
11 443
1 10 2
12 153
1 13 2
12 114
1 2 2
153 490
1 7 2
122 158
1 7 2
258 308
1 9 2
109 437
1 6 2
459 460
1 14 2
8 41
1 2 2
202 472
1 7 2
167 275
1 9 2
139 402
1 14 2
407 483
1 2 2
5 489
1 4 2
212 424
1 7 2
238 432
1 6 2
124 205
1 3 2
47 199
1 14 2
384 445
1 12 2
437 488
1 7 2
274 358
1 8 2
30 489
1 5 2
100 379
1 15 2
68 186
1 8 2
452 472
1 9 2
231 351
1 7 2
61 290
1 14 2
191 316
1 4 2
189 495
1 13 2
298 375
1 7 2
58 378
1 3 2
168 258
1 14 2
178 436
1 12 2
405 464
1 13 2
43 88
1 5 2
207 421
1 11 2
6 227
1 11 2
208 310
1 4 2
66 322
1 8 2
112 250
1 11 2
438 469
1 10 2
280 457
1 11 2
313 496
1 11 2
62 165
1 15 2
55 238
1 13 2
62 73
1 7 2
124 386
1 7 2
223 468
1 8 2
8 147
1 13 2
381 464
1 11 2
20 442
1 8 2
12 440
1 8 2
22 46
1 13 2
238 489
1 11 2
249 449
1 13 2
9 369
1 11 2
112 216
1 14 2
429 478
1 7 2
153 360
1 15 2
89 96
1 9 2
190 432
1 5 2
26 189
1 13 2
146 147
1 15 2
260 435
1 7 2
307 375
1 14 2
113 350
1 2 2
46 484
1 2 2
29 273
1 14 2
158 480
1 3 2
141 441
1 13 2
366 490
1 2 2
82 430
1 13 2
168 424
1 11 2
232 249
1 12 2
56 185
1 13 2
466 473
1 12 2
222 425
1 12 2
139 406
1 5 2
31 352
1 5 2
54 118
1 6 2
73 280
1 3 2
407 497
1 15 2
181 185
1 15 2
121 444
1 9 2
26 228
1 2 2
236 330
1 15 2
262 381
1 11 2
115 333
1 10 2
228 483
1 11 2
65 201
1 14 2
4 32
1 2 2
269 368
1 11 2
373 445
1 11 2
235 440
1 13 2
39 131
1 8 2
291 419
1 14 2
140 495
1 5 2
126 322
1 9 2
390 440
1 15 2
326 460
1 3 2
282 345
1 2 2
197 479
1 8 2
230 431
1 2 2
63 170
1 11 2
76 283
1 10 2
264 322
1 3 2
165 274
1 13 2
98 192
1 3 2
221 374
1 7 2
46 372
1 2 2
25 47
1 8 2
78 418
1 5 2
259 427
1 9 2
118 347
1 7 2
179 438
1 6 2
133 248
1 14 2
95 349
1 8 2
353 394
1 7 2
152 246
1 4 2
94 250
1 12 2
53 409
1 2 2
325 498
1 15 2
457 490
1 5 2
175 331
1 9 2
187 374
1 3 2
113 255
1 9 2
283 377
1 10 2
148 352
1 2 2
299 440
1 4 2
4 175
1 8 2
386 451
1 15 2
25 320
1 6 2
300 338
1 4 2
121 242
1 9 2
13 452
1 2 2
102 231
1 12 2
22 233
1 5 2
217 367
1 5 2
138 201
1 15 2
15 320
1 4 2
31 367
1 14 2
278 478
1 8 2
132 184
1 8 2
247 447
1 9 2
120 322
1 9 2
48 372
1 13 2
300 307
1 5 2
268 390
1 10 2
38 231
1 14 2
209 312
1 10 2
12 140
1 4 2
13 148
1 3 2
218 313
1 14 2
150 163
1 4 2
395 442
1 2 2
236 403
1 15 2
212 403
1 5 2
82 392
1 10 2
162 300
1 6 2
75 147
1 12 2
261 310
1 3 2
94 194
1 11 2
141 204
1 2 2
348 394
1 5 2
11 272
1 2 2
136 364
1 11 2
253 354
1 2 2
167 495
1 15 2
147 194
1 7 2
204 325
1 7 2
216 244
1 12 2
266 267
1 9 2
9 95
1 10 2
24 285
1 6 2
306 456
1 13 2
108 176
1 13 2
256 477
1 10 2
51 90
1 2 2
160 378
1 4 2
265 464
1 15 2
12 260
1 6 2
238 447
1 4 2
275 334
1 5 2
146 427
1 8 2
152 158
1 5 2
233 301
1 13 2
80 442
1 10 2
84 207
1 3 2
18 373
1 13 2
97 311
1 13 2
212 277
1 9 2
392 466
1 2 2
243 416
1 3 2
395 432
1 9 2
11 377
1 4 2
218 416
1 11 2
130 449
1 10 2
241 414
1 4 2
284 362
1 12 2
362 410
1 11 2
4 15
1 3 2
82 416
1 12 2
202 383
1 5 2
331 472
1 11 2
37 288
1 10 2
193 237
1 3 2
65 300
1 15 2
326 497
1 4 2
279 473
1 3 2
95 351
1 14 2
1 345
1 7 2
292 487
1 13 2
7 424
1 10 2
27 342
1 8 2
236 282
1 6 2
263 458
1 3 2
34 327
1 15 2
59 385
1 2 2
69 331
1 13 2
0 341
1 13 2
100 201
1 6 2
196 220
1 6 2
268 424
1 9 2
54 395
1 15 2
379 499
1 4 2
257 416
1 8 2
40 315
1 8 2
360 487
1 4 2
247 363
1 12 2
34 328
1 10 2
64 245
1 6 2
270 314
1 2 2
342 484
1 5 2
101 230
1 6 2
53 322
1 6 2
64 403
1 11 2
319 367
1 12 2
28 293
1 4 2
195 351
1 10 2
4 456
1 12 2
82 250
1 15 2
136 459
1 12 2
33 352
1 3 2
98 484
1 14 2
159 474
1 11 2
34 249
1 11 2
146 254
1 2 2
326 388
1 4 2
132 402
1 4 2
185 413
1 4 2
50 240
1 9 2
34 363
1 12 2
60 245
1 11 2
22 145
1 5 2
220 277
1 10 2
235 346
1 2 2
53 259
1 3 2
4 91
1 7 2
10 98
1 2 2
144 461
1 8 2
83 114
1 3 2
251 390
1 3 2
169 292
1 15 2
216 327
1 8 2
0 413
1 6 2
265 423
1 2 2
25 331
1 15 2
128 410
1 9 2
156 408
1 4 2
148 361
1 11 2
219 294
1 10 2
61 178
1 11 2
2 308
1 15 2
145 187
1 13 2
76 327
1 12 2
46 174
1 12 2
9 461
1 11 2
24 172
1 4 2
241 460
1 11 2
55 61
1 11 2
340 392
1 8 2
196 207
1 3 2
231 268
1 11 2
70 293
1 15 2
84 333
1 9 2
192 447
1 11 2
143 332
1 5 2
239 378
1 13 2
251 364
1 14 2
333 402
1 12 2
80 436
1 12 2
187 291
1 12 2
183 466
1 11 2
381 438
1 2 2
150 352
1 11 2
262 426
1 10 2
211 243
1 14 2
445 487
1 9 2
439 442
1 9 2
84 314
1 8 2
44 273
1 2 2
101 258
1 13 2
151 244
1 8 2
42 400
1 4 2
19 402
1 15 2
36 393
1 13 2
71 269
1 7 2
255 370
1 14 2
65 117
1 12 2
364 457
1 7 2
66 290
1 4 2
159 224
1 8 2
20 313
1 8 2
436 446
1 8 2
63 329
1 13 2
21 40
1 6 2
353 465
1 6 2
93 130
1 15 2
69 124
1 7 2
113 373
1 6 2
229 449
1 8 2
20 384
1 13 2
151 361
1 9 2
327 447
1 9 2
92 317
1 15 2
50 196
1 13 2
46 360
1 15 2
3 425
1 15 2
52 77
1 4 2
215 292
1 3 2
207 396
1 4 2
133 369
1 6 2
250 490
1 5 2
83 308
1 2 2
363 487
1 13 2
28 445
1 3 2
72 188
1 3 2
65 460
1 7 2
73 443
1 12 2
326 403
1 2 2
244 279
1 7 2
255 270
1 15 2
120 422
1 12 2
209 343
1 11 2
243 299
1 6 2
376 400
1 2 2
93 306
1 3 2
417 468
1 4 2
148 312
1 10 2
232 301
1 8 2
85 104
1 14 2
36 250
1 6 2
153 464
1 9 2
7 209
1 10 2
124 215
1 3 2
258 478
1 4 2
48 66
1 4 2
1 338
1 14 2
212 427
1 10 2
152 287
1 8 2
87 88
1 13 2
262 408
1 6 2
39 337
1 13 2
145 442
1 5 2
373 388
1 8 2
255 487
1 15 2
84 153
1 13 2
305 471
1 5 2
109 191
1 4 2
344 445
1 9 2
170 472
1 8 2
214 326
1 4 2
129 206
1 10 2
298 477
1 15 2
171 335
1 7 2
262 456
1 3 2
196 264
1 15 2
162 488
1 14 2
38 39
1 3 2
218 324
1 7 2
149 402
1 15 2
165 494
1 5 2
52 342
1 10 2
123 250
1 13 2
210 246
1 8 2
273 485
1 15 2
52 258
1 14 2
33 423
1 2 2
420 482
1 6 2
101 175
1 14 2
366 408
1 15 2
274 427
1 12 2
8 265
1 3 2
273 446
1 15 2
175 220
1 2 2
382 472
1 12 2
332 392
1 15 2
382 459
1 14 2
10 211
1 9 2
250 285
1 8 2
186 366
1 9 2
20 230
1 14 2
133 174
1 6 2
67 237
1 10 2
284 395
1 8 2
25 123
1 8 2
14 149
1 11 2
15 254
1 12 2
400 475
1 15 2
269 496
1 12 2
306 315
1 3 2
221 496
1 9 2
134 463
1 13 2
124 140
1 6 2
98 382
1 5 2
141 281
1 3 2
280 452
1 4 2
292 422
1 4 2
42 483
1 3 2
38 450
1 14 2
55 58
1 6 2
94 479
1 4 2
126 451
1 12 2
20 452
1 8 2
174 458
1 8 2
29 259
1 10 2
210 372
1 7 2
93 432
1 10 2
354 361
1 2 2
23 328
1 6 2
278 399
1 5 2
110 335
1 4 2
268 356
1 3 2
39 207
1 2 2
216 247
1 3 2
108 156
1 3 2
123 472
1 9 2
138 371
1 13 2
20 259
1 8 2
109 423
1 10 2
56 152
1 2 2
202 380
1 2 2
237 464
1 15 2
60 90
1 6 2
200 321
1 8 2
317 406
1 9 2
93 336
1 4 2
335 472
1 3 2
124 247
1 10 2
38 309
1 5 2
185 490
1 10 2
221 338
1 13 2
390 491
1 9 2
195 420
1 13 2
214 361
1 9 2
370 389
1 6 2
100 239
1 5 2
176 185
1 12 2
109 406
1 9 2
153 459
1 10 2
20 369
1 8 2
455 465
1 14 2
28 55
1 8 2
392 428
1 11 2
184 219
1 11 2
398 434
1 11 2
97 392
1 4 2
12 110
1 11 2
487 492
1 13 2
215 484
1 3 2
211 265
1 13 2
62 489
1 5 2
199 428
1 5 2
4 163
1 11 2
0 386
1 7 2
2 434
1 8 2
35 337
1 15 2
226 263
1 8 2
384 479
1 8 2
58 497
1 6 2
270 401
1 5 2
26 335
1 5 2
273 282
1 14 2
112 337
1 2 2
66 379
1 3 2
200 352
1 4 2
24 459
1 6 2
257 488
1 11 2
200 467
1 3 2
99 430
1 13 2
121 360
1 15 2
62 95
1 14 2
84 90
1 8 2
86 444
1 6 2
39 435
1 9 2
265 325
1 15 2
228 340
1 4 2
142 187
1 14 2
154 416
1 2 2
64 426
1 15 2
144 294
1 5 2
220 431
1 5 2
182 290
1 6 2
59 444
1 10 2
297 318
1 10 2
263 332
1 14 2
259 409
1 14 2
96 273
1 12 2
248 357
1 8 2
315 476
1 5 2
122 219
1 2 2
93 151
1 10 2
246 441
1 13 2
329 354
1 6 2
125 452
1 12 2
68 138
1 3 2
345 386
1 5 2
68 436
1 14 2
29 263
1 6 2
406 463
1 3 2
382 447
1 11 2
0 338
1 8 2
269 388
1 6 2
137 342
1 7 2
432 468
1 14 2
40 478
1 13 2
169 230
1 5 2
193 312
1 9 2
296 308
1 8 2
233 430
1 7 2
33 420
1 13 2
189 357
1 6 2
11 303
1 3 2
88 236
1 11 2
303 481
1 13 2
167 407
1 4 2
373 469
1 12 2
157 455
1 13 2
83 408
1 15 2
242 297
1 5 2
301 304
1 6 2
177 235
1 12 2
192 457
1 12 2
2 418
1 11 2
57 290
1 6 2
279 421
1 6 2
156 401
1 5 2
36 142
1 5 2
124 206
1 6 2
87 287
1 6 2
308 353
1 10 2
27 195
1 5 2
197 291
1 10 2
361 394
1 3 2
214 306
1 6 2
276 325
1 9 2
204 238
1 4 2
145 459
1 6 2
32 217
1 12 2
164 173
1 3 2
115 337
1 15 2
20 309
1 15 2
209 421
1 8 2
319 433
1 14 2
54 140
1 15 2
100 391
1 14 2
91 248
1 7 2
240 259
1 3 2
53 454
1 4 2
263 382
1 6 2
76 394
1 12 2
293 464
1 3 2
157 427
1 5 2
266 474
1 3 2
55 268
1 8 2
146 380
1 11 2
75 131
1 14 2
233 366
1 5 2
20 387
1 11 2
34 319
1 6 2
26 271
1 3 2
77 321
1 9 2
379 405
1 4 2
27 39
1 8 2
113 181
1 15 2
46 143
1 6 2
174 467
1 13 2
157 225
1 13 2
204 209
1 3 2
211 308
1 5 2
166 333
1 8 2
86 109
1 3 2
236 303
1 15 2
19 420
1 11 2
265 284
1 10 2
70 284
1 9 2
455 482
1 13 2
126 160
1 2 2
11 489
1 3 2
106 132
1 10 2
251 307
1 5 2
48 95
1 11 2
132 466
1 12 2
63 113
1 15 2
101 223
1 3 2
80 348
1 10 2
8 396
1 8 2
327 371
1 12 2
113 277
1 13 2
5 440
1 15 2
318 346
1 14 2
16 431
1 10 2
26 256
1 8 2
195 216
1 6 2
19 262
1 3 2
326 390
1 7 2
176 264
1 5 2
49 474
1 5 2
138 277
1 14 2
154 320
1 11 2
102 172
1 8 2
330 460
1 6 2
72 430
1 12 2
293 472
1 15 2
341 404
1 10 2
88 211
1 11 2
159 454
1 6 2
7 331
1 3 2
13 89
1 2 2
137 378
1 14 2
66 396
1 8 2
200 342
1 5 2
158 471
1 13 2
366 394
1 14 2
452 480
1 4 2
69 358
1 15 2
213 224
1 8 2
57 371
1 12 2
220 467
1 4 2
0 47
1 14 2
86 341
1 4 2
94 388
1 4 2
241 243
1 5 2
329 379
1 7 2
23 235
1 9 2
151 166
1 12 2
93 186
1 6 2
31 36
1 9 2
69 106
1 12 2
144 342
1 12 2
8 180
1 7 2
149 273
1 5 2
135 348
1 6 2
224 474
1 14 2
111 126
1 7 2
122 437
1 5 2
318 475
1 8 2
83 293
1 13 2
400 468
1 13 2
249 253
1 5 2
129 244
1 2 2
213 441
1 5 2
250 336
1 7 2
273 461
1 10 2
114 425
1 2 2
248 265
1 12 2
216 223
1 14 2
171 379
1 4 2
111 259
1 13 2
115 409
1 12 2
338 352
1 10 2
338 358
1 8 2
58 219
1 9 2
380 428
1 4 2
193 241
1 15 2
227 229
1 13 2
9 193
1 7 2
25 430
1 12 2
136 277
1 6 2
213 418
1 2 2
44 235
1 14 2
317 382
1 2 2
99 201
1 12 2
30 340
1 15 2
275 469
1 2 2
20 214
1 5 2
12 354
1 11 2
47 49
1 12 2
287 475
1 3 2
57 453
1 11 2
128 333
1 9 2
221 406
1 5 2
390 459
1 2 2
466 493
1 10 2
408 469
1 15 2
15 123
1 14 2
235 349
1 13 2
53 181
1 3 2
50 439
1 4 2
247 484
1 13 2
40 498
1 13 2
133 423
1 7 2
38 431
1 3 2
114 133
1 8 2
375 413
1 12 2
74 463
1 8 2
34 438
1 13 2
64 313
1 13 2
49 128
1 2 2
148 404
1 4 2
10 84
1 10 2
106 308
1 13 2
118 408
1 12 2
81 214
1 9 2
118 490
1 5 2
197 377
1 10 2
2 97
1 2 2
45 472
1 13 2
134 268
1 15 2
60 432
1 3 2
370 474
1 14 2
369 454
1 15 2
182 224
1 13 2
144 433
1 13 2
54 497
1 7 2
138 324
1 12 2
38 375
1 8 2
281 474
1 5 2
362 388
1 8 2
211 295
1 7 2
90 361
1 2 2
16 82
1 10 2
12 48
1 3 2
61 423
1 9 2
279 469
1 6 2
238 299
1 11 2
64 210
1 10 2
143 326
1 4 2
37 471
1 15 2
85 368
1 6 2
357 448
1 12 2
257 264
1 13 2
88 337
1 4 2
169 417
1 7 2
323 398
1 4 2
223 307
1 6 2
215 368
1 7 2
122 399
1 8 2
155 323
1 3 2
38 359
1 13 2
123 425
1 2 2
48 438
1 5 2
78 460
1 7 2
21 356
1 5 2
233 463
1 3 2
32 371
1 10 2
303 475
1 4 2
26 141
1 3 2
45 394
1 4 2
38 183
1 13 2
103 393
1 12 2
35 156
1 15 2
47 205
1 13 2
38 347
1 2 2
170 289
1 10 2
56 237
1 7 2
184 269
1 6 2
70 345
1 10 2
476 483
1 3 2
76 422
1 8 2
223 304
1 5 2
92 115
1 7 2
412 499
1 13 2
18 418
1 13 2
182 277
1 9 2
55 483
1 5 2
147 490
1 13 2
51 181
1 2 2
319 467
1 8 2
71 91
1 7 2
136 479
1 14 2
22 467
1 3 2
335 356
1 12 2
246 344
1 9 2
448 449
1 11 2
37 434
1 9 2
67 215
1 12 2
136 376
1 3 2
109 316
1 8 2
338 368
1 4 2
222 237
1 14 2
144 481
1 6 2
210 456
1 7 2
187 314
1 13 2
265 469
1 11 2
324 420
1 3 2
258 311
1 14 2
48 494
1 15 2
59 358
1 11 2
314 434
1 3 2
407 417
1 5 2
21 166
1 10 2
22 427
1 7 2
125 152
1 12 2
220 267
1 2 2
79 281
1 8 2
431 450
1 7 2
346 457
1 6 2
59 151
1 6 2
167 488
1 5 2
56 173
1 15 2
151 359
1 13 2
112 497
1 15 2
279 452
1 2 2
82 264
1 9 2
364 436
1 8 2
154 435
1 3 2
86 192
1 3 2
164 195
1 15 2
41 415
1 9 2
166 478
1 4 2
399 468
1 6 2
317 424
1 4 2
71 229
1 7 2
433 478
1 11 2
71 471
1 2 2
96 330
1 10 2
146 188
1 8 2
27 227
1 8 2
122 299
1 8 2
238 260
1 14 2
114 322
1 13 2
277 436
1 13 2
183 382
1 11 2
1 371
1 5 2
21 212
1 15 2
168 274
1 8 2
98 340
1 8 2
60 267
1 2 2
103 492
1 5 2
115 315
1 9 2
208 462
1 9 2
167 389
1 7 2
153 295
1 15 2
89 319
1 7 2
0 270
1 5 2
36 74
1 6 2
309 437
1 10 2
36 469
1 2 2
328 365
1 9 2
73 100
1 3 2
146 284
1 9 2
39 393
1 15 2
113 132
1 2 2
20 317
1 14 2
86 423
1 5 2
344 452
1 8 2
177 280
1 10 2
31 140
1 9 2
186 473
1 9 2
77 84
1 11 2
108 230
1 11 2
0 404
1 11 2
174 369
1 7 2
257 278
1 15 2
160 422
1 9 2
43 289
1 3 2
290 437
1 7 2
24 112
1 14 2
230 285
1 11 2
82 391
1 13 2
166 247
1 13 2
25 450
1 10 2
212 415
1 15 2
10 425
1 9 2
85 412
1 3 2
80 446
1 7 2
79 396
1 4 2
206 239
1 5 2
190 467
1 6 2
378 412
1 13 2
288 299
1 7 2
68 470
1 8 2
193 278
1 13 2
33 94
1 10 2
218 406
1 15 2
264 270
1 13 2
60 389
1 10 2
317 423
1 11 2
148 220
1 7 2
79 367
1 11 2
36 171
1 4 2
156 236
1 11 2
212 303
1 8 2
290 346
1 3 2
29 333
1 9 2
56 376
1 4 2
376 447
1 2 2
250 287
1 6 2
69 341
1 7 2
20 475
1 5 2
41 468
1 8 2
191 250
1 10 2
179 493
1 3 2
184 218
1 11 2
69 320
1 15 2
283 370
1 14 2
27 134
1 2 2
115 248
1 10 2
57 93
1 15 2
41 111
1 15 2
263 336
1 15 2
155 354
1 8 2
308 365
1 5 2
139 175
1 9 2
62 156
1 8 2
263 385
1 7 2
48 154
1 6 2
82 492
1 3 2
74 415
1 15 2
105 287
1 14 2
336 380
1 6 2
146 164
1 7 2
71 275
1 5 2
201 429
1 9 2
141 485
1 9 2
30 97
1 10 2
300 341
1 4 2
92 188
1 15 2
59 427
1 11 2
293 360
1 12 2
83 340
1 11 2
301 361
1 15 2
190 307
1 10 2
78 316
1 2 2
57 196
1 14 2
251 437
1 5 2
69 460
1 2 2
102 108
1 5 2
171 485
1 3 2
27 255
1 14 2
289 332
1 7 2
368 444
1 6 2
133 481
1 13 2
348 429
1 15 2
125 488
1 3 2
292 353
1 10 2
224 264
1 15 2
173 477
1 9 2
55 384
1 10 2
78 102
1 12 2
119 124
1 13 2
213 430
1 3 2
171 406
1 6 2
240 484
1 5 2
119 207
1 14 2
337 475
1 8 2
33 43
1 12 2
7 9
1 8 2
30 439
1 10 2
165 240
1 10 2
362 384
1 3 2
130 156
1 7 2
2 16
1 6 2
142 219
1 12 2
83 486
1 4 2
7 110
1 4 2
425 470
1 15 2
84 360
1 11 2
187 255
1 3 2
125 330
1 7 2
425 480
1 5 2
356 395
1 3 2
5 274
1 13 2
220 316
1 4 2
302 368
1 14 2
14 314
1 12 2
217 397
1 9 2
69 482
1 11 2
230 492
1 8 2
150 237
1 2 2
429 445
1 6 2
5 395
1 7 2
85 305
1 6 2
95 497
1 7 2
49 146
1 10 2
21 221
1 8 2
239 355
1 8 2
367 382
1 3 2
237 283
1 7 2
217 224
1 12 2
7 348
1 14 2
6 280
1 2 2
270 297
1 6 2
95 174
1 2 2
108 309
1 6 2
129 282
1 10 2
128 289
1 7 2
105 242
1 6 2
101 152
1 8 2
141 280
1 13 2
351 488
1 2 2
230 446
1 11 2
130 398
1 15 2
34 473
1 14 2
2 415
1 3 2
103 195
1 5 2
216 426
1 9 2
1 373
1 6 2
65 250
1 11 2
189 492
1 13 2
87 240
1 13 2
182 186
1 14 2
144 359
1 8 2
189 272
1 2 2
91 454
1 11 2
76 113
1 13 2
174 230
1 14 2
108 112
1 9 2
251 492
1 6 2
35 423
1 15 2
44 394
1 12 2
49 288
1 12 2
11 473
1 9 2
115 177
1 10 2
0 132
1 8 2
161 339
1 3 2
229 457
1 7 2
249 455
1 2 2
73 497
1 7 2
234 436
1 3 2
47 250
1 5 2
209 476
1 11 2
81 103
1 7 2
344 429
1 8 2
54 68
1 10 2
369 458
1 15 2
268 384
1 13 2
194 318
1 4 2
159 403
1 2 2
196 427
1 6 2
279 400
1 15 2
145 458
1 3 2
67 245
1 9 2
82 388
1 9 2
268 496
1 15 2
63 356
1 8 2
66 395
1 7 2
146 170
1 14 2
26 467
1 11 2
223 385
1 13 2
67 439
1 12 2
284 341
1 5 2
20 56
1 5 2
21 287
1 7 2
333 339
1 8 2
33 397
1 11 2
149 236
1 3 2
92 459
1 11 2
282 295
1 12 2
106 367
1 15 2
215 383
1 3 2
132 436
1 9 2
28 150
1 4 2
288 470
1 9 2
337 422
1 9 2
30 229
1 11 2
103 421
1 9 2
147 304
1 8 2
117 176
1 15 2
253 377
1 6 2
237 363
1 2 2
232 395
1 7 2
229 351
1 14 2
299 489
1 11 2
171 351
1 15 2
397 413
1 12 2
139 253
1 8 2
165 198
1 2 2
64 195
1 12 2
465 472
1 4 2
40 464
1 14 2
28 427
1 7 2
4 382
1 5 2
329 388
1 14 2
10 96
1 11 2
25 453
1 10 2
186 364
1 5 2
167 193
1 4 2
9 404
1 14 2
432 471
1 6 2
100 112
1 12 2
186 329
1 11 2
101 181
1 5 2
170 404
1 11 2
135 363
1 8 2
69 387
1 7 2
246 460
1 2 2
69 99
1 8 2
7 57
1 4 2
96 325
1 9 2
49 406
1 10 2
127 370
1 14 2
230 265
1 2 2
403 430
1 2 2
53 471
1 9 2
70 377
1 5 2
7 213
1 6 2
34 287
1 3 2
58 413
1 8 2
103 290
1 5 2
264 419
1 11 2
148 165
1 12 2
193 437
1 10 2
284 318
1 10 2
188 363
1 13 2
340 489
1 9 2
19 283
1 4 2
171 436
1 12 2
156 334
1 4 2
33 222
1 4 2
361 432
1 13 2
55 312
1 13 2
142 470
1 3 2
65 274
1 14 2
135 406
1 12 2
150 232
1 13 2
257 354
1 12 2
73 300
1 15 2
108 436
1 9 2
123 430
1 15 2
73 304
1 13 2
293 393
1 6 2
1 196
1 11 2
171 477
1 3 2
41 158
1 7 2
0 42
1 3 2
154 317
1 14 2
216 434
1 9 2
56 138
1 2 2
313 448
1 10 2
238 393
1 12 2
34 239
1 14 2
160 414
1 13 2
303 350
1 6 2
62 366
1 2 2
274 392
1 9 2
153 185
1 12 2
18 408
1 11 2
94 254
1 9 2
235 370
1 3 2
68 71
1 3 2
193 360
1 8 2
33 99
1 3 2
138 273
1 6 2
17 45
1 14 2
108 413
1 9 2
197 226
1 3 2
140 267
1 4 2
64 312
1 14 2
110 200
1 2 2
83 90
1 9 2
223 410
1 3 2
230 353
1 7 2
106 319
1 14 2
16 383
1 3 2
241 370
1 3 2
136 242
1 9 2
262 397
1 6 2
88 263
1 3 2
234 401
1 2 2
89 246
1 13 2
102 379
1 12 2
291 294
1 13 2
121 144
1 14 2
193 460
1 2 2
425 481
1 3 2
79 102
1 4 2
240 354
1 8 2
92 416
1 8 2
197 486
1 9 2
20 85
1 5 2
412 450
1 9 2
264 428
1 7 2
97 115
1 3 2
49 335
1 3 2
50 61
1 8 2
347 436
1 12 2
421 429
1 12 2
3 435
1 15 2
99 489
1 3 2
137 369
1 2 2
150 169
1 5 2
314 464
1 2 2
288 294
1 4 2
189 250
1 3 2
212 307
1 7 2
95 171
1 10 2
174 254
1 14 2
299 357
1 14 2
115 140
1 6 2
20 338
1 12 2
260 309
1 5 2
49 369
1 2 2
232 479
1 12 2
76 92
1 15 2
325 379
1 14 2
8 301
1 13 2
124 363
1 2 2
123 273
1 11 2
178 370
1 8 2
105 413
1 3 2
409 426
1 2 2
182 274
1 6 2
71 123
1 13 2
226 445
1 2 2
173 277
1 14 2
8 374
1 8 2
28 146
1 13 2
130 328
1 10 2
60 463
1 6 2
88 101
1 11 2
62 396
1 12 2
201 362
1 8 2
62 353
1 11 2
134 320
1 3 2
85 426
1 5 2
197 451
1 15 2
199 338
1 2 2
426 476
1 4 2
51 453
1 5 2
97 114
1 6 2
233 360
1 13 2
172 370
1 2 2
130 330
1 8 2
3 168
1 2 2
46 83
1 2 2
30 459
1 7 2
164 301
1 15 2
0 97
1 10 2
139 291
1 13 2
24 462
1 14 2
43 389
1 3 2
318 454
1 10 2
135 293
1 8 2
156 418
1 15 2
150 272
1 5 2
32 352
1 10 2
248 453
1 13 2
209 315
1 15 2
333 491
1 14 2
36 284
1 7 2
348 395
1 6 2
378 409
1 7 2
68 339
1 14 2
130 274
1 15 2
182 477
1 7 2
376 436
1 15 2
226 304
1 11 2
56 228
1 6 2
254 488
1 13 2
410 498
1 12 2
129 330
1 9 2
276 391
1 7 2
86 123
1 6 2
156 279
1 7 2
150 344
1 11 2
181 473
1 14 2
7 388
1 15 2
122 485
1 11 2
156 416
1 5 2
71 112
1 12 2
245 275
1 14 2
237 376
1 14 2
367 391
1 7 2
434 464
1 13 2
68 185
1 10 2
72 403
1 4 2
360 419
1 8 2
230 442
1 12 2
248 288
1 14 2
90 196
1 9 2
119 140
1 4 2
36 398
1 15 2
247 348
1 12 2
175 178
1 13 2
87 195
1 13 2
184 249
1 8 2
37 246
1 3 2
264 371
1 11 2
57 258
1 2 2
101 104
1 9 2
380 456
1 6 2
28 215
1 6 2
255 435
1 3 2
3 232
1 6 2
120 420
1 2 2
326 337
1 15 2
69 211
1 3 2
236 271
1 11 2
410 497
1 8 2
156 194
1 6 2
255 371
1 5 2
198 285
1 13 2
195 248
1 2 2
416 426
1 10 2
112 394
1 7 2
101 268
1 5 2
168 232
1 3 2
129 151
1 5 2
372 495
1 10 2
16 106
1 15 2
158 222
1 8 2
97 353
1 11 2
36 64
1 12 2
103 164
1 11 2
25 260
1 8 2
147 311
1 12 2
87 462
1 2 2
256 392
1 7 2
46 362
1 10 2
45 92
1 6 2
370 453
1 6 2
166 231
1 6 2
0 314
1 12 2
108 213
1 7 2
172 189
1 2 2
209 480
1 3 2
83 350
1 12 2
325 470
1 9 2
124 249
1 12 2
480 491
1 4 2
131 342
1 13 2
164 498
1 6 2
260 387
1 8 2
99 350
1 15 2
55 325
1 10 2
32 354
1 7 2
170 173
1 8 2
254 274
1 5 2
310 462
1 12 2
131 373
1 9 2
238 479
1 2 2
141 175
1 3 2
238 313
1 11 2
423 446
1 5 2
63 142
1 15 2
327 365
1 11 2
1 124
1 3 2
281 495
1 11 2
286 337
1 8 2
64 67
1 13 2
55 307
1 13 2
41 423
1 15 2
172 328
1 5 2
316 453
1 3 2
210 359
1 2 2
187 494
1 4 2
111 425
1 13 2
90 352
1 7 2
11 321
1 10 2
122 432
1 5 2
72 467
1 5 2
34 251
1 8 2
119 134
1 11 2
85 464
1 8 2
27 334
1 6 2
122 478
1 13 2
81 478
1 11 2
163 243
1 4 2
364 367
1 10 2
226 338
1 13 2
234 318
1 12 2
210 349
1 11 2
353 415
1 12 2
257 287
1 5 2
30 347
1 15 2
154 176
1 6 2
222 304
1 6 2
409 441
1 5 2
121 145
1 13 2
85 319
1 12 2
79 320
1 4 2
41 243
1 15 2
414 448
1 9 2
161 381
1 15 2
374 414
1 10 2
251 331
1 7 2
65 258
1 3 2
0 455
1 3 2
294 337
1 14 2
37 324
1 14 2
154 404
1 2 2
108 245
1 7 2
285 389
1 2 2
39 75
1 4 2
232 291
1 6 2
118 417
1 8 2
178 478
1 11 2
54 460
1 13 2
371 432
1 6 2
79 486
1 3 2
173 192
1 4 2
171 211
1 3 2
64 476
1 9 2
130 143
1 8 2
367 379
1 14 2
55 150
1 8 2
162 231
1 9 2
160 381
1 6 2
68 301
1 4 2
217 448
1 6 2
77 332
1 3 2
12 266
1 7 2
63 115
1 14 2
4 364
1 6 2
24 231
1 15 2
79 480
1 14 2
327 367
1 8 2
336 464
1 9 2
45 352
1 14 2
374 488
1 8 2
272 479
1 9 2
190 409
1 14 2
90 285
1 7 2
209 317
1 15 2
119 418
1 4 2
152 405
1 10 2
173 450
1 2 2
12 163
1 10 2
15 124
1 4 2
255 280
1 5 2
201 412
1 13 2
30 477
1 2 2
215 365
1 11 2
472 496
1 11 2
26 190
1 3 2
151 385
1 11 2
119 121
1 8 2
22 256
1 12 2
151 387
1 8 2
58 422
1 7 2
121 173
1 13 2
175 416
1 10 2
229 408
1 11 2
101 444
1 12 2
254 412
1 5 2
114 259
1 8 2
145 220
1 10 2
249 482
1 9 2
271 363
1 3 2
69 389
1 15 2
253 298
1 5 2
349 496
1 12 2
175 213
1 12 2
298 359
1 9 2
60 356
1 13 2
42 105
1 11 2
240 430
1 14 2
176 489
1 7 2
121 206
1 14 2
283 296
1 3 2
258 320
1 19 2
298 443
1 19 2
197 384
1 20 2
7 71
1 17 2
209 486
1 29 2
299 419
1 20 2
74 201
1 21 2
391 441
1 16 2
424 476
1 13 2
13 326
1 14 2
210 348
1 20 2
181 193
1 12 2
178 183
1 11 2
4 261
1 16 2
422 444
1 17 2
118 481
1 19 2
138 253
1 10 2
5 310
1 8 2
43 279
1 11 2
402 417
1 12 2
161 469
1 22 2
198 265
1 9 2
206 290
1 17 2
194 323
1 22 2
93 226
1 17 2
187 464
1 28 2
7 272
1 7 2
351 352
1 12 2
114 211
1 26 2
147 445
1 16 2
67 246
1 10 2
202 261
1 15 2
182 404
1 13 2
12 87
1 18 2
307 355
1 22 2
156 271
1 23 2
85 289
1 21 2
220 414
1 23 2
360 373
1 6 2
94 156
1 18 2
33 181
1 19 2
324 370
1 17 2
188 385
1 19 2
326 335
1 21 2
115 203
1 15 2
2 451
1 28 2
36 476
