500 2972 1500
23 11 16 12 9 12 8 8 10 7 24 15 25 20 22 22 9 18 14 11 15 14 7 21 5 19 8 25 9 6 19 17 19 25 11 17 13 14 25 17 15 19 17 14 24 16 17 25 23 24 5 11 19 5 10 22 14 12 14 11 12 22 11 22 13 12 6 14 9 24 19 25 8 13 17 16 10 9 15 11 13 19 18 7 15 5 23 12 11 21 20 14 13 22 19 5 20 15 8 25 9 5 17 18 25 18 24 22 18 8 8 8 23 18 25 14 14 23 7 15 18 21 11 14 16 5 9 18 21 19 9 15 23 25 8 6 15 6 22 6 22 11 17 17 12 23 8 19 14 11 20 13 16 11 7 9 24 20 18 24 14 21 25 16 10 25 6 11 5 23 10 12 21 9 9 25 22 13 21 19 10 6 18 18 24 24 20 25 10 19 21 12 10 20 23 20 19 22 13 20 6 6 16 6 5 6 22 5 10 5 16 11 22 16 16 12 17 22 5 16 5 10 14 11 12 17 9 16 8 15 13 13 8 25 6 15 5 17 7 14 22 6 5 15 13 21 22 16 23 9 13 24 19 14 13 22 6 10 6 23 18 6 15 18 5 17 15 7 16 10 22 8 14 23 5 24 9 8 23 24 13 24 18 9 18 14 16 10 14 24 14 23 16 6 6 22 18 22 9 19 20 15 9 7 19 12 22 9 6 8 22 6 23 19 25 20 23 20 16 21 5 13 10 11 22 15 6 25 8 20 10 19 16 17 16 5 8 11 7 7 19 5 11 11 5 6 9 25 5 18 20 10 5 21 16 18 8 17 17 16 20 22 16 8 7 19 14 6 17 6 22 6 24 19 12 15 19 21 23 25 20 25 12 17 5 23 5 22 22 11 17 5 20 8 19 16 13 7 7 25 10 25 6 13 8 17 17 24 13 21 13 23 9 25 14 21 14 6 9 21 19 10 13 25 21 13 11 17 23 11 23 21 12 5 9 25 16 22 14 6 22 23 10 8 24 8 18 21 15 20 6 24 20 9 23 5 20 13 20 18 25 23 16 20 24 17 7 7 20 16 7 18 10 23 7 18 14 11 5 24 8 11 25 15 10 14 6 13 24 19 14 19 10 7 21 20 14 23 11 5
3 15 10 4 12 17 11 12 4 7 8 17 12 19 20 10 8 7 6 16 10 3 5 14 15 16 5 10 11 6 19 6 12 3 12 19 5 12 4 6 4 17 15 11 6 12 17 19 5 12 19 10 16 4 4 5 4 4 10 10 9 3 14 15 7 3 10 11 14 19 19 5 20 12 12 17 14 12 8 17 9 11 4 7 3 3 15 9 8 3 15 17 5 14 20 11 7 12 14 14 12 10 10 17 5 5 13 19 16 20 15 16 11 19 17 7 6 12 5 6 18 14 20 6 15 14 12 13 7 15 19 19 14 17 9 19 14 19 17 19 14 17 13 16 17 18 9 6 17 16 7 9 9 7 20 15 7 18 12 11 5 15 3 19 15 10 9 13 7 19 6 5 10 10 9 6 4 10 3 14 6 14 8 7 9 18 11 3 6 6 18 19 8 15 16 18 10 7 10 6 20 12 19 11 11 6 15 6 9 17 18 4 9 4 9 9 9 8 20 9 14 6 8 13 10 8 15 16 3 8 19 20 9 18 4 18 7 8 8 11 14 20 18 7 19 19 17 20 8 12 17 6 3 19 18 16 9 17 13 16 11 12 13 12 13 4 20 13 14 9 11 9 16 12 6 6 15 20 3 15 13 3 16 16 4 13 6 16 5 19 3 11 20 12 6 20 9 19 8 11 13 19 5 6 20 10 11 9 9 20 15 15 13 18 17 13 20 15 12 9 3 11 9 14 15 19 14 3 3 5 16 14 19 10 20 3 19 19 3 6 5 3 12 13 6 14 17 12 3 11 16 8 14 8 4 16 19 13 10 8 7 18 5 18 7 19 4 7 14 17 14 7 4 8 11 17 20 18 11 7 16 18 6 5 8 14 7 5 13 13 17 13 13 10 13 12 16 11 13 14 8 11 7 20 9 7 13 19 5 19 10 18 18 9 4 10 17 18 5 11 6 12 4 12 19 14 16 5 17 8 13 17 8 13 8 6 3 20 9 7 5 9 5 5 7 15 14 3 12 13 19 7 6 20 20 20 17 20 3 12 16 10 17 4 16 4 4 17 17 8 20 9 4 15 20 13 13 18 10 11 6 13 9 15 9 17 10 6 14 9 19 3 8 7 20 8 6 9 5 15
1 5 2
96 221
1 2 2
32 239
1 13 2
22 37
1 4 2
116 302
1 7 2
105 378
1 6 2
128 262
1 9 2
8 249
1 11 2
217 400
1 10 2
209 366
1 2 2
12 25
1 2 2
117 363
1 10 2
57 123
1 7 2
69 422
1 10 2
298 351
1 12 2
457 471
1 9 2
218 265
1 12 2
15 486
1 13 2
172 419
1 13 2
166 494
1 2 2
90 195
1 3 2
341 461
1 2 2
286 407
1 8 2
31 39
1 2 2
251 410
1 8 2
231 310
1 4 2
58 101
1 10 2
156 364
1 10 2
202 485
1 14 2
332 373
1 10 2
329 461
1 7 2
248 456
1 11 2
158 251
1 13 2
250 345
1 12 2
124 366
1 10 2
115 298
1 2 2
22 98
1 9 2
276 304
1 8 2
118 140
1 10 2
32 89
1 10 2
176 497
1 8 2
265 433
1 11 2
1 236
1 8 2
120 435
1 12 2
4 429
1 9 2
217 230
1 15 2
239 428
1 12 2
213 467
1 6 2
38 274
1 13 2
28 109
1 11 2
109 304
1 14 2
79 144
1 9 2
25 86
1 8 2
173 178
1 10 2
259 328
1 12 2
107 257
1 8 2
139 252
1 10 2
153 461
1 4 2
272 466
1 12 2
155 284
1 13 2
197 369
1 11 2
192 309
1 12 2
196 310
1 5 2
372 484
1 11 2
116 295
1 12 2
234 440
1 5 2
11 462
1 6 2
0 62
1 7 2
110 279
1 12 2
251 306
1 6 2
150 256
1 2 2
289 305
1 3 2
287 470
1 5 2
32 237
1 5 2
205 242
1 3 2
397 483
1 8 2
5 77
1 14 2
1 451
1 11 2
7 44
1 13 2
135 267
1 15 2
347 491
1 7 2
300 462
1 2 2
353 436
1 10 2
440 495
1 6 2
297 419
1 3 2
5 337
1 2 2
440 450
1 11 2
329 364
1 2 2
175 487
1 3 2
446 497
1 8 2
7 377
1 2 2
52 306
1 10 2
71 195
1 8 2
140 384
1 5 2
37 459
1 13 2
108 207
1 15 2
115 411
1 2 2
65 395
1 9 2
44 279
1 10 2
103 120
1 13 2
3 62
1 13 2
11 480
1 9 2
31 414
1 13 2
128 279
1 11 2
231 394
1 10 2
189 356
1 6 2
289 492
1 7 2
214 291
1 13 2
40 370
1 9 2
318 360
1 13 2
260 334
1 10 2
15 495
1 12 2
194 220
1 3 2
418 423
1 5 2
309 452
1 7 2
240 332
1 7 2
37 57
1 6 2
180 318
1 2 2
58 308
1 2 2
11 71
1 9 2
145 415
1 15 2
73 295
1 4 2
267 339
1 4 2
8 268
1 8 2
13 444
1 7 2
89 462
1 5 2
464 495
1 8 2
140 278
1 5 2
120 195
1 9 2
293 394
1 2 2
219 296
1 14 2
326 338
1 11 2
38 75
1 12 2
110 322
1 15 2
52 248
1 13 2
237 257
1 7 2
439 470
1 10 2
17 476
1 3 2
252 262
1 2 2
70 259
1 8 2
350 483
1 4 2
312 373
1 14 2
132 262
1 13 2
310 445
1 4 2
49 107
1 9 2
8 408
1 13 2
299 456
1 12 2
7 117
1 7 2
216 301
1 2 2
49 386
1 8 2
204 347
1 4 2
184 473
1 8 2
75 209
1 13 2
88 128
1 8 2
218 431
1 3 2
35 482
1 10 2
35 265
1 4 2
321 359
1 11 2
282 368
1 7 2
278 380
1 2 2
46 74
1 7 2
447 494
1 14 2
60 319
1 5 2
128 145
1 13 2
108 440
1 15 2
10 349
1 10 2
57 440
1 10 2
76 99
1 4 2
187 302
1 14 2
91 305
1 4 2
228 369
1 6 2
90 341
1 15 2
235 307
1 9 2
169 332
1 15 2
236 354
1 6 2
110 410
1 13 2
126 280
1 14 2
17 488
1 3 2
35 270
1 10 2
235 409
1 10 2
59 172
1 5 2
334 456
1 14 2
27 351
1 5 2
191 367
1 12 2
52 69
1 15 2
68 353
1 10 2
140 433
1 2 2
72 241
1 12 2
472 484
1 14 2
22 64
1 11 2
255 395
1 2 2
130 269
1 14 2
306 376
1 7 2
338 490
1 9 2
15 118
1 13 2
169 425
1 15 2
10 421
1 13 2
245 446
1 11 2
298 308
1 9 2
236 375
1 9 2
77 304
1 7 2
29 114
1 12 2
149 333
1 9 2
15 301
1 8 2
205 483
1 5 2
42 52
1 4 2
170 272
1 11 2
370 434
1 3 2
5 257
1 8 2
145 468
1 4 2
78 277
1 11 2
74 448
1 10 2
298 313
1 2 2
57 58
1 14 2
375 399
1 5 2
54 335
1 7 2
73 349
1 15 2
68 136
1 14 2
211 470
1 13 2
17 208
1 3 2
16 226
1 5 2
48 250
1 5 2
195 414
1 4 2
11 424
1 3 2
240 458
1 12 2
54 441
1 11 2
274 387
1 7 2
137 259
1 8 2
9 188
1 8 2
188 258
1 5 2
158 419
1 3 2
315 383
1 6 2
29 333
1 7 2
136 381
1 7 2
37 433
1 8 2
128 241
1 9 2
131 270
1 8 2
316 431
1 3 2
25 316
1 6 2
234 279
1 15 2
263 407
1 4 2
63 86
1 5 2
125 171
1 12 2
122 159
1 10 2
49 465
1 8 2
288 412
1 10 2
96 356
1 3 2
123 440
1 7 2
76 261
1 11 2
178 283
1 10 2
210 321
1 13 2
111 151
1 8 2
288 311
1 12 2
309 466
1 15 2
179 327
1 5 2
374 398
1 15 2
139 191
1 12 2
109 377
1 5 2
276 452
1 10 2
330 381
1 9 2
17 168
1 6 2
38 383
1 8 2
53 90
1 10 2
316 341
1 9 2
203 452
1 10 2
172 243
1 7 2
89 109
1 7 2
137 219
1 7 2
324 447
1 14 2
124 335
1 2 2
117 316
1 4 2
356 420
1 9 2
109 139
1 15 2
271 345
1 6 2
45 474
1 6 2
281 293
1 12 2
147 349
1 9 2
153 494
1 11 2
232 477
1 15 2
106 153
1 5 2
206 414
1 13 2
223 289
1 9 2
28 301
1 12 2
63 305
1 6 2
237 251
1 2 2
90 188
1 7 2
54 209
1 12 2
338 478
1 14 2
359 377
1 2 2
322 363
1 10 2
234 374
1 9 2
356 401
1 8 2
202 224
1 8 2
24 251
1 3 2
43 298
1 9 2
58 124
1 12 2
238 302
1 3 2
54 318
1 14 2
128 363
1 11 2
154 370
1 10 2
23 138
1 3 2
14 468
1 11 2
24 470
1 3 2
332 405
1 7 2
86 444
1 14 2
161 414
1 2 2
4 189
1 8 2
129 354
1 7 2
32 292
1 12 2
307 314
1 4 2
319 425
1 9 2
215 454
1 11 2
113 130
1 6 2
58 472
1 11 2
183 390
1 8 2
69 73
1 10 2
248 453
1 6 2
291 414
1 5 2
389 416
1 14 2
2 11
1 9 2
112 165
1 11 2
285 336
1 5 2
3 294
1 2 2
37 337
1 5 2
354 496
1 13 2
220 296
1 14 2
353 411
1 5 2
130 327
1 3 2
102 470
1 13 2
197 199
1 4 2
50 207
1 8 2
288 378
1 14 2
118 243
1 3 2
217 249
1 12 2
304 357
1 9 2
479 493
1 3 2
256 403
1 14 2
329 375
1 12 2
435 441
1 14 2
74 392
1 4 2
328 472
1 13 2
347 360
1 12 2
149 440
1 6 2
188 432
1 12 2
239 303
1 15 2
162 482
1 12 2
328 499
1 8 2
37 73
1 6 2
247 363
1 3 2
170 320
1 7 2
21 59
1 7 2
97 422
1 7 2
395 496
1 3 2
9 347
1 5 2
164 413
1 12 2
201 208
1 14 2
317 347
1 4 2
62 288
1 8 2
290 445
1 12 2
223 299
1 6 2
26 229
1 3 2
189 190
1 12 2
103 163
1 7 2
182 450
1 8 2
64 107
1 9 2
68 226
1 4 2
22 422
1 6 2
178 478
1 4 2
453 480
1 13 2
77 455
1 10 2
29 349
1 6 2
194 373
1 15 2
63 449
1 4 2
174 224
1 15 2
300 334
1 9 2
162 369
1 9 2
129 414
1 2 2
122 160
1 4 2
33 125
1 2 2
47 183
1 3 2
47 365
1 2 2
219 250
1 6 2
58 370
1 2 2
318 350
1 8 2
267 340
1 6 2
216 362
1 14 2
155 368
1 2 2
84 238
1 2 2
238 298
1 2 2
106 362
1 2 2
44 160
1 13 2
16 243
1 14 2
212 404
1 6 2
75 384
1 4 2
262 413
1 13 2
282 482
1 7 2
299 405
1 12 2
65 92
1 5 2
218 234
1 12 2
118 349
1 7 2
124 154
1 15 2
204 371
1 8 2
32 63
1 13 2
9 136
1 2 2
55 429
1 13 2
316 415
1 9 2
103 264
1 2 2
69 351
1 14 2
335 341
1 11 2
7 297
1 3 2
386 439
1 7 2
21 227
1 5 2
37 357
1 7 2
408 472
1 15 2
118 342
1 14 2
239 316
1 6 2
312 324
1 13 2
193 498
1 12 2
252 307
1 6 2
2 153
1 12 2
89 359
1 3 2
366 439
1 6 2
201 262
1 15 2
221 417
1 10 2
3 215
1 11 2
141 320
1 14 2
205 245
1 8 2
399 494
1 7 2
7 326
1 7 2
372 498
1 15 2
332 476
1 8 2
96 402
1 7 2
183 482
1 7 2
328 399
1 2 2
128 353
1 7 2
485 492
1 13 2
68 205
1 4 2
280 369
1 14 2
85 472
1 10 2
66 492
1 6 2
55 356
1 10 2
85 196
1 11 2
58 357
1 7 2
130 432
1 6 2
117 143
1 13 2
49 219
1 4 2
135 140
1 11 2
211 302
1 9 2
93 130
1 14 2
122 188
1 11 2
363 424
1 14 2
11 335
1 8 2
398 469
1 7 2
109 368
1 4 2
213 456
1 14 2
79 439
1 11 2
75 178
1 8 2
448 451
1 9 2
179 307
1 15 2
7 358
1 4 2
98 249
1 11 2
102 484
1 11 2
234 363
1 9 2
200 255
1 2 2
344 349
1 11 2
352 370
1 7 2
122 291
1 3 2
154 224
1 6 2
391 482
1 13 2
153 207
1 13 2
194 255
1 8 2
216 496
1 11 2
168 241
1 2 2
36 415
1 3 2
81 196
1 7 2
175 183
1 9 2
104 398
1 11 2
21 496
1 14 2
57 449
1 3 2
37 52
1 10 2
232 468
1 2 2
153 263
1 15 2
80 180
1 2 2
228 301
1 7 2
16 456
1 4 2
129 306
1 9 2
175 306
1 9 2
191 486
1 5 2
10 180
1 5 2
6 478
1 6 2
258 365
1 10 2
137 496
1 9 2
383 460
1 2 2
376 379
1 3 2
195 261
1 15 2
132 157
1 8 2
92 199
1 15 2
6 489
1 15 2
114 472
1 6 2
81 452
1 9 2
119 340
1 10 2
68 305
1 15 2
96 230
1 12 2
270 294
1 3 2
197 403
1 6 2
327 434
1 6 2
11 476
1 13 2
106 318
1 14 2
103 238
1 8 2
13 138
1 12 2
206 475
1 8 2
377 438
1 13 2
165 193
1 4 2
73 197
1 2 2
63 499
1 8 2
281 299
1 12 2
160 209
1 13 2
28 441
1 15 2
216 299
1 12 2
165 405
1 13 2
150 163
1 2 2
313 494
1 13 2
364 460
1 6 2
49 62
1 14 2
84 235
1 12 2
218 222
1 13 2
304 392
1 6 2
32 450
1 11 2
96 223
1 12 2
308 383
1 8 2
165 479
1 13 2
122 413
1 8 2
81 412
1 8 2
307 384
1 3 2
97 248
1 3 2
129 153
1 15 2
103 233
1 4 2
46 327
1 15 2
184 440
1 4 2
220 307
1 3 2
166 228
1 10 2
143 279
1 7 2
99 168
1 14 2
4 136
1 9 2
223 257
1 6 2
11 368
1 10 2
44 389
1 4 2
124 321
1 2 2
346 361
1 6 2
20 212
1 6 2
308 495
1 10 2
316 469
1 3 2
219 286
1 9 2
46 147
1 14 2
76 156
1 13 2
58 179
1 3 2
6 111
1 3 2
188 322
1 13 2
328 429
1 9 2
322 366
1 2 2
12 61
1 4 2
330 352
1 14 2
29 362
1 12 2
314 496
1 7 2
47 137
1 9 2
240 462
1 6 2
3 52
1 15 2
18 215
1 12 2
197 456
1 8 2
88 344
1 8 2
127 220
1 10 2
182 263
1 2 2
343 366
1 8 2
86 184
1 13 2
27 427
1 7 2
128 394
1 7 2
46 81
1 6 2
3 88
1 2 2
280 350
1 12 2
464 499
1 5 2
383 442
1 13 2
15 336
1 10 2
10 261
1 8 2
322 401
1 15 2
99 464
1 14 2
52 311
1 7 2
36 247
1 10 2
45 156
1 3 2
210 282
1 2 2
121 276
1 15 2
164 352
1 4 2
257 422
1 12 2
372 381
1 3 2
61 342
1 13 2
346 474
1 11 2
42 476
1 14 2
147 251
1 2 2
177 181
1 10 2
374 384
1 7 2
290 383
1 11 2
338 376
1 13 2
416 452
1 14 2
178 486
1 6 2
96 110
1 6 2
376 423
1 7 2
266 272
1 14 2
27 385
1 3 2
137 200
1 15 2
76 392
1 7 2
59 270
1 13 2
347 446
1 7 2
357 450
1 10 2
24 37
1 11 2
8 190
1 5 2
136 315
1 12 2
133 210
1 13 2
43 489
1 9 2
219 445
1 9 2
23 397
1 15 2
219 465
1 4 2
332 427
1 6 2
114 144
1 4 2
124 225
1 15 2
63 239
1 11 2
46 458
1 10 2
337 365
1 9 2
155 406
1 14 2
161 453
1 11 2
294 321
1 3 2
25 265
1 6 2
301 376
1 4 2
295 411
1 14 2
341 428
1 14 2
82 110
1 15 2
348 474
1 10 2
5 363
1 3 2
274 404
1 9 2
297 498
1 2 2
117 399
1 10 2
192 202
1 15 2
205 371
1 4 2
193 275
1 3 2
213 429
1 14 2
7 418
1 9 2
153 391
1 6 2
399 427
1 6 2
9 100
1 6 2
4 361
1 4 2
397 462
1 2 2
173 418
1 7 2
193 371
1 15 2
177 303
1 8 2
31 484
1 12 2
53 171
1 15 2
169 342
1 13 2
381 383
1 10 2
70 334
1 7 2
103 381
1 3 2
100 212
1 11 2
67 429
1 14 2
142 265
1 9 2
143 424
1 3 2
416 440
1 10 2
109 148
1 8 2
260 316
1 2 2
268 344
1 15 2
175 393
1 7 2
94 309
1 2 2
94 285
1 2 2
395 478
1 5 2
164 225
1 4 2
312 450
1 6 2
133 227
1 5 2
10 290
1 8 2
19 348
1 8 2
157 208
1 9 2
58 85
1 11 2
138 294
1 2 2
138 274
1 4 2
107 181
1 11 2
113 482
1 3 2
100 296
1 4 2
243 344
1 4 2
52 372
1 3 2
162 215
1 6 2
284 430
1 2 2
419 458
1 15 2
385 430
1 3 2
165 496
1 12 2
41 97
1 10 2
313 450
1 13 2
38 44
1 13 2
52 128
1 4 2
110 117
1 3 2
235 476
1 8 2
99 437
1 6 2
57 252
1 14 2
137 385
1 5 2
395 449
1 4 2
54 461
1 9 2
282 489
1 8 2
141 430
1 9 2
255 380
1 6 2
62 472
1 9 2
305 320
1 12 2
178 211
1 6 2
26 111
1 7 2
13 319
1 9 2
100 122
1 2 2
181 303
1 15 2
254 352
1 11 2
68 271
1 10 2
186 358
1 6 2
7 241
1 6 2
175 346
1 10 2
423 454
1 7 2
6 462
1 13 2
75 193
1 15 2
2 249
1 9 2
202 217
1 14 2
39 144
1 4 2
191 465
1 9 2
64 450
1 6 2
210 445
1 13 2
30 461
1 10 2
190 221
1 9 2
102 192
1 13 2
392 404
1 8 2
36 416
1 9 2
355 462
1 13 2
335 381
1 2 2
45 119
1 12 2
18 272
1 8 2
277 336
1 9 2
267 470
1 13 2
60 164
1 13 2
120 479
1 6 2
364 374
1 4 2
158 164
1 6 2
184 489
1 5 2
281 289
1 13 2
141 493
1 15 2
284 379
1 9 2
25 134
1 12 2
169 387
1 12 2
85 345
1 7 2
92 458
1 2 2
13 478
1 9 2
198 443
1 9 2
54 419
1 15 2
216 446
1 13 2
67 197
1 8 2
89 155
1 7 2
369 421
1 3 2
235 437
1 7 2
200 402
1 7 2
260 429
1 11 2
269 288
1 5 2
67 264
1 4 2
116 383
1 11 2
233 432
1 4 2
280 340
1 13 2
318 410
1 10 2
78 269
1 2 2
323 410
1 6 2
205 236
1 6 2
114 155
1 7 2
182 185
1 7 2
43 359
1 5 2
85 250
1 11 2
117 450
1 2 2
280 409
1 4 2
30 217
1 2 2
102 273
1 4 2
180 310
1 15 2
252 259
1 14 2
114 183
1 4 2
22 440
1 11 2
242 483
1 15 2
13 85
1 5 2
2 383
1 14 2
94 249
1 14 2
226 465
1 5 2
195 224
1 13 2
336 391
1 3 2
209 283
1 13 2
17 240
1 14 2
357 393
1 11 2
350 462
1 6 2
25 400
1 5 2
127 294
1 9 2
371 381
1 2 2
54 309
1 13 2
56 152
1 12 2
404 439
1 8 2
91 218
1 7 2
250 379
1 4 2
197 307
1 4 2
286 350
1 7 2
204 256
1 15 2
292 401
1 2 2
460 466
1 2 2
184 436
1 13 2
272 429
1 4 2
117 312
1 8 2
279 290
1 8 2
32 113
1 2 2
214 391
1 11 2
24 420
1 12 2
153 473
1 14 2
52 283
1 4 2
255 453
1 7 2
55 383
1 13 2
343 415
1 11 2
10 360
1 7 2
433 481
1 4 2
79 141
1 8 2
51 170
1 8 2
22 322
1 14 2
225 445
1 6 2
30 49
1 2 2
426 476
1 5 2
79 338
1 13 2
342 481
1 7 2
187 284
1 6 2
88 324
1 14 2
126 274
1 6 2
21 326
1 7 2
228 454
1 6 2
78 411
1 7 2
34 298
1 3 2
271 306
1 3 2
341 485
1 9 2
272 284
1 2 2
58 307
1 5 2
358 441
1 2 2
66 443
1 14 2
165 236
1 14 2
60 459
1 7 2
208 328
1 6 2
347 359
1 4 2
33 248
1 4 2
98 463
1 11 2
128 401
1 13 2
62 338
1 3 2
430 452
1 3 2
71 265
1 2 2
42 155
1 8 2
125 311
1 4 2
45 86
1 14 2
101 207
1 3 2
189 246
1 11 2
21 402
1 9 2
234 269
1 7 2
125 239
1 12 2
207 413
1 14 2
75 467
1 14 2
216 341
1 9 2
109 214
1 3 2
258 315
1 11 2
167 407
1 13 2
52 99
1 11 2
113 292
1 12 2
23 289
1 9 2
405 485
1 8 2
163 439
1 15 2
14 453
1 8 2
27 297
1 7 2
34 47
1 2 2
119 166
1 9 2
346 493
1 2 2
212 336
1 6 2
180 272
1 12 2
165 358
1 4 2
418 451
1 10 2
403 431
1 6 2
78 186
1 9 2
250 376
1 13 2
195 196
1 15 2
173 434
1 15 2
136 219
1 8 2
220 490
1 8 2
316 405
1 14 2
327 336
1 15 2
25 247
1 13 2
125 219
1 13 2
126 457
1 2 2
163 184
1 10 2
319 370
1 6 2
27 93
1 8 2
251 271
1 15 2
291 395
1 9 2
27 98
1 10 2
26 211
1 13 2
171 477
1 11 2
313 362
1 11 2
91 177
1 7 2
163 268
1 15 2
25 81
1 10 2
106 285
1 3 2
3 128
1 3 2
419 466
1 5 2
274 343
1 10 2
297 307
1 5 2
117 204
1 9 2
217 223
1 13 2
223 339
1 4 2
7 123
1 4 2
15 308
1 6 2
42 331
1 3 2
11 215
1 15 2
39 327
1 5 2
46 337
1 5 2
26 105
1 5 2
267 459
1 8 2
203 414
1 6 2
120 361
1 9 2
77 179
1 14 2
173 209
1 3 2
329 467
1 5 2
2 258
1 9 2
4 241
1 12 2
449 480
1 3 2
215 458
1 9 2
17 84
1 9 2
350 397
1 15 2
65 478
1 6 2
138 279
1 13 2
27 372
1 11 2
9 31
1 6 2
20 278
1 2 2
21 428
1 10 2
260 461
1 12 2
179 297
1 4 2
405 452
1 15 2
67 247
1 4 2
250 401
1 7 2
216 266
1 12 2
49 242
1 6 2
113 277
1 12 2
228 286
1 4 2
13 447
1 5 2
175 312
1 4 2
391 483
1 4 2
195 340
1 8 2
135 248
1 11 2
82 127
1 8 2
127 414
1 9 2
95 463
1 7 2
437 462
1 10 2
471 475
1 7 2
84 396
1 6 2
69 207
1 14 2
136 285
1 3 2
98 466
1 4 2
109 376
1 7 2
4 108
1 4 2
314 462
1 14 2
27 315
1 4 2
61 163
1 13 2
336 491
1 4 2
56 74
1 13 2
240 244
1 11 2
134 219
1 10 2
105 114
1 11 2
93 433
1 4 2
200 331
1 4 2
174 222
1 9 2
43 260
1 2 2
17 122
1 13 2
25 88
1 4 2
362 460
1 7 2
248 433
1 14 2
438 456
1 10 2
174 443
1 8 2
132 283
1 12 2
106 150
1 12 2
83 160
1 14 2
222 332
1 15 2
202 332
1 15 2
79 487
1 14 2
73 419
1 3 2
66 326
1 6 2
415 431
1 3 2
269 398
1 13 2
169 479
1 11 2
337 440
1 13 2
145 355
1 12 2
15 36
1 6 2
426 475
1 8 2
14 169
1 10 2
203 240
1 10 2
217 317
1 7 2
326 470
1 11 2
37 301
1 12 2
425 448
1 8 2
59 471
1 9 2
181 202
1 2 2
252 476
1 2 2
18 373
1 3 2
104 326
1 12 2
213 475
1 3 2
79 352
1 4 2
183 293
1 13 2
314 419
1 15 2
196 253
1 13 2
373 490
1 3 2
135 352
1 3 2
337 444
1 11 2
85 469
1 10 2
43 150
1 3 2
182 485
1 15 2
441 453
1 8 2
376 398
1 13 2
227 289
1 13 2
138 430
1 11 2
17 21
1 5 2
107 169
1 3 2
144 351
1 9 2
132 400
1 9 2
186 315
1 6 2
344 455
1 6 2
9 447
1 15 2
85 377
1 15 2
13 209
1 6 2
44 202
1 6 2
18 289
1 7 2
46 244
1 13 2
115 405
1 13 2
151 492
1 7 2
245 419
1 13 2
204 270
1 8 2
189 456
1 13 2
284 338
1 6 2
9 317
1 9 2
318 399
1 14 2
352 489
1 7 2
5 401
1 11 2
303 434
1 11 2
288 399
1 14 2
260 493
1 8 2
26 183
1 13 2
62 181
1 11 2
343 461
1 11 2
200 336
1 2 2
345 493
1 6 2
32 214
1 13 2
74 299
1 2 2
83 441
1 14 2
142 302
1 12 2
95 97
1 7 2
104 323
1 8 2
52 436
1 3 2
30 197
1 8 2
93 303
1 10 2
322 386
1 5 2
58 274
1 9 2
130 149
1 4 2
67 370
1 12 2
135 459
1 3 2
95 346
1 12 2
67 436
1 8 2
196 460
1 4 2
110 219
1 2 2
199 309
1 14 2
197 379
1 15 2
301 344
1 7 2
149 431
1 5 2
28 317
1 12 2
195 446
1 6 2
338 417
1 11 2
53 247
1 9 2
106 332
1 14 2
431 460
1 13 2
9 253
1 6 2
39 234
1 15 2
213 349
1 2 2
143 338
1 9 2
9 182
1 12 2
2 209
1 15 2
266 492
1 7 2
395 497
1 6 2
29 82
1 2 2
345 466
1 7 2
309 482
1 5 2
310 379
1 2 2
297 346
1 13 2
98 212
1 7 2
50 133
1 5 2
157 304
1 9 2
173 395
1 10 2
257 492
1 9 2
107 256
1 7 2
398 402
1 13 2
474 499
1 14 2
173 259
1 13 2
355 413
1 10 2
139 470
1 14 2
214 355
1 4 2
182 439
1 5 2
106 162
1 4 2
81 336
1 13 2
338 379
1 11 2
140 225
1 3 2
288 357
1 12 2
308 426
1 15 2
79 468
1 6 2
316 367
1 13 2
182 411
1 5 2
182 429
1 10 2
112 329
1 15 2
314 442
1 4 2
207 256
1 10 2
161 351
1 4 2
168 256
1 5 2
115 132
1 11 2
61 404
1 9 2
6 482
1 4 2
456 457
1 7 2
172 185
1 9 2
304 470
1 12 2
315 401
1 2 2
104 127
1 7 2
318 490
1 14 2
333 387
1 6 2
200 451
1 3 2
35 279
1 7 2
270 389
1 13 2
28 416
1 9 2
243 348
1 3 2
280 330
1 2 2
328 488
1 7 2
155 176
1 2 2
406 478
1 6 2
116 460
1 6 2
246 394
1 2 2
8 33
1 10 2
341 346
1 3 2
87 130
1 14 2
334 423
1 2 2
157 472
1 6 2
449 485
1 15 2
230 414
1 14 2
4 368
1 14 2
6 158
1 2 2
108 371
1 6 2
40 279
1 9 2
82 226
1 13 2
25 299
1 15 2
247 412
1 5 2
233 253
1 15 2
35 222
1 3 2
316 488
1 15 2
44 329
1 9 2
150 493
1 3 2
211 407
1 10 2
102 413
1 9 2
6 304
1 11 2
166 273
1 5 2
381 405
1 3 2
428 459
1 4 2
112 263
1 7 2
137 286
1 6 2
205 417
1 3 2
111 466
1 3 2
226 335
1 11 2
11 224
1 13 2
98 289
1 13 2
304 417
1 11 2
83 460
1 6 2
19 355
1 3 2
92 416
1 2 2
30 244
1 14 2
32 455
1 4 2
410 422
1 7 2
220 319
1 6 2
359 470
1 13 2
458 459
1 11 2
263 411
1 13 2
294 311
1 15 2
67 207
1 5 2
6 265
1 13 2
412 440
1 13 2
363 403
1 15 2
203 302
1 8 2
10 210
1 7 2
228 427
1 2 2
91 341
1 8 2
228 377
1 13 2
3 24
1 13 2
96 426
1 10 2
372 447
1 8 2
185 358
1 9 2
394 458
1 3 2
46 407
1 10 2
267 367
1 11 2
320 488
1 11 2
125 291
1 15 2
58 346
1 3 2
93 424
1 8 2
273 348
1 9 2
3 130
1 2 2
58 138
1 9 2
300 362
1 13 2
88 494
1 6 2
170 496
1 6 2
2 42
1 9 2
168 449
1 11 2
202 229
1 6 2
131 462
1 13 2
79 459
1 4 2
431 472
1 6 2
390 480
1 5 2
186 493
1 5 2
239 297
1 14 2
164 212
1 12 2
193 404
1 10 2
188 401
1 12 2
90 241
1 9 2
61 150
1 9 2
371 453
1 9 2
289 385
1 8 2
5 389
1 12 2
18 352
1 4 2
115 146
1 10 2
156 369
1 7 2
429 460
1 15 2
72 92
1 13 2
97 176
1 6 2
137 305
1 8 2
354 481
1 8 2
309 472
1 12 2
43 144
1 15 2
172 469
1 7 2
113 366
1 14 2
20 201
1 6 2
291 358
1 15 2
220 260
1 15 2
175 304
1 2 2
367 474
1 4 2
37 310
1 6 2
303 393
1 2 2
97 339
1 5 2
166 418
1 6 2
75 180
1 7 2
21 233
1 5 2
164 187
1 11 2
81 356
1 9 2
231 325
1 11 2
111 401
1 4 2
319 391
1 3 2
281 469
1 8 2
372 380
1 15 2
304 466
1 13 2
245 327
1 12 2
346 450
1 7 2
170 431
1 2 2
77 324
1 13 2
180 278
1 15 2
387 391
1 9 2
103 209
1 14 2
338 390
1 8 2
57 487
1 4 2
124 232
1 11 2
305 441
1 15 2
67 347
1 7 2
80 131
1 12 2
2 200
1 15 2
30 462
1 2 2
171 320
1 3 2
139 169
1 11 2
81 469
1 11 2
53 448
1 12 2
207 316
1 10 2
135 235
1 10 2
24 406
1 2 2
182 229
1 14 2
180 215
1 13 2
51 125
1 8 2
183 291
1 4 2
152 276
1 11 2
131 334
1 12 2
98 405
1 9 2
90 348
1 6 2
137 175
1 13 2
315 376
1 13 2
460 476
1 8 2
16 454
1 3 2
154 317
1 4 2
145 318
1 14 2
1 271
1 13 2
129 163
1 3 2
317 356
1 11 2
46 321
1 2 2
61 202
1 8 2
453 491
1 4 2
138 196
1 6 2
11 262
1 2 2
114 326
1 7 2
344 445
1 6 2
232 454
1 10 2
169 468
1 14 2
37 147
1 13 2
214 340
1 4 2
251 356
1 15 2
228 416
1 13 2
169 323
1 10 2
196 459
1 15 2
176 179
1 12 2
54 292
1 12 2
394 432
1 3 2
441 488
1 13 2
97 271
1 12 2
388 488
1 8 2
13 270
1 12 2
44 63
1 10 2
268 347
1 2 2
349 483
1 15 2
40 354
1 9 2
231 330
1 4 2
61 485
1 4 2
6 34
1 9 2
328 451
1 12 2
37 487
1 6 2
42 91
1 3 2
56 176
1 5 2
204 412
1 5 2
365 483
1 6 2
4 376
1 5 2
30 485
1 12 2
127 229
1 12 2
98 478
1 11 2
352 497
1 5 2
92 475
1 9 2
24 449
1 8 2
395 405
1 4 2
275 414
1 9 2
178 205
1 10 2
165 393
1 8 2
325 375
1 2 2
257 468
1 5 2
86 209
1 5 2
108 486
1 2 2
320 375
1 3 2
108 422
1 15 2
112 343
1 3 2
300 306
1 3 2
116 131
1 13 2
126 148
1 5 2
43 246
1 4 2
160 396
1 6 2
142 494
1 9 2
322 493
1 10 2
109 329
1 15 2
86 480
1 4 2
296 431
1 15 2
54 176
1 14 2
92 286
1 6 2
214 322
1 14 2
284 376
1 14 2
124 442
1 3 2
214 296
1 14 2
53 451
1 3 2
354 355
1 2 2
112 484
1 8 2
116 453
1 10 2
228 357
1 7 2
258 305
1 12 2
82 397
1 10 2
269 464
1 11 2
101 417
1 2 2
59 256
1 6 2
188 469
1 12 2
79 409
1 15 2
126 489
1 6 2
253 372
1 10 2
260 489
1 15 2
215 366
1 12 2
119 188
1 7 2
165 226
1 2 2
153 417
1 12 2
72 172
1 14 2
368 374
1 7 2
295 352
1 3 2
24 493
1 15 2
123 463
1 10 2
132 210
1 14 2
12 372
1 14 2
12 431
1 2 2
349 421
1 12 2
92 113
1 11 2
446 452
1 13 2
43 311
1 5 2
291 353
1 8 2
185 432
1 9 2
3 281
1 13 2
331 355
1 15 2
271 359
1 10 2
197 272
1 3 2
334 403
1 6 2
39 493
1 7 2
129 471
1 15 2
236 242
1 7 2
245 363
1 8 2
44 82
1 10 2
53 70
1 15 2
23 192
1 14 2
61 153
1 3 2
208 362
1 5 2
226 255
1 5 2
8 153
1 14 2
118 210
1 7 2
195 199
1 4 2
321 368
1 5 2
17 443
1 13 2
188 367
1 7 2
48 383
1 8 2
96 302
1 15 2
101 151
1 5 2
150 234
1 6 2
43 486
1 7 2
49 157
1 15 2
23 162
1 13 2
124 165
1 5 2
178 310
1 6 2
36 392
1 6 2
41 171
1 6 2
61 201
1 15 2
8 93
1 4 2
272 449
1 13 2
318 359
1 6 2
26 127
1 5 2
429 437
1 11 2
183 479
1 5 2
171 276
1 5 2
80 427
1 6 2
121 380
1 12 2
177 385
1 10 2
256 382
1 14 2
337 390
1 8 2
118 245
1 15 2
240 328
1 9 2
393 418
1 15 2
97 359
1 10 2
136 425
1 9 2
88 300
1 12 2
60 339
1 6 2
130 189
1 11 2
242 351
1 12 2
170 457
1 15 2
248 382
1 7 2
38 286
1 14 2
395 483
1 7 2
182 420
1 15 2
110 405
1 13 2
164 281
1 2 2
173 450
1 13 2
52 481
1 15 2
90 191
1 7 2
81 92
1 13 2
81 169
1 6 2
230 249
1 15 2
21 455
1 2 2
298 354
1 10 2
148 362
1 12 2
249 427
1 15 2
344 405
1 4 2
118 328
1 6 2
359 397
1 8 2
117 133
1 5 2
51 476
1 5 2
15 390
1 8 2
369 441
1 8 2
378 423
1 9 2
67 313
1 6 2
10 331
1 8 2
32 300
1 10 2
66 253
1 9 2
355 495
1 7 2
57 285
1 7 2
335 406
1 15 2
21 28
1 9 2
4 63
1 3 2
106 420
1 10 2
37 403
1 8 2
259 343
1 8 2
34 218
1 12 2
30 386
1 2 2
8 478
1 13 2
64 458
1 5 2
106 307
1 13 2
365 378
1 8 2
105 281
1 5 2
275 443
1 9 2
121 395
1 3 2
370 389
1 3 2
240 362
1 10 2
13 286
1 13 2
172 177
1 11 2
299 432
1 15 2
280 327
1 4 2
347 361
1 11 2
32 211
1 6 2
80 169
1 9 2
277 492
1 15 2
172 395
1 10 2
124 332
1 6 2
303 360
1 5 2
136 407
1 6 2
440 467
1 12 2
12 298
1 6 2
272 453
1 15 2
121 157
1 14 2
24 349
1 4 2
57 246
1 6 2
113 483
1 14 2
343 403
1 13 2
392 442
1 9 2
299 426
1 3 2
20 73
1 10 2
47 346
1 6 2
381 475
1 4 2
67 123
1 7 2
153 193
1 10 2
102 342
1 7 2
55 112
1 9 2
101 329
1 10 2
146 288
1 13 2
176 298
1 10 2
41 217
1 5 2
78 378
1 10 2
279 396
1 4 2
426 451
1 14 2
186 491
1 13 2
185 256
1 6 2
87 473
1 12 2
262 277
1 4 2
338 435
1 12 2
282 468
1 2 2
192 417
1 9 2
35 291
1 9 2
92 287
1 2 2
196 404
1 4 2
3 368
1 7 2
315 316
1 6 2
3 161
1 3 2
368 449
1 11 2
396 440
1 7 2
206 496
1 9 2
135 198
1 2 2
136 192
1 9 2
85 179
1 12 2
138 283
1 12 2
231 416
1 9 2
209 305
1 3 2
31 112
1 15 2
41 170
1 15 2
409 435
1 14 2
317 324
1 14 2
45 299
1 7 2
171 324
1 5 2
182 303
1 12 2
278 353
1 10 2
433 490
1 3 2
115 134
1 12 2
290 350
1 10 2
43 58
1 11 2
47 352
1 15 2
361 459
1 13 2
40 324
1 15 2
278 281
1 14 2
16 458
1 3 2
148 460
1 9 2
450 471
1 9 2
78 127
1 10 2
53 222
1 13 2
305 313
1 10 2
153 295
1 9 2
31 106
1 12 2
160 460
1 6 2
425 494
1 7 2
33 149
1 15 2
139 417
1 7 2
91 294
1 13 2
199 482
1 10 2
4 313
1 7 2
116 495
1 4 2
36 142
1 8 2
380 498
1 13 2
148 415
1 8 2
135 390
1 11 2
252 483
1 14 2
124 345
1 3 2
197 327
1 6 2
185 412
1 14 2
108 121
1 6 2
443 463
1 2 2
227 271
1 4 2
181 380
1 8 2
120 198
1 13 2
12 263
1 15 2
58 100
1 2 2
344 379
1 10 2
12 285
1 12 2
375 439
1 15 2
346 383
1 14 2
10 216
1 8 2
171 421
1 14 2
92 476
1 4 2
37 84
1 4 2
143 210
1 7 2
128 280
1 10 2
448 494
1 3 2
22 442
1 4 2
249 350
1 7 2
234 266
1 9 2
34 392
1 7 2
109 159
1 5 2
59 164
1 14 2
171 336
1 2 2
6 95
1 9 2
195 254
1 6 2
208 393
1 9 2
76 378
1 10 2
232 318
1 4 2
84 177
1 10 2
212 273
1 9 2
50 105
1 3 2
318 358
1 14 2
16 419
1 6 2
165 404
1 10 2
70 232
1 6 2
38 258
1 2 2
310 402
1 7 2
32 328
1 13 2
351 398
1 9 2
37 422
1 8 2
134 142
1 3 2
291 480
1 9 2
225 265
1 12 2
373 392
1 5 2
443 462
1 9 2
27 407
1 3 2
11 103
1 8 2
6 497
1 4 2
336 497
1 13 2
59 289
1 11 2
7 403
1 5 2
167 331
1 8 2
67 334
1 14 2
12 220
1 7 2
93 224
1 2 2
28 468
1 12 2
158 372
1 13 2
270 309
1 11 2
60 86
1 7 2
173 326
1 14 2
170 194
1 14 2
77 348
1 9 2
96 496
1 5 2
371 396
1 11 2
37 475
1 11 2
114 119
1 2 2
124 418
1 4 2
250 346
1 3 2
288 477
1 7 2
45 297
1 13 2
178 352
1 11 2
235 373
1 15 2
115 320
1 9 2
120 235
1 11 2
233 465
1 15 2
113 216
1 12 2
328 388
1 3 2
294 339
1 5 2
47 158
1 8 2
236 286
1 12 2
70 244
1 8 2
8 462
1 9 2
416 466
1 2 2
370 475
1 2 2
487 498
1 10 2
194 268
1 10 2
190 427
1 14 2
7 436
1 2 2
12 482
1 10 2
407 442
1 6 2
79 263
1 2 2
361 495
1 6 2
28 403
1 14 2
260 366
1 5 2
229 304
1 2 2
315 468
1 9 2
245 259
1 3 2
0 386
1 7 2
104 411
1 2 2
332 368
1 14 2
35 140
1 7 2
377 458
1 14 2
58 378
1 6 2
199 373
1 13 2
295 455
1 10 2
39 225
1 7 2
302 462
1 7 2
36 328
1 7 2
314 486
1 9 2
186 390
1 2 2
377 460
1 2 2
124 276
1 10 2
94 475
1 14 2
333 428
1 9 2
262 408
1 8 2
244 251
1 5 2
213 232
1 5 2
35 461
1 12 2
129 387
1 8 2
1 177
1 5 2
200 298
1 13 2
309 316
1 8 2
269 399
1 15 2
83 93
1 3 2
12 146
1 5 2
210 247
1 10 2
27 363
1 11 2
82 270
1 3 2
246 271
1 3 2
69 214
1 9 2
189 350
1 9 2
312 428
1 13 2
299 472
1 8 2
287 297
1 2 2
33 163
1 12 2
32 492
1 10 2
222 472
1 12 2
246 323
1 3 2
136 402
1 11 2
86 199
1 3 2
320 442
1 4 2
188 438
1 5 2
418 460
1 15 2
162 380
1 11 2
17 224
1 4 2
154 356
1 7 2
353 390
1 9 2
321 411
1 10 2
106 191
1 10 2
35 440
1 3 2
414 420
1 6 2
226 400
1 8 2
263 495
1 9 2
269 354
1 9 2
219 367
1 5 2
117 178
1 2 2
37 175
1 11 2
60 337
1 4 2
52 333
1 7 2
127 424
1 2 2
33 430
1 14 2
301 419
1 10 2
291 372
1 8 2
173 420
1 15 2
303 425
1 10 2
20 44
1 5 2
45 143
1 5 2
185 212
1 15 2
168 275
1 9 2
56 134
1 14 2
399 497
1 11 2
276 476
1 15 2
21 269
1 11 2
54 198
1 13 2
392 443
1 3 2
224 442
1 8 2
91 402
1 15 2
99 182
1 13 2
24 460
1 6 2
321 433
1 13 2
32 246
1 4 2
161 399
1 6 2
154 325
1 5 2
170 365
1 14 2
266 458
1 4 2
114 463
1 12 2
48 164
1 14 2
132 343
1 10 2
145 475
1 14 2
316 437
1 2 2
40 138
1 14 2
1 147
1 8 2
105 116
1 10 2
271 494
1 12 2
147 302
1 2 2
380 436
1 2 2
116 206
1 11 2
282 314
1 14 2
61 474
1 10 2
148 408
1 2 2
170 269
1 7 2
235 296
1 4 2
74 260
1 3 2
459 479
1 10 2
137 233
1 9 2
252 398
1 5 2
256 280
1 13 2
212 457
1 11 2
315 435
1 4 2
169 464
1 3 2
264 396
1 11 2
333 378
1 4 2
98 293
1 13 2
76 369
1 11 2
53 153
1 4 2
359 457
1 10 2
134 417
1 7 2
59 385
1 11 2
75 79
1 12 2
41 215
1 4 2
136 358
1 7 2
183 216
1 5 2
113 177
1 12 2
372 441
1 9 2
40 489
1 5 2
385 499
1 8 2
431 433
1 13 2
19 341
1 9 2
155 463
1 4 2
444 482
1 8 2
9 32
1 8 2
109 488
1 15 2
203 238
1 13 2
315 446
1 6 2
92 226
1 8 2
246 298
1 6 2
286 346
1 2 2
130 318
1 7 2
45 467
1 14 2
323 346
1 6 2
57 268
1 2 2
4 239
1 4 2
48 207
1 10 2
27 34
1 8 2
43 68
1 11 2
338 403
1 5 2
35 334
1 5 2
372 379
1 9 2
458 464
1 2 2
264 282
1 14 2
48 427
1 2 2
144 333
1 15 2
91 383
1 7 2
385 423
1 9 2
134 141
1 15 2
38 293
1 11 2
35 144
1 12 2
118 279
1 9 2
102 156
1 7 2
148 499
1 4 2
145 421
1 7 2
86 277
1 8 2
455 482
1 6 2
395 419
1 15 2
12 192
1 6 2
61 219
1 10 2
60 494
1 2 2
325 450
1 11 2
277 310
1 15 2
148 264
1 14 2
151 201
1 4 2
365 396
1 8 2
2 356
1 12 2
311 325
1 6 2
121 436
1 4 2
197 306
1 2 2
254 370
1 2 2
20 74
1 13 2
61 473
1 3 2
160 297
1 14 2
362 371
1 15 2
364 370
1 10 2
183 301
1 3 2
5 272
1 15 2
41 235
1 13 2
34 160
1 10 2
48 267
1 8 2
100 102
1 2 2
66 478
1 11 2
238 398
1 12 2
268 489
1 7 2
199 346
1 3 2
281 370
1 10 2
166 262
1 11 2
178 433
1 2 2
33 129
1 11 2
369 407
1 6 2
130 395
1 3 2
488 493
1 5 2
133 486
1 5 2
441 464
1 5 2
89 121
1 6 2
291 499
1 13 2
183 279
1 11 2
94 138
1 8 2
147 328
1 4 2
109 337
1 12 2
52 269
1 7 2
1 339
1 2 2
33 494
1 12 2
76 333
1 3 2
348 373
1 7 2
120 373
1 15 2
176 340
1 3 2
227 467
1 12 2
228 358
1 14 2
152 469
1 7 2
429 450
1 8 2
211 305
1 14 2
256 308
1 3 2
57 420
1 2 2
79 103
1 12 2
34 142
1 9 2
64 315
1 2 2
63 85
1 14 2
127 243
1 7 2
403 491
1 4 2
157 423
1 4 2
17 41
1 7 2
135 364
1 14 2
17 382
1 6 2
19 39
1 8 2
35 181
1 6 2
183 404
1 12 2
223 248
1 8 2
115 283
1 8 2
193 396
1 9 2
57 321
1 4 2
294 414
1 14 2
171 260
1 6 2
137 248
1 13 2
226 471
1 4 2
19 61
1 7 2
5 219
1 11 2
448 479
1 13 2
55 326
1 15 2
392 498
1 7 2
173 430
1 9 2
218 276
1 10 2
59 494
1 7 2
208 302
1 15 2
165 255
1 3 2
109 181
1 6 2
287 478
1 15 2
249 285
1 12 2
186 449
1 2 2
29 455
1 8 2
405 493
1 9 2
27 310
1 5 2
443 453
1 5 2
5 331
1 5 2
39 393
1 6 2
304 431
1 8 2
234 294
1 15 2
293 433
1 9 2
181 491
1 15 2
27 387
1 2 2
202 423
1 15 2
409 494
1 6 2
142 243
1 2 2
6 40
1 9 2
122 237
1 10 2
229 429
1 11 2
85 433
1 11 2
188 468
1 13 2
12 328
1 5 2
238 350
1 3 2
458 493
1 11 2
73 172
1 12 2
439 450
1 2 2
85 322
1 7 2
13 123
1 9 2
116 289
1 2 2
311 399
1 7 2
6 130
1 3 2
125 477
1 2 2
46 385
1 5 2
109 458
1 10 2
296 355
1 2 2
280 351
1 4 2
382 442
1 14 2
33 306
1 2 2
17 358
1 10 2
12 62
1 2 2
174 376
1 13 2
111 330
1 3 2
124 362
1 5 2
115 406
1 15 2
162 272
1 2 2
229 443
1 15 2
319 385
1 14 2
113 140
1 12 2
158 228
1 2 2
259 456
1 6 2
272 307
1 6 2
316 458
1 6 2
157 469
1 13 2
5 286
1 11 2
193 347
1 5 2
209 255
1 3 2
80 287
1 3 2
210 236
1 4 2
161 417
1 11 2
260 417
1 8 2
49 412
1 9 2
25 390
1 4 2
118 476
1 10 2
137 446
1 2 2
246 396
1 10 2
70 86
1 14 2
328 483
1 4 2
220 349
1 14 2
383 456
1 12 2
19 56
1 9 2
126 297
1 7 2
289 448
1 14 2
66 187
1 15 2
105 145
1 5 2
34 122
1 5 2
270 301
1 4 2
76 78
1 4 2
170 178
1 8 2
122 185
1 10 2
87 371
1 13 2
391 484
1 8 2
187 414
1 7 2
118 481
1 8 2
289 443
1 12 2
193 329
1 7 2
109 444
1 10 2
255 484
1 15 2
33 37
1 4 2
21 63
1 5 2
337 426
1 10 2
28 68
1 15 2
65 408
1 8 2
268 320
1 5 2
117 488
1 4 2
223 279
1 7 2
77 310
1 13 2
250 412
1 3 2
344 407
1 4 2
318 405
1 5 2
65 112
1 3 2
266 294
1 9 2
189 271
1 10 2
254 295
1 13 2
102 163
1 7 2
433 463
1 8 2
404 491
1 12 2
185 458
1 2 2
56 321
1 12 2
301 426
1 15 2
39 78
1 11 2
384 412
1 10 2
259 284
1 9 2
370 454
1 11 2
337 397
1 7 2
88 400
1 14 2
43 302
1 8 2
113 397
1 14 2
36 400
1 10 2
32 147
1 2 2
113 201
1 8 2
150 416
1 12 2
116 267
1 14 2
418 430
1 14 2
117 364
1 7 2
31 279
1 3 2
145 322
1 12 2
51 113
1 2 2
75 479
1 10 2
116 355
1 7 2
282 343
1 4 2
387 437
1 3 2
206 240
1 2 2
326 327
1 13 2
153 195
1 11 2
85 417
1 5 2
368 422
1 5 2
271 316
1 7 2
8 115
1 8 2
32 494
1 10 2
74 251
1 11 2
12 462
1 12 2
93 171
1 9 2
273 461
1 8 2
97 291
1 13 2
75 435
1 3 2
106 243
1 13 2
250 276
1 2 2
220 287
1 6 2
222 341
1 15 2
356 365
1 5 2
210 422
1 15 2
174 412
1 12 2
156 223
1 12 2
207 498
1 10 2
54 83
1 13 2
305 345
1 14 2
456 458
1 6 2
254 467
1 2 2
211 264
1 12 2
380 479
1 10 2
43 173
1 4 2
94 203
1 13 2
111 390
1 13 2
6 371
1 4 2
6 107
1 6 2
364 412
1 5 2
52 175
1 4 2
227 387
1 8 2
68 384
1 11 2
397 441
1 2 2
16 498
1 14 2
85 125
1 11 2
13 387
1 9 2
341 378
1 10 2
210 446
1 2 2
311 444
1 10 2
94 467
1 4 2
17 359
1 14 2
171 489
1 8 2
11 475
1 4 2
321 327
1 6 2
424 476
1 4 2
120 364
1 15 2
0 333
1 2 2
133 295
1 7 2
126 425
1 8 2
202 274
1 9 2
164 184
1 4 2
374 453
1 7 2
194 497
1 3 2
448 495
1 10 2
91 165
1 4 2
333 469
1 15 2
89 342
1 10 2
158 247
1 8 2
328 345
1 9 2
7 173
1 11 2
106 154
1 3 2
169 448
1 13 2
306 480
1 12 2
362 442
1 14 2
62 244
1 13 2
232 488
1 5 2
36 391
1 6 2
35 43
1 2 2
159 269
1 3 2
84 479
1 14 2
283 342
1 5 2
22 295
1 7 2
267 292
1 3 2
285 445
1 10 2
105 153
1 4 2
188 448
1 2 2
164 353
1 10 2
69 342
1 8 2
197 225
1 12 2
174 303
1 6 2
0 417
1 15 2
217 361
1 7 2
34 440
1 13 2
159 328
1 4 2
14 366
1 15 2
0 164
1 11 2
201 464
1 3 2
3 14
1 8 2
293 489
1 9 2
311 404
1 13 2
336 371
1 15 2
242 463
1 2 2
158 276
1 2 2
163 468
1 13 2
168 343
1 10 2
139 190
1 12 2
283 311
1 10 2
192 471
1 5 2
268 361
1 3 2
227 356
1 2 2
274 400
1 14 2
193 374
1 4 2
349 358
1 12 2
51 221
1 4 2
36 89
1 7 2
185 367
1 2 2
209 410
1 4 2
45 93
1 14 2
32 386
1 3 2
146 473
1 15 2
263 367
1 6 2
277 489
1 4 2
99 179
1 3 2
317 330
1 4 2
20 227
1 15 2
374 385
1 10 2
335 449
1 13 2
68 157
1 6 2
302 320
1 5 2
24 89
1 9 2
103 110
1 12 2
445 485
1 4 2
171 277
1 14 2
326 484
1 9 2
294 384
1 6 2
232 471
1 10 2
293 498
1 10 2
13 185
1 15 2
5 185
1 7 2
111 261
1 3 2
109 471
1 14 2
356 472
1 3 2
189 361
1 10 2
239 425
1 7 2
27 287
1 9 2
249 417
1 5 2
138 416
1 12 2
283 308
1 7 2
54 271
1 2 2
209 219
1 13 2
133 225
1 7 2
1 405
1 15 2
200 306
1 8 2
75 261
1 4 2
292 366
1 9 2
179 336
1 13 2
225 447
1 7 2
381 425
1 9 2
456 488
1 3 2
140 435
1 8 2
322 325
1 7 2
97 315
1 4 2
403 466
1 13 2
107 179
1 5 2
174 243
1 12 2
148 360
1 4 2
28 86
1 9 2
38 209
1 6 2
172 363
1 11 2
205 219
1 9 2
48 123
1 11 2
41 143
1 7 2
153 332
1 5 2
77 407
1 3 2
53 320
1 5 2
206 291
1 6 2
143 258
1 15 2
370 419
1 4 2
361 498
1 15 2
290 323
1 13 2
1 34
1 3 2
353 434
1 11 2
292 496
1 10 2
164 307
1 12 2
277 281
1 5 2
26 61
1 12 2
24 495
1 4 2
129 225
1 5 2
197 376
1 8 2
420 463
1 11 2
413 420
1 11 2
71 148
1 2 2
346 454
1 2 2
26 496
1 12 2
305 391
1 10 2
120 157
1 8 2
290 356
1 9 2
122 152
1 4 2
239 460
1 13 2
1 435
1 8 2
63 107
1 12 2
204 238
1 2 2
67 218
1 4 2
273 425
1 5 2
9 427
1 5 2
417 454
1 5 2
143 209
1 4 2
34 76
1 8 2
216 406
1 4 2
256 440
1 12 2
68 142
1 6 2
394 419
1 14 2
96 174
1 13 2
153 241
1 10 2
402 482
1 4 2
156 418
1 8 2
321 418
1 13 2
32 456
1 15 2
394 443
1 7 2
45 73
1 12 2
97 321
1 15 2
342 458
1 9 2
211 281
1 14 2
335 411
1 8 2
438 495
1 9 2
3 384
1 11 2
291 300
1 13 2
128 286
1 3 2
52 221
1 5 2
168 465
1 2 2
25 175
1 14 2
355 492
1 9 2
68 163
1 10 2
221 247
1 10 2
120 419
1 14 2
120 408
1 8 2
193 395
1 4 2
74 331
1 2 2
117 210
1 8 2
60 269
1 12 2
113 290
1 15 2
178 414
1 7 2
469 476
1 11 2
229 411
1 9 2
46 108
1 5 2
49 360
1 12 2
150 209
1 2 2
138 322
1 4 2
85 170
1 9 2
199 289
1 13 2
74 95
1 4 2
225 493
1 6 2
3 405
1 10 2
121 437
1 7 2
91 153
1 13 2
190 497
1 7 2
5 302
1 4 2
155 382
1 2 2
168 310
1 13 2
329 362
1 6 2
220 297
1 3 2
203 461
1 11 2
336 438
1 3 2
332 342
1 11 2
72 404
1 2 2
107 358
1 8 2
244 377
1 9 2
217 392
1 13 2
61 486
1 11 2
434 440
1 12 2
349 425
1 2 2
99 216
1 9 2
20 294
1 2 2
296 312
1 9 2
16 247
1 2 2
177 464
1 7 2
90 370
1 14 2
82 314
1 5 2
198 389
1 14 2
66 256
1 4 2
316 454
1 12 2
170 296
1 10 2
301 333
1 6 2
333 452
1 15 2
222 307
1 7 2
161 432
1 14 2
329 487
1 15 2
230 480
1 2 2
126 346
1 5 2
11 472
1 9 2
99 149
1 11 2
76 115
1 13 2
420 483
1 13 2
153 294
1 15 2
313 339
1 9 2
124 353
1 8 2
171 198
1 7 2
340 418
1 3 2
464 474
1 14 2
134 365
1 15 2
94 238
1 11 2
265 474
1 13 2
85 259
1 12 2
148 306
1 9 2
214 397
1 7 2
120 135
1 7 2
374 482
1 10 2
301 338
1 9 2
112 383
1 10 2
323 344
1 3 2
305 483
1 10 2
33 140
1 14 2
372 455
1 8 2
85 435
1 5 2
192 293
1 7 2
383 448
1 15 2
156 475
1 9 2
338 405
1 8 2
26 50
1 5 2
199 259
1 7 2
228 294
1 4 2
320 492
1 6 2
75 156
1 15 2
241 449
1 3 2
315 349
1 5 2
423 473
1 4 2
230 274
1 14 2
329 395
1 12 2
325 412
1 2 2
241 478
1 12 2
249 373
1 2 2
119 449
1 9 2
82 84
1 10 2
139 141
1 11 2
25 472
1 15 2
129 264
1 4 2
195 412
1 11 2
208 395
1 10 2
176 331
1 8 2
53 348
1 13 2
375 390
1 2 2
289 373
1 3 2
93 287
1 8 2
231 437
1 14 2
176 295
1 12 2
44 151
1 13 2
467 485
1 12 2
370 437
1 5 2
86 324
1 12 2
210 415
1 9 2
0 176
1 7 2
148 191
1 7 2
217 326
1 6 2
362 373
1 10 2
52 95
1 4 2
78 484
1 7 2
343 473
1 11 2
16 373
1 13 2
62 221
1 2 2
291 402
1 15 2
215 269
1 11 2
261 370
1 13 2
88 425
1 8 2
51 406
1 3 2
194 219
1 8 2
444 459
1 15 2
191 198
1 7 2
453 495
1 2 2
96 368
1 9 2
350 352
1 7 2
31 129
1 6 2
370 438
1 4 2
339 493
1 14 2
250 452
1 6 2
145 300
1 14 2
237 316
1 8 2
362 473
1 13 2
276 460
1 11 2
53 479
1 2 2
176 399
1 2 2
353 355
1 9 2
150 343
1 7 2
346 408
1 10 2
130 443
1 3 2
330 380
1 12 2
212 429
1 2 2
179 444
1 11 2
188 270
1 13 2
238 319
1 2 2
15 281
1 12 2
6 415
1 9 2
64 87
1 15 2
221 337
1 2 2
53 194
1 6 2
256 420
1 9 2
126 363
1 13 2
102 378
1 6 2
360 467
1 7 2
100 117
1 11 2
222 446
1 8 2
14 135
1 12 2
10 415
1 13 2
38 283
1 12 2
82 125
1 2 2
134 435
1 6 2
218 479
1 9 2
213 454
1 13 2
89 398
1 11 2
31 169
1 2 2
347 371
1 13 2
152 391
1 7 2
81 448
1 8 2
67 283
1 7 2
279 423
1 9 2
144 248
1 14 2
73 190
1 7 2
272 458
1 11 2
74 236
1 11 2
129 379
1 2 2
89 381
1 8 2
2 186
1 8 2
283 378
1 2 2
50 226
1 15 2
80 113
1 5 2
55 199
1 11 2
24 469
1 9 2
193 219
1 6 2
98 118
1 14 2
32 84
1 12 2
9 135
1 11 2
48 354
1 14 2
172 239
1 3 2
21 64
1 13 2
142 179
1 3 2
397 450
1 15 2
6 374
1 12 2
76 357
1 12 2
253 459
1 2 2
392 399
1 3 2
268 389
1 10 2
349 355
1 4 2
386 475
1 13 2
36 362
1 4 2
97 143
1 2 2
259 272
1 3 2
320 434
1 4 2
111 133
1 8 2
71 126
1 11 2
75 93
1 9 2
39 168
1 12 2
20 315
1 14 2
305 496
1 12 2
304 315
1 13 2
112 256
1 5 2
205 466
1 2 2
187 263
1 9 2
65 181
1 5 2
326 336
1 11 2
110 181
1 8 2
158 271
1 5 2
175 281
1 13 2
46 373
1 12 2
335 383
1 15 2
117 335
1 10 2
47 294
1 8 2
275 306
1 7 2
75 297
1 4 2
185 352
1 10 2
124 226
1 10 2
33 307
1 7 2
331 445
1 12 2
4 307
1 9 2
107 280
1 6 2
270 375
1 7 2
35 464
1 5 2
19 179
1 9 2
296 326
1 7 2
79 410
1 10 2
78 264
1 4 2
202 479
1 14 2
426 446
1 15 2
14 176
1 12 2
79 250
1 4 2
341 443
1 5 2
370 388
1 13 2
342 399
1 9 2
325 411
1 6 2
266 281
1 3 2
328 414
1 7 2
38 451
1 3 2
45 238
1 12 2
87 218
1 8 2
139 182
1 10 2
284 422
1 7 2
408 423
1 7 2
51 300
1 7 2
430 472
1 6 2
129 403
1 14 2
364 381
1 10 2
24 487
1 10 2
381 421
1 4 2
410 477
1 7 2
204 400
1 9 2
257 429
1 7 2
115 199
1 14 2
166 498
1 12 2
208 343
1 11 2
403 413
1 3 2
8 375
1 11 2
57 94
1 4 2
411 461
1 4 2
94 483
1 5 2
237 325
1 14 2
53 300
1 7 2
28 214
1 3 2
379 384
1 4 2
96 363
1 2 2
23 459
1 9 2
0 49
1 12 2
30 177
1 10 2
109 137
1 15 2
26 282
1 3 2
36 237
1 2 2
184 199
1 15 2
19 292
1 2 2
358 457
1 15 2
78 117
1 8 2
397 410
1 8 2
301 383
1 13 2
209 220
1 14 2
218 292
1 9 2
23 32
1 6 2
449 474
1 11 2
123 212
1 8 2
300 399
1 2 2
55 175
1 3 2
166 280
1 3 2
280 461
1 11 2
91 303
1 7 2
104 142
1 4 2
180 423
1 11 2
210 403
1 8 2
100 380
1 10 2
102 134
1 12 2
20 83
1 2 2
289 329
1 9 2
187 220
1 10 2
193 488
1 13 2
285 372
1 8 2
93 187
1 14 2
118 175
1 11 2
80 377
1 4 2
167 406
1 3 2
95 162
1 2 2
470 493
1 6 2
214 393
1 5 2
440 458
1 15 2
400 490
1 10 2
104 247
1 9 2
163 302
1 5 2
68 471
1 4 2
265 297
1 2 2
389 392
1 4 2
133 457
1 8 2
156 430
1 7 2
123 210
1 6 2
110 422
1 3 2
244 425
1 13 2
86 401
1 14 2
133 306
1 13 2
16 104
1 5 2
25 148
1 8 2
80 483
1 4 2
306 452
1 5 2
81 352
1 5 2
24 138
1 6 2
131 361
1 6 2
263 379
1 6 2
294 439
1 6 2
225 385
1 2 2
52 105
1 3 2
178 328
1 9 2
145 396
1 3 2
117 311
1 10 2
272 296
1 4 2
165 426
1 14 2
217 332
1 4 2
7 244
1 4 2
328 351
1 14 2
250 466
1 11 2
62 392
1 9 2
63 361
1 11 2
452 459
1 9 2
124 301
1 2 2
34 171
1 12 2
158 298
1 7 2
221 290
1 3 2
126 240
1 2 2
256 270
1 8 2
336 355
1 2 2
277 406
1 8 2
223 360
1 8 2
302 420
1 9 2
11 228
1 4 2
104 428
1 4 2
274 287
1 3 2
43 407
1 13 2
52 201
1 9 2
395 421
1 14 2
69 315
1 9 2
137 314
1 3 2
80 493
1 11 2
102 117
1 2 2
20 49
1 14 2
129 490
1 5 2
121 238
1 9 2
107 353
1 14 2
60 156
1 12 2
30 468
1 14 2
96 141
1 14 2
46 105
1 11 2
163 445
1 2 2
151 243
1 15 2
253 413
1 10 2
63 280
1 10 2
175 213
1 11 2
49 97
1 11 2
222 312
1 2 2
56 439
1 15 2
81 285
1 3 2
239 389
1 2 2
145 336
1 4 2
7 109
1 15 2
208 467
1 12 2
310 479
1 13 2
483 486
1 10 2
213 248
1 14 2
154 208
1 4 2
306 385
1 13 2
2 92
1 13 2
250 363
1 7 2
146 325
1 3 2
286 341
1 4 2
54 259
1 5 2
194 282
1 13 2
126 400
1 14 2
136 144
1 9 2
164 341
1 15 2
155 230
1 15 2
15 32
1 14 2
137 390
1 8 2
276 471
1 5 2
7 126
1 10 2
43 431
1 7 2
312 454
1 12 2
260 275
1 6 2
324 426
1 11 2
64 478
1 7 2
175 417
1 10 2
14 344
1 8 2
15 467
1 6 2
290 426
1 10 2
121 251
1 3 2
34 414
1 7 2
47 162
1 10 2
82 109
1 15 2
241 402
1 14 2
95 126
1 4 2
123 425
1 10 2
82 201
1 9 2
4 327
1 8 2
148 263
1 6 2
85 431
1 7 2
206 238
1 3 2
183 270
1 5 2
284 417
1 13 2
110 391
1 5 2
266 274
1 8 2
15 360
1 14 2
254 466
1 6 2
194 416
1 10 2
148 241
1 10 2
33 147
1 8 2
49 79
1 11 2
106 462
1 9 2
56 83
1 5 2
124 453
1 12 2
268 301
1 5 2
25 282
1 10 2
138 176
1 4 2
91 347
1 8 2
78 356
1 7 2
94 199
1 6 2
430 493
1 12 2
275 476
1 13 2
49 136
1 4 2
106 246
1 10 2
298 458
1 6 2
278 338
1 12 2
108 201
1 15 2
17 140
1 14 2
108 288
1 7 2
386 482
1 4 2
1 70
1 7 2
168 172
1 4 2
376 458
1 7 2
11 168
1 12 2
220 290
1 12 2
220 375
1 8 2
31 448
1 4 2
221 330
1 5 2
198 241
1 2 2
367 437
1 3 2
6 96
1 11 2
157 263
1 14 2
140 283
1 8 2
62 409
1 9 2
371 439
1 11 2
153 329
1 12 2
242 329
1 12 2
489 494
1 10 2
292 404
1 14 2
208 263
1 4 2
387 457
1 13 2
192 338
1 11 2
73 347
1 9 2
241 468
1 14 2
15 159
1 8 2
140 233
1 10 2
60 201
1 7 2
179 237
1 2 2
389 469
1 7 2
97 486
1 12 2
194 432
1 3 2
2 295
1 11 2
19 379
1 12 2
57 160
1 6 2
149 261
1 3 2
78 96
1 2 2
151 307
1 13 2
69 442
1 15 2
227 416
1 15 2
132 307
1 8 2
183 250
1 11 2
259 377
1 11 2
180 391
1 14 2
41 56
1 11 2
280 338
1 6 2
229 496
1 4 2
276 280
1 6 2
62 499
1 5 2
336 481
1 6 2
37 290
1 5 2
189 406
1 4 2
4 279
1 13 2
72 117
1 11 2
193 398
1 10 2
95 378
1 12 2
43 391
1 6 2
169 174
1 6 2
333 447
1 2 2
104 402
1 14 2
97 195
1 4 2
351 393
1 8 2
194 486
1 3 2
157 182
1 14 2
368 386
1 13 2
176 222
1 2 2
10 182
1 4 2
101 455
1 14 2
417 493
1 7 2
331 441
1 9 2
49 405
1 8 2
255 488
1 10 2
177 445
1 12 2
172 244
1 10 2
63 121
1 8 2
291 422
1 9 2
22 490
1 8 2
246 377
1 8 2
240 428
1 3 2
319 460
1 14 2
6 303
1 15 2
53 238
1 9 2
67 202
1 4 2
316 416
1 12 2
341 464
1 5 2
220 344
1 8 2
299 463
1 14 2
346 399
1 2 2
139 228
1 11 2
254 443
1 6 2
211 354
1 10 2
118 439
1 9 2
121 224
1 5 2
53 288
1 3 2
70 113
1 13 2
71 387
1 4 2
47 255
1 13 2
39 373
1 10 2
241 405
1 11 2
72 426
1 8 2
342 412
1 2 2
22 30
1 13 2
88 238
1 8 2
277 419
1 12 2
336 359
1 14 2
174 310
1 3 2
32 262
1 7 2
323 358
1 3 2
74 492
1 9 2
351 355
1 4 2
385 450
1 12 2
366 457
1 7 2
267 281
1 11 2
97 260
1 5 2
293 412
1 8 2
404 433
1 6 2
227 406
1 6 2
131 167
1 13 2
193 419
1 8 2
387 445
1 11 2
15 404
1 6 2
16 413
1 4 2
3 48
1 10 2
210 375
1 14 2
94 270
1 6 2
251 474
1 14 2
191 271
1 12 2
76 444
1 13 2
203 207
1 5 2
182 252
1 10 2
389 487
1 15 2
105 142
1 13 2
74 245
1 4 2
316 417
1 8 2
65 318
1 11 2
264 390
1 12 2
97 306
1 12 2
405 477
1 9 2
84 241
1 7 2
78 285
1 4 2
40 260
1 7 2
12 251
1 13 2
35 300
1 2 2
438 440
1 15 2
383 491
1 7 2
433 499
1 6 2
371 378
1 14 2
156 327
1 8 2
223 471
1 4 2
276 425
1 8 2
70 84
1 8 2
249 471
1 4 2
101 499
1 14 2
128 161
1 6 2
26 93
1 8 2
100 128
1 15 2
66 429
1 3 2
123 474
1 6 2
179 407
1 9 2
125 264
1 5 2
234 312
1 10 2
37 293
1 3 2
13 349
1 4 2
122 274
1 7 2
228 367
1 15 2
12 297
1 23 2
209 395
1 29 2
174 459
1 12 2
21 485
1 22 2
97 397
1 16 2
392 495
1 28 2
38 312
1 8 2
416 467
1 28 2
227 323
1 21 2
112 251
1 25 2
40 45
1 6 2
35 366
1 17 2
134 430
1 26 2
131 411
1 19 2
167 353
1 14 2
82 404
1 19 2
44 416
1 23 2
293 341
1 8 2
17 322
1 27 2
217 346
1 21 2
227 383
1 20 2
265 453
1 11 2
429 436
1 26 2
74 469
1 25 2
180 399
1 8 2
472 475
1 27 2
32 181
1 20 2
313 314
