800 6400 2400
22 19 7 15 18 22 25 18 18 18 5 21 21 6 8 22 14 22 10 10 19 7 21 14 21 14 20 21 7 18 17 16 24 7 25 10 12 23 20 24 10 6 12 6 6 8 6 16 22 25 5 25 25 12 9 12 8 21 22 24 12 16 24 11 7 6 19 18 22 19 20 15 17 14 24 17 22 21 7 24 9 18 10 21 6 6 25 11 24 21 22 12 15 20 16 11 17 16 19 22 16 19 10 6 7 11 18 25 21 10 17 24 17 24 7 5 9 5 22 24 19 12 20 24 11 21 22 13 9 9 12 7 17 9 14 18 12 21 5 24 5 10 13 12 8 20 14 17 20 9 12 25 10 15 16 21 19 13 12 15 9 21 18 17 9 7 7 15 5 18 15 8 10 11 25 24 22 12 18 12 22 14 19 25 7 14 25 17 6 16 7 20 17 11 15 11 11 15 15 7 11 21 18 16 10 9 7 6 16 12 19 16 6 20 8 20 6 8 22 12 11 14 5 23 14 25 23 6 20 14 23 10 21 12 25 12 20 19 15 19 20 24 19 9 6 11 7 24 18 23 14 19 14 20 5 6 18 12 15 19 18 22 16 19 14 9 25 16 12 22 8 20 25 18 20 9 25 5 23 24 21 14 7 15 9 11 15 19 18 8 7 19 16 6 21 24 24 18 17 19 7 13 16 7 25 8 7 21 22 16 7 24 20 7 7 24 23 15 11 20 18 21 19 20 16 11 21 7 13 23 23 16 17 9 8 25 7 12 20 23 14 11 17 12 19 15 17 21 9 12 22 14 24 21 12 13 17 9 18 6 18 8 25 25 23 13 18 9 25 25 12 24 22 18 7 7 6 22 24 14 11 7 7 18 18 8 25 23 22 13 16 19 21 14 10 17 23 6 10 17 11 19 9 6 10 5 11 12 16 12 24 20 20 7 17 17 10 15 13 19 16 15 19 21 13 22 17 19 9 15 18 19 12 18 5 19 13 19 20 7 8 9 24 14 5 20 25 20 11 6 10 11 11 12 22 14 9 24 5 16 17 12 20 23 11 22 22 10 21 7 16 20 15 22 19 15 7 18 18 16 24 20 14 8 23 15 22 14 16 18 25 5 21 14 8 15 7 7 13 17 21 9 7 7 5 15 12 24 21 16 25 14 22 10 11 6 18 7 18 17 15 8 11 8 8 16 18 7 24 13 13 18 21 19 10 24 11 22 24 6 21 13 18 22 13 11 21 12 20 8 5 14 16 18 22 17 8 15 23 16 22 23 12 22 15 7 21 15 20 10 9 16 7 11 16 17 6 20 15 5 7 5 15 21 8 10 18 22 6 5 7 24 18 24 10 6 16 23 24 7 8 5 9 8 8 17 23 14 13 6 18 14 13 19 20 18 20 6 24 16 6 10 14 21 13 16 24 20 15 25 10 8 5 23 10 20 7 16 22 18 12 15 23 17 22 5 5 18 11 18 22 25 18 9 25 5 11 16 24 25 10 14 21 25 17 12 9 6 13 19 5 12 17 9 6 23 19 19 14 12 24 15 8 9 25 18 24 12 18 7 24 15 16 9 13 8 17 16 12 25 7 13 12 6 25 21 15 16 12 21 5 14 8 10 22 13 9 8 19 23 6 13 11 16 13 12 6 8 5 23 23 22 13 17 6 20 21 7 19 25 16 16 20 16 25 24 8 6 8 19 22 16 25 11 21 5 10 7 18 7 10 12 20 15 15 19 9 24 9 25 16 13 11 17 9 12 23 5 24 8 6 16 20 18 15 20 10 22 8 22 25 7 15 16 22 17 12 12 16 8
3 5 18 10 17 10 18 20 15 16 7 18 10 10 19 12 15 7 4 19 14 13 11 10 13 17 4 4 4 9 18 6 5 13 8 7 12 7 13 3 14 3 7 3 20 20 17 17 17 6 13 6 16 13 13 7 8 4 19 4 4 7 12 10 3 5 12 20 6 16 15 9 8 18 14 9 12 4 3 20 3 12 7 11 12 6 13 20 4 11 18 13 10 8 5 7 9 13 20 4 14 9 15 12 7 15 9 17 15 18 7 8 8 6 5 11 14 15 13 6 10 3 5 6 6 6 7 10 20 18 16 18 10 7 6 11 3 13 9 12 10 9 3 15 8 15 17 4 10 16 15 5 14 9 17 15 17 12 13 11 3 20 7 9 16 20 5 5 16 8 12 10 11 17 5 3 3 7 7 15 17 12 13 12 6 3 6 10 20 17 4 16 4 9 8 13 10 15 6 14 9 4 19 14 8 9 18 8 17 15 9 17 10 10 7 6 10 12 3 17 4 11 11 4 9 11 16 10 3 15 11 19 3 7 5 15 11 15 16 15 8 18 15 14 15 13 11 3 17 12 3 12 10 8 14 4 6 18 18 17 14 12 12 12 8 7 14 4 9 9 16 17 5 17 18 7 10 11 6 3 10 11 16 6 12 4 13 10 5 4 19 5 7 4 13 15 6 4 10 6 18 8 19 18 3 9 7 20 3 18 18 10 6 16 15 10 19 19 7 16 3 6 9 6 14 13 5 20 13 14 20 10 13 5 4 15 4 12 13 11 17 11 11 11 20 3 19 5 16 11 20 18 16 4 17 12 19 3 6 15 11 15 9 8 17 17 8 13 5 17 3 10 13 20 8 7 16 13 6 6 11 18 11 19 7 8 4 9 9 16 20 12 6 19 7 7 19 6 20 3 5 13 19 8 20 17 13 8 10 6 4 10 12 16 9 3 10 12 5 13 20 9 18 18 12 9 12 4 17 6 19 8 17 11 9 18 17 11 3 15 10 7 16 18 6 13 6 14 19 15 11 11 9 20 12 15 16 7 9 10 14 12 10 12 11 16 5 3 9 7 10 7 11 11 8 11 17 14 5 10 12 6 19 5 13 14 13 3 7 4 10 20 3 17 18 12 9 3 5 18 20 12 10 15 12 7 5 14 19 20 17 13 8 13 6 18 8 19 14 8 5 11 20 9 5 16 3 14 12 15 20 13 9 9 13 7 19 19 16 6 19 17 15 13 15 12 13 11 16 10 5 19 17 15 3 10 10 7 12 8 17 15 3 4 10 20 15 15 15 13 3 6 7 4 7 8 8 6 14 12 11 13 19 5 6 10 4 7 6 15 15 9 16 4 14 7 16 8 17 3 19 6 12 13 5 15 6 4 14 20 16 10 7 20 6 10 19 18 14 4 9 18 5 18 9 9 15 19 12 12 19 8 7 16 6 5 4 7 14 4 18 9 14 20 10 15 19 14 15 18 18 5 13 15 5 20 16 12 6 20 13 12 6 14 6 3 10 12 20 18 10 3 10 9 13 8 3 11 18 19 18 19 5 19 16 19 6 6 7 16 15 11 19 8 15 12 17 14 11 7 18 7 5 12 8 14 19 10 6 10 16 10 6 7 10 7 8 13 12 11 15 5 4 13 13 5 13 19 16 7 8 13 19 11 4 19 18 14 17 4 20 19 11 13 14 18 20 7 6 20 8 18 8 6 11 7 7 9 19 12 8 6 3 15 12 8 14 9 19 13 13 8 6 4 17 19 7 11 12 14 17 8 7 13 14 7 4 4 14 13 3 9 20 4 13 6 15 13 3 20
1 8 2
676 95
1 14 2
740 512
1 13 2
744 791
1 7 2
664 13
1 10 2
456 549
1 14 2
256 199
1 14 2
367 48
1 13 2
505 32
1 2 2
271 649
1 3 2
319 345
1 13 2
591 448
1 8 2
719 747
1 3 2
641 261
1 15 2
704 563
1 10 2
11 755
1 12 2
12 173
1 9 2
227 531
1 7 2
725 691
1 7 2
484 548
1 3 2
47 107
1 14 2
403 451
1 10 2
780 77
1 13 2
143 748
1 4 2
129 206
1 3 2
137 657
1 7 2
483 437
1 3 2
498 395
1 12 2
650 634
1 11 2
597 225
1 13 2
447 752
1 8 2
112 133
1 3 2
770 646
1 11 2
752 341
1 6 2
668 175
1 14 2
699 498
1 6 2
119 655
1 8 2
681 358
1 12 2
161 391
1 5 2
114 176
1 13 2
448 566
1 13 2
183 764
1 5 2
5 1
1 5 2
169 193
1 6 2
258 457
1 10 2
273 682
1 3 2
440 198
1 8 2
323 570
1 15 2
560 796
1 10 2
365 36
1 15 2
41 368
1 13 2
312 57
1 5 2
741 432
1 14 2
708 581
1 10 2
781 531
1 5 2
354 777
1 2 2
392 565
1 9 2
241 706
1 7 2
357 485
1 7 2
126 148
1 5 2
583 152
1 12 2
492 377
1 11 2
287 470
1 5 2
745 586
1 9 2
102 718
1 14 2
150 55
1 3 2
296 204
1 10 2
593 657
1 6 2
53 301
1 4 2
154 20
1 2 2
650 35
1 9 2
319 164
1 14 2
594 397
1 15 2
504 749
1 5 2
2 93
1 6 2
795 392
1 6 2
669 187
1 8 2
414 143
1 4 2
542 273
1 13 2
308 515
1 7 2
554 578
1 12 2
578 750
1 10 2
375 724
1 2 2
343 111
1 3 2
145 775
1 14 2
574 407
1 7 2
532 95
1 8 2
731 346
1 11 2
295 703
1 8 2
584 31
1 14 2
577 680
1 3 2
584 176
1 2 2
85 626
1 12 2
240 56
1 13 2
112 338
1 6 2
431 700
1 12 2
105 656
1 10 2
294 680
1 13 2
687 419
1 10 2
685 439
1 13 2
80 312
1 3 2
551 736
1 15 2
190 506
1 2 2
504 371
1 6 2
214 517
1 6 2
139 204
1 10 2
624 251
1 6 2
307 44
1 15 2
267 217
1 15 2
669 207
1 15 2
291 712
1 6 2
425 559
1 9 2
433 724
1 12 2
236 629
1 8 2
153 39
1 13 2
509 124
1 12 2
137 538
1 6 2
177 641
1 6 2
543 168
1 2 2
707 555
1 9 2
268 436
1 10 2
401 666
1 11 2
448 430
1 9 2
567 227
1 8 2
549 783
1 5 2
27 276
1 11 2
704 721
1 2 2
95 761
1 9 2
121 769
1 12 2
657 25
1 3 2
593 572
1 13 2
674 425
1 12 2
792 473
1 5 2
203 215
1 12 2
545 351
1 12 2
331 449
1 6 2
184 547
1 4 2
492 607
1 9 2
371 34
1 2 2
412 348
1 7 2
598 434
1 4 2
791 680
1 10 2
205 311
1 14 2
662 488
1 6 2
722 424
1 3 2
347 796
1 13 2
410 798
1 8 2
674 660
1 15 2
654 471
1 12 2
332 277
1 15 2
19 639
1 7 2
774 707
1 14 2
633 140
1 7 2
653 44
1 10 2
93 114
1 10 2
136 642
1 11 2
534 661
1 5 2
206 319
1 15 2
296 155
1 13 2
283 236
1 3 2
699 283
1 5 2
466 570
1 9 2
561 752
1 14 2
514 404
1 7 2
649 381
1 2 2
311 712
1 7 2
726 357
1 14 2
206 59
1 10 2
35 41
1 9 2
399 540
1 5 2
740 564
1 6 2
78 699
1 8 2
403 516
1 13 2
408 747
1 10 2
794 640
1 10 2
386 797
1 13 2
159 287
1 12 2
141 518
1 11 2
518 618
1 7 2
139 787
1 14 2
718 78
1 15 2
168 50
1 11 2
671 314
1 10 2
456 639
1 11 2
159 419
1 4 2
451 676
1 10 2
78 391
1 13 2
568 776
1 4 2
48 421
1 12 2
234 505
1 7 2
63 627
1 4 2
777 488
1 9 2
562 647
1 13 2
716 416
1 12 2
728 237
1 10 2
736 1
1 15 2
300 238
1 2 2
556 204
1 11 2
160 96
1 12 2
711 743
1 10 2
526 364
1 12 2
348 630
1 9 2
368 155
1 7 2
763 140
1 5 2
485 252
1 6 2
715 457
1 3 2
229 494
1 9 2
689 168
1 15 2
338 741
1 2 2
477 773
1 9 2
486 527
1 6 2
706 481
1 6 2
35 202
1 7 2
245 270
1 5 2
297 330
1 8 2
706 149
1 15 2
66 564
1 7 2
569 638
1 8 2
48 344
1 6 2
754 648
1 7 2
585 653
1 8 2
241 748
1 12 2
682 552
1 4 2
768 180
1 5 2
555 438
1 15 2
19 708
1 10 2
661 624
1 15 2
596 378
1 11 2
570 432
1 3 2
719 710
1 7 2
254 646
1 2 2
679 48
1 5 2
269 190
1 6 2
198 409
1 15 2
59 653
1 12 2
455 261
1 9 2
643 417
1 9 2
637 491
1 11 2
431 133
1 12 2
746 186
1 7 2
486 732
1 5 2
738 103
1 10 2
170 241
1 11 2
279 325
1 12 2
660 401
1 15 2
263 726
1 13 2
355 366
1 3 2
50 298
1 14 2
216 275
1 9 2
768 742
1 5 2
783 116
1 3 2
471 696
1 15 2
644 148
1 3 2
674 236
1 12 2
789 450
1 15 2
781 729
1 11 2
67 26
1 6 2
102 14
1 10 2
414 143
1 8 2
467 250
1 14 2
305 318
1 13 2
65 411
1 15 2
328 788
1 6 2
394 560
1 10 2
263 149
1 3 2
589 238
1 7 2
589 456
1 7 2
611 99
1 13 2
105 273
1 2 2
584 320
1 7 2
175 526
1 4 2
585 127
1 6 2
255 358
1 8 2
763 27
1 12 2
297 339
1 9 2
351 391
1 8 2
724 379
1 5 2
99 592
1 14 2
196 143
1 5 2
187 28
1 5 2
585 479
1 6 2
132 121
1 7 2
500 437
1 4 2
493 587
1 5 2
552 389
1 8 2
53 549
1 9 2
788 551
1 15 2
415 421
1 11 2
740 378
1 11 2
467 28
1 6 2
624 218
1 6 2
557 590
1 13 2
101 587
1 13 2
716 361
1 3 2
29 331
1 7 2
757 777
1 8 2
223 111
1 6 2
635 518
1 15 2
156 713
1 15 2
763 724
1 2 2
611 406
1 4 2
333 318
1 4 2
355 212
1 11 2
468 192
1 3 2
105 357
1 12 2
49 442
1 14 2
477 371
1 14 2
609 245
1 10 2
770 672
1 6 2
391 607
1 5 2
679 84
1 3 2
281 476
1 15 2
287 621
1 8 2
707 660
1 4 2
311 175
1 3 2
508 618
1 12 2
313 407
1 7 2
384 376
1 8 2
666 487
1 10 2
246 303
1 6 2
321 380
1 13 2
564 216
1 2 2
704 770
1 11 2
84 346
1 8 2
283 481
1 15 2
759 703
1 11 2
703 318
1 15 2
682 596
1 11 2
484 99
1 11 2
692 99
1 4 2
277 678
1 3 2
294 721
1 8 2
780 719
1 10 2
494 185
1 2 2
264 298
1 7 2
75 114
1 8 2
543 667
1 12 2
440 411
1 10 2
697 597
1 6 2
236 693
1 11 2
185 697
1 10 2
299 622
1 4 2
598 461
1 8 2
350 161
1 8 2
221 302
1 6 2
628 90
1 6 2
693 594
1 14 2
586 552
1 7 2
431 270
1 7 2
467 85
1 5 2
289 97
1 9 2
560 452
1 5 2
364 234
1 5 2
236 239
1 3 2
5 194
1 9 2
11 596
1 11 2
419 565
1 12 2
619 419
1 12 2
639 17
1 3 2
639 206
1 10 2
235 341
1 4 2
701 762
1 3 2
67 635
1 12 2
519 725
1 9 2
466 359
1 8 2
180 414
1 2 2
34 383
1 7 2
375 693
1 13 2
523 480
1 11 2
193 489
1 6 2
222 232
1 2 2
355 528
1 13 2
155 115
1 7 2
194 177
1 9 2
70 470
1 7 2
477 214
1 8 2
306 381
1 5 2
508 510
1 13 2
425 244
1 13 2
209 405
1 5 2
196 648
1 9 2
169 244
1 3 2
504 251
1 10 2
147 758
1 4 2
557 297
1 5 2
321 73
1 12 2
391 169
1 8 2
630 693
1 12 2
653 704
1 15 2
712 781
1 2 2
593 739
1 6 2
134 791
1 14 2
491 144
1 11 2
582 20
1 10 2
33 7
1 11 2
103 165
1 10 2
137 160
1 11 2
375 413
1 12 2
48 216
1 9 2
34 601
1 14 2
68 623
1 11 2
706 643
1 14 2
679 748
1 15 2
573 181
1 15 2
662 714
1 12 2
121 286
1 9 2
717 118
1 4 2
589 623
1 5 2
133 42
1 13 2
455 46
1 4 2
698 164
1 10 2
311 343
1 4 2
719 581
1 13 2
301 706
1 10 2
418 125
1 12 2
635 660
1 13 2
514 769
1 10 2
749 183
1 9 2
584 336
1 13 2
58 117
1 13 2
19 75
1 11 2
719 92
1 12 2
3 684
1 13 2
660 652
1 8 2
95 527
1 15 2
317 119
1 12 2
257 208
1 11 2
765 47
1 5 2
73 503
1 4 2
660 222
1 2 2
685 256
1 14 2
373 375
1 7 2
627 379
1 13 2
705 278
1 14 2
455 790
1 14 2
490 722
1 11 2
133 405
1 5 2
695 665
1 9 2
25 535
1 14 2
70 231
1 12 2
743 191
1 10 2
332 542
1 12 2
151 18
1 9 2
574 246
1 2 2
165 525
1 15 2
61 175
1 7 2
253 757
1 4 2
435 476
1 2 2
730 350
1 4 2
547 711
1 15 2
586 655
1 4 2
181 589
1 8 2
653 23
1 13 2
321 313
1 12 2
34 746
1 13 2
81 304
1 10 2
710 587
1 8 2
661 403
1 12 2
451 506
1 5 2
720 65
1 12 2
75 280
1 4 2
192 764
1 14 2
192 158
1 8 2
113 171
1 10 2
442 229
1 2 2
659 294
1 9 2
107 131
1 15 2
123 296
1 15 2
773 361
1 7 2
533 608
1 8 2
14 288
1 10 2
531 621
1 7 2
306 630
1 4 2
20 167
1 5 2
267 546
1 14 2
25 109
1 2 2
787 730
1 12 2
582 614
1 6 2
451 581
1 10 2
293 302
1 7 2
631 437
1 4 2
9 294
1 12 2
103 589
1 7 2
100 388
1 12 2
146 557
1 14 2
630 774
1 14 2
570 167
1 15 2
722 301
1 11 2
46 688
1 6 2
204 253
1 9 2
619 630
1 5 2
330 390
1 2 2
160 131
1 10 2
783 457
1 3 2
201 307
1 14 2
311 727
1 13 2
169 267
1 14 2
741 9
1 11 2
351 696
1 12 2
756 530
1 7 2
593 360
1 3 2
788 174
1 10 2
587 33
1 12 2
365 13
1 13 2
616 500
1 3 2
145 310
1 14 2
682 135
1 12 2
89 661
1 10 2
607 641
1 11 2
664 189
1 6 2
339 416
1 8 2
85 694
1 6 2
282 589
1 7 2
279 272
1 6 2
542 707
1 10 2
410 47
1 5 2
67 465
1 13 2
767 502
1 4 2
210 514
1 2 2
464 563
1 5 2
53 434
1 14 2
379 794
1 6 2
343 129
1 3 2
595 161
1 2 2
769 245
1 4 2
145 199
1 15 2
771 244
1 13 2
516 373
1 6 2
690 193
1 6 2
281 631
1 6 2
783 626
1 10 2
429 318
1 15 2
171 613
1 13 2
435 45
1 13 2
169 221
1 14 2
321 281
1 6 2
792 473
1 10 2
382 280
1 4 2
533 148
1 7 2
148 490
1 4 2
425 437
1 12 2
364 69
1 13 2
153 776
1 4 2
316 478
1 2 2
294 243
1 15 2
239 157
1 13 2
509 108
1 14 2
597 506
1 5 2
476 640
1 15 2
197 50
1 11 2
500 475
1 10 2
256 794
1 13 2
164 21
1 10 2
45 33
1 2 2
771 327
1 3 2
442 456
1 9 2
707 112
1 3 2
760 107
1 8 2
749 320
1 3 2
242 677
1 2 2
517 154
1 8 2
737 560
1 13 2
704 349
1 2 2
547 172
1 10 2
81 465
1 14 2
213 191
1 4 2
50 279
1 2 2
203 486
1 10 2
399 461
1 15 2
85 336
1 2 2
305 364
1 2 2
131 312
1 6 2
367 195
1 4 2
65 541
1 6 2
513 216
1 11 2
267 761
1 14 2
549 625
1 13 2
623 222
1 3 2
109 501
1 10 2
357 795
1 5 2
574 341
1 5 2
782 478
1 2 2
437 102
1 13 2
656 377
1 13 2
666 69
1 2 2
366 262
1 13 2
335 365
1 9 2
560 532
1 11 2
230 407
1 7 2
76 578
1 7 2
465 161
1 15 2
566 392
1 12 2
584 558
1 3 2
632 775
1 14 2
634 777
1 12 2
606 107
1 5 2
83 316
1 6 2
489 412
1 12 2
727 483
1 2 2
183 164
1 12 2
249 473
1 3 2
561 365
1 2 2
517 671
1 4 2
96 35
1 9 2
744 703
1 15 2
43 82
1 11 2
759 500
1 4 2
212 519
1 15 2
267 136
1 2 2
289 460
1 15 2
140 696
1 2 2
579 656
1 12 2
343 542
1 3 2
203 522
1 9 2
207 261
1 2 2
528 583
1 7 2
75 520
1 4 2
779 290
1 2 2
587 769
1 3 2
408 100
1 7 2
497 301
1 3 2
667 283
1 9 2
85 316
1 12 2
563 506
1 13 2
241 476
1 4 2
762 513
1 13 2
327 48
1 5 2
387 43
1 14 2
313 73
1 2 2
636 407
1 9 2
697 109
1 12 2
413 152
1 4 2
461 26
1 4 2
749 63
1 13 2
331 410
1 5 2
86 467
1 6 2
9 380
1 3 2
646 348
1 14 2
78 611
1 4 2
169 672
1 10 2
287 317
1 8 2
465 786
1 3 2
301 237
1 7 2
375 632
1 5 2
644 153
1 9 2
583 150
1 15 2
430 522
1 2 2
43 296
1 10 2
284 701
1 10 2
784 435
1 3 2
672 365
1 14 2
64 492
1 15 2
178 314
1 10 2
111 753
1 3 2
381 18
1 5 2
445 745
1 9 2
193 37
1 4 2
128 759
1 3 2
22 565
1 7 2
129 590
1 9 2
6 550
1 2 2
183 746
1 4 2
263 331
1 10 2
653 60
1 5 2
275 677
1 5 2
356 733
1 14 2
788 121
1 2 2
88 464
1 4 2
503 263
1 9 2
109 41
1 3 2
517 529
1 10 2
128 427
1 2 2
227 49
1 3 2
647 786
1 12 2
613 137
1 7 2
450 789
1 2 2
635 781
1 3 2
602 585
1 11 2
432 712
1 3 2
438 117
1 4 2
632 360
1 3 2
442 593
1 3 2
633 234
1 5 2
520 122
1 8 2
174 678
1 12 2
53 244
1 5 2
376 150
1 3 2
145 670
1 7 2
128 356
1 8 2
714 175
1 13 2
410 7
1 11 2
566 555
1 5 2
702 711
1 8 2
54 179
1 3 2
430 262
1 8 2
473 343
1 10 2
304 399
1 2 2
300 506
1 13 2
616 364
1 8 2
219 718
1 9 2
68 736
1 2 2
491 72
1 15 2
261 457
1 14 2
160 115
1 13 2
332 516
1 7 2
46 182
1 4 2
763 202
1 7 2
207 602
1 14 2
117 554
1 5 2
473 74
1 11 2
477 118
1 2 2
331 216
1 6 2
173 568
1 11 2
23 395
1 8 2
211 376
1 4 2
293 202
1 11 2
507 718
1 6 2
242 410
1 2 2
732 425
1 13 2
180 689
1 10 2
480 128
1 8 2
593 367
1 7 2
480 389
1 8 2
110 144
1 2 2
746 735
1 4 2
624 770
1 6 2
116 159
1 9 2
388 142
1 12 2
389 687
1 9 2
407 592
1 8 2
607 556
1 15 2
94 459
1 14 2
530 110
1 13 2
102 487
1 9 2
13 592
1 2 2
220 132
1 5 2
57 14
1 9 2
634 46
1 13 2
478 689
1 9 2
213 239
1 15 2
684 518
1 14 2
58 593
1 9 2
288 543
1 8 2
313 204
1 9 2
597 650
1 8 2
9 25
1 13 2
182 329
1 3 2
157 83
1 2 2
498 200
1 8 2
779 314
1 11 2
622 315
1 9 2
169 597
1 11 2
727 720
1 15 2
57 56
1 11 2
489 488
1 6 2
106 119
1 3 2
456 457
1 6 2
195 604
1 7 2
380 599
1 3 2
160 793
1 9 2
294 280
1 10 2
770 342
1 12 2
244 97
1 11 2
335 699
1 13 2
753 654
1 15 2
321 183
1 10 2
566 278
1 11 2
215 639
1 3 2
287 204
1 12 2
342 624
1 9 2
380 627
1 10 2
178 608
1 15 2
267 639
1 6 2
374 694
1 8 2
794 559
1 8 2
771 389
1 7 2
687 571
1 12 2
509 622
1 14 2
180 782
1 7 2
799 652
1 4 2
66 562
1 14 2
663 545
1 14 2
222 746
1 13 2
127 432
1 15 2
349 157
1 5 2
78 584
1 15 2
398 711
1 9 2
455 508
1 13 2
637 547
1 10 2
666 123
1 14 2
563 383
1 13 2
77 196
1 6 2
293 144
1 3 2
174 49
1 4 2
601 80
1 7 2
536 281
1 12 2
203 565
1 14 2
609 249
1 14 2
105 376
1 12 2
497 527
1 10 2
108 374
1 6 2
265 77
1 9 2
790 247
1 6 2
255 61
1 8 2
325 326
1 15 2
60 0
1 8 2
576 743
1 7 2
24 569
1 5 2
66 650
1 11 2
561 246
1 10 2
785 659
1 4 2
396 7
1 13 2
38 544
1 7 2
586 583
1 6 2
782 606
1 14 2
799 40
1 12 2
570 41
1 9 2
520 27
1 8 2
75 373
1 5 2
705 686
1 14 2
271 662
1 7 2
308 524
1 12 2
550 759
1 13 2
608 349
1 7 2
412 322
1 13 2
295 658
1 9 2
130 301
1 5 2
424 723
1 14 2
375 638
1 11 2
618 445
1 11 2
443 342
1 8 2
401 273
1 15 2
168 88
1 12 2
786 264
1 14 2
15 743
1 12 2
109 51
1 13 2
484 504
1 8 2
780 777
1 9 2
776 106
1 11 2
601 725
1 14 2
787 162
1 3 2
320 749
1 4 2
219 423
1 2 2
714 336
1 14 2
543 255
1 3 2
330 135
1 13 2
158 362
1 8 2
762 654
1 10 2
724 672
1 2 2
11 278
1 11 2
537 345
1 10 2
340 465
1 4 2
222 86
1 12 2
583 175
1 9 2
581 536
1 8 2
439 271
1 5 2
76 541
1 13 2
498 676
1 7 2
0 272
1 10 2
599 14
1 13 2
130 509
1 15 2
254 214
1 9 2
216 396
1 14 2
726 407
1 5 2
33 141
1 9 2
629 727
1 13 2
64 143
1 6 2
142 212
1 8 2
135 259
1 4 2
709 30
1 5 2
382 543
1 14 2
590 672
1 8 2
598 304
1 11 2
562 392
1 6 2
71 718
1 13 2
360 238
1 3 2
679 252
1 2 2
224 273
1 6 2
85 88
1 5 2
3 132
1 8 2
549 774
1 2 2
719 240
1 9 2
674 241
1 11 2
460 285
1 4 2
128 294
1 7 2
674 583
1 13 2
373 680
1 7 2
394 226
1 3 2
535 255
1 4 2
208 685
1 14 2
482 298
1 8 2
101 739
1 7 2
547 321
1 5 2
185 138
1 6 2
500 215
1 4 2
258 635
1 12 2
752 213
1 15 2
716 468
1 3 2
664 313
1 5 2
604 165
1 9 2
199 177
1 11 2
256 249
1 8 2
617 507
1 6 2
728 754
1 7 2
404 85
1 9 2
350 377
1 3 2
399 782
1 4 2
647 100
1 4 2
658 307
1 12 2
794 407
1 7 2
109 70
1 8 2
233 26
1 10 2
580 156
1 11 2
718 37
1 7 2
273 441
1 6 2
10 254
1 4 2
19 606
1 9 2
487 115
1 7 2
784 699
1 13 2
454 596
1 6 2
565 462
1 8 2
259 347
1 13 2
233 756
1 7 2
6 605
1 5 2
411 141
1 11 2
235 185
1 13 2
225 699
1 3 2
608 465
1 11 2
742 199
1 13 2
465 778
1 7 2
340 166
1 2 2
223 344
1 14 2
242 266
1 10 2
56 480
1 4 2
392 136
1 4 2
577 367
1 9 2
624 630
1 6 2
685 725
1 6 2
560 684
1 11 2
735 167
1 12 2
143 462
1 3 2
509 135
1 13 2
588 591
1 14 2
324 590
1 13 2
535 520
1 12 2
238 646
1 6 2
409 27
1 6 2
691 474
1 8 2
590 102
1 5 2
272 156
1 4 2
396 53
1 2 2
790 584
1 6 2
211 143
1 9 2
697 490
1 14 2
392 534
1 2 2
647 738
1 10 2
437 251
1 13 2
119 468
1 9 2
376 331
1 12 2
335 146
1 15 2
279 612
1 11 2
261 338
1 9 2
113 241
1 2 2
329 495
1 10 2
580 771
1 12 2
354 150
1 12 2
443 98
1 15 2
455 463
1 9 2
663 332
1 15 2
175 453
1 10 2
416 194
1 5 2
523 322
1 3 2
139 326
1 3 2
772 485
1 5 2
127 614
1 8 2
268 568
1 9 2
732 464
1 14 2
70 777
1 4 2
549 508
1 7 2
777 625
1 5 2
702 363
1 2 2
397 549
1 11 2
353 404
1 6 2
620 105
1 11 2
675 302
1 7 2
768 377
1 12 2
287 521
1 10 2
209 290
1 14 2
24 492
1 6 2
443 165
1 7 2
516 313
1 13 2
204 618
1 13 2
757 465
1 5 2
185 19
1 3 2
370 186
1 13 2
343 400
1 7 2
227 724
1 9 2
306 509
1 5 2
601 765
1 10 2
232 151
1 7 2
792 216
1 7 2
399 384
1 8 2
743 393
1 12 2
199 496
1 3 2
792 545
1 6 2
403 672
1 12 2
465 132
1 4 2
440 97
1 2 2
632 625
1 12 2
192 305
1 5 2
287 64
1 9 2
291 645
1 4 2
308 500
1 2 2
98 560
1 4 2
762 732
1 10 2
601 147
1 8 2
567 257
1 15 2
268 707
1 8 2
92 30
1 10 2
788 646
1 15 2
149 218
1 15 2
233 359
1 13 2
645 361
1 14 2
140 248
1 11 2
153 215
1 14 2
782 37
1 11 2
757 451
1 12 2
115 333
1 2 2
305 791
1 6 2
360 1
1 10 2
626 326
1 4 2
795 341
1 9 2
771 223
1 4 2
106 410
1 10 2
735 589
1 15 2
533 612
1 13 2
420 746
1 4 2
732 156
1 14 2
113 524
1 15 2
199 407
1 13 2
694 136
1 14 2
443 781
1 13 2
445 152
1 15 2
290 520
1 12 2
439 498
1 11 2
582 51
1 13 2
67 280
1 15 2
244 602
1 14 2
532 334
1 9 2
487 558
1 3 2
352 121
1 10 2
162 278
1 9 2
277 159
1 10 2
110 200
1 6 2
513 473
1 3 2
184 455
1 6 2
341 185
1 4 2
500 326
1 10 2
652 91
1 5 2
583 709
1 9 2
650 14
1 2 2
613 588
1 9 2
713 156
1 8 2
733 401
1 2 2
756 518
1 6 2
288 675
1 8 2
490 270
1 11 2
700 579
1 11 2
9 662
1 6 2
519 637
1 7 2
382 463
1 6 2
765 637
1 15 2
509 799
1 4 2
375 531
1 6 2
765 252
1 5 2
243 624
1 6 2
541 300
1 10 2
397 362
1 4 2
731 143
1 5 2
750 772
1 10 2
34 161
1 9 2
222 449
1 7 2
778 97
1 13 2
704 197
1 2 2
296 713
1 3 2
595 118
1 4 2
436 74
1 4 2
647 678
1 3 2
426 172
1 14 2
316 386
1 15 2
675 636
1 12 2
435 179
1 7 2
692 612
1 2 2
704 497
1 10 2
606 175
1 12 2
270 130
1 6 2
185 509
1 8 2
563 223
1 3 2
788 98
1 13 2
560 714
1 13 2
708 320
1 13 2
695 372
1 15 2
631 334
1 2 2
793 113
1 4 2
600 457
1 8 2
746 138
1 4 2
311 751
1 2 2
195 628
1 13 2
37 147
1 2 2
462 603
1 14 2
152 222
1 2 2
192 203
1 6 2
60 102
1 13 2
180 569
1 12 2
337 225
1 7 2
509 570
1 6 2
196 207
1 9 2
731 178
1 4 2
462 139
1 8 2
643 365
1 11 2
249 94
1 4 2
489 32
1 15 2
478 151
1 14 2
523 209
1 3 2
305 571
1 11 2
501 778
1 12 2
195 442
1 11 2
180 115
1 9 2
228 15
1 14 2
209 519
1 4 2
177 571
1 4 2
166 9
1 12 2
33 119
1 2 2
20 152
1 4 2
586 242
1 6 2
344 419
1 14 2
674 747
1 2 2
89 536
1 3 2
510 771
1 8 2
669 17
1 8 2
14 594
1 14 2
59 276
1 15 2
262 313
1 13 2
161 526
1 9 2
272 421
1 15 2
752 697
1 11 2
691 14
1 10 2
66 590
1 15 2
456 432
1 4 2
251 549
1 12 2
262 620
1 14 2
49 87
1 13 2
535 754
1 5 2
268 733
1 5 2
44 759
1 3 2
725 649
1 2 2
497 798
1 9 2
149 99
1 5 2
371 636
1 14 2
149 356
1 6 2
650 743
1 7 2
534 37
1 14 2
197 95
1 3 2
576 157
1 13 2
572 217
1 3 2
674 175
1 7 2
520 319
1 4 2
157 720
1 12 2
368 649
1 12 2
649 141
1 3 2
573 673
1 3 2
735 109
1 12 2
40 617
1 3 2
510 231
1 4 2
422 63
1 7 2
795 167
1 14 2
747 128
1 14 2
288 758
1 5 2
3 412
1 10 2
685 9
1 12 2
393 67
1 12 2
360 620
1 4 2
306 191
1 6 2
538 603
1 5 2
535 775
1 10 2
790 522
1 5 2
167 561
1 14 2
200 752
1 6 2
16 519
1 8 2
373 74
1 5 2
378 595
1 9 2
567 50
1 3 2
574 464
1 9 2
747 766
1 8 2
284 120
1 5 2
254 448
1 5 2
339 114
1 6 2
526 464
1 4 2
20 599
1 11 2
651 163
1 11 2
439 420
1 11 2
739 510
1 11 2
482 555
1 12 2
303 78
1 11 2
758 102
1 12 2
594 507
1 10 2
379 54
1 5 2
769 655
1 15 2
86 280
1 10 2
411 655
1 13 2
630 521
1 4 2
620 399
1 6 2
5 277
1 10 2
80 628
1 11 2
729 211
1 3 2
330 717
1 3 2
28 705
1 12 2
676 454
1 5 2
514 648
1 7 2
568 509
1 15 2
82 258
1 9 2
117 632
1 2 2
41 128
1 4 2
745 64
1 11 2
398 450
1 2 2
144 192
1 6 2
232 258
1 14 2
144 534
1 9 2
583 471
1 4 2
68 136
1 12 2
573 796
1 8 2
501 81
1 8 2
384 564
1 5 2
554 653
1 8 2
105 758
1 9 2
676 448
1 11 2
620 732
1 5 2
181 147
1 3 2
410 558
1 14 2
519 513
1 5 2
129 172
1 14 2
95 255
1 14 2
562 344
1 2 2
366 597
1 11 2
748 327
1 4 2
631 255
1 10 2
197 172
1 13 2
484 24
1 14 2
139 405
1 10 2
135 6
1 15 2
543 228
1 7 2
151 411
1 9 2
166 139
1 2 2
739 279
1 7 2
258 340
1 2 2
236 347
1 15 2
177 691
1 7 2
132 635
1 15 2
435 28
1 14 2
221 707
1 15 2
684 357
1 12 2
664 98
1 6 2
419 112
1 13 2
712 154
1 10 2
306 331
1 14 2
367 717
1 2 2
564 139
1 5 2
340 718
1 11 2
602 33
1 9 2
754 708
1 2 2
385 337
1 2 2
305 512
1 7 2
749 299
1 5 2
185 443
1 6 2
46 526
1 10 2
93 228
1 7 2
301 217
1 9 2
351 277
1 7 2
684 91
1 12 2
378 554
1 2 2
765 305
1 8 2
82 535
1 9 2
430 404
1 15 2
793 557
1 13 2
654 200
1 8 2
739 195
1 14 2
346 536
1 9 2
281 24
1 6 2
684 427
1 14 2
171 137
1 15 2
354 645
1 15 2
84 300
1 6 2
293 392
1 10 2
786 255
1 2 2
283 744
1 8 2
327 725
1 8 2
498 524
1 15 2
744 408
1 12 2
547 461
1 4 2
59 239
1 9 2
567 32
1 9 2
12 375
1 2 2
776 88
1 15 2
230 32
1 10 2
226 790
1 9 2
452 583
1 6 2
195 392
1 12 2
631 721
1 11 2
194 2
1 15 2
92 714
1 2 2
394 117
1 11 2
288 391
1 11 2
287 794
1 4 2
430 467
1 5 2
217 13
1 6 2
573 4
1 2 2
63 245
1 15 2
544 245
1 8 2
790 411
1 4 2
219 725
1 3 2
187 592
1 8 2
534 258
1 3 2
429 252
1 6 2
23 589
1 13 2
522 570
1 7 2
155 131
1 7 2
314 51
1 3 2
199 443
1 3 2
290 289
1 12 2
641 44
1 4 2
526 414
1 9 2
142 135
1 9 2
47 269
1 11 2
742 247
1 4 2
311 64
1 4 2
233 91
1 7 2
466 185
1 13 2
479 110
1 14 2
159 657
1 5 2
287 165
1 14 2
658 336
1 7 2
526 176
1 13 2
452 638
1 11 2
120 529
1 4 2
446 232
1 5 2
491 313
1 8 2
404 794
1 10 2
794 440
1 4 2
368 333
1 2 2
522 457
1 12 2
482 345
1 7 2
334 108
1 10 2
119 627
1 2 2
737 121
1 5 2
325 767
1 6 2
390 471
1 11 2
19 495
1 8 2
571 419
1 6 2
596 741
1 5 2
37 376
1 14 2
64 582
1 7 2
771 462
1 7 2
666 139
1 6 2
723 682
1 2 2
385 767
1 11 2
262 417
1 8 2
483 336
1 10 2
19 55
1 15 2
760 591
1 2 2
207 393
1 14 2
220 328
1 2 2
443 54
1 7 2
218 563
1 2 2
68 42
1 8 2
769 730
1 3 2
689 583
1 10 2
109 577
1 12 2
404 64
1 4 2
249 355
1 13 2
686 646
1 11 2
338 451
1 6 2
688 228
1 9 2
594 106
1 14 2
658 756
1 9 2
558 97
1 3 2
504 407
1 8 2
531 288
1 11 2
665 237
1 15 2
482 466
1 9 2
689 724
1 4 2
3 436
1 9 2
742 455
1 9 2
690 624
1 10 2
212 468
1 6 2
346 772
1 10 2
187 666
1 6 2
623 200
1 3 2
401 513
1 6 2
108 662
1 8 2
764 684
1 14 2
303 698
1 10 2
799 289
1 6 2
148 87
1 11 2
458 55
1 12 2
128 769
1 10 2
740 507
1 11 2
170 113
1 9 2
373 109
1 11 2
643 195
1 6 2
423 629
1 11 2
254 279
1 14 2
123 304
1 5 2
81 425
1 4 2
173 74
1 7 2
725 566
1 3 2
287 123
1 11 2
103 349
1 11 2
68 38
1 5 2
326 227
1 13 2
633 752
1 11 2
378 268
1 14 2
204 217
1 11 2
615 48
1 8 2
262 402
1 10 2
442 715
1 13 2
686 107
1 7 2
624 342
1 12 2
172 217
1 12 2
456 144
1 13 2
216 116
1 11 2
302 77
1 6 2
32 101
1 10 2
619 248
1 7 2
461 288
1 4 2
361 575
1 13 2
641 553
1 10 2
243 161
1 6 2
526 234
1 5 2
497 390
1 14 2
527 386
1 11 2
648 167
1 15 2
256 557
1 10 2
214 351
1 9 2
617 751
1 14 2
213 625
1 3 2
26 186
1 10 2
621 470
1 2 2
309 164
1 4 2
364 12
1 5 2
264 317
1 8 2
147 0
1 6 2
42 777
1 10 2
86 85
1 3 2
639 338
1 6 2
665 667
1 9 2
625 684
1 8 2
28 756
1 15 2
554 588
1 11 2
721 249
1 12 2
135 479
1 14 2
132 685
1 5 2
130 520
1 14 2
679 602
1 13 2
95 775
1 3 2
183 592
1 7 2
496 53
1 8 2
770 487
1 6 2
345 532
1 2 2
206 771
1 3 2
605 684
1 2 2
286 187
1 13 2
274 683
1 7 2
67 249
1 8 2
408 306
1 10 2
694 253
1 7 2
7 789
1 6 2
86 470
1 4 2
508 791
1 2 2
298 112
1 15 2
244 741
1 11 2
333 243
1 9 2
18 718
1 15 2
504 73
1 3 2
325 288
1 12 2
504 663
1 12 2
340 4
1 12 2
706 760
1 4 2
466 24
1 14 2
710 748
1 7 2
691 211
1 7 2
617 624
1 14 2
202 185
1 3 2
314 48
1 6 2
627 13
1 13 2
441 501
1 11 2
53 134
1 6 2
468 382
1 14 2
308 61
1 14 2
188 168
1 12 2
726 716
1 7 2
188 9
1 3 2
619 662
1 2 2
362 599
1 9 2
172 208
1 12 2
418 791
1 8 2
256 721
1 9 2
463 336
1 12 2
551 456
1 9 2
163 327
1 7 2
213 719
1 7 2
379 434
1 14 2
692 326
1 3 2
630 265
1 15 2
120 562
1 11 2
273 301
1 5 2
286 105
1 14 2
45 299
1 9 2
567 565
1 13 2
114 410
1 15 2
343 527
1 7 2
484 397
1 3 2
392 4
1 4 2
322 448
1 3 2
346 224
1 9 2
288 51
1 15 2
150 174
1 2 2
790 68
1 12 2
175 717
1 9 2
656 94
1 4 2
609 355
1 6 2
757 301
1 7 2
665 604
1 14 2
335 671
1 6 2
587 675
1 8 2
582 53
1 3 2
574 239
1 13 2
418 5
1 7 2
340 180
1 5 2
659 754
1 10 2
749 424
1 13 2
498 631
1 11 2
211 338
1 6 2
136 503
1 7 2
356 339
1 15 2
599 318
1 8 2
164 746
1 3 2
60 340
1 8 2
603 568
1 4 2
226 447
1 3 2
585 657
1 8 2
50 525
1 4 2
474 469
1 12 2
39 66
1 4 2
339 156
1 5 2
782 586
1 13 2
458 117
1 8 2
721 744
1 12 2
41 627
1 7 2
438 111
1 14 2
51 564
1 5 2
796 293
1 5 2
653 29
1 7 2
82 695
1 9 2
451 234
1 4 2
308 271
1 14 2
666 300
1 10 2
368 482
1 13 2
565 582
1 8 2
205 518
1 2 2
399 567
1 14 2
740 515
1 12 2
686 211
1 13 2
578 402
1 7 2
641 494
1 11 2
763 728
1 12 2
336 561
1 8 2
526 381
1 9 2
315 686
1 13 2
446 623
1 5 2
460 618
1 10 2
513 443
1 9 2
293 84
1 10 2
790 150
1 13 2
17 271
1 13 2
749 236
1 5 2
358 462
1 3 2
631 349
1 4 2
541 685
1 3 2
131 464
1 7 2
8 562
1 13 2
452 734
1 9 2
459 387
1 15 2
348 665
1 8 2
396 309
1 3 2
134 686
1 11 2
533 22
1 6 2
547 476
1 4 2
462 259
1 5 2
228 574
1 15 2
92 769
1 13 2
475 269
1 5 2
234 27
1 12 2
154 783
1 13 2
558 619
1 12 2
5 750
1 11 2
720 299
1 4 2
283 611
1 4 2
175 431
1 15 2
754 635
1 5 2
612 657
1 4 2
411 113
1 8 2
61 298
1 3 2
86 542
1 14 2
525 461
1 12 2
290 358
1 5 2
282 258
1 5 2
283 717
1 2 2
759 616
1 2 2
654 476
1 5 2
299 261
1 2 2
60 468
1 10 2
687 282
1 8 2
203 761
1 5 2
25 197
1 4 2
511 382
1 7 2
276 66
1 2 2
197 565
1 7 2
393 776
1 12 2
242 135
1 10 2
783 408
1 4 2
690 295
1 2 2
761 524
1 6 2
173 633
1 5 2
298 93
1 7 2
535 396
1 8 2
305 489
1 7 2
454 758
1 15 2
264 419
1 12 2
440 167
1 7 2
547 508
1 9 2
313 27
1 9 2
36 116
1 12 2
555 84
1 3 2
165 533
1 7 2
76 766
1 12 2
645 498
1 14 2
754 112
1 9 2
564 716
1 9 2
251 587
1 9 2
200 71
1 9 2
157 432
1 2 2
227 246
1 5 2
244 529
1 5 2
729 591
1 12 2
150 604
1 10 2
131 505
1 5 2
660 12
1 13 2
347 237
1 15 2
650 75
1 6 2
136 761
1 9 2
531 786
1 10 2
550 133
1 7 2
337 347
1 7 2
580 569
1 14 2
155 189
1 5 2
290 667
1 3 2
273 251
1 8 2
434 177
1 8 2
536 721
1 2 2
392 157
1 15 2
2 377
1 15 2
252 218
1 15 2
385 332
1 6 2
209 17
1 15 2
373 638
1 12 2
30 148
1 11 2
235 371
1 14 2
750 65
1 11 2
675 664
1 8 2
346 712
1 14 2
272 135
1 12 2
249 226
1 3 2
264 390
1 14 2
396 510
1 6 2
30 240
1 15 2
417 174
1 15 2
66 119
1 13 2
783 772
1 4 2
164 572
1 11 2
633 192
1 13 2
406 382
1 4 2
147 577
1 12 2
434 365
1 7 2
71 547
1 2 2
574 696
1 2 2
234 655
1 9 2
662 216
1 12 2
485 525
1 13 2
514 1
1 2 2
700 444
1 8 2
304 762
1 12 2
425 496
1 4 2
773 233
1 13 2
488 170
1 6 2
226 650
1 7 2
351 626
1 8 2
507 583
1 12 2
337 793
1 12 2
706 237
1 13 2
482 728
1 2 2
409 572
1 12 2
451 114
1 8 2
226 799
1 5 2
20 697
1 5 2
175 36
1 8 2
403 382
1 14 2
768 141
1 5 2
353 689
1 8 2
407 472
1 12 2
148 222
1 6 2
480 604
1 13 2
283 197
1 15 2
50 42
1 2 2
647 167
1 9 2
659 113
1 4 2
9 742
1 4 2
473 615
1 14 2
411 478
1 3 2
31 57
1 4 2
420 422
1 11 2
502 34
1 14 2
299 213
1 15 2
149 139
1 7 2
511 459
1 6 2
660 270
1 4 2
249 668
1 4 2
100 578
1 3 2
647 683
1 12 2
272 368
1 2 2
254 244
1 7 2
727 34
1 3 2
259 84
1 6 2
772 170
1 6 2
302 125
1 11 2
293 513
1 10 2
338 252
1 8 2
32 796
1 8 2
221 414
1 15 2
176 707
1 2 2
40 653
1 4 2
265 343
1 13 2
38 214
1 15 2
284 180
1 9 2
691 456
1 13 2
509 272
1 3 2
733 77
1 8 2
300 551
1 3 2
46 632
1 6 2
723 558
1 5 2
319 42
1 8 2
618 752
1 15 2
699 696
1 7 2
9 655
1 14 2
248 516
1 13 2
4 279
1 7 2
636 323
1 7 2
625 67
1 10 2
158 187
1 13 2
241 596
1 3 2
270 551
1 3 2
742 85
1 4 2
269 685
1 5 2
231 296
1 10 2
654 529
1 2 2
90 140
1 10 2
716 159
1 6 2
19 339
1 12 2
528 780
1 12 2
629 527
1 10 2
98 722
1 5 2
633 418
1 2 2
209 679
1 5 2
121 599
1 2 2
99 12
1 5 2
82 462
1 15 2
433 650
1 9 2
634 585
1 7 2
174 513
1 7 2
31 688
1 5 2
146 423
1 9 2
773 753
1 11 2
727 642
1 2 2
426 449
1 12 2
367 127
1 2 2
38 691
1 3 2
264 438
1 14 2
777 48
1 6 2
417 587
1 8 2
599 237
1 11 2
531 198
1 4 2
425 369
1 11 2
765 658
1 11 2
57 79
1 14 2
684 598
1 12 2
722 92
1 10 2
255 17
1 5 2
393 466
1 14 2
772 148
1 7 2
704 572
1 10 2
662 118
1 4 2
774 532
1 9 2
584 690
1 8 2
789 692
1 2 2
264 286
1 14 2
75 242
1 15 2
362 286
1 10 2
424 97
1 10 2
19 194
1 7 2
1 344
1 4 2
426 378
1 3 2
494 25
1 10 2
777 90
1 14 2
477 290
1 6 2
241 561
1 2 2
714 365
1 5 2
50 589
1 12 2
282 303
1 3 2
626 36
1 13 2
250 37
1 15 2
120 551
1 6 2
545 779
1 3 2
180 309
1 11 2
12 314
1 10 2
576 284
1 10 2
180 91
1 3 2
731 192
1 7 2
201 147
1 6 2
744 289
1 4 2
284 475
1 9 2
216 553
1 5 2
339 403
1 6 2
770 0
1 12 2
561 239
1 2 2
219 513
1 11 2
595 527
1 10 2
677 584
1 7 2
25 453
1 14 2
663 291
1 2 2
548 159
1 10 2
703 153
1 9 2
606 192
1 15 2
47 147
1 14 2
91 669
1 10 2
278 461
1 3 2
657 249
1 2 2
27 16
1 13 2
372 8
1 5 2
674 441
1 4 2
357 265
1 4 2
376 99
1 8 2
154 44
1 15 2
193 20
1 9 2
609 700
1 2 2
217 266
1 9 2
167 797
1 3 2
641 481
1 14 2
597 137
1 14 2
340 493
1 6 2
310 356
1 10 2
385 675
1 3 2
124 434
1 15 2
353 337
1 6 2
462 375
1 3 2
336 384
1 6 2
435 794
1 3 2
209 685
1 10 2
681 766
1 3 2
505 548
1 7 2
781 739
1 7 2
798 351
1 4 2
87 586
1 8 2
468 4
1 11 2
273 441
1 6 2
464 504
1 14 2
607 354
1 14 2
720 361
1 6 2
257 498
1 4 2
582 165
1 8 2
140 247
1 8 2
504 180
1 14 2
222 777
1 2 2
783 195
1 11 2
637 692
1 7 2
633 306
1 10 2
554 400
1 9 2
709 223
1 12 2
191 634
1 4 2
300 38
1 6 2
627 115
1 11 2
733 611
1 7 2
285 372
1 13 2
608 159
1 3 2
458 32
1 5 2
544 199
1 8 2
140 87
1 5 2
419 608
1 10 2
522 653
1 15 2
4 120
1 9 2
459 211
1 7 2
668 776
1 12 2
151 722
1 13 2
281 690
1 15 2
100 441
1 14 2
585 41
1 12 2
295 211
1 7 2
54 531
1 5 2
648 699
1 4 2
207 63
1 3 2
479 145
1 9 2
452 281
1 2 2
679 789
1 8 2
323 334
1 14 2
217 442
1 6 2
387 121
1 2 2
235 637
1 15 2
522 701
1 7 2
580 132
1 3 2
53 484
1 10 2
509 32
1 8 2
619 554
1 2 2
721 187
1 12 2
92 567
1 4 2
418 512
1 15 2
658 388
1 10 2
418 100
1 13 2
4 327
1 2 2
354 311
1 9 2
247 510
1 12 2
13 384
1 4 2
35 296
1 15 2
321 599
1 4 2
468 443
1 5 2
152 232
1 6 2
519 87
1 3 2
497 13
1 2 2
95 187
1 8 2
613 757
1 4 2
770 642
1 6 2
206 411
1 13 2
5 391
1 12 2
217 385
1 2 2
642 659
1 15 2
572 156
1 12 2
313 534
1 4 2
374 600
1 4 2
553 141
1 13 2
504 494
1 3 2
402 674
1 8 2
203 424
1 7 2
556 8
1 14 2
794 640
1 4 2
252 691
1 12 2
676 273
1 10 2
772 373
1 15 2
92 716
1 12 2
75 562
1 4 2
337 699
1 10 2
245 366
1 2 2
571 95
1 2 2
131 363
1 9 2
376 30
1 11 2
14 55
1 8 2
354 126
1 10 2
19 735
1 5 2
402 516
1 10 2
304 112
1 6 2
464 541
1 7 2
100 232
1 5 2
531 766
1 11 2
292 639
1 10 2
339 639
1 4 2
333 141
1 3 2
79 462
1 8 2
776 605
1 8 2
230 41
1 7 2
360 487
1 10 2
453 214
1 5 2
240 698
1 3 2
135 385
1 8 2
504 572
1 6 2
202 105
1 11 2
359 751
1 12 2
412 667
1 6 2
128 127
1 3 2
626 93
1 10 2
219 256
1 10 2
352 650
1 5 2
267 581
1 4 2
99 683
1 2 2
134 242
1 4 2
365 498
1 13 2
54 601
1 9 2
501 731
1 14 2
790 31
1 2 2
736 394
1 9 2
197 731
1 10 2
776 405
1 4 2
745 542
1 2 2
129 366
1 12 2
657 658
1 6 2
456 446
1 14 2
14 320
1 15 2
727 406
1 10 2
331 242
1 10 2
35 745
1 15 2
80 314
1 12 2
777 218
1 15 2
461 254
1 2 2
66 665
1 10 2
211 260
1 3 2
300 700
1 6 2
366 495
1 6 2
531 654
1 6 2
429 201
1 5 2
449 385
1 12 2
329 236
1 12 2
531 104
1 6 2
366 437
1 8 2
375 410
1 13 2
338 67
1 13 2
81 527
1 10 2
738 96
1 14 2
556 56
1 14 2
570 764
1 13 2
467 88
1 4 2
25 61
1 10 2
504 789
1 2 2
606 687
1 10 2
159 205
1 14 2
94 740
1 14 2
185 619
1 9 2
422 4
1 3 2
113 99
1 13 2
726 452
1 13 2
131 409
1 10 2
765 613
1 12 2
169 211
1 6 2
797 281
1 13 2
648 350
1 7 2
708 551
1 10 2
776 738
1 14 2
498 206
1 15 2
311 202
1 7 2
63 575
1 12 2
396 287
1 7 2
524 679
1 12 2
183 474
1 9 2
465 303
1 15 2
741 230
1 13 2
614 693
1 2 2
503 330
1 12 2
29 61
1 3 2
415 613
1 11 2
593 167
1 11 2
678 340
1 5 2
458 639
1 13 2
58 399
1 9 2
35 207
1 5 2
412 0
1 3 2
735 43
1 10 2
748 524
1 14 2
422 596
1 5 2
460 705
1 3 2
706 14
1 4 2
55 584
1 7 2
406 367
1 9 2
733 9
1 5 2
485 733
1 15 2
319 181
1 7 2
538 66
1 3 2
218 10
1 13 2
6 201
1 3 2
353 4
1 14 2
725 290
1 11 2
546 408
1 3 2
628 277
1 10 2
59 776
1 12 2
143 289
1 2 2
194 82
1 7 2
275 773
1 5 2
617 22
1 4 2
517 577
1 15 2
254 480
1 2 2
359 487
1 10 2
488 480
1 5 2
698 81
1 10 2
484 787
1 7 2
591 82
1 12 2
512 25
1 6 2
268 189
1 6 2
750 334
1 15 2
409 350
1 11 2
668 558
1 13 2
124 380
1 15 2
584 613
1 10 2
149 459
1 6 2
716 436
1 15 2
83 739
1 8 2
85 105
1 10 2
236 11
1 3 2
560 228
1 3 2
71 734
1 8 2
466 729
1 2 2
135 721
1 8 2
484 56
1 4 2
705 584
1 10 2
367 421
1 15 2
59 349
1 13 2
32 390
1 15 2
798 216
1 3 2
489 527
1 3 2
571 34
1 10 2
539 202
1 13 2
392 476
1 7 2
404 207
1 8 2
179 24
1 6 2
464 429
1 13 2
465 188
1 5 2
379 250
1 9 2
534 374
1 11 2
669 382
1 4 2
503 474
1 7 2
31 27
1 4 2
507 370
1 2 2
464 440
1 10 2
283 314
1 12 2
702 707
1 2 2
450 448
1 6 2
508 718
1 12 2
629 127
1 10 2
330 136
1 12 2
723 538
1 8 2
293 361
1 6 2
533 746
1 15 2
475 752
1 9 2
81 733
1 8 2
137 27
1 10 2
612 726
1 3 2
443 280
1 5 2
745 167
1 10 2
17 448
1 9 2
185 629
1 12 2
639 727
1 14 2
216 578
1 11 2
12 748
1 10 2
485 547
1 8 2
443 36
1 7 2
661 252
1 3 2
264 219
1 11 2
657 448
1 11 2
272 47
1 4 2
591 23
1 5 2
75 681
1 2 2
707 174
1 8 2
69 24
1 3 2
353 623
1 12 2
439 86
1 11 2
792 746
1 15 2
424 520
1 6 2
263 210
1 7 2
74 690
1 11 2
687 572
1 10 2
516 432
1 8 2
298 648
1 6 2
760 461
1 2 2
638 585
1 9 2
492 768
1 12 2
668 586
1 14 2
703 369
1 12 2
521 47
1 2 2
617 183
1 11 2
552 79
1 10 2
248 529
1 3 2
197 730
1 3 2
121 307
1 7 2
372 653
1 13 2
41 125
1 4 2
716 55
1 5 2
207 391
1 3 2
336 647
1 5 2
644 575
1 8 2
135 164
1 11 2
511 42
1 2 2
684 735
1 15 2
447 522
1 2 2
799 650
1 13 2
476 715
1 2 2
257 628
1 4 2
503 392
1 3 2
668 557
1 10 2
455 760
1 7 2
329 425
1 15 2
137 102
1 9 2
330 349
1 11 2
33 159
1 10 2
660 742
1 9 2
431 13
1 8 2
288 735
1 6 2
567 361
1 5 2
738 18
1 11 2
667 218
1 10 2
481 177
1 7 2
224 177
1 12 2
757 547
1 13 2
290 172
1 13 2
183 116
1 4 2
617 398
1 3 2
435 18
1 4 2
254 287
1 15 2
290 491
1 15 2
745 302
1 13 2
712 752
1 9 2
392 767
1 4 2
80 691
1 12 2
559 525
1 4 2
18 603
1 12 2
488 713
1 7 2
3 23
1 13 2
235 265
1 11 2
728 611
1 7 2
28 724
1 7 2
247 70
1 15 2
796 100
1 2 2
201 621
1 4 2
370 711
1 10 2
705 75
1 15 2
481 555
1 7 2
573 487
1 6 2
688 320
1 4 2
162 236
1 7 2
333 233
1 12 2
730 431
1 9 2
542 419
1 11 2
4 319
1 12 2
64 212
1 11 2
16 319
1 12 2
188 191
1 9 2
236 32
1 13 2
41 646
1 15 2
242 337
1 11 2
191 486
1 8 2
730 36
1 7 2
141 100
1 4 2
91 529
1 9 2
183 755
1 7 2
285 638
1 5 2
397 568
1 15 2
589 693
1 12 2
685 93
1 12 2
644 703
1 12 2
157 648
1 11 2
652 646
1 10 2
186 158
1 4 2
752 493
1 4 2
442 565
1 5 2
118 115
1 8 2
7 586
1 6 2
456 59
1 11 2
693 685
1 4 2
325 430
1 15 2
587 765
1 12 2
796 705
1 6 2
548 632
1 13 2
335 41
1 3 2
620 79
1 2 2
3 412
1 10 2
367 55
1 2 2
611 298
1 6 2
566 716
1 13 2
381 461
1 15 2
597 99
1 8 2
109 779
1 2 2
620 750
1 2 2
722 36
1 12 2
689 415
1 8 2
721 338
1 7 2
44 454
1 11 2
140 733
1 11 2
259 98
1 5 2
389 380
1 3 2
41 194
1 11 2
33 442
1 11 2
645 238
1 7 2
409 596
1 13 2
326 764
1 9 2
76 685
1 6 2
169 390
1 10 2
10 88
1 13 2
29 429
1 13 2
240 683
1 8 2
607 622
1 5 2
517 214
1 6 2
314 69
1 10 2
510 29
1 5 2
278 302
1 3 2
98 370
1 9 2
416 56
1 12 2
737 184
1 4 2
644 653
1 10 2
236 48
1 13 2
266 337
1 4 2
648 191
1 12 2
447 122
1 14 2
39 615
1 2 2
488 539
1 2 2
421 87
1 3 2
251 784
1 13 2
453 8
1 12 2
733 614
1 5 2
543 27
1 14 2
534 420
1 6 2
511 639
1 4 2
63 391
1 6 2
559 49
1 5 2
377 785
1 10 2
145 257
1 12 2
163 225
1 6 2
74 726
1 2 2
346 83
1 14 2
6 84
1 7 2
141 110
1 14 2
656 453
1 12 2
240 277
1 10 2
337 753
1 10 2
492 227
1 15 2
102 699
1 12 2
535 663
1 9 2
326 640
1 11 2
47 163
1 12 2
188 95
1 4 2
604 555
1 13 2
60 139
1 2 2
531 188
1 12 2
543 139
1 10 2
252 527
1 5 2
729 52
1 12 2
384 790
1 15 2
587 518
1 2 2
132 357
1 11 2
0 451
1 14 2
555 666
1 6 2
413 485
1 9 2
215 759
1 12 2
31 286
1 12 2
424 232
1 9 2
337 28
1 4 2
728 397
1 8 2
236 5
1 3 2
416 112
1 9 2
220 605
1 13 2
634 429
1 3 2
343 64
1 13 2
502 331
1 14 2
660 239
1 2 2
603 254
1 8 2
562 511
1 4 2
692 533
1 14 2
434 563
1 6 2
728 121
1 6 2
344 428
1 14 2
616 321
1 13 2
35 792
1 11 2
414 330
1 12 2
134 518
1 7 2
660 24
1 15 2
548 511
1 8 2
160 148
1 11 2
494 654
1 6 2
136 158
1 13 2
235 387
1 5 2
263 759
1 13 2
417 782
1 13 2
262 655
1 13 2
459 258
1 5 2
734 362
1 11 2
584 388
1 5 2
200 441
1 9 2
448 760
1 9 2
111 130
1 14 2
448 543
1 9 2
728 525
1 15 2
90 174
1 13 2
203 526
1 3 2
385 548
1 8 2
473 652
1 14 2
460 456
1 14 2
683 207
1 8 2
69 775
1 5 2
4 696
1 13 2
103 255
1 4 2
183 436
1 13 2
572 404
1 14 2
564 300
1 5 2
609 129
1 15 2
756 74
1 8 2
172 711
1 13 2
246 112
1 9 2
370 438
1 14 2
496 366
1 6 2
311 380
1 8 2
702 711
1 2 2
676 73
1 14 2
104 542
1 2 2
142 494
1 6 2
400 179
1 3 2
214 38
1 14 2
204 639
1 3 2
706 681
1 8 2
328 555
1 3 2
481 494
1 15 2
32 625
1 3 2
304 395
1 9 2
388 358
1 7 2
605 196
1 3 2
612 350
1 5 2
639 609
1 10 2
354 25
1 3 2
512 270
1 7 2
100 271
1 11 2
203 173
1 3 2
427 266
1 7 2
144 724
1 11 2
402 740
1 14 2
397 513
1 2 2
368 103
1 5 2
280 685
1 15 2
638 740
1 13 2
685 769
1 15 2
574 19
1 7 2
500 656
1 6 2
110 571
1 3 2
485 765
1 4 2
295 701
1 12 2
17 451
1 7 2
413 678
1 3 2
526 206
1 12 2
31 365
1 2 2
590 199
1 6 2
361 781
1 3 2
679 215
1 10 2
443 180
1 3 2
250 650
1 10 2
224 138
1 4 2
733 147
1 12 2
329 350
1 14 2
605 453
1 15 2
517 538
1 3 2
365 106
1 12 2
521 378
1 13 2
113 219
1 15 2
252 764
1 6 2
212 37
1 4 2
692 540
1 2 2
26 116
1 5 2
614 278
1 13 2
154 388
1 5 2
643 35
1 3 2
406 321
1 7 2
476 33
1 5 2
681 478
1 8 2
505 737
1 15 2
209 163
1 6 2
759 371
1 10 2
412 74
1 13 2
67 749
1 11 2
529 620
1 14 2
700 118
1 4 2
171 481
1 2 2
403 716
1 8 2
740 494
1 12 2
788 567
1 4 2
778 632
1 10 2
213 292
1 13 2
760 385
1 4 2
62 95
1 3 2
120 670
1 15 2
61 459
1 15 2
98 277
1 4 2
391 179
1 12 2
656 491
1 7 2
538 636
1 13 2
143 669
1 8 2
134 102
1 7 2
708 564
1 8 2
57 548
1 10 2
310 198
1 3 2
430 476
1 15 2
203 355
1 9 2
236 696
1 2 2
109 591
1 14 2
321 73
1 8 2
84 303
1 14 2
709 439
1 2 2
155 379
1 10 2
45 661
1 8 2
66 461
1 14 2
130 331
1 7 2
466 311
1 12 2
755 368
1 12 2
244 407
1 6 2
144 26
1 15 2
575 591
1 12 2
368 221
1 14 2
748 326
1 15 2
116 397
1 3 2
243 767
1 8 2
643 120
1 15 2
607 38
1 8 2
643 658
1 14 2
345 368
1 14 2
771 286
1 13 2
74 363
1 15 2
586 721
1 10 2
25 308
1 5 2
310 519
1 8 2
655 521
1 7 2
446 238
1 14 2
325 9
1 15 2
318 790
1 7 2
81 456
1 5 2
756 421
1 14 2
778 665
1 11 2
760 282
1 5 2
715 638
1 8 2
40 771
1 11 2
308 102
1 14 2
230 555
1 3 2
38 69
1 2 2
135 33
1 8 2
762 499
1 5 2
658 442
1 8 2
789 166
1 11 2
519 29
1 11 2
561 323
1 10 2
683 195
1 5 2
431 648
1 11 2
618 793
1 12 2
525 725
1 15 2
302 795
1 7 2
235 674
1 10 2
213 744
1 14 2
393 202
1 4 2
752 238
1 8 2
502 427
1 12 2
181 793
1 13 2
561 709
1 13 2
515 143
1 2 2
136 744
1 11 2
310 326
1 15 2
325 668
1 9 2
0 222
1 13 2
167 697
1 15 2
163 82
1 5 2
22 508
1 2 2
206 147
1 6 2
18 308
1 2 2
508 597
1 3 2
197 624
1 5 2
777 514
1 6 2
530 59
1 3 2
111 403
1 5 2
419 750
1 6 2
221 591
1 6 2
162 135
1 12 2
403 149
1 13 2
233 667
1 14 2
171 544
1 11 2
590 642
1 15 2
358 764
1 6 2
337 565
1 2 2
407 32
1 14 2
573 193
1 13 2
564 542
1 6 2
738 427
1 7 2
48 474
1 8 2
0 354
1 11 2
61 678
1 3 2
186 479
1 2 2
737 455
1 2 2
696 317
1 6 2
86 668
1 4 2
152 258
1 6 2
674 374
1 15 2
263 194
1 3 2
524 611
1 3 2
308 126
1 3 2
181 475
1 14 2
210 772
1 9 2
514 746
1 11 2
43 791
1 9 2
737 540
1 3 2
111 426
1 13 2
163 169
1 11 2
308 448
1 7 2
187 552
1 13 2
496 440
1 11 2
719 270
1 4 2
291 418
1 14 2
643 730
1 7 2
672 469
1 8 2
222 170
1 11 2
263 726
1 4 2
223 780
1 9 2
420 547
1 13 2
462 384
1 12 2
796 647
1 9 2
531 495
1 15 2
146 138
1 15 2
406 15
1 13 2
326 149
1 10 2
543 160
1 8 2
407 785
1 11 2
301 172
1 10 2
442 410
1 6 2
595 373
1 7 2
325 13
1 13 2
710 615
1 14 2
660 233
1 4 2
627 226
1 5 2
190 572
1 4 2
652 212
1 10 2
110 301
1 5 2
169 669
1 8 2
106 625
1 12 2
91 93
1 2 2
517 653
1 10 2
525 365
1 10 2
465 318
1 3 2
743 306
1 13 2
362 163
1 12 2
480 775
1 15 2
731 130
1 10 2
721 528
1 12 2
468 637
1 15 2
661 646
1 10 2
303 347
1 9 2
94 423
1 9 2
610 97
1 5 2
315 635
1 8 2
675 406
1 9 2
579 724
1 10 2
45 346
1 11 2
619 246
1 11 2
60 399
1 13 2
185 624
1 14 2
507 18
1 4 2
645 110
1 12 2
309 450
1 13 2
262 557
1 10 2
377 387
1 15 2
400 490
1 12 2
681 440
1 8 2
200 452
1 15 2
421 463
1 3 2
336 558
1 14 2
516 337
1 9 2
704 653
1 12 2
583 404
1 11 2
634 469
1 2 2
719 113
1 7 2
119 42
1 6 2
488 348
1 8 2
223 402
1 15 2
68 629
1 10 2
696 282
1 15 2
642 554
1 12 2
230 549
1 11 2
493 239
1 14 2
518 682
1 4 2
540 55
1 6 2
410 560
1 13 2
569 147
1 10 2
375 363
1 10 2
685 511
1 4 2
302 473
1 6 2
615 625
1 13 2
625 750
1 11 2
39 33
1 15 2
571 160
1 13 2
576 421
1 5 2
131 130
1 2 2
147 172
1 9 2
41 349
1 9 2
373 491
1 9 2
29 616
1 13 2
121 534
1 4 2
544 652
1 12 2
508 726
1 4 2
646 32
1 10 2
794 386
1 6 2
231 216
1 15 2
169 674
1 7 2
624 631
1 4 2
212 340
1 8 2
749 305
1 5 2
618 98
1 8 2
330 686
1 12 2
163 619
1 13 2
550 523
1 8 2
719 603
1 12 2
541 678
1 13 2
474 538
1 10 2
448 41
1 7 2
220 180
1 9 2
83 490
1 7 2
522 673
1 13 2
112 336
1 9 2
278 490
1 9 2
337 265
1 2 2
699 769
1 13 2
546 702
1 3 2
264 340
1 5 2
328 403
1 13 2
327 685
1 13 2
139 486
1 8 2
792 89
1 8 2
111 386
1 14 2
565 518
1 13 2
645 430
1 12 2
39 339
1 9 2
294 635
1 14 2
17 39
1 8 2
275 433
1 12 2
334 352
1 12 2
351 436
1 2 2
243 122
1 13 2
271 427
1 5 2
89 69
1 9 2
789 35
1 5 2
438 708
1 12 2
238 278
1 3 2
57 491
1 11 2
690 237
1 3 2
100 781
1 8 2
38 306
1 11 2
707 651
1 7 2
131 370
1 11 2
481 776
1 12 2
298 587
1 9 2
627 741
1 10 2
61 433
1 12 2
135 695
1 5 2
206 145
1 11 2
427 175
1 13 2
104 412
1 5 2
130 626
1 10 2
444 683
1 4 2
73 120
1 7 2
331 28
1 7 2
726 592
1 15 2
643 170
1 9 2
267 461
1 8 2
635 610
1 2 2
485 761
1 9 2
486 513
1 9 2
572 73
1 7 2
568 507
1 4 2
523 458
1 8 2
787 565
1 9 2
577 774
1 11 2
439 42
1 10 2
721 318
1 9 2
337 464
1 10 2
353 564
1 5 2
481 3
1 2 2
479 588
1 12 2
392 243
1 8 2
658 389
1 6 2
140 95
1 6 2
682 117
1 9 2
152 366
1 10 2
282 687
1 2 2
493 300
1 3 2
537 490
1 9 2
560 6
1 3 2
680 552
1 3 2
285 88
1 9 2
469 382
1 7 2
330 732
1 14 2
447 711
1 11 2
791 623
1 6 2
496 39
1 12 2
497 704
1 6 2
308 659
1 9 2
162 157
1 3 2
455 478
1 9 2
242 149
1 4 2
698 495
1 5 2
85 126
1 2 2
666 484
1 2 2
430 439
1 14 2
574 314
1 8 2
777 137
1 15 2
449 69
1 6 2
207 321
1 13 2
462 24
1 2 2
660 238
1 14 2
45 410
1 7 2
341 183
1 14 2
32 377
1 12 2
175 510
1 13 2
370 349
1 9 2
403 551
1 10 2
584 790
1 9 2
320 458
1 7 2
16 659
1 4 2
153 243
1 2 2
158 351
1 13 2
307 290
1 11 2
681 34
1 14 2
71 356
1 15 2
777 137
1 8 2
456 403
1 8 2
160 479
1 10 2
484 433
1 14 2
169 453
1 13 2
756 789
1 6 2
346 532
1 13 2
595 20
1 3 2
416 709
1 12 2
796 311
1 12 2
478 743
1 9 2
429 795
1 11 2
506 306
1 4 2
573 595
1 5 2
611 739
1 8 2
555 559
1 14 2
758 390
1 9 2
635 290
1 2 2
732 164
1 2 2
76 386
1 5 2
798 567
1 15 2
72 609
1 7 2
184 222
1 6 2
677 274
1 13 2
675 638
1 5 2
480 262
1 15 2
539 633
1 14 2
290 332
1 11 2
472 228
1 2 2
99 606
1 10 2
611 106
1 15 2
656 609
1 14 2
73 263
1 12 2
12 172
1 9 2
699 361
1 15 2
336 366
1 3 2
717 93
1 7 2
310 50
1 7 2
384 493
1 9 2
631 667
1 8 2
5 32
1 15 2
247 668
1 10 2
369 335
1 4 2
17 691
1 15 2
382 792
1 13 2
772 509
1 9 2
36 147
1 5 2
680 96
1 10 2
4 165
1 7 2
471 318
1 9 2
120 293
1 14 2
578 500
1 3 2
297 15
1 14 2
627 24
1 8 2
191 483
1 4 2
406 299
1 7 2
388 672
1 15 2
482 343
1 6 2
74 532
1 14 2
193 70
1 14 2
262 106
1 9 2
509 369
1 5 2
456 668
1 12 2
581 120
1 14 2
643 502
1 14 2
488 0
1 12 2
502 348
1 15 2
668 281
1 4 2
233 55
1 2 2
467 574
1 15 2
661 215
1 10 2
631 114
1 6 2
746 665
1 11 2
108 130
1 12 2
277 631
1 7 2
541 356
1 9 2
401 613
1 7 2
422 182
1 13 2
358 27
1 14 2
223 137
1 14 2
73 288
1 6 2
467 617
1 8 2
530 687
1 9 2
301 53
1 4 2
4 491
1 13 2
442 675
1 12 2
404 768
1 14 2
37 688
1 8 2
607 430
1 5 2
790 296
1 6 2
69 755
1 9 2
576 167
1 3 2
633 646
1 11 2
364 374
1 10 2
761 391
1 4 2
456 595
1 9 2
646 233
1 2 2
301 78
1 10 2
429 709
1 8 2
377 616
1 2 2
628 736
1 8 2
794 361
1 8 2
436 461
1 5 2
788 68
1 5 2
471 71
1 7 2
546 714
1 9 2
256 352
1 2 2
12 550
1 7 2
200 591
1 11 2
373 297
1 14 2
669 239
1 12 2
112 119
1 11 2
439 379
1 2 2
84 60
1 6 2
22 158
1 5 2
701 579
1 2 2
335 249
1 11 2
167 197
1 9 2
198 406
1 4 2
718 506
1 13 2
675 71
1 6 2
728 579
1 12 2
266 632
1 9 2
550 182
1 6 2
698 422
1 10 2
637 105
1 9 2
641 432
1 4 2
490 749
1 2 2
246 663
1 7 2
180 438
1 12 2
92 352
1 3 2
47 472
1 6 2
81 312
1 5 2
43 684
1 15 2
25 449
1 11 2
729 75
1 3 2
528 698
1 13 2
328 495
1 15 2
472 540
1 4 2
399 360
1 14 2
390 600
1 11 2
570 161
1 11 2
472 579
1 14 2
766 600
1 3 2
113 86
1 13 2
161 495
1 15 2
554 738
1 6 2
94 15
1 14 2
372 140
1 4 2
101 306
1 4 2
135 60
1 8 2
115 375
1 11 2
52 591
1 7 2
566 71
1 7 2
159 314
1 14 2
220 82
1 15 2
331 356
1 9 2
153 133
1 5 2
592 631
1 5 2
656 249
1 6 2
732 232
1 12 2
343 554
1 5 2
258 668
1 15 2
581 167
1 10 2
646 412
1 8 2
47 401
1 5 2
204 16
1 13 2
495 778
1 4 2
650 709
1 5 2
651 714
1 15 2
740 666
1 9 2
600 712
1 11 2
533 529
1 15 2
673 208
1 11 2
696 686
1 10 2
296 317
1 7 2
552 623
1 8 2
652 27
1 13 2
660 278
1 10 2
671 156
1 11 2
411 304
1 5 2
429 222
1 9 2
464 676
1 14 2
331 24
1 12 2
536 679
1 3 2
147 450
1 7 2
110 559
1 14 2
729 577
1 4 2
5 648
1 7 2
177 428
1 15 2
580 254
1 12 2
313 526
1 7 2
550 552
1 10 2
766 769
1 14 2
372 20
1 10 2
214 673
1 13 2
298 592
1 9 2
494 642
1 8 2
340 532
1 9 2
453 705
1 12 2
756 436
1 5 2
341 384
1 9 2
717 197
1 3 2
430 669
1 12 2
43 185
1 5 2
608 57
1 8 2
41 551
1 7 2
608 332
1 15 2
705 66
1 5 2
442 348
1 15 2
77 727
1 6 2
2 597
1 13 2
406 671
1 9 2
737 781
1 14 2
173 719
1 11 2
607 185
1 15 2
219 781
1 5 2
601 220
1 10 2
408 348
1 3 2
119 267
1 10 2
750 59
1 5 2
305 338
1 13 2
773 142
1 7 2
656 5
1 9 2
512 584
1 15 2
434 64
1 5 2
471 227
1 14 2
203 8
1 7 2
782 513
1 15 2
344 680
1 9 2
645 432
1 2 2
68 96
1 6 2
762 535
1 15 2
12 636
1 10 2
211 328
1 15 2
661 635
1 4 2
234 476
1 4 2
713 499
1 13 2
194 122
1 10 2
365 450
1 8 2
354 385
1 12 2
752 491
1 6 2
290 32
1 11 2
267 235
1 2 2
550 132
1 3 2
365 744
1 3 2
322 717
1 6 2
458 571
1 8 2
525 623
1 4 2
31 436
1 13 2
787 568
1 11 2
506 378
1 4 2
707 567
1 15 2
363 594
1 14 2
413 65
1 4 2
153 30
1 6 2
432 551
1 14 2
331 796
1 4 2
234 559
1 12 2
231 421
1 7 2
442 245
1 13 2
116 547
1 8 2
410 359
1 13 2
311 266
1 12 2
785 568
1 15 2
596 582
1 4 2
187 274
1 2 2
58 613
1 3 2
79 693
1 2 2
50 167
1 3 2
232 370
1 2 2
243 592
1 3 2
482 201
1 14 2
34 67
1 3 2
215 501
1 14 2
777 303
1 15 2
649 420
1 3 2
772 746
1 13 2
570 107
1 15 2
313 597
1 10 2
609 601
1 10 2
323 460
1 3 2
168 178
1 11 2
572 543
1 7 2
161 354
1 5 2
224 134
1 8 2
726 738
1 3 2
689 481
1 12 2
325 139
1 11 2
507 97
1 4 2
80 660
1 11 2
511 150
1 2 2
266 648
1 14 2
414 239
1 10 2
784 740
1 7 2
486 275
1 13 2
733 424
1 13 2
256 785
1 14 2
537 454
1 10 2
608 666
1 4 2
477 278
1 10 2
531 449
1 3 2
113 367
1 10 2
409 563
1 15 2
731 238
1 9 2
289 460
1 4 2
97 525
1 11 2
716 264
1 5 2
799 175
1 15 2
441 277
1 4 2
563 201
1 2 2
751 515
1 10 2
484 762
1 8 2
743 116
1 14 2
737 389
1 9 2
653 95
1 4 2
198 634
1 12 2
49 499
1 5 2
215 102
1 14 2
561 407
1 12 2
648 244
1 5 2
650 261
1 10 2
318 372
1 7 2
556 474
1 14 2
301 670
1 10 2
740 166
1 15 2
720 359
1 4 2
630 383
1 14 2
114 179
1 8 2
606 479
1 4 2
321 478
1 15 2
341 305
1 11 2
479 547
1 8 2
6 490
1 15 2
439 528
1 7 2
405 365
1 15 2
616 389
1 4 2
721 539
1 11 2
547 425
1 2 2
615 740
1 9 2
236 68
1 15 2
387 418
1 10 2
302 535
1 15 2
616 255
1 11 2
636 109
1 10 2
101 567
1 15 2
490 567
1 2 2
302 390
1 2 2
716 707
1 9 2
114 340
1 11 2
426 84
1 10 2
601 796
1 9 2
550 156
1 14 2
247 638
1 12 2
147 359
1 8 2
639 174
1 9 2
33 229
1 7 2
246 77
1 2 2
506 788
1 5 2
754 773
1 13 2
188 334
1 7 2
673 717
1 8 2
121 268
1 10 2
762 329
1 5 2
83 82
1 10 2
36 701
1 12 2
617 140
1 4 2
784 554
1 3 2
311 585
1 12 2
102 686
1 4 2
646 419
1 14 2
475 126
1 3 2
169 334
1 7 2
563 98
1 5 2
181 354
1 8 2
197 66
1 4 2
318 386
1 9 2
729 393
1 3 2
432 135
1 2 2
23 369
1 10 2
423 96
1 6 2
349 696
1 12 2
711 85
1 10 2
552 1
1 9 2
159 477
1 8 2
116 479
1 15 2
155 493
1 5 2
145 601
1 9 2
317 676
1 13 2
148 0
1 6 2
218 457
1 6 2
33 524
1 15 2
531 644
1 6 2
59 1
1 6 2
307 778
1 3 2
453 636
1 10 2
407 311
1 2 2
187 487
1 2 2
769 782
1 10 2
74 345
1 7 2
316 150
1 12 2
203 274
1 10 2
261 154
1 13 2
589 239
1 9 2
510 182
1 13 2
29 454
1 15 2
726 577
1 2 2
142 144
1 10 2
322 230
1 9 2
640 368
1 5 2
268 410
1 12 2
52 252
1 2 2
568 614
1 5 2
95 793
1 12 2
380 750
1 6 2
21 290
1 3 2
181 741
1 7 2
331 683
1 9 2
93 787
1 5 2
429 372
1 9 2
698 726
1 5 2
165 343
1 12 2
683 497
1 5 2
292 788
1 3 2
102 642
1 2 2
447 338
1 15 2
372 776
1 5 2
586 211
1 12 2
133 300
1 15 2
11 595
1 9 2
432 228
1 3 2
734 314
1 11 2
743 454
1 13 2
41 30
1 10 2
185 435
1 14 2
660 777
1 8 2
771 492
1 2 2
410 354
1 9 2
624 130
1 10 2
533 365
1 13 2
122 433
1 3 2
668 375
1 5 2
120 787
1 13 2
8 580
1 11 2
87 315
1 12 2
389 797
1 7 2
69 295
1 9 2
562 683
1 14 2
182 444
1 13 2
130 421
1 14 2
799 184
1 6 2
383 326
1 7 2
97 571
1 4 2
44 143
1 9 2
7 587
1 5 2
11 362
1 14 2
307 408
1 12 2
387 75
1 10 2
436 399
1 7 2
260 427
1 12 2
736 640
1 2 2
793 68
1 14 2
411 220
1 5 2
164 5
1 15 2
701 415
1 11 2
713 267
1 11 2
88 621
1 6 2
304 552
1 6 2
179 737
1 4 2
188 10
1 15 2
647 286
1 13 2
427 261
1 11 2
276 754
1 5 2
436 581
1 4 2
326 795
1 5 2
239 343
1 7 2
46 621
1 5 2
197 298
1 10 2
570 321
1 12 2
333 276
1 4 2
509 137
1 3 2
765 766
1 11 2
311 662
1 12 2
52 576
1 14 2
114 531
1 4 2
539 510
1 9 2
619 389
1 10 2
176 118
1 10 2
701 391
1 3 2
78 541
1 12 2
604 672
1 3 2
288 587
1 5 2
499 573
1 11 2
285 739
1 4 2
718 733
1 15 2
505 257
1 13 2
737 276
1 14 2
584 167
1 9 2
277 393
1 12 2
401 134
1 15 2
518 576
1 10 2
686 576
1 3 2
629 573
1 5 2
155 633
1 2 2
793 183
1 3 2
694 186
1 15 2
99 347
1 5 2
606 228
1 8 2
698 181
1 8 2
418 496
1 2 2
330 324
1 8 2
253 266
1 7 2
11 77
1 6 2
718 701
1 15 2
14 160
1 10 2
527 182
1 7 2
160 2
1 10 2
582 695
1 4 2
407 553
1 4 2
338 473
1 10 2
274 785
1 5 2
573 353
1 5 2
360 277
1 7 2
55 5
1 15 2
788 472
1 10 2
319 31
1 12 2
530 76
1 9 2
759 271
1 4 2
525 582
1 11 2
743 791
1 3 2
250 375
1 3 2
401 148
1 2 2
744 353
1 5 2
212 214
1 7 2
441 273
1 14 2
750 505
1 2 2
0 676
1 11 2
116 42
1 11 2
139 786
1 13 2
28 640
1 8 2
86 529
1 4 2
785 554
1 6 2
769 96
1 10 2
154 535
1 6 2
69 220
1 2 2
192 226
1 15 2
178 177
1 8 2
233 374
1 6 2
632 525
1 8 2
367 507
1 11 2
206 680
1 12 2
167 14
1 4 2
43 322
1 5 2
403 593
1 12 2
89 369
1 12 2
373 105
1 10 2
171 1
1 15 2
172 95
1 9 2
606 439
1 15 2
455 370
1 8 2
762 694
1 14 2
332 267
1 13 2
553 609
1 6 2
165 694
1 3 2
484 113
1 13 2
360 370
1 5 2
208 312
1 3 2
116 597
1 8 2
788 650
1 9 2
77 690
1 4 2
711 643
1 2 2
552 128
1 5 2
552 125
1 12 2
316 260
1 4 2
416 35
1 9 2
332 481
1 11 2
279 116
1 13 2
140 757
1 2 2
28 306
1 9 2
208 300
1 3 2
485 613
1 7 2
568 359
1 7 2
768 389
1 10 2
740 739
1 7 2
234 322
1 14 2
416 360
1 15 2
259 262
1 4 2
154 159
1 13 2
145 638
1 2 2
331 101
1 8 2
280 521
1 6 2
247 485
1 12 2
474 262
1 9 2
471 342
1 4 2
594 131
1 15 2
84 383
1 6 2
634 33
1 5 2
598 782
1 14 2
85 238
1 4 2
153 37
1 3 2
84 309
1 11 2
504 729
1 7 2
344 119
1 10 2
605 7
1 12 2
377 48
1 7 2
179 541
1 6 2
227 202
1 5 2
707 12
1 7 2
418 439
1 7 2
104 510
1 6 2
42 320
1 11 2
382 390
1 3 2
62 331
1 12 2
678 78
1 3 2
161 332
1 11 2
244 548
1 6 2
510 675
1 3 2
66 732
1 3 2
619 431
1 13 2
171 61
1 9 2
447 790
1 15 2
464 275
1 13 2
505 284
1 9 2
416 734
1 15 2
85 252
1 11 2
279 691
1 10 2
234 293
1 10 2
731 72
1 4 2
83 368
1 9 2
298 632
1 9 2
243 587
1 9 2
236 547
1 6 2
211 578
1 14 2
494 605
1 5 2
669 424
1 13 2
160 182
1 10 2
648 9
1 9 2
299 453
1 8 2
527 49
1 9 2
400 743
1 4 2
779 391
1 10 2
671 175
1 3 2
377 651
1 7 2
697 279
1 9 2
213 751
1 6 2
631 379
1 8 2
363 678
1 14 2
451 634
1 2 2
563 202
1 8 2
105 436
1 10 2
97 74
1 15 2
30 662
1 9 2
697 573
1 14 2
204 156
1 5 2
128 502
1 10 2
111 3
1 13 2
521 685
1 12 2
214 310
1 7 2
289 563
1 9 2
130 343
1 2 2
19 570
1 4 2
454 387
1 10 2
671 51
1 10 2
617 518
1 11 2
205 651
1 11 2
730 20
1 14 2
271 429
1 12 2
773 588
1 9 2
284 628
1 3 2
605 108
1 3 2
11 67
1 12 2
754 283
1 6 2
331 606
1 8 2
315 171
1 14 2
91 216
1 5 2
390 537
1 9 2
283 130
1 10 2
200 503
1 11 2
67 44
1 10 2
154 196
1 12 2
211 433
1 2 2
627 374
1 7 2
317 796
1 8 2
391 162
1 5 2
271 726
1 2 2
416 536
1 6 2
565 125
1 11 2
667 714
1 8 2
741 573
1 8 2
178 101
1 2 2
702 679
1 9 2
519 243
1 4 2
608 555
1 10 2
92 778
1 4 2
710 346
1 13 2
444 669
1 15 2
137 395
1 15 2
287 402
1 9 2
264 106
1 7 2
518 297
1 4 2
580 472
1 11 2
421 455
1 7 2
76 357
1 12 2
43 438
1 14 2
646 427
1 12 2
597 434
1 2 2
428 654
1 15 2
721 429
1 9 2
82 210
1 11 2
437 681
1 10 2
455 712
1 10 2
75 456
1 15 2
307 196
1 12 2
675 620
1 4 2
208 792
1 14 2
236 68
1 15 2
710 364
1 15 2
45 394
1 6 2
38 626
1 8 2
714 313
1 3 2
50 588
1 15 2
737 627
1 9 2
298 252
1 5 2
618 508
1 7 2
264 139
1 7 2
12 53
1 3 2
755 653
1 4 2
724 9
1 10 2
764 116
1 4 2
364 771
1 7 2
632 184
1 6 2
325 262
1 3 2
520 290
1 9 2
228 67
1 13 2
239 509
1 5 2
352 286
1 12 2
707 560
1 9 2
506 255
1 12 2
190 547
1 11 2
720 121
1 9 2
350 661
1 12 2
488 698
1 7 2
262 638
1 7 2
583 371
1 3 2
3 455
1 11 2
67 466
1 9 2
569 594
1 8 2
685 683
1 6 2
745 504
1 15 2
175 284
1 11 2
328 581
1 15 2
718 671
1 3 2
39 29
1 6 2
436 353
1 6 2
139 378
1 5 2
116 651
1 10 2
139 244
1 11 2
6 729
1 3 2
649 603
1 7 2
630 446
1 4 2
352 264
1 13 2
260 726
1 14 2
13 782
1 10 2
709 99
1 6 2
449 622
1 12 2
437 372
1 12 2
32 84
1 14 2
273 77
1 10 2
588 378
1 8 2
327 293
1 2 2
676 186
1 7 2
415 436
1 5 2
365 140
1 3 2
310 215
1 6 2
611 128
1 2 2
269 516
1 3 2
33 372
1 3 2
453 118
1 4 2
129 282
1 15 2
778 274
1 10 2
786 569
1 11 2
651 277
1 12 2
27 325
1 10 2
107 374
1 4 2
615 546
1 8 2
779 226
1 6 2
496 682
1 6 2
87 706
1 7 2
151 679
1 9 2
540 704
1 6 2
114 449
1 14 2
514 205
1 3 2
487 585
1 5 2
20 259
1 9 2
252 630
1 9 2
376 67
1 10 2
356 744
1 6 2
70 535
1 5 2
108 691
1 5 2
24 256
1 7 2
110 141
1 3 2
432 516
1 7 2
36 254
1 5 2
215 350
1 8 2
710 44
1 11 2
492 553
1 8 2
579 365
1 7 2
463 635
1 12 2
380 418
1 3 2
554 739
1 15 2
90 45
1 14 2
29 337
1 11 2
480 254
1 15 2
618 416
1 11 2
721 557
1 4 2
39 534
1 10 2
360 55
1 12 2
656 411
1 12 2
486 747
1 7 2
37 619
1 13 2
193 33
1 15 2
483 42
1 9 2
142 599
1 10 2
222 795
1 9 2
560 299
1 11 2
343 671
1 7 2
501 648
1 4 2
570 763
1 4 2
117 774
1 14 2
278 201
1 3 2
318 214
1 2 2
642 114
1 6 2
747 199
1 3 2
542 380
1 9 2
288 49
1 8 2
624 733
1 12 2
440 350
1 12 2
624 254
1 6 2
378 633
1 6 2
394 58
1 6 2
284 627
1 2 2
339 265
1 13 2
541 1
1 4 2
778 268
1 8 2
429 158
1 12 2
557 740
1 8 2
701 382
1 8 2
153 521
1 5 2
83 136
1 8 2
431 705
1 7 2
99 140
1 10 2
700 80
1 6 2
699 381
1 13 2
304 196
1 2 2
423 710
1 4 2
174 135
1 5 2
595 587
1 13 2
283 530
1 4 2
570 717
1 15 2
209 106
1 8 2
599 614
1 10 2
455 13
1 3 2
669 751
1 9 2
98 593
1 14 2
245 546
1 13 2
208 134
1 9 2
198 215
1 2 2
46 362
1 11 2
426 368
1 7 2
94 255
1 8 2
636 514
1 9 2
100 709
1 3 2
58 111
1 14 2
235 64
1 3 2
759 97
1 13 2
552 466
1 14 2
519 278
1 10 2
132 93
1 14 2
761 95
1 4 2
311 243
1 15 2
772 191
1 8 2
366 104
1 12 2
694 30
1 15 2
703 255
1 2 2
73 584
1 8 2
236 40
1 2 2
51 718
1 7 2
306 146
1 12 2
340 737
1 4 2
686 400
1 14 2
173 489
1 7 2
526 81
1 2 2
765 164
1 6 2
557 710
1 2 2
732 697
1 6 2
201 487
1 15 2
502 755
1 9 2
212 607
1 12 2
321 340
1 3 2
692 448
1 6 2
35 610
1 8 2
212 527
1 7 2
190 699
1 2 2
689 716
1 9 2
376 26
1 4 2
338 734
1 2 2
229 788
1 2 2
794 439
1 6 2
588 27
1 10 2
545 409
1 11 2
189 706
1 9 2
337 228
1 4 2
690 431
1 15 2
650 379
1 10 2
774 435
1 12 2
506 319
1 5 2
84 279
1 6 2
708 653
1 7 2
170 120
1 9 2
734 271
1 3 2
193 798
1 4 2
175 197
1 2 2
167 473
1 10 2
701 520
1 7 2
264 784
1 3 2
28 196
1 2 2
592 652
1 4 2
543 212
1 2 2
573 80
1 12 2
740 242
1 7 2
680 778
1 5 2
514 521
1 9 2
518 38
1 14 2
53 234
1 10 2
628 268
1 9 2
549 87
1 15 2
75 239
1 13 2
652 700
1 4 2
363 65
1 5 2
679 157
1 13 2
487 501
1 4 2
797 625
1 11 2
604 202
1 9 2
478 146
1 9 2
545 122
1 6 2
463 486
1 14 2
546 592
1 13 2
342 392
1 5 2
123 498
1 2 2
90 501
1 10 2
266 186
1 7 2
697 550
1 15 2
670 673
1 12 2
788 89
1 14 2
142 479
1 10 2
463 250
1 7 2
585 781
1 13 2
457 419
1 10 2
453 764
1 5 2
584 740
1 15 2
729 239
1 3 2
121 408
1 3 2
262 45
1 4 2
205 649
1 15 2
496 519
1 10 2
606 129
1 12 2
92 296
1 3 2
557 122
1 12 2
70 84
1 5 2
207 120
1 4 2
796 491
1 13 2
142 276
1 13 2
151 591
1 14 2
359 448
1 5 2
786 216
1 13 2
797 765
1 9 2
785 197
1 15 2
40 90
1 14 2
793 119
1 8 2
618 496
1 7 2
43 392
1 11 2
429 258
1 10 2
447 22
1 11 2
186 558
1 14 2
671 740
1 12 2
556 703
1 4 2
750 36
1 2 2
516 37
1 3 2
103 758
1 4 2
596 477
1 7 2
587 717
1 10 2
159 359
1 10 2
275 559
1 5 2
743 609
1 9 2
397 179
1 5 2
231 760
1 13 2
540 736
1 15 2
99 256
1 7 2
353 742
1 2 2
194 2
1 3 2
770 38
1 5 2
158 765
1 3 2
633 507
1 12 2
271 625
1 14 2
654 736
1 9 2
418 716
1 4 2
783 160
1 3 2
149 145
1 6 2
330 770
1 12 2
53 499
1 5 2
574 767
1 4 2
52 629
1 6 2
760 126
1 2 2
706 634
1 6 2
636 554
1 2 2
475 271
1 14 2
282 772
1 8 2
20 711
1 12 2
550 750
1 9 2
425 530
1 13 2
604 476
1 2 2
402 722
1 12 2
325 234
1 5 2
325 298
1 12 2
665 420
1 3 2
548 627
1 6 2
540 285
1 13 2
186 417
1 8 2
371 660
1 14 2
754 425
1 11 2
79 773
1 2 2
601 754
1 3 2
673 150
1 11 2
135 588
1 14 2
92 773
1 2 2
699 711
1 12 2
621 101
1 10 2
251 451
1 11 2
385 74
1 8 2
537 669
1 6 2
633 151
1 2 2
140 357
1 13 2
188 642
1 2 2
172 324
1 13 2
36 305
1 14 2
142 567
1 12 2
777 93
1 3 2
467 236
1 15 2
677 583
1 6 2
620 381
1 4 2
245 362
1 7 2
702 461
1 2 2
303 302
1 13 2
54 698
1 7 2
634 797
1 10 2
371 118
1 10 2
376 581
1 12 2
3 588
1 12 2
250 754
1 11 2
396 18
1 14 2
636 62
1 14 2
756 411
1 15 2
373 326
1 15 2
636 122
1 12 2
156 351
1 2 2
733 39
1 11 2
414 382
1 7 2
761 420
1 5 2
531 480
1 10 2
134 109
1 14 2
376 243
1 9 2
737 398
1 14 2
341 429
1 12 2
478 410
1 14 2
411 470
1 6 2
315 699
1 11 2
307 464
1 13 2
254 205
1 5 2
61 722
1 5 2
50 116
1 10 2
195 599
1 3 2
369 725
1 12 2
283 748
1 6 2
418 54
1 7 2
228 593
1 15 2
731 365
1 8 2
198 241
1 2 2
664 0
1 12 2
93 373
1 14 2
649 521
1 13 2
319 364
1 5 2
352 297
1 11 2
404 20
1 5 2
550 172
1 8 2
159 258
1 5 2
605 18
1 14 2
216 572
1 7 2
13 147
1 10 2
793 331
1 10 2
213 333
1 8 2
525 122
1 3 2
368 735
1 2 2
405 627
1 8 2
741 224
1 5 2
446 459
1 10 2
247 315
1 6 2
463 215
1 5 2
294 408
1 12 2
399 83
1 12 2
369 743
1 15 2
302 317
1 13 2
463 576
1 6 2
394 582
1 12 2
14 325
1 2 2
68 487
1 5 2
323 210
1 12 2
79 317
1 11 2
168 570
1 9 2
123 205
1 2 2
631 729
1 13 2
228 369
1 13 2
500 676
1 3 2
216 132
1 5 2
85 573
1 5 2
555 142
1 9 2
270 516
1 6 2
186 614
1 14 2
5 124
1 5 2
40 42
1 12 2
521 691
1 14 2
456 287
1 5 2
7 797
1 10 2
158 310
1 12 2
726 374
1 8 2
632 57
1 9 2
622 773
1 15 2
717 344
1 13 2
245 68
1 4 2
44 50
1 11 2
321 211
1 5 2
277 580
1 3 2
85 575
1 6 2
797 547
1 2 2
589 128
1 7 2
484 696
1 14 2
433 251
1 15 2
393 66
1 9 2
367 75
1 4 2
177 195
1 13 2
167 652
1 13 2
92 88
1 6 2
111 748
1 7 2
354 553
1 10 2
571 56
1 5 2
730 524
1 6 2
180 274
1 5 2
42 30
1 11 2
586 442
1 15 2
101 295
1 13 2
5 415
1 6 2
400 91
1 13 2
165 368
1 5 2
312 621
1 4 2
444 488
1 12 2
421 206
1 3 2
390 301
1 12 2
72 441
1 13 2
456 131
1 6 2
785 206
1 9 2
617 61
1 11 2
181 109
1 13 2
668 544
1 6 2
26 173
1 13 2
775 627
1 9 2
155 221
1 8 2
82 489
1 3 2
435 115
1 6 2
613 214
1 9 2
114 231
1 7 2
123 416
1 2 2
639 538
1 5 2
783 70
1 10 2
224 274
1 10 2
753 573
1 15 2
458 782
1 15 2
456 284
1 8 2
73 506
1 9 2
292 59
1 2 2
18 92
1 8 2
481 522
1 8 2
478 244
1 10 2
669 164
1 7 2
105 291
1 10 2
509 374
1 12 2
467 314
1 15 2
148 727
1 15 2
447 267
1 7 2
360 333
1 14 2
182 515
1 12 2
401 344
1 4 2
570 188
1 10 2
501 394
1 15 2
34 75
1 12 2
750 672
1 11 2
652 221
1 3 2
416 234
1 8 2
246 392
1 11 2
785 560
1 2 2
8 544
1 14 2
661 182
1 6 2
373 473
1 11 2
112 521
1 12 2
769 36
1 3 2
684 513
1 4 2
610 94
1 15 2
349 488
1 2 2
255 700
1 4 2
296 630
1 15 2
221 780
1 6 2
110 131
1 8 2
136 311
1 7 2
163 652
1 5 2
89 277
1 7 2
624 337
1 12 2
131 642
1 13 2
193 411
1 7 2
298 547
1 3 2
80 194
1 2 2
34 334
1 2 2
366 446
1 10 2
199 40
1 12 2
77 86
1 11 2
543 532
1 9 2
374 688
1 10 2
71 195
1 3 2
157 691
1 3 2
360 0
1 7 2
14 203
1 2 2
41 607
1 6 2
685 369
1 6 2
424 632
1 2 2
588 584
1 4 2
138 145
1 7 2
566 280
1 14 2
794 400
1 11 2
500 747
1 10 2
77 57
1 11 2
115 478
1 11 2
557 436
1 13 2
601 303
1 15 2
536 94
1 5 2
372 620
1 4 2
676 262
1 10 2
77 516
1 3 2
330 32
1 7 2
350 110
1 12 2
90 99
1 7 2
536 690
1 14 2
688 341
1 15 2
67 788
1 13 2
421 235
1 7 2
526 224
1 4 2
307 82
1 3 2
48 644
1 15 2
601 792
1 15 2
680 597
1 15 2
360 592
1 10 2
143 481
1 10 2
767 462
1 3 2
655 97
1 15 2
583 650
1 11 2
166 587
1 2 2
459 625
1 14 2
193 385
1 15 2
716 560
1 9 2
760 611
1 4 2
10 169
1 11 2
553 423
1 5 2
663 490
1 15 2
138 566
1 10 2
50 447
1 13 2
243 491
1 14 2
50 481
1 10 2
777 243
1 4 2
185 524
1 15 2
423 226
1 6 2
535 433
1 6 2
529 601
1 6 2
630 779
1 15 2
204 423
1 12 2
685 535
1 5 2
417 382
1 15 2
322 728
1 4 2
490 797
1 12 2
224 667
1 8 2
354 36
1 4 2
159 434
1 7 2
318 767
1 7 2
199 501
1 10 2
397 734
1 12 2
143 357
1 14 2
345 233
1 3 2
195 611
1 2 2
348 282
1 9 2
439 227
1 3 2
382 303
1 8 2
495 679
1 12 2
103 461
1 9 2
760 541
1 5 2
297 328
1 2 2
479 533
1 15 2
749 744
1 3 2
166 83
1 13 2
278 293
1 10 2
295 326
1 5 2
107 264
1 8 2
781 276
1 14 2
693 590
1 10 2
318 14
1 13 2
480 68
1 14 2
599 433
1 13 2
80 635
1 5 2
236 352
1 15 2
585 171
1 6 2
103 728
1 11 2
326 26
1 7 2
707 672
1 2 2
367 398
1 3 2
673 197
1 14 2
127 13
1 7 2
246 670
1 15 2
214 302
1 11 2
648 118
1 8 2
706 279
1 13 2
304 261
1 4 2
501 137
1 12 2
250 383
1 4 2
387 470
1 6 2
558 135
1 4 2
670 660
1 13 2
565 422
1 9 2
473 611
1 15 2
416 748
1 8 2
289 506
1 4 2
642 472
1 11 2
712 506
1 14 2
552 582
1 11 2
714 321
1 13 2
537 408
1 6 2
129 521
1 2 2
114 760
1 8 2
177 665
1 10 2
73 174
1 10 2
308 485
1 7 2
306 60
1 10 2
40 43
1 6 2
98 392
1 12 2
459 721
1 5 2
51 127
1 4 2
569 454
1 5 2
159 204
1 15 2
468 132
1 12 2
332 2
1 10 2
137 119
1 8 2
361 593
1 8 2
714 484
1 12 2
111 130
1 3 2
230 48
1 8 2
632 306
1 9 2
358 622
1 15 2
384 66
1 2 2
451 669
1 11 2
775 470
1 5 2
442 225
1 6 2
218 180
1 8 2
461 184
1 3 2
31 152
1 5 2
281 320
1 15 2
54 446
1 8 2
672 11
1 4 2
118 75
1 9 2
41 707
1 11 2
735 396
1 15 2
695 245
1 15 2
363 252
1 12 2
714 20
1 11 2
331 215
1 10 2
505 460
1 8 2
563 701
1 12 2
354 696
1 9 2
620 433
1 2 2
182 380
1 2 2
646 441
1 13 2
612 219
1 5 2
710 28
1 15 2
87 261
1 5 2
565 186
1 8 2
530 538
1 9 2
366 620
1 14 2
647 143
1 11 2
60 66
1 13 2
772 87
1 2 2
375 524
1 11 2
216 718
1 2 2
123 170
1 8 2
216 337
1 4 2
648 77
1 11 2
452 274
1 14 2
410 625
1 12 2
30 615
1 5 2
84 327
1 11 2
76 425
1 13 2
403 80
1 12 2
356 682
1 14 2
349 430
1 4 2
20 349
1 6 2
488 722
1 10 2
459 535
1 8 2
376 251
1 3 2
222 760
1 7 2
588 24
1 7 2
2 505
1 5 2
596 430
1 14 2
201 138
1 8 2
340 448
1 5 2
19 136
1 3 2
312 427
1 13 2
321 497
1 13 2
76 686
1 8 2
582 701
1 6 2
585 392
1 10 2
296 172
1 6 2
316 26
1 11 2
325 122
1 5 2
131 769
1 10 2
688 681
1 6 2
154 407
1 10 2
303 152
1 11 2
172 168
1 15 2
457 783
1 8 2
231 431
1 15 2
735 218
1 4 2
661 628
1 13 2
0 648
1 7 2
537 428
1 2 2
319 41
1 15 2
730 306
1 11 2
523 749
1 3 2
552 386
1 9 2
735 472
1 3 2
291 393
1 3 2
13 280
1 6 2
424 644
1 9 2
237 11
1 12 2
276 507
1 14 2
531 72
1 10 2
186 614
1 15 2
326 707
1 4 2
691 309
1 14 2
345 405
1 2 2
26 629
1 10 2
583 697
1 12 2
705 171
1 12 2
518 559
1 6 2
258 466
1 14 2
114 569
1 7 2
625 578
1 9 2
64 366
1 7 2
675 28
1 8 2
766 88
1 9 2
348 502
1 10 2
587 548
1 6 2
536 20
1 4 2
741 696
1 4 2
767 587
1 9 2
572 729
1 12 2
619 445
1 2 2
712 585
1 4 2
415 730
1 3 2
741 251
1 11 2
49 83
1 6 2
355 746
1 9 2
141 786
1 10 2
292 58
1 10 2
736 287
1 9 2
170 130
1 14 2
64 671
1 4 2
577 315
1 15 2
478 671
1 9 2
532 216
1 5 2
767 347
1 2 2
406 190
1 10 2
179 434
1 13 2
256 703
1 4 2
472 603
1 3 2
360 705
1 3 2
609 258
1 8 2
506 94
1 10 2
342 696
1 4 2
410 314
1 9 2
576 565
1 10 2
377 764
1 11 2
474 311
1 5 2
208 130
1 8 2
56 474
1 15 2
662 242
1 5 2
81 248
1 4 2
280 392
1 4 2
496 671
1 15 2
186 337
1 4 2
140 401
1 2 2
445 785
1 9 2
182 601
1 7 2
20 54
1 11 2
453 335
1 15 2
218 639
1 7 2
492 109
1 11 2
477 156
1 5 2
355 638
1 3 2
76 685
1 2 2
784 766
1 9 2
53 722
1 15 2
583 148
1 13 2
341 665
1 10 2
103 405
1 5 2
54 256
1 11 2
131 258
1 3 2
486 253
1 6 2
103 798
1 15 2
211 486
1 9 2
333 693
1 2 2
469 183
1 14 2
760 609
1 4 2
457 665
1 10 2
264 53
1 15 2
582 736
1 5 2
665 553
1 6 2
250 265
1 3 2
132 468
1 6 2
101 505
1 9 2
542 462
1 10 2
374 70
1 3 2
144 215
1 12 2
612 715
1 3 2
673 550
1 2 2
104 748
1 6 2
474 552
1 13 2
443 689
1 10 2
795 571
1 13 2
675 669
1 5 2
259 686
1 5 2
64 390
1 13 2
194 51
1 15 2
562 683
1 12 2
750 17
1 9 2
315 587
1 13 2
284 754
1 15 2
187 706
1 5 2
225 169
1 11 2
394 665
1 15 2
679 332
1 3 2
309 179
1 12 2
121 355
1 7 2
499 109
1 5 2
462 359
1 12 2
226 573
1 3 2
750 110
1 9 2
667 5
1 8 2
286 708
1 10 2
634 136
1 7 2
403 500
1 12 2
349 477
1 2 2
228 430
1 4 2
191 40
1 6 2
105 117
1 12 2
426 792
1 12 2
221 692
1 10 2
412 248
1 9 2
473 159
1 9 2
414 733
1 13 2
674 711
1 3 2
94 725
1 12 2
743 89
1 7 2
765 753
1 5 2
769 535
1 11 2
177 697
1 11 2
301 443
1 5 2
424 398
1 4 2
777 240
1 6 2
385 63
1 15 2
769 438
1 9 2
72 668
1 3 2
554 316
1 5 2
482 749
1 3 2
662 412
1 8 2
56 284
1 11 2
41 219
1 4 2
262 577
1 12 2
764 488
1 15 2
140 125
1 13 2
383 791
1 2 2
359 403
1 5 2
737 557
1 10 2
173 254
1 15 2
142 350
1 9 2
75 284
1 2 2
663 100
1 8 2
222 109
1 2 2
227 793
1 8 2
773 528
1 11 2
506 354
1 12 2
35 117
1 14 2
598 471
1 3 2
365 757
1 13 2
127 69
1 3 2
375 697
1 12 2
168 769
1 5 2
303 617
1 6 2
91 708
1 12 2
736 509
1 5 2
178 505
1 10 2
551 162
1 5 2
351 761
1 11 2
798 493
1 8 2
781 712
1 5 2
568 46
1 6 2
460 406
1 8 2
767 358
1 13 2
597 501
1 6 2
507 766
1 7 2
243 279
1 3 2
775 502
1 4 2
248 114
1 3 2
140 564
1 7 2
585 690
1 12 2
594 339
1 7 2
360 16
1 14 2
532 608
1 6 2
267 734
1 15 2
175 695
1 13 2
17 162
1 15 2
364 675
1 2 2
486 125
1 6 2
45 510
1 5 2
258 760
1 9 2
693 483
1 11 2
629 483
1 11 2
315 92
1 8 2
19 81
1 8 2
13 452
1 3 2
799 316
1 5 2
411 389
1 12 2
396 322
1 14 2
587 283
1 4 2
501 579
1 9 2
101 316
1 4 2
185 368
1 6 2
473 549
1 15 2
653 744
1 12 2
461 89
1 2 2
9 634
1 10 2
249 150
1 3 2
414 162
1 8 2
391 749
1 9 2
354 781
1 12 2
48 185
1 2 2
632 160
1 2 2
534 260
1 5 2
427 379
1 13 2
738 410
1 12 2
53 510
1 6 2
712 295
1 8 2
250 500
1 13 2
210 634
1 5 2
109 559
1 11 2
406 444
1 9 2
508 648
1 12 2
374 668
1 8 2
112 508
1 8 2
248 578
1 7 2
119 283
1 11 2
14 421
1 7 2
156 530
1 15 2
554 21
1 2 2
204 206
1 6 2
556 601
1 11 2
495 663
1 11 2
117 48
1 7 2
438 735
1 14 2
753 717
1 13 2
73 322
1 15 2
752 112
1 15 2
153 791
1 14 2
523 162
1 14 2
172 481
1 10 2
490 452
1 10 2
578 238
1 2 2
187 286
1 2 2
49 446
1 8 2
512 75
1 6 2
328 639
1 11 2
702 497
1 6 2
714 790
1 11 2
103 684
1 8 2
198 276
1 6 2
428 124
1 2 2
162 188
1 11 2
327 411
1 7 2
96 23
1 9 2
648 214
1 4 2
429 4
1 10 2
458 600
1 15 2
325 134
1 6 2
459 491
1 4 2
147 366
1 15 2
19 203
1 12 2
678 675
1 10 2
792 691
1 7 2
126 797
1 12 2
402 442
1 2 2
221 465
1 9 2
55 457
1 3 2
15 744
1 11 2
665 250
1 3 2
358 251
1 2 2
480 721
1 9 2
780 421
1 11 2
139 545
1 8 2
402 349
1 9 2
81 44
1 7 2
255 411
1 3 2
716 301
1 13 2
131 153
1 13 2
230 685
1 2 2
650 677
1 2 2
394 540
1 2 2
55 436
1 11 2
456 378
1 14 2
199 439
1 2 2
629 40
1 14 2
166 205
1 2 2
725 601
1 10 2
632 770
1 6 2
380 791
1 11 2
749 486
1 12 2
397 460
1 5 2
603 793
1 4 2
250 553
1 3 2
725 249
1 4 2
183 30
1 2 2
722 17
1 10 2
228 543
1 6 2
632 355
1 10 2
413 408
1 11 2
177 86
1 4 2
586 492
1 4 2
665 335
1 5 2
38 87
1 7 2
61 402
1 12 2
552 661
1 11 2
546 627
1 12 2
124 673
1 5 2
111 723
1 13 2
689 294
1 2 2
144 511
1 12 2
69 9
1 3 2
709 124
1 2 2
421 444
1 10 2
732 13
1 11 2
419 783
1 12 2
507 42
1 14 2
289 579
1 14 2
705 139
1 4 2
639 454
1 12 2
661 495
1 7 2
224 93
1 14 2
197 296
1 4 2
706 334
1 7 2
728 453
1 11 2
493 38
1 4 2
482 195
1 15 2
466 467
1 7 2
320 530
1 7 2
112 285
1 10 2
304 46
1 8 2
610 593
1 14 2
38 705
1 3 2
196 655
1 4 2
316 9
1 15 2
448 329
1 4 2
591 240
1 6 2
639 155
1 7 2
212 43
1 7 2
38 532
1 11 2
230 675
1 14 2
342 780
1 9 2
123 236
1 13 2
177 96
1 12 2
636 421
1 8 2
32 108
1 10 2
402 327
1 10 2
454 544
1 3 2
157 687
1 8 2
719 282
1 6 2
365 553
1 9 2
612 738
1 8 2
197 564
1 15 2
9 739
1 9 2
56 199
1 8 2
166 326
1 13 2
631 352
1 12 2
152 264
1 8 2
18 399
1 15 2
708 555
1 3 2
492 656
1 3 2
353 420
1 6 2
332 199
1 10 2
564 561
1 10 2
535 159
1 12 2
324 181
1 9 2
232 634
1 14 2
395 104
1 9 2
462 662
1 8 2
279 297
1 14 2
148 600
1 9 2
171 791
1 14 2
23 667
1 6 2
227 278
1 12 2
86 308
1 5 2
164 277
1 5 2
155 390
1 15 2
67 708
1 15 2
1 363
1 9 2
787 38
1 3 2
469 240
1 5 2
655 60
1 6 2
610 370
1 9 2
611 522
1 4 2
620 749
1 15 2
571 150
1 8 2
615 602
1 8 2
747 470
1 8 2
483 4
1 10 2
228 470
1 5 2
170 745
1 4 2
306 28
1 9 2
551 255
1 3 2
576 352
1 12 2
774 488
1 6 2
692 312
1 9 2
82 479
1 11 2
420 514
1 12 2
631 27
1 2 2
651 298
1 2 2
295 250
1 14 2
5 764
1 2 2
529 336
1 4 2
401 601
1 4 2
749 162
1 3 2
735 462
1 2 2
286 562
1 2 2
681 491
1 7 2
377 767
1 10 2
476 29
1 4 2
488 545
1 11 2
103 19
1 2 2
10 52
1 6 2
359 156
1 12 2
29 789
1 3 2
231 712
1 5 2
56 61
1 4 2
394 353
1 2 2
675 71
1 6 2
322 492
1 8 2
663 648
1 2 2
513 709
1 12 2
581 393
1 3 2
536 370
1 8 2
299 724
1 8 2
315 245
1 9 2
408 267
1 3 2
263 742
1 15 2
676 100
1 14 2
172 747
1 15 2
488 46
1 7 2
508 439
1 14 2
31 527
1 5 2
387 729
1 3 2
652 216
1 3 2
420 659
1 13 2
247 261
1 9 2
209 360
1 3 2
728 278
1 15 2
677 781
1 3 2
729 387
1 4 2
88 304
1 6 2
776 349
1 9 2
738 286
1 5 2
282 564
1 10 2
561 738
1 11 2
423 477
1 5 2
666 414
1 9 2
288 581
1 4 2
675 790
1 4 2
631 413
1 2 2
568 56
1 3 2
347 303
1 13 2
553 391
1 5 2
377 32
1 3 2
787 767
1 14 2
559 353
1 15 2
269 711
1 2 2
403 9
1 14 2
130 781
1 13 2
553 142
1 13 2
119 630
1 4 2
722 583
1 7 2
349 115
1 4 2
290 664
1 8 2
513 528
1 15 2
515 184
1 5 2
459 756
1 10 2
386 249
1 5 2
299 549
1 8 2
64 254
1 11 2
87 48
1 13 2
119 608
1 11 2
262 451
1 11 2
545 81
1 10 2
375 577
1 7 2
595 196
1 7 2
296 169
1 14 2
516 565
1 8 2
606 99
1 8 2
13 228
1 10 2
17 257
1 10 2
647 699
1 2 2
658 487
1 5 2
647 85
1 5 2
87 640
1 7 2
465 252
1 3 2
108 669
1 2 2
775 119
1 12 2
330 283
1 13 2
210 293
1 11 2
446 552
1 7 2
286 788
1 15 2
510 3
1 7 2
454 716
1 12 2
531 510
1 3 2
288 336
1 12 2
677 798
1 13 2
696 703
1 13 2
783 173
1 13 2
52 165
1 6 2
384 374
1 14 2
316 169
1 12 2
477 161
1 5 2
370 466
1 13 2
278 490
1 7 2
510 67
1 8 2
55 579
1 9 2
473 677
1 15 2
624 88
1 2 2
743 612
1 2 2
651 189
1 11 2
78 523
1 7 2
732 462
1 15 2
615 500
1 4 2
398 437
1 3 2
138 635
1 10 2
374 244
1 2 2
652 33
1 14 2
91 271
1 11 2
787 171
1 12 2
145 425
1 6 2
22 348
1 9 2
512 171
1 8 2
274 327
1 13 2
26 241
1 15 2
491 72
1 11 2
245 139
1 8 2
238 210
1 6 2
527 510
1 4 2
425 117
1 5 2
417 12
1 5 2
189 763
1 13 2
735 649
1 8 2
508 91
1 13 2
537 279
1 4 2
583 363
1 15 2
480 225
1 7 2
252 270
1 12 2
223 426
1 8 2
171 13
1 14 2
7 341
1 8 2
278 331
1 10 2
437 132
1 10 2
606 727
1 15 2
411 679
1 8 2
649 708
1 6 2
261 497
1 5 2
343 666
1 12 2
664 474
1 8 2
271 343
1 9 2
270 739
1 13 2
748 33
1 4 2
399 286
1 13 2
465 6
1 15 2
379 673
1 15 2
29 530
1 2 2
440 580
1 5 2
380 625
1 8 2
95 661
1 14 2
655 63
1 14 2
677 371
1 8 2
447 556
1 13 2
103 149
1 9 2
655 135
1 15 2
376 754
1 14 2
127 271
1 11 2
41 484
1 13 2
595 669
1 11 2
268 181
1 14 2
681 535
1 6 2
184 731
1 4 2
201 362
1 12 2
540 742
1 13 2
473 623
1 9 2
345 676
1 13 2
727 446
1 14 2
429 517
1 2 2
425 364
1 15 2
197 272
1 15 2
303 101
1 3 2
794 315
1 3 2
628 179
1 12 2
414 254
1 12 2
637 411
1 13 2
80 144
1 4 2
190 152
1 5 2
213 304
1 8 2
21 597
1 5 2
672 352
1 7 2
431 728
1 3 2
76 303
1 15 2
302 569
1 9 2
229 178
1 5 2
260 575
1 10 2
578 340
1 9 2
54 618
1 9 2
377 99
1 12 2
179 736
1 11 2
28 619
1 9 2
535 141
1 8 2
247 353
1 2 2
242 350
1 11 2
397 506
1 14 2
659 139
1 11 2
751 577
1 5 2
123 323
1 10 2
729 273
1 12 2
32 168
1 15 2
470 34
1 2 2
535 425
1 4 2
506 682
1 12 2
97 4
1 9 2
78 723
1 7 2
195 723
1 11 2
789 700
1 13 2
65 76
1 5 2
138 251
1 3 2
336 423
1 4 2
142 68
1 12 2
138 608
1 14 2
315 679
1 7 2
690 326
1 7 2
50 779
1 3 2
483 38
1 2 2
122 61
1 7 2
605 717
1 8 2
411 637
1 2 2
512 313
1 8 2
74 198
1 5 2
793 372
1 6 2
380 490
1 7 2
249 163
1 9 2
551 301
1 6 2
720 543
1 5 2
233 510
1 3 2
37 101
1 9 2
305 554
1 2 2
325 640
1 8 2
479 564
1 10 2
637 625
1 6 2
147 530
1 12 2
731 94
1 12 2
154 511
1 13 2
375 643
1 13 2
42 784
1 4 2
672 89
1 12 2
370 127
1 3 2
783 191
1 12 2
41 598
1 5 2
272 746
1 4 2
330 747
1 6 2
722 117
1 9 2
494 483
1 5 2
709 559
1 9 2
160 37
1 11 2
591 360
1 6 2
149 544
1 9 2
607 283
1 8 2
708 154
1 7 2
249 397
1 8 2
103 485
1 4 2
115 736
1 15 2
549 123
1 7 2
720 116
1 4 2
32 119
1 4 2
707 445
1 7 2
436 623
1 11 2
712 34
1 5 2
447 393
1 5 2
533 363
1 2 2
168 285
1 5 2
588 67
1 15 2
700 776
1 9 2
286 141
1 12 2
352 570
1 12 2
775 241
1 6 2
388 207
1 6 2
667 785
1 3 2
724 611
1 15 2
511 790
1 10 2
60 284
1 14 2
291 52
1 7 2
337 116
1 2 2
106 354
1 6 2
670 622
1 7 2
753 2
1 10 2
742 470
1 13 2
611 220
1 11 2
82 474
1 5 2
670 304
1 3 2
121 599
1 11 2
235 360
1 11 2
734 455
1 3 2
287 691
1 8 2
75 467
1 3 2
160 330
1 2 2
578 791
1 3 2
36 489
1 11 2
541 348
1 8 2
95 218
1 6 2
580 785
1 15 2
432 139
1 4 2
255 342
1 12 2
592 311
1 7 2
239 188
1 7 2
593 788
1 9 2
6 772
1 9 2
485 647
1 10 2
180 519
1 13 2
666 167
1 5 2
403 766
1 12 2
292 366
1 15 2
181 579
1 6 2
606 204
1 13 2
545 720
1 14 2
678 43
1 9 2
73 681
1 10 2
397 534
1 12 2
205 435
1 15 2
512 492
1 9 2
697 5
1 13 2
623 163
1 13 2
560 387
1 10 2
672 175
1 5 2
532 216
1 8 2
460 44
1 11 2
106 403
1 12 2
252 659
1 5 2
26 234
1 9 2
547 286
1 6 2
432 766
1 2 2
703 377
1 10 2
764 225
1 14 2
714 550
1 12 2
659 732
1 10 2
319 110
1 11 2
98 478
1 13 2
109 665
1 4 2
353 433
1 14 2
397 242
1 14 2
503 691
1 4 2
600 240
1 12 2
253 580
1 6 2
251 123
1 3 2
650 202
1 9 2
229 36
1 7 2
219 669
1 8 2
667 680
1 4 2
682 176
1 8 2
334 520
1 4 2
170 51
1 6 2
563 721
1 13 2
430 780
1 11 2
768 524
1 11 2
650 89
1 8 2
458 486
1 10 2
716 537
1 4 2
679 579
1 5 2
425 351
1 12 2
446 722
1 5 2
52 731
1 11 2
155 330
1 5 2
668 207
1 6 2
49 794
1 14 2
567 311
1 13 2
512 97
1 8 2
772 212
1 7 2
703 198
1 6 2
263 265
1 5 2
284 292
1 14 2
765 743
1 5 2
629 298
1 6 2
511 623
1 11 2
227 97
1 5 2
444 0
1 3 2
342 545
1 6 2
23 653
1 12 2
541 527
1 9 2
366 477
1 8 2
277 698
1 4 2
49 510
1 12 2
430 450
1 10 2
231 551
1 7 2
180 577
1 6 2
73 138
1 7 2
167 545
1 5 2
288 518
1 6 2
381 139
1 4 2
285 174
1 5 2
258 768
1 6 2
716 181
1 9 2
491 675
1 11 2
746 61
1 8 2
30 141
1 9 2
709 557
1 4 2
328 318
1 4 2
81 772
1 13 2
162 469
1 6 2
616 232
1 12 2
677 366
1 11 2
460 370
1 12 2
666 183
1 10 2
450 1
1 6 2
170 1
1 9 2
381 534
1 9 2
357 369
1 12 2
244 684
1 9 2
470 719
1 7 2
416 740
1 9 2
760 744
1 3 2
716 523
1 9 2
773 84
1 13 2
329 111
1 12 2
97 705
1 4 2
440 451
1 3 2
415 359
1 14 2
277 246
1 12 2
686 674
1 9 2
480 227
1 9 2
216 263
1 10 2
772 346
1 4 2
517 145
1 5 2
295 243
1 14 2
769 409
1 15 2
702 560
1 15 2
680 631
1 4 2
458 544
1 5 2
704 706
1 15 2
456 1
1 9 2
157 338
1 5 2
795 429
1 14 2
577 619
1 5 2
560 206
1 9 2
313 179
1 13 2
194 175
1 3 2
161 484
1 4 2
204 235
1 2 2
73 665
1 2 2
767 683
1 15 2
99 456
1 11 2
759 303
1 11 2
515 416
1 15 2
429 266
1 3 2
206 633
1 9 2
405 401
1 3 2
460 776
1 6 2
541 202
1 9 2
541 579
1 12 2
176 673
1 3 2
493 246
1 13 2
114 315
1 11 2
651 699
1 15 2
559 291
1 13 2
694 277
1 8 2
343 360
1 3 2
219 211
1 13 2
285 422
1 8 2
46 400
1 9 2
279 750
1 5 2
288 462
1 5 2
713 146
1 11 2
286 91
1 12 2
556 539
1 14 2
690 236
1 2 2
317 117
1 5 2
731 159
1 4 2
61 598
1 11 2
280 58
1 15 2
585 34
1 8 2
720 760
1 9 2
333 48
1 12 2
321 140
1 12 2
80 201
1 10 2
570 310
1 2 2
495 744
1 8 2
199 128
1 12 2
151 218
1 11 2
590 4
1 7 2
211 77
1 6 2
694 32
1 3 2
146 544
1 3 2
628 185
1 9 2
778 786
1 6 2
589 684
1 4 2
459 241
1 3 2
592 229
1 6 2
283 584
1 2 2
166 700
1 9 2
6 683
1 6 2
587 369
1 7 2
291 599
1 3 2
190 158
1 13 2
506 10
1 4 2
442 522
1 14 2
17 329
1 8 2
771 22
1 3 2
53 31
1 4 2
233 689
1 2 2
6 2
1 15 2
93 738
1 12 2
72 543
1 6 2
294 195
1 13 2
192 395
1 12 2
763 156
1 13 2
551 774
1 8 2
448 277
1 4 2
582 548
1 5 2
168 628
1 11 2
572 530
1 10 2
401 558
1 14 2
686 715
1 13 2
550 631
1 14 2
526 616
1 3 2
768 621
1 3 2
791 392
1 3 2
573 359
1 9 2
613 455
1 8 2
560 691
1 13 2
326 425
1 8 2
173 495
1 2 2
8 7
1 6 2
241 132
1 13 2
700 195
1 9 2
760 393
1 5 2
720 531
1 7 2
582 396
1 3 2
415 503
1 7 2
238 762
1 4 2
757 278
1 9 2
714 515
1 10 2
614 167
1 15 2
760 749
1 6 2
42 574
1 11 2
374 564
1 2 2
338 540
1 8 2
295 611
1 4 2
746 626
1 11 2
408 398
1 7 2
678 583
1 11 2
155 717
1 14 2
245 59
1 15 2
566 169
1 15 2
197 384
1 3 2
101 368
1 12 2
558 70
1 15 2
787 778
1 14 2
108 198
1 8 2
115 127
1 12 2
630 105
1 11 2
526 756
1 2 2
645 601
1 2 2
790 174
1 5 2
715 247
1 14 2
401 374
1 3 2
452 385
1 15 2
8 448
1 13 2
202 324
1 9 2
301 719
1 9 2
74 561
1 9 2
471 572
1 7 2
309 446
1 13 2
716 398
1 4 2
425 571
1 13 2
317 651
1 2 2
570 198
1 10 2
99 690
1 4 2
545 291
1 9 2
692 365
1 8 2
306 106
1 11 2
722 408
1 13 2
87 689
1 13 2
631 699
1 10 2
605 757
1 14 2
397 650
1 2 2
368 304
1 6 2
366 339
1 15 2
266 691
1 5 2
611 413
1 9 2
567 580
1 4 2
37 19
1 13 2
513 87
1 10 2
557 333
1 15 2
407 709
1 15 2
597 607
1 14 2
170 234
1 12 2
492 616
1 6 2
598 587
1 4 2
248 302
1 14 2
564 729
1 5 2
626 188
1 7 2
561 40
1 7 2
173 678
1 8 2
653 311
1 2 2
606 266
1 9 2
656 197
1 13 2
531 503
1 15 2
344 371
1 8 2
289 699
1 14 2
755 341
1 12 2
242 56
1 15 2
116 757
1 6 2
100 379
1 10 2
26 755
1 9 2
280 252
1 6 2
420 604
1 4 2
574 435
1 11 2
433 492
1 6 2
251 168
1 5 2
318 721
1 15 2
67 686
1 10 2
496 322
1 9 2
30 737
1 6 2
565 125
1 11 2
380 464
1 4 2
685 314
1 12 2
606 538
1 15 2
304 739
1 9 2
782 441
1 7 2
699 780
1 9 2
107 560
1 15 2
406 123
1 15 2
95 85
1 12 2
39 378
1 6 2
432 42
1 9 2
230 169
1 9 2
419 584
1 6 2
429 326
1 4 2
622 311
1 3 2
205 488
1 13 2
213 532
1 12 2
19 412
1 15 2
523 517
1 4 2
361 314
1 10 2
601 38
1 13 2
256 56
1 15 2
234 552
1 7 2
221 207
1 8 2
402 346
1 15 2
659 214
1 5 2
676 177
1 6 2
152 332
1 4 2
472 735
1 4 2
514 150
1 7 2
782 110
1 14 2
472 388
1 15 2
461 533
1 12 2
707 168
1 10 2
51 483
1 4 2
233 609
1 7 2
513 613
1 7 2
142 195
1 11 2
416 4
1 3 2
45 268
1 13 2
324 67
1 8 2
162 653
1 9 2
137 325
1 6 2
727 649
1 5 2
431 450
1 3 2
421 124
1 15 2
581 423
1 12 2
156 67
1 2 2
671 566
1 8 2
85 285
1 5 2
606 531
1 6 2
785 766
1 11 2
604 68
1 13 2
566 302
1 5 2
542 468
1 10 2
148 322
1 5 2
545 369
1 4 2
379 1
1 7 2
598 147
1 9 2
184 169
1 9 2
153 677
1 6 2
85 445
1 10 2
25 469
1 14 2
623 7
1 12 2
750 757
1 11 2
275 116
1 2 2
719 258
1 11 2
467 590
1 3 2
385 448
1 5 2
343 116
1 7 2
722 109
1 11 2
667 624
1 4 2
181 338
1 10 2
591 226
1 11 2
324 658
1 9 2
782 271
1 11 2
220 789
1 11 2
95 406
1 5 2
84 81
1 9 2
661 204
1 9 2
501 638
1 4 2
757 393
1 10 2
161 203
1 6 2
453 657
1 14 2
703 234
1 8 2
148 529
1 6 2
47 665
1 2 2
135 20
1 6 2
664 199
1 15 2
334 687
1 5 2
576 649
1 3 2
209 360
1 10 2
635 467
1 12 2
422 510
1 15 2
415 614
1 14 2
513 425
1 9 2
445 658
1 12 2
382 170
1 13 2
486 472
1 6 2
397 153
1 7 2
606 449
1 14 2
337 241
1 11 2
349 335
1 4 2
260 36
1 15 2
325 77
1 10 2
512 470
1 3 2
613 572
1 7 2
723 233
1 4 2
165 82
1 7 2
288 114
1 15 2
334 241
1 13 2
578 720
1 12 2
734 538
1 3 2
132 735
1 7 2
423 562
1 3 2
260 234
1 3 2
473 181
1 7 2
350 540
1 2 2
637 201
1 13 2
249 466
1 10 2
507 343
1 2 2
12 587
1 9 2
255 422
1 10 2
680 294
1 8 2
60 110
1 5 2
164 72
1 9 2
516 353
1 10 2
756 220
1 4 2
168 593
1 15 2
532 76
1 14 2
185 119
1 3 2
130 768
1 10 2
500 445
1 13 2
561 217
1 12 2
625 174
1 12 2
601 779
1 12 2
161 249
1 11 2
214 227
1 14 2
737 20
1 2 2
774 781
1 5 2
257 797
1 7 2
59 30
1 8 2
211 200
1 5 2
493 761
1 9 2
218 28
1 12 2
227 474
1 3 2
214 575
1 8 2
642 6
1 15 2
468 478
1 12 2
109 299
1 11 2
45 269
1 12 2
747 263
1 4 2
691 671
1 15 2
408 616
1 6 2
518 721
1 15 2
222 135
1 9 2
433 593
1 2 2
231 379
1 3 2
347 446
1 3 2
672 251
1 14 2
204 528
1 13 2
319 788
1 13 2
292 99
1 13 2
511 73
1 10 2
153 214
1 3 2
406 404
1 7 2
785 449
1 14 2
678 70
1 13 2
480 432
1 11 2
416 374
1 10 2
566 659
1 11 2
281 386
1 6 2
397 98
1 15 2
66 567
1 12 2
363 406
1 4 2
50 230
1 5 2
253 264
1 11 2
351 146
1 4 2
594 688
1 13 2
31 777
1 15 2
160 601
1 11 2
580 377
1 2 2
197 228
1 5 2
526 571
1 3 2
198 357
1 9 2
745 679
1 13 2
718 735
1 5 2
541 266
1 6 2
152 308
1 6 2
655 120
1 5 2
125 232
1 12 2
328 595
1 11 2
421 462
1 7 2
394 696
1 4 2
694 228
1 8 2
434 507
1 15 2
548 135
1 12 2
577 314
1 13 2
705 100
1 13 2
647 366
1 3 2
309 741
1 6 2
273 77
1 7 2
248 205
1 9 2
607 467
1 12 2
638 38
1 12 2
197 501
1 7 2
92 278
1 14 2
795 779
1 7 2
183 352
1 15 2
330 592
1 9 2
329 764
1 2 2
2 756
1 9 2
704 448
1 8 2
437 385
1 9 2
419 401
1 14 2
477 34
1 2 2
281 73
1 8 2
137 351
1 6 2
123 195
1 13 2
566 557
1 10 2
294 618
1 15 2
301 609
1 15 2
724 520
1 2 2
59 634
1 10 2
665 95
1 9 2
87 753
1 13 2
267 591
1 13 2
22 168
1 8 2
195 328
1 10 2
747 245
1 7 2
614 69
1 9 2
226 274
1 9 2
505 310
1 13 2
129 19
1 5 2
340 61
1 12 2
446 754
1 14 2
683 729
1 11 2
590 748
1 4 2
420 17
1 5 2
576 779
1 8 2
436 233
1 14 2
64 661
1 4 2
686 500
1 14 2
680 482
1 10 2
437 317
1 2 2
755 775
1 9 2
664 588
1 10 2
157 760
1 3 2
678 376
1 8 2
504 104
1 14 2
126 200
1 6 2
440 798
1 10 2
443 434
1 6 2
686 289
1 2 2
212 674
1 11 2
424 237
1 12 2
630 65
1 15 2
403 460
1 12 2
569 344
1 5 2
389 234
1 15 2
386 283
1 7 2
53 326
1 8 2
632 249
1 8 2
294 445
1 7 2
144 520
1 15 2
185 475
1 12 2
754 132
1 10 2
562 338
1 7 2
323 14
1 7 2
126 426
1 2 2
486 47
1 8 2
307 40
1 4 2
765 128
1 15 2
279 688
1 15 2
303 629
1 3 2
261 178
1 11 2
428 152
1 9 2
65 279
1 9 2
477 665
1 7 2
145 161
1 3 2
615 776
1 15 2
533 295
1 10 2
278 576
1 7 2
120 2
1 10 2
289 589
1 9 2
166 623
1 2 2
57 717
1 5 2
94 231
1 7 2
448 360
1 5 2
156 706
1 2 2
359 366
1 15 2
219 640
1 10 2
553 22
1 2 2
598 153
1 5 2
113 33
1 4 2
19 336
1 6 2
616 705
1 4 2
618 56
1 10 2
645 533
1 13 2
328 482
1 9 2
597 747
1 12 2
282 667
1 9 2
149 560
1 13 2
409 589
1 11 2
390 192
1 13 2
83 193
1 7 2
85 173
1 10 2
94 640
1 5 2
254 701
1 4 2
125 108
1 8 2
17 117
1 13 2
656 557
1 12 2
182 719
1 9 2
587 539
1 8 2
531 179
1 6 2
112 308
1 13 2
627 595
1 7 2
549 329
1 11 2
105 534
1 9 2
306 439
1 15 2
678 610
1 3 2
11 777
1 13 2
228 244
1 14 2
184 313
1 4 2
104 381
1 10 2
565 434
1 15 2
193 518
1 2 2
68 495
1 11 2
298 350
1 9 2
507 682
1 3 2
39 84
1 7 2
205 690
1 12 2
81 123
1 6 2
69 751
1 10 2
435 74
1 14 2
152 371
1 2 2
536 520
1 14 2
325 718
1 9 2
381 348
1 11 2
328 207
1 7 2
361 16
1 4 2
99 578
1 2 2
638 180
1 3 2
480 331
1 12 2
193 710
1 4 2
649 490
1 11 2
567 416
1 15 2
320 622
1 10 2
565 378
1 7 2
432 66
1 3 2
756 725
1 8 2
544 11
1 13 2
621 169
1 12 2
725 665
1 3 2
66 208
1 15 2
9 306
1 9 2
133 217
1 11 2
665 744
1 14 2
205 156
1 10 2
708 622
1 13 2
71 340
1 5 2
614 474
1 3 2
435 569
1 9 2
43 220
1 12 2
54 548
1 12 2
587 439
1 9 2
766 47
1 14 2
257 290
1 8 2
113 401
1 14 2
544 498
1 9 2
799 797
1 13 2
558 531
1 5 2
501 78
1 15 2
465 456
1 11 2
716 469
1 3 2
606 627
1 3 2
735 511
1 10 2
19 643
1 2 2
64 464
1 2 2
253 544
1 10 2
640 585
1 15 2
114 271
1 8 2
80 394
1 13 2
66 216
1 12 2
319 570
1 9 2
255 6
1 7 2
481 563
1 8 2
379 483
1 4 2
400 235
1 12 2
556 17
1 11 2
690 734
1 12 2
283 178
1 2 2
640 91
1 15 2
182 612
1 7 2
639 227
1 9 2
88 175
1 15 2
629 530
1 15 2
542 664
1 5 2
518 601
1 12 2
560 390
1 6 2
514 303
1 6 2
357 453
1 8 2
544 304
1 5 2
445 585
1 15 2
230 714
1 15 2
768 336
1 4 2
198 343
1 13 2
178 280
1 3 2
485 109
1 2 2
20 378
1 15 2
19 253
1 3 2
212 270
1 14 2
273 457
1 4 2
235 161
1 13 2
14 172
1 6 2
722 541
1 3 2
504 139
1 13 2
366 693
1 3 2
735 412
1 6 2
527 184
1 3 2
434 343
1 9 2
633 498
1 13 2
380 583
1 5 2
716 262
1 7 2
493 149
1 9 2
166 173
1 12 2
599 230
1 9 2
102 245
1 4 2
379 561
1 14 2
442 487
1 14 2
574 135
1 2 2
575 127
1 2 2
629 497
1 2 2
181 383
1 2 2
712 113
1 9 2
148 540
1 15 2
26 268
1 5 2
562 796
1 2 2
641 635
1 15 2
585 499
1 5 2
728 692
1 15 2
23 139
1 5 2
556 581
1 9 2
309 119
1 6 2
62 651
1 9 2
643 398
1 12 2
42 590
1 5 2
189 575
1 3 2
146 683
1 13 2
435 378
1 10 2
476 786
1 6 2
361 520
1 2 2
55 767
1 6 2
115 136
1 3 2
719 555
1 5 2
728 443
1 13 2
95 16
1 10 2
56 259
1 6 2
600 616
1 9 2
703 453
1 9 2
432 356
1 11 2
201 795
1 4 2
272 206
1 9 2
23 37
1 5 2
202 50
1 14 2
634 165
1 3 2
140 35
1 11 2
557 225
1 2 2
724 30
1 5 2
52 219
1 3 2
239 200
1 10 2
302 602
1 15 2
689 11
1 14 2
58 572
1 2 2
710 330
1 12 2
531 371
1 6 2
51 128
1 5 2
609 118
1 2 2
181 456
1 6 2
721 494
1 6 2
70 691
1 8 2
55 604
1 5 2
213 382
1 7 2
301 101
1 2 2
725 665
1 4 2
538 415
1 9 2
764 362
1 5 2
310 277
1 6 2
610 299
1 12 2
89 618
1 14 2
467 101
1 6 2
425 760
1 5 2
356 511
1 8 2
482 37
1 11 2
243 644
1 12 2
648 254
1 9 2
771 706
1 13 2
694 345
1 9 2
64 161
1 5 2
572 457
1 13 2
233 579
1 7 2
692 611
1 15 2
37 776
1 10 2
744 220
1 12 2
721 534
1 9 2
357 468
1 7 2
389 675
1 10 2
702 766
1 12 2
759 629
1 10 2
733 613
1 11 2
256 678
1 3 2
44 201
1 8 2
573 264
1 8 2
672 499
1 10 2
568 791
1 5 2
2 113
1 13 2
12 117
1 9 2
43 168
1 3 2
740 670
1 6 2
132 376
1 15 2
768 135
1 11 2
434 612
1 13 2
210 446
1 14 2
13 276
1 2 2
315 335
1 7 2
396 385
1 3 2
22 494
1 5 2
399 504
1 12 2
758 586
1 5 2
771 108
1 5 2
767 42
1 3 2
155 53
1 10 2
77 357
1 8 2
279 722
1 3 2
33 366
1 10 2
784 64
1 7 2
278 103
1 7 2
166 120
1 11 2
615 486
1 4 2
197 280
1 5 2
611 195
1 13 2
326 205
1 15 2
332 270
1 11 2
121 215
1 3 2
300 443
1 15 2
639 397
1 15 2
698 650
1 6 2
442 216
1 6 2
547 292
1 9 2
599 228
1 10 2
479 664
1 7 2
118 120
1 11 2
637 174
1 6 2
226 780
1 11 2
81 134
1 14 2
570 778
1 7 2
655 361
1 12 2
123 181
1 2 2
689 17
1 14 2
201 795
1 6 2
381 154
1 15 2
62 556
1 10 2
293 92
1 8 2
741 129
1 3 2
679 538
1 3 2
74 439
1 13 2
348 503
1 6 2
725 531
1 13 2
447 675
1 14 2
104 242
1 12 2
131 550
1 6 2
471 199
1 6 2
170 788
1 10 2
271 569
1 11 2
754 350
1 14 2
263 593
1 13 2
557 563
1 12 2
430 696
1 3 2
688 453
1 10 2
573 50
1 7 2
214 391
1 3 2
303 118
1 12 2
4 728
1 2 2
64 121
1 9 2
788 75
1 10 2
467 81
1 14 2
177 220
1 4 2
350 187
1 6 2
675 533
1 11 2
468 508
1 10 2
725 76
1 5 2
436 691
1 7 2
667 784
1 6 2
261 786
1 14 2
221 436
1 12 2
698 552
1 4 2
625 573
1 10 2
216 671
1 7 2
365 483
1 11 2
507 699
1 15 2
641 652
1 15 2
506 63
1 7 2
711 443
1 4 2
578 270
1 6 2
307 100
1 5 2
347 293
1 9 2
191 137
1 8 2
313 36
1 5 2
357 741
1 15 2
6 180
1 5 2
468 67
1 4 2
728 447
1 6 2
15 798
1 5 2
398 681
1 15 2
214 702
1 13 2
551 587
1 12 2
201 199
1 12 2
69 756
1 9 2
414 359
1 4 2
242 528
1 4 2
144 84
1 8 2
491 620
1 4 2
729 711
1 5 2
679 386
1 7 2
249 483
1 2 2
576 77
1 10 2
217 146
1 5 2
12 188
1 11 2
97 676
1 8 2
624 791
1 13 2
82 110
1 2 2
698 458
1 15 2
603 557
1 4 2
475 463
1 5 2
538 269
1 11 2
782 474
1 9 2
416 387
1 6 2
266 249
1 7 2
700 601
1 8 2
476 154
1 6 2
167 686
1 9 2
689 182
1 14 2
205 349
1 6 2
402 676
1 10 2
252 472
1 9 2
141 106
1 2 2
303 191
1 7 2
696 326
1 2 2
370 273
1 7 2
634 206
1 15 2
54 623
1 14 2
426 310
1 2 2
205 223
1 2 2
615 506
1 8 2
179 465
1 13 2
429 357
1 14 2
530 172
1 2 2
615 738
1 10 2
371 166
1 4 2
466 536
1 8 2
443 697
1 12 2
303 705
1 4 2
176 657
1 13 2
571 541
1 12 2
535 283
1 15 2
115 442
1 15 2
226 465
1 3 2
209 328
1 10 2
33 774
1 4 2
582 158
1 10 2
45 23
1 7 2
381 600
1 13 2
123 428
1 8 2
532 451
1 4 2
63 421
1 10 2
449 302
1 2 2
25 165
1 10 2
627 242
1 9 2
690 585
1 2 2
152 323
1 13 2
60 714
1 10 2
270 708
1 2 2
348 260
1 12 2
747 422
1 11 2
284 610
1 5 2
506 746
1 12 2
243 758
1 2 2
385 437
1 5 2
387 420
1 13 2
414 232
1 2 2
96 285
1 9 2
95 263
1 10 2
372 283
1 2 2
744 389
1 8 2
753 68
1 7 2
685 415
1 5 2
135 366
1 2 2
718 793
1 11 2
446 626
1 14 2
250 189
1 4 2
531 611
1 15 2
149 358
1 15 2
319 173
1 13 2
771 273
1 14 2
430 17
1 6 2
111 751
1 2 2
727 401
1 3 2
437 244
1 6 2
483 236
1 11 2
637 792
1 5 2
676 193
1 3 2
238 656
1 7 2
692 359
1 10 2
471 84
1 7 2
5 659
1 12 2
261 302
1 4 2
427 551
1 2 2
189 183
1 11 2
519 665
1 5 2
742 213
1 3 2
615 579
1 15 2
225 650
1 13 2
26 613
1 5 2
752 151
1 13 2
473 196
1 8 2
614 118
1 7 2
131 191
1 3 2
360 57
1 10 2
1 5
1 8 2
340 82
1 15 2
779 609
1 11 2
587 288
1 9 2
381 676
1 13 2
600 313
1 3 2
472 48
1 9 2
238 285
1 7 2
571 466
1 11 2
105 62
1 12 2
528 380
1 7 2
276 700
1 9 2
114 533
1 6 2
383 37
1 15 2
304 360
1 15 2
262 221
1 12 2
687 237
1 12 2
147 751
1 4 2
239 4
1 3 2
447 374
1 14 2
342 325
1 11 2
698 704
1 11 2
541 685
1 3 2
376 710
1 6 2
259 192
1 2 2
183 41
1 10 2
793 554
1 7 2
697 422
1 11 2
570 242
1 5 2
718 183
1 14 2
178 553
1 13 2
158 578
1 13 2
394 654
1 15 2
634 492
1 15 2
122 118
1 13 2
719 58
1 11 2
95 194
1 7 2
610 366
1 9 2
73 128
1 6 2
754 599
1 15 2
161 653
1 11 2
561 372
1 3 2
454 322
1 14 2
63 682
1 15 2
89 102
1 14 2
572 445
1 15 2
495 55
1 3 2
624 660
1 2 2
581 166
1 15 2
637 731
1 14 2
650 593
1 4 2
700 196
1 10 2
33 537
1 10 2
643 3
1 11 2
778 726
1 10 2
217 616
1 9 2
270 316
1 14 2
427 206
1 9 2
548 74
1 10 2
760 18
1 10 2
224 342
1 6 2
190 736
1 14 2
167 669
1 3 2
563 217
1 5 2
269 448
1 8 2
17 175
1 13 2
757 481
1 6 2
341 647
1 14 2
403 601
1 5 2
335 501
1 4 2
614 101
1 14 2
456 352
1 4 2
45 459
1 11 2
272 177
1 9 2
345 255
1 7 2
314 441
1 4 2
110 606
1 12 2
400 139
1 8 2
149 535
1 14 2
311 282
1 15 2
490 460
1 5 2
631 120
1 10 2
363 693
1 6 2
420 259
1 14 2
93 758
1 10 2
172 473
1 12 2
246 459
1 14 2
659 68
1 9 2
92 474
1 5 2
517 350
1 4 2
528 767
1 13 2
512 569
1 14 2
789 194
1 7 2
444 431
1 13 2
532 267
1 8 2
329 391
1 5 2
518 574
1 4 2
488 768
1 7 2
569 140
1 7 2
310 360
1 15 2
42 575
1 7 2
746 350
1 15 2
342 142
1 3 2
768 631
1 8 2
735 28
1 8 2
198 280
1 7 2
194 96
1 5 2
132 437
1 9 2
763 456
1 5 2
278 184
1 12 2
782 736
1 4 2
139 512
1 5 2
659 192
1 9 2
215 326
1 7 2
215 167
1 8 2
192 320
1 4 2
257 538
1 8 2
335 328
1 8 2
245 761
1 13 2
607 151
1 9 2
330 284
1 11 2
789 630
1 5 2
230 92
1 9 2
462 547
1 12 2
487 721
1 2 2
19 62
1 14 2
528 478
1 4 2
542 720
1 12 2
662 284
1 14 2
664 474
1 5 2
75 444
1 11 2
641 611
1 8 2
676 592
1 15 2
794 541
1 6 2
616 335
1 13 2
573 100
1 14 2
212 694
1 5 2
674 308
1 2 2
645 557
1 14 2
112 454
1 2 2
462 782
1 5 2
471 641
1 4 2
102 435
1 14 2
355 267
1 5 2
559 316
1 8 2
681 518
1 10 2
262 782
1 11 2
185 493
1 10 2
595 349
1 6 2
299 271
1 10 2
720 401
1 2 2
451 234
1 4 2
151 172
1 5 2
2 592
1 14 2
703 790
1 5 2
511 585
1 7 2
721 245
1 2 2
569 772
1 6 2
791 629
1 15 2
570 474
1 2 2
214 608
1 3 2
131 300
1 15 2
776 417
1 9 2
242 297
1 4 2
412 239
1 12 2
6 462
1 10 2
292 662
1 8 2
3 300
1 12 2
470 243
1 6 2
67 581
1 5 2
698 530
1 14 2
404 117
1 10 2
799 471
1 4 2
172 681
1 12 2
24 148
1 3 2
659 1
1 14 2
355 705
1 3 2
328 53
1 6 2
488 747
1 4 2
671 66
1 6 2
162 579
1 14 2
797 496
1 11 2
153 331
1 15 2
90 216
1 11 2
319 70
1 10 2
717 782
1 5 2
370 214
1 13 2
257 514
1 8 2
794 31
1 14 2
669 314
1 8 2
399 442
1 15 2
779 58
1 13 2
699 167
1 5 2
636 110
1 10 2
115 293
1 14 2
97 714
1 3 2
714 63
1 11 2
33 401
1 9 2
67 441
1 14 2
304 302
1 13 2
311 776
1 15 2
92 116
1 9 2
275 292
1 14 2
433 252
1 14 2
627 756
1 4 2
433 225
1 10 2
311 43
1 13 2
712 682
1 10 2
592 478
1 8 2
333 370
1 6 2
785 374
1 12 2
155 20
1 13 2
17 305
1 15 2
493 0
1 9 2
169 387
1 14 2
145 398
1 8 2
65 239
1 9 2
154 59
1 14 2
788 280
1 3 2
327 78
1 15 2
233 100
1 6 2
678 124
1 10 2
398 707
1 3 2
387 192
1 15 2
631 229
1 5 2
433 78
1 10 2
254 325
1 14 2
277 510
1 14 2
119 576
1 7 2
292 543
1 15 2
376 321
1 5 2
772 709
1 11 2
96 313
1 9 2
99 291
1 5 2
440 713
1 15 2
172 17
1 15 2
628 522
1 9 2
32 164
1 11 2
410 543
1 15 2
453 506
1 8 2
157 82
1 10 2
246 334
1 7 2
681 371
1 9 2
374 401
1 15 2
67 155
1 3 2
111 762
1 12 2
333 673
1 6 2
598 368
1 8 2
141 462
1 13 2
512 257
1 9 2
612 33
1 2 2
160 584
1 2 2
758 35
1 11 2
657 250
1 6 2
688 70
1 3 2
405 458
1 6 2
290 472
1 5 2
33 779
1 13 2
357 56
1 3 2
684 655
1 6 2
779 420
1 14 2
668 745
1 11 2
138 599
1 5 2
235 316
1 15 2
48 8
1 12 2
491 276
1 10 2
392 421
1 15 2
679 767
1 11 2
734 746
1 12 2
63 6
1 7 2
289 597
1 3 2
199 183
1 13 2
70 299
1 5 2
523 328
1 5 2
14 555
1 6 2
591 482
1 7 2
182 501
1 12 2
685 648
1 12 2
525 334
1 8 2
483 649
1 12 2
624 129
1 3 2
29 380
1 13 2
57 48
1 7 2
204 21
1 3 2
246 20
1 3 2
143 473
1 14 2
283 156
1 5 2
784 365
1 11 2
423 143
1 7 2
652 399
1 7 2
262 364
1 8 2
179 103
1 3 2
728 532
1 6 2
584 435
1 8 2
361 648
1 3 2
519 355
1 4 2
593 764
1 5 2
226 555
1 12 2
96 444
1 14 2
681 292
1 5 2
519 439
1 2 2
611 494
1 7 2
282 796
1 4 2
189 681
1 12 2
526 610
1 2 2
610 521
1 4 2
238 703
1 7 2
753 650
1 7 2
462 329
1 5 2
549 694
1 14 2
711 4
1 8 2
798 57
1 12 2
468 713
1 5 2
655 5
1 4 2
612 723
1 14 2
459 798
1 4 2
52 399
1 2 2
332 56
1 9 2
24 292
1 14 2
265 270
1 14 2
254 529
1 9 2
396 692
1 2 2
131 785
1 15 2
594 211
1 4 2
690 205
1 5 2
288 581
1 4 2
762 672
1 13 2
573 633
1 13 2
495 78
1 2 2
577 669
1 4 2
516 758
1 10 2
422 798
1 11 2
539 569
1 8 2
430 38
1 2 2
181 459
1 11 2
775 477
1 4 2
69 122
1 10 2
147 736
1 14 2
787 20
1 11 2
195 34
1 8 2
665 604
1 15 2
460 272
1 7 2
2 425
1 5 2
174 75
1 7 2
298 370
1 2 2
426 98
1 10 2
156 139
1 13 2
458 483
1 3 2
125 146
1 6 2
223 562
1 8 2
60 132
1 3 2
23 775
1 3 2
152 63
1 8 2
336 182
1 15 2
78 144
1 14 2
464 638
1 6 2
59 236
1 6 2
359 332
1 15 2
674 89
1 9 2
377 626
1 4 2
65 691
1 4 2
551 269
1 8 2
772 670
1 15 2
351 635
1 13 2
93 793
1 3 2
685 324
1 9 2
206 309
1 5 2
372 143
1 11 2
240 35
1 2 2
0 136
1 11 2
521 627
1 9 2
148 135
1 7 2
445 787
1 4 2
470 787
1 14 2
549 623
1 12 2
14 767
1 7 2
600 718
1 15 2
13 55
1 8 2
658 61
1 4 2
532 351
1 5 2
523 686
1 6 2
595 733
1 2 2
5 210
1 4 2
799 60
