800 6400 2400
12 17 15 19 24 18 15 25 5 6 10 17 23 20 22 11 13 8 9 6 10 5 14 23 10 7 10 12 12 21 18 22 25 17 5 7 16 6 8 19 9 11 10 9 23 22 12 24 22 17 22 9 19 8 9 6 12 5 19 25 18 25 23 22 20 22 16 15 14 22 6 21 14 25 14 25 8 21 15 13 19 17 7 24 10 20 10 24 5 5 20 24 8 16 6 22 11 19 23 21 5 23 8 21 11 25 5 24 17 24 22 25 7 17 23 6 15 11 13 6 23 10 25 7 15 17 9 7 19 21 8 10 16 16 17 8 10 16 5 17 19 5 25 9 18 20 7 16 25 19 20 8 12 11 20 19 13 25 17 16 23 7 15 23 22 24 18 23 5 13 5 24 9 16 12 20 25 25 12 12 24 16 19 19 14 15 14 23 22 7 23 18 22 19 22 10 21 11 19 6 15 9 5 25 7 21 11 5 9 7 10 16 10 20 20 16 6 15 21 20 23 25 22 8 16 13 8 19 15 11 23 16 25 20 5 8 7 25 11 25 12 6 11 21 18 8 15 20 9 7 19 7 14 11 6 16 16 24 20 13 14 20 6 13 18 15 10 24 24 9 11 17 8 11 19 24 25 11 20 6 17 19 22 25 6 18 8 12 15 8 9 5 9 6 7 21 22 21 13 20 11 16 19 18 23 12 14 16 5 15 25 23 10 23 9 8 9 13 14 14 8 21 18 21 5 5 18 8 14 16 10 18 15 15 8 9 13 22 5 22 8 18 8 22 16 7 6 21 10 10 18 5 5 18 10 16 23 23 12 5 24 25 24 16 23 14 11 11 16 11 19 19 20 25 22 14 13 21 20 22 5 14 15 5 10 6 5 18 25 16 23 24 13 22 23 20 17 23 23 8 7 24 5 9 12 7 16 22 14 18 5 10 17 19 8 18 14 8 5 8 13 18 15 7 5 9 14 22 15 8 16 12 24 11 14 15 8 6 16 5 9 20 8 16 7 14 25 21 17 24 22 16 8 14 25 18 11 7 8 22 5 16 23 19 6 11 20 6 15 20 16 10 18 24 18 11 24 8 16 10 12 12 24 8 5 5 12 9 18 15 8 13 25 14 11 5 6 9 10 25 18 24 10 24 15 18 13 21 22 23 25 16 5 11 21 9 16 7 13 12 24 9 18 6 18 20 25 17 25 6 24 17 25 19 16 19 17 12 17 23 7 25 20 6 9 11 11 13 22 18 7 12 8 18 11 10 16 10 15 12 7 20 20 10 25 17 23 16 19 21 21 7 16 23 18 19 10 24 5 19 22 15 25 17 16 12 10 12 13 5 10 19 17 17 21 13 11 8 18 11 16 6 23 18 20 10 18 18 16 21 18 10 13 5 21 5 13 8 20 5 13 11 20 9 25 7 18 12 17 23 13 22 12 17 13 9 17 25 25 13 8 10 11 5 23 18 19 14 10 16 25 12 15 6 25 24 18 20 23 15 20 11 25 19 19 25 16 23 20 5 24 11 22 18 22 19 23 5 23 16 13 25 7 7 6 19 5 5 22 16 7 20 23 14 21 23 10 8 9 25 14 19 7 15 8 19 12 20 6 15 7 15 5 15 16 5 19 24 6 18 23 10 20 20 15 8 6 23 7 12 25 25 9 25 22 19 9 9 8 20 19 14 17 10 15 16 13 11 16 8 24 8 7 5 21 8 12 21 8 10 21 5 25 20 13 8 6 18 16 13 25 10 16 6 17 22 7 25 24 17 17 18 22 23 16 16 5 8 7 16 9 7 10 21 17 6 19 12 13 17
3 15 4 6 7 16 8 19 13 18 12 5 4 13 10 10 16 5 10 12 6 10 20 5 4 3 6 12 18 6 10 12 10 20 7 8 19 9 18 18 4 11 4 12 16 16 9 20 13 4 8 9 11 4 8 19 6 10 14 14 11 14 7 16 19 20 7 7 12 11 14 13 12 19 11 9 17 4 10 5 5 20 3 4 20 3 11 10 5 3 6 15 7 11 9 17 15 16 7 19 10 18 12 13 16 14 20 6 19 4 12 12 15 11 14 13 7 19 12 20 15 13 16 6 10 17 19 17 14 10 13 13 9 18 6 6 4 20 6 5 17 13 5 19 14 10 19 20 4 9 15 13 3 10 4 14 4 8 13 3 9 8 16 19 17 16 10 7 4 18 5 10 12 5 6 18 13 9 13 19 19 6 8 5 20 18 4 6 20 8 5 19 3 19 11 18 6 4 15 6 19 17 15 3 5 17 13 8 8 16 14 4 17 7 13 20 9 14 6 5 3 20 13 19 11 3 7 20 4 9 7 9 19 17 4 6 8 7 12 14 19 8 7 15 13 20 13 12 12 6 19 9 5 11 20 13 14 13 4 15 9 12 8 4 9 4 15 6 20 20 11 6 13 4 19 11 15 16 4 12 7 18 19 12 9 9 11 15 20 8 20 4 20 4 18 11 11 6 20 19 9 19 6 6 5 13 11 9 3 10 4 16 14 10 12 3 18 8 8 8 5 7 18 20 15 13 14 14 3 8 15 13 13 13 10 9 3 13 17 19 16 17 12 11 4 16 10 12 16 3 13 8 11 8 15 11 4 18 9 12 9 13 20 7 9 8 20 16 13 14 18 14 6 18 17 7 14 11 14 20 14 11 9 9 8 15 15 6 12 8 9 3 5 3 9 15 13 3 9 17 5 17 14 3 12 13 9 7 9 16 16 19 13 5 11 8 12 4 17 20 19 11 18 4 3 9 12 9 10 8 13 19 16 8 10 14 19 9 5 5 16 17 14 16 6 10 19 8 16 15 10 18 20 10 13 9 9 20 5 3 17 17 6 3 6 11 7 17 4 19 11 15 13 18 9 20 8 10 14 9 7 19 17 18 10 19 18 20 19 10 10 4 19 9 19 10 4 3 9 11 14 12 20 20 4 20 19 7 6 8 8 15 12 14 7 9 6 18 4 17 9 16 19 6 5 20 13 13 5 14 7 13 6 17 12 13 4 13 4 16 11 4 18 20 8 15 15 16 15 7 20 20 8 16 7 16 18 13 7 14 6 15 18 12 16 15 9 17 4 15 18 13 8 11 19 20 15 18 17 4 6 12 9 20 8 14 14 17 7 18 16 15 17 16 20 10 3 6 11 12 13 10 4 6 11 20 5 6 3 12 17 12 3 9 13 10 17 8 13 9 17 4 19 4 3 20 7 5 9 10 11 6 20 7 20 16 20 17 3 8 6 17 4 11 16 12 4 11 10 12 18 10 18 13 15 10 5 9 13 3 6 4 20 18 3 5 11 5 15 6 11 20 6 8 6 13 8 16 19 4 8 9 20 15 19 12 11 20 19 3 3 18 8 19 11 5 3 7 18 11 9 15 17 12 18 18 16 4 17 20 12 9 8 9 4 7 15 9 19 19 16 3 7 11 12 13 12 16 13 17 11 17 5 8 14 14 12 15 19 10 9 4 4 14 17 13 18 9 20 16 13 18 17 20 10 18 7 5 14 6 6 5 17 15 16 4 4 8 12 7 17 4 7 15 16 11 6 14 5 20 5 20 5 15 5 20 9 15 19 10 18 20 20 10 18 3 19 15 18 13
1 3 2
486 352
1 14 2
18 121
1 8 2
276 631
1 6 2
560 319
1 11 2
441 291
1 14 2
149 441
1 7 2
473 206
1 2 2
532 164
1 15 2
653 444
1 9 2
656 168
1 8 2
76 731
1 6 2
789 356
1 6 2
10 27
1 14 2
248 4
1 3 2
321 13
1 8 2
320 86
1 6 2
424 395
1 5 2
661 580
1 12 2
477 670
1 4 2
776 764
1 7 2
442 80
1 6 2
761 143
1 10 2
594 780
1 6 2
528 355
1 6 2
280 48
1 9 2
641 270
1 4 2
137 363
1 7 2
58 83
1 15 2
348 216
1 2 2
683 614
1 13 2
193 32
1 6 2
181 352
1 15 2
377 691
1 5 2
526 437
1 14 2
98 19
1 10 2
37 195
1 7 2
411 611
1 7 2
248 70
1 9 2
689 344
1 12 2
616 480
1 8 2
302 174
1 11 2
553 223
1 8 2
736 29
1 14 2
281 443
1 10 2
334 258
1 2 2
449 571
1 14 2
326 29
1 7 2
620 174
1 15 2
580 312
1 13 2
732 441
1 6 2
522 404
1 2 2
621 354
1 5 2
108 645
1 14 2
559 720
1 9 2
312 634
1 5 2
780 293
1 5 2
516 668
1 6 2
393 383
1 2 2
343 68
1 11 2
411 367
1 9 2
370 472
1 3 2
195 339
1 6 2
660 648
1 6 2
706 289
1 5 2
352 778
1 8 2
195 232
1 10 2
302 330
1 8 2
484 276
1 10 2
53 160
1 9 2
487 717
1 8 2
742 224
1 10 2
712 311
1 8 2
545 762
1 2 2
742 410
1 12 2
274 624
1 13 2
189 436
1 2 2
239 106
1 4 2
161 554
1 14 2
303 670
1 2 2
194 422
1 13 2
688 192
1 2 2
495 571
1 12 2
268 104
1 12 2
453 776
1 9 2
442 798
1 9 2
277 10
1 8 2
710 343
1 14 2
779 572
1 12 2
126 122
1 15 2
310 464
1 2 2
103 294
1 7 2
45 265
1 15 2
766 732
1 10 2
389 473
1 11 2
177 366
1 11 2
394 512
1 10 2
511 68
1 3 2
169 264
1 3 2
576 763
1 11 2
366 32
1 14 2
737 444
1 3 2
117 316
1 6 2
436 636
1 3 2
194 51
1 10 2
342 344
1 5 2
716 533
1 4 2
497 632
1 3 2
210 294
1 7 2
104 411
1 5 2
378 773
1 15 2
235 677
1 3 2
593 89
1 14 2
792 235
1 15 2
46 249
1 13 2
697 204
1 15 2
154 194
1 15 2
470 354
1 12 2
646 727
1 11 2
281 344
1 12 2
764 548
1 11 2
281 189
1 9 2
519 132
1 12 2
218 1
1 9 2
757 482
1 11 2
595 634
1 15 2
595 362
1 5 2
100 441
1 7 2
204 609
1 4 2
353 693
1 10 2
447 564
1 2 2
636 649
1 5 2
137 486
1 8 2
291 344
1 6 2
85 53
1 3 2
243 569
1 7 2
497 391
1 14 2
487 80
1 8 2
722 649
1 5 2
780 416
1 6 2
364 78
1 5 2
93 341
1 13 2
330 104
1 3 2
737 488
1 2 2
317 321
1 9 2
596 209
1 13 2
724 705
1 7 2
45 324
1 15 2
146 424
1 3 2
719 692
1 4 2
373 493
1 11 2
606 615
1 5 2
241 547
1 6 2
469 137
1 13 2
513 616
1 9 2
379 486
1 10 2
127 20
1 12 2
590 97
1 14 2
266 277
1 8 2
186 198
1 9 2
176 540
1 12 2
194 639
1 11 2
258 788
1 14 2
490 695
1 9 2
191 618
1 8 2
583 418
1 4 2
236 218
1 4 2
630 425
1 13 2
46 89
1 6 2
94 353
1 14 2
239 528
1 12 2
500 228
1 6 2
271 24
1 13 2
302 361
1 4 2
369 254
1 3 2
181 194
1 9 2
650 424
1 14 2
71 562
1 14 2
769 712
1 7 2
351 476
1 9 2
607 190
1 13 2
350 617
1 10 2
28 70
1 5 2
175 242
1 15 2
118 521
1 4 2
66 161
1 3 2
776 234
1 7 2
717 173
1 4 2
582 292
1 9 2
97 223
1 13 2
489 314
1 14 2
2 783
1 4 2
787 43
1 6 2
196 334
1 8 2
574 581
1 3 2
191 229
1 6 2
676 756
1 6 2
449 724
1 11 2
549 182
1 7 2
724 603
1 9 2
580 274
1 8 2
300 398
1 3 2
780 726
1 8 2
34 87
1 7 2
494 318
1 6 2
793 95
1 4 2
435 132
1 14 2
528 625
1 4 2
181 439
1 8 2
702 700
1 12 2
108 665
1 15 2
429 206
1 2 2
50 173
1 5 2
579 429
1 15 2
600 33
1 8 2
125 697
1 4 2
536 487
1 12 2
117 664
1 6 2
201 763
1 10 2
646 645
1 12 2
212 257
1 14 2
492 230
1 14 2
75 705
1 8 2
270 473
1 10 2
660 313
1 14 2
153 218
1 14 2
146 271
1 14 2
618 137
1 2 2
404 406
1 6 2
401 731
1 15 2
25 382
1 7 2
92 175
1 10 2
710 118
1 9 2
230 657
1 8 2
541 115
1 8 2
667 271
1 12 2
661 423
1 2 2
461 566
1 15 2
250 671
1 8 2
150 510
1 11 2
582 466
1 13 2
735 37
1 8 2
205 257
1 14 2
372 121
1 10 2
26 369
1 11 2
80 424
1 13 2
32 496
1 14 2
155 225
1 14 2
12 299
1 13 2
442 715
1 7 2
684 397
1 8 2
580 122
1 8 2
5 672
1 15 2
367 360
1 5 2
426 39
1 10 2
392 352
1 5 2
538 621
1 15 2
497 778
1 2 2
465 598
1 14 2
453 649
1 15 2
764 228
1 11 2
185 22
1 5 2
616 527
1 6 2
360 470
1 9 2
381 344
1 12 2
507 474
1 3 2
180 81
1 12 2
520 796
1 13 2
322 717
1 11 2
616 710
1 11 2
253 101
1 15 2
328 483
1 14 2
204 297
1 2 2
789 587
1 5 2
530 144
1 11 2
81 717
1 11 2
380 312
1 5 2
538 408
1 13 2
521 201
1 9 2
108 657
1 8 2
450 585
1 13 2
488 3
1 3 2
516 709
1 4 2
548 359
1 15 2
5 408
1 15 2
210 431
1 10 2
450 475
1 8 2
283 4
1 11 2
180 22
1 12 2
354 799
1 13 2
594 502
1 11 2
599 226
1 8 2
71 409
1 9 2
787 55
1 6 2
366 106
1 10 2
63 0
1 4 2
233 109
1 4 2
646 389
1 2 2
598 356
1 4 2
502 740
1 10 2
520 498
1 14 2
280 666
1 2 2
348 330
1 8 2
64 674
1 14 2
721 517
1 4 2
318 534
1 4 2
291 627
1 4 2
432 589
1 2 2
467 688
1 4 2
563 410
1 10 2
526 693
1 8 2
734 54
1 14 2
605 81
1 12 2
686 528
1 5 2
131 83
1 3 2
750 598
1 3 2
153 283
1 9 2
266 77
1 3 2
149 667
1 10 2
496 34
1 6 2
17 240
1 15 2
453 160
1 14 2
203 665
1 4 2
262 57
1 14 2
729 787
1 13 2
461 95
1 12 2
431 37
1 13 2
149 556
1 6 2
216 775
1 7 2
280 92
1 3 2
149 750
1 5 2
732 522
1 4 2
173 597
1 8 2
599 491
1 14 2
168 720
1 3 2
236 265
1 13 2
544 12
1 7 2
164 481
1 9 2
578 675
1 12 2
622 280
1 3 2
309 453
1 2 2
338 344
1 11 2
320 593
1 10 2
228 391
1 15 2
718 490
1 12 2
16 557
1 12 2
330 643
1 14 2
285 49
1 11 2
718 378
1 6 2
549 27
1 10 2
628 418
1 3 2
153 556
1 6 2
428 73
1 3 2
137 143
1 8 2
126 456
1 6 2
172 253
1 5 2
571 214
1 8 2
247 337
1 9 2
562 200
1 6 2
311 402
1 2 2
483 601
1 3 2
314 413
1 2 2
182 169
1 5 2
239 675
1 6 2
274 749
1 14 2
384 487
1 5 2
538 466
1 5 2
597 284
1 15 2
366 583
1 11 2
261 706
1 13 2
264 728
1 2 2
461 760
1 5 2
652 56
1 15 2
203 292
1 4 2
700 187
1 7 2
442 612
1 10 2
786 521
1 12 2
610 77
1 13 2
395 755
1 7 2
697 521
1 6 2
87 605
1 14 2
351 786
1 5 2
786 115
1 4 2
713 129
1 5 2
346 652
1 5 2
5 57
1 6 2
229 595
1 8 2
223 795
1 15 2
216 500
1 9 2
419 403
1 12 2
724 205
1 3 2
177 606
1 10 2
568 465
1 4 2
390 443
1 5 2
228 259
1 13 2
396 457
1 4 2
178 699
1 10 2
114 385
1 13 2
778 224
1 9 2
82 50
1 10 2
171 343
1 9 2
573 394
1 10 2
386 224
1 3 2
101 509
1 14 2
433 392
1 15 2
754 592
1 3 2
780 517
1 8 2
212 589
1 12 2
524 363
1 12 2
132 25
1 8 2
751 237
1 15 2
328 125
1 14 2
242 72
1 15 2
519 60
1 5 2
369 341
1 10 2
128 578
1 13 2
382 767
1 8 2
698 645
1 5 2
703 131
1 6 2
682 387
1 3 2
60 699
1 3 2
210 94
1 14 2
389 232
1 6 2
69 232
1 5 2
563 592
1 13 2
113 658
1 14 2
452 408
1 10 2
38 310
1 6 2
137 531
1 7 2
413 37
1 7 2
792 111
1 2 2
700 780
1 5 2
98 638
1 6 2
147 780
1 6 2
648 307
1 6 2
443 144
1 15 2
749 680
1 11 2
756 144
1 5 2
235 738
1 2 2
555 193
1 8 2
314 368
1 5 2
582 13
1 14 2
226 351
1 2 2
198 189
1 8 2
337 15
1 9 2
463 536
1 3 2
49 420
1 5 2
787 533
1 11 2
676 197
1 13 2
74 769
1 4 2
380 518
1 2 2
242 732
1 14 2
349 21
1 3 2
321 417
1 14 2
793 262
1 12 2
538 144
1 3 2
731 123
1 2 2
605 679
1 8 2
260 167
1 11 2
44 485
1 14 2
518 2
1 14 2
690 268
1 5 2
675 562
1 5 2
750 573
1 13 2
230 198
1 11 2
756 657
1 9 2
429 311
1 12 2
227 447
1 4 2
631 58
1 6 2
392 122
1 7 2
194 111
1 6 2
682 661
1 11 2
506 317
1 7 2
17 662
1 9 2
94 757
1 6 2
14 550
1 11 2
163 497
1 9 2
51 795
1 2 2
361 22
1 13 2
647 204
1 8 2
616 447
1 11 2
433 158
1 13 2
511 794
1 6 2
713 64
1 2 2
101 731
1 9 2
313 264
1 6 2
331 572
1 9 2
778 532
1 9 2
127 186
1 10 2
327 26
1 2 2
333 662
1 5 2
89 406
1 4 2
679 562
1 13 2
229 592
1 14 2
293 496
1 13 2
221 294
1 15 2
318 767
1 15 2
782 94
1 12 2
440 96
1 14 2
664 114
1 6 2
653 39
1 12 2
780 523
1 9 2
128 236
1 11 2
10 284
1 7 2
394 480
1 3 2
257 635
1 13 2
124 775
1 2 2
732 250
1 13 2
299 326
1 14 2
230 739
1 9 2
219 260
1 15 2
554 462
1 2 2
273 320
1 5 2
68 617
1 8 2
701 227
1 7 2
51 362
1 6 2
195 515
1 2 2
402 103
1 15 2
125 107
1 6 2
230 163
1 8 2
27 56
1 14 2
335 235
1 8 2
131 365
1 13 2
362 751
1 11 2
444 113
1 11 2
30 232
1 7 2
639 321
1 8 2
51 17
1 6 2
120 545
1 12 2
716 517
1 9 2
668 138
1 14 2
270 342
1 8 2
419 6
1 5 2
651 30
1 6 2
356 124
1 8 2
70 136
1 15 2
414 762
1 2 2
798 667
1 8 2
224 242
1 10 2
674 274
1 5 2
31 514
1 14 2
748 726
1 9 2
511 477
1 13 2
117 672
1 13 2
406 405
1 2 2
732 198
1 2 2
657 49
1 2 2
383 466
1 14 2
451 331
1 6 2
23 324
1 15 2
181 321
1 7 2
113 351
1 8 2
207 732
1 9 2
98 339
1 2 2
416 685
1 6 2
315 424
1 5 2
158 769
1 2 2
447 388
1 6 2
227 45
1 6 2
23 75
1 13 2
323 511
1 12 2
70 626
1 6 2
262 609
1 3 2
175 218
1 9 2
457 111
1 7 2
287 773
1 14 2
350 143
1 14 2
317 75
1 4 2
4 686
1 9 2
142 754
1 5 2
657 615
1 10 2
592 261
1 12 2
377 180
1 12 2
633 188
1 10 2
525 728
1 12 2
765 493
1 9 2
747 217
1 4 2
75 207
1 13 2
241 340
1 4 2
468 188
1 9 2
787 15
1 12 2
205 684
1 11 2
12 699
1 9 2
559 605
1 6 2
610 699
1 10 2
456 478
1 12 2
339 147
1 7 2
520 586
1 10 2
57 215
1 14 2
277 431
1 5 2
576 447
1 6 2
76 789
1 7 2
573 342
1 2 2
195 585
1 10 2
208 560
1 5 2
725 338
1 11 2
174 275
1 7 2
33 638
1 11 2
604 616
1 12 2
374 108
1 12 2
390 794
1 4 2
189 751
1 2 2
601 33
1 5 2
362 270
1 7 2
384 656
1 13 2
600 722
1 9 2
14 338
1 2 2
248 286
1 9 2
559 96
1 7 2
388 158
1 13 2
79 82
1 8 2
361 248
1 4 2
306 544
1 10 2
44 283
1 7 2
431 720
1 4 2
371 323
1 14 2
392 416
1 4 2
139 657
1 5 2
577 226
1 4 2
90 40
1 15 2
22 192
1 8 2
235 548
1 3 2
499 433
1 12 2
625 95
1 9 2
79 202
1 6 2
643 728
1 2 2
80 44
1 7 2
549 114
1 4 2
105 25
1 14 2
518 617
1 13 2
25 97
1 9 2
1 187
1 2 2
614 88
1 2 2
423 330
1 5 2
556 596
1 4 2
448 263
1 11 2
520 258
1 14 2
723 567
1 7 2
680 32
1 2 2
183 652
1 14 2
553 427
1 13 2
387 349
1 7 2
293 83
1 10 2
571 754
1 7 2
777 740
1 12 2
721 355
1 8 2
608 288
1 9 2
487 553
1 5 2
527 158
1 15 2
395 356
1 12 2
664 767
1 6 2
28 196
1 7 2
549 8
1 14 2
590 381
1 3 2
166 768
1 7 2
703 196
1 11 2
720 155
1 14 2
54 443
1 13 2
427 282
1 14 2
250 202
1 13 2
296 252
1 3 2
615 298
1 14 2
337 176
1 15 2
672 554
1 10 2
78 612
1 6 2
241 319
1 2 2
545 337
1 10 2
268 171
1 5 2
660 414
1 7 2
131 403
1 7 2
645 731
1 12 2
362 407
1 3 2
184 658
1 11 2
266 696
1 4 2
771 275
1 15 2
431 14
1 15 2
239 310
1 8 2
118 243
1 6 2
322 585
1 11 2
31 390
1 13 2
637 616
1 5 2
595 130
1 6 2
394 553
1 5 2
174 2
1 3 2
250 255
1 5 2
63 444
1 6 2
493 341
1 2 2
160 28
1 2 2
91 17
1 8 2
7 227
1 15 2
9 249
1 15 2
311 498
1 3 2
569 34
1 5 2
433 286
1 14 2
635 582
1 11 2
559 422
1 8 2
162 744
1 14 2
513 737
1 5 2
791 307
1 4 2
314 573
1 6 2
700 407
1 9 2
609 124
1 7 2
713 299
1 13 2
540 656
1 10 2
103 240
1 15 2
431 481
1 9 2
789 291
1 12 2
1 540
1 15 2
680 511
1 7 2
47 597
1 11 2
760 453
1 14 2
592 542
1 8 2
320 741
1 13 2
738 127
1 5 2
459 375
1 11 2
560 116
1 7 2
795 443
1 4 2
151 572
1 14 2
148 566
1 7 2
473 155
1 6 2
226 134
1 5 2
676 275
1 8 2
304 726
1 5 2
242 684
1 2 2
124 588
1 13 2
713 512
1 13 2
682 115
1 2 2
138 445
1 2 2
288 61
1 11 2
666 314
1 3 2
726 95
1 13 2
22 340
1 11 2
129 280
1 14 2
87 42
1 15 2
750 669
1 15 2
500 487
1 2 2
329 108
1 11 2
293 223
1 4 2
696 149
1 12 2
391 663
1 7 2
758 532
1 9 2
533 176
1 4 2
385 308
1 5 2
766 777
1 15 2
523 573
1 13 2
757 610
1 9 2
427 107
1 12 2
529 691
1 7 2
685 390
1 11 2
791 252
1 9 2
65 260
1 7 2
133 570
1 5 2
455 500
1 6 2
793 144
1 7 2
756 521
1 5 2
507 607
1 15 2
230 347
1 14 2
544 543
1 11 2
313 685
1 12 2
534 546
1 7 2
669 522
1 13 2
282 117
1 2 2
485 166
1 15 2
590 515
1 2 2
234 219
1 15 2
349 630
1 5 2
325 480
1 12 2
204 453
1 6 2
15 359
1 5 2
258 237
1 5 2
454 761
1 10 2
226 234
1 2 2
0 95
1 12 2
74 673
1 12 2
592 609
1 6 2
200 793
1 4 2
441 517
1 10 2
609 422
1 13 2
183 437
1 7 2
797 419
1 8 2
244 270
1 11 2
87 797
1 15 2
97 583
1 15 2
664 677
1 15 2
624 411
1 6 2
570 428
1 13 2
48 533
1 2 2
224 668
1 3 2
790 775
1 7 2
757 634
1 8 2
757 218
1 4 2
442 339
1 10 2
102 78
1 9 2
730 440
1 13 2
370 364
1 15 2
179 156
1 15 2
368 22
1 13 2
71 428
1 14 2
229 389
1 15 2
95 457
1 7 2
336 427
1 4 2
372 504
1 11 2
472 687
1 2 2
671 171
1 3 2
775 375
1 3 2
86 444
1 8 2
455 694
1 15 2
108 456
1 4 2
702 765
1 7 2
231 53
1 11 2
473 732
1 15 2
278 263
1 2 2
758 109
1 14 2
153 498
1 12 2
176 724
1 6 2
596 377
1 10 2
644 75
1 14 2
392 667
1 14 2
195 142
1 9 2
216 628
1 3 2
431 249
1 8 2
326 321
1 14 2
272 463
1 6 2
451 521
1 8 2
349 796
1 13 2
86 744
1 5 2
541 137
1 2 2
278 142
1 14 2
177 370
1 5 2
35 207
1 5 2
626 304
1 6 2
551 40
1 8 2
190 701
1 5 2
130 321
1 2 2
211 248
1 8 2
68 123
1 9 2
639 650
1 15 2
530 412
1 8 2
466 119
1 15 2
328 428
1 12 2
259 59
1 8 2
306 563
1 6 2
99 599
1 12 2
315 424
1 12 2
49 717
1 12 2
752 529
1 8 2
663 355
1 7 2
138 664
1 15 2
540 466
1 15 2
220 173
1 13 2
762 496
1 10 2
196 218
1 6 2
728 790
1 4 2
693 152
1 8 2
173 113
1 7 2
703 281
1 10 2
244 78
1 6 2
626 615
1 9 2
504 726
1 4 2
461 587
1 8 2
156 332
1 8 2
686 698
1 8 2
720 346
1 10 2
295 690
1 15 2
394 737
1 2 2
782 423
1 13 2
265 308
1 7 2
703 689
1 7 2
573 721
1 3 2
195 361
1 3 2
381 547
1 5 2
525 352
1 5 2
401 634
1 14 2
8 704
1 5 2
476 421
1 10 2
687 555
1 14 2
153 502
1 6 2
226 484
1 11 2
749 172
1 5 2
367 101
1 15 2
284 749
1 2 2
430 523
1 6 2
67 362
1 12 2
768 218
1 4 2
154 237
1 11 2
515 288
1 4 2
458 533
1 9 2
29 542
1 13 2
493 458
1 13 2
187 697
1 9 2
438 658
1 5 2
771 656
1 11 2
565 579
1 5 2
601 635
1 7 2
360 316
1 4 2
362 773
1 3 2
639 227
1 9 2
492 600
1 11 2
468 216
1 11 2
527 728
1 8 2
500 799
1 9 2
149 340
1 4 2
615 694
1 3 2
293 553
1 9 2
98 591
1 14 2
428 597
1 15 2
780 353
1 2 2
541 534
1 3 2
336 27
1 10 2
741 554
1 7 2
624 526
1 10 2
256 556
1 5 2
215 348
1 6 2
82 113
1 14 2
322 416
1 7 2
135 502
1 2 2
788 476
1 2 2
583 492
1 11 2
159 284
1 15 2
187 285
1 15 2
139 2
1 3 2
608 731
1 7 2
350 203
1 15 2
591 717
1 12 2
222 12
1 3 2
204 188
1 5 2
69 262
1 14 2
427 677
1 9 2
89 1
1 3 2
192 298
1 2 2
359 662
1 2 2
78 496
1 14 2
532 567
1 3 2
345 427
1 13 2
482 134
1 5 2
511 594
1 14 2
236 193
1 9 2
296 236
1 12 2
734 711
1 4 2
314 141
1 3 2
557 41
1 7 2
717 248
1 2 2
398 771
1 11 2
177 329
1 3 2
160 251
1 14 2
775 320
1 11 2
500 400
1 2 2
673 303
1 8 2
533 510
1 8 2
639 714
1 5 2
173 429
1 14 2
335 758
1 10 2
145 334
1 5 2
375 419
1 6 2
149 644
1 2 2
14 578
1 14 2
661 330
1 12 2
73 486
1 5 2
633 615
1 7 2
621 468
1 9 2
676 189
1 5 2
518 134
1 15 2
354 120
1 11 2
325 553
1 6 2
203 433
1 2 2
35 545
1 6 2
379 9
1 8 2
506 743
1 7 2
200 545
1 10 2
339 17
1 7 2
463 426
1 2 2
482 245
1 7 2
24 46
1 4 2
84 596
1 8 2
432 88
1 12 2
479 605
1 4 2
435 615
1 10 2
227 668
1 9 2
543 334
1 15 2
118 594
1 7 2
583 127
1 2 2
24 416
1 7 2
569 257
1 10 2
452 126
1 8 2
215 718
1 7 2
786 92
1 14 2
68 568
1 5 2
229 153
1 6 2
639 115
1 8 2
227 129
1 3 2
776 139
1 8 2
73 715
1 8 2
571 452
1 2 2
703 272
1 10 2
697 605
1 9 2
322 748
1 5 2
107 40
1 13 2
632 177
1 13 2
568 1
1 7 2
709 314
1 12 2
418 772
1 5 2
5 54
1 15 2
589 604
1 10 2
334 420
1 3 2
225 359
1 7 2
546 767
1 6 2
7 562
1 3 2
584 703
1 15 2
797 140
1 12 2
103 250
1 3 2
232 544
1 15 2
498 221
1 14 2
26 306
1 8 2
95 433
1 9 2
627 776
1 2 2
377 706
1 4 2
575 531
1 8 2
87 88
1 11 2
137 722
1 7 2
603 371
1 6 2
57 349
1 12 2
696 391
1 12 2
582 554
1 14 2
56 203
1 13 2
107 320
1 6 2
761 588
1 9 2
639 42
1 13 2
252 1
1 13 2
277 514
1 14 2
795 415
1 9 2
701 205
1 7 2
211 640
1 11 2
466 310
1 6 2
618 495
1 9 2
609 451
1 7 2
667 279
1 12 2
580 200
1 13 2
605 313
1 8 2
49 542
1 14 2
87 693
1 9 2
360 92
1 7 2
604 244
1 8 2
48 596
1 5 2
701 788
1 6 2
427 333
1 15 2
92 194
1 12 2
517 786
1 13 2
340 589
1 9 2
334 328
1 5 2
362 678
1 13 2
265 428
1 15 2
166 546
1 10 2
751 507
1 8 2
104 575
1 8 2
362 208
1 12 2
118 394
1 15 2
34 733
1 9 2
690 650
1 10 2
691 708
1 3 2
506 62
1 11 2
605 321
1 9 2
309 116
1 5 2
490 629
1 9 2
245 28
1 3 2
145 169
1 9 2
777 451
1 9 2
370 419
1 15 2
7 708
1 2 2
543 592
1 4 2
128 726
1 9 2
174 675
1 2 2
43 673
1 5 2
128 758
1 7 2
578 129
1 9 2
147 720
1 4 2
317 195
1 12 2
492 616
1 13 2
1 777
1 6 2
501 719
1 6 2
86 371
1 12 2
187 42
1 4 2
100 169
1 14 2
125 369
1 6 2
561 219
1 2 2
538 642
1 10 2
566 295
1 6 2
309 62
1 9 2
454 338
1 14 2
313 121
1 9 2
82 413
1 3 2
41 99
1 3 2
236 416
1 11 2
115 785
1 2 2
438 548
1 14 2
277 129
1 11 2
411 442
1 11 2
673 545
1 9 2
381 59
1 2 2
727 291
1 4 2
229 680
1 15 2
310 686
1 6 2
273 456
1 11 2
799 589
1 2 2
707 760
1 4 2
102 787
1 9 2
57 629
1 11 2
722 60
1 7 2
459 502
1 6 2
560 726
1 11 2
88 343
1 9 2
178 242
1 6 2
571 450
1 14 2
418 395
1 14 2
746 326
1 5 2
619 696
1 8 2
706 67
1 14 2
709 656
1 5 2
721 122
1 11 2
699 406
1 13 2
79 268
1 6 2
381 15
1 2 2
97 596
1 2 2
570 40
1 14 2
714 744
1 15 2
5 314
1 3 2
233 138
1 6 2
408 678
1 2 2
592 104
1 13 2
12 210
1 15 2
751 37
1 3 2
712 736
1 3 2
517 240
1 13 2
467 711
1 15 2
23 557
1 15 2
191 63
1 11 2
152 615
1 11 2
151 375
1 4 2
514 664
1 7 2
766 738
1 5 2
696 243
1 13 2
29 515
1 15 2
288 36
1 5 2
231 766
1 14 2
395 571
1 10 2
393 534
1 7 2
527 10
1 10 2
746 362
1 7 2
97 599
1 3 2
471 705
1 6 2
671 173
1 14 2
10 121
1 14 2
165 455
1 11 2
394 644
1 7 2
277 157
1 11 2
147 339
1 15 2
794 256
1 3 2
617 751
1 3 2
332 522
1 6 2
713 600
1 5 2
677 213
1 9 2
689 285
1 7 2
181 110
1 7 2
130 610
1 8 2
617 326
1 13 2
14 474
1 13 2
720 216
1 4 2
125 168
1 13 2
527 371
1 7 2
101 661
1 7 2
23 592
1 13 2
125 705
1 8 2
737 667
1 15 2
77 308
1 7 2
169 708
1 8 2
725 550
1 10 2
32 125
1 7 2
662 430
1 3 2
320 698
1 13 2
186 35
1 15 2
17 591
1 2 2
284 213
1 2 2
435 14
1 6 2
442 30
1 14 2
609 369
1 3 2
120 146
1 15 2
760 299
1 10 2
378 232
1 15 2
415 745
1 12 2
285 794
1 4 2
134 314
1 10 2
277 723
1 2 2
32 691
1 9 2
660 703
1 13 2
748 391
1 6 2
497 405
1 11 2
626 83
1 12 2
235 432
1 6 2
478 637
1 11 2
620 208
1 9 2
11 791
1 10 2
576 313
1 9 2
568 759
1 13 2
40 124
1 10 2
404 567
1 11 2
251 452
1 12 2
145 39
1 6 2
502 503
1 9 2
455 653
1 7 2
126 300
1 5 2
276 755
1 5 2
221 201
1 4 2
550 511
1 7 2
715 380
1 8 2
739 519
1 4 2
193 324
1 4 2
575 19
1 9 2
474 21
1 14 2
268 97
1 11 2
28 133
1 3 2
773 746
1 15 2
48 53
1 12 2
529 319
1 15 2
739 217
1 14 2
66 681
1 6 2
302 784
1 12 2
499 0
1 2 2
422 544
1 2 2
116 627
1 3 2
506 254
1 9 2
723 79
1 10 2
250 35
1 12 2
336 594
1 8 2
73 747
1 11 2
738 529
1 5 2
737 616
1 15 2
600 397
1 4 2
764 451
1 13 2
458 114
1 5 2
186 764
1 10 2
101 781
1 12 2
1 133
1 6 2
458 46
1 14 2
710 112
1 12 2
494 90
1 9 2
769 226
1 7 2
772 613
1 4 2
116 16
1 6 2
543 250
1 8 2
779 356
1 14 2
123 132
1 4 2
191 232
1 4 2
541 388
1 9 2
467 768
1 6 2
481 447
1 9 2
334 581
1 8 2
343 179
1 3 2
504 285
1 5 2
687 206
1 3 2
258 610
1 5 2
330 409
1 13 2
660 94
1 5 2
174 734
1 2 2
387 139
1 2 2
275 62
1 14 2
264 179
1 10 2
109 469
1 15 2
293 46
1 7 2
664 688
1 14 2
42 64
1 8 2
504 206
1 14 2
687 190
1 3 2
360 468
1 4 2
49 636
1 11 2
207 662
1 3 2
486 384
1 6 2
238 304
1 4 2
286 741
1 14 2
79 378
1 9 2
261 337
1 3 2
150 184
1 12 2
394 691
1 12 2
288 583
1 3 2
313 767
1 11 2
624 311
1 11 2
494 520
1 4 2
790 8
1 12 2
134 413
1 5 2
462 480
1 14 2
349 415
1 6 2
10 317
1 8 2
540 92
1 10 2
722 250
1 13 2
131 548
1 3 2
126 254
1 5 2
297 584
1 3 2
64 39
1 5 2
638 705
1 12 2
584 467
1 14 2
146 136
1 12 2
449 608
1 11 2
158 218
1 8 2
449 693
1 14 2
641 304
1 12 2
306 443
1 15 2
753 38
1 11 2
659 387
1 10 2
346 658
1 8 2
511 314
1 8 2
352 341
1 11 2
263 777
1 4 2
118 566
1 3 2
639 331
1 15 2
514 335
1 12 2
627 440
1 8 2
377 289
1 8 2
349 789
1 9 2
708 711
1 13 2
217 240
1 14 2
616 256
1 12 2
633 773
1 5 2
61 77
1 12 2
548 563
1 5 2
360 367
1 8 2
244 669
1 5 2
379 673
1 8 2
574 358
1 6 2
361 797
1 4 2
610 203
1 12 2
82 437
1 10 2
583 517
1 15 2
436 74
1 8 2
674 129
1 5 2
119 314
1 9 2
701 604
1 15 2
602 155
1 2 2
342 160
1 12 2
409 352
1 13 2
312 705
1 13 2
705 651
1 4 2
61 642
1 5 2
694 134
1 9 2
693 624
1 12 2
370 523
1 6 2
543 29
1 10 2
487 637
1 3 2
218 795
1 5 2
25 340
1 5 2
644 464
1 4 2
425 793
1 9 2
578 329
1 11 2
790 617
1 12 2
175 134
1 3 2
280 120
1 8 2
705 48
1 15 2
23 536
1 3 2
527 350
1 14 2
256 750
1 15 2
713 266
1 14 2
532 432
1 12 2
754 376
1 3 2
405 695
1 3 2
747 168
1 9 2
546 702
1 8 2
658 768
1 2 2
148 222
1 9 2
359 437
1 3 2
497 553
1 14 2
65 372
1 15 2
58 513
1 15 2
64 37
1 4 2
69 48
1 11 2
587 180
1 10 2
725 294
1 9 2
346 575
1 8 2
467 636
1 12 2
154 9
1 10 2
422 575
1 14 2
442 287
1 4 2
164 225
1 8 2
752 4
1 9 2
404 33
1 5 2
332 11
1 12 2
573 600
1 2 2
746 173
1 15 2
407 395
1 10 2
447 290
1 12 2
4 585
1 3 2
791 314
1 14 2
750 11
1 3 2
406 350
1 7 2
678 23
1 13 2
181 795
1 8 2
138 671
1 3 2
10 630
1 5 2
500 114
1 11 2
695 700
1 15 2
685 468
1 3 2
717 318
1 6 2
375 382
1 9 2
670 322
1 3 2
154 513
1 3 2
134 496
1 14 2
628 563
1 13 2
555 371
1 5 2
647 182
1 8 2
711 459
1 13 2
235 496
1 5 2
546 192
1 6 2
54 51
1 12 2
431 643
1 2 2
689 6
1 3 2
502 558
1 11 2
782 614
1 7 2
107 245
1 2 2
241 608
1 11 2
228 789
1 2 2
353 422
1 6 2
53 579
1 15 2
618 261
1 3 2
301 79
1 3 2
772 399
1 14 2
544 6
1 11 2
570 487
1 10 2
649 753
1 3 2
719 335
1 10 2
772 686
1 8 2
183 277
1 9 2
759 156
1 2 2
506 146
1 8 2
548 348
1 14 2
762 117
1 5 2
585 66
1 9 2
34 758
1 14 2
42 184
1 2 2
655 255
1 11 2
453 786
1 9 2
450 292
1 14 2
224 289
1 4 2
344 186
1 15 2
169 81
1 4 2
27 513
1 8 2
550 593
1 11 2
498 318
1 15 2
54 335
1 5 2
305 57
1 7 2
606 286
1 15 2
458 1
1 2 2
198 279
1 14 2
635 604
1 10 2
690 267
1 10 2
697 785
1 5 2
785 51
1 3 2
330 108
1 7 2
534 477
1 4 2
716 54
1 11 2
306 609
1 14 2
674 257
1 12 2
250 221
1 12 2
311 798
1 4 2
471 203
1 3 2
326 203
1 13 2
90 84
1 4 2
415 576
1 8 2
739 128
1 3 2
11 235
1 5 2
704 183
1 12 2
794 373
1 11 2
739 493
1 3 2
422 365
1 2 2
380 758
1 11 2
263 728
1 14 2
205 1
1 13 2
728 81
1 8 2
563 500
1 8 2
441 527
1 15 2
623 264
1 14 2
710 732
1 10 2
482 30
1 5 2
161 555
1 9 2
473 336
1 7 2
728 276
1 3 2
236 739
1 8 2
438 344
1 10 2
90 759
1 5 2
401 305
1 2 2
124 387
1 8 2
393 650
1 3 2
48 261
1 14 2
262 701
1 11 2
695 274
1 14 2
208 527
1 11 2
180 99
1 5 2
592 281
1 9 2
238 78
1 9 2
424 665
1 4 2
533 521
1 9 2
718 734
1 12 2
376 173
1 6 2
307 67
1 14 2
587 341
1 9 2
625 426
1 5 2
537 400
1 6 2
419 396
1 11 2
752 111
1 15 2
400 742
1 3 2
740 623
1 14 2
579 790
1 5 2
135 797
1 10 2
6 784
1 3 2
771 168
1 8 2
267 752
1 4 2
441 749
1 7 2
395 790
1 13 2
644 737
1 4 2
488 283
1 8 2
654 178
1 3 2
134 171
1 13 2
657 351
1 8 2
546 81
1 13 2
299 306
1 5 2
451 334
1 10 2
605 238
1 8 2
438 143
1 11 2
567 358
1 9 2
71 386
1 10 2
70 559
1 3 2
320 791
1 6 2
728 127
1 2 2
336 105
1 15 2
162 598
1 4 2
722 302
1 5 2
208 386
1 4 2
775 557
1 6 2
11 203
1 11 2
545 271
1 12 2
143 285
1 10 2
194 682
1 3 2
25 513
1 3 2
304 185
1 6 2
798 781
1 11 2
337 677
1 7 2
572 672
1 3 2
207 227
1 10 2
272 591
1 10 2
178 2
1 5 2
754 695
1 9 2
465 488
1 13 2
368 48
1 9 2
161 43
1 7 2
717 13
1 4 2
580 424
1 12 2
13 184
1 3 2
192 358
1 9 2
113 29
1 5 2
115 70
1 12 2
570 554
1 13 2
643 793
1 6 2
112 576
1 12 2
625 202
1 9 2
690 189
1 12 2
680 223
1 10 2
214 371
1 5 2
224 589
1 12 2
165 67
1 8 2
311 690
1 5 2
175 462
1 13 2
199 200
1 9 2
335 67
1 12 2
660 33
1 7 2
416 631
1 10 2
267 173
1 2 2
243 394
1 11 2
153 197
1 2 2
249 520
1 9 2
540 407
1 15 2
377 217
1 8 2
470 601
1 10 2
599 218
1 3 2
97 33
1 2 2
434 662
1 6 2
450 515
1 9 2
528 37
1 10 2
400 389
1 7 2
467 171
1 3 2
362 468
1 15 2
187 543
1 12 2
0 717
1 6 2
369 78
1 14 2
139 542
1 4 2
730 212
1 4 2
361 177
1 8 2
605 547
1 6 2
326 55
1 6 2
50 466
1 5 2
342 593
1 6 2
239 745
1 14 2
709 401
1 8 2
746 557
1 6 2
223 78
1 7 2
63 40
1 14 2
333 265
1 2 2
632 751
1 8 2
565 358
1 4 2
146 620
1 4 2
9 505
1 6 2
75 569
1 14 2
649 89
1 12 2
337 70
1 13 2
581 155
1 8 2
332 768
1 4 2
488 492
1 5 2
370 414
1 2 2
543 277
1 14 2
211 316
1 11 2
426 576
1 2 2
581 104
1 6 2
318 170
1 8 2
496 495
1 3 2
140 446
1 12 2
36 499
1 15 2
104 594
1 9 2
45 322
1 9 2
588 250
1 11 2
88 160
1 3 2
261 754
1 7 2
747 326
1 8 2
721 442
1 5 2
176 442
1 14 2
92 546
1 12 2
293 195
1 5 2
479 191
1 8 2
163 382
1 6 2
60 436
1 3 2
692 34
1 5 2
185 432
1 13 2
458 149
1 6 2
468 23
1 11 2
415 137
1 10 2
655 199
1 4 2
687 20
1 2 2
176 39
1 9 2
431 701
1 6 2
125 310
1 7 2
376 225
1 11 2
583 685
1 11 2
113 326
1 2 2
553 430
1 4 2
378 13
1 11 2
696 296
1 3 2
378 293
1 4 2
158 306
1 3 2
695 396
1 13 2
106 734
1 10 2
665 799
1 13 2
483 180
1 4 2
624 361
1 7 2
603 118
1 15 2
408 537
1 2 2
63 591
1 10 2
340 149
1 4 2
551 687
1 9 2
657 205
1 2 2
662 515
1 10 2
354 252
1 6 2
787 609
1 2 2
789 410
1 8 2
698 582
1 15 2
749 163
1 11 2
736 549
1 13 2
401 470
1 5 2
630 615
1 12 2
336 79
1 15 2
228 716
1 8 2
520 248
1 7 2
75 260
1 14 2
291 643
1 7 2
87 720
1 11 2
103 35
1 8 2
543 191
1 14 2
706 747
1 8 2
263 74
1 9 2
229 747
1 3 2
313 309
1 14 2
399 348
1 4 2
771 744
1 6 2
447 491
1 13 2
145 660
1 9 2
400 148
1 7 2
704 440
1 14 2
640 178
1 11 2
257 688
1 4 2
435 449
1 12 2
594 419
1 9 2
671 601
1 5 2
85 413
1 15 2
419 446
1 10 2
588 65
1 15 2
681 200
1 7 2
206 784
1 3 2
747 282
1 4 2
20 788
1 11 2
696 735
1 6 2
514 551
1 7 2
102 265
1 10 2
274 309
1 9 2
724 150
1 13 2
685 120
1 7 2
510 573
1 2 2
638 180
1 8 2
34 551
1 14 2
253 566
1 6 2
533 702
1 7 2
60 441
1 9 2
438 491
1 12 2
176 16
1 10 2
277 684
1 10 2
46 247
1 15 2
535 387
1 6 2
151 348
1 10 2
766 319
1 9 2
711 10
1 14 2
468 752
1 10 2
389 648
1 5 2
354 79
1 8 2
346 716
1 7 2
285 170
1 14 2
225 242
1 6 2
101 673
1 5 2
749 482
1 3 2
200 84
1 10 2
4 675
1 15 2
176 632
1 14 2
401 495
1 15 2
342 672
1 15 2
661 526
1 8 2
318 170
1 10 2
349 380
1 8 2
588 724
1 4 2
554 190
1 12 2
145 402
1 10 2
4 216
1 11 2
521 354
1 11 2
231 18
1 2 2
792 312
1 2 2
56 118
1 14 2
426 90
1 8 2
342 38
1 8 2
38 541
1 5 2
680 790
1 15 2
645 398
1 8 2
109 656
1 2 2
101 406
1 2 2
111 416
1 13 2
184 1
1 9 2
692 4
1 9 2
33 312
1 6 2
203 81
1 8 2
1 187
1 14 2
414 205
1 4 2
211 588
1 7 2
776 534
1 4 2
270 356
1 15 2
737 571
1 11 2
471 95
1 11 2
53 549
1 13 2
63 159
1 11 2
652 87
1 14 2
492 288
1 12 2
482 552
1 11 2
773 603
1 9 2
776 762
1 5 2
382 80
1 8 2
544 459
1 3 2
152 193
1 13 2
548 588
1 3 2
260 483
1 12 2
12 86
1 12 2
383 359
1 12 2
680 601
1 10 2
336 713
1 11 2
589 777
1 13 2
763 42
1 14 2
663 736
1 12 2
108 637
1 15 2
625 246
1 4 2
565 53
1 8 2
687 463
1 9 2
534 187
1 15 2
754 221
1 12 2
577 82
1 6 2
594 358
1 4 2
274 342
1 5 2
417 39
1 3 2
402 227
1 9 2
189 482
1 4 2
10 737
1 11 2
666 399
1 5 2
500 677
1 11 2
679 380
1 2 2
445 104
1 8 2
436 392
1 14 2
43 157
1 4 2
352 19
1 14 2
560 685
1 11 2
524 402
1 10 2
170 444
1 4 2
450 280
1 10 2
298 493
1 9 2
416 462
1 9 2
177 545
1 10 2
652 669
1 3 2
97 524
1 13 2
652 656
1 5 2
500 774
1 8 2
353 696
1 12 2
9 460
1 15 2
675 625
1 3 2
169 203
1 3 2
385 188
1 14 2
564 663
1 9 2
292 20
1 13 2
491 684
1 4 2
96 358
1 10 2
33 371
1 10 2
464 361
1 5 2
438 607
1 5 2
705 463
1 13 2
660 135
1 6 2
256 212
1 6 2
703 323
1 3 2
270 356
1 5 2
335 420
1 15 2
177 519
1 13 2
67 1
1 4 2
381 283
1 12 2
304 87
1 11 2
679 259
1 7 2
500 77
1 5 2
301 89
1 3 2
508 210
1 2 2
692 291
1 14 2
284 245
1 14 2
378 527
1 6 2
393 0
1 4 2
234 103
1 4 2
599 530
1 13 2
121 105
1 9 2
153 178
1 6 2
328 314
1 10 2
611 324
1 10 2
374 404
1 4 2
335 567
1 10 2
100 518
1 9 2
746 571
1 10 2
538 574
1 11 2
158 733
1 12 2
67 56
1 11 2
607 545
1 6 2
660 272
1 5 2
613 320
1 8 2
166 690
1 9 2
350 356
1 4 2
659 613
1 7 2
288 377
1 9 2
223 115
1 14 2
566 262
1 4 2
385 64
1 3 2
117 462
1 4 2
192 279
1 8 2
516 67
1 5 2
191 178
1 4 2
12 789
1 15 2
52 648
1 14 2
500 102
1 12 2
693 669
1 4 2
88 59
1 10 2
605 399
1 10 2
678 293
1 4 2
740 43
1 4 2
100 359
1 6 2
377 667
1 13 2
787 432
1 10 2
737 377
1 15 2
760 477
1 14 2
130 748
1 9 2
385 175
1 4 2
46 643
1 14 2
189 106
1 15 2
389 612
1 14 2
22 229
1 4 2
242 621
1 2 2
195 207
1 2 2
289 144
1 9 2
294 770
1 9 2
587 193
1 11 2
731 124
1 11 2
59 244
1 10 2
420 792
1 2 2
443 198
1 13 2
716 366
1 8 2
619 577
1 10 2
153 478
1 14 2
123 205
1 8 2
399 687
1 4 2
627 439
1 13 2
62 581
1 5 2
599 102
1 4 2
140 770
1 7 2
112 73
1 6 2
550 288
1 13 2
478 202
1 13 2
640 707
1 12 2
638 415
1 10 2
455 468
1 4 2
79 541
1 10 2
657 647
1 14 2
246 512
1 4 2
403 395
1 8 2
26 731
1 15 2
438 230
1 5 2
758 93
1 2 2
714 264
1 3 2
543 316
1 4 2
147 31
1 15 2
268 69
1 2 2
117 544
1 8 2
411 182
1 15 2
786 254
1 9 2
123 503
1 15 2
63 782
1 10 2
398 724
1 6 2
644 199
1 15 2
683 503
1 10 2
302 60
1 8 2
541 730
1 13 2
101 44
1 3 2
368 527
1 3 2
624 648
1 14 2
359 141
1 10 2
99 144
1 7 2
311 247
1 4 2
573 430
1 3 2
438 362
1 10 2
340 142
1 13 2
224 524
1 6 2
492 544
1 6 2
444 597
1 3 2
244 588
1 6 2
772 86
1 4 2
318 614
1 12 2
392 700
1 3 2
318 22
1 8 2
255 98
1 9 2
736 488
1 10 2
147 612
1 6 2
487 742
1 8 2
252 682
1 15 2
268 734
1 4 2
507 39
1 4 2
693 283
1 12 2
336 106
1 5 2
424 797
1 3 2
714 770
1 11 2
317 462
1 14 2
219 712
1 9 2
465 578
1 4 2
636 350
1 6 2
443 505
1 9 2
261 194
1 10 2
286 697
1 6 2
540 283
1 5 2
44 268
1 13 2
267 215
1 2 2
393 715
1 11 2
399 406
1 4 2
54 19
1 12 2
445 539
1 3 2
443 477
1 15 2
212 351
1 13 2
722 294
1 6 2
293 350
1 6 2
495 751
1 5 2
560 716
1 8 2
20 583
1 4 2
487 269
1 9 2
179 489
1 5 2
308 315
1 3 2
619 371
1 12 2
149 436
1 9 2
59 363
1 11 2
597 36
1 10 2
273 395
1 7 2
346 773
1 13 2
455 599
1 11 2
286 750
1 6 2
646 103
1 8 2
428 139
1 14 2
255 542
1 9 2
468 207
1 15 2
194 743
1 13 2
514 227
1 7 2
736 332
1 13 2
314 224
1 8 2
103 154
1 11 2
344 198
1 3 2
456 325
1 2 2
593 276
1 2 2
283 242
1 14 2
282 232
1 11 2
502 284
1 12 2
577 761
1 4 2
306 511
1 12 2
334 713
1 15 2
498 211
1 4 2
91 723
1 9 2
270 392
1 15 2
312 398
1 12 2
362 528
1 9 2
312 436
1 8 2
709 323
1 7 2
198 336
1 13 2
430 341
1 13 2
626 753
1 8 2
370 27
1 14 2
232 298
1 12 2
573 381
1 15 2
2 197
1 3 2
776 22
1 11 2
9 15
1 14 2
665 437
1 3 2
3 219
1 13 2
43 149
1 5 2
95 398
1 15 2
309 328
1 9 2
367 772
1 4 2
475 661
1 10 2
448 786
1 12 2
603 527
1 11 2
738 352
1 2 2
230 551
1 7 2
490 501
1 11 2
445 80
1 2 2
424 455
1 4 2
526 643
1 6 2
563 235
1 13 2
465 774
1 5 2
240 310
1 6 2
494 656
1 7 2
301 255
1 11 2
158 370
1 4 2
569 536
1 7 2
554 348
1 14 2
473 680
1 6 2
130 625
1 3 2
408 189
1 2 2
330 14
1 3 2
481 516
1 8 2
69 340
1 5 2
460 656
1 10 2
190 370
1 5 2
573 421
1 12 2
577 433
1 4 2
65 238
1 14 2
714 627
1 12 2
653 11
1 13 2
191 365
1 12 2
113 177
1 8 2
599 403
1 8 2
323 161
1 9 2
316 553
1 10 2
756 132
1 9 2
520 708
1 9 2
10 403
1 10 2
50 293
1 5 2
13 283
1 5 2
580 186
1 7 2
93 732
1 11 2
256 85
1 5 2
600 368
1 14 2
169 390
1 2 2
8 415
1 12 2
569 125
1 8 2
207 23
1 13 2
239 68
1 10 2
773 441
1 2 2
617 8
1 10 2
273 452
1 9 2
230 258
1 8 2
670 595
1 13 2
97 279
1 15 2
390 235
1 8 2
626 131
1 14 2
514 489
1 11 2
39 221
1 9 2
372 41
1 6 2
7 322
1 14 2
587 131
1 6 2
273 277
1 2 2
656 534
1 12 2
645 734
1 3 2
445 132
1 4 2
416 18
1 12 2
62 649
1 3 2
20 576
1 12 2
161 781
1 11 2
213 783
1 4 2
681 721
1 9 2
195 781
1 15 2
487 303
1 12 2
481 506
1 5 2
449 620
1 5 2
687 469
1 12 2
322 38
1 4 2
338 353
1 12 2
415 726
1 13 2
490 152
1 12 2
199 123
1 12 2
786 475
1 5 2
265 718
1 15 2
313 165
1 14 2
452 665
1 3 2
453 111
1 10 2
216 193
1 4 2
520 732
1 6 2
765 505
1 12 2
490 44
1 15 2
80 33
1 6 2
406 687
1 3 2
714 26
1 2 2
89 97
1 7 2
239 155
1 14 2
47 518
1 11 2
357 179
1 6 2
222 198
1 12 2
89 63
1 6 2
81 182
1 14 2
520 92
1 4 2
495 98
1 3 2
507 516
1 7 2
411 203
1 14 2
682 149
1 2 2
731 52
1 10 2
5 174
1 5 2
71 56
1 13 2
193 734
1 15 2
80 252
1 9 2
68 57
1 6 2
573 772
1 11 2
657 784
1 15 2
778 94
1 5 2
604 530
1 4 2
735 473
1 6 2
429 100
1 5 2
327 462
1 13 2
20 137
1 10 2
683 361
1 7 2
637 115
1 7 2
104 102
1 9 2
471 206
1 15 2
466 185
1 13 2
396 362
1 14 2
294 440
1 10 2
771 233
1 14 2
656 536
1 15 2
337 200
1 12 2
779 382
1 11 2
540 654
1 11 2
245 355
1 5 2
768 692
1 6 2
771 187
1 15 2
477 394
1 12 2
585 181
1 13 2
413 122
1 2 2
1 252
1 6 2
642 556
1 14 2
454 290
1 11 2
1 120
1 14 2
705 574
1 15 2
193 546
1 9 2
162 353
1 7 2
605 732
1 3 2
727 447
1 12 2
662 609
1 7 2
50 430
1 7 2
438 199
1 2 2
312 127
1 14 2
520 8
1 4 2
333 714
1 2 2
546 699
1 9 2
512 626
1 10 2
325 143
1 6 2
573 299
1 15 2
89 745
1 9 2
460 728
1 6 2
567 112
1 2 2
441 307
1 15 2
73 672
1 7 2
473 544
1 8 2
278 350
1 13 2
281 679
1 10 2
300 342
1 13 2
203 232
1 10 2
178 10
1 8 2
407 163
1 3 2
348 702
1 3 2
420 796
1 15 2
636 336
1 8 2
196 47
1 2 2
163 471
1 5 2
199 186
1 5 2
572 37
1 3 2
266 125
1 6 2
783 76
1 15 2
379 643
1 13 2
544 339
1 6 2
694 123
1 15 2
387 360
1 14 2
629 88
1 15 2
445 242
1 3 2
192 446
1 15 2
452 192
1 8 2
603 270
1 7 2
798 267
1 15 2
484 397
1 3 2
621 260
1 9 2
117 299
1 14 2
150 278
1 7 2
556 10
1 9 2
157 761
1 5 2
274 527
1 14 2
787 796
1 11 2
628 20
1 12 2
701 139
1 8 2
571 741
1 12 2
8 735
1 6 2
493 754
1 5 2
577 428
1 9 2
718 635
1 4 2
727 344
1 5 2
648 51
1 3 2
54 97
1 10 2
516 1
1 3 2
299 70
1 8 2
287 514
1 2 2
386 620
1 3 2
251 656
1 13 2
52 118
1 3 2
39 246
1 7 2
401 778
1 12 2
595 590
1 13 2
46 187
1 12 2
154 424
1 3 2
88 602
1 9 2
235 5
1 3 2
77 648
1 6 2
411 686
1 8 2
724 726
1 12 2
95 584
1 15 2
34 412
1 10 2
589 797
1 2 2
474 566
1 6 2
142 555
1 8 2
494 40
1 12 2
640 69
1 6 2
322 11
1 8 2
398 340
1 9 2
543 772
1 12 2
141 253
1 6 2
446 723
1 5 2
461 730
1 5 2
571 549
1 7 2
534 41
1 2 2
517 134
1 11 2
108 493
1 14 2
709 97
1 3 2
252 515
1 10 2
448 76
1 4 2
325 190
1 6 2
667 433
1 2 2
315 392
1 7 2
742 315
1 12 2
266 457
1 6 2
783 593
1 3 2
283 498
1 11 2
634 496
1 7 2
573 121
1 7 2
167 719
1 5 2
127 442
1 3 2
669 96
1 10 2
337 579
1 5 2
641 344
1 13 2
701 139
1 4 2
67 733
1 6 2
755 608
1 8 2
651 125
1 7 2
484 595
1 10 2
768 566
1 5 2
419 684
1 5 2
66 382
1 14 2
0 554
1 6 2
395 436
1 4 2
652 47
1 10 2
501 622
1 6 2
477 523
1 2 2
101 564
1 9 2
219 340
1 15 2
574 409
1 14 2
394 600
1 6 2
650 86
1 13 2
100 149
1 11 2
239 569
1 9 2
467 289
1 14 2
191 722
1 12 2
563 515
1 6 2
293 487
1 10 2
526 321
1 10 2
186 150
1 13 2
579 477
1 3 2
219 160
1 14 2
258 607
1 13 2
776 419
1 8 2
624 779
1 7 2
186 53
1 5 2
70 341
1 6 2
50 673
1 13 2
120 584
1 3 2
792 570
1 7 2
45 480
1 7 2
519 358
1 12 2
330 251
1 8 2
743 612
1 10 2
35 143
1 9 2
771 92
1 13 2
255 121
1 15 2
671 514
1 8 2
685 263
1 4 2
179 214
1 12 2
61 236
1 5 2
264 681
1 14 2
275 792
1 7 2
468 43
1 8 2
256 8
1 6 2
384 444
1 11 2
317 520
1 7 2
283 629
1 13 2
28 425
1 4 2
675 313
1 15 2
378 523
1 5 2
534 644
1 8 2
576 235
1 2 2
230 338
1 11 2
388 71
1 3 2
103 177
1 13 2
604 137
1 11 2
370 799
1 8 2
453 406
1 8 2
440 285
1 11 2
236 517
1 9 2
201 128
1 2 2
49 582
1 6 2
522 507
1 13 2
119 438
1 2 2
775 476
1 14 2
486 560
1 5 2
628 774
1 5 2
217 246
1 6 2
512 155
1 15 2
292 729
1 4 2
713 26
1 13 2
170 446
1 14 2
767 86
1 2 2
566 355
1 4 2
575 97
1 8 2
401 730
1 11 2
562 396
1 11 2
174 713
1 3 2
723 797
1 6 2
341 651
1 3 2
737 612
1 2 2
140 580
1 4 2
459 153
1 3 2
112 745
1 9 2
357 310
1 9 2
126 755
1 13 2
118 306
1 10 2
11 444
1 7 2
151 500
1 10 2
252 243
1 9 2
333 583
1 8 2
128 588
1 9 2
73 544
1 15 2
229 115
1 2 2
260 365
1 8 2
147 591
1 6 2
328 257
1 2 2
63 721
1 10 2
736 212
1 12 2
107 736
1 15 2
197 174
1 14 2
259 253
1 15 2
23 277
1 3 2
332 466
1 12 2
752 476
1 4 2
647 282
1 13 2
579 797
1 6 2
713 322
1 10 2
109 596
1 10 2
751 388
1 8 2
396 210
1 10 2
168 728
1 9 2
735 537
1 14 2
67 390
1 10 2
214 213
1 4 2
197 589
1 7 2
475 417
1 14 2
71 148
1 4 2
198 767
1 12 2
457 509
1 4 2
94 244
1 8 2
580 544
1 6 2
121 203
1 14 2
785 336
1 14 2
420 308
1 14 2
383 519
1 7 2
24 330
1 9 2
680 100
1 6 2
759 497
1 5 2
563 164
1 8 2
70 292
1 8 2
24 452
1 11 2
599 100
1 11 2
514 543
1 13 2
494 182
1 11 2
765 484
1 7 2
546 204
1 4 2
588 540
1 10 2
582 335
1 15 2
790 765
1 8 2
784 554
1 8 2
620 203
1 3 2
570 632
1 6 2
610 497
1 11 2
454 754
1 4 2
190 29
1 12 2
729 180
1 6 2
64 712
1 15 2
35 88
1 8 2
177 147
1 8 2
162 457
1 8 2
451 194
1 10 2
630 793
1 9 2
86 674
1 2 2
411 639
1 3 2
449 652
1 14 2
701 97
1 7 2
299 521
1 12 2
530 600
1 12 2
519 713
1 9 2
511 204
1 13 2
517 670
1 7 2
503 245
1 14 2
361 711
1 5 2
18 139
1 3 2
70 64
1 2 2
366 262
1 9 2
698 583
1 14 2
627 195
1 8 2
534 263
1 6 2
516 172
1 8 2
35 268
1 7 2
368 76
1 10 2
201 155
1 3 2
22 262
1 2 2
422 518
1 3 2
455 278
1 14 2
448 247
1 4 2
407 620
1 10 2
199 705
1 3 2
234 160
1 10 2
358 587
1 14 2
333 208
1 11 2
83 402
1 15 2
105 632
1 12 2
327 332
1 12 2
243 720
1 3 2
521 778
1 7 2
609 116
1 8 2
239 419
1 5 2
797 259
1 5 2
116 738
1 6 2
71 597
1 10 2
139 771
1 15 2
186 249
1 11 2
138 0
1 15 2
449 563
1 4 2
157 671
1 12 2
721 393
1 14 2
331 232
1 12 2
101 107
1 12 2
167 19
1 13 2
219 778
1 6 2
783 604
1 11 2
34 588
1 9 2
540 142
1 14 2
480 601
1 9 2
680 761
1 11 2
527 461
1 10 2
36 567
1 3 2
357 603
1 10 2
350 784
1 2 2
530 338
1 8 2
451 305
1 14 2
768 22
1 13 2
295 532
1 5 2
623 118
1 15 2
479 67
1 12 2
463 352
1 4 2
124 136
1 2 2
652 723
1 5 2
13 276
1 6 2
700 85
1 14 2
572 566
1 11 2
682 458
1 5 2
605 711
1 15 2
632 561
1 13 2
603 452
1 14 2
190 230
1 15 2
463 799
1 14 2
124 643
1 14 2
386 615
1 10 2
675 223
1 6 2
507 157
1 13 2
609 620
1 15 2
239 195
1 15 2
564 156
1 13 2
655 325
1 9 2
314 788
1 14 2
257 472
1 6 2
428 437
1 12 2
304 25
1 8 2
725 370
1 4 2
554 657
1 3 2
737 419
1 12 2
61 606
1 14 2
539 314
1 8 2
540 170
1 12 2
496 265
1 6 2
349 418
1 3 2
352 756
1 6 2
602 619
1 15 2
186 493
1 3 2
529 103
1 7 2
166 734
1 2 2
635 391
1 3 2
100 671
1 5 2
465 38
1 12 2
770 37
1 10 2
247 712
1 2 2
530 479
1 10 2
150 592
1 10 2
21 321
1 5 2
653 780
1 3 2
228 640
1 11 2
36 123
1 2 2
181 390
1 2 2
286 647
1 15 2
410 314
1 3 2
240 122
1 12 2
0 793
1 12 2
111 521
1 13 2
311 368
1 14 2
206 724
1 12 2
74 674
1 9 2
125 241
1 15 2
718 678
1 9 2
257 296
1 5 2
193 459
1 8 2
278 481
1 2 2
767 389
1 3 2
256 293
1 11 2
742 352
1 10 2
683 147
1 4 2
513 697
1 4 2
629 144
1 8 2
446 188
1 11 2
591 775
1 9 2
283 455
1 9 2
761 443
1 10 2
356 183
1 3 2
19 12
1 9 2
419 676
1 10 2
710 183
1 15 2
363 360
1 6 2
92 369
1 2 2
421 772
1 9 2
392 398
1 5 2
740 786
1 12 2
143 161
1 14 2
138 318
1 15 2
601 146
1 14 2
142 190
1 7 2
82 585
1 2 2
45 622
1 13 2
550 1
1 12 2
656 263
1 7 2
596 328
1 13 2
707 614
1 7 2
350 305
1 3 2
361 364
1 12 2
321 639
1 4 2
557 507
1 14 2
14 446
1 7 2
38 301
1 4 2
99 52
1 13 2
366 360
1 11 2
549 775
1 6 2
196 235
1 14 2
503 619
1 11 2
132 48
1 7 2
113 548
1 8 2
513 83
1 7 2
214 742
1 15 2
551 580
1 15 2
95 497
1 11 2
117 230
1 13 2
144 298
1 12 2
263 631
1 5 2
775 514
1 14 2
105 680
1 5 2
376 56
1 3 2
310 689
1 6 2
662 100
1 3 2
464 231
1 12 2
562 276
1 15 2
210 558
1 4 2
326 63
1 7 2
110 216
1 2 2
344 714
1 4 2
583 441
1 9 2
356 38
1 9 2
251 183
1 11 2
28 406
1 8 2
260 284
1 5 2
645 12
1 10 2
108 24
1 14 2
607 285
1 14 2
568 476
1 6 2
668 570
1 13 2
305 730
1 9 2
6 164
1 9 2
735 580
1 3 2
649 354
1 10 2
700 258
1 11 2
67 405
1 15 2
307 315
1 13 2
324 108
1 8 2
576 509
1 8 2
760 63
1 12 2
156 50
1 8 2
215 579
1 14 2
717 118
1 6 2
510 474
1 15 2
633 165
1 13 2
347 42
1 13 2
587 483
1 13 2
635 739
1 12 2
82 539
1 13 2
677 466
1 6 2
22 297
1 5 2
537 588
1 6 2
627 785
1 8 2
750 480
1 12 2
699 509
1 11 2
620 596
1 7 2
125 453
1 2 2
578 8
1 5 2
795 8
1 12 2
493 450
1 5 2
455 228
1 15 2
8 659
1 13 2
73 490
1 4 2
766 260
1 5 2
398 310
1 9 2
700 32
1 9 2
158 515
1 6 2
59 142
1 9 2
557 570
1 8 2
355 344
1 4 2
672 690
1 3 2
772 262
1 8 2
222 585
1 5 2
376 240
1 2 2
51 151
1 5 2
487 501
1 5 2
445 713
1 2 2
740 747
1 5 2
336 218
1 8 2
589 379
1 5 2
503 403
1 2 2
768 7
1 3 2
221 6
1 7 2
22 640
1 11 2
360 11
1 2 2
309 17
1 2 2
662 609
1 2 2
28 318
1 9 2
798 487
1 5 2
489 707
1 10 2
583 117
1 13 2
673 769
1 4 2
432 791
1 8 2
52 508
1 12 2
569 192
1 3 2
704 84
1 9 2
536 60
1 8 2
126 142
1 2 2
442 694
1 8 2
748 725
1 7 2
498 422
1 13 2
29 4
1 8 2
53 299
1 12 2
235 355
1 10 2
225 489
1 9 2
143 659
1 14 2
180 446
1 7 2
693 753
1 9 2
544 532
1 13 2
713 146
1 5 2
780 615
1 6 2
260 732
1 4 2
569 590
1 15 2
648 565
1 6 2
214 543
1 9 2
23 96
1 2 2
145 330
1 9 2
121 41
1 4 2
457 93
1 3 2
257 728
1 4 2
66 760
1 11 2
528 269
1 6 2
708 616
1 6 2
562 670
1 2 2
766 90
1 15 2
615 333
1 7 2
69 749
1 14 2
503 470
1 7 2
369 91
1 12 2
576 450
1 9 2
383 475
1 7 2
489 603
1 14 2
497 417
1 5 2
592 50
1 3 2
69 428
1 7 2
661 140
1 4 2
240 685
1 6 2
203 184
1 11 2
83 395
1 12 2
712 794
1 3 2
328 615
1 4 2
588 443
1 9 2
278 551
1 11 2
226 455
1 13 2
432 332
1 10 2
751 241
1 4 2
9 484
1 10 2
112 490
1 14 2
627 263
1 9 2
105 269
1 13 2
213 784
1 3 2
47 341
1 11 2
219 526
1 9 2
202 746
1 8 2
39 471
1 3 2
1 574
1 13 2
545 654
1 11 2
425 98
1 2 2
304 101
1 4 2
107 253
1 7 2
454 597
1 6 2
352 144
1 8 2
677 746
1 13 2
455 151
1 12 2
547 128
1 9 2
388 178
1 11 2
153 460
1 12 2
499 214
1 15 2
280 648
1 2 2
735 101
1 9 2
404 494
1 4 2
109 429
1 7 2
265 521
1 10 2
301 454
1 2 2
576 291
1 15 2
164 289
1 8 2
112 420
1 7 2
436 125
1 10 2
272 391
1 15 2
743 786
1 9 2
251 597
1 11 2
465 512
1 15 2
485 243
1 11 2
261 528
1 8 2
657 506
1 8 2
158 406
1 3 2
492 576
1 15 2
67 714
1 12 2
655 370
1 8 2
401 677
1 11 2
127 209
1 11 2
215 193
1 12 2
514 721
1 15 2
113 680
1 9 2
38 446
1 12 2
92 354
1 7 2
89 691
1 13 2
429 325
1 5 2
767 321
1 8 2
764 500
1 15 2
382 124
1 11 2
48 519
1 15 2
313 517
1 12 2
639 514
1 8 2
291 96
1 13 2
594 105
1 12 2
680 337
1 5 2
117 435
1 9 2
566 375
1 11 2
506 521
1 4 2
725 79
1 12 2
466 442
1 13 2
166 109
1 12 2
339 38
1 9 2
346 427
1 3 2
413 740
1 11 2
533 701
1 6 2
605 402
1 12 2
450 188
1 9 2
12 569
1 10 2
523 749
1 6 2
729 158
1 14 2
162 318
1 6 2
540 457
1 8 2
563 29
1 8 2
640 687
1 7 2
638 133
1 5 2
295 302
1 7 2
702 472
1 4 2
798 623
1 6 2
220 177
1 13 2
633 39
1 14 2
598 414
1 15 2
587 500
1 11 2
324 307
1 15 2
18 281
1 11 2
258 636
1 14 2
156 790
1 2 2
333 315
1 2 2
92 563
1 13 2
582 68
1 10 2
447 535
1 11 2
228 93
1 5 2
580 481
1 12 2
666 546
1 10 2
470 602
1 15 2
14 335
1 6 2
760 205
1 4 2
659 124
1 14 2
350 338
1 2 2
657 152
1 5 2
46 761
1 15 2
381 127
1 2 2
256 90
1 9 2
128 115
1 11 2
4 667
1 2 2
533 737
1 13 2
134 394
1 8 2
422 688
1 8 2
304 102
1 11 2
160 699
1 8 2
783 633
1 12 2
231 757
1 10 2
241 6
1 14 2
97 7
1 8 2
560 757
1 2 2
570 21
1 9 2
352 81
1 14 2
565 387
1 4 2
202 438
1 13 2
675 155
1 2 2
483 440
1 13 2
317 491
1 8 2
524 707
1 9 2
682 130
1 13 2
460 331
1 5 2
227 698
1 3 2
749 255
1 2 2
131 259
1 6 2
12 124
1 15 2
158 72
1 6 2
579 353
1 5 2
409 583
1 8 2
70 295
1 8 2
625 414
1 9 2
648 140
1 15 2
709 708
1 15 2
52 651
1 2 2
523 792
1 9 2
120 318
1 9 2
687 530
1 6 2
432 493
1 12 2
214 536
1 5 2
576 412
1 8 2
63 34
1 6 2
386 239
1 4 2
309 164
1 6 2
97 345
1 4 2
391 559
1 7 2
556 748
1 7 2
537 185
1 4 2
763 591
1 4 2
21 236
1 10 2
39 611
1 7 2
562 57
1 14 2
422 477
1 5 2
106 463
1 3 2
413 619
1 6 2
669 360
1 3 2
467 783
1 15 2
64 367
1 6 2
67 84
1 12 2
57 194
1 11 2
384 746
1 13 2
39 254
1 4 2
278 368
1 7 2
159 797
1 14 2
100 749
1 14 2
401 390
1 3 2
225 112
1 6 2
77 205
1 2 2
754 795
1 6 2
182 551
1 2 2
69 95
1 3 2
115 323
1 6 2
341 127
1 11 2
223 355
1 9 2
55 346
1 3 2
311 433
1 2 2
365 433
1 7 2
388 751
1 5 2
37 531
1 12 2
298 790
1 6 2
172 58
1 14 2
584 545
1 5 2
700 28
1 3 2
609 714
1 2 2
442 85
1 13 2
335 210
1 5 2
234 89
1 2 2
187 702
1 7 2
9 393
1 2 2
114 474
1 11 2
437 158
1 5 2
438 602
1 10 2
157 252
1 14 2
720 207
1 4 2
204 671
1 8 2
708 166
1 8 2
739 100
1 5 2
617 208
1 4 2
271 466
1 9 2
564 723
1 15 2
357 769
1 2 2
56 485
1 9 2
528 49
1 6 2
158 493
1 6 2
647 677
1 3 2
698 612
1 3 2
452 742
1 7 2
645 460
1 7 2
778 497
1 6 2
311 391
1 9 2
43 645
1 11 2
215 175
1 6 2
435 221
1 5 2
226 28
1 6 2
345 663
1 2 2
439 372
1 12 2
283 759
1 13 2
604 628
1 12 2
552 0
1 5 2
683 200
1 7 2
387 624
1 13 2
496 314
1 11 2
152 740
1 15 2
609 62
1 9 2
336 20
1 15 2
462 440
1 8 2
426 653
1 11 2
41 411
1 14 2
61 457
1 5 2
663 115
1 8 2
198 289
1 13 2
569 767
1 13 2
9 770
1 10 2
554 624
1 6 2
147 151
1 3 2
482 769
1 2 2
46 726
1 12 2
470 712
1 12 2
631 716
1 12 2
74 539
1 15 2
395 702
1 13 2
578 248
1 14 2
21 585
1 12 2
422 621
1 4 2
216 613
1 10 2
740 34
1 2 2
260 129
1 2 2
161 85
1 12 2
634 496
1 8 2
452 328
1 10 2
459 570
1 5 2
443 751
1 8 2
376 508
1 7 2
736 31
1 9 2
675 305
1 6 2
149 797
1 15 2
668 602
1 5 2
307 744
1 11 2
434 286
1 4 2
642 152
1 14 2
656 669
1 9 2
613 534
1 3 2
763 379
1 7 2
401 421
1 14 2
737 628
1 6 2
705 774
1 6 2
8 435
1 8 2
154 228
1 6 2
573 720
1 13 2
743 415
1 14 2
319 264
1 11 2
144 39
1 6 2
565 613
1 8 2
481 553
1 4 2
602 561
1 14 2
65 287
1 11 2
724 447
1 7 2
277 438
1 7 2
494 392
1 7 2
505 403
1 7 2
338 113
1 13 2
37 535
1 5 2
680 309
1 3 2
687 202
1 10 2
556 213
1 8 2
341 661
1 13 2
237 454
1 14 2
770 434
1 7 2
160 398
1 8 2
729 633
1 6 2
442 286
1 8 2
447 673
1 15 2
585 796
1 8 2
216 782
1 14 2
449 738
1 12 2
689 230
1 14 2
755 621
1 15 2
124 531
1 6 2
126 96
1 8 2
723 393
1 10 2
311 694
1 10 2
629 33
1 3 2
419 228
1 2 2
546 542
1 9 2
26 237
1 9 2
594 677
1 15 2
424 496
1 6 2
736 16
1 13 2
226 590
1 2 2
59 9
1 15 2
493 101
1 14 2
299 363
1 3 2
135 159
1 2 2
221 322
1 5 2
356 218
1 4 2
572 49
1 6 2
654 464
1 11 2
531 350
1 4 2
340 142
1 4 2
757 465
1 12 2
160 326
1 14 2
166 68
1 10 2
705 205
1 10 2
638 452
1 11 2
589 59
1 2 2
102 638
1 2 2
143 295
1 4 2
140 610
1 13 2
229 671
1 3 2
126 4
1 5 2
440 589
1 6 2
253 181
1 15 2
9 331
1 6 2
26 489
1 2 2
738 242
1 15 2
67 408
1 8 2
499 752
1 15 2
725 151
1 2 2
149 85
1 3 2
240 524
1 6 2
161 512
1 9 2
118 254
1 10 2
686 362
1 5 2
551 726
1 10 2
670 277
1 5 2
615 433
1 15 2
758 666
1 5 2
489 242
1 14 2
374 384
1 12 2
784 598
1 11 2
797 745
1 11 2
768 99
1 6 2
671 425
1 15 2
704 629
1 12 2
719 296
1 15 2
550 329
1 11 2
654 534
1 14 2
161 337
1 9 2
755 557
1 8 2
695 567
1 11 2
583 173
1 8 2
324 136
1 14 2
665 596
1 2 2
307 747
1 6 2
71 149
1 12 2
629 763
1 10 2
188 450
1 4 2
92 25
1 8 2
714 513
1 5 2
574 108
1 8 2
99 135
1 3 2
187 510
1 10 2
494 391
1 9 2
588 439
1 13 2
202 137
1 6 2
428 287
1 15 2
252 320
1 12 2
60 396
1 12 2
10 202
1 11 2
372 100
1 11 2
114 736
1 3 2
657 713
1 6 2
75 720
1 13 2
18 104
1 2 2
94 183
1 9 2
137 68
1 4 2
304 78
1 13 2
478 403
1 7 2
352 607
1 12 2
588 474
1 6 2
585 636
1 15 2
500 172
1 9 2
511 635
1 5 2
160 121
1 14 2
107 3
1 4 2
675 459
1 10 2
699 76
1 4 2
641 198
1 9 2
9 787
1 2 2
278 374
1 6 2
390 190
1 4 2
99 359
1 11 2
78 475
1 4 2
332 398
1 14 2
17 16
1 3 2
433 490
1 2 2
146 428
1 13 2
799 687
1 4 2
198 105
1 14 2
38 685
1 6 2
459 652
1 5 2
145 767
1 15 2
57 371
1 10 2
523 357
1 12 2
161 506
1 5 2
107 227
1 8 2
170 20
1 11 2
128 532
1 7 2
595 656
1 2 2
650 330
1 11 2
580 426
1 10 2
321 560
1 6 2
220 195
1 10 2
432 641
1 9 2
769 235
1 15 2
371 72
1 10 2
783 516
1 15 2
729 300
1 7 2
362 211
1 7 2
476 63
1 4 2
746 305
1 14 2
392 634
1 3 2
748 609
1 15 2
224 513
1 3 2
758 101
1 6 2
346 796
1 12 2
641 466
1 15 2
734 486
1 4 2
596 221
1 12 2
416 518
1 9 2
691 427
1 9 2
147 229
1 11 2
153 128
1 8 2
138 530
1 11 2
250 673
1 9 2
381 143
1 9 2
70 717
1 15 2
308 329
1 8 2
701 191
1 5 2
25 476
1 3 2
47 170
1 9 2
342 621
1 4 2
174 131
1 10 2
724 308
1 7 2
792 448
1 15 2
712 371
1 11 2
221 4
1 4 2
229 272
1 11 2
285 445
1 15 2
144 622
1 3 2
627 696
1 10 2
762 718
1 2 2
294 348
1 14 2
264 354
1 9 2
774 438
1 12 2
532 709
1 11 2
427 761
1 7 2
287 119
1 4 2
182 765
1 14 2
180 186
1 5 2
211 395
1 8 2
86 341
1 8 2
289 514
1 7 2
101 688
1 10 2
687 674
1 6 2
786 131
1 11 2
47 372
1 6 2
568 609
1 3 2
294 449
1 13 2
712 318
1 5 2
362 313
1 12 2
565 675
1 5 2
488 486
1 7 2
215 168
1 5 2
616 300
1 11 2
6 365
1 11 2
589 215
1 5 2
102 217
1 12 2
640 593
1 4 2
90 422
1 10 2
8 498
1 8 2
344 221
1 3 2
194 268
1 9 2
431 617
1 14 2
683 635
1 13 2
147 107
1 13 2
304 37
1 5 2
598 799
1 3 2
537 741
1 5 2
150 584
1 5 2
97 272
1 10 2
513 491
1 6 2
253 369
1 7 2
175 643
1 5 2
492 233
1 5 2
581 457
1 4 2
414 741
1 14 2
728 289
1 13 2
717 746
1 2 2
666 133
1 2 2
419 593
1 12 2
103 258
1 3 2
27 630
1 4 2
152 492
1 8 2
488 769
1 6 2
349 58
1 10 2
320 705
1 5 2
640 210
1 4 2
502 275
1 6 2
111 725
1 14 2
494 185
1 3 2
360 582
1 10 2
174 113
1 7 2
316 720
1 3 2
783 342
1 13 2
434 235
1 12 2
678 771
1 7 2
460 606
1 6 2
113 11
1 2 2
270 87
1 5 2
172 240
1 3 2
750 98
1 12 2
566 411
1 5 2
605 678
1 4 2
98 116
1 15 2
621 54
1 4 2
115 665
1 7 2
781 23
1 13 2
519 670
1 2 2
725 799
1 3 2
185 596
1 8 2
673 94
1 9 2
424 341
1 15 2
797 734
1 15 2
373 487
1 4 2
24 170
1 15 2
512 761
1 11 2
650 133
1 6 2
78 745
1 7 2
519 598
1 9 2
565 557
1 11 2
104 113
1 9 2
737 529
1 14 2
337 553
1 14 2
787 113
1 9 2
746 528
1 10 2
515 17
1 14 2
675 759
1 12 2
520 410
1 5 2
294 393
1 6 2
413 201
1 8 2
621 308
1 3 2
286 336
1 8 2
697 325
1 7 2
89 286
1 15 2
195 448
1 15 2
277 298
1 15 2
35 261
1 15 2
48 626
1 4 2
779 313
1 5 2
552 449
1 8 2
390 607
1 11 2
121 436
1 2 2
712 153
1 10 2
419 335
1 3 2
360 675
1 8 2
684 36
1 14 2
653 387
1 2 2
203 74
1 14 2
106 389
1 13 2
646 130
1 14 2
234 110
1 11 2
358 495
1 4 2
714 514
1 6 2
377 678
1 12 2
52 773
1 11 2
8 339
1 9 2
150 626
1 8 2
454 200
1 15 2
336 584
1 11 2
530 738
1 5 2
151 247
1 7 2
336 151
1 11 2
140 122
1 15 2
739 311
1 15 2
761 98
1 5 2
59 174
1 3 2
549 452
1 13 2
502 256
1 3 2
349 20
1 15 2
36 113
1 15 2
749 455
1 14 2
736 493
1 6 2
215 502
1 6 2
724 125
1 10 2
213 145
1 6 2
332 731
1 3 2
168 705
1 7 2
323 584
1 3 2
252 398
1 6 2
353 149
1 13 2
26 606
1 12 2
634 157
1 8 2
777 495
1 2 2
93 739
1 8 2
190 459
1 3 2
437 550
1 15 2
410 91
1 3 2
264 363
1 6 2
0 382
1 5 2
63 480
1 3 2
773 738
1 12 2
295 556
1 15 2
230 412
1 8 2
764 181
1 15 2
495 611
1 11 2
662 184
1 5 2
23 286
1 11 2
405 77
1 12 2
638 598
1 10 2
208 513
1 4 2
691 134
1 3 2
306 448
1 14 2
316 266
1 9 2
598 564
1 11 2
693 254
1 7 2
553 27
1 12 2
646 462
1 5 2
692 334
1 10 2
214 40
1 4 2
760 292
1 11 2
607 175
1 5 2
131 583
1 2 2
261 85
1 4 2
93 718
1 13 2
264 183
1 2 2
773 746
1 15 2
246 187
1 2 2
432 669
1 15 2
286 499
1 5 2
220 293
1 5 2
150 666
1 4 2
135 484
1 13 2
515 723
1 7 2
452 785
1 10 2
606 640
1 8 2
313 723
1 3 2
457 17
1 15 2
429 777
1 3 2
31 390
1 7 2
410 355
1 10 2
81 269
1 12 2
392 30
1 8 2
209 638
1 12 2
196 265
1 2 2
340 775
1 11 2
776 224
1 15 2
160 738
1 15 2
188 94
1 9 2
524 27
1 5 2
42 588
1 4 2
579 434
1 3 2
155 258
1 5 2
522 447
1 12 2
565 2
1 3 2
142 628
1 9 2
641 139
1 10 2
744 556
1 4 2
56 609
1 6 2
408 144
1 10 2
251 149
1 13 2
109 160
1 6 2
201 613
1 9 2
196 105
1 3 2
307 82
1 9 2
395 299
1 7 2
726 661
1 11 2
2 119
1 8 2
719 190
1 5 2
559 472
1 7 2
28 308
1 12 2
201 659
1 3 2
399 509
1 14 2
713 725
1 8 2
262 509
1 11 2
357 502
1 13 2
720 236
1 3 2
571 16
1 4 2
11 466
1 2 2
549 464
1 3 2
256 359
1 8 2
35 351
1 6 2
641 306
1 8 2
298 590
1 9 2
524 697
1 8 2
116 68
1 15 2
533 593
1 11 2
372 694
1 12 2
77 242
1 6 2
682 665
1 6 2
759 355
1 9 2
273 203
1 2 2
152 673
1 4 2
632 599
1 5 2
245 179
1 6 2
786 214
1 4 2
11 149
1 14 2
764 3
1 7 2
422 601
1 7 2
156 695
1 8 2
620 80
1 5 2
619 39
1 6 2
465 626
1 10 2
648 742
1 5 2
140 267
1 7 2
319 185
1 2 2
443 631
1 7 2
103 225
1 10 2
611 645
1 15 2
13 446
1 3 2
647 505
1 3 2
194 45
1 8 2
746 607
1 2 2
159 524
1 8 2
444 711
1 5 2
464 154
1 6 2
475 291
1 7 2
409 294
1 15 2
616 48
1 11 2
505 140
1 15 2
598 228
1 7 2
758 436
1 9 2
148 637
1 12 2
646 505
1 2 2
540 137
1 12 2
359 388
1 13 2
117 83
1 2 2
719 673
1 3 2
687 86
1 11 2
517 710
1 15 2
508 627
1 11 2
254 265
1 13 2
388 584
1 15 2
129 680
1 13 2
66 229
1 3 2
396 609
1 9 2
646 789
1 11 2
762 416
1 5 2
177 600
1 15 2
744 665
1 7 2
197 494
1 11 2
57 345
1 15 2
751 706
1 4 2
538 172
1 14 2
31 61
1 10 2
665 463
1 2 2
87 691
1 8 2
749 121
1 7 2
385 67
1 9 2
272 96
1 5 2
263 138
1 11 2
175 65
1 9 2
167 435
1 3 2
161 690
1 6 2
207 199
1 2 2
756 36
1 8 2
331 590
1 14 2
112 417
1 11 2
795 639
1 15 2
431 492
1 15 2
683 111
1 15 2
235 293
1 12 2
230 61
1 12 2
216 282
1 6 2
567 672
1 2 2
713 466
1 9 2
473 400
1 4 2
346 786
1 3 2
377 76
1 4 2
760 508
1 12 2
614 607
1 7 2
551 596
1 2 2
665 683
1 12 2
636 749
1 9 2
675 191
1 10 2
451 611
1 10 2
776 721
1 7 2
603 109
1 4 2
789 670
1 10 2
505 789
1 15 2
264 187
1 14 2
100 415
1 13 2
636 492
1 11 2
478 69
1 13 2
622 751
1 13 2
690 261
1 3 2
69 170
1 9 2
166 185
1 14 2
499 332
1 4 2
235 712
1 13 2
759 576
1 8 2
36 554
1 8 2
443 627
1 6 2
83 129
1 6 2
793 634
1 9 2
305 437
1 5 2
414 463
1 3 2
511 60
1 3 2
499 45
1 10 2
742 461
1 6 2
484 539
1 8 2
566 721
1 12 2
72 233
1 10 2
413 385
1 3 2
648 558
1 6 2
614 299
1 3 2
234 380
1 6 2
115 1
1 12 2
493 528
1 11 2
642 187
1 2 2
523 319
1 5 2
343 578
1 2 2
748 631
1 13 2
205 740
1 9 2
536 20
1 13 2
265 618
1 14 2
169 590
1 14 2
546 359
1 7 2
442 83
1 13 2
133 574
1 7 2
338 109
1 6 2
685 325
1 10 2
680 544
1 8 2
348 82
1 13 2
145 578
1 9 2
797 122
1 7 2
455 366
1 5 2
81 710
1 4 2
606 358
1 10 2
255 46
1 10 2
637 281
1 6 2
262 748
1 13 2
21 424
1 5 2
690 178
1 15 2
53 751
1 2 2
251 292
1 7 2
597 39
1 10 2
504 529
1 13 2
540 793
1 15 2
358 45
1 6 2
271 747
1 8 2
153 589
1 6 2
794 661
1 8 2
33 445
1 2 2
31 237
1 13 2
7 613
1 9 2
133 710
1 12 2
152 234
1 15 2
345 372
1 12 2
529 512
1 2 2
107 421
1 3 2
621 564
1 9 2
100 120
1 15 2
96 500
1 10 2
18 592
1 15 2
407 547
1 4 2
57 560
1 13 2
604 358
1 14 2
289 639
1 2 2
461 61
1 7 2
549 313
1 14 2
155 499
1 2 2
31 458
1 13 2
523 258
1 11 2
306 763
1 10 2
475 408
1 5 2
73 235
1 10 2
538 135
1 13 2
219 472
1 12 2
698 233
1 7 2
564 228
1 6 2
420 319
1 3 2
442 13
1 14 2
743 369
1 11 2
613 404
1 9 2
523 54
1 4 2
122 586
1 7 2
494 325
1 11 2
452 216
1 5 2
657 498
1 2 2
131 475
1 6 2
66 33
1 6 2
457 11
1 8 2
745 279
1 15 2
454 508
1 13 2
450 768
1 8 2
209 623
1 9 2
169 417
1 6 2
612 311
1 10 2
368 2
1 9 2
112 421
1 5 2
246 657
1 3 2
18 692
1 14 2
232 449
1 6 2
325 285
1 6 2
724 158
1 4 2
35 229
1 2 2
707 109
1 9 2
455 41
1 14 2
112 780
1 12 2
65 464
1 2 2
564 610
1 14 2
351 144
1 13 2
211 320
1 2 2
172 181
1 13 2
517 19
1 5 2
566 219
1 4 2
521 411
1 15 2
313 271
1 14 2
454 432
1 5 2
495 532
1 7 2
410 765
1 11 2
623 611
1 4 2
764 55
1 10 2
660 50
1 11 2
549 276
1 3 2
660 491
1 8 2
709 9
1 5 2
739 153
1 8 2
398 495
1 9 2
262 46
1 7 2
421 216
1 3 2
328 548
1 5 2
472 111
1 2 2
393 397
1 11 2
34 678
1 10 2
726 747
1 5 2
666 345
1 15 2
214 106
1 10 2
512 639
1 11 2
547 417
1 10 2
310 602
1 7 2
84 667
1 14 2
1 72
1 13 2
474 574
1 5 2
99 629
1 6 2
243 434
1 12 2
642 766
1 2 2
2 431
1 15 2
586 764
1 11 2
630 17
1 11 2
502 385
1 2 2
773 125
1 2 2
77 756
1 2 2
532 296
1 14 2
156 575
1 13 2
75 612
1 4 2
146 233
1 12 2
352 524
1 2 2
261 444
1 14 2
131 592
1 3 2
768 786
1 9 2
644 642
1 9 2
746 114
1 14 2
160 10
1 13 2
184 164
1 13 2
31 305
1 9 2
389 2
1 15 2
592 309
1 6 2
602 724
1 4 2
306 573
1 13 2
521 250
1 7 2
264 99
1 5 2
258 83
1 2 2
614 528
1 11 2
9 90
1 11 2
595 456
1 14 2
154 408
1 5 2
786 202
1 9 2
360 663
1 13 2
148 317
1 4 2
387 698
1 8 2
238 117
1 8 2
299 292
1 2 2
140 25
1 13 2
798 438
1 15 2
551 487
1 5 2
153 173
1 9 2
554 592
1 5 2
521 546
1 9 2
215 590
1 4 2
486 380
1 5 2
604 421
1 14 2
623 230
1 9 2
512 58
1 14 2
116 626
1 12 2
358 178
1 13 2
120 94
1 14 2
119 201
1 8 2
635 277
1 7 2
268 83
1 10 2
630 143
1 10 2
673 619
1 8 2
517 495
1 2 2
146 591
1 6 2
274 227
1 4 2
726 590
1 5 2
64 574
1 13 2
280 335
1 9 2
40 761
1 15 2
240 542
1 8 2
112 37
1 8 2
779 518
1 7 2
527 589
1 15 2
288 260
1 3 2
135 632
1 6 2
464 374
1 9 2
799 790
1 9 2
264 330
1 3 2
734 54
1 2 2
210 330
1 2 2
676 637
1 7 2
517 266
1 5 2
771 170
1 9 2
689 387
1 4 2
120 457
1 5 2
765 767
1 3 2
82 439
1 8 2
258 271
1 5 2
231 106
1 3 2
398 798
1 7 2
7 423
1 5 2
669 323
1 6 2
72 80
1 5 2
424 567
1 9 2
569 424
1 7 2
463 568
1 3 2
92 782
1 5 2
649 117
1 7 2
251 63
1 9 2
495 79
1 2 2
329 81
1 13 2
520 202
1 5 2
789 539
1 15 2
416 668
1 6 2
350 605
1 11 2
255 312
1 8 2
139 625
1 11 2
567 516
1 2 2
18 475
1 15 2
443 432
1 5 2
401 233
1 13 2
685 733
1 12 2
491 97
1 7 2
177 563
1 15 2
357 463
1 5 2
652 306
1 10 2
730 137
1 9 2
237 16
1 11 2
69 420
1 2 2
716 201
1 10 2
4 492
1 12 2
660 337
1 12 2
212 190
1 7 2
766 62
1 9 2
669 788
1 3 2
516 9
1 10 2
6 266
1 13 2
391 18
1 14 2
330 289
1 10 2
54 87
1 11 2
578 162
1 15 2
626 470
1 12 2
153 205
1 15 2
617 171
1 9 2
360 323
1 10 2
608 103
1 3 2
279 782
1 11 2
413 637
1 2 2
567 511
1 2 2
657 454
1 11 2
441 589
1 15 2
64 710
1 9 2
198 392
1 10 2
646 421
1 4 2
260 554
1 9 2
782 486
1 15 2
599 475
1 10 2
550 282
1 14 2
536 393
1 10 2
513 188
1 6 2
443 35
1 15 2
318 125
1 10 2
342 203
1 2 2
199 677
1 12 2
738 772
1 9 2
217 250
1 12 2
673 471
1 8 2
526 718
1 9 2
546 467
1 11 2
510 113
1 9 2
772 341
1 6 2
356 149
1 2 2
288 256
1 11 2
569 328
1 3 2
336 757
1 4 2
767 56
1 3 2
611 657
1 6 2
638 459
1 3 2
310 30
1 11 2
759 639
1 4 2
213 608
1 4 2
317 247
1 7 2
726 412
1 2 2
748 205
1 15 2
205 26
1 9 2
46 153
1 3 2
17 364
1 10 2
202 62
1 2 2
472 314
1 13 2
169 96
1 9 2
408 60
1 9 2
157 741
1 6 2
301 418
1 13 2
746 701
1 10 2
185 635
1 11 2
507 784
1 9 2
372 579
1 9 2
384 723
1 2 2
477 45
1 9 2
79 41
1 14 2
784 709
1 3 2
589 309
1 5 2
432 633
1 11 2
558 299
1 13 2
661 617
1 5 2
707 415
1 12 2
30 76
1 6 2
242 695
1 13 2
213 586
1 11 2
554 196
1 10 2
509 312
1 4 2
377 126
1 11 2
653 22
1 12 2
625 154
1 6 2
552 162
1 10 2
116 426
1 10 2
77 634
1 11 2
171 724
1 13 2
602 593
1 3 2
71 332
1 15 2
527 46
1 10 2
90 281
1 4 2
590 631
1 15 2
276 791
1 11 2
653 503
1 13 2
652 434
1 4 2
398 134
1 2 2
97 409
1 4 2
261 638
1 10 2
21 612
1 6 2
614 501
1 10 2
626 56
1 2 2
458 423
1 12 2
367 558
1 10 2
97 141
1 9 2
601 309
1 10 2
16 429
1 5 2
782 136
1 5 2
676 361
1 7 2
636 517
1 7 2
142 488
1 13 2
184 516
1 10 2
77 20
1 7 2
742 110
1 6 2
215 710
1 11 2
741 138
1 12 2
590 797
1 8 2
546 217
1 12 2
422 390
1 12 2
479 140
1 10 2
782 150
1 7 2
532 760
1 14 2
337 233
1 14 2
595 30
1 15 2
386 659
1 7 2
486 616
1 3 2
761 484
1 7 2
621 286
1 12 2
273 311
1 15 2
613 187
1 5 2
343 106
1 5 2
125 31
1 14 2
24 612
1 9 2
630 761
1 8 2
273 326
1 12 2
431 658
1 14 2
157 188
1 3 2
314 231
1 3 2
541 356
1 11 2
588 529
1 10 2
384 96
1 10 2
224 443
1 10 2
34 493
1 6 2
437 228
1 11 2
634 331
1 9 2
518 34
1 12 2
427 47
1 5 2
219 114
1 2 2
207 508
1 14 2
108 538
1 14 2
175 467
1 13 2
213 657
1 11 2
698 146
1 7 2
725 99
1 4 2
188 669
1 3 2
230 745
1 10 2
231 360
1 3 2
436 202
1 6 2
177 781
1 14 2
443 794
1 8 2
730 387
1 8 2
574 489
1 3 2
582 277
1 8 2
105 381
1 5 2
257 579
1 13 2
551 594
1 4 2
480 462
1 8 2
290 257
1 3 2
63 787
1 12 2
703 595
1 7 2
322 123
1 10 2
426 593
1 15 2
340 726
1 4 2
336 691
1 4 2
561 596
1 7 2
160 153
1 2 2
230 776
1 9 2
377 233
1 2 2
45 138
1 13 2
229 786
1 7 2
243 604
1 2 2
146 9
1 7 2
381 717
1 11 2
385 207
1 7 2
379 374
1 13 2
590 476
1 6 2
60 626
1 9 2
143 411
1 13 2
792 201
1 14 2
207 602
1 11 2
231 63
1 11 2
369 81
1 11 2
102 714
1 14 2
540 287
1 15 2
514 55
1 7 2
658 224
1 6 2
350 311
1 11 2
222 382
1 10 2
328 104
1 4 2
655 426
1 2 2
183 452
1 14 2
336 643
1 12 2
650 623
1 6 2
163 21
1 6 2
424 163
1 11 2
611 596
1 7 2
584 738
1 7 2
685 71
1 10 2
693 261
1 13 2
559 285
1 11 2
365 309
1 7 2
735 457
1 11 2
68 235
1 7 2
47 573
1 9 2
588 168
1 10 2
224 734
1 5 2
554 625
1 8 2
490 694
1 9 2
768 733
1 6 2
317 794
1 5 2
34 219
1 12 2
56 749
1 12 2
549 298
1 6 2
85 3
1 2 2
409 123
1 8 2
548 547
1 8 2
441 449
1 3 2
354 466
1 5 2
35 348
1 15 2
602 326
1 11 2
457 641
1 14 2
681 159
1 6 2
113 340
1 15 2
199 363
1 11 2
628 79
1 5 2
82 750
1 14 2
303 497
1 3 2
761 231
1 15 2
638 203
1 11 2
464 724
1 10 2
603 230
1 13 2
668 445
1 9 2
296 738
1 4 2
792 365
1 14 2
16 264
1 13 2
420 55
1 13 2
345 533
1 15 2
128 425
1 10 2
475 400
1 15 2
53 661
1 8 2
124 645
1 8 2
419 687
1 10 2
318 348
1 9 2
169 75
1 12 2
367 185
1 12 2
486 133
1 12 2
746 494
1 11 2
1 318
1 6 2
528 30
1 4 2
263 762
1 4 2
129 303
1 9 2
57 26
1 6 2
245 784
1 9 2
605 627
1 8 2
416 662
1 10 2
665 94
1 4 2
285 797
1 14 2
796 782
1 12 2
235 143
1 6 2
558 426
1 13 2
741 557
1 8 2
768 260
1 9 2
507 52
1 9 2
331 283
1 2 2
44 694
1 9 2
561 625
1 4 2
182 396
1 15 2
515 139
1 14 2
508 269
1 11 2
597 244
1 9 2
602 390
1 4 2
593 338
1 5 2
587 108
1 10 2
670 323
1 12 2
494 797
1 9 2
337 143
1 13 2
764 72
1 6 2
703 360
1 7 2
17 57
1 10 2
555 674
1 7 2
89 557
1 3 2
759 763
1 11 2
102 781
1 14 2
466 250
1 5 2
643 289
1 9 2
691 254
1 7 2
423 21
1 8 2
175 49
1 4 2
688 149
1 10 2
217 628
1 14 2
498 662
1 14 2
267 438
1 6 2
13 43
1 10 2
44 116
1 9 2
498 286
1 3 2
74 329
1 10 2
193 97
1 4 2
119 696
1 3 2
626 786
1 13 2
60 89
1 4 2
360 396
1 14 2
615 72
1 13 2
628 206
1 3 2
710 758
1 2 2
52 232
1 7 2
375 86
1 10 2
469 755
1 13 2
276 418
1 7 2
537 472
1 12 2
724 667
1 14 2
107 547
1 12 2
208 293
1 4 2
588 456
1 3 2
372 737
1 6 2
217 598
1 14 2
220 770
1 5 2
453 19
1 4 2
733 310
1 15 2
507 710
1 9 2
642 659
1 13 2
475 674
1 14 2
585 335
1 9 2
630 190
1 12 2
347 345
1 7 2
599 598
1 8 2
550 792
1 11 2
569 546
1 9 2
768 523
1 3 2
101 193
1 2 2
600 284
1 2 2
544 312
1 13 2
481 139
1 9 2
214 207
1 15 2
363 545
1 15 2
796 776
1 15 2
369 8
1 11 2
638 89
1 4 2
343 338
1 13 2
147 88
1 4 2
190 518
1 7 2
208 167
1 3 2
485 204
1 8 2
38 226
1 8 2
534 369
1 10 2
328 423
1 11 2
567 494
1 14 2
164 299
1 11 2
22 780
1 5 2
561 149
1 7 2
417 284
1 9 2
71 166
1 9 2
57 795
1 9 2
165 51
1 15 2
15 761
1 6 2
703 91
1 10 2
113 700
1 15 2
609 406
1 9 2
67 96
1 15 2
446 167
1 4 2
252 618
1 9 2
116 258
1 5 2
75 10
1 3 2
95 723
1 5 2
781 453
1 6 2
716 173
1 15 2
379 357
1 13 2
134 593
1 12 2
781 672
1 7 2
798 214
1 15 2
597 313
1 4 2
297 580
1 15 2
408 45
1 14 2
321 155
1 6 2
123 85
1 15 2
671 62
1 14 2
626 134
1 11 2
584 274
1 14 2
74 734
1 8 2
743 767
1 11 2
197 235
1 10 2
193 658
1 5 2
314 737
1 11 2
597 770
1 9 2
733 151
1 8 2
786 747
1 3 2
83 607
1 13 2
237 466
1 6 2
309 233
1 4 2
399 612
1 12 2
496 346
1 14 2
329 630
1 13 2
506 460
1 6 2
292 334
1 3 2
708 501
1 2 2
467 654
1 7 2
31 265
1 3 2
232 287
1 13 2
330 138
1 15 2
419 470
1 15 2
61 208
1 15 2
658 531
1 12 2
610 149
1 6 2
567 455
1 7 2
332 541
1 15 2
651 66
1 11 2
747 332
1 10 2
510 113
1 5 2
273 541
1 10 2
473 5
1 4 2
421 113
1 10 2
672 21
1 8 2
616 630
1 9 2
735 727
1 8 2
562 468
1 3 2
158 531
1 15 2
143 153
1 9 2
487 348
1 2 2
263 517
1 3 2
221 35
1 12 2
654 561
1 6 2
795 494
1 4 2
488 259
1 6 2
440 545
1 9 2
252 33
1 7 2
15 622
1 3 2
247 385
1 13 2
505 352
1 11 2
494 712
1 15 2
558 798
1 6 2
365 120
1 7 2
253 162
1 4 2
215 533
1 10 2
688 62
1 12 2
48 156
1 13 2
195 300
1 2 2
14 760
1 11 2
168 588
1 4 2
576 477
1 2 2
216 786
1 5 2
66 529
1 9 2
453 274
1 6 2
102 628
1 11 2
315 109
1 6 2
393 539
1 5 2
109 675
1 13 2
636 609
1 9 2
663 337
1 2 2
640 279
1 7 2
268 611
1 4 2
593 91
1 3 2
376 533
1 3 2
530 103
1 12 2
666 233
1 4 2
393 269
1 4 2
773 178
1 7 2
774 263
1 6 2
111 29
1 8 2
30 189
1 2 2
267 497
1 8 2
663 13
1 12 2
691 314
1 14 2
215 791
1 5 2
558 320
1 13 2
126 764
1 5 2
441 369
1 9 2
196 549
1 3 2
353 264
1 14 2
394 486
1 6 2
704 466
1 12 2
319 301
1 5 2
180 108
1 12 2
28 474
1 2 2
261 318
1 14 2
564 154
1 2 2
660 799
1 14 2
516 620
1 4 2
318 26
1 2 2
649 611
1 2 2
230 636
1 9 2
734 637
1 14 2
105 544
1 4 2
285 518
1 6 2
130 543
1 3 2
252 87
1 10 2
186 284
1 4 2
355 456
1 4 2
714 346
1 7 2
684 23
1 3 2
526 676
1 11 2
429 5
1 13 2
189 166
1 3 2
412 251
1 14 2
748 341
1 8 2
374 789
1 6 2
447 18
1 9 2
83 674
1 10 2
200 601
1 10 2
505 792
1 7 2
770 72
1 8 2
142 529
1 3 2
171 165
1 4 2
701 427
1 5 2
700 512
1 9 2
718 465
1 13 2
510 678
1 11 2
782 386
1 8 2
238 278
1 14 2
784 12
1 5 2
167 305
1 8 2
113 252
1 11 2
410 682
1 12 2
267 626
1 11 2
701 68
1 11 2
748 408
1 10 2
545 731
1 6 2
363 440
1 3 2
365 263
1 13 2
600 536
1 6 2
57 104
1 7 2
52 217
1 7 2
545 251
1 9 2
509 796
1 7 2
616 661
1 15 2
78 780
1 7 2
613 100
1 10 2
320 327
1 10 2
226 331
1 4 2
277 626
1 7 2
216 367
1 5 2
132 645
1 11 2
728 388
1 15 2
656 767
1 4 2
791 799
1 9 2
304 332
1 5 2
513 8
1 4 2
269 492
1 11 2
90 525
1 8 2
565 470
1 3 2
310 752
1 5 2
797 598
1 9 2
561 7
1 10 2
146 474
1 6 2
31 192
1 8 2
438 580
1 9 2
198 370
1 5 2
253 652
1 4 2
586 387
1 6 2
573 743
1 11 2
568 776
1 3 2
21 493
1 4 2
741 18
1 13 2
687 299
1 9 2
799 413
1 12 2
772 243
1 14 2
487 503
1 2 2
175 312
1 3 2
75 410
1 15 2
534 532
1 12 2
207 312
1 12 2
384 265
1 4 2
74 673
1 15 2
215 524
1 2 2
444 687
1 5 2
690 229
1 3 2
33 665
1 12 2
251 360
1 15 2
557 408
1 8 2
643 632
1 12 2
446 65
1 8 2
597 400
1 13 2
114 65
1 4 2
51 640
1 6 2
378 142
1 5 2
580 501
1 10 2
10 211
1 14 2
716 345
1 2 2
153 76
1 14 2
748 256
1 14 2
540 420
1 11 2
194 228
1 8 2
256 468
1 15 2
702 740
1 13 2
762 623
1 3 2
317 316
1 6 2
449 137
1 12 2
7 48
1 3 2
554 605
1 10 2
537 120
1 10 2
78 170
1 10 2
507 399
1 12 2
320 110
1 9 2
720 269
1 7 2
629 689
1 2 2
587 61
1 5 2
533 421
1 11 2
240 288
1 11 2
501 6
1 2 2
548 194
1 5 2
274 50
1 12 2
429 745
1 4 2
249 225
1 5 2
467 50
1 9 2
240 663
1 11 2
130 166
1 15 2
751 574
1 8 2
559 301
1 3 2
773 27
1 5 2
697 768
1 15 2
760 378
1 14 2
60 317
1 3 2
682 469
1 5 2
443 79
1 6 2
621 368
1 12 2
280 401
1 14 2
181 525
1 12 2
554 574
1 8 2
597 517
1 3 2
782 30
1 9 2
265 332
1 3 2
219 524
1 14 2
334 273
1 2 2
467 430
1 5 2
347 416
1 14 2
689 395
1 14 2
391 543
1 12 2
278 31
1 11 2
77 315
1 10 2
52 647
1 7 2
407 782
1 8 2
595 221
1 6 2
288 608
1 7 2
71 418
1 2 2
692 262
1 9 2
421 796
1 7 2
781 614
1 10 2
269 61
1 15 2
124 668
1 6 2
58 318
1 10 2
645 447
1 11 2
88 581
1 7 2
251 798
1 12 2
187 232
1 10 2
714 640
1 15 2
264 438
1 11 2
247 300
1 9 2
317 163
1 10 2
251 399
1 15 2
46 133
1 11 2
756 553
1 9 2
758 600
1 6 2
14 217
1 15 2
629 652
1 10 2
329 121
1 5 2
422 96
1 8 2
491 413
1 12 2
152 423
1 13 2
493 85
1 5 2
726 330
1 14 2
480 746
1 7 2
259 305
1 8 2
640 422
1 8 2
464 29
1 9 2
173 570
1 3 2
139 149
1 15 2
68 77
1 6 2
47 255
1 3 2
734 321
1 6 2
374 272
1 10 2
716 507
1 15 2
250 615
1 5 2
545 513
1 3 2
237 0
1 4 2
619 699
1 9 2
218 675
1 15 2
167 338
1 4 2
423 771
1 10 2
786 606
1 14 2
109 63
1 10 2
205 277
1 11 2
202 469
1 9 2
39 107
1 9 2
99 777
1 7 2
71 477
1 14 2
729 774
1 15 2
384 297
1 5 2
609 723
1 3 2
423 138
1 12 2
59 774
1 2 2
519 408
1 8 2
344 513
1 11 2
413 637
1 8 2
49 144
1 14 2
207 535
1 12 2
27 508
1 7 2
222 543
1 6 2
631 489
1 8 2
49 660
1 12 2
267 161
1 5 2
158 272
1 7 2
441 89
1 4 2
48 189
1 7 2
689 90
1 6 2
781 0
1 12 2
23 313
1 7 2
143 77
1 14 2
182 585
1 9 2
346 593
1 11 2
731 175
1 4 2
643 658
1 2 2
110 708
1 13 2
468 481
1 5 2
381 702
1 9 2
230 560
1 12 2
565 436
1 10 2
61 2
1 12 2
418 463
1 4 2
151 372
1 5 2
439 744
1 15 2
750 666
1 13 2
622 401
1 12 2
702 398
1 13 2
403 344
1 7 2
686 402
1 13 2
556 377
1 15 2
621 726
1 15 2
208 762
1 9 2
312 484
1 2 2
772 12
1 6 2
636 77
1 5 2
33 538
1 7 2
583 538
1 6 2
730 629
1 11 2
281 677
1 10 2
500 717
1 5 2
120 379
1 12 2
751 56
1 4 2
281 154
1 15 2
518 734
1 15 2
441 421
1 9 2
537 392
1 7 2
278 637
1 14 2
626 67
1 3 2
413 383
1 4 2
509 11
1 15 2
119 602
1 9 2
140 529
1 4 2
80 154
1 12 2
217 444
1 6 2
441 551
1 10 2
521 217
1 8 2
331 5
1 13 2
247 678
1 15 2
513 240
1 14 2
91 252
1 9 2
140 30
1 6 2
479 772
1 15 2
78 599
1 14 2
627 787
1 14 2
345 723
1 4 2
630 388
1 6 2
520 689
1 12 2
218 121
1 14 2
590 482
1 10 2
420 183
1 11 2
767 379
1 8 2
92 517
1 13 2
499 157
1 14 2
614 464
1 10 2
579 473
1 9 2
271 729
1 15 2
521 744
1 11 2
726 142
1 8 2
167 759
1 3 2
409 193
1 8 2
378 194
1 14 2
74 764
1 3 2
337 705
1 4 2
710 720
1 8 2
410 733
1 5 2
414 784
1 15 2
718 599
1 4 2
473 286
1 11 2
639 72
1 7 2
455 507
1 6 2
210 491
1 14 2
122 413
1 11 2
660 229
1 3 2
676 256
1 5 2
57 448
1 3 2
405 603
1 15 2
703 598
1 15 2
580 132
1 15 2
2 179
1 8 2
182 613
1 10 2
527 242
1 8 2
82 332
1 7 2
700 537
1 9 2
73 612
1 2 2
236 176
1 15 2
798 696
1 2 2
653 789
1 10 2
374 148
1 12 2
579 504
1 3 2
188 214
1 12 2
185 28
1 11 2
360 434
1 2 2
740 399
1 15 2
447 341
1 8 2
572 713
1 6 2
174 216
1 4 2
406 25
1 7 2
541 729
1 6 2
570 130
1 5 2
512 577
1 7 2
143 463
1 7 2
276 449
1 4 2
796 461
1 12 2
256 133
1 14 2
672 438
1 3 2
785 773
1 8 2
208 322
1 5 2
394 155
1 13 2
75 141
1 7 2
180 398
1 12 2
386 765
1 8 2
354 560
1 2 2
277 242
1 8 2
309 199
1 7 2
663 408
1 10 2
650 628
1 15 2
237 235
1 14 2
183 266
1 7 2
754 295
1 3 2
172 569
1 10 2
696 172
1 4 2
430 30
1 13 2
48 606
1 5 2
397 410
1 13 2
400 695
1 6 2
613 55
1 7 2
573 790
1 5 2
762 22
1 6 2
365 23
1 9 2
628 273
1 5 2
279 271
1 4 2
109 615
1 6 2
711 589
1 8 2
115 521
1 9 2
455 736
1 11 2
569 203
1 4 2
642 399
1 9 2
687 103
1 7 2
792 681
1 5 2
499 341
1 14 2
141 563
1 8 2
691 116
1 14 2
474 57
1 6 2
471 632
1 5 2
279 128
1 4 2
301 64
1 5 2
691 499
1 3 2
372 720
1 13 2
201 458
1 10 2
358 767
1 14 2
26 303
1 5 2
400 317
1 3 2
125 327
1 5 2
35 9
1 6 2
94 241
1 9 2
97 509
1 10 2
197 618
1 5 2
350 66
1 2 2
410 351
1 10 2
164 738
1 11 2
115 459
1 3 2
240 234
1 12 2
264 608
1 13 2
47 486
1 15 2
249 183
1 7 2
450 652
1 11 2
574 234
1 10 2
674 777
1 8 2
403 19
1 2 2
18 455
1 4 2
248 744
1 5 2
689 268
1 7 2
284 619
1 5 2
21 76
1 12 2
695 670
1 7 2
346 44
1 4 2
163 102
1 6 2
651 47
1 3 2
782 554
1 3 2
201 442
1 8 2
98 361
1 9 2
716 650
1 12 2
119 430
1 15 2
565 90
1 4 2
610 651
1 11 2
239 138
1 2 2
218 629
1 14 2
555 50
1 9 2
229 666
1 14 2
453 664
1 11 2
490 485
1 3 2
100 652
1 15 2
223 517
1 11 2
149 463
1 15 2
768 507
1 14 2
473 257
1 4 2
740 14
1 11 2
617 759
1 6 2
779 220
1 6 2
300 47
1 11 2
538 5
1 2 2
262 509
1 9 2
379 208
1 12 2
426 585
1 4 2
540 171
1 7 2
758 294
1 8 2
391 180
1 15 2
591 768
1 15 2
262 383
1 5 2
710 384
1 6 2
459 264
1 12 2
443 381
1 12 2
655 535
1 6 2
425 670
1 11 2
587 369
1 8 2
62 185
1 7 2
645 684
1 5 2
273 145
1 11 2
175 359
1 13 2
660 595
1 15 2
191 567
1 14 2
256 700
1 6 2
470 278
1 13 2
582 321
1 11 2
198 552
1 4 2
50 99
1 15 2
346 112
1 15 2
742 221
1 6 2
46 551
1 9 2
46 232
1 8 2
369 310
1 13 2
31 190
1 13 2
579 358
1 6 2
124 211
1 15 2
701 564
1 11 2
648 159
1 14 2
352 475
1 10 2
683 198
1 15 2
735 748
1 7 2
545 229
1 10 2
463 377
1 12 2
772 440
1 7 2
782 748
1 3 2
245 71
1 9 2
56 438
1 3 2
85 200
1 15 2
380 438
1 13 2
750 492
1 12 2
399 12
1 14 2
210 70
1 14 2
79 479
1 12 2
430 111
1 12 2
231 160
1 4 2
574 792
1 13 2
370 382
1 9 2
91 274
1 3 2
608 427
1 3 2
269 167
1 15 2
569 385
1 8 2
746 115
1 3 2
65 792
1 11 2
604 32
1 12 2
727 21
1 3 2
427 584
1 15 2
141 157
1 10 2
298 667
1 12 2
715 537
1 14 2
652 506
1 12 2
366 654
1 13 2
175 622
1 11 2
196 332
1 15 2
723 416
1 15 2
429 46
1 15 2
469 202
1 5 2
10 370
1 3 2
382 365
1 10 2
655 45
1 15 2
617 199
1 2 2
253 423
1 14 2
663 405
1 13 2
687 532
1 11 2
332 178
1 3 2
0 182
1 5 2
134 480
1 5 2
126 44
1 8 2
700 687
1 9 2
634 748
1 2 2
659 298
1 14 2
698 297
1 3 2
655 5
1 3 2
75 292
1 6 2
202 250
1 10 2
628 491
1 8 2
299 73
1 4 2
30 679
1 6 2
566 254
1 3 2
693 40
1 2 2
703 19
1 11 2
100 540
1 3 2
764 426
1 4 2
400 263
1 14 2
652 460
1 6 2
306 611
1 5 2
728 61
1 2 2
423 744
1 15 2
743 389
1 6 2
488 497
1 4 2
51 770
1 12 2
234 404
1 12 2
62 416
1 8 2
467 415
1 5 2
56 14
1 6 2
761 547
1 3 2
445 746
1 9 2
774 735
1 15 2
237 520
1 4 2
102 497
1 3 2
198 650
1 8 2
216 563
1 13 2
479 45
1 11 2
353 498
1 7 2
298 650
1 10 2
582 639
1 4 2
409 105
1 11 2
247 285
1 8 2
142 508
1 12 2
457 278
1 15 2
408 190
1 2 2
327 168
1 11 2
332 308
1 4 2
301 249
1 9 2
616 254
1 4 2
711 2
1 4 2
446 471
1 11 2
648 83
1 7 2
768 155
1 9 2
1 350
1 8 2
2 687
1 4 2
363 200
1 10 2
745 7
1 14 2
194 484
1 15 2
582 604
1 3 2
535 552
1 15 2
71 539
1 4 2
216 697
1 11 2
681 86
1 15 2
113 180
1 12 2
488 32
1 2 2
361 342
1 3 2
700 50
1 3 2
16 752
1 13 2
147 371
1 10 2
196 757
1 9 2
408 66
1 2 2
258 177
1 10 2
706 208
1 10 2
718 228
1 3 2
602 166
1 12 2
153 710
1 6 2
261 24
1 11 2
493 42
1 4 2
329 606
1 12 2
386 82
1 15 2
605 314
1 5 2
266 556
1 7 2
694 455
1 2 2
418 233
1 5 2
585 640
1 8 2
710 788
1 4 2
32 696
1 2 2
240 701
1 11 2
594 461
1 13 2
621 184
1 14 2
302 735
1 14 2
263 124
1 14 2
742 722
1 5 2
699 239
1 5 2
202 120
1 12 2
650 443
1 5 2
304 504
1 10 2
629 227
1 5 2
764 553
1 6 2
537 661
1 3 2
527 225
1 4 2
96 434
1 5 2
483 173
1 10 2
791 331
1 14 2
75 267
1 14 2
462 220
1 3 2
488 396
1 13 2
105 526
1 6 2
400 57
1 3 2
190 107
1 11 2
729 219
1 5 2
219 629
1 14 2
453 301
1 6 2
155 301
1 6 2
254 556
1 9 2
36 477
1 2 2
559 110
1 6 2
144 301
1 3 2
32 254
1 5 2
264 476
1 7 2
123 133
1 10 2
21 377
1 10 2
559 651
1 5 2
605 783
1 12 2
592 388
1 3 2
249 582
1 10 2
16 591
1 12 2
741 250
1 7 2
415 208
1 10 2
604 187
1 4 2
632 238
1 3 2
264 530
1 12 2
268 383
1 5 2
726 94
1 8 2
580 153
1 2 2
331 467
1 13 2
749 612
1 3 2
249 176
1 6 2
228 545
1 12 2
200 85
1 8 2
169 434
1 12 2
426 736
1 12 2
97 484
1 3 2
576 486
1 15 2
580 178
1 4 2
0 600
1 8 2
701 573
1 10 2
672 27
1 10 2
75 54
1 2 2
189 721
1 11 2
558 508
1 11 2
3 40
1 15 2
196 618
1 13 2
607 696
1 15 2
505 111
1 8 2
169 434
1 15 2
613 300
1 6 2
755 445
1 14 2
789 204
1 5 2
174 161
1 3 2
135 166
1 8 2
358 568
1 11 2
385 663
1 10 2
553 743
1 15 2
514 209
1 12 2
20 442
1 10 2
241 382
1 7 2
485 556
1 6 2
617 559
1 6 2
51 246
1 7 2
333 500
1 7 2
322 796
1 14 2
127 689
1 10 2
393 766
1 13 2
121 655
1 9 2
270 613
1 8 2
326 316
1 3 2
90 340
1 13 2
570 642
1 3 2
26 65
1 12 2
742 415
1 4 2
432 527
1 8 2
572 757
1 9 2
627 507
1 14 2
140 381
1 4 2
657 309
1 10 2
573 186
1 6 2
356 67
1 4 2
448 629
1 12 2
717 261
1 15 2
222 468
1 4 2
354 633
1 3 2
68 673
1 8 2
358 188
1 5 2
324 401
1 13 2
417 328
1 5 2
679 65
1 8 2
182 298
1 10 2
267 463
1 5 2
483 643
1 2 2
760 664
1 5 2
374 778
1 6 2
471 334
1 10 2
378 413
1 7 2
113 231
1 6 2
13 475
1 2 2
512 404
1 6 2
542 702
1 4 2
210 355
1 11 2
640 11
1 10 2
22 541
1 13 2
381 474
1 13 2
782 607
1 6 2
12 3
1 5 2
407 246
1 7 2
797 670
1 12 2
734 682
1 8 2
87 643
1 7 2
71 542
1 11 2
500 412
1 2 2
598 668
1 9 2
522 66
1 8 2
242 628
1 6 2
609 384
1 15 2
147 139
1 10 2
364 466
1 7 2
448 661
1 11 2
149 748
1 10 2
222 554
1 6 2
292 778
1 14 2
546 629
1 5 2
611 464
1 4 2
795 331
1 6 2
220 218
1 8 2
699 10
1 9 2
686 113
1 7 2
378 519
1 7 2
617 468
1 5 2
15 212
1 12 2
417 85
1 2 2
102 472
1 2 2
12 314
1 10 2
348 669
1 13 2
129 751
1 15 2
449 455
1 13 2
611 667
1 9 2
442 13
1 10 2
101 134
1 6 2
15 191
1 10 2
10 570
1 10 2
176 155
1 3 2
448 588
1 15 2
390 540
1 3 2
84 261
1 7 2
123 585
1 11 2
438 25
1 11 2
633 780
1 3 2
256 87
1 14 2
135 471
1 2 2
631 307
1 14 2
178 220
1 9 2
566 78
1 11 2
59 151
1 13 2
749 71
1 10 2
153 417
1 8 2
211 597
1 2 2
616 791
1 14 2
710 234
1 9 2
461 658
1 8 2
53 32
1 11 2
67 369
1 12 2
605 779
1 13 2
349 735
1 13 2
493 36
1 10 2
139 693
1 3 2
576 693
1 13 2
332 236
1 2 2
748 276
1 9 2
473 457
1 12 2
19 747
1 6 2
284 75
1 12 2
664 494
1 12 2
483 738
1 12 2
398 360
1 7 2
422 155
1 15 2
563 30
1 7 2
423 588
1 5 2
660 724
1 10 2
659 763
1 11 2
543 589
1 15 2
649 59
1 11 2
146 272
1 9 2
272 183
1 13 2
39 174
1 6 2
345 259
1 6 2
2 683
1 14 2
301 468
1 9 2
496 660
1 9 2
406 195
1 7 2
215 342
1 13 2
777 177
1 15 2
401 680
1 13 2
267 669
1 15 2
459 486
1 4 2
764 591
1 5 2
108 224
1 2 2
394 358
1 10 2
213 97
1 9 2
701 268
1 7 2
143 339
1 14 2
51 2
1 9 2
475 723
1 11 2
785 429
1 8 2
658 318
1 8 2
411 275
1 12 2
216 308
1 8 2
38 390
1 8 2
262 408
1 4 2
395 535
1 10 2
561 409
1 8 2
438 353
1 6 2
307 173
1 8 2
111 527
1 6 2
55 556
1 15 2
31 167
1 15 2
417 10
1 4 2
3 320
1 4 2
740 128
1 14 2
388 632
1 6 2
196 649
1 7 2
454 229
1 2 2
691 126
1 11 2
697 364
1 3 2
477 705
1 10 2
377 569
1 10 2
327 319
1 4 2
544 382
1 12 2
345 363
1 15 2
440 628
1 5 2
458 6
1 14 2
581 336
1 5 2
202 152
1 2 2
793 12
1 7 2
223 243
1 11 2
60 30
1 5 2
39 232
1 13 2
346 523
1 9 2
218 3
1 12 2
436 23
1 2 2
77 754
1 4 2
293 177
1 12 2
669 687
1 13 2
299 679
1 6 2
151 6
1 9 2
0 167
1 5 2
341 169
1 9 2
777 537
1 5 2
244 753
1 12 2
621 239
1 5 2
523 142
1 13 2
609 467
1 9 2
649 418
1 2 2
406 434
1 9 2
579 32
1 8 2
606 771
1 3 2
732 761
1 3 2
285 191
1 13 2
764 674
1 13 2
273 723
1 14 2
102 40
1 9 2
432 263
1 10 2
625 30
1 13 2
463 629
1 14 2
697 701
1 5 2
9 121
1 4 2
644 173
1 13 2
120 537
1 13 2
514 411
1 11 2
650 315
1 8 2
440 555
1 3 2
672 58
1 5 2
37 760
1 12 2
60 773
1 9 2
606 696
1 5 2
122 325
1 13 2
54 663
1 8 2
635 1
1 3 2
54 48
1 5 2
396 522
1 14 2
183 147
1 12 2
463 60
1 8 2
83 796
1 4 2
177 98
1 3 2
48 143
1 9 2
448 396
1 9 2
44 98
1 13 2
754 176
1 5 2
622 8
1 8 2
3 651
1 9 2
487 423
1 8 2
184 520
1 9 2
147 546
1 12 2
337 510
1 6 2
483 146
1 15 2
255 442
1 12 2
712 55
1 8 2
688 642
1 2 2
378 451
1 7 2
572 332
1 3 2
723 159
1 10 2
271 539
1 8 2
204 750
1 6 2
148 100
1 2 2
389 683
1 9 2
745 333
1 9 2
479 405
1 5 2
482 787
1 6 2
445 58
1 10 2
558 742
1 10 2
691 572
1 6 2
115 455
1 3 2
333 118
1 13 2
24 241
1 14 2
731 786
1 14 2
693 288
1 11 2
53 752
1 10 2
687 63
1 7 2
770 467
1 13 2
46 438
1 15 2
728 781
1 12 2
728 170
1 12 2
138 495
1 11 2
317 162
1 13 2
104 360
1 3 2
74 471
1 2 2
798 675
1 4 2
262 175
1 13 2
649 9
1 5 2
248 517
1 3 2
582 402
1 13 2
26 172
1 5 2
280 358
1 15 2
555 68
1 15 2
491 393
1 5 2
334 590
1 9 2
577 684
1 14 2
672 255
1 14 2
780 684
1 4 2
737 680
1 10 2
722 176
1 5 2
743 440
1 10 2
278 520
1 15 2
91 2
1 10 2
280 337
1 8 2
20 392
1 14 2
142 333
1 12 2
711 204
1 9 2
593 793
1 12 2
113 78
1 14 2
698 161
1 8 2
485 279
1 2 2
24 667
1 13 2
780 336
1 5 2
212 25
1 2 2
402 53
1 10 2
471 244
1 15 2
308 649
1 6 2
760 533
1 14 2
479 29
1 7 2
364 628
1 3 2
301 520
1 11 2
224 108
1 14 2
290 301
1 14 2
457 294
1 11 2
640 150
1 11 2
712 167
1 15 2
512 121
1 5 2
710 516
1 2 2
725 548
1 8 2
339 75
1 13 2
703 44
1 9 2
148 287
1 4 2
238 168
1 12 2
660 165
1 11 2
57 291
1 7 2
629 264
1 3 2
717 369
1 12 2
750 292
1 8 2
768 484
1 6 2
348 678
1 13 2
474 206
1 4 2
5 420
1 12 2
546 321
1 3 2
686 793
1 7 2
600 326
1 8 2
117 283
1 4 2
192 619
1 3 2
539 473
1 4 2
292 750
1 9 2
173 119
1 2 2
583 315
1 13 2
427 738
1 12 2
702 461
1 9 2
796 722
1 12 2
544 711
1 2 2
393 375
1 2 2
784 684
1 2 2
588 268
1 2 2
52 786
1 15 2
422 435
1 7 2
294 330
1 13 2
328 163
1 2 2
693 732
1 11 2
288 655
1 9 2
410 88
1 9 2
516 75
1 10 2
728 767
1 3 2
331 475
1 13 2
670 500
1 2 2
36 773
1 14 2
519 91
1 9 2
223 432
1 12 2
191 552
1 12 2
532 352
1 15 2
590 518
1 3 2
635 459
1 2 2
538 547
1 5 2
355 409
1 15 2
398 401
1 10 2
163 492
1 2 2
508 280
1 10 2
238 688
1 3 2
107 731
1 3 2
13 69
1 13 2
118 439
1 5 2
57 398
1 6 2
361 616
1 7 2
98 331
1 15 2
678 538
1 13 2
39 461
1 6 2
186 587
1 15 2
112 202
1 12 2
466 220
1 13 2
331 765
1 6 2
560 677
1 10 2
591 517
1 13 2
87 329
1 6 2
94 80
1 10 2
166 282
1 9 2
606 514
1 6 2
174 762
1 14 2
756 435
1 12 2
696 277
1 12 2
602 671
1 11 2
378 187
1 10 2
451 14
1 7 2
623 82
1 15 2
490 602
1 7 2
622 743
1 9 2
201 540
1 7 2
538 648
1 7 2
181 647
1 4 2
184 31
1 5 2
317 184
1 7 2
604 508
1 8 2
4 754
1 4 2
406 245
1 7 2
652 602
1 2 2
395 115
1 5 2
516 521
1 6 2
389 760
1 11 2
216 437
1 6 2
655 548
1 4 2
313 330
1 6 2
715 229
1 11 2
346 250
1 4 2
178 531
1 3 2
420 380
1 10 2
187 147
1 7 2
305 517
1 14 2
734 448
1 12 2
263 416
1 5 2
575 713
1 9 2
48 740
1 3 2
478 532
1 13 2
770 427
1 8 2
470 720
1 12 2
63 775
1 14 2
748 62
1 10 2
65 112
1 4 2
789 537
1 5 2
561 533
1 6 2
69 508
1 5 2
372 361
1 15 2
163 40
1 15 2
58 40
1 6 2
69 488
1 6 2
582 762
1 7 2
350 737
1 12 2
369 743
1 11 2
748 96
1 4 2
332 501
1 6 2
49 748
1 13 2
717 726
1 11 2
633 621
1 9 2
369 222
1 8 2
529 378
1 8 2
297 799
1 13 2
131 204
1 11 2
754 190
1 11 2
397 748
1 14 2
329 742
1 12 2
547 501
1 6 2
80 787
1 12 2
393 252
1 3 2
9 665
1 11 2
607 107
1 9 2
714 566
1 4 2
119 238
1 8 2
689 276
1 13 2
593 203
1 11 2
687 733
1 11 2
54 598
1 6 2
133 368
1 7 2
380 252
1 12 2
101 700
1 11 2
425 36
1 13 2
94 580
1 14 2
718 794
1 6 2
265 634
1 3 2
84 92
1 11 2
313 237
1 6 2
397 152
1 11 2
4 50
1 14 2
55 766
1 12 2
58 222
1 8 2
8 213
1 12 2
466 205
1 12 2
463 6
1 3 2
249 195
1 12 2
457 396
1 15 2
248 179
1 6 2
192 632
1 4 2
179 467
1 12 2
364 193
1 4 2
339 755
1 12 2
418 356
1 11 2
601 705
1 13 2
388 211
1 4 2
604 403
1 6 2
486 651
1 2 2
606 657
1 15 2
262 464
1 9 2
734 197
1 10 2
624 368
1 3 2
98 737
1 9 2
700 774
1 4 2
22 449
1 13 2
80 249
1 15 2
789 299
1 7 2
478 496
1 12 2
765 676
1 4 2
280 136
1 3 2
204 371
1 11 2
545 507
1 5 2
544 591
1 14 2
167 442
1 10 2
328 636
1 2 2
303 215
1 7 2
667 28
1 13 2
107 293
1 12 2
447 512
1 7 2
299 614
1 4 2
390 421
1 7 2
132 410
1 6 2
38 398
1 11 2
720 651
1 8 2
325 182
1 2 2
57 657
1 4 2
677 531
1 15 2
724 36
1 13 2
96 244
1 7 2
663 200
1 14 2
695 669
1 15 2
272 63
1 7 2
517 90
1 11 2
739 384
1 12 2
552 780
1 10 2
147 166
1 3 2
514 343
1 10 2
563 262
1 9 2
593 426
1 12 2
270 103
1 11 2
101 0
1 13 2
204 161
1 3 2
338 359
1 11 2
333 607
1 6 2
357 550
1 4 2
194 688
1 11 2
760 424
1 11 2
139 418
1 12 2
386 738
1 10 2
101 461
1 15 2
140 50
1 5 2
678 623
1 14 2
749 768
1 14 2
611 211
1 11 2
240 550
1 8 2
637 666
1 6 2
197 555
1 10 2
321 337
1 15 2
246 369
1 6 2
402 750
1 15 2
447 780
1 6 2
392 484
1 4 2
399 705
1 13 2
273 75
1 5 2
638 433
1 8 2
60 297
1 6 2
174 325
1 2 2
311 12
1 6 2
799 535
1 4 2
310 143
1 7 2
600 244
1 8 2
676 340
1 6 2
281 684
1 10 2
496 763
1 11 2
514 366
1 12 2
706 620
1 3 2
69 302
1 9 2
795 308
1 9 2
577 499
1 15 2
553 367
1 2 2
199 635
1 14 2
389 94
1 2 2
585 384
1 2 2
348 570
1 5 2
97 503
1 10 2
790 349
1 3 2
765 442
1 3 2
10 198
1 14 2
263 102
1 5 2
198 318
1 2 2
376 583
1 7 2
91 586
1 5 2
389 33
1 2 2
426 626
1 2 2
716 334
1 4 2
529 236
1 5 2
255 346
1 6 2
562 423
1 15 2
423 597
1 14 2
546 769
1 11 2
267 788
1 12 2
568 208
1 11 2
473 790
1 13 2
156 676
1 12 2
344 709
1 11 2
78 656
1 2 2
709 91
1 13 2
561 754
1 7 2
95 576
1 5 2
115 696
1 7 2
460 473
1 7 2
95 602
1 9 2
727 397
1 8 2
179 381
1 5 2
526 345
1 7 2
642 362
1 5 2
23 296
1 9 2
701 667
1 3 2
289 217
1 2 2
127 282
1 9 2
371 408
1 7 2
109 604
1 8 2
390 712
1 7 2
679 107
1 6 2
328 131
1 15 2
585 215
1 10 2
172 273
1 2 2
104 783
1 14 2
308 186
1 2 2
195 766
1 15 2
764 703
1 4 2
393 697
1 15 2
507 537
1 12 2
570 523
1 8 2
284 57
1 14 2
110 99
1 14 2
451 458
1 8 2
34 235
1 12 2
793 259
1 7 2
47 774
1 3 2
160 729
1 8 2
316 85
1 11 2
386 120
1 14 2
2 496
1 10 2
323 794
1 12 2
268 488
1 8 2
49 758
1 2 2
163 683
1 3 2
194 752
1 14 2
535 585
1 11 2
513 260
1 10 2
304 434
1 2 2
334 522
1 4 2
631 3
1 5 2
226 623
1 14 2
487 154
1 15 2
537 329
1 14 2
236 694
1 9 2
134 22
1 11 2
596 130
1 10 2
771 134
1 9 2
502 783
1 8 2
714 385
1 12 2
262 643
1 9 2
301 399
1 11 2
203 2
1 7 2
356 362
1 5 2
71 465
1 4 2
728 726
1 14 2
634 783
1 5 2
584 472
1 14 2
690 70
1 4 2
391 135
1 7 2
61 513
1 9 2
536 17
1 12 2
554 670
1 6 2
496 37
1 12 2
74 274
1 6 2
531 0
1 2 2
235 180
1 12 2
445 59
1 8 2
392 225
1 12 2
467 636
1 5 2
481 188
1 4 2
463 383
1 10 2
536 65
1 11 2
492 27
1 10 2
559 476
1 10 2
544 60
1 10 2
478 434
1 6 2
311 735
1 13 2
737 742
1 6 2
75 39
1 4 2
608 512
1 9 2
602 428
1 12 2
174 514
1 13 2
703 232
1 6 2
445 588
1 6 2
636 343
1 8 2
109 92
1 7 2
97 456
1 13 2
166 510
1 9 2
617 166
1 2 2
768 244
1 3 2
601 151
1 11 2
576 629
1 3 2
455 697
1 13 2
320 2
1 3 2
465 675
1 7 2
495 732
1 10 2
437 457
1 14 2
476 472
1 2 2
66 269
1 8 2
680 575
1 12 2
603 401
1 2 2
432 565
1 12 2
147 378
1 14 2
710 435
1 15 2
93 199
1 13 2
78 296
1 4 2
606 650
1 3 2
223 531
1 5 2
349 701
1 3 2
10 141
1 2 2
662 661
1 14 2
292 793
1 12 2
735 57
1 7 2
686 643
1 2 2
600 165
1 12 2
49 739
1 11 2
48 593
1 6 2
785 188
1 10 2
130 86
1 8 2
507 302
1 10 2
795 173
1 4 2
586 175
1 7 2
463 268
1 9 2
108 171
1 2 2
401 577
1 10 2
171 19
1 7 2
308 257
1 10 2
65 731
1 13 2
572 702
1 11 2
223 188
1 8 2
660 66
1 10 2
121 186
1 13 2
525 285
1 11 2
30 479
1 14 2
378 648
1 14 2
643 219
1 15 2
274 47
1 12 2
52 461
1 13 2
453 43
1 13 2
125 172
1 5 2
167 301
1 2 2
646 679
1 6 2
11 632
1 2 2
3 789
1 8 2
523 337
1 7 2
769 309
1 4 2
295 692
1 12 2
461 768
1 10 2
478 741
1 8 2
87 496
1 9 2
509 772
1 7 2
416 608
1 4 2
142 193
1 10 2
30 69
1 2 2
138 21
1 8 2
245 115
1 4 2
444 537
1 7 2
23 257
1 11 2
645 621
1 8 2
697 656
1 14 2
590 156
1 7 2
145 237
1 5 2
660 595
1 8 2
773 508
1 10 2
702 581
1 10 2
40 294
1 10 2
576 126
1 7 2
146 232
1 11 2
450 276
1 15 2
770 376
1 8 2
782 265
1 11 2
257 76
1 2 2
699 636
1 8 2
391 153
1 15 2
281 671
1 8 2
201 424
1 12 2
5 726
1 9 2
328 398
1 14 2
34 79
1 10 2
499 52
1 9 2
509 2
1 4 2
393 687
1 11 2
635 190
1 3 2
3 696
1 11 2
479 64
1 11 2
101 5
1 4 2
475 153
1 7 2
94 153
1 4 2
608 497
1 8 2
402 425
1 5 2
617 230
1 11 2
311 264
1 7 2
82 431
1 4 2
188 645
1 6 2
703 397
1 3 2
602 195
1 8 2
516 693
1 14 2
156 261
1 12 2
134 453
1 9 2
733 480
1 4 2
608 417
1 11 2
7 221
1 9 2
147 799
1 4 2
474 539
1 10 2
475 462
1 15 2
360 590
1 8 2
95 698
1 13 2
593 635
1 5 2
686 723
1 6 2
311 197
1 5 2
258 321
1 9 2
157 205
1 2 2
134 148
1 10 2
741 211
1 8 2
426 373
1 4 2
276 411
1 2 2
40 636
1 3 2
78 622
1 3 2
604 161
1 6 2
78 538
1 8 2
308 370
1 8 2
490 454
1 12 2
471 616
1 5 2
157 243
1 6 2
336 540
1 13 2
200 708
1 12 2
166 371
1 6 2
795 237
1 2 2
748 533
1 9 2
332 216
1 15 2
618 735
1 4 2
625 82
1 8 2
517 263
1 4 2
264 343
1 8 2
129 731
1 13 2
153 190
1 14 2
294 351
1 11 2
633 420
1 2 2
660 185
1 4 2
394 2
1 14 2
417 751
1 6 2
463 782
1 5 2
589 777
1 9 2
684 427
1 7 2
16 615
1 2 2
141 731
1 3 2
749 408
1 2 2
262 150
1 2 2
566 649
1 9 2
541 1
1 6 2
417 107
1 5 2
334 439
1 15 2
604 320
1 8 2
556 29
1 5 2
269 682
1 15 2
276 699
1 8 2
310 425
1 9 2
697 381
1 7 2
432 639
1 8 2
52 49
1 14 2
458 277
1 4 2
347 781
1 6 2
618 611
1 4 2
288 754
1 11 2
394 418
1 12 2
320 578
1 11 2
382 53
1 14 2
133 325
1 13 2
377 354
1 11 2
253 619
1 2 2
205 67
1 10 2
157 252
1 14 2
81 730
1 6 2
7 581
1 8 2
82 544
1 7 2
662 317
1 6 2
350 473
1 15 2
724 51
1 3 2
700 727
1 5 2
525 462
1 7 2
430 446
1 5 2
178 599
1 2 2
580 272
1 6 2
651 604
1 12 2
394 444
1 6 2
30 306
1 8 2
198 444
1 9 2
729 752
1 15 2
359 114
1 12 2
178 104
1 3 2
580 342
1 5 2
299 713
1 11 2
587 274
1 8 2
101 138
1 12 2
555 186
1 6 2
291 202
1 6 2
483 222
1 4 2
476 196
1 3 2
101 166
1 12 2
505 285
1 12 2
565 605
1 7 2
793 404
1 4 2
129 793
1 3 2
328 695
1 13 2
659 456
1 6 2
113 309
1 3 2
581 12
1 15 2
557 150
1 14 2
105 656
1 4 2
313 753
1 2 2
608 18
1 14 2
163 758
1 13 2
602 511
1 13 2
50 236
1 13 2
650 243
1 8 2
506 269
1 7 2
126 479
1 2 2
468 85
1 9 2
426 243
1 12 2
413 705
1 6 2
786 525
1 4 2
194 190
1 6 2
607 253
1 10 2
202 289
1 11 2
231 94
1 5 2
379 723
1 6 2
178 784
1 5 2
320 446
1 15 2
427 154
1 4 2
666 36
1 9 2
434 565
1 4 2
14 325
1 2 2
444 262
1 4 2
718 638
1 11 2
424 775
1 6 2
201 676
1 5 2
588 604
1 15 2
189 468
1 14 2
322 795
1 5 2
73 438
1 8 2
358 152
1 9 2
348 96
1 3 2
696 407
1 6 2
386 508
1 14 2
228 36
1 9 2
790 103
1 13 2
57 292
1 8 2
158 470
1 6 2
479 69
1 15 2
476 517
1 4 2
691 732
1 3 2
159 652
1 14 2
687 503
1 6 2
691 641
1 9 2
425 717
1 4 2
216 464
1 8 2
736 526
1 10 2
210 604
1 10 2
683 178
1 12 2
576 584
1 8 2
427 615
1 4 2
730 102
1 6 2
106 457
1 6 2
685 73
1 5 2
111 468
1 4 2
422 298
1 10 2
156 776
1 2 2
519 357
1 12 2
112 335
1 4 2
32 521
1 6 2
241 771
1 14 2
723 280
1 10 2
52 386
1 11 2
538 409
1 8 2
619 173
1 11 2
380 675
1 2 2
399 473
1 2 2
773 364
1 6 2
409 53
1 7 2
405 1
1 5 2
142 77
1 13 2
290 300
1 8 2
99 74
1 7 2
41 150
1 5 2
626 780
1 9 2
562 420
1 14 2
701 266
1 9 2
684 733
1 14 2
507 528
1 5 2
706 176
1 13 2
630 748
1 15 2
552 212
1 4 2
548 502
1 3 2
18 60
1 7 2
173 168
1 5 2
538 519
1 9 2
314 330
1 7 2
792 564
1 8 2
89 297
1 3 2
394 610
1 6 2
66 614
1 3 2
488 725
1 2 2
447 101
1 12 2
331 109
1 5 2
724 310
1 10 2
271 745
1 8 2
247 230
1 9 2
264 316
1 11 2
468 119
1 4 2
589 314
1 9 2
74 122
1 10 2
72 239
1 15 2
371 215
1 9 2
702 205
1 7 2
505 460
1 4 2
110 487
1 13 2
458 56
1 2 2
176 67
1 7 2
204 740
1 2 2
425 131
1 11 2
79 574
1 2 2
241 661
1 15 2
560 17
1 14 2
744 716
1 14 2
654 223
1 9 2
652 542
1 6 2
34 428
1 8 2
208 352
1 10 2
666 197
1 7 2
440 797
1 7 2
772 167
1 12 2
292 511
1 15 2
744 270
1 14 2
229 752
1 4 2
414 488
1 8 2
356 78
1 7 2
229 447
1 15 2
16 140
1 7 2
619 20
1 15 2
472 378
1 12 2
166 632
1 7 2
784 427
1 4 2
398 557
1 11 2
33 462
1 4 2
546 340
1 11 2
14 255
1 15 2
112 511
1 8 2
643 726
1 15 2
584 680
1 7 2
227 736
1 4 2
241 186
1 4 2
633 230
1 13 2
390 169
1 8 2
277 374
1 4 2
730 247
1 4 2
730 318
1 7 2
171 429
1 7 2
289 111
1 8 2
306 293
1 5 2
382 776
1 10 2
374 439
1 5 2
481 226
1 7 2
112 249
1 14 2
707 40
1 12 2
795 48
1 7 2
539 257
1 5 2
117 734
1 8 2
640 359
1 12 2
751 318
1 2 2
177 359
1 6 2
268 132
1 13 2
566 753
1 11 2
177 493
1 5 2
18 509
1 4 2
315 514
1 7 2
578 399
1 11 2
121 158
1 4 2
284 246
1 10 2
576 698
1 11 2
243 534
1 3 2
300 102
1 13 2
260 327
1 11 2
81 447
1 15 2
94 346
1 14 2
530 333
1 9 2
638 415
1 4 2
354 77
1 9 2
169 74
1 4 2
627 785
1 3 2
634 18
1 2 2
677 169
1 10 2
270 453
1 10 2
777 306
1 9 2
488 49
1 10 2
415 550
1 9 2
589 469
1 4 2
110 74
1 14 2
486 679
1 12 2
83 521
1 4 2
132 677
1 11 2
685 547
1 11 2
451 634
1 15 2
772 555
1 4 2
439 223
1 12 2
206 754
1 3 2
109 207
1 6 2
228 787
1 13 2
782 514
1 4 2
395 552
1 8 2
535 265
1 3 2
383 92
1 11 2
114 751
1 15 2
514 152
1 6 2
107 747
1 12 2
535 549
1 6 2
285 298
1 12 2
669 21
1 15 2
42 136
1 9 2
514 115
1 5 2
588 483
1 15 2
243 507
1 10 2
170 787
1 4 2
407 317
1 7 2
388 213
1 6 2
642 620
1 12 2
4 628
1 11 2
257 405
1 5 2
30 71
1 10 2
333 552
1 12 2
153 229
1 4 2
270 70
1 11 2
53 792
1 12 2
262 67
1 12 2
428 474
1 9 2
472 540
1 15 2
592 552
1 8 2
374 721
1 12 2
745 258
1 2 2
473 539
1 8 2
640 267
1 12 2
486 26
1 10 2
361 717
1 6 2
487 649
1 10 2
150 68
1 8 2
241 533
1 6 2
46 561
1 13 2
492 467
1 4 2
140 162
1 9 2
660 606
1 14 2
659 436
1 8 2
27 12
1 12 2
64 101
1 13 2
569 119
1 5 2
165 793
1 10 2
144 577
1 12 2
223 238
1 4 2
246 81
1 2 2
38 777
1 3 2
159 667
1 6 2
263 332
1 7 2
229 144
1 11 2
37 261
1 12 2
560 163
1 8 2
89 319
1 6 2
138 301
1 13 2
790 353
1 15 2
455 641
1 2 2
118 58
1 10 2
14 658
1 2 2
429 311
1 12 2
14 101
1 14 2
258 777
1 4 2
562 745
1 10 2
450 168
1 4 2
366 281
1 12 2
176 133
1 12 2
557 25
1 3 2
791 473
1 2 2
359 126
1 2 2
4 490
1 14 2
698 179
1 14 2
590 17
1 13 2
718 444
1 2 2
364 525
1 5 2
772 794
1 4 2
477 375
1 12 2
788 728
1 6 2
445 211
1 8 2
55 539
1 6 2
679 406
1 13 2
311 388
1 7 2
625 620
1 12 2
97 191
1 6 2
513 617
1 2 2
490 72
1 3 2
415 367
1 2 2
258 194
1 12 2
692 298
1 12 2
671 70
1 9 2
697 235
1 9 2
682 300
1 11 2
582 120
1 2 2
798 90
1 7 2
428 719
1 13 2
159 361
1 10 2
59 218
1 11 2
330 504
1 12 2
719 541
1 8 2
74 672
1 4 2
598 203
1 12 2
521 404
1 9 2
781 750
1 2 2
348 163
1 14 2
7 447
1 14 2
709 612
1 6 2
242 311
1 14 2
352 504
1 10 2
535 379
1 14 2
197 74
1 12 2
390 337
1 14 2
716 446
1 9 2
277 112
1 8 2
108 244
1 4 2
311 670
1 10 2
572 521
1 6 2
692 796
1 2 2
380 67
1 3 2
381 64
1 6 2
11 517
1 3 2
409 315
1 5 2
733 477
1 5 2
782 343
1 4 2
124 535
1 8 2
781 545
1 2 2
282 261
1 7 2
725 631
1 9 2
40 743
1 13 2
772 439
1 15 2
793 453
1 11 2
339 282
1 5 2
209 499
1 11 2
91 474
1 2 2
341 93
1 7 2
726 705
1 10 2
166 746
1 7 2
412 23
1 8 2
765 350
1 14 2
224 280
1 2 2
505 15
1 13 2
641 495
1 3 2
765 715
1 10 2
604 182
1 11 2
535 378
1 9 2
597 304
1 11 2
562 327
1 3 2
95 704
1 7 2
254 733
1 4 2
51 365
1 3 2
593 549
1 8 2
93 215
1 2 2
351 324
1 11 2
268 460
1 12 2
373 795
1 2 2
438 485
1 10 2
257 183
1 12 2
567 193
1 10 2
81 551
1 8 2
229 349
1 12 2
421 745
1 4 2
231 682
1 6 2
1 143
1 15 2
551 387
1 15 2
301 790
1 2 2
645 598
1 6 2
731 171
1 8 2
534 333
1 15 2
207 385
1 2 2
426 62
1 12 2
69 505
1 12 2
251 261
1 9 2
377 686
1 9 2
398 36
1 10 2
309 767
1 15 2
448 257
1 14 2
549 645
1 3 2
528 1
1 6 2
109 166
1 5 2
624 96
1 5 2
74 627
1 14 2
787 776
1 4 2
323 344
1 6 2
498 338
1 7 2
487 40
1 15 2
619 375
1 4 2
732 279
1 6 2
239 343
1 5 2
56 131
1 12 2
353 665
1 11 2
744 702
1 3 2
624 331
1 9 2
643 87
1 13 2
202 212
1 15 2
338 275
1 7 2
315 426
1 9 2
636 701
1 15 2
276 270
1 6 2
165 255
1 4 2
769 653
1 6 2
249 211
1 12 2
443 503
1 4 2
683 780
1 3 2
77 345
1 2 2
410 525
1 10 2
257 35
1 15 2
261 607
1 14 2
263 353
1 5 2
651 67
1 8 2
514 523
1 10 2
605 11
1 8 2
709 58
1 8 2
697 359
1 12 2
506 389
1 12 2
214 85
1 10 2
764 730
1 6 2
192 620
1 4 2
662 68
1 4 2
480 509
1 2 2
402 680
1 14 2
528 705
1 2 2
461 345
1 6 2
61 257
1 12 2
578 506
1 7 2
93 50
1 9 2
199 491
1 6 2
616 570
1 9 2
400 443
1 6 2
750 218
1 11 2
316 353
1 13 2
180 555
1 8 2
128 222
1 15 2
671 499
1 15 2
176 731
1 9 2
536 382
1 2 2
15 359
1 4 2
760 640
1 12 2
7 196
1 9 2
216 758
1 3 2
672 321
1 15 2
94 453
1 4 2
719 574
1 7 2
444 261
1 3 2
610 636
1 10 2
97 714
1 10 2
590 282
1 4 2
721 61
1 2 2
308 432
1 4 2
452 521
1 14 2
670 23
1 6 2
594 591
1 14 2
72 717
1 8 2
587 434
1 6 2
493 117
1 8 2
182 730
1 5 2
797 41
1 2 2
175 40
1 13 2
686 362
1 7 2
314 178
1 12 2
288 592
1 14 2
62 734
1 11 2
611 541
1 12 2
297 189
1 10 2
693 625
1 15 2
72 451
1 15 2
581 169
1 15 2
455 282
1 10 2
733 663
1 15 2
64 311
1 10 2
202 793
1 15 2
673 220
1 7 2
427 612
1 15 2
339 468
1 11 2
643 596
1 8 2
694 442
1 6 2
456 512
1 11 2
600 447
