800 6400 2400
21 25 18 14 17 9 13 24 19 9 7 19 22 7 14 13 25 8 14 20 20 11 14 18 16 21 14 15 12 22 23 6 18 25 9 10 21 9 18 19 5 9 14 21 9 6 12 12 6 9 25 13 19 25 18 21 10 5 16 24 6 18 7 9 20 25 21 18 19 14 13 14 20 16 8 22 12 10 9 25 8 5 18 14 7 14 24 19 12 15 16 23 21 10 25 9 16 22 5 18 24 10 16 6 25 18 20 6 22 15 8 24 16 18 24 25 7 19 12 19 5 16 7 7 23 9 24 25 17 10 21 21 14 17 15 5 5 14 9 12 18 9 9 10 12 14 19 13 20 13 12 21 16 20 19 24 23 7 14 22 10 22 7 10 6 6 15 6 25 23 25 13 6 18 7 11 13 9 7 15 10 21 9 13 6 22 9 16 20 18 15 8 14 5 15 17 8 21 7 18 21 13 6 21 23 11 20 16 20 25 24 15 11 15 14 24 6 21 5 22 18 5 12 23 10 20 6 15 8 9 9 23 22 8 16 9 9 9 15 13 19 23 12 21 14 18 7 13 9 18 21 18 11 9 15 17 21 12 21 7 10 5 23 16 18 22 25 16 20 5 6 12 9 15 10 22 17 21 17 13 6 14 22 6 25 18 22 16 25 9 24 22 16 5 5 16 23 18 13 15 20 9 5 19 22 10 17 10 24 16 21 14 14 12 23 24 12 23 9 15 5 16 7 14 6 12 24 16 12 5 7 14 17 8 15 22 6 25 24 8 13 16 11 11 11 11 9 11 16 14 12 10 9 24 10 22 6 14 15 17 17 5 15 22 5 11 22 18 17 7 21 12 22 18 25 17 7 23 19 23 24 5 10 6 9 7 16 25 17 17 15 20 18 15 18 14 13 11 21 5 9 25 11 21 24 14 15 10 17 17 15 11 16 6 19 17 23 13 24 23 18 9 17 20 10 24 23 19 17 8 11 12 8 10 11 20 20 20 19 11 12 17 11 11 23 10 14 15 16 19 6 20 18 17 23 6 10 9 9 23 21 10 25 7 11 10 7 20 6 18 21 13 9 15 20 6 10 10 13 14 19 12 12 15 6 17 10 12 23 20 7 24 6 14 14 8 10 19 8 12 16 20 21 19 19 9 18 21 16 14 25 15 14 19 21 25 5 23 16 10 20 7 14 25 25 22 15 25 22 17 19 8 12 7 25 20 19 17 23 15 15 21 9 17 22 18 15 19 10 8 22 12 19 17 13 12 24 5 14 20 9 11 6 5 6 13 20 18 15 22 8 25 25 24 8 22 25 6 13 15 11 9 7 16 12 15 9 15 17 15 10 25 23 21 19 15 17 14 8 11 21 22 20 19 9 22 6 12 8 12 21 11 16 21 23 22 14 7 12 10 19 19 13 25 7 9 12 9 7 22 7 12 21 11 19 19 23 5 23 13 21 9 14 24 17 12 9 12 25 10 13 12 16 9 6 22 25 22 6 20 25 12 21 5 19 22 22 8 22 5 24 12 22 13 24 5 22 19 15 13 10 5 6 22 23 7 21 11 21 13 23 23 5 23 5 6 10 22 13 6 14 6 23 8 17 11 18 21 17 24 17 15 22 24 25 9 21 7 24 20 7 20 6 24 22 21 8 11 22 22 9 7 19 10 22 10 11 13 18 10 17 8 7 25 7 8 12 9 11 9 6 23 17 6 9 10 5 12 22 15 5 17 14 13 19 17 23 21 6 16 13 10 9 7 21 22 8 12 16 21 25 21 10 17 23 23 11 19 19 9 14 7 10 19 6 8 5 11 17 19
3 5 11 13 9 16 8 9 4 15 4 10 7 17 18 8 15 14 20 17 19 9 15 15 7 16 4 9 11 4 14 8 6 20 9 8 10 17 7 7 18 8 8 16 11 10 16 13 4 3 9 19 14 15 7 13 9 18 17 12 9 19 7 6 3 13 7 4 6 6 14 5 7 10 9 4 3 8 6 11 4 20 4 5 12 9 14 18 4 19 5 8 15 8 6 20 3 13 11 11 17 17 19 20 13 7 9 8 4 3 14 11 6 11 14 11 11 12 7 8 11 5 19 15 5 7 20 6 6 15 8 8 3 11 19 3 4 10 16 8 12 16 16 10 13 13 3 5 7 14 10 4 4 6 12 19 6 3 9 11 6 16 14 19 14 11 16 9 15 5 12 5 10 11 16 7 16 20 15 4 7 5 4 16 14 14 13 9 20 10 8 8 11 7 18 11 4 13 17 20 20 16 18 4 14 9 20 6 19 7 12 6 20 20 6 17 13 18 14 9 16 12 7 5 5 9 20 13 18 3 14 8 15 15 19 12 5 17 16 13 8 11 5 8 20 12 12 9 19 14 20 10 14 3 10 8 9 5 7 7 16 13 9 8 7 9 9 18 6 18 10 17 12 8 7 15 10 19 4 13 15 13 5 11 20 17 6 5 11 14 20 5 6 12 17 20 11 18 12 17 19 4 3 16 16 18 20 16 17 20 19 10 4 4 14 3 3 14 10 9 6 18 6 6 9 10 12 8 6 18 8 8 16 6 19 6 18 13 11 6 16 4 10 4 6 7 19 15 8 11 15 13 6 4 17 4 20 19 3 20 10 13 12 10 8 3 3 18 9 14 8 17 11 8 4 12 20 10 19 4 4 3 7 13 7 20 10 8 19 5 11 17 3 10 17 18 18 17 8 13 17 19 17 10 3 12 13 3 7 13 9 12 19 16 13 17 3 8 5 3 5 3 5 9 13 20 17 16 19 8 5 5 10 11 5 16 16 7 8 11 14 4 5 4 11 8 7 9 6 3 8 19 9 11 10 3 15 13 7 6 18 7 18 15 14 10 5 10 12 8 16 15 20 5 16 14 13 10 14 18 5 6 15 3 3 6 14 3 19 14 10 3 19 20 9 16 17 6 9 7 4 8 9 20 19 14 13 11 7 14 8 11 12 9 16 11 6 3 18 6 13 3 8 9 12 12 11 14 14 6 9 13 3 20 7 19 13 11 16 3 13 17 15 12 11 14 9 14 12 17 12 16 7 13 3 19 10 15 20 3 12 14 5 4 11 12 15 13 18 20 11 4 6 20 4 10 13 16 7 8 7 4 13 20 20 7 13 9 6 14 17 19 12 9 18 17 12 7 17 20 11 3 19 8 10 6 13 8 4 6 13 15 15 4 5 14 14 6 12 9 19 13 9 7 13 20 11 20 3 11 8 12 12 4 6 14 10 8 20 17 3 16 3 5 19 15 16 5 13 3 11 9 11 13 16 14 9 17 12 18 8 7 6 13 11 10 10 7 19 6 10 6 12 17 19 7 12 12 13 3 4 13 11 7 8 16 8 11 7 7 10 6 16 15 20 5 16 20 4 13 10 11 11 4 12 4 11 7 14 3 17 16 17 13 16 4 6 14 5 3 14 11 4 14 5 5 13 19 8 7 15 12 19 6 14 13 12 16 9 14 11 20 15 6 12 8 4 19 4 10 19 16 10 20 8 18 15 3 7 5 5 3 17 4 20 5 4 16 6 10 9 16 8 15 4 18 12 4 14 11 12 6 18 6 4 9 19 18 8 4 13 17 4 18 16 15 6 14 12 13
1 2 2
692 81
1 5 2
794 479
1 8 2
45 316
1 15 2
774 528
1 3 2
655 190
1 4 2
335 358
1 3 2
474 585
1 3 2
360 791
1 15 2
426 673
1 9 2
218 494
1 3 2
366 731
1 4 2
312 157
1 12 2
256 137
1 4 2
551 612
1 5 2
256 447
1 15 2
772 93
1 15 2
66 518
1 9 2
677 59
1 8 2
267 489
1 9 2
580 616
1 10 2
613 580
1 8 2
467 449
1 8 2
737 733
1 7 2
256 358
1 7 2
127 26
1 8 2
575 106
1 10 2
631 253
1 6 2
416 6
1 5 2
767 498
1 2 2
389 20
1 9 2
147 556
1 6 2
52 166
1 6 2
40 586
1 12 2
120 419
1 6 2
91 722
1 7 2
742 640
1 7 2
222 665
1 4 2
180 356
1 3 2
12 738
1 14 2
619 675
1 11 2
622 745
1 7 2
245 412
1 13 2
675 31
1 8 2
747 421
1 10 2
486 167
1 9 2
88 520
1 4 2
674 242
1 9 2
14 218
1 7 2
576 442
1 15 2
576 656
1 14 2
389 35
1 15 2
354 625
1 12 2
63 7
1 3 2
744 462
1 12 2
312 221
1 15 2
206 514
1 14 2
200 609
1 4 2
428 696
1 6 2
312 29
1 13 2
536 435
1 12 2
31 126
1 11 2
408 8
1 5 2
222 122
1 13 2
682 769
1 4 2
505 658
1 9 2
626 42
1 13 2
410 54
1 11 2
70 321
1 15 2
645 549
1 14 2
277 449
1 5 2
408 596
1 14 2
779 495
1 12 2
581 775
1 7 2
616 261
1 9 2
329 458
1 15 2
139 607
1 2 2
463 50
1 15 2
582 673
1 10 2
344 782
1 9 2
444 129
1 15 2
367 17
1 12 2
502 411
1 5 2
796 646
1 9 2
229 87
1 2 2
450 490
1 12 2
113 308
1 11 2
353 392
1 15 2
629 144
1 7 2
58 296
1 15 2
169 212
1 14 2
162 642
1 2 2
111 713
1 11 2
630 690
1 10 2
728 111
1 4 2
65 788
1 3 2
562 452
1 12 2
200 515
1 2 2
526 210
1 11 2
644 572
1 15 2
364 790
1 9 2
53 672
1 4 2
216 490
1 8 2
745 504
1 15 2
71 600
1 3 2
273 711
1 12 2
57 785
1 7 2
322 461
1 10 2
19 507
1 4 2
223 491
1 13 2
88 561
1 12 2
418 490
1 15 2
141 54
1 9 2
488 440
1 15 2
722 426
1 4 2
108 183
1 15 2
632 9
1 4 2
540 261
1 11 2
530 196
1 10 2
156 183
1 14 2
768 319
1 4 2
317 775
1 10 2
216 254
1 11 2
738 294
1 12 2
234 625
1 2 2
511 208
1 5 2
695 162
1 3 2
782 399
1 4 2
285 320
1 14 2
343 569
1 6 2
576 293
1 13 2
602 608
1 14 2
149 267
1 10 2
525 389
1 9 2
481 231
1 6 2
405 252
1 10 2
137 410
1 15 2
549 339
1 3 2
605 795
1 15 2
6 629
1 7 2
233 46
1 7 2
580 185
1 8 2
418 756
1 8 2
539 130
1 13 2
574 772
1 15 2
574 707
1 9 2
457 309
1 10 2
554 450
1 8 2
761 190
1 13 2
177 471
1 15 2
524 233
1 7 2
731 784
1 11 2
118 695
1 5 2
674 33
1 10 2
176 437
1 15 2
523 596
1 8 2
21 132
1 7 2
224 449
1 15 2
541 716
1 8 2
534 528
1 6 2
255 489
1 4 2
688 325
1 5 2
318 214
1 15 2
606 719
1 12 2
63 691
1 9 2
589 224
1 4 2
561 96
1 6 2
232 794
1 2 2
692 431
1 11 2
2 552
1 8 2
291 756
1 12 2
506 278
1 6 2
695 111
1 8 2
539 599
1 14 2
497 33
1 11 2
541 503
1 13 2
788 345
1 5 2
291 566
1 15 2
86 593
1 12 2
383 669
1 3 2
764 524
1 12 2
782 5
1 5 2
604 53
1 5 2
209 119
1 2 2
578 21
1 7 2
311 409
1 5 2
614 476
1 3 2
433 678
1 7 2
112 512
1 15 2
140 412
1 8 2
214 28
1 13 2
16 308
1 13 2
190 13
1 14 2
48 250
1 6 2
274 288
1 13 2
408 760
1 9 2
455 722
1 9 2
446 35
1 12 2
649 677
1 10 2
233 497
1 2 2
785 74
1 6 2
388 144
1 13 2
493 293
1 14 2
117 536
1 12 2
333 750
1 4 2
243 299
1 7 2
450 523
1 2 2
225 51
1 10 2
333 103
1 11 2
405 523
1 11 2
204 183
1 10 2
491 515
1 7 2
249 794
1 10 2
312 353
1 13 2
53 360
1 5 2
151 187
1 15 2
623 520
1 12 2
745 187
1 3 2
750 162
1 3 2
400 362
1 2 2
258 588
1 15 2
355 150
1 8 2
706 230
1 6 2
597 712
1 5 2
290 501
1 6 2
106 551
1 8 2
728 725
1 11 2
432 571
1 3 2
404 161
1 3 2
52 174
1 15 2
196 45
1 7 2
777 386
1 2 2
702 695
1 4 2
191 711
1 9 2
543 309
1 5 2
468 316
1 2 2
166 316
1 3 2
63 614
1 5 2
280 308
1 8 2
121 712
1 12 2
715 655
1 3 2
581 501
1 2 2
153 110
1 13 2
474 225
1 8 2
702 394
1 4 2
576 439
1 15 2
456 463
1 11 2
578 692
1 4 2
586 473
1 10 2
516 248
1 8 2
640 541
1 2 2
671 53
1 12 2
53 174
1 9 2
799 237
1 14 2
37 548
1 2 2
351 199
1 5 2
408 135
1 13 2
576 614
1 4 2
728 505
1 3 2
361 122
1 13 2
160 59
1 13 2
44 624
1 14 2
561 485
1 2 2
430 320
1 12 2
245 516
1 5 2
146 60
1 3 2
480 213
1 7 2
244 519
1 12 2
224 275
1 10 2
420 295
1 9 2
517 771
1 9 2
535 701
1 5 2
798 386
1 3 2
399 50
1 3 2
521 172
1 15 2
726 86
1 7 2
5 238
1 15 2
484 711
1 7 2
440 599
1 8 2
208 599
1 13 2
9 622
1 11 2
618 201
1 10 2
525 248
1 15 2
340 157
1 5 2
274 619
1 10 2
33 76
1 11 2
553 345
1 2 2
479 51
1 4 2
649 726
1 14 2
385 333
1 2 2
133 548
1 3 2
270 194
1 13 2
402 774
1 4 2
785 132
1 2 2
265 269
1 15 2
376 712
1 9 2
216 445
1 8 2
662 57
1 12 2
463 766
1 15 2
418 696
1 2 2
569 427
1 11 2
2 50
1 2 2
244 635
1 10 2
206 190
1 4 2
273 761
1 6 2
699 341
1 8 2
373 246
1 11 2
734 188
1 11 2
287 2
1 15 2
776 455
1 9 2
291 126
1 6 2
792 759
1 9 2
349 265
1 6 2
724 213
1 3 2
454 208
1 6 2
123 100
1 14 2
127 389
1 7 2
372 439
1 4 2
743 501
1 12 2
102 540
1 2 2
432 431
1 6 2
380 17
1 11 2
575 472
1 6 2
149 226
1 14 2
675 796
1 10 2
536 471
1 12 2
466 685
1 14 2
491 379
1 14 2
565 493
1 5 2
118 373
1 14 2
744 153
1 11 2
392 340
1 15 2
100 607
1 6 2
465 784
1 15 2
253 222
1 10 2
527 342
1 15 2
748 103
1 2 2
405 407
1 14 2
652 120
1 10 2
72 577
1 9 2
143 7
1 14 2
723 539
1 3 2
493 721
1 5 2
399 590
1 3 2
318 467
1 11 2
764 400
1 6 2
57 462
1 7 2
663 380
1 5 2
770 421
1 12 2
426 172
1 4 2
220 104
1 11 2
276 679
1 15 2
29 338
1 2 2
242 183
1 2 2
64 518
1 3 2
134 722
1 13 2
63 14
1 13 2
429 671
1 8 2
152 636
1 15 2
541 133
1 4 2
209 620
1 14 2
173 224
1 14 2
500 779
1 8 2
233 145
1 15 2
550 722
1 9 2
515 107
1 7 2
517 643
1 6 2
257 397
1 10 2
655 233
1 7 2
442 688
1 6 2
245 265
1 2 2
643 368
1 7 2
563 592
1 14 2
3 74
1 8 2
490 26
1 11 2
496 629
1 8 2
601 117
1 4 2
747 217
1 13 2
283 356
1 15 2
108 266
1 15 2
131 498
1 6 2
356 291
1 13 2
34 481
1 9 2
371 217
1 13 2
506 727
1 11 2
303 260
1 2 2
786 232
1 11 2
211 127
1 8 2
55 713
1 9 2
744 153
1 12 2
528 86
1 3 2
767 682
1 8 2
248 461
1 4 2
229 377
1 8 2
636 316
1 2 2
484 402
1 14 2
543 313
1 12 2
622 759
1 8 2
204 403
1 15 2
190 384
1 10 2
612 238
1 5 2
334 100
1 3 2
699 158
1 14 2
666 44
1 9 2
311 761
1 13 2
84 786
1 13 2
9 719
1 3 2
528 538
1 15 2
517 68
1 6 2
158 608
1 7 2
605 245
1 3 2
203 457
1 7 2
521 344
1 11 2
776 562
1 6 2
400 234
1 13 2
591 161
1 14 2
454 238
1 11 2
115 65
1 12 2
545 418
1 8 2
184 387
1 12 2
338 155
1 8 2
467 354
1 12 2
524 622
1 15 2
65 658
1 9 2
327 164
1 10 2
595 679
1 9 2
617 577
1 11 2
671 492
1 14 2
551 655
1 12 2
264 464
1 8 2
424 750
1 4 2
741 64
1 8 2
789 312
1 15 2
166 645
1 8 2
468 284
1 3 2
587 625
1 5 2
636 746
1 10 2
256 33
1 6 2
340 656
1 4 2
156 563
1 5 2
531 430
1 8 2
398 514
1 8 2
67 458
1 9 2
89 700
1 9 2
459 711
1 13 2
643 391
1 14 2
392 45
1 7 2
451 425
1 7 2
627 188
1 12 2
76 95
1 9 2
693 178
1 3 2
223 395
1 10 2
119 1
1 7 2
13 504
1 5 2
707 788
1 14 2
553 723
1 7 2
792 253
1 8 2
205 1
1 9 2
791 619
1 13 2
467 312
1 11 2
38 754
1 12 2
14 182
1 14 2
379 677
1 14 2
167 243
1 4 2
618 13
1 10 2
581 374
1 7 2
303 182
1 9 2
45 479
1 15 2
40 468
1 14 2
425 553
1 12 2
318 261
1 9 2
778 383
1 7 2
55 374
1 12 2
667 266
1 8 2
53 738
1 11 2
562 552
1 10 2
210 728
1 6 2
759 475
1 4 2
103 330
1 4 2
795 313
1 9 2
656 227
1 12 2
278 166
1 7 2
189 6
1 8 2
121 591
1 7 2
440 239
1 9 2
217 33
1 5 2
104 566
1 2 2
515 553
1 3 2
259 234
1 11 2
311 664
1 8 2
676 674
1 3 2
601 453
1 5 2
746 406
1 3 2
617 597
1 11 2
12 628
1 7 2
265 309
1 9 2
108 266
1 2 2
791 95
1 14 2
304 677
1 6 2
411 30
1 5 2
51 369
1 14 2
495 682
1 10 2
99 534
1 13 2
536 309
1 6 2
675 769
1 11 2
2 23
1 11 2
665 11
1 12 2
537 719
1 2 2
307 372
1 6 2
350 118
1 7 2
624 710
1 9 2
204 686
1 5 2
635 33
1 3 2
573 229
1 3 2
615 112
1 6 2
298 201
1 2 2
690 366
1 7 2
351 259
1 15 2
637 195
1 15 2
412 230
1 9 2
85 199
1 3 2
668 600
1 9 2
89 745
1 14 2
385 518
1 6 2
515 91
1 11 2
104 636
1 4 2
574 476
1 8 2
73 90
1 12 2
681 16
1 13 2
375 124
1 4 2
281 54
1 5 2
203 780
1 2 2
263 193
1 12 2
600 116
1 6 2
677 61
1 7 2
166 727
1 5 2
254 672
1 5 2
529 209
1 15 2
712 241
1 9 2
590 615
1 11 2
36 365
1 5 2
561 453
1 9 2
597 69
1 3 2
554 334
1 5 2
276 267
1 8 2
113 188
1 2 2
332 194
1 5 2
88 591
1 10 2
455 661
1 9 2
493 164
1 7 2
581 137
1 15 2
237 676
1 4 2
49 506
1 11 2
697 22
1 6 2
726 321
1 3 2
441 743
1 13 2
555 347
1 7 2
560 127
1 10 2
653 737
1 15 2
791 226
1 2 2
144 531
1 6 2
484 586
1 10 2
346 601
1 9 2
717 724
1 14 2
246 391
1 9 2
459 524
1 2 2
27 455
1 4 2
502 294
1 6 2
320 68
1 6 2
262 28
1 13 2
615 411
1 10 2
439 281
1 14 2
16 221
1 12 2
398 274
1 11 2
411 594
1 5 2
105 252
1 3 2
623 284
1 5 2
760 216
1 2 2
264 794
1 15 2
100 623
1 11 2
680 790
1 7 2
375 575
1 10 2
121 518
1 7 2
159 410
1 6 2
341 7
1 10 2
124 689
1 8 2
212 72
1 13 2
231 245
1 13 2
776 561
1 9 2
491 73
1 9 2
469 696
1 3 2
187 279
1 14 2
743 567
1 4 2
678 12
1 15 2
771 332
1 13 2
521 655
1 2 2
570 656
1 14 2
691 378
1 11 2
429 743
1 12 2
742 766
1 10 2
427 124
1 2 2
56 499
1 11 2
32 593
1 10 2
711 421
1 6 2
613 329
1 2 2
58 604
1 3 2
646 518
1 6 2
405 138
1 10 2
347 39
1 15 2
273 548
1 13 2
633 535
1 10 2
351 240
1 10 2
674 160
1 12 2
381 299
1 6 2
535 102
1 9 2
592 742
1 5 2
773 565
1 14 2
738 152
1 5 2
167 219
1 14 2
106 743
1 13 2
39 81
1 5 2
340 334
1 7 2
497 274
1 13 2
13 728
1 8 2
657 747
1 13 2
188 345
1 15 2
51 154
1 7 2
396 265
1 4 2
153 7
1 9 2
274 462
1 2 2
82 317
1 6 2
45 724
1 4 2
196 776
1 3 2
477 547
1 15 2
240 698
1 3 2
634 93
1 7 2
791 475
1 15 2
216 418
1 3 2
722 68
1 10 2
589 624
1 3 2
644 620
1 4 2
667 630
1 4 2
529 240
1 6 2
346 701
1 15 2
562 465
1 2 2
389 509
1 9 2
556 23
1 14 2
315 222
1 12 2
443 145
1 12 2
479 726
1 4 2
745 292
1 2 2
82 94
1 4 2
615 25
1 14 2
441 269
1 9 2
689 65
1 4 2
621 161
1 11 2
108 564
1 12 2
121 722
1 6 2
603 333
1 7 2
32 417
1 7 2
18 476
1 15 2
563 249
1 14 2
409 592
1 13 2
747 320
1 5 2
484 492
1 3 2
149 718
1 13 2
168 683
1 10 2
316 580
1 2 2
789 593
1 11 2
263 432
1 6 2
661 262
1 6 2
434 793
1 8 2
156 512
1 2 2
6 397
1 15 2
312 798
1 4 2
322 275
1 7 2
778 273
1 15 2
490 399
1 3 2
63 227
1 12 2
550 688
1 7 2
411 379
1 15 2
147 738
1 5 2
14 68
1 13 2
251 724
1 14 2
481 34
1 9 2
311 616
1 12 2
635 716
1 4 2
512 620
1 9 2
764 274
1 2 2
24 84
1 14 2
626 166
1 6 2
156 718
1 13 2
303 377
1 4 2
254 559
1 2 2
728 727
1 2 2
416 513
1 15 2
30 177
1 3 2
673 178
1 9 2
67 222
1 6 2
484 297
1 6 2
123 328
1 8 2
621 421
1 8 2
11 762
1 12 2
525 377
1 7 2
434 744
1 3 2
729 535
1 8 2
202 714
1 11 2
567 536
1 7 2
560 217
1 9 2
310 400
1 5 2
509 479
1 6 2
568 103
1 4 2
434 230
1 3 2
614 771
1 11 2
706 105
1 13 2
394 41
1 9 2
618 411
1 5 2
193 432
1 10 2
215 254
1 4 2
122 197
1 10 2
441 447
1 7 2
537 665
1 13 2
1 475
1 7 2
380 268
1 5 2
508 120
1 14 2
624 292
1 5 2
269 115
1 3 2
786 545
1 6 2
580 414
1 13 2
219 739
1 8 2
404 689
1 10 2
280 185
1 14 2
175 520
1 13 2
729 656
1 13 2
16 110
1 12 2
227 605
1 3 2
599 731
1 10 2
121 284
1 2 2
282 145
1 10 2
498 332
1 8 2
460 383
1 12 2
592 49
1 7 2
794 39
1 6 2
436 344
1 13 2
514 707
1 14 2
380 601
1 4 2
286 613
1 6 2
144 331
1 12 2
465 250
1 10 2
101 444
1 3 2
473 423
1 6 2
89 723
1 10 2
603 92
1 14 2
216 324
1 6 2
70 661
1 13 2
517 640
1 11 2
690 475
1 6 2
762 308
1 3 2
288 3
1 11 2
260 142
1 15 2
738 199
1 15 2
262 363
1 13 2
14 426
1 6 2
751 686
1 10 2
83 532
1 4 2
751 383
1 4 2
392 306
1 9 2
224 555
1 3 2
393 679
1 9 2
426 563
1 7 2
117 623
1 14 2
580 552
1 5 2
333 330
1 12 2
103 138
1 11 2
269 575
1 7 2
334 485
1 10 2
13 469
1 3 2
602 151
1 6 2
745 260
1 11 2
332 99
1 7 2
592 669
1 2 2
327 776
1 5 2
680 452
1 13 2
283 629
1 8 2
555 238
1 13 2
413 112
1 9 2
66 404
1 9 2
794 636
1 5 2
796 798
1 3 2
213 48
1 13 2
756 338
1 3 2
367 709
1 15 2
786 588
1 11 2
157 28
1 11 2
401 638
1 6 2
123 589
1 15 2
579 81
1 12 2
692 389
1 4 2
505 239
1 4 2
51 424
1 8 2
684 482
1 3 2
736 232
1 8 2
790 627
1 2 2
629 21
1 15 2
123 457
1 12 2
125 169
1 14 2
229 646
1 5 2
560 200
1 15 2
159 737
1 8 2
322 569
1 15 2
14 405
1 14 2
796 597
1 15 2
330 475
1 6 2
511 289
1 13 2
637 29
1 6 2
534 570
1 4 2
354 623
1 8 2
402 784
1 4 2
530 141
1 13 2
344 735
1 7 2
329 325
1 6 2
470 745
1 13 2
421 786
1 3 2
482 21
1 6 2
677 234
1 12 2
202 331
1 8 2
276 777
1 2 2
371 377
1 3 2
185 793
1 8 2
433 147
1 8 2
164 329
1 6 2
383 541
1 7 2
164 790
1 6 2
187 99
1 10 2
280 588
1 8 2
235 442
1 13 2
145 133
1 12 2
125 225
1 2 2
553 532
1 14 2
15 542
1 12 2
351 572
1 4 2
552 266
1 4 2
277 665
1 11 2
305 596
1 7 2
595 169
1 5 2
387 238
1 7 2
387 162
1 2 2
550 469
1 3 2
76 10
1 7 2
472 27
1 4 2
772 435
1 4 2
434 381
1 11 2
541 642
1 5 2
684 287
1 3 2
395 120
1 2 2
528 377
1 12 2
22 322
1 15 2
733 718
1 12 2
771 340
1 8 2
721 57
1 8 2
687 675
1 9 2
296 117
1 6 2
611 507
1 15 2
49 285
1 15 2
665 266
1 7 2
691 59
1 8 2
667 8
1 9 2
548 450
1 6 2
736 597
1 15 2
77 381
1 5 2
359 14
1 13 2
743 530
1 15 2
523 677
1 14 2
685 105
1 14 2
166 459
1 12 2
653 512
1 13 2
514 328
1 14 2
215 555
1 5 2
759 168
1 9 2
489 0
1 10 2
471 379
1 7 2
178 630
1 9 2
65 147
1 8 2
652 723
1 6 2
159 391
1 8 2
707 285
1 14 2
769 221
1 7 2
291 410
1 7 2
558 71
1 5 2
443 20
1 10 2
507 306
1 4 2
220 455
1 11 2
516 742
1 14 2
783 77
1 14 2
80 302
1 14 2
456 138
1 6 2
551 353
1 8 2
747 704
1 5 2
568 328
1 11 2
122 511
1 10 2
497 438
1 15 2
471 360
1 11 2
80 518
1 3 2
661 151
1 5 2
291 638
1 2 2
756 312
1 9 2
670 652
1 14 2
256 187
1 3 2
562 254
1 14 2
609 459
1 6 2
788 755
1 14 2
423 344
1 11 2
138 773
1 3 2
585 231
1 13 2
209 605
1 9 2
744 19
1 10 2
627 302
1 7 2
97 79
1 13 2
381 445
1 10 2
697 56
1 12 2
545 377
1 15 2
797 667
1 5 2
656 564
1 2 2
61 130
1 8 2
421 488
1 12 2
253 466
1 10 2
96 250
1 10 2
653 356
1 10 2
285 455
1 7 2
248 735
1 12 2
382 668
1 15 2
710 690
1 4 2
98 15
1 15 2
229 355
1 13 2
556 790
1 3 2
643 446
1 13 2
97 394
1 8 2
36 731
1 13 2
247 742
1 14 2
392 483
1 2 2
18 605
1 9 2
488 29
1 2 2
694 552
1 11 2
201 695
1 12 2
747 744
1 9 2
799 596
1 9 2
374 555
1 9 2
690 252
1 12 2
150 503
1 10 2
253 682
1 15 2
137 211
1 5 2
746 377
1 3 2
252 777
1 3 2
294 224
1 14 2
706 198
1 3 2
22 321
1 14 2
430 537
1 12 2
322 606
1 9 2
556 618
1 9 2
652 91
1 15 2
296 590
1 4 2
209 188
1 13 2
412 415
1 2 2
142 744
1 11 2
267 56
1 10 2
120 392
1 10 2
67 534
1 11 2
21 266
1 13 2
191 233
1 3 2
669 726
1 9 2
198 78
1 3 2
673 110
1 9 2
610 731
1 13 2
380 142
1 3 2
199 213
1 14 2
396 460
1 8 2
797 44
1 13 2
573 109
1 6 2
140 115
1 13 2
51 104
1 12 2
491 99
1 12 2
677 511
1 8 2
214 161
1 14 2
538 476
1 13 2
659 672
1 5 2
606 16
1 11 2
724 163
1 14 2
621 328
1 13 2
419 762
1 13 2
784 635
1 13 2
553 200
1 5 2
54 472
1 4 2
611 302
1 7 2
658 548
1 7 2
133 700
1 8 2
328 444
1 4 2
530 217
1 9 2
487 727
1 10 2
411 58
1 14 2
522 637
1 13 2
140 253
1 12 2
701 763
1 2 2
101 277
1 15 2
558 496
1 8 2
660 566
1 13 2
121 758
1 3 2
467 635
1 13 2
262 625
1 7 2
645 538
1 5 2
524 708
1 15 2
200 390
1 8 2
663 694
1 11 2
598 732
1 15 2
485 246
1 2 2
57 189
1 2 2
547 188
1 10 2
402 683
1 10 2
472 538
1 4 2
532 321
1 9 2
703 108
1 8 2
497 681
1 4 2
689 276
1 13 2
307 710
1 12 2
142 112
1 14 2
711 180
1 15 2
650 247
1 11 2
57 146
1 6 2
498 323
1 7 2
399 737
1 7 2
236 494
1 7 2
141 152
1 11 2
613 312
1 6 2
639 350
1 7 2
74 726
1 8 2
226 141
1 11 2
102 661
1 7 2
200 318
1 13 2
781 245
1 3 2
501 458
1 12 2
268 682
1 13 2
451 58
1 5 2
94 324
1 11 2
348 380
1 14 2
643 197
1 6 2
457 112
1 11 2
664 428
1 10 2
697 544
1 12 2
63 167
1 4 2
395 312
1 15 2
196 335
1 6 2
2 163
1 14 2
693 3
1 3 2
67 464
1 7 2
10 179
1 13 2
561 74
1 2 2
132 425
1 12 2
633 485
1 15 2
357 0
1 9 2
658 30
1 4 2
609 559
1 3 2
795 631
1 9 2
84 108
1 8 2
97 544
1 7 2
786 510
1 14 2
637 758
1 13 2
324 635
1 2 2
162 289
1 11 2
649 415
1 14 2
163 185
1 9 2
306 358
1 5 2
207 295
1 11 2
198 331
1 8 2
690 228
1 4 2
569 120
1 11 2
126 120
1 14 2
766 552
1 6 2
691 314
1 15 2
133 378
1 12 2
796 4
1 3 2
310 55
1 8 2
93 105
1 11 2
260 360
1 15 2
50 675
1 4 2
789 477
1 3 2
381 482
1 4 2
182 47
1 6 2
718 117
1 12 2
201 88
1 10 2
154 635
1 15 2
144 123
1 12 2
635 332
1 6 2
315 82
1 13 2
783 341
1 13 2
251 677
1 12 2
452 366
1 13 2
298 638
1 10 2
377 704
1 5 2
120 238
1 3 2
540 199
1 5 2
493 381
1 13 2
376 143
1 7 2
385 797
1 7 2
497 454
1 13 2
25 601
1 8 2
319 349
1 10 2
65 684
1 15 2
744 754
1 5 2
529 694
1 10 2
498 384
1 4 2
161 519
1 4 2
68 310
1 9 2
251 624
1 7 2
295 690
1 5 2
245 222
1 12 2
288 153
1 3 2
645 413
1 13 2
687 413
1 12 2
134 299
1 15 2
144 126
1 11 2
360 714
1 11 2
324 514
1 6 2
173 755
1 14 2
412 231
1 13 2
546 564
1 14 2
608 252
1 8 2
190 415
1 3 2
161 149
1 9 2
307 550
1 5 2
673 328
1 4 2
683 545
1 4 2
575 318
1 4 2
356 372
1 11 2
359 715
1 3 2
604 680
1 14 2
615 477
1 8 2
743 777
1 3 2
445 253
1 9 2
751 88
1 8 2
210 336
1 3 2
633 679
1 4 2
401 549
1 10 2
525 189
1 15 2
365 490
1 8 2
79 223
1 13 2
661 226
1 4 2
88 395
1 15 2
67 493
1 6 2
19 58
1 2 2
40 369
1 14 2
475 75
1 12 2
55 262
1 12 2
438 728
1 2 2
368 507
1 2 2
438 383
1 5 2
747 620
1 4 2
796 100
1 10 2
741 249
1 9 2
236 722
1 5 2
32 156
1 9 2
357 141
1 12 2
85 389
1 2 2
531 16
1 3 2
350 459
1 3 2
514 654
1 7 2
55 438
1 2 2
722 404
1 5 2
553 212
1 11 2
549 224
1 2 2
576 247
1 9 2
471 260
1 2 2
169 753
1 5 2
687 591
1 10 2
178 526
1 11 2
82 38
1 11 2
502 747
1 8 2
760 117
1 14 2
52 33
1 7 2
235 644
1 10 2
109 10
1 12 2
520 202
1 9 2
695 385
1 8 2
521 590
1 15 2
530 780
1 6 2
53 84
1 8 2
650 393
1 3 2
739 518
1 5 2
189 215
1 7 2
193 533
1 9 2
63 792
1 3 2
238 159
1 11 2
682 253
1 15 2
145 141
1 6 2
511 299
1 3 2
415 65
1 5 2
742 626
1 9 2
204 485
1 12 2
647 55
1 6 2
490 362
1 13 2
765 685
1 13 2
610 784
1 6 2
793 152
1 10 2
296 594
1 3 2
54 418
1 3 2
180 438
1 5 2
736 67
1 15 2
627 586
1 6 2
118 561
1 15 2
550 197
1 6 2
306 685
1 14 2
114 602
1 9 2
468 95
1 4 2
626 766
1 11 2
769 561
1 7 2
92 255
1 3 2
535 666
1 12 2
47 9
1 6 2
236 729
1 7 2
371 9
1 3 2
726 22
1 15 2
405 264
1 10 2
295 617
1 15 2
29 620
1 15 2
597 102
1 15 2
789 714
1 9 2
401 562
1 14 2
659 373
1 7 2
2 336
1 9 2
573 244
1 11 2
15 611
1 9 2
314 378
1 15 2
134 223
1 9 2
570 576
1 3 2
330 51
1 2 2
18 69
1 15 2
502 391
1 8 2
115 4
1 13 2
701 354
1 7 2
235 24
1 3 2
264 694
1 6 2
459 646
1 15 2
160 179
1 2 2
746 744
1 3 2
64 739
1 4 2
604 651
1 4 2
24 728
1 13 2
205 547
1 8 2
268 177
1 3 2
415 272
1 3 2
79 118
1 5 2
93 35
1 10 2
613 593
1 11 2
384 267
1 6 2
163 789
1 10 2
453 778
1 7 2
556 455
1 2 2
265 21
1 3 2
380 406
1 7 2
791 224
1 13 2
12 710
1 15 2
581 76
1 3 2
470 148
1 3 2
290 485
1 5 2
197 13
1 15 2
387 509
1 14 2
567 398
1 6 2
131 234
1 11 2
138 222
1 6 2
688 73
1 3 2
164 386
1 6 2
156 534
1 8 2
494 640
1 9 2
409 628
1 10 2
181 543
1 12 2
561 422
1 3 2
443 651
1 3 2
722 98
1 12 2
561 132
1 9 2
183 260
1 3 2
51 644
1 2 2
514 93
1 12 2
414 742
1 4 2
58 478
1 6 2
264 127
1 6 2
444 256
1 7 2
763 562
1 11 2
512 178
1 13 2
8 450
1 12 2
401 706
1 2 2
94 554
1 4 2
48 506
1 6 2
455 743
1 3 2
76 364
1 11 2
310 128
1 9 2
181 391
1 3 2
732 380
1 14 2
550 531
1 8 2
460 684
1 2 2
759 643
1 12 2
518 132
1 9 2
260 108
1 10 2
609 500
1 12 2
593 500
1 5 2
356 667
1 13 2
193 238
1 3 2
664 273
1 15 2
317 277
1 12 2
85 385
1 3 2
384 29
1 6 2
553 398
1 15 2
538 201
1 3 2
377 119
1 8 2
104 351
1 6 2
654 308
1 9 2
154 53
1 4 2
260 306
1 5 2
621 20
1 8 2
603 332
1 13 2
585 124
1 9 2
627 670
1 15 2
57 709
1 12 2
511 480
1 11 2
306 591
1 13 2
726 736
1 8 2
419 393
1 11 2
265 401
1 7 2
449 749
1 11 2
136 671
1 4 2
297 772
1 14 2
433 788
1 13 2
686 681
1 12 2
685 563
1 11 2
439 598
1 9 2
544 419
1 13 2
117 657
1 9 2
642 366
1 8 2
448 168
1 4 2
742 325
1 11 2
648 518
1 10 2
163 380
1 6 2
602 181
1 2 2
129 744
1 11 2
100 72
1 13 2
31 280
1 5 2
719 153
1 13 2
174 525
1 5 2
29 233
1 2 2
500 668
1 15 2
539 412
1 13 2
670 263
1 15 2
72 471
1 3 2
643 585
1 4 2
685 217
1 2 2
600 181
1 3 2
303 585
1 10 2
378 706
1 10 2
773 287
1 7 2
106 137
1 15 2
692 775
1 11 2
42 505
1 11 2
432 234
1 15 2
722 275
1 9 2
140 680
1 11 2
234 328
1 14 2
430 427
1 5 2
55 227
1 11 2
193 76
1 10 2
262 61
1 5 2
342 363
1 10 2
768 426
1 10 2
117 675
1 12 2
569 675
1 12 2
632 518
1 12 2
246 512
1 5 2
260 314
1 14 2
6 762
1 14 2
316 207
1 4 2
315 1
1 9 2
351 629
1 8 2
114 722
1 15 2
247 459
1 4 2
379 227
1 10 2
609 657
1 12 2
524 559
1 14 2
228 145
1 13 2
678 413
1 5 2
204 571
1 5 2
296 595
1 13 2
377 535
1 15 2
181 55
1 3 2
118 789
1 5 2
467 415
1 14 2
658 190
1 5 2
171 365
1 13 2
788 370
1 6 2
655 367
1 11 2
554 296
1 3 2
568 152
1 6 2
654 666
1 3 2
220 549
1 3 2
734 535
1 15 2
369 286
1 11 2
723 660
1 11 2
642 458
1 8 2
572 774
1 10 2
35 155
1 8 2
489 294
1 8 2
287 64
1 13 2
120 225
1 6 2
445 393
1 8 2
525 95
1 15 2
693 271
1 2 2
794 239
1 8 2
343 794
1 12 2
105 546
1 12 2
645 620
1 4 2
23 176
1 12 2
170 658
1 15 2
768 793
1 12 2
396 599
1 9 2
702 199
1 14 2
646 737
1 12 2
193 563
1 10 2
414 438
1 9 2
308 512
1 5 2
712 101
1 5 2
70 323
1 6 2
125 497
1 15 2
513 785
1 9 2
703 762
1 6 2
299 463
1 10 2
44 492
1 10 2
707 628
1 7 2
516 611
1 5 2
590 606
1 12 2
544 272
1 10 2
463 381
1 9 2
755 188
1 8 2
685 86
1 4 2
232 792
1 12 2
729 298
1 6 2
181 156
1 4 2
73 496
1 9 2
52 184
1 4 2
608 401
1 9 2
663 749
1 15 2
660 67
1 15 2
322 114
1 9 2
334 364
1 5 2
12 4
1 13 2
434 491
1 12 2
96 42
1 4 2
378 575
1 8 2
737 362
1 5 2
56 336
1 13 2
184 252
1 4 2
615 382
1 13 2
91 692
1 15 2
263 365
1 2 2
529 574
1 8 2
326 674
1 14 2
497 26
1 14 2
167 223
1 11 2
315 331
1 4 2
119 715
1 10 2
173 342
1 2 2
755 181
1 6 2
205 134
1 6 2
208 519
1 2 2
472 150
1 15 2
763 481
1 5 2
649 117
1 5 2
658 311
1 9 2
683 51
1 13 2
121 758
1 13 2
228 410
1 4 2
420 527
1 12 2
446 753
1 8 2
381 366
1 8 2
22 115
1 4 2
708 782
1 15 2
95 379
1 13 2
295 727
1 8 2
411 546
1 6 2
64 685
1 9 2
727 712
1 3 2
452 4
1 4 2
639 540
1 6 2
258 695
1 11 2
10 644
1 6 2
573 728
1 6 2
307 332
1 13 2
690 51
1 15 2
603 232
1 7 2
716 653
1 13 2
1 595
1 4 2
203 212
1 8 2
234 522
1 13 2
570 146
1 2 2
156 647
1 7 2
613 262
1 5 2
418 603
1 10 2
167 423
1 3 2
686 671
1 6 2
679 505
1 5 2
330 595
1 7 2
287 321
1 9 2
11 749
1 3 2
493 452
1 4 2
665 586
1 4 2
241 219
1 4 2
109 664
1 11 2
135 797
1 12 2
411 120
1 4 2
764 46
1 3 2
623 4
1 6 2
732 411
1 3 2
218 163
1 4 2
651 348
1 12 2
362 531
1 13 2
379 535
1 15 2
661 427
1 8 2
572 422
1 2 2
596 638
1 14 2
796 395
1 11 2
651 594
1 15 2
292 124
1 11 2
550 74
1 12 2
663 108
1 9 2
522 405
1 9 2
666 458
1 11 2
357 772
1 3 2
342 29
1 6 2
798 76
1 8 2
85 459
1 7 2
479 144
1 7 2
749 24
1 15 2
390 742
1 6 2
720 365
1 4 2
54 523
1 6 2
544 251
1 4 2
494 473
1 6 2
507 309
1 14 2
381 279
1 2 2
747 51
1 10 2
304 44
1 14 2
478 230
1 15 2
518 219
1 15 2
434 403
1 12 2
743 644
1 15 2
362 268
1 7 2
152 220
1 11 2
44 138
1 8 2
595 743
1 6 2
612 221
1 6 2
56 799
1 11 2
140 553
1 3 2
479 776
1 9 2
540 175
1 4 2
580 57
1 4 2
676 197
1 2 2
106 230
1 14 2
404 418
1 10 2
471 636
1 3 2
504 402
1 10 2
477 190
1 5 2
780 479
1 2 2
74 317
1 11 2
232 458
1 14 2
664 96
1 13 2
219 262
1 14 2
456 582
1 14 2
688 699
1 9 2
220 780
1 13 2
138 297
1 10 2
711 603
1 5 2
207 163
1 14 2
396 174
1 2 2
106 387
1 2 2
780 666
1 14 2
589 487
1 7 2
136 576
1 7 2
395 195
1 2 2
538 722
1 3 2
162 779
1 3 2
254 54
1 10 2
632 688
1 8 2
358 665
1 11 2
460 706
1 11 2
321 116
1 4 2
62 18
1 2 2
635 612
1 4 2
767 253
1 12 2
481 610
1 11 2
155 762
1 10 2
423 330
1 3 2
400 497
1 6 2
334 522
1 5 2
339 599
1 15 2
689 65
1 11 2
770 216
1 2 2
53 357
1 14 2
574 200
1 8 2
798 464
1 4 2
224 3
1 11 2
348 466
1 7 2
594 348
1 10 2
178 248
1 6 2
734 14
1 10 2
288 540
1 6 2
187 351
1 3 2
534 784
1 15 2
594 330
1 4 2
590 100
1 8 2
552 310
1 13 2
241 326
1 9 2
670 263
1 7 2
119 140
1 2 2
33 281
1 3 2
650 730
1 8 2
645 408
1 11 2
94 2
1 13 2
679 272
1 7 2
397 88
1 10 2
500 135
1 4 2
72 725
1 4 2
381 755
1 8 2
678 13
1 14 2
23 556
1 15 2
146 42
1 10 2
597 398
1 11 2
110 527
1 14 2
509 699
1 13 2
37 414
1 11 2
96 273
1 2 2
173 227
1 6 2
12 519
1 7 2
450 582
1 4 2
490 409
1 5 2
22 240
1 5 2
19 649
1 13 2
258 550
1 4 2
612 71
1 8 2
643 284
1 4 2
110 360
1 15 2
629 565
1 10 2
135 613
1 6 2
583 784
1 3 2
793 497
1 3 2
182 101
1 8 2
663 559
1 7 2
185 579
1 15 2
274 567
1 4 2
656 76
1 11 2
70 601
1 13 2
469 148
1 10 2
82 132
1 8 2
306 596
1 9 2
522 226
1 8 2
730 719
1 12 2
664 514
1 10 2
340 291
1 3 2
570 119
1 6 2
411 646
1 12 2
646 585
1 12 2
90 639
1 10 2
454 39
1 15 2
617 282
1 13 2
75 78
1 3 2
497 133
1 7 2
672 798
1 3 2
451 168
1 7 2
349 41
1 6 2
168 92
1 2 2
689 797
1 8 2
771 395
1 12 2
37 443
1 14 2
636 477
1 12 2
211 356
1 7 2
494 621
1 8 2
161 393
1 7 2
380 666
1 6 2
783 718
1 13 2
274 120
1 12 2
551 199
1 6 2
99 248
1 5 2
103 380
1 8 2
495 128
1 11 2
172 91
1 6 2
700 161
1 9 2
496 352
1 2 2
301 107
1 4 2
6 213
1 2 2
423 192
1 5 2
79 521
1 13 2
417 55
1 6 2
23 439
1 11 2
472 320
1 5 2
65 663
1 6 2
605 625
1 12 2
796 350
1 3 2
774 175
1 10 2
756 653
1 7 2
323 113
1 4 2
241 73
1 15 2
382 174
1 11 2
267 480
1 6 2
226 572
1 6 2
375 692
1 14 2
757 484
1 7 2
639 101
1 13 2
707 712
1 3 2
778 651
1 11 2
121 555
1 3 2
241 334
1 14 2
670 5
1 2 2
673 579
1 11 2
481 766
1 3 2
780 45
1 3 2
648 743
1 8 2
516 415
1 3 2
392 668
1 3 2
404 126
1 13 2
102 776
1 7 2
783 356
1 4 2
297 692
1 14 2
467 146
1 3 2
450 780
1 14 2
447 730
1 14 2
236 60
1 15 2
296 375
1 12 2
494 42
1 4 2
41 647
1 11 2
352 136
1 8 2
760 714
1 10 2
200 553
1 5 2
78 369
1 13 2
525 9
1 11 2
797 669
1 15 2
392 67
1 3 2
787 129
1 14 2
274 394
1 6 2
680 112
1 8 2
464 547
1 13 2
374 266
1 2 2
283 83
1 8 2
645 10
1 6 2
702 640
1 4 2
635 90
1 10 2
353 233
1 12 2
190 586
1 15 2
401 264
1 6 2
742 544
1 15 2
437 611
1 8 2
162 789
1 2 2
191 315
1 12 2
316 56
1 10 2
623 61
1 10 2
237 322
1 14 2
10 510
1 13 2
299 529
1 8 2
766 614
1 6 2
377 432
1 8 2
272 275
1 12 2
135 518
1 8 2
477 751
1 8 2
725 732
1 11 2
504 229
1 9 2
455 124
1 13 2
58 662
1 2 2
209 98
1 11 2
39 249
1 4 2
363 20
1 2 2
81 598
1 7 2
601 758
1 3 2
198 278
1 8 2
278 63
1 10 2
58 307
1 4 2
764 340
1 10 2
79 52
1 10 2
620 427
1 14 2
508 247
1 14 2
576 771
1 5 2
388 790
1 13 2
778 418
1 15 2
254 122
1 3 2
430 505
1 8 2
168 188
1 8 2
23 35
1 11 2
468 540
1 6 2
187 571
1 14 2
441 374
1 12 2
73 124
1 11 2
506 743
1 5 2
444 214
1 11 2
499 497
1 3 2
510 327
1 15 2
560 190
1 3 2
30 175
1 8 2
105 726
1 9 2
74 10
1 11 2
66 697
1 9 2
250 736
1 7 2
260 590
1 3 2
531 524
1 15 2
32 236
1 4 2
472 322
1 3 2
233 385
1 10 2
515 363
1 3 2
601 218
1 13 2
622 170
1 3 2
110 125
1 10 2
108 342
1 4 2
179 339
1 12 2
601 300
1 2 2
361 497
1 5 2
293 340
1 12 2
33 659
1 7 2
121 508
1 8 2
41 462
1 9 2
132 623
1 11 2
422 411
1 9 2
235 797
1 8 2
110 369
1 14 2
320 205
1 14 2
550 59
1 2 2
433 667
1 3 2
281 170
1 8 2
318 63
1 14 2
222 368
1 12 2
385 64
1 12 2
8 342
1 2 2
313 790
1 13 2
415 449
1 11 2
277 534
1 2 2
385 14
1 4 2
258 198
1 11 2
29 409
1 15 2
77 194
1 4 2
570 537
1 12 2
357 522
1 3 2
8 39
1 2 2
462 608
1 14 2
361 72
1 13 2
491 255
1 4 2
288 457
1 11 2
658 39
1 6 2
497 322
1 7 2
680 732
1 9 2
393 243
1 13 2
608 107
1 13 2
547 590
1 11 2
373 298
1 3 2
604 296
1 10 2
137 593
1 5 2
192 259
1 3 2
40 521
1 4 2
481 704
1 13 2
578 27
1 12 2
505 426
1 8 2
148 192
1 2 2
245 322
1 13 2
499 261
1 11 2
75 318
1 10 2
765 500
1 14 2
326 278
1 6 2
487 297
1 13 2
615 646
1 4 2
421 583
1 13 2
233 424
1 12 2
789 439
1 6 2
244 91
1 2 2
143 541
1 2 2
464 723
1 10 2
101 423
1 3 2
120 751
1 15 2
744 602
1 5 2
201 716
1 14 2
198 446
1 3 2
410 193
1 7 2
670 188
1 9 2
401 483
1 13 2
515 501
1 5 2
501 302
1 10 2
455 683
1 3 2
226 386
1 12 2
424 459
1 15 2
101 244
1 4 2
644 665
1 12 2
90 437
1 7 2
462 577
1 13 2
75 461
1 8 2
517 119
1 14 2
598 288
1 6 2
306 563
1 12 2
86 123
1 14 2
143 522
1 6 2
22 456
1 13 2
433 622
1 10 2
551 510
1 9 2
632 4
1 3 2
435 368
1 14 2
402 780
1 12 2
200 488
1 9 2
505 715
1 4 2
484 141
1 12 2
223 286
1 8 2
407 319
1 13 2
322 144
1 15 2
52 254
1 13 2
201 703
1 13 2
280 556
1 3 2
41 316
1 2 2
57 493
1 14 2
271 314
1 12 2
623 158
1 15 2
562 462
1 8 2
651 741
1 10 2
442 773
1 7 2
87 131
1 14 2
335 110
1 15 2
258 188
1 12 2
730 702
1 3 2
347 456
1 12 2
790 409
1 10 2
374 676
1 12 2
369 411
1 4 2
550 611
1 5 2
522 22
1 8 2
698 130
1 9 2
720 427
1 13 2
135 748
1 14 2
59 533
1 15 2
292 178
1 13 2
43 97
1 7 2
667 631
1 12 2
418 707
1 15 2
513 326
1 10 2
712 453
1 3 2
56 701
1 13 2
592 272
1 8 2
362 750
1 9 2
580 368
1 12 2
444 230
1 15 2
590 38
1 8 2
195 268
1 14 2
124 79
1 10 2
653 452
1 8 2
744 630
1 4 2
136 430
1 11 2
223 775
1 8 2
625 272
1 13 2
485 558
1 2 2
347 495
1 6 2
57 240
1 5 2
369 717
1 8 2
760 262
1 9 2
179 724
1 5 2
432 700
1 4 2
757 229
1 12 2
388 686
1 2 2
656 19
1 12 2
157 152
1 6 2
370 363
1 12 2
110 797
1 11 2
781 151
1 14 2
107 430
1 14 2
575 320
1 14 2
690 34
1 14 2
627 787
1 11 2
684 579
1 3 2
151 104
1 8 2
710 652
1 7 2
521 251
1 9 2
129 769
1 15 2
344 507
1 2 2
795 770
1 3 2
348 99
1 7 2
548 81
1 11 2
442 599
1 2 2
501 678
1 4 2
557 426
1 12 2
630 711
1 5 2
711 692
1 11 2
538 188
1 15 2
725 106
1 3 2
74 2
1 2 2
652 184
1 2 2
284 586
1 7 2
31 499
1 6 2
94 258
1 13 2
535 537
1 12 2
355 627
1 5 2
656 540
1 7 2
623 763
1 9 2
561 440
1 11 2
448 567
1 11 2
407 71
1 15 2
142 632
1 6 2
386 792
1 5 2
459 297
1 13 2
564 208
1 12 2
791 784
1 2 2
102 249
1 7 2
516 291
1 5 2
597 651
1 13 2
587 527
1 8 2
510 382
1 6 2
481 166
1 14 2
791 699
1 2 2
115 555
1 13 2
692 530
1 4 2
435 294
1 5 2
560 8
1 2 2
223 418
1 5 2
464 773
1 6 2
711 252
1 8 2
161 581
1 9 2
31 710
1 7 2
725 366
1 6 2
297 606
1 13 2
485 686
1 15 2
603 782
1 4 2
468 326
1 5 2
729 323
1 6 2
420 710
1 8 2
260 375
1 8 2
231 533
1 15 2
489 643
1 14 2
63 593
1 13 2
602 606
1 5 2
303 84
1 9 2
164 377
1 12 2
706 577
1 10 2
17 331
1 8 2
26 75
1 13 2
626 557
1 11 2
657 589
1 6 2
562 89
1 13 2
219 319
1 6 2
458 719
1 9 2
284 84
1 2 2
594 797
1 13 2
325 480
1 6 2
778 525
1 9 2
534 631
1 8 2
259 164
1 2 2
795 486
1 9 2
344 677
1 7 2
134 281
1 2 2
466 629
1 2 2
22 569
1 9 2
353 152
1 14 2
229 530
1 10 2
389 415
1 9 2
666 758
1 5 2
784 256
1 8 2
664 72
1 3 2
292 157
1 9 2
309 267
1 12 2
403 57
1 8 2
66 221
1 8 2
98 767
1 13 2
478 624
1 6 2
632 254
1 13 2
336 622
1 8 2
571 456
1 14 2
104 259
1 6 2
562 296
1 4 2
726 517
1 4 2
543 310
1 7 2
662 484
1 14 2
439 543
1 4 2
358 758
1 4 2
662 256
1 2 2
243 594
1 13 2
389 524
1 3 2
57 571
1 7 2
601 344
1 2 2
754 597
1 7 2
464 42
1 12 2
373 262
1 10 2
59 525
1 12 2
580 728
1 11 2
359 29
1 13 2
78 759
1 6 2
789 598
1 4 2
204 241
1 4 2
3 431
1 3 2
545 244
1 14 2
436 794
1 2 2
482 786
1 12 2
566 710
1 2 2
605 178
1 15 2
729 13
1 5 2
227 359
1 7 2
540 310
1 3 2
26 422
1 8 2
174 324
1 8 2
477 446
1 14 2
485 261
1 13 2
382 10
1 11 2
625 237
1 6 2
552 391
1 13 2
650 399
1 5 2
369 185
1 4 2
250 675
1 10 2
358 707
1 8 2
392 227
1 10 2
553 360
1 12 2
65 381
1 12 2
206 91
1 15 2
501 298
1 3 2
61 339
1 15 2
133 170
1 11 2
517 648
1 2 2
113 701
1 12 2
482 535
1 13 2
153 573
1 12 2
0 14
1 7 2
121 474
1 2 2
321 602
1 6 2
514 711
1 9 2
253 741
1 10 2
650 372
1 7 2
57 585
1 7 2
98 279
1 9 2
332 211
1 10 2
392 294
1 13 2
679 391
1 13 2
566 319
1 9 2
636 85
1 8 2
641 294
1 10 2
698 633
1 13 2
438 409
1 6 2
314 181
1 3 2
635 653
1 3 2
439 162
1 11 2
688 672
1 10 2
163 84
1 9 2
186 574
1 7 2
372 120
1 5 2
680 8
1 5 2
393 97
1 8 2
234 173
1 4 2
540 36
1 11 2
664 673
1 11 2
471 630
1 10 2
785 5
1 12 2
217 194
1 7 2
712 8
1 9 2
136 203
1 14 2
336 43
1 8 2
137 360
1 9 2
775 765
1 7 2
652 396
1 15 2
449 526
1 2 2
702 531
1 7 2
609 156
1 4 2
296 203
1 15 2
249 541
1 12 2
216 694
1 5 2
559 78
1 15 2
386 626
1 2 2
177 290
1 5 2
281 695
1 5 2
658 254
1 8 2
11 432
1 7 2
656 8
1 8 2
293 543
1 10 2
263 523
1 12 2
241 84
1 12 2
522 6
1 8 2
66 731
1 2 2
797 365
1 13 2
265 614
1 2 2
563 616
1 8 2
3 407
1 10 2
1 99
1 8 2
147 692
1 7 2
361 224
1 13 2
68 144
1 6 2
505 188
1 14 2
732 198
1 6 2
535 458
1 7 2
568 172
1 6 2
224 720
1 14 2
705 136
1 6 2
344 259
1 11 2
208 249
1 6 2
412 44
1 6 2
412 362
1 13 2
636 467
1 14 2
251 655
1 8 2
360 759
1 11 2
406 497
1 6 2
337 286
1 10 2
450 283
1 15 2
704 230
1 14 2
403 544
1 8 2
102 104
1 3 2
425 154
1 2 2
762 698
1 7 2
68 540
1 11 2
36 207
1 15 2
295 713
1 5 2
146 572
1 7 2
404 663
1 4 2
412 169
1 15 2
327 537
1 13 2
638 143
1 8 2
473 382
1 9 2
718 358
1 3 2
244 794
1 9 2
637 244
1 12 2
15 164
1 14 2
298 302
1 9 2
731 604
1 3 2
764 609
1 12 2
280 333
1 2 2
666 187
1 11 2
752 388
1 14 2
132 566
1 4 2
643 39
1 10 2
80 662
1 15 2
705 141
1 9 2
723 607
1 8 2
535 62
1 3 2
370 512
1 2 2
772 434
1 2 2
130 595
1 12 2
603 649
1 12 2
311 750
1 2 2
232 412
1 4 2
799 223
1 8 2
245 254
1 5 2
752 481
1 10 2
398 175
1 2 2
686 285
1 13 2
41 509
1 14 2
296 422
1 2 2
750 228
1 13 2
473 740
1 15 2
395 573
1 8 2
386 698
1 9 2
641 14
1 2 2
445 773
1 13 2
203 480
1 10 2
270 689
1 11 2
651 288
1 8 2
205 310
1 4 2
130 399
1 15 2
629 693
1 8 2
755 283
1 13 2
768 537
1 13 2
196 415
1 12 2
507 87
1 5 2
595 481
1 12 2
392 455
1 9 2
419 734
1 5 2
17 284
1 6 2
723 55
1 3 2
362 357
1 7 2
256 161
1 9 2
299 618
1 9 2
294 712
1 15 2
273 557
1 6 2
183 138
1 6 2
250 194
1 10 2
649 356
1 11 2
665 186
1 13 2
646 308
1 5 2
545 227
1 5 2
499 464
1 14 2
326 697
1 14 2
32 1
1 5 2
572 313
1 4 2
799 640
1 2 2
672 478
1 6 2
433 371
1 11 2
97 396
1 6 2
340 140
1 6 2
28 615
1 13 2
571 118
1 4 2
284 23
1 5 2
261 139
1 9 2
365 439
1 15 2
668 506
1 7 2
776 38
1 2 2
296 137
1 7 2
330 600
1 11 2
197 347
1 12 2
140 711
1 10 2
73 507
1 8 2
433 780
1 10 2
300 3
1 5 2
412 508
1 5 2
199 216
1 4 2
702 425
1 7 2
72 752
1 9 2
68 645
1 10 2
472 697
1 4 2
26 652
1 8 2
553 105
1 6 2
187 347
1 9 2
331 372
1 5 2
609 508
1 2 2
594 292
1 15 2
374 259
1 12 2
56 644
1 2 2
713 442
1 6 2
314 589
1 5 2
601 315
1 11 2
624 253
1 6 2
42 142
1 2 2
396 286
1 7 2
57 315
1 10 2
402 543
1 4 2
259 287
1 2 2
329 510
1 11 2
697 267
1 8 2
241 289
1 6 2
12 696
1 7 2
176 347
1 13 2
462 183
1 7 2
448 723
1 6 2
207 109
1 14 2
513 19
1 12 2
518 377
1 12 2
422 152
1 7 2
760 239
1 8 2
699 542
1 11 2
250 227
1 2 2
184 453
1 3 2
406 229
1 6 2
48 774
1 11 2
767 618
1 8 2
568 516
1 6 2
35 141
1 7 2
751 17
1 4 2
464 198
1 11 2
776 673
1 4 2
623 194
1 10 2
233 462
1 9 2
378 27
1 13 2
293 108
1 7 2
444 727
1 2 2
458 686
1 3 2
189 516
1 12 2
114 330
1 8 2
543 94
1 9 2
795 388
1 12 2
746 693
1 7 2
72 382
1 3 2
735 386
1 5 2
317 59
1 4 2
568 480
1 9 2
357 771
1 10 2
346 377
1 9 2
494 741
1 15 2
97 477
1 3 2
189 581
1 7 2
471 2
1 14 2
793 369
1 12 2
742 783
1 12 2
366 162
1 10 2
406 445
1 15 2
334 202
1 2 2
167 261
1 10 2
337 509
1 5 2
544 265
1 9 2
171 713
1 6 2
720 111
1 10 2
65 483
1 2 2
412 279
1 5 2
112 256
1 9 2
288 353
1 5 2
730 562
1 14 2
778 709
1 10 2
402 618
1 11 2
721 581
1 12 2
230 419
1 8 2
680 145
1 12 2
295 702
1 13 2
62 39
1 4 2
799 558
1 7 2
641 399
1 11 2
289 226
1 8 2
258 51
1 10 2
412 610
1 11 2
619 184
1 5 2
700 567
1 11 2
437 312
1 10 2
71 567
1 3 2
203 27
1 15 2
303 489
1 15 2
58 559
1 10 2
390 127
1 9 2
207 154
1 12 2
273 228
1 3 2
552 366
1 4 2
302 18
1 8 2
316 787
1 10 2
531 243
1 9 2
661 526
1 3 2
777 112
1 12 2
425 147
1 12 2
257 349
1 8 2
787 440
1 7 2
433 200
1 2 2
499 355
1 3 2
410 657
1 7 2
122 641
1 10 2
722 153
1 4 2
90 51
1 7 2
730 31
1 13 2
126 244
1 5 2
660 667
1 13 2
422 196
1 8 2
477 205
1 2 2
207 496
1 13 2
493 751
1 13 2
269 665
1 10 2
489 279
1 4 2
239 84
1 12 2
693 623
1 15 2
31 324
1 9 2
100 149
1 12 2
492 449
1 7 2
190 720
1 2 2
93 496
1 3 2
701 39
1 4 2
508 152
1 6 2
365 473
1 6 2
423 721
1 12 2
201 724
1 9 2
561 198
1 3 2
454 179
1 5 2
613 269
1 2 2
302 32
1 8 2
308 6
1 15 2
421 104
1 8 2
348 584
1 6 2
87 247
1 12 2
176 302
1 8 2
516 18
1 5 2
226 21
1 12 2
640 729
1 9 2
126 9
1 15 2
555 782
1 12 2
772 113
1 5 2
84 238
1 2 2
275 683
1 4 2
218 369
1 15 2
436 439
1 9 2
59 84
1 3 2
730 164
1 8 2
665 461
1 5 2
53 223
1 8 2
550 439
1 8 2
33 728
1 4 2
638 179
1 8 2
729 487
1 5 2
45 766
1 13 2
488 656
1 5 2
411 473
1 13 2
129 226
1 4 2
263 587
1 9 2
480 587
1 15 2
520 182
1 9 2
251 42
1 4 2
793 181
1 11 2
615 480
1 10 2
47 636
1 11 2
262 379
1 10 2
51 199
1 5 2
666 44
1 3 2
483 487
1 3 2
173 480
1 15 2
756 255
1 8 2
757 612
1 9 2
596 551
1 15 2
593 23
1 7 2
406 450
1 14 2
277 716
1 5 2
478 151
1 4 2
772 759
1 11 2
640 52
1 4 2
294 684
1 9 2
5 634
1 6 2
440 583
1 7 2
86 453
1 7 2
37 198
1 15 2
366 353
1 3 2
152 608
1 12 2
501 795
1 7 2
36 450
1 5 2
152 699
1 12 2
717 249
1 9 2
38 209
1 2 2
394 594
1 5 2
442 21
1 5 2
360 531
1 12 2
439 30
1 13 2
259 376
1 5 2
563 483
1 4 2
195 11
1 10 2
134 750
1 6 2
29 188
1 12 2
230 291
1 4 2
668 673
1 2 2
666 752
1 15 2
276 435
1 7 2
759 50
1 13 2
18 753
1 11 2
134 667
1 2 2
100 374
1 3 2
698 217
1 2 2
731 480
1 2 2
343 764
1 3 2
242 28
1 6 2
295 465
1 3 2
394 785
1 14 2
706 394
1 9 2
705 197
1 5 2
291 624
1 15 2
763 54
1 11 2
523 376
1 14 2
486 545
1 10 2
153 454
1 7 2
337 30
1 9 2
422 415
1 5 2
109 30
1 3 2
654 11
1 9 2
789 560
1 5 2
157 575
1 7 2
362 733
1 2 2
771 38
1 3 2
479 540
1 5 2
700 188
1 2 2
5 131
1 2 2
175 493
1 4 2
643 738
1 12 2
360 474
1 7 2
263 637
1 9 2
702 162
1 8 2
188 562
1 13 2
584 702
1 9 2
591 73
1 10 2
583 313
1 15 2
508 766
1 8 2
695 135
1 14 2
353 112
1 11 2
763 762
1 4 2
68 190
1 7 2
732 266
1 15 2
286 326
1 14 2
92 282
1 9 2
147 227
1 6 2
685 689
1 9 2
545 82
1 2 2
405 35
1 5 2
773 435
1 10 2
96 661
1 12 2
126 389
1 6 2
630 334
1 2 2
403 1
1 14 2
643 611
1 11 2
318 575
1 7 2
479 382
1 15 2
352 227
1 15 2
493 764
1 3 2
711 695
1 10 2
235 340
1 15 2
240 491
1 8 2
190 59
1 15 2
63 765
1 12 2
695 49
1 15 2
259 741
1 11 2
404 709
1 6 2
513 489
1 11 2
78 444
1 11 2
603 571
1 11 2
633 125
1 5 2
106 368
1 10 2
617 412
1 13 2
694 496
1 7 2
29 692
1 7 2
792 254
1 3 2
747 167
1 14 2
318 177
1 13 2
757 180
1 10 2
89 274
1 7 2
490 778
1 3 2
540 333
1 3 2
120 681
1 8 2
591 243
1 6 2
451 694
1 11 2
154 297
1 4 2
681 345
1 10 2
746 340
1 15 2
363 18
1 10 2
754 679
1 15 2
644 297
1 6 2
548 137
1 4 2
288 341
1 8 2
458 548
1 8 2
578 560
1 8 2
509 518
1 14 2
79 684
1 8 2
316 270
1 8 2
521 560
1 9 2
765 168
1 8 2
81 272
1 14 2
264 571
1 4 2
281 349
1 14 2
425 466
1 5 2
573 472
1 8 2
514 425
1 3 2
142 322
1 4 2
338 324
1 5 2
645 38
1 15 2
764 729
1 11 2
225 148
1 3 2
498 193
1 3 2
282 108
1 14 2
652 17
1 4 2
77 531
1 2 2
509 683
1 7 2
11 752
1 12 2
773 52
1 2 2
670 188
1 4 2
248 61
1 3 2
256 680
1 12 2
3 492
1 7 2
502 396
1 7 2
54 4
1 3 2
224 92
1 5 2
387 499
1 14 2
761 610
1 8 2
275 388
1 11 2
18 575
1 14 2
426 277
1 10 2
108 117
1 11 2
150 773
1 10 2
683 35
1 6 2
526 684
1 14 2
548 547
1 12 2
629 265
1 15 2
441 727
1 6 2
304 240
1 11 2
467 373
1 14 2
573 631
1 5 2
523 206
1 11 2
497 455
1 4 2
197 417
1 3 2
281 469
1 12 2
786 44
1 7 2
85 252
1 14 2
83 491
1 8 2
578 258
1 8 2
388 651
1 2 2
477 227
1 2 2
764 384
1 13 2
126 129
1 11 2
180 105
1 6 2
58 436
1 14 2
14 750
1 8 2
449 788
1 13 2
385 55
1 14 2
138 659
1 11 2
272 714
1 15 2
459 94
1 7 2
192 363
1 9 2
143 534
1 12 2
539 582
1 4 2
495 748
1 11 2
304 381
1 14 2
763 65
1 11 2
653 647
1 9 2
57 170
1 5 2
271 144
1 5 2
205 573
1 3 2
60 264
1 11 2
91 248
1 10 2
478 559
1 14 2
516 103
1 11 2
528 667
1 3 2
415 320
1 10 2
166 550
1 14 2
308 496
1 5 2
662 237
1 13 2
4 0
1 2 2
457 768
1 10 2
540 242
1 8 2
287 327
1 9 2
496 332
1 2 2
411 1
1 7 2
473 608
1 4 2
298 522
1 9 2
600 623
1 10 2
371 131
1 10 2
138 540
1 2 2
518 628
1 2 2
754 268
1 13 2
438 454
1 3 2
253 602
1 2 2
77 148
1 6 2
541 720
1 10 2
114 182
1 4 2
346 489
1 7 2
190 185
1 13 2
568 769
1 12 2
231 299
1 9 2
490 575
1 15 2
401 139
1 5 2
8 635
1 7 2
627 682
1 12 2
18 389
1 4 2
693 42
1 7 2
440 154
1 15 2
455 685
1 9 2
212 95
1 9 2
43 458
1 10 2
161 476
1 4 2
737 266
1 9 2
468 0
1 12 2
573 641
1 15 2
226 506
1 2 2
700 654
1 3 2
310 771
1 12 2
555 309
1 5 2
380 124
1 2 2
168 438
1 15 2
620 206
1 10 2
185 708
1 5 2
235 118
1 3 2
136 721
1 5 2
666 442
1 11 2
217 331
1 13 2
17 592
1 7 2
750 498
1 13 2
499 58
1 11 2
48 763
1 8 2
462 708
1 9 2
494 749
1 6 2
51 558
1 15 2
208 536
1 8 2
641 10
1 9 2
120 391
1 3 2
737 371
1 14 2
153 478
1 7 2
33 488
1 8 2
680 711
1 9 2
205 475
1 14 2
648 324
1 3 2
87 77
1 4 2
727 400
1 6 2
769 54
1 12 2
772 266
1 13 2
390 44
1 15 2
446 289
1 14 2
747 27
1 10 2
393 718
1 13 2
725 563
1 13 2
282 420
1 8 2
499 423
1 5 2
643 29
1 2 2
43 64
1 2 2
514 47
1 2 2
86 595
1 9 2
267 69
1 15 2
48 479
1 7 2
686 641
1 6 2
443 55
1 14 2
115 398
1 4 2
419 511
1 11 2
481 283
1 15 2
215 36
1 4 2
707 146
1 10 2
129 426
1 5 2
353 297
1 7 2
159 202
1 12 2
30 468
1 14 2
591 151
1 3 2
618 420
1 2 2
654 726
1 13 2
377 512
1 11 2
310 221
1 9 2
118 86
1 11 2
582 614
1 13 2
391 740
1 2 2
629 346
1 4 2
54 274
1 13 2
396 739
1 3 2
461 619
1 9 2
339 134
1 6 2
766 334
1 15 2
144 119
1 7 2
126 474
1 6 2
242 235
1 12 2
282 222
1 13 2
282 374
1 13 2
373 728
1 5 2
213 743
1 13 2
192 204
1 7 2
78 430
1 15 2
764 148
1 14 2
507 376
1 8 2
400 387
1 15 2
185 586
1 6 2
411 693
1 9 2
230 13
1 12 2
312 178
1 4 2
684 9
1 10 2
235 39
1 2 2
103 745
1 3 2
659 113
1 15 2
614 136
1 11 2
429 794
1 15 2
107 565
1 6 2
144 717
1 2 2
141 780
1 3 2
692 720
1 9 2
384 686
1 9 2
91 373
1 3 2
229 587
1 11 2
501 221
1 15 2
572 29
1 3 2
271 552
1 12 2
236 281
1 13 2
685 346
1 6 2
654 746
1 15 2
365 794
1 4 2
637 333
1 6 2
78 92
1 4 2
699 482
1 4 2
559 409
1 11 2
420 705
1 9 2
125 664
1 12 2
765 523
1 10 2
59 723
1 10 2
589 454
1 11 2
761 532
1 6 2
301 585
1 14 2
604 404
1 13 2
408 66
1 7 2
156 780
1 14 2
257 87
1 9 2
699 515
1 15 2
479 543
1 9 2
139 354
1 3 2
99 361
1 14 2
129 213
1 9 2
119 455
1 5 2
475 496
1 3 2
256 271
1 2 2
189 327
1 5 2
88 459
1 13 2
771 94
1 10 2
414 559
1 2 2
792 213
1 2 2
100 262
1 3 2
408 656
1 2 2
783 334
1 7 2
611 651
1 5 2
20 68
1 11 2
297 501
1 8 2
564 257
1 5 2
797 779
1 3 2
169 747
1 14 2
525 193
1 5 2
108 599
1 4 2
97 208
1 14 2
177 283
1 9 2
667 117
1 9 2
389 307
1 13 2
692 34
1 9 2
696 504
1 6 2
614 186
1 6 2
698 715
1 3 2
276 149
1 9 2
221 218
1 4 2
613 772
1 2 2
622 291
1 13 2
793 285
1 7 2
310 402
1 2 2
680 673
1 11 2
160 10
1 13 2
581 280
1 13 2
206 308
1 8 2
136 789
1 2 2
275 125
1 13 2
647 611
1 9 2
706 7
1 5 2
288 299
1 13 2
571 551
1 4 2
465 91
1 2 2
436 652
1 4 2
231 412
1 9 2
327 316
1 7 2
74 457
1 8 2
655 290
1 9 2
550 351
1 11 2
513 187
1 11 2
94 243
1 9 2
396 775
1 13 2
208 57
1 4 2
557 746
1 5 2
334 80
1 4 2
278 131
1 14 2
115 42
1 5 2
351 2
1 14 2
460 604
1 8 2
131 11
1 15 2
372 749
1 9 2
238 630
1 6 2
365 467
1 6 2
241 246
1 7 2
493 301
1 2 2
120 652
1 2 2
454 746
1 15 2
336 407
1 5 2
681 627
1 4 2
161 242
1 8 2
146 550
1 11 2
778 126
1 12 2
372 174
1 2 2
493 235
1 14 2
786 529
1 6 2
315 634
1 9 2
149 183
1 2 2
368 329
1 8 2
89 279
1 13 2
734 311
1 3 2
36 555
1 3 2
142 306
1 14 2
81 390
1 15 2
521 598
1 6 2
363 361
1 5 2
799 256
1 9 2
16 718
1 9 2
110 255
1 7 2
678 34
1 6 2
317 797
1 11 2
384 18
1 13 2
459 72
1 7 2
472 311
1 14 2
391 588
1 13 2
42 670
1 11 2
494 710
1 6 2
527 788
1 5 2
579 285
1 8 2
205 278
1 11 2
641 366
1 13 2
730 618
1 9 2
89 104
1 12 2
548 26
1 9 2
529 789
1 6 2
427 53
1 15 2
291 45
1 12 2
21 574
1 3 2
280 96
1 15 2
707 202
1 7 2
594 12
1 10 2
8 233
1 7 2
360 211
1 12 2
342 146
1 8 2
239 789
1 9 2
95 641
1 2 2
442 343
1 15 2
126 331
1 5 2
139 11
1 3 2
740 141
1 2 2
331 129
1 2 2
456 507
1 2 2
526 364
1 6 2
722 764
1 11 2
698 335
1 10 2
242 412
1 6 2
263 428
1 11 2
159 686
1 13 2
6 701
1 9 2
296 643
1 10 2
436 115
1 6 2
269 495
1 14 2
556 31
1 14 2
639 148
1 14 2
297 532
1 3 2
249 502
1 4 2
609 599
1 10 2
386 247
1 10 2
796 224
1 11 2
23 52
1 12 2
517 200
1 14 2
239 286
1 11 2
451 197
1 9 2
242 58
1 14 2
499 639
1 7 2
268 171
1 11 2
662 22
1 15 2
262 5
1 3 2
388 295
1 14 2
81 303
1 4 2
440 372
1 4 2
702 547
1 10 2
312 397
1 15 2
299 788
1 13 2
128 352
1 13 2
124 497
1 6 2
514 216
1 6 2
474 763
1 5 2
16 440
1 13 2
657 778
1 3 2
84 184
1 7 2
781 338
1 4 2
799 293
1 2 2
254 704
1 4 2
47 580
1 2 2
519 311
1 2 2
427 476
1 5 2
183 690
1 9 2
639 773
1 7 2
22 366
1 15 2
518 426
1 4 2
330 121
1 3 2
603 286
1 15 2
574 553
1 7 2
196 764
1 2 2
146 365
1 11 2
144 527
1 13 2
59 259
1 13 2
370 445
1 6 2
631 195
1 11 2
623 514
1 12 2
612 68
1 3 2
163 355
1 4 2
61 399
1 9 2
749 568
1 2 2
730 467
1 12 2
109 747
1 14 2
571 298
1 8 2
539 427
1 15 2
383 139
1 11 2
684 25
1 12 2
664 661
1 7 2
570 205
1 9 2
484 743
1 11 2
133 498
1 11 2
722 88
1 3 2
272 742
1 9 2
216 68
1 5 2
13 551
1 15 2
175 359
1 9 2
376 19
1 9 2
418 365
1 14 2
286 191
1 2 2
698 358
1 9 2
178 649
1 8 2
709 392
1 13 2
688 335
1 8 2
526 750
1 2 2
209 712
1 8 2
206 654
1 11 2
135 153
1 14 2
486 92
1 13 2
260 33
1 6 2
175 394
1 10 2
626 78
1 5 2
442 446
1 15 2
336 248
1 15 2
700 434
1 6 2
574 504
1 7 2
548 341
1 15 2
380 283
1 11 2
280 46
1 3 2
798 380
1 2 2
83 441
1 7 2
557 360
1 9 2
390 204
1 15 2
536 206
1 9 2
743 651
1 9 2
600 431
1 10 2
21 411
1 6 2
73 316
1 14 2
539 233
1 13 2
502 720
1 10 2
147 93
1 11 2
468 156
1 12 2
281 625
1 3 2
190 609
1 11 2
45 240
1 10 2
275 316
1 14 2
100 299
1 10 2
737 699
1 8 2
655 640
1 7 2
534 540
1 5 2
174 657
1 11 2
100 488
1 6 2
145 386
1 7 2
519 570
1 8 2
776 415
1 4 2
431 683
1 12 2
378 371
1 9 2
671 521
1 7 2
605 79
1 3 2
182 280
1 2 2
791 629
1 13 2
64 691
1 13 2
577 626
1 2 2
398 535
1 11 2
539 635
1 14 2
13 759
1 15 2
26 386
1 12 2
267 305
1 5 2
655 796
1 13 2
313 171
1 13 2
329 222
1 2 2
699 223
1 14 2
391 740
1 11 2
729 739
1 9 2
266 421
1 4 2
512 396
1 4 2
736 51
1 11 2
228 763
1 10 2
698 182
1 11 2
722 213
1 6 2
103 545
1 11 2
53 546
1 2 2
29 377
1 8 2
329 6
1 8 2
293 677
1 5 2
600 323
1 7 2
662 350
1 13 2
37 202
1 2 2
475 627
1 7 2
709 753
1 3 2
747 479
1 8 2
349 516
1 10 2
228 525
1 13 2
47 228
1 7 2
468 132
1 12 2
548 266
1 8 2
704 103
1 14 2
139 148
1 4 2
36 56
1 8 2
537 370
1 13 2
468 351
1 7 2
456 646
1 11 2
99 407
1 10 2
40 512
1 3 2
392 102
1 14 2
131 549
1 9 2
517 167
1 14 2
20 136
1 11 2
616 742
1 10 2
604 542
1 10 2
430 319
1 13 2
465 274
1 8 2
317 19
1 15 2
359 587
1 12 2
578 415
1 13 2
427 188
1 14 2
657 727
1 3 2
157 398
1 8 2
13 444
1 3 2
545 75
1 5 2
761 790
1 5 2
697 782
1 8 2
359 373
1 9 2
331 46
1 2 2
665 522
1 3 2
144 152
1 6 2
719 373
1 8 2
36 483
1 11 2
258 51
1 13 2
659 700
1 6 2
92 790
1 3 2
536 599
1 7 2
795 28
1 4 2
221 76
1 10 2
274 466
1 2 2
88 425
1 6 2
631 613
1 7 2
380 450
1 4 2
86 656
1 3 2
200 608
1 11 2
320 597
1 14 2
611 764
1 9 2
611 128
1 10 2
214 437
1 7 2
303 583
1 3 2
797 468
1 10 2
549 27
1 3 2
601 165
1 11 2
693 340
1 13 2
756 209
1 10 2
282 653
1 7 2
496 384
1 13 2
226 620
1 9 2
680 735
1 8 2
314 386
1 7 2
265 382
1 14 2
272 366
1 12 2
376 19
1 7 2
384 41
1 11 2
16 191
1 7 2
550 421
1 10 2
791 121
1 7 2
573 382
1 13 2
301 200
1 2 2
423 711
1 14 2
654 351
1 14 2
502 513
1 13 2
22 242
1 5 2
743 468
1 2 2
763 618
1 5 2
441 754
1 10 2
198 764
1 9 2
741 38
1 11 2
721 786
1 9 2
427 50
1 9 2
207 213
1 13 2
92 327
1 4 2
289 346
1 11 2
765 37
1 5 2
228 396
1 5 2
753 685
1 6 2
240 93
1 12 2
658 100
1 9 2
527 287
1 8 2
230 64
1 5 2
237 640
1 2 2
259 497
1 2 2
763 260
1 2 2
791 394
1 15 2
201 695
1 14 2
331 290
1 14 2
117 54
1 6 2
303 738
1 14 2
592 103
1 5 2
120 61
1 10 2
196 122
1 14 2
739 190
1 13 2
415 743
1 4 2
349 476
1 11 2
180 332
1 7 2
266 204
1 6 2
153 261
1 13 2
355 246
1 4 2
295 322
1 13 2
476 627
1 12 2
61 264
1 6 2
456 242
1 12 2
172 396
1 4 2
473 680
1 13 2
427 305
1 7 2
396 789
1 11 2
311 156
1 8 2
481 798
1 13 2
52 458
1 12 2
743 616
1 6 2
644 564
1 3 2
405 588
1 15 2
348 251
1 7 2
302 633
1 4 2
481 536
1 8 2
600 135
1 3 2
598 611
1 12 2
684 691
1 6 2
744 423
1 3 2
245 776
1 15 2
540 476
1 2 2
267 570
1 14 2
594 362
1 14 2
497 213
1 9 2
759 211
1 14 2
170 86
1 15 2
358 147
1 9 2
552 208
1 6 2
448 365
1 9 2
153 111
1 11 2
684 749
1 9 2
506 750
1 7 2
611 789
1 3 2
481 375
1 8 2
191 431
1 7 2
621 29
1 2 2
604 322
1 7 2
616 383
1 4 2
229 67
1 13 2
637 2
1 12 2
507 636
1 14 2
55 503
1 10 2
381 284
1 3 2
643 277
1 8 2
639 325
1 9 2
333 73
1 11 2
158 43
1 13 2
37 469
1 9 2
750 229
1 2 2
774 227
1 15 2
206 119
1 5 2
651 756
1 2 2
754 708
1 9 2
484 258
1 13 2
414 600
1 14 2
124 164
1 11 2
625 626
1 7 2
357 493
1 11 2
140 243
1 3 2
763 773
1 3 2
586 222
1 5 2
237 497
1 9 2
352 641
1 4 2
378 64
1 9 2
214 554
1 5 2
336 324
1 12 2
462 273
1 4 2
387 392
1 14 2
203 149
1 11 2
480 341
1 5 2
727 509
1 2 2
101 671
1 3 2
112 690
1 5 2
384 477
1 14 2
360 539
1 15 2
574 619
1 5 2
681 558
1 7 2
612 457
1 9 2
554 54
1 10 2
66 567
1 13 2
265 146
1 9 2
231 437
1 12 2
123 113
1 3 2
575 765
1 7 2
648 87
1 4 2
389 645
1 8 2
657 42
1 2 2
435 355
1 11 2
120 49
1 6 2
495 231
1 13 2
59 434
1 5 2
342 752
1 7 2
794 272
1 9 2
127 416
1 5 2
65 556
1 2 2
374 449
1 11 2
113 626
1 10 2
270 649
1 10 2
218 484
1 3 2
211 337
1 10 2
702 197
1 9 2
534 289
1 6 2
225 83
1 14 2
85 233
1 3 2
258 640
1 11 2
411 578
1 11 2
624 53
1 3 2
98 613
1 10 2
237 789
1 9 2
249 225
1 3 2
686 518
1 11 2
431 600
1 6 2
585 4
1 15 2
670 31
1 3 2
677 519
1 10 2
718 403
1 11 2
557 568
1 6 2
307 411
1 15 2
102 29
1 14 2
357 735
1 5 2
695 673
1 8 2
194 583
1 6 2
535 191
1 2 2
297 789
1 9 2
748 427
1 15 2
82 510
1 8 2
586 469
1 10 2
147 414
1 12 2
238 102
1 14 2
216 274
1 10 2
214 707
1 6 2
469 217
1 6 2
120 639
1 8 2
482 701
1 4 2
636 698
1 8 2
188 504
1 2 2
756 399
1 9 2
0 606
1 5 2
346 229
1 3 2
709 621
1 4 2
511 206
1 10 2
250 260
1 12 2
445 295
1 7 2
32 311
1 15 2
747 66
1 14 2
257 97
1 13 2
220 788
1 7 2
427 270
1 9 2
423 402
1 8 2
62 750
1 11 2
258 790
1 9 2
350 670
1 9 2
448 428
1 4 2
183 566
1 11 2
90 68
1 7 2
561 130
1 3 2
645 67
1 9 2
410 109
1 6 2
451 383
1 8 2
791 770
1 14 2
638 180
1 9 2
629 452
1 13 2
286 100
1 8 2
427 762
1 9 2
5 755
1 5 2
643 262
1 9 2
262 672
1 3 2
359 123
1 10 2
416 105
1 14 2
364 398
1 4 2
286 199
1 11 2
193 108
1 8 2
521 652
1 7 2
61 323
1 7 2
8 120
1 12 2
783 687
1 6 2
638 260
1 10 2
121 355
1 14 2
132 39
1 15 2
658 645
1 15 2
715 507
1 14 2
501 754
1 11 2
743 334
1 4 2
11 776
1 12 2
1 360
1 8 2
575 567
1 4 2
585 364
1 9 2
300 698
1 6 2
146 80
1 8 2
325 337
1 3 2
142 141
1 9 2
251 340
1 7 2
784 613
1 13 2
331 546
1 5 2
165 292
1 6 2
444 537
1 7 2
626 505
1 3 2
192 125
1 7 2
148 533
1 14 2
597 742
1 6 2
615 247
1 5 2
232 491
1 11 2
477 519
1 14 2
740 103
1 4 2
567 315
1 4 2
606 490
1 11 2
462 332
1 12 2
693 497
1 11 2
597 774
1 7 2
552 2
1 4 2
616 438
1 7 2
237 267
1 11 2
518 18
1 9 2
413 725
1 14 2
571 149
1 7 2
711 245
1 6 2
26 666
1 9 2
650 56
1 12 2
306 720
1 6 2
93 281
1 2 2
179 146
1 2 2
699 753
1 12 2
658 19
1 10 2
318 0
1 14 2
225 456
1 12 2
54 115
1 8 2
764 765
1 6 2
668 361
1 7 2
221 398
1 9 2
134 569
1 5 2
782 345
1 2 2
144 49
1 15 2
635 782
1 5 2
91 143
1 10 2
612 163
1 6 2
220 27
1 7 2
440 3
1 15 2
392 187
1 12 2
109 550
1 4 2
76 271
1 8 2
35 586
1 11 2
666 53
1 5 2
562 438
1 6 2
224 781
1 11 2
368 572
1 5 2
102 26
1 15 2
566 316
1 7 2
277 215
1 7 2
635 237
1 5 2
574 310
1 10 2
497 205
1 2 2
220 75
1 11 2
53 40
1 11 2
438 232
1 2 2
554 187
1 7 2
112 211
1 15 2
292 448
1 4 2
701 67
1 4 2
183 727
1 15 2
449 6
1 9 2
212 716
1 14 2
601 366
1 2 2
501 303
1 14 2
756 535
1 14 2
631 745
1 11 2
567 515
1 4 2
584 629
1 12 2
301 365
1 13 2
620 88
1 10 2
509 484
1 8 2
577 68
1 13 2
165 59
1 8 2
457 637
1 13 2
162 289
1 9 2
789 377
1 3 2
623 485
1 3 2
742 248
1 6 2
1 331
1 6 2
602 348
1 13 2
759 256
1 15 2
594 524
1 13 2
235 374
1 12 2
714 665
1 7 2
709 320
1 2 2
400 280
1 12 2
585 486
1 6 2
50 515
1 8 2
33 742
1 2 2
415 664
1 4 2
776 791
1 5 2
83 675
1 12 2
725 319
1 6 2
659 728
1 14 2
563 439
1 3 2
88 251
1 3 2
495 421
1 12 2
148 781
1 14 2
55 780
1 10 2
177 426
1 8 2
797 504
1 10 2
46 519
1 3 2
390 738
1 11 2
327 560
1 11 2
772 604
1 5 2
86 422
1 15 2
287 229
1 11 2
680 45
1 15 2
408 750
1 15 2
362 217
1 9 2
340 84
1 13 2
493 61
1 15 2
309 653
1 2 2
671 647
1 9 2
468 295
1 12 2
541 569
1 14 2
381 4
1 6 2
264 177
1 13 2
653 639
1 11 2
778 305
1 2 2
240 461
1 10 2
249 573
1 9 2
663 796
1 3 2
634 315
1 12 2
409 368
1 7 2
419 672
1 7 2
621 449
1 14 2
62 787
1 5 2
625 581
1 10 2
96 319
1 15 2
602 680
1 13 2
163 86
1 13 2
771 84
1 11 2
671 326
1 15 2
435 196
1 5 2
68 510
1 7 2
377 422
1 10 2
326 684
1 7 2
709 375
1 12 2
799 38
1 13 2
161 691
1 12 2
12 209
1 4 2
332 168
1 6 2
78 234
1 10 2
669 723
1 15 2
21 342
1 13 2
189 476
1 11 2
238 78
1 15 2
424 454
1 10 2
509 456
1 9 2
461 353
1 2 2
742 200
1 5 2
758 493
1 4 2
297 635
1 11 2
124 104
1 15 2
2 650
1 11 2
591 315
1 2 2
46 177
1 9 2
588 211
1 15 2
626 682
1 7 2
600 297
1 9 2
761 18
1 3 2
354 573
1 6 2
529 253
1 2 2
627 623
1 8 2
272 350
1 13 2
617 528
1 8 2
410 103
1 10 2
249 563
1 13 2
7 273
1 7 2
370 790
1 9 2
734 213
1 14 2
89 114
1 8 2
208 127
1 4 2
313 798
1 6 2
762 248
1 6 2
214 124
1 5 2
752 5
1 9 2
583 337
1 2 2
491 746
1 6 2
743 535
1 7 2
18 358
1 13 2
432 233
1 7 2
105 682
1 13 2
369 87
1 3 2
147 332
1 3 2
703 220
1 8 2
778 711
1 14 2
45 117
1 15 2
316 794
1 2 2
461 187
1 10 2
228 786
1 10 2
592 19
1 3 2
553 213
1 9 2
636 633
1 9 2
551 49
1 14 2
655 644
1 11 2
206 503
1 14 2
436 668
1 6 2
622 634
1 2 2
115 302
1 8 2
775 781
1 15 2
3 648
1 3 2
604 541
1 14 2
33 271
1 14 2
384 282
1 8 2
325 41
1 13 2
662 516
1 9 2
177 565
1 5 2
538 169
1 11 2
113 253
1 7 2
103 403
1 3 2
112 155
1 5 2
513 403
1 7 2
504 256
1 6 2
401 618
1 12 2
566 578
1 13 2
789 68
1 8 2
350 726
1 8 2
445 31
1 14 2
57 685
1 7 2
678 451
1 10 2
260 99
1 5 2
592 485
1 8 2
566 558
1 9 2
192 207
1 10 2
600 528
1 9 2
408 189
1 12 2
758 42
1 10 2
6 529
1 12 2
303 160
1 13 2
220 557
1 4 2
331 558
1 3 2
334 139
1 5 2
269 705
1 10 2
608 225
1 15 2
324 450
1 13 2
292 280
1 15 2
781 465
1 6 2
799 605
1 14 2
153 466
1 4 2
346 171
1 3 2
268 715
1 3 2
599 49
1 6 2
294 574
1 3 2
267 62
1 5 2
327 651
1 13 2
568 682
1 9 2
588 27
1 8 2
380 258
1 12 2
352 510
1 7 2
709 49
1 14 2
499 104
1 4 2
334 148
1 6 2
516 504
1 4 2
712 35
1 15 2
716 309
1 11 2
262 323
1 4 2
506 386
1 12 2
52 39
1 15 2
303 240
1 8 2
214 38
1 5 2
437 166
1 9 2
234 463
1 5 2
7 184
1 3 2
121 525
1 9 2
190 151
1 4 2
622 94
1 12 2
441 19
1 4 2
601 325
1 7 2
245 625
1 3 2
362 429
1 4 2
320 493
1 13 2
465 715
1 5 2
267 772
1 8 2
542 34
1 5 2
56 402
1 7 2
77 19
1 6 2
324 544
1 9 2
788 586
1 6 2
192 793
1 13 2
462 352
1 12 2
377 29
1 10 2
117 44
1 4 2
501 434
1 15 2
120 508
1 11 2
85 628
1 3 2
238 781
1 6 2
114 599
1 10 2
198 349
1 8 2
418 520
1 7 2
427 600
1 9 2
173 414
1 8 2
203 703
1 13 2
165 125
1 3 2
256 698
1 11 2
399 454
1 2 2
506 84
1 2 2
670 327
1 2 2
279 242
1 15 2
357 315
1 12 2
361 359
1 3 2
377 339
1 13 2
268 471
1 10 2
589 479
1 2 2
188 574
1 6 2
363 788
1 9 2
555 141
1 4 2
254 359
1 3 2
371 293
1 13 2
115 63
1 15 2
472 19
1 2 2
796 786
1 4 2
323 236
1 5 2
537 237
1 8 2
335 143
1 7 2
443 505
1 12 2
646 201
1 14 2
711 256
1 6 2
796 630
1 11 2
497 103
1 8 2
419 306
1 9 2
714 530
1 8 2
443 249
1 8 2
771 403
1 6 2
373 396
1 3 2
128 233
1 14 2
56 197
1 4 2
452 213
1 3 2
201 560
1 13 2
633 7
1 12 2
570 426
1 8 2
416 476
1 3 2
326 27
1 13 2
329 406
1 6 2
575 506
1 10 2
723 521
1 6 2
146 156
1 13 2
575 490
1 15 2
177 125
1 8 2
264 337
1 13 2
25 388
1 10 2
711 354
1 8 2
558 567
1 8 2
359 335
1 4 2
229 710
1 12 2
746 24
1 9 2
430 335
1 15 2
556 158
1 9 2
204 548
1 3 2
696 437
1 5 2
737 40
1 12 2
369 681
1 13 2
32 152
1 14 2
94 41
1 15 2
476 509
1 15 2
129 476
1 12 2
410 549
1 8 2
603 322
1 6 2
357 99
1 11 2
153 6
1 11 2
61 118
1 5 2
468 556
1 13 2
699 560
1 4 2
413 89
1 14 2
713 722
1 8 2
772 360
1 5 2
171 340
1 9 2
287 552
1 3 2
56 456
1 3 2
135 373
1 3 2
240 541
1 13 2
638 686
1 2 2
327 263
1 10 2
717 202
1 4 2
68 267
1 6 2
270 787
1 4 2
573 560
1 7 2
174 724
1 7 2
97 69
1 13 2
796 620
1 13 2
286 209
1 8 2
738 72
1 9 2
186 537
1 9 2
203 309
1 15 2
321 165
1 13 2
90 29
1 12 2
40 83
1 3 2
535 512
1 2 2
552 551
1 12 2
275 757
1 6 2
601 725
1 15 2
21 641
1 3 2
555 537
1 2 2
250 692
1 9 2
378 441
1 5 2
709 358
1 5 2
769 163
1 5 2
552 493
1 12 2
614 89
1 8 2
166 733
1 2 2
637 271
1 13 2
191 605
1 3 2
535 558
1 11 2
380 91
1 14 2
83 771
1 3 2
626 81
1 4 2
581 373
1 5 2
204 766
1 5 2
339 643
1 15 2
670 689
1 15 2
324 174
1 6 2
4 570
1 8 2
527 357
1 7 2
434 98
1 5 2
357 593
1 13 2
749 668
1 10 2
643 25
1 8 2
411 121
1 8 2
541 272
1 4 2
759 40
1 11 2
336 275
1 5 2
94 490
1 8 2
30 790
1 14 2
186 180
1 4 2
290 679
1 12 2
625 131
1 6 2
258 490
1 9 2
615 782
1 14 2
440 27
1 14 2
49 596
1 8 2
674 143
1 12 2
685 480
1 7 2
659 301
1 11 2
427 401
1 3 2
140 797
1 5 2
753 205
1 14 2
451 781
1 10 2
324 551
1 3 2
731 549
1 13 2
442 787
1 8 2
318 645
1 5 2
291 416
1 12 2
292 94
1 8 2
211 535
1 6 2
503 508
1 8 2
103 450
1 9 2
745 440
1 4 2
571 445
1 8 2
317 706
1 8 2
253 104
1 11 2
101 81
1 5 2
191 56
1 9 2
108 146
1 12 2
742 245
1 3 2
475 731
1 15 2
486 693
1 7 2
453 340
1 13 2
485 556
1 6 2
734 253
1 4 2
430 628
1 7 2
319 312
1 12 2
201 378
1 6 2
339 288
1 3 2
169 18
1 7 2
56 431
1 5 2
345 495
1 9 2
717 260
1 9 2
289 644
1 5 2
60 469
1 15 2
173 378
1 5 2
3 348
1 8 2
570 590
1 4 2
53 494
1 15 2
709 481
1 12 2
644 514
1 12 2
508 506
1 2 2
82 621
1 3 2
6 231
1 6 2
763 761
1 9 2
39 577
1 2 2
155 758
1 13 2
538 682
1 5 2
617 522
1 11 2
34 97
1 13 2
22 60
1 6 2
62 695
1 8 2
452 622
1 7 2
497 547
1 9 2
193 42
1 5 2
201 324
1 9 2
582 13
1 2 2
90 198
1 4 2
745 274
1 14 2
580 190
1 11 2
115 309
1 13 2
640 8
1 4 2
216 771
1 15 2
634 387
1 15 2
412 238
1 5 2
24 3
1 8 2
559 600
1 6 2
593 201
1 14 2
102 306
1 7 2
654 151
1 8 2
93 661
1 5 2
695 185
1 13 2
553 777
1 9 2
122 17
1 2 2
42 28
1 9 2
142 423
1 6 2
643 466
1 4 2
472 466
1 2 2
550 688
1 2 2
166 576
1 10 2
463 791
1 11 2
94 520
1 2 2
49 609
1 3 2
400 213
1 12 2
408 495
1 2 2
776 153
1 13 2
283 750
1 10 2
557 562
1 10 2
511 755
1 10 2
99 130
1 10 2
725 374
1 11 2
602 691
1 15 2
493 110
1 13 2
28 171
1 7 2
175 750
1 12 2
534 777
1 7 2
542 200
1 8 2
384 565
1 7 2
341 468
1 3 2
682 314
1 10 2
697 243
1 13 2
531 355
1 3 2
142 508
1 15 2
475 670
1 4 2
324 193
1 12 2
209 418
1 14 2
595 341
1 13 2
714 588
1 10 2
423 70
1 9 2
771 78
1 9 2
411 362
1 15 2
648 587
1 9 2
628 95
1 3 2
725 764
1 13 2
278 473
1 3 2
544 554
1 15 2
207 415
1 13 2
579 535
1 12 2
484 610
1 8 2
137 27
1 3 2
252 192
1 9 2
117 764
1 13 2
419 477
1 8 2
762 57
1 4 2
473 188
1 15 2
638 437
1 15 2
17 343
1 5 2
135 17
1 6 2
487 707
1 14 2
489 44
1 7 2
311 537
1 4 2
41 485
1 8 2
217 626
1 4 2
289 770
1 9 2
697 608
1 7 2
749 362
1 12 2
757 298
1 8 2
397 786
1 15 2
271 388
1 14 2
650 579
1 7 2
171 474
1 7 2
634 55
1 13 2
578 643
1 3 2
56 707
1 6 2
399 160
1 2 2
493 0
1 6 2
198 89
1 13 2
570 665
1 14 2
155 607
1 7 2
244 59
1 6 2
132 351
1 6 2
657 273
1 3 2
422 591
1 3 2
756 181
1 3 2
714 547
1 13 2
655 313
1 14 2
615 130
1 6 2
783 274
1 2 2
49 447
1 15 2
416 91
1 4 2
121 144
1 9 2
66 67
1 7 2
588 632
1 12 2
317 620
1 4 2
615 408
1 11 2
233 645
1 8 2
685 2
1 2 2
465 623
1 9 2
93 311
1 14 2
451 233
1 4 2
78 644
1 11 2
651 65
1 13 2
95 727
1 4 2
604 616
1 14 2
565 90
1 12 2
533 576
1 10 2
87 611
1 8 2
237 575
1 13 2
453 424
1 15 2
290 492
1 8 2
155 366
1 7 2
636 119
1 4 2
279 333
1 2 2
197 30
1 5 2
204 89
1 13 2
198 669
1 15 2
520 280
1 9 2
2 469
1 13 2
376 148
1 9 2
707 366
1 8 2
317 263
1 12 2
18 366
1 10 2
381 620
1 6 2
85 778
1 12 2
194 280
1 9 2
674 107
1 7 2
154 46
1 5 2
647 475
1 8 2
770 540
1 2 2
138 168
1 11 2
376 280
1 14 2
44 181
1 5 2
675 170
1 9 2
405 689
1 7 2
769 116
1 12 2
567 203
1 13 2
468 191
1 10 2
459 674
1 3 2
368 600
1 2 2
537 184
1 12 2
790 510
1 14 2
402 47
1 3 2
476 195
1 12 2
755 733
1 10 2
731 742
1 2 2
597 672
1 15 2
424 292
1 13 2
158 304
1 12 2
774 577
1 5 2
101 338
1 12 2
601 6
1 6 2
570 451
1 10 2
41 488
1 2 2
558 587
1 2 2
486 513
1 12 2
139 228
1 3 2
5 202
1 7 2
679 41
1 4 2
385 680
1 15 2
62 785
1 12 2
270 359
1 6 2
387 215
1 3 2
741 392
1 10 2
265 778
1 12 2
598 11
1 4 2
109 556
1 11 2
709 171
1 7 2
768 591
1 10 2
175 132
1 4 2
178 260
1 7 2
542 440
1 2 2
370 222
1 6 2
156 388
1 4 2
601 388
1 5 2
190 546
1 2 2
468 123
1 9 2
790 218
1 10 2
282 327
1 2 2
660 105
1 10 2
611 747
1 8 2
144 787
1 4 2
633 140
1 13 2
20 660
1 7 2
172 411
1 5 2
438 366
1 12 2
157 69
1 14 2
47 502
1 12 2
748 134
1 13 2
658 524
1 13 2
715 773
1 7 2
3 444
1 14 2
322 102
1 5 2
740 129
1 9 2
125 659
1 11 2
256 568
1 14 2
539 99
1 13 2
290 33
1 10 2
309 700
1 13 2
383 412
1 9 2
361 519
1 4 2
315 717
1 4 2
160 793
1 3 2
224 205
1 12 2
289 793
1 14 2
577 774
1 12 2
189 286
1 9 2
601 794
1 2 2
795 456
1 7 2
357 452
1 14 2
76 202
1 9 2
224 277
1 15 2
1 753
1 3 2
682 460
1 5 2
63 286
1 2 2
477 392
1 14 2
307 659
1 12 2
137 743
1 11 2
582 47
1 6 2
586 700
1 4 2
746 108
1 14 2
308 667
1 10 2
163 495
1 3 2
504 253
1 9 2
444 237
1 3 2
411 559
1 2 2
59 656
1 3 2
552 450
1 15 2
766 490
1 2 2
150 666
1 6 2
84 713
1 12 2
575 122
1 8 2
521 675
1 9 2
443 58
1 4 2
422 326
1 7 2
718 462
1 8 2
752 397
1 9 2
168 181
1 15 2
538 537
1 9 2
22 291
1 12 2
797 798
1 6 2
635 611
1 5 2
758 200
1 12 2
663 368
1 5 2
388 449
1 8 2
598 173
1 11 2
750 92
1 10 2
533 452
1 2 2
737 37
1 4 2
736 630
1 8 2
553 411
1 13 2
486 260
1 5 2
652 725
1 13 2
370 682
1 3 2
147 47
1 15 2
616 632
1 11 2
45 677
1 6 2
767 437
1 11 2
617 792
1 8 2
715 676
1 9 2
521 655
1 3 2
7 713
1 3 2
304 593
1 3 2
673 535
1 13 2
425 582
1 9 2
222 141
1 9 2
773 56
1 3 2
797 429
1 11 2
77 436
1 9 2
204 583
1 14 2
770 278
1 14 2
629 429
1 5 2
552 643
1 10 2
254 187
1 7 2
627 737
1 13 2
102 270
1 14 2
735 438
1 6 2
522 796
1 8 2
799 150
1 11 2
340 445
1 9 2
75 739
1 5 2
3 751
1 11 2
514 75
1 10 2
199 708
1 9 2
596 637
1 3 2
199 487
1 10 2
685 628
1 12 2
118 28
1 15 2
135 139
1 11 2
22 662
1 15 2
246 69
1 12 2
68 82
1 5 2
240 536
1 9 2
348 723
1 8 2
374 481
1 12 2
9 747
1 15 2
402 91
1 3 2
389 206
1 7 2
122 777
1 9 2
491 364
1 4 2
331 756
1 13 2
215 570
1 11 2
519 381
1 6 2
615 52
1 3 2
359 471
1 10 2
603 103
1 9 2
329 185
1 7 2
331 162
1 7 2
715 174
1 2 2
638 769
1 8 2
294 203
1 12 2
171 692
1 10 2
129 74
1 15 2
537 681
1 3 2
785 248
1 4 2
234 389
1 11 2
701 6
1 10 2
590 445
1 6 2
165 98
1 2 2
589 668
1 11 2
357 792
1 12 2
629 782
1 13 2
2 749
1 5 2
666 120
1 7 2
788 533
1 12 2
15 702
1 12 2
370 446
1 14 2
100 140
1 6 2
38 608
1 2 2
93 161
1 8 2
525 439
1 7 2
612 86
1 12 2
13 15
1 12 2
748 589
1 15 2
47 577
1 4 2
29 190
1 9 2
626 491
1 4 2
624 630
1 5 2
575 427
1 6 2
699 284
1 4 2
370 362
1 5 2
69 183
1 10 2
497 500
1 11 2
596 451
1 13 2
585 45
1 2 2
680 323
1 10 2
328 252
1 3 2
99 691
1 11 2
457 697
1 2 2
735 609
1 11 2
258 727
1 8 2
235 359
1 9 2
523 472
1 5 2
98 116
1 6 2
711 177
1 15 2
775 722
1 10 2
698 309
1 11 2
633 527
1 2 2
165 48
1 12 2
318 182
1 9 2
171 27
1 5 2
498 608
1 12 2
774 597
1 10 2
520 325
1 4 2
442 285
1 15 2
190 736
1 5 2
66 80
1 7 2
69 3
1 13 2
524 689
1 3 2
398 130
1 9 2
119 285
1 10 2
776 457
1 7 2
735 131
1 12 2
449 135
1 7 2
782 697
1 4 2
264 749
1 9 2
510 214
1 12 2
726 160
1 15 2
456 383
1 14 2
581 566
1 5 2
92 287
1 11 2
277 766
1 14 2
132 461
1 4 2
330 327
1 14 2
558 57
1 14 2
247 167
1 13 2
89 450
1 3 2
86 672
1 15 2
507 211
1 3 2
299 710
1 4 2
634 354
1 8 2
660 550
1 12 2
363 526
1 5 2
498 706
1 10 2
371 11
1 5 2
73 199
1 14 2
715 261
1 12 2
599 728
1 5 2
778 742
1 12 2
612 11
1 12 2
446 491
1 10 2
500 739
1 15 2
169 133
1 8 2
566 247
1 12 2
578 561
1 4 2
546 592
1 10 2
474 303
1 14 2
215 413
1 11 2
78 391
1 12 2
484 474
1 13 2
509 648
1 9 2
238 386
1 9 2
322 53
1 2 2
752 388
1 3 2
454 479
1 6 2
357 600
1 9 2
215 467
1 11 2
640 380
1 12 2
103 25
1 7 2
289 409
1 6 2
645 689
1 9 2
705 595
1 15 2
631 773
1 11 2
8 354
1 3 2
381 748
1 3 2
509 206
1 14 2
714 80
1 5 2
68 585
1 5 2
395 310
1 12 2
89 100
1 6 2
387 326
1 11 2
536 262
1 6 2
568 432
1 13 2
305 594
1 6 2
401 682
1 11 2
21 723
1 14 2
42 487
1 4 2
765 422
1 8 2
388 738
1 14 2
584 309
1 15 2
212 217
1 15 2
390 500
1 15 2
95 740
1 5 2
161 365
1 3 2
456 323
1 15 2
370 607
1 6 2
129 570
1 6 2
46 335
1 14 2
313 592
1 9 2
510 430
1 8 2
216 747
1 10 2
647 235
1 8 2
373 478
1 11 2
277 680
1 13 2
201 401
1 6 2
95 390
1 7 2
700 12
1 11 2
142 84
1 12 2
291 28
1 13 2
220 783
1 5 2
463 173
1 5 2
305 544
1 10 2
449 789
1 9 2
672 456
1 8 2
790 313
1 14 2
138 51
1 10 2
60 153
1 2 2
755 77
1 10 2
739 646
1 4 2
167 611
1 12 2
319 576
1 10 2
170 433
1 9 2
716 390
1 13 2
165 511
1 14 2
545 788
1 8 2
415 486
1 8 2
182 180
1 15 2
684 728
1 9 2
42 570
1 11 2
143 766
1 7 2
413 676
1 9 2
653 590
1 12 2
623 460
1 15 2
618 460
1 3 2
238 451
1 4 2
510 410
1 8 2
153 351
1 7 2
432 546
1 6 2
428 714
1 15 2
554 115
1 14 2
124 108
1 9 2
596 326
1 13 2
136 697
1 10 2
556 462
1 14 2
380 688
1 9 2
465 792
1 3 2
776 216
1 3 2
300 337
1 3 2
739 54
1 5 2
239 745
1 8 2
56 71
1 4 2
148 319
1 2 2
547 316
1 5 2
139 294
1 10 2
676 259
1 5 2
44 377
1 2 2
333 99
1 10 2
304 22
1 10 2
156 606
1 13 2
454 389
1 5 2
91 495
1 15 2
215 163
1 2 2
261 688
1 8 2
393 349
1 2 2
94 709
1 13 2
461 40
1 13 2
409 40
1 5 2
436 146
1 2 2
10 705
1 5 2
663 614
1 7 2
285 79
1 12 2
89 427
1 8 2
586 656
1 10 2
649 622
1 11 2
212 49
1 8 2
525 365
1 13 2
276 49
1 9 2
92 32
1 15 2
624 346
1 9 2
437 235
1 11 2
235 208
1 14 2
280 612
1 14 2
57 113
1 10 2
763 272
1 4 2
555 72
1 14 2
408 520
1 6 2
731 783
1 3 2
453 582
1 15 2
518 234
1 11 2
140 670
1 4 2
226 137
1 6 2
250 199
1 7 2
726 514
1 5 2
242 305
1 12 2
374 260
1 12 2
299 623
1 9 2
724 747
1 10 2
37 504
1 7 2
339 450
1 11 2
771 767
1 6 2
246 144
1 4 2
102 309
1 10 2
197 570
1 6 2
564 33
1 11 2
161 405
1 12 2
265 178
1 4 2
98 450
1 6 2
375 319
1 9 2
442 507
1 13 2
488 546
1 6 2
769 432
1 9 2
398 401
1 4 2
456 130
1 11 2
626 554
1 13 2
265 89
1 9 2
202 544
1 3 2
482 638
1 10 2
148 5
1 15 2
455 628
1 15 2
438 323
1 3 2
664 0
1 14 2
460 184
1 13 2
368 778
1 12 2
222 454
1 12 2
665 747
1 9 2
127 307
1 5 2
70 124
1 14 2
68 480
1 8 2
119 51
1 5 2
550 361
1 8 2
452 369
1 2 2
555 74
1 11 2
199 754
1 10 2
727 655
1 15 2
558 405
1 2 2
520 755
1 3 2
435 777
1 8 2
683 78
1 14 2
91 228
1 4 2
751 725
1 13 2
56 788
1 9 2
500 338
1 12 2
698 660
1 3 2
499 664
1 6 2
83 456
1 8 2
141 714
1 12 2
147 770
1 9 2
244 576
1 11 2
364 746
1 15 2
760 28
1 10 2
64 232
1 7 2
188 669
1 5 2
118 353
1 8 2
580 642
1 11 2
513 299
1 14 2
407 60
1 5 2
422 718
1 2 2
207 577
1 10 2
171 735
1 10 2
538 342
1 6 2
32 50
1 11 2
372 411
1 15 2
264 561
1 6 2
189 530
1 4 2
590 110
1 2 2
541 479
1 15 2
758 603
1 15 2
138 18
1 5 2
691 711
1 6 2
780 292
1 5 2
659 76
1 4 2
88 797
1 6 2
770 307
1 10 2
517 593
1 10 2
658 690
1 15 2
737 645
1 12 2
509 556
1 10 2
677 695
1 7 2
455 751
1 15 2
761 76
1 14 2
110 147
1 7 2
281 318
1 15 2
116 248
1 7 2
199 246
1 2 2
657 399
1 15 2
572 238
1 15 2
746 533
1 11 2
678 66
1 4 2
474 681
1 14 2
127 175
1 10 2
791 83
1 14 2
441 545
1 8 2
739 76
1 6 2
776 446
1 10 2
578 475
1 15 2
503 260
1 7 2
176 5
1 6 2
628 798
1 11 2
236 288
1 14 2
177 57
1 15 2
746 196
1 13 2
530 181
1 15 2
251 543
1 8 2
224 621
1 13 2
572 239
1 10 2
522 479
1 5 2
87 17
1 14 2
410 566
1 10 2
281 669
1 2 2
240 786
1 12 2
684 541
1 6 2
113 528
1 15 2
675 734
1 9 2
759 219
1 13 2
215 569
1 8 2
589 623
1 15 2
206 286
1 12 2
641 229
1 2 2
192 781
1 11 2
86 378
1 8 2
181 638
1 12 2
255 43
1 13 2
382 714
1 6 2
136 478
1 10 2
277 776
1 5 2
614 85
1 13 2
272 664
1 14 2
119 791
1 11 2
195 356
1 5 2
240 548
1 6 2
228 338
1 6 2
676 254
1 11 2
281 424
1 4 2
348 388
1 10 2
28 132
1 2 2
34 724
1 14 2
699 446
1 13 2
228 616
1 15 2
157 508
1 15 2
62 214
1 11 2
32 410
1 9 2
308 82
1 3 2
2 761
1 10 2
549 85
1 13 2
393 598
1 6 2
698 402
1 6 2
167 245
1 11 2
586 334
1 11 2
299 440
1 2 2
761 655
1 14 2
631 312
1 9 2
452 716
1 11 2
758 377
1 12 2
434 199
1 9 2
649 189
1 10 2
223 26
1 2 2
343 716
1 3 2
386 157
1 4 2
449 430
1 15 2
373 733
1 14 2
332 288
1 8 2
622 651
1 14 2
151 487
1 9 2
400 765
1 13 2
706 416
1 4 2
536 747
1 3 2
478 531
1 4 2
386 444
1 4 2
127 91
1 2 2
751 179
1 10 2
253 48
1 13 2
602 725
1 3 2
483 506
1 10 2
612 722
1 4 2
412 226
1 2 2
280 455
1 7 2
437 28
1 7 2
531 484
1 8 2
349 135
1 13 2
229 453
1 10 2
609 668
1 11 2
589 641
1 15 2
360 349
1 2 2
321 352
1 8 2
614 531
1 11 2
154 383
1 6 2
524 111
1 2 2
214 156
1 6 2
691 6
1 7 2
42 752
1 10 2
67 190
1 10 2
621 118
1 3 2
435 514
1 4 2
708 795
1 15 2
52 401
1 4 2
142 713
1 8 2
589 433
1 7 2
287 638
1 10 2
98 27
1 10 2
444 221
1 9 2
58 588
1 3 2
179 795
1 4 2
576 285
1 12 2
26 355
1 10 2
351 620
1 15 2
778 377
1 6 2
796 360
1 3 2
24 130
1 6 2
59 717
1 4 2
46 126
1 9 2
326 470
1 8 2
639 200
1 12 2
694 327
1 6 2
345 164
1 12 2
82 720
1 7 2
392 688
1 13 2
441 265
1 11 2
143 644
1 5 2
584 409
1 3 2
33 609
1 2 2
363 681
1 3 2
178 417
1 7 2
506 566
1 14 2
91 601
1 14 2
662 296
1 11 2
22 224
1 8 2
766 599
1 4 2
234 731
1 9 2
487 55
1 10 2
240 334
1 10 2
207 196
1 7 2
112 233
1 15 2
160 313
1 13 2
435 693
1 12 2
273 347
1 11 2
229 57
1 15 2
312 383
1 4 2
149 289
1 11 2
8 500
1 14 2
306 93
1 9 2
231 186
1 13 2
482 308
1 12 2
328 500
1 2 2
374 736
1 13 2
439 743
1 13 2
596 149
1 9 2
279 709
1 15 2
18 799
1 7 2
339 47
1 15 2
649 560
1 9 2
423 744
1 13 2
485 203
1 4 2
141 96
1 5 2
753 194
1 7 2
672 97
1 4 2
97 457
1 11 2
545 730
1 5 2
65 454
1 2 2
732 597
1 3 2
81 742
1 7 2
291 390
1 13 2
582 325
1 15 2
352 46
1 5 2
141 63
1 3 2
39 641
1 2 2
346 521
1 10 2
177 715
1 14 2
231 475
1 15 2
692 690
1 8 2
621 114
1 6 2
234 652
1 9 2
118 262
1 14 2
633 90
1 3 2
347 101
1 15 2
584 625
1 11 2
0 554
1 9 2
105 208
1 13 2
40 258
1 8 2
489 383
1 11 2
116 255
1 12 2
479 548
1 8 2
662 475
1 2 2
448 140
1 7 2
193 353
1 10 2
750 35
1 6 2
455 206
1 11 2
629 760
1 2 2
385 182
1 3 2
310 257
1 6 2
663 780
1 4 2
720 640
1 3 2
174 70
1 15 2
312 176
1 3 2
238 638
1 11 2
367 541
1 13 2
558 388
1 11 2
151 214
1 12 2
741 270
1 12 2
632 507
1 7 2
98 484
1 12 2
665 483
1 8 2
464 139
1 4 2
213 686
1 10 2
518 683
1 2 2
241 269
1 3 2
611 170
1 12 2
88 303
1 3 2
685 704
1 13 2
419 343
1 15 2
267 528
1 14 2
21 448
1 8 2
668 490
1 10 2
253 432
1 14 2
330 392
1 9 2
230 695
1 12 2
262 36
1 3 2
376 83
1 12 2
94 308
1 8 2
76 537
1 6 2
62 110
1 3 2
600 597
1 8 2
418 131
1 8 2
85 252
1 3 2
256 620
1 7 2
592 72
1 6 2
46 53
1 15 2
589 703
1 15 2
299 573
1 8 2
462 657
1 15 2
268 560
1 3 2
59 649
1 9 2
222 46
1 7 2
327 677
1 12 2
587 680
1 4 2
619 167
1 13 2
675 213
1 13 2
663 597
1 5 2
370 49
1 9 2
548 751
1 6 2
713 736
1 11 2
481 183
1 8 2
795 495
1 4 2
82 329
1 15 2
177 363
1 2 2
486 135
1 11 2
19 39
1 15 2
334 753
1 6 2
28 485
1 4 2
260 613
1 5 2
94 700
1 7 2
147 773
1 5 2
469 645
1 10 2
82 321
1 14 2
394 716
1 8 2
73 730
1 6 2
121 339
1 15 2
501 507
1 14 2
327 674
1 6 2
481 723
1 10 2
638 620
1 8 2
267 787
1 14 2
577 389
1 11 2
103 617
1 11 2
646 386
1 10 2
586 675
1 12 2
211 283
1 6 2
558 40
1 5 2
73 61
1 15 2
40 635
1 15 2
793 355
1 13 2
62 1
1 11 2
222 290
1 15 2
489 318
1 11 2
565 604
1 14 2
671 633
1 5 2
219 698
1 2 2
21 727
1 6 2
271 176
1 14 2
282 130
1 10 2
341 404
1 12 2
434 647
1 3 2
687 274
1 8 2
230 455
1 2 2
624 203
1 7 2
149 357
1 12 2
44 96
1 15 2
762 150
1 15 2
115 358
1 3 2
280 444
1 14 2
604 621
1 12 2
293 481
1 6 2
214 726
1 4 2
436 406
1 13 2
643 61
1 15 2
642 58
1 12 2
743 90
1 12 2
444 776
1 7 2
55 10
1 4 2
736 193
1 13 2
705 432
1 9 2
0 473
1 13 2
30 313
1 2 2
393 350
1 13 2
36 202
1 7 2
491 676
1 15 2
68 714
1 6 2
666 497
1 3 2
743 106
1 14 2
394 718
1 9 2
519 214
1 6 2
135 464
1 8 2
368 771
1 15 2
676 215
1 6 2
253 272
1 2 2
628 403
1 7 2
694 241
1 8 2
640 596
1 5 2
650 574
1 10 2
168 551
1 9 2
602 32
1 6 2
201 68
1 15 2
95 701
1 6 2
346 466
1 9 2
434 616
1 7 2
32 69
1 12 2
651 583
1 15 2
288 517
1 15 2
168 497
1 10 2
698 47
1 8 2
681 349
1 13 2
773 488
1 3 2
13 791
1 11 2
83 581
1 13 2
257 121
1 4 2
753 659
1 6 2
401 584
1 8 2
360 527
1 7 2
69 313
1 6 2
217 732
1 11 2
234 615
1 9 2
174 509
1 9 2
113 611
1 15 2
290 572
1 14 2
551 120
1 12 2
656 345
1 10 2
215 397
1 14 2
385 582
1 2 2
117 236
1 12 2
2 535
1 10 2
414 171
1 12 2
280 222
1 10 2
561 581
1 4 2
219 527
1 8 2
33 441
1 13 2
129 790
1 7 2
373 750
1 14 2
84 20
1 13 2
48 736
1 8 2
380 683
1 12 2
469 540
1 7 2
528 318
1 13 2
538 87
1 3 2
485 564
1 14 2
448 221
1 9 2
633 513
1 4 2
434 476
1 15 2
713 132
1 10 2
245 533
1 2 2
342 592
1 11 2
295 284
1 5 2
340 11
1 4 2
33 84
1 5 2
10 162
1 7 2
118 451
1 12 2
720 264
1 14 2
574 132
1 10 2
677 50
1 3 2
790 199
1 12 2
65 139
1 8 2
6 383
1 12 2
250 255
1 9 2
384 513
1 9 2
134 49
1 3 2
742 553
1 15 2
617 400
1 11 2
651 312
1 2 2
190 579
1 5 2
779 327
1 11 2
161 134
1 12 2
488 276
1 12 2
138 662
1 15 2
391 660
1 10 2
515 527
1 9 2
460 354
1 5 2
626 767
1 13 2
255 498
1 12 2
45 110
1 4 2
782 209
1 14 2
541 783
1 7 2
351 774
1 5 2
132 290
1 5 2
113 629
1 8 2
327 480
1 14 2
310 291
1 8 2
675 436
1 9 2
637 333
1 4 2
183 791
1 3 2
418 373
1 11 2
402 224
1 13 2
775 290
1 8 2
23 81
1 15 2
28 80
1 3 2
327 603
1 6 2
178 546
1 2 2
674 732
1 9 2
517 96
1 13 2
82 581
1 3 2
359 444
1 15 2
244 442
1 8 2
611 245
1 2 2
512 685
1 12 2
502 160
1 13 2
19 656
1 14 2
212 609
1 2 2
615 328
1 14 2
581 593
1 10 2
14 702
1 12 2
692 17
1 12 2
459 485
1 4 2
734 663
1 14 2
648 589
1 9 2
183 637
1 12 2
754 735
1 14 2
86 79
1 7 2
162 304
1 9 2
505 687
1 15 2
301 24
1 15 2
247 105
1 12 2
398 296
1 8 2
100 530
1 3 2
611 551
1 3 2
260 103
1 10 2
476 158
1 9 2
751 242
1 9 2
435 20
1 3 2
497 305
1 2 2
207 585
1 3 2
242 37
1 14 2
468 768
1 10 2
125 789
1 11 2
654 124
1 11 2
401 524
1 13 2
363 588
1 8 2
715 673
1 7 2
252 79
1 3 2
336 24
1 6 2
509 21
1 4 2
725 686
1 15 2
513 215
1 15 2
789 50
1 2 2
710 726
1 10 2
544 523
1 6 2
618 88
1 7 2
242 105
1 2 2
514 382
1 12 2
47 271
1 3 2
25 627
1 11 2
294 224
1 9 2
661 519
1 12 2
176 579
1 11 2
206 628
1 11 2
276 383
1 3 2
396 16
1 10 2
260 665
1 8 2
13 478
1 10 2
584 559
1 11 2
41 611
1 9 2
791 681
1 14 2
418 548
1 4 2
363 505
1 12 2
32 507
1 13 2
467 760
1 7 2
116 214
1 15 2
540 309
1 11 2
538 531
1 5 2
104 128
1 15 2
7 299
1 8 2
662 745
1 14 2
346 754
1 6 2
415 20
1 12 2
252 776
1 6 2
641 466
1 7 2
383 438
1 3 2
224 750
1 8 2
664 698
1 6 2
707 183
1 3 2
749 593
1 2 2
501 425
1 15 2
648 401
1 12 2
666 730
1 3 2
505 409
1 7 2
512 192
1 14 2
405 607
1 15 2
120 369
1 14 2
526 57
1 6 2
431 305
1 12 2
600 240
1 12 2
272 20
1 2 2
181 460
1 4 2
214 549
1 4 2
438 569
1 13 2
692 777
1 10 2
259 493
1 7 2
310 638
1 2 2
99 451
1 5 2
764 560
1 8 2
265 494
1 3 2
473 302
1 7 2
423 383
1 3 2
444 261
1 8 2
592 202
1 8 2
584 75
1 2 2
794 328
1 9 2
448 27
1 9 2
685 579
1 2 2
343 588
1 4 2
693 571
1 5 2
67 565
1 11 2
27 400
1 8 2
110 6
1 3 2
5 591
1 5 2
197 799
1 8 2
593 278
1 12 2
232 220
1 6 2
512 45
1 11 2
261 57
1 4 2
571 171
1 12 2
650 144
1 7 2
738 366
1 9 2
443 686
1 15 2
484 3
1 8 2
586 777
1 11 2
303 747
1 7 2
611 748
1 5 2
429 432
1 11 2
783 595
1 10 2
574 161
1 13 2
671 379
1 3 2
542 333
1 14 2
259 287
1 10 2
677 737
1 14 2
52 425
1 8 2
392 597
1 13 2
751 630
1 6 2
166 66
1 11 2
253 773
1 10 2
132 3
1 3 2
551 788
1 9 2
303 565
1 15 2
671 780
1 11 2
117 18
1 5 2
739 149
1 3 2
45 747
1 7 2
572 486
1 15 2
284 545
1 9 2
706 524
1 6 2
720 290
1 8 2
669 738
1 5 2
688 787
1 10 2
639 775
1 6 2
548 138
1 14 2
382 569
1 2 2
367 752
1 14 2
226 273
1 11 2
170 219
1 11 2
236 403
1 10 2
631 677
1 7 2
745 268
1 14 2
601 32
1 12 2
46 293
1 14 2
140 260
1 14 2
394 162
1 13 2
530 461
1 13 2
565 0
1 14 2
726 418
1 7 2
142 758
1 12 2
559 123
1 6 2
416 43
1 11 2
23 645
1 6 2
504 378
1 10 2
514 479
1 2 2
473 596
1 11 2
569 502
1 9 2
551 79
1 8 2
157 635
1 11 2
673 169
1 3 2
81 158
1 5 2
642 324
1 6 2
37 119
1 15 2
25 121
1 4 2
349 573
1 10 2
606 600
1 7 2
550 789
1 9 2
207 455
1 4 2
376 370
1 9 2
366 686
1 14 2
760 605
1 12 2
750 300
1 2 2
432 726
1 2 2
177 136
1 5 2
142 649
1 4 2
195 332
1 14 2
34 160
1 6 2
508 139
1 8 2
589 14
1 4 2
257 44
1 6 2
181 732
1 8 2
7 164
1 14 2
355 414
1 7 2
452 647
1 5 2
301 404
1 5 2
659 271
1 5 2
679 218
1 8 2
456 39
1 12 2
230 520
1 13 2
778 698
1 2 2
339 634
1 12 2
171 562
1 6 2
452 793
1 9 2
544 289
1 6 2
44 156
1 12 2
252 322
1 11 2
568 269
1 4 2
26 587
1 10 2
269 591
1 12 2
412 167
1 6 2
627 701
1 15 2
704 202
1 15 2
36 756
1 4 2
712 669
1 9 2
364 567
1 6 2
275 630
1 4 2
304 699
1 13 2
632 448
1 11 2
533 93
1 10 2
792 444
1 3 2
284 543
1 11 2
729 89
1 7 2
166 238
1 11 2
225 22
1 2 2
541 496
1 5 2
376 464
1 12 2
181 397
1 7 2
606 683
1 7 2
701 743
1 10 2
491 69
1 3 2
208 14
1 12 2
663 126
1 4 2
534 499
1 6 2
363 439
1 8 2
156 499
1 5 2
177 615
1 6 2
75 525
1 2 2
512 218
1 9 2
763 405
1 7 2
526 712
1 14 2
128 327
1 10 2
755 185
1 8 2
662 290
1 4 2
133 494
1 2 2
713 305
1 11 2
550 730
1 13 2
194 459
1 3 2
101 325
1 13 2
667 67
1 9 2
567 236
1 14 2
586 103
1 11 2
217 630
1 15 2
191 538
1 5 2
551 620
1 3 2
630 407
1 4 2
674 714
1 6 2
240 119
1 3 2
731 446
1 8 2
114 508
1 4 2
554 287
1 9 2
758 554
1 6 2
575 21
1 6 2
158 706
1 7 2
317 471
1 15 2
293 20
1 8 2
273 751
1 4 2
442 178
1 8 2
325 140
1 11 2
399 19
1 4 2
646 370
1 4 2
358 774
1 15 2
101 257
1 13 2
752 342
1 7 2
271 471
1 7 2
355 558
1 9 2
93 625
1 13 2
181 509
1 11 2
365 289
1 10 2
565 698
1 5 2
174 777
1 4 2
616 213
1 13 2
357 147
1 9 2
737 543
1 2 2
301 143
1 2 2
313 464
1 9 2
462 49
1 10 2
790 349
1 4 2
169 240
1 5 2
408 273
1 6 2
447 482
1 7 2
470 548
1 4 2
450 468
1 12 2
360 783
1 3 2
124 355
1 4 2
553 694
1 9 2
260 53
1 3 2
71 500
1 12 2
787 108
1 13 2
415 594
1 11 2
154 440
1 2 2
797 763
1 4 2
775 476
1 5 2
204 108
1 7 2
300 600
1 13 2
277 306
1 14 2
486 281
1 15 2
27 413
1 13 2
721 696
1 13 2
378 42
1 8 2
138 380
1 2 2
694 296
1 9 2
705 737
1 9 2
245 26
1 7 2
311 396
1 14 2
226 161
1 6 2
528 349
1 9 2
321 247
1 6 2
312 244
1 14 2
516 199
1 4 2
435 130
1 3 2
62 476
1 12 2
92 392
1 5 2
592 396
1 6 2
649 404
1 11 2
398 412
1 13 2
620 379
1 4 2
12 674
1 12 2
332 31
1 15 2
198 53
1 4 2
269 560
1 3 2
104 30
1 10 2
673 189
1 11 2
741 483
1 10 2
95 434
1 9 2
145 637
1 6 2
97 137
1 7 2
412 93
1 10 2
711 529
1 13 2
94 117
1 13 2
68 503
1 15 2
784 668
1 6 2
284 153
1 4 2
618 186
1 2 2
27 566
1 14 2
391 400
1 4 2
138 412
1 10 2
526 204
1 10 2
572 645
1 8 2
508 384
1 10 2
421 305
1 15 2
763 627
1 2 2
295 116
1 3 2
336 53
1 11 2
367 700
1 12 2
593 553
1 7 2
539 42
1 10 2
592 762
1 7 2
442 534
1 8 2
722 719
1 9 2
593 318
1 2 2
360 581
1 15 2
709 367
1 2 2
100 773
1 13 2
624 473
1 4 2
242 5
1 9 2
709 402
1 2 2
143 389
1 12 2
229 39
1 5 2
613 475
1 15 2
418 28
1 10 2
384 287
1 7 2
473 759
1 14 2
129 232
1 8 2
227 8
1 8 2
395 419
1 4 2
31 329
1 5 2
259 478
1 9 2
645 766
1 13 2
144 523
1 12 2
448 587
1 14 2
540 125
1 15 2
273 268
1 15 2
14 110
1 14 2
433 75
1 4 2
530 289
1 15 2
80 404
1 5 2
310 77
1 4 2
143 742
1 12 2
143 131
1 14 2
548 292
1 2 2
325 771
1 12 2
397 668
1 10 2
268 764
1 9 2
42 400
1 15 2
666 8
1 9 2
771 723
1 4 2
444 70
1 13 2
799 263
1 8 2
758 191
1 12 2
316 11
1 7 2
684 338
1 15 2
301 23
1 7 2
22 634
1 2 2
766 368
1 15 2
330 564
1 4 2
29 341
1 8 2
489 396
1 12 2
12 127
1 15 2
321 173
1 10 2
125 323
1 11 2
452 439
1 6 2
753 215
1 5 2
627 153
1 14 2
227 393
1 13 2
215 418
1 14 2
245 265
1 8 2
381 787
1 9 2
25 61
1 14 2
509 185
1 9 2
652 146
1 10 2
729 461
1 2 2
197 658
1 14 2
421 223
1 14 2
493 796
1 8 2
762 212
1 2 2
442 90
1 6 2
101 48
1 2 2
108 403
1 3 2
480 115
1 9 2
519 512
1 14 2
322 682
1 5 2
148 379
1 15 2
21 338
1 14 2
300 73
1 6 2
558 92
1 15 2
192 63
1 2 2
87 749
1 12 2
632 295
1 13 2
122 305
1 6 2
376 296
1 2 2
40 328
1 11 2
171 486
1 7 2
722 359
1 6 2
438 349
1 12 2
316 122
1 12 2
764 778
1 2 2
689 797
1 14 2
338 498
1 3 2
330 353
1 7 2
419 522
1 7 2
621 291
1 12 2
265 430
1 10 2
653 490
1 6 2
405 43
1 5 2
580 303
1 9 2
603 105
1 15 2
499 109
1 4 2
77 730
1 2 2
470 34
1 10 2
375 260
1 9 2
756 762
1 11 2
666 274
1 11 2
194 326
1 7 2
771 352
1 15 2
389 350
1 12 2
470 449
1 10 2
509 159
1 11 2
101 705
1 8 2
755 145
1 9 2
479 398
1 10 2
421 66
1 11 2
629 86
1 7 2
9 156
1 5 2
333 541
1 4 2
618 766
1 7 2
594 290
1 12 2
554 572
1 6 2
646 400
1 2 2
655 465
1 12 2
204 91
1 6 2
723 290
1 14 2
678 778
1 10 2
311 344
1 10 2
178 766
1 14 2
502 500
1 3 2
156 225
1 15 2
146 456
1 2 2
399 276
1 12 2
513 153
1 6 2
484 735
1 15 2
681 159
1 10 2
46 637
1 11 2
718 109
1 4 2
772 771
1 9 2
281 587
1 6 2
47 219
1 15 2
432 381
1 14 2
277 118
1 5 2
746 346
1 6 2
656 75
1 13 2
315 552
1 2 2
240 134
1 12 2
284 111
1 12 2
127 473
1 9 2
275 127
1 9 2
310 226
1 3 2
374 452
1 7 2
236 787
1 15 2
462 26
1 11 2
565 754
1 3 2
500 509
1 3 2
796 446
1 8 2
622 440
1 7 2
66 465
1 15 2
557 606
1 9 2
720 622
1 6 2
95 615
1 9 2
653 38
1 11 2
515 551
1 10 2
656 159
1 12 2
88 510
1 3 2
560 247
1 4 2
100 751
1 4 2
252 93
1 13 2
522 265
1 8 2
737 586
1 11 2
451 650
1 7 2
365 529
1 11 2
57 375
1 6 2
243 319
1 3 2
206 150
1 15 2
489 307
1 7 2
575 781
1 5 2
642 195
1 12 2
446 616
1 5 2
514 437
1 11 2
209 529
1 9 2
330 677
1 11 2
702 305
1 8 2
67 424
1 10 2
769 345
1 8 2
75 537
1 13 2
144 369
1 13 2
413 150
1 4 2
678 773
1 11 2
472 30
1 14 2
654 57
1 5 2
85 770
1 5 2
48 794
1 6 2
367 152
1 7 2
272 612
1 9 2
655 151
1 15 2
631 412
1 3 2
497 187
1 8 2
33 528
1 12 2
132 111
1 4 2
394 561
1 13 2
530 606
1 15 2
425 202
1 9 2
268 769
1 10 2
750 408
1 4 2
401 564
1 9 2
32 222
1 9 2
299 657
1 14 2
673 733
1 14 2
428 299
1 10 2
719 514
1 10 2
271 479
1 9 2
385 660
1 2 2
512 527
1 2 2
690 141
1 14 2
412 304
1 15 2
393 582
1 12 2
228 420
1 7 2
314 387
1 14 2
187 710
1 10 2
223 690
1 3 2
603 185
1 9 2
721 416
1 6 2
798 583
1 7 2
348 771
1 9 2
114 788
1 9 2
161 618
1 8 2
789 306
1 15 2
294 466
1 9 2
456 134
1 14 2
592 1
1 11 2
682 593
1 9 2
402 619
1 7 2
664 165
1 2 2
396 777
1 8 2
449 612
1 7 2
644 705
1 4 2
98 687
1 14 2
752 594
1 12 2
718 527
1 7 2
375 677
1 12 2
72 463
1 10 2
327 104
1 2 2
290 231
1 7 2
256 630
1 6 2
558 521
1 12 2
715 447
1 7 2
153 419
1 9 2
657 472
1 15 2
388 620
1 4 2
505 598
1 12 2
428 693
1 3 2
643 761
1 12 2
584 98
1 2 2
495 755
1 15 2
582 490
1 3 2
115 638
1 14 2
482 635
1 4 2
203 457
1 3 2
592 367
1 4 2
453 302
1 8 2
212 221
1 5 2
349 142
1 2 2
612 633
1 8 2
649 198
1 15 2
8 63
1 10 2
14 666
1 3 2
148 653
1 10 2
754 222
1 13 2
438 544
1 5 2
724 305
1 6 2
565 21
1 2 2
2 232
1 14 2
419 773
1 3 2
143 334
1 2 2
744 126
1 2 2
763 507
1 5 2
208 432
1 11 2
136 146
1 7 2
703 647
1 2 2
553 523
1 14 2
243 490
1 2 2
353 18
1 13 2
676 53
1 6 2
768 509
1 12 2
401 378
1 5 2
141 523
1 11 2
158 790
1 9 2
787 579
1 2 2
719 544
1 6 2
521 399
1 6 2
660 347
1 9 2
331 567
1 3 2
585 517
1 9 2
7 768
1 12 2
781 310
1 7 2
460 742
1 4 2
471 395
1 14 2
407 358
1 13 2
524 103
1 2 2
661 533
1 3 2
464 563
1 6 2
149 386
1 9 2
628 118
1 8 2
525 215
1 15 2
51 258
1 8 2
795 191
1 5 2
244 567
1 8 2
764 210
1 12 2
385 487
1 6 2
188 701
1 2 2
472 273
1 6 2
189 501
1 6 2
275 765
1 4 2
144 569
1 15 2
346 530
1 10 2
140 452
1 6 2
100 711
1 7 2
160 730
1 8 2
116 778
1 5 2
102 730
1 6 2
227 196
1 11 2
632 648
1 3 2
467 577
1 2 2
83 293
1 7 2
117 102
1 8 2
783 146
1 3 2
253 716
1 12 2
375 554
1 4 2
316 445
1 9 2
558 746
1 9 2
63 477
1 11 2
59 454
1 12 2
36 258
1 3 2
367 387
1 13 2
279 22
1 14 2
692 254
1 13 2
288 407
1 11 2
315 428
1 3 2
561 722
1 4 2
329 256
1 11 2
529 404
1 11 2
691 375
1 14 2
545 718
1 10 2
467 88
1 8 2
330 58
1 8 2
113 23
1 4 2
351 61
1 2 2
343 310
1 3 2
130 95
1 15 2
757 768
1 8 2
665 654
1 15 2
406 705
1 14 2
282 372
1 15 2
46 320
1 3 2
674 548
1 4 2
103 114
1 8 2
188 394
1 3 2
294 653
1 14 2
309 683
1 8 2
240 130
1 11 2
115 525
1 7 2
218 198
1 9 2
402 531
1 10 2
414 453
1 12 2
779 95
1 7 2
493 798
1 8 2
561 555
1 8 2
64 769
1 6 2
325 740
1 15 2
295 727
1 9 2
373 686
1 14 2
522 31
1 6 2
723 30
1 2 2
752 565
1 7 2
162 194
1 15 2
422 551
1 15 2
509 145
1 5 2
355 395
1 11 2
259 725
1 11 2
585 142
1 14 2
379 427
1 9 2
637 565
1 10 2
772 239
1 9 2
679 187
1 7 2
164 358
1 13 2
326 570
1 6 2
165 470
1 13 2
527 200
1 5 2
339 222
1 11 2
420 705
1 15 2
634 768
1 6 2
699 459
1 14 2
315 555
1 6 2
218 704
1 10 2
449 494
1 2 2
143 458
1 2 2
110 196
1 2 2
187 538
1 6 2
301 526
1 2 2
468 339
1 5 2
312 449
1 8 2
587 99
1 8 2
58 728
1 6 2
618 606
1 13 2
732 361
1 15 2
39 265
1 14 2
412 75
1 3 2
109 551
1 6 2
28 205
1 15 2
659 85
1 5 2
262 19
1 10 2
291 313
1 3 2
26 628
1 3 2
310 7
1 7 2
734 96
1 7 2
348 473
1 4 2
132 614
1 6 2
310 280
1 9 2
787 372
1 9 2
504 390
1 7 2
402 547
1 2 2
666 563
1 7 2
197 108
1 3 2
623 74
1 3 2
600 717
1 6 2
701 782
1 12 2
239 608
1 9 2
699 797
1 3 2
544 496
1 11 2
720 753
1 5 2
145 379
1 10 2
450 471
1 9 2
467 251
1 5 2
520 175
1 9 2
625 171
1 15 2
127 768
1 2 2
1 739
1 14 2
63 765
1 5 2
277 159
1 10 2
196 171
1 13 2
418 255
1 12 2
78 766
1 14 2
112 555
1 9 2
63 418
1 10 2
66 117
1 6 2
492 63
1 12 2
409 217
1 4 2
454 262
1 8 2
308 463
1 2 2
656 357
1 8 2
406 768
1 11 2
719 60
1 2 2
750 233
1 2 2
437 470
1 11 2
483 157
1 15 2
340 595
1 12 2
661 668
1 12 2
528 500
1 6 2
200 405
1 5 2
138 516
1 15 2
698 30
1 15 2
290 598
1 9 2
663 569
1 7 2
433 370
1 11 2
88 543
1 12 2
224 404
1 13 2
272 150
1 8 2
202 425
1 5 2
350 39
1 15 2
628 512
1 6 2
728 369
1 12 2
525 384
1 8 2
122 744
1 2 2
351 273
1 5 2
750 393
1 2 2
654 122
1 10 2
17 175
1 15 2
580 548
1 15 2
737 224
1 3 2
177 498
1 4 2
677 163
1 15 2
82 356
1 12 2
424 762
1 6 2
227 241
1 6 2
386 122
1 3 2
167 647
1 3 2
519 321
1 5 2
208 722
1 4 2
108 292
1 10 2
24 598
1 11 2
579 799
1 11 2
9 93
1 6 2
276 551
1 13 2
283 753
1 12 2
305 702
1 9 2
376 761
1 15 2
461 609
1 4 2
744 71
1 13 2
483 221
1 15 2
199 632
1 10 2
310 138
1 5 2
506 306
1 2 2
103 166
1 12 2
286 523
1 6 2
294 358
1 12 2
47 487
1 15 2
283 290
1 2 2
94 296
1 3 2
709 780
1 4 2
336 581
1 3 2
593 781
1 7 2
345 565
1 2 2
145 271
1 3 2
625 561
1 7 2
459 499
1 7 2
570 516
1 15 2
386 484
1 9 2
626 721
1 2 2
472 471
1 3 2
696 599
1 9 2
788 668
1 5 2
101 702
1 5 2
358 411
1 10 2
259 782
1 6 2
43 120
1 7 2
264 78
1 7 2
125 96
1 10 2
344 281
1 13 2
153 733
1 7 2
242 582
1 9 2
499 374
1 8 2
263 290
1 6 2
433 501
1 2 2
162 783
1 10 2
771 679
1 6 2
164 656
1 3 2
320 763
1 13 2
798 438
1 8 2
726 144
1 15 2
256 320
1 12 2
664 335
1 7 2
219 113
1 10 2
703 571
1 13 2
767 415
1 3 2
444 561
1 3 2
224 541
1 5 2
28 675
1 11 2
461 766
1 2 2
256 342
1 6 2
684 733
1 15 2
379 747
1 13 2
180 291
1 15 2
6 197
1 8 2
726 146
1 14 2
290 590
1 2 2
396 197
1 7 2
588 34
1 5 2
89 96
1 2 2
255 544
1 15 2
789 29
1 13 2
108 201
1 10 2
744 287
1 15 2
320 798
1 14 2
251 274
1 10 2
617 14
1 12 2
372 26
1 8 2
770 312
1 6 2
16 40
1 8 2
350 614
1 11 2
79 592
1 8 2
199 475
1 15 2
500 325
1 11 2
477 25
1 9 2
128 59
1 3 2
660 1
1 6 2
579 159
1 12 2
703 723
1 10 2
442 524
1 5 2
561 418
1 5 2
334 344
1 3 2
753 691
1 8 2
67 114
1 14 2
55 157
1 2 2
185 309
1 12 2
245 788
1 9 2
69 638
1 2 2
585 588
1 11 2
126 255
1 8 2
793 219
1 13 2
491 228
1 14 2
143 348
1 8 2
435 436
1 12 2
760 226
1 6 2
29 2
1 14 2
580 747
1 15 2
767 166
1 7 2
142 515
1 11 2
293 315
1 13 2
458 178
1 6 2
212 799
1 8 2
713 686
1 14 2
111 341
1 6 2
284 599
1 4 2
7 755
1 3 2
542 331
1 3 2
196 789
1 2 2
86 380
1 9 2
767 319
1 15 2
326 533
1 6 2
265 465
1 5 2
777 508
1 4 2
32 446
1 8 2
722 217
1 5 2
503 79
1 3 2
540 422
1 11 2
228 75
1 14 2
390 790
1 14 2
358 322
1 5 2
79 517
1 3 2
36 365
1 3 2
531 495
1 3 2
775 499
1 14 2
414 107
1 6 2
392 223
1 9 2
558 593
1 3 2
392 217
1 4 2
729 449
1 8 2
101 670
1 9 2
259 210
1 11 2
464 363
1 3 2
196 34
1 11 2
145 407
1 14 2
526 462
1 11 2
295 217
1 14 2
190 697
1 12 2
641 577
1 4 2
185 165
1 12 2
316 29
1 8 2
560 475
1 5 2
654 649
1 10 2
246 749
1 10 2
731 57
1 8 2
117 233
1 3 2
285 549
1 4 2
467 94
1 7 2
709 218
1 14 2
401 38
1 8 2
292 664
1 2 2
58 181
1 7 2
416 153
1 5 2
560 327
1 13 2
495 466
1 5 2
184 236
1 5 2
281 113
1 14 2
121 734
1 7 2
152 260
1 2 2
573 58
1 2 2
625 405
1 4 2
393 557
1 5 2
285 643
1 15 2
331 198
1 4 2
744 512
1 10 2
274 399
1 12 2
729 295
1 4 2
317 513
1 5 2
155 462
1 15 2
612 380
1 2 2
708 271
1 10 2
487 591
1 11 2
187 200
1 3 2
235 568
1 8 2
595 214
1 4 2
325 773
1 9 2
714 736
1 4 2
331 425
1 14 2
455 450
1 2 2
160 172
1 8 2
615 523
1 7 2
186 564
1 12 2
616 34
1 3 2
459 488
1 10 2
357 712
1 4 2
627 775
1 9 2
752 448
1 2 2
582 204
1 5 2
192 715
1 4 2
309 305
1 6 2
727 465
1 14 2
193 127
1 12 2
662 732
1 15 2
398 676
1 4 2
169 72
1 8 2
103 792
1 10 2
297 184
1 14 2
528 110
1 10 2
256 468
1 9 2
123 731
1 14 2
127 398
1 8 2
496 490
1 9 2
207 224
1 10 2
571 594
1 11 2
309 783
1 10 2
428 73
1 10 2
4 665
1 4 2
148 440
1 12 2
739 163
1 13 2
600 556
1 12 2
155 641
1 4 2
650 553
1 13 2
651 500
1 5 2
546 369
1 14 2
698 273
1 7 2
379 726
1 14 2
783 142
1 7 2
299 226
1 6 2
793 343
1 2 2
298 500
1 3 2
479 37
1 7 2
31 570
1 13 2
601 555
1 9 2
199 319
1 4 2
726 226
1 11 2
397 770
1 3 2
2 678
1 4 2
90 423
1 10 2
741 294
1 2 2
246 464
1 11 2
158 451
1 4 2
442 406
1 10 2
262 173
1 9 2
647 793
1 2 2
683 123
1 4 2
30 783
1 5 2
665 191
1 12 2
52 260
1 7 2
278 493
1 4 2
5 147
1 9 2
243 759
1 2 2
595 125
1 7 2
431 654
1 13 2
590 207
1 10 2
679 74
1 14 2
26 438
1 4 2
547 378
1 10 2
122 676
1 10 2
41 329
1 5 2
159 276
1 10 2
593 375
1 11 2
85 587
1 5 2
715 465
1 12 2
613 494
1 10 2
65 642
1 3 2
2 693
1 11 2
621 106
1 4 2
651 187
1 6 2
218 223
1 15 2
276 247
1 7 2
609 449
1 13 2
530 541
1 14 2
527 589
1 14 2
300 327
1 14 2
328 363
1 8 2
495 336
1 14 2
364 758
1 12 2
31 44
1 9 2
127 17
1 12 2
182 535
1 9 2
489 274
1 10 2
132 642
1 15 2
497 223
1 3 2
510 85
1 6 2
265 536
1 3 2
663 428
1 6 2
51 416
1 4 2
380 504
1 12 2
412 465
1 6 2
373 311
1 2 2
445 59
1 13 2
55 151
1 14 2
607 16
1 2 2
112 206
1 11 2
233 155
1 4 2
41 745
1 14 2
731 445
1 15 2
80 440
1 10 2
428 72
1 6 2
322 679
1 13 2
531 174
1 7 2
480 638
1 6 2
658 177
1 9 2
507 695
1 3 2
78 551
1 6 2
268 301
1 4 2
259 470
1 3 2
3 215
1 13 2
241 704
1 4 2
682 582
1 5 2
465 79
1 5 2
183 387
1 7 2
280 617
1 2 2
171 406
1 13 2
429 457
1 9 2
406 243
1 4 2
732 462
1 12 2
335 115
1 7 2
385 125
1 3 2
176 706
1 14 2
277 591
1 5 2
46 640
1 10 2
774 315
1 15 2
300 578
1 8 2
311 212
1 10 2
24 203
1 11 2
710 591
1 14 2
156 308
1 8 2
97 592
1 3 2
509 4
1 12 2
382 58
1 14 2
290 422
1 9 2
619 477
1 14 2
414 394
1 14 2
220 373
1 6 2
731 53
1 9 2
20 581
1 10 2
703 157
1 6 2
394 504
1 13 2
602 416
1 8 2
195 299
1 2 2
475 350
1 10 2
315 102
1 15 2
299 104
1 10 2
47 333
1 10 2
16 777
1 10 2
356 491
1 4 2
82 121
1 13 2
545 265
1 4 2
742 576
1 9 2
80 275
1 7 2
323 362
1 3 2
337 545
1 13 2
568 649
1 3 2
559 403
1 9 2
562 335
1 14 2
507 767
1 10 2
589 617
1 14 2
352 370
1 7 2
651 549
1 14 2
786 428
1 7 2
793 305
1 4 2
220 430
1 2 2
462 719
1 2 2
99 725
1 8 2
739 168
1 2 2
55 410
1 4 2
266 550
1 2 2
558 653
1 13 2
673 63
1 13 2
116 783
1 12 2
768 431
1 3 2
605 192
1 13 2
782 717
1 10 2
281 750
1 5 2
627 63
1 15 2
557 138
1 7 2
43 24
1 12 2
483 305
1 11 2
488 562
1 3 2
78 538
1 10 2
485 565
1 9 2
783 51
1 9 2
626 314
1 12 2
167 333
1 14 2
472 459
1 3 2
169 427
1 5 2
712 723
1 3 2
56 346
1 5 2
216 198
1 14 2
489 796
1 7 2
640 140
1 9 2
95 284
1 4 2
489 588
1 4 2
459 748
1 9 2
548 262
1 15 2
114 472
1 7 2
152 350
1 10 2
125 400
1 13 2
366 598
1 9 2
570 549
1 8 2
677 154
1 11 2
222 44
1 4 2
526 428
1 9 2
794 447
1 6 2
167 71
1 5 2
26 785
1 13 2
107 507
1 11 2
243 414
1 6 2
181 708
1 4 2
107 428
1 4 2
122 151
1 11 2
351 577
1 12 2
670 711
1 10 2
203 653
1 10 2
47 143
1 4 2
18 106
1 12 2
397 595
1 11 2
216 720
1 2 2
691 349
1 7 2
221 117
1 6 2
320 656
1 3 2
143 87
1 6 2
176 246
1 11 2
556 185
1 2 2
666 751
1 12 2
200 740
1 12 2
531 50
1 15 2
124 523
1 11 2
750 641
1 7 2
91 615
1 13 2
146 314
1 13 2
781 796
1 8 2
443 797
1 10 2
257 186
1 11 2
30 146
1 9 2
525 401
1 7 2
333 340
1 8 2
481 160
1 8 2
525 30
1 6 2
663 537
1 5 2
753 279
1 6 2
263 444
1 2 2
671 326
1 8 2
323 663
1 12 2
164 171
1 14 2
554 132
1 12 2
54 257
1 5 2
218 474
1 2 2
199 287
1 12 2
241 685
1 5 2
116 760
1 12 2
736 574
1 14 2
160 454
1 9 2
126 289
1 9 2
310 104
1 9 2
260 438
1 6 2
36 61
1 13 2
677 199
1 10 2
192 274
1 6 2
666 248
1 15 2
393 561
1 3 2
710 81
1 9 2
105 269
1 5 2
99 641
1 7 2
483 149
1 9 2
501 542
1 6 2
680 649
1 11 2
11 379
1 4 2
12 219
1 3 2
780 20
1 4 2
531 548
1 14 2
228 8
1 3 2
528 461
1 12 2
639 719
1 10 2
106 401
1 15 2
514 18
1 6 2
55 220
1 13 2
199 346
1 8 2
287 465
1 6 2
412 617
1 12 2
582 133
1 2 2
166 13
1 2 2
792 109
1 11 2
540 354
1 14 2
428 681
1 10 2
6 574
1 15 2
407 164
1 3 2
753 481
1 15 2
613 318
1 11 2
609 211
1 9 2
760 255
1 15 2
196 206
1 12 2
341 89
1 10 2
202 257
1 13 2
43 376
1 7 2
158 92
1 8 2
589 241
1 5 2
398 182
1 13 2
499 655
1 5 2
251 753
1 6 2
602 219
1 4 2
463 439
1 13 2
74 284
1 11 2
338 92
1 14 2
387 445
1 10 2
329 680
1 8 2
592 624
1 5 2
655 436
1 4 2
131 315
1 8 2
489 415
1 3 2
398 467
1 4 2
749 591
1 13 2
57 756
1 5 2
97 661
1 9 2
188 161
1 6 2
763 684
1 9 2
489 6
1 14 2
637 164
1 3 2
629 201
1 4 2
512 206
1 10 2
464 787
1 7 2
537 659
1 4 2
513 670
1 2 2
474 754
1 11 2
412 602
1 15 2
364 461
