800 6400 2400
22 13 10 11 20 13 14 19 20 11 11 16 8 15 13 25 6 16 16 8 11 12 17 13 14 11 16 7 21 22 20 13 13 15 8 17 8 24 13 22 7 14 22 12 15 9 21 17 16 6 23 8 22 10 16 12 25 22 21 23 20 12 16 8 16 23 11 14 24 8 13 18 12 13 11 22 16 9 24 23 22 22 18 24 22 16 7 14 15 20 17 25 19 10 15 9 10 5 20 14 6 14 23 20 19 19 23 12 12 20 11 10 8 24 7 10 20 20 5 12 18 10 20 25 16 6 9 12 18 13 5 10 12 25 9 24 6 12 7 25 19 12 22 24 17 15 17 9 19 7 13 15 22 20 6 24 25 7 18 24 9 16 22 10 8 14 24 22 14 13 17 25 10 7 5 6 19 22 20 22 15 19 19 14 8 13 25 12 8 22 23 21 5 24 19 19 7 24 13 21 8 16 5 19 14 8 5 6 5 13 5 15 22 5 17 22 6 18 16 22 12 13 24 9 19 19 9 13 16 16 23 21 5 22 5 22 20 5 25 8 5 24 19 5 22 16 18 20 25 6 25 5 5 10 23 16 21 14 21 18 13 16 7 24 15 22 9 25 16 14 5 24 20 6 12 10 22 7 14 14 16 12 6 16 12 6 21 16 15 11 20 11 22 25 8 6 17 12 25 5 24 5 7 16 10 23 9 20 19 6 5 5 18 14 8 23 23 23 9 9 14 15 7 22 5 20 8 13 18 6 8 5 12 12 6 15 11 17 5 22 18 8 21 5 24 24 20 12 6 12 23 23 5 17 10 12 21 8 15 22 12 8 8 19 10 16 17 21 11 7 20 21 5 13 22 21 11 9 8 22 24 13 6 5 13 20 18 23 11 5 18 8 20 18 23 10 17 10 21 24 15 24 24 21 25 7 9 24 23 14 13 17 24 25 12 14 6 16 23 18 19 11 23 13 12 18 12 12 7 12 15 5 22 21 21 11 5 23 8 14 15 16 24 9 21 16 14 24 11 9 9 16 17 22 15 22 9 11 10 23 6 6 7 15 22 25 15 10 11 7 20 23 11 16 24 9 6 19 19 15 9 16 16 18 6 5 13 10 11 20 12 10 9 15 21 21 19 8 5 14 14 6 22 11 11 12 7 12 15 23 25 11 11 24 15 12 24 12 12 8 20 22 15 12 24 24 12 5 5 11 14 12 16 15 19 25 9 12 19 22 16 16 5 17 19 11 17 9 5 5 20 12 15 16 12 11 15 17 15 8 20 14 15 22 25 21 13 11 7 8 7 23 7 20 17 18 11 10 14 10 14 25 7 15 21 10 21 6 10 6 9 18 14 12 10 17 9 22 24 21 6 22 7 17 11 8 16 19 12 19 25 15 14 6 6 8 19 14 8 5 17 25 17 11 18 19 13 19 18 13 14 14 6 13 8 13 21 13 17 17 16 22 25 5 13 25 24 11 14 21 10 21 19 18 12 11 13 16 15 23 21 15 12 12 18 11 21 23 22 11 24 24 7 18 19 11 9 24 16 15 8 23 15 21 16 24 18 6 17 24 13 5 17 5 12 6 13 25 10 8 9 7 6 11 22 6 22 21 22 12 24 25 16 8 25 10 21 15 13 6 20 19 7 7 5 15 10 12 7 7 19 20 21 18 14 13 10 7 11 23 11 16 8 17 6 17 19 22 5 14 13 15 25 21 6 11 23 18 22 14 19 24 10 5 10 19 17 10 24 6 15 20 14 16 14 8 8 17 21 25 14 17 6 13 17 8 17 18 23 8 24 6 12 23 7 20 17 9 5 19
3 5 4 9 17 4 13 17 13 16 3 7 17 14 10 6 13 6 18 4 13 9 8 19 17 4 8 18 18 19 19 6 6 9 5 8 15 12 11 13 17 18 10 19 11 17 18 16 4 10 5 12 16 4 10 12 15 13 18 11 11 17 11 9 10 10 20 3 18 16 17 6 4 9 7 3 9 6 20 20 3 17 6 11 10 20 10 11 3 18 8 19 6 19 7 11 14 6 17 16 6 10 16 8 20 10 7 18 19 15 17 13 20 18 9 6 5 15 17 5 12 12 12 15 11 17 15 15 3 13 20 10 16 9 8 17 3 13 3 15 10 19 18 16 7 12 4 20 5 9 8 9 3 16 16 11 7 20 10 11 7 4 16 6 7 20 6 11 8 9 12 11 15 13 17 13 18 16 17 6 11 15 7 6 15 7 5 8 11 18 13 11 8 5 12 20 11 18 17 7 10 16 9 4 6 14 10 4 10 7 16 16 5 11 8 11 5 16 11 5 6 12 20 3 10 5 6 14 9 12 4 12 10 7 4 10 17 5 7 11 18 12 16 3 7 10 9 17 16 15 4 14 16 3 13 3 11 19 18 18 5 14 4 11 12 3 15 5 7 17 19 10 15 14 8 19 6 4 16 11 4 17 5 5 8 5 6 20 11 14 3 9 17 11 4 5 19 12 9 6 17 5 13 5 19 8 19 18 10 6 19 13 16 11 19 6 9 15 11 15 6 5 11 16 5 4 4 16 17 6 12 13 12 15 5 20 6 4 15 11 16 20 5 9 19 8 5 18 20 14 4 12 16 20 5 18 14 20 8 11 14 12 17 16 10 16 18 19 7 16 15 3 8 14 19 11 4 18 7 19 10 16 13 18 5 17 13 5 7 20 11 14 11 15 13 12 4 12 11 9 6 3 8 18 15 3 5 15 5 3 6 4 4 10 8 16 3 4 11 17 5 14 14 8 20 16 10 17 15 15 3 15 17 18 12 3 7 3 4 11 16 10 14 7 12 12 20 14 17 13 14 18 17 9 4 20 13 18 4 6 17 4 8 8 7 18 8 6 13 17 7 20 6 20 10 5 19 12 20 11 14 19 13 19 19 12 12 12 5 19 10 9 20 20 6 20 11 4 16 11 6 18 18 7 6 11 19 5 15 16 3 10 9 9 15 3 15 20 6 18 3 17 5 8 6 20 5 17 20 9 3 12 17 3 8 9 11 3 20 15 4 14 9 12 9 10 14 18 5 19 6 8 7 17 19 13 7 17 12 14 20 5 14 11 7 9 12 3 8 20 16 20 10 16 5 10 15 7 13 19 19 15 16 19 16 16 6 15 4 14 11 16 10 8 9 3 9 11 14 4 11 7 7 6 14 3 13 20 13 18 5 13 14 19 3 13 9 7 18 9 11 4 9 3 7 7 13 5 19 16 7 16 16 20 14 4 17 4 14 6 13 9 16 14 15 5 20 12 5 6 4 5 14 13 12 16 4 7 15 12 14 17 5 18 20 10 8 16 3 3 16 4 17 18 3 11 9 11 19 9 18 18 13 11 11 9 8 14 13 4 13 6 3 10 3 9 3 3 9 7 9 16 12 8 5 11 10 15 10 8 3 5 8 12 8 8 3 19 9 3 17 8 15 20 18 6 7 8 8 19 11 8 17 15 19 14 8 9 7 20 12 6 14 17 20 19 12 3 18 10 18 4 19 20 12 10 3 9 16 7 13 9 12 18 9 9 19 17 6 19 9 7 10 16 16 16 16 11 9 18 14 17 7 16 16 15 19 17 20 3 14 16 9 13 17 5 14 10 18 17
1 8 2
114 627
1 13 2
627 266
1 11 2
633 101
1 13 2
281 620
1 7 2
314 477
1 6 2
745 671
1 11 2
244 716
1 11 2
524 102
1 10 2
494 693
1 6 2
344 624
1 15 2
127 43
1 13 2
358 185
1 10 2
228 227
1 8 2
523 766
1 15 2
422 91
1 11 2
311 353
1 13 2
750 732
1 4 2
114 307
1 13 2
51 542
1 11 2
57 20
1 7 2
379 377
1 15 2
733 648
1 5 2
510 718
1 9 2
494 412
1 12 2
389 201
1 6 2
319 559
1 15 2
683 468
1 12 2
439 722
1 3 2
310 414
1 15 2
604 360
1 11 2
338 412
1 12 2
204 642
1 15 2
416 227
1 6 2
408 544
1 3 2
269 454
1 13 2
450 415
1 10 2
269 136
1 7 2
384 386
1 4 2
272 396
1 12 2
360 312
1 5 2
628 522
1 3 2
47 683
1 7 2
77 665
1 5 2
244 487
1 15 2
324 613
1 4 2
134 438
1 2 2
243 348
1 4 2
577 391
1 10 2
632 785
1 13 2
730 564
1 5 2
606 497
1 7 2
469 89
1 10 2
538 249
1 8 2
216 675
1 3 2
438 55
1 12 2
177 61
1 5 2
262 177
1 7 2
694 115
1 10 2
600 746
1 9 2
451 754
1 5 2
290 422
1 15 2
701 487
1 3 2
742 171
1 2 2
382 570
1 8 2
628 538
1 8 2
217 677
1 5 2
446 367
1 3 2
418 623
1 8 2
201 83
1 2 2
636 29
1 8 2
73 438
1 10 2
640 195
1 3 2
116 123
1 5 2
92 563
1 13 2
520 513
1 8 2
657 410
1 3 2
701 21
1 15 2
551 403
1 13 2
605 315
1 6 2
296 656
1 12 2
511 359
1 13 2
577 766
1 6 2
31 173
1 6 2
262 587
1 11 2
159 73
1 10 2
417 590
1 9 2
712 150
1 8 2
185 35
1 15 2
798 354
1 15 2
287 632
1 10 2
780 401
1 2 2
671 526
1 9 2
664 254
1 4 2
218 449
1 3 2
263 216
1 4 2
773 214
1 11 2
105 464
1 5 2
156 293
1 5 2
343 175
1 10 2
161 219
1 7 2
444 47
1 14 2
381 153
1 2 2
407 528
1 4 2
252 402
1 14 2
143 507
1 14 2
406 699
1 14 2
475 631
1 3 2
517 413
1 10 2
286 234
1 4 2
222 798
1 2 2
283 176
1 15 2
101 504
1 5 2
505 709
1 12 2
493 42
1 7 2
606 453
1 8 2
336 330
1 13 2
758 731
1 6 2
130 720
1 10 2
427 230
1 2 2
640 590
1 12 2
31 650
1 15 2
109 88
1 14 2
407 513
1 9 2
287 632
1 6 2
603 211
1 11 2
411 147
1 10 2
226 751
1 12 2
374 730
1 8 2
217 121
1 15 2
299 76
1 7 2
462 621
1 6 2
99 358
1 5 2
268 28
1 4 2
722 153
1 7 2
437 212
1 3 2
361 410
1 3 2
48 146
1 15 2
778 44
1 13 2
32 479
1 11 2
394 82
1 10 2
296 234
1 9 2
572 795
1 8 2
8 625
1 9 2
394 57
1 8 2
755 296
1 15 2
377 674
1 4 2
130 695
1 7 2
478 793
1 9 2
535 27
1 8 2
580 781
1 14 2
339 647
1 13 2
506 494
1 3 2
316 9
1 3 2
56 225
1 5 2
460 286
1 3 2
604 256
1 2 2
776 337
1 12 2
67 791
1 12 2
597 505
1 2 2
564 237
1 13 2
475 17
1 6 2
341 368
1 2 2
179 194
1 12 2
207 508
1 15 2
582 207
1 4 2
319 671
1 8 2
55 304
1 13 2
210 236
1 2 2
280 716
1 6 2
238 126
1 2 2
567 599
1 5 2
322 453
1 14 2
264 165
1 14 2
21 172
1 4 2
519 745
1 8 2
448 664
1 6 2
137 39
1 3 2
57 470
1 3 2
571 438
1 14 2
343 153
1 3 2
44 320
1 15 2
203 157
1 7 2
56 565
1 8 2
135 225
1 11 2
758 84
1 3 2
728 79
1 14 2
680 514
1 7 2
36 371
1 15 2
37 191
1 2 2
592 668
1 5 2
347 623
1 11 2
162 350
1 4 2
177 322
1 11 2
280 448
1 2 2
203 385
1 5 2
145 524
1 5 2
380 612
1 14 2
196 763
1 3 2
319 517
1 11 2
421 227
1 4 2
366 344
1 7 2
72 756
1 5 2
89 429
1 7 2
15 233
1 7 2
744 530
1 4 2
719 193
1 12 2
557 711
1 14 2
793 383
1 15 2
635 349
1 8 2
693 7
1 2 2
363 421
1 13 2
643 468
1 14 2
172 732
1 4 2
530 227
1 6 2
377 173
1 8 2
751 165
1 9 2
358 652
1 3 2
10 442
1 7 2
225 214
1 8 2
719 554
1 15 2
630 791
1 10 2
369 693
1 6 2
461 212
1 14 2
29 481
1 11 2
644 468
1 8 2
63 746
1 13 2
555 528
1 10 2
655 491
1 11 2
297 618
1 10 2
720 142
1 11 2
488 746
1 4 2
350 632
1 14 2
543 597
1 15 2
423 275
1 15 2
555 478
1 15 2
403 104
1 15 2
330 560
1 4 2
458 537
1 2 2
190 538
1 14 2
47 262
1 13 2
296 94
1 12 2
280 432
1 9 2
547 357
1 12 2
764 219
1 4 2
545 293
1 5 2
354 548
1 14 2
311 121
1 12 2
353 9
1 2 2
444 391
1 10 2
262 617
1 10 2
523 654
1 8 2
720 109
1 4 2
635 693
1 8 2
380 288
1 15 2
578 563
1 13 2
215 200
1 12 2
427 359
1 5 2
611 151
1 5 2
658 174
1 2 2
230 414
1 4 2
349 468
1 3 2
325 233
1 3 2
480 215
1 11 2
729 74
1 7 2
586 178
1 5 2
204 544
1 9 2
731 258
1 4 2
93 78
1 11 2
301 617
1 3 2
277 787
1 7 2
545 128
1 12 2
336 108
1 7 2
772 506
1 9 2
169 331
1 8 2
59 429
1 6 2
715 722
1 7 2
447 150
1 9 2
328 656
1 4 2
220 720
1 2 2
293 682
1 4 2
439 169
1 5 2
275 147
1 4 2
598 87
1 6 2
579 221
1 11 2
637 506
1 13 2
281 521
1 5 2
418 17
1 13 2
556 289
1 10 2
140 791
1 11 2
602 725
1 7 2
86 175
1 12 2
648 657
1 3 2
52 326
1 5 2
521 310
1 15 2
239 22
1 7 2
256 708
1 3 2
350 134
1 11 2
241 719
1 15 2
263 238
1 10 2
288 317
1 14 2
288 798
1 4 2
323 223
1 3 2
669 63
1 7 2
520 418
1 15 2
178 433
1 7 2
441 653
1 4 2
374 596
1 13 2
105 390
1 9 2
354 252
1 11 2
271 247
1 7 2
480 293
1 5 2
231 630
1 6 2
99 36
1 12 2
532 157
1 11 2
177 151
1 11 2
613 46
1 9 2
702 69
1 7 2
697 250
1 2 2
199 742
1 8 2
468 70
1 14 2
235 199
1 6 2
655 428
1 13 2
436 687
1 11 2
240 154
1 5 2
189 594
1 4 2
222 786
1 3 2
520 592
1 11 2
703 188
1 3 2
373 69
1 2 2
473 50
1 3 2
421 99
1 3 2
352 82
1 4 2
284 186
1 12 2
314 277
1 12 2
305 450
1 3 2
103 440
1 15 2
453 455
1 4 2
14 168
1 9 2
59 793
1 11 2
715 230
1 6 2
18 70
1 4 2
796 222
1 8 2
511 379
1 2 2
646 130
1 13 2
438 327
1 6 2
345 449
1 9 2
529 795
1 10 2
593 789
1 10 2
237 41
1 6 2
48 562
1 2 2
681 293
1 10 2
243 54
1 10 2
381 16
1 15 2
536 792
1 13 2
258 446
1 11 2
498 593
1 12 2
511 5
1 7 2
793 722
1 2 2
409 182
1 12 2
268 27
1 2 2
251 741
1 3 2
39 532
1 3 2
680 269
1 13 2
738 247
1 7 2
371 710
1 9 2
532 351
1 9 2
349 643
1 15 2
550 457
1 7 2
756 311
1 4 2
324 523
1 3 2
24 395
1 14 2
454 108
1 9 2
593 782
1 14 2
12 318
1 13 2
119 772
1 9 2
233 760
1 4 2
722 19
1 4 2
672 453
1 5 2
232 403
1 11 2
239 305
1 14 2
495 131
1 13 2
213 247
1 8 2
113 297
1 15 2
705 173
1 10 2
239 42
1 11 2
691 57
1 2 2
167 379
1 5 2
231 349
1 12 2
124 218
1 6 2
473 133
1 10 2
55 406
1 6 2
479 203
1 10 2
471 494
1 3 2
261 387
1 12 2
227 781
1 4 2
318 295
1 9 2
550 586
1 3 2
762 760
1 6 2
397 697
1 12 2
730 331
1 11 2
179 296
1 4 2
624 552
1 14 2
324 615
1 15 2
105 363
1 14 2
220 560
1 8 2
51 501
1 5 2
779 451
1 13 2
276 19
1 8 2
54 477
1 4 2
640 497
1 6 2
760 304
1 4 2
433 268
1 4 2
199 584
1 10 2
349 176
1 6 2
459 35
1 4 2
424 331
1 4 2
271 445
1 14 2
489 532
1 7 2
535 580
1 14 2
744 455
1 10 2
54 1
1 14 2
415 523
1 10 2
673 188
1 5 2
8 309
1 12 2
546 125
1 5 2
328 314
1 13 2
677 606
1 6 2
530 536
1 13 2
526 730
1 9 2
200 278
1 14 2
64 164
1 8 2
749 48
1 2 2
206 250
1 3 2
706 705
1 9 2
209 8
1 4 2
337 276
1 7 2
241 589
1 4 2
503 317
1 14 2
724 311
1 2 2
286 532
1 4 2
469 621
1 9 2
110 342
1 6 2
234 37
1 14 2
558 39
1 4 2
593 47
1 11 2
716 714
1 10 2
697 125
1 7 2
516 358
1 7 2
292 500
1 5 2
482 368
1 13 2
343 22
1 5 2
303 46
1 5 2
684 113
1 8 2
757 91
1 4 2
539 131
1 4 2
26 72
1 15 2
631 661
1 4 2
676 697
1 6 2
407 402
1 5 2
29 0
1 10 2
391 769
1 8 2
386 182
1 13 2
198 573
1 7 2
569 465
1 10 2
233 726
1 3 2
779 649
1 3 2
18 470
1 2 2
380 230
1 3 2
581 389
1 9 2
644 714
1 9 2
268 573
1 10 2
88 557
1 13 2
531 654
1 4 2
449 409
1 4 2
616 778
1 5 2
616 267
1 11 2
758 385
1 9 2
134 371
1 10 2
365 450
1 4 2
526 721
1 4 2
42 789
1 7 2
700 368
1 5 2
528 3
1 2 2
136 171
1 14 2
197 401
1 15 2
771 27
1 11 2
184 383
1 7 2
5 520
1 10 2
654 270
1 2 2
516 84
1 12 2
289 34
1 14 2
284 172
1 4 2
588 152
1 7 2
116 234
1 10 2
250 393
1 3 2
691 353
1 3 2
728 272
1 10 2
449 698
1 11 2
471 25
1 4 2
712 19
1 13 2
296 435
1 12 2
471 723
1 2 2
360 620
1 7 2
246 532
1 12 2
252 87
1 2 2
366 251
1 10 2
674 50
1 14 2
610 720
1 2 2
563 118
1 14 2
714 381
1 15 2
385 367
1 2 2
227 40
1 15 2
341 375
1 8 2
632 332
1 6 2
267 474
1 10 2
164 702
1 15 2
667 519
1 11 2
729 431
1 9 2
360 39
1 9 2
438 366
1 3 2
351 757
1 12 2
690 272
1 2 2
48 554
1 7 2
552 68
1 6 2
59 630
1 4 2
289 638
1 2 2
536 87
1 3 2
243 254
1 12 2
307 723
1 7 2
564 715
1 5 2
155 483
1 15 2
447 433
1 2 2
5 138
1 2 2
81 560
1 7 2
673 765
1 9 2
506 770
1 3 2
453 391
1 6 2
379 41
1 7 2
505 519
1 9 2
349 207
1 13 2
781 453
1 11 2
354 589
1 5 2
322 380
1 12 2
573 146
1 14 2
293 366
1 9 2
367 120
1 2 2
564 718
1 6 2
378 183
1 5 2
457 70
1 9 2
133 581
1 13 2
723 314
1 5 2
175 742
1 15 2
654 545
1 14 2
600 37
1 3 2
718 350
1 3 2
291 65
1 4 2
598 221
1 13 2
770 595
1 10 2
560 603
1 15 2
632 780
1 12 2
263 691
1 6 2
645 522
1 7 2
609 488
1 10 2
599 266
1 8 2
783 141
1 8 2
33 447
1 14 2
563 378
1 5 2
263 619
1 3 2
61 438
1 15 2
92 321
1 15 2
733 404
1 14 2
429 631
1 14 2
481 594
1 5 2
745 784
1 3 2
736 731
1 6 2
581 484
1 13 2
301 619
1 2 2
600 240
1 7 2
637 257
1 13 2
655 581
1 9 2
382 368
1 11 2
333 327
1 12 2
315 608
1 8 2
575 42
1 14 2
90 119
1 8 2
462 216
1 11 2
553 392
1 11 2
242 560
1 10 2
66 500
1 4 2
503 375
1 15 2
583 460
1 8 2
211 794
1 10 2
590 354
1 5 2
485 455
1 13 2
786 185
1 11 2
162 556
1 15 2
762 652
1 13 2
304 348
1 14 2
428 275
1 12 2
608 665
1 4 2
40 359
1 3 2
216 410
1 6 2
7 648
1 6 2
233 179
1 15 2
683 514
1 8 2
102 183
1 3 2
264 408
1 14 2
601 31
1 9 2
283 95
1 12 2
624 280
1 11 2
224 668
1 3 2
162 325
1 6 2
215 62
1 5 2
334 227
1 10 2
166 340
1 4 2
468 530
1 12 2
91 249
1 12 2
214 650
1 13 2
287 657
1 12 2
615 771
1 10 2
85 277
1 10 2
456 216
1 7 2
573 410
1 14 2
749 661
1 12 2
291 499
1 3 2
369 567
1 6 2
95 584
1 2 2
572 710
1 6 2
134 597
1 14 2
204 73
1 2 2
155 444
1 10 2
777 99
1 12 2
188 227
1 11 2
755 785
1 13 2
513 616
1 4 2
669 707
1 11 2
434 80
1 5 2
205 36
1 14 2
177 375
1 9 2
559 157
1 5 2
382 759
1 4 2
321 254
1 4 2
536 391
1 3 2
122 609
1 8 2
341 86
1 2 2
175 332
1 11 2
407 52
1 14 2
483 399
1 3 2
198 117
1 12 2
332 380
1 5 2
230 458
1 2 2
774 776
1 4 2
197 505
1 9 2
750 361
1 4 2
396 414
1 2 2
282 659
1 5 2
177 45
1 6 2
362 109
1 13 2
173 531
1 9 2
291 721
1 10 2
151 114
1 7 2
31 642
1 5 2
413 18
1 8 2
474 225
1 4 2
267 218
1 5 2
82 713
1 11 2
626 619
1 9 2
341 626
1 13 2
792 723
1 9 2
595 205
1 5 2
116 447
1 3 2
767 756
1 8 2
250 18
1 8 2
623 745
1 5 2
58 367
1 5 2
576 202
1 14 2
52 715
1 13 2
519 768
1 10 2
414 192
1 12 2
580 287
1 13 2
19 221
1 14 2
385 734
1 15 2
259 670
1 12 2
37 393
1 6 2
95 474
1 10 2
543 259
1 4 2
268 15
1 6 2
60 683
1 4 2
306 668
1 13 2
547 710
1 14 2
203 394
1 14 2
729 312
1 10 2
541 292
1 2 2
424 720
1 2 2
617 632
1 7 2
765 657
1 9 2
439 759
1 9 2
486 592
1 3 2
279 511
1 9 2
184 316
1 9 2
265 674
1 7 2
294 550
1 4 2
607 678
1 14 2
634 443
1 12 2
253 398
1 3 2
73 182
1 13 2
177 761
1 5 2
29 793
1 12 2
284 483
1 5 2
225 193
1 5 2
225 275
1 9 2
711 601
1 2 2
258 752
1 4 2
116 287
1 15 2
6 582
1 2 2
93 210
1 9 2
690 206
1 3 2
572 333
1 14 2
30 96
1 8 2
541 58
1 5 2
162 83
1 11 2
327 292
1 15 2
525 409
1 3 2
32 486
1 4 2
545 344
1 12 2
721 535
1 2 2
683 172
1 12 2
770 521
1 14 2
498 110
1 2 2
272 371
1 7 2
669 258
1 10 2
494 539
1 10 2
607 789
1 13 2
347 321
1 14 2
611 662
1 13 2
239 574
1 3 2
112 629
1 15 2
216 23
1 12 2
172 460
1 15 2
600 622
1 13 2
445 677
1 9 2
748 224
1 3 2
779 584
1 8 2
522 435
1 5 2
676 537
1 10 2
438 743
1 3 2
299 451
1 12 2
319 707
1 5 2
391 22
1 7 2
556 115
1 14 2
127 558
1 9 2
641 105
1 14 2
573 525
1 13 2
568 780
1 2 2
695 418
1 4 2
780 212
1 15 2
134 379
1 11 2
116 152
1 4 2
401 463
1 10 2
450 780
1 5 2
619 521
1 11 2
269 381
1 5 2
560 73
1 2 2
776 741
1 8 2
773 522
1 5 2
483 208
1 2 2
216 43
1 3 2
786 562
1 15 2
551 298
1 5 2
684 6
1 13 2
425 465
1 10 2
652 707
1 9 2
616 729
1 13 2
285 28
1 10 2
74 263
1 11 2
88 181
1 3 2
599 269
1 6 2
25 11
1 12 2
121 79
1 3 2
773 781
1 6 2
125 64
1 12 2
59 201
1 15 2
762 556
1 15 2
386 429
1 4 2
283 406
1 10 2
266 525
1 5 2
138 128
1 14 2
426 318
1 4 2
76 532
1 11 2
647 22
1 14 2
165 719
1 3 2
550 137
1 11 2
691 372
1 4 2
91 181
1 5 2
751 38
1 12 2
40 501
1 2 2
210 418
1 3 2
309 287
1 14 2
630 45
1 11 2
189 283
1 10 2
747 222
1 6 2
774 378
1 10 2
146 383
1 15 2
383 264
1 2 2
525 635
1 6 2
716 153
1 9 2
492 783
1 15 2
483 335
1 5 2
14 681
1 8 2
577 13
1 13 2
413 537
1 5 2
774 96
1 6 2
710 709
1 5 2
516 664
1 5 2
506 185
1 14 2
79 543
1 8 2
192 717
1 2 2
716 274
1 13 2
465 272
1 7 2
450 286
1 9 2
498 373
1 11 2
323 420
1 2 2
10 335
1 3 2
456 545
1 2 2
203 715
1 3 2
378 381
1 10 2
189 651
1 10 2
389 358
1 5 2
109 233
1 10 2
477 680
1 7 2
246 38
1 7 2
564 242
1 6 2
231 572
1 4 2
271 650
1 11 2
688 156
1 4 2
551 442
1 4 2
181 750
1 11 2
774 296
1 4 2
358 458
1 7 2
604 205
1 14 2
660 12
1 12 2
627 675
1 2 2
781 210
1 14 2
304 452
1 12 2
699 690
1 6 2
480 26
1 13 2
20 127
1 13 2
442 766
1 13 2
478 737
1 11 2
540 486
1 14 2
319 473
1 14 2
317 58
1 10 2
708 368
1 8 2
645 488
1 6 2
427 337
1 6 2
638 354
1 14 2
545 789
1 2 2
249 346
1 14 2
521 226
1 3 2
224 764
1 14 2
548 782
1 3 2
117 323
1 13 2
228 419
1 11 2
719 745
1 7 2
752 220
1 10 2
201 576
1 7 2
567 276
1 5 2
374 692
1 11 2
515 130
1 4 2
699 647
1 7 2
628 679
1 8 2
649 25
1 6 2
309 675
1 13 2
574 587
1 9 2
546 202
1 13 2
177 262
1 13 2
752 347
1 11 2
378 507
1 15 2
652 769
1 10 2
128 726
1 4 2
37 214
1 2 2
702 664
1 4 2
752 441
1 9 2
281 404
1 15 2
408 652
1 2 2
534 594
1 2 2
357 437
1 2 2
60 489
1 6 2
391 572
1 2 2
373 747
1 4 2
61 204
1 11 2
640 586
1 4 2
202 271
1 5 2
461 590
1 15 2
213 758
1 9 2
64 15
1 15 2
407 327
1 14 2
159 756
1 3 2
574 173
1 7 2
389 461
1 15 2
335 192
1 5 2
56 656
1 11 2
220 753
1 3 2
425 526
1 5 2
182 141
1 6 2
280 496
1 12 2
585 709
1 5 2
347 676
1 2 2
796 459
1 12 2
12 537
1 7 2
683 705
1 5 2
719 389
1 12 2
402 337
1 8 2
106 491
1 12 2
509 83
1 13 2
788 637
1 13 2
598 607
1 2 2
329 246
1 14 2
349 171
1 15 2
499 477
1 8 2
328 19
1 11 2
463 40
1 7 2
21 169
1 4 2
222 236
1 4 2
236 563
1 8 2
115 398
1 10 2
614 331
1 13 2
487 81
1 7 2
328 33
1 5 2
444 511
1 14 2
447 292
1 5 2
607 410
1 15 2
452 501
1 10 2
353 678
1 11 2
348 524
1 6 2
440 392
1 4 2
30 218
1 7 2
80 549
1 8 2
17 186
1 11 2
78 248
1 11 2
701 55
1 9 2
194 569
1 6 2
12 192
1 6 2
90 559
1 7 2
465 525
1 3 2
700 44
1 13 2
499 770
1 12 2
165 256
1 15 2
330 277
1 7 2
507 721
1 15 2
679 783
1 8 2
339 569
1 9 2
363 570
1 7 2
109 229
1 4 2
77 476
1 12 2
764 647
1 5 2
727 582
1 13 2
367 589
1 6 2
555 462
1 2 2
424 782
1 3 2
237 618
1 13 2
477 676
1 7 2
510 370
1 8 2
783 295
1 5 2
120 411
1 8 2
159 552
1 14 2
337 689
1 13 2
196 311
1 6 2
186 64
1 7 2
290 670
1 5 2
425 778
1 10 2
371 601
1 3 2
501 131
1 7 2
142 397
1 3 2
68 125
1 3 2
648 757
1 8 2
376 241
1 12 2
591 706
1 6 2
522 315
1 7 2
350 140
1 4 2
191 665
1 6 2
633 27
1 7 2
174 546
1 4 2
68 648
1 2 2
540 33
1 11 2
769 432
1 6 2
453 473
1 11 2
592 15
1 9 2
299 436
1 8 2
214 412
1 9 2
27 158
1 5 2
322 621
1 5 2
712 727
1 10 2
264 318
1 2 2
725 452
1 5 2
228 153
1 13 2
347 217
1 13 2
326 526
1 10 2
448 211
1 11 2
773 566
1 8 2
625 691
1 8 2
333 439
1 6 2
399 486
1 12 2
56 452
1 15 2
254 301
1 7 2
533 420
1 12 2
734 637
1 7 2
75 356
1 7 2
435 636
1 10 2
659 465
1 13 2
96 207
1 15 2
553 329
1 6 2
44 629
1 7 2
750 379
1 12 2
314 557
1 10 2
445 78
1 4 2
204 26
1 4 2
509 282
1 6 2
522 233
1 8 2
441 401
1 11 2
529 457
1 2 2
155 542
1 10 2
726 435
1 9 2
222 126
1 3 2
337 650
1 9 2
448 456
1 14 2
612 695
1 2 2
720 111
1 9 2
453 758
1 2 2
790 92
1 3 2
145 45
1 9 2
678 79
1 9 2
593 86
1 5 2
527 635
1 9 2
751 252
1 10 2
0 731
1 15 2
760 148
1 9 2
527 515
1 8 2
557 59
1 10 2
597 221
1 11 2
350 340
1 6 2
415 739
1 2 2
712 203
1 8 2
4 277
1 6 2
752 756
1 13 2
506 381
1 10 2
401 594
1 9 2
529 307
1 8 2
521 443
1 15 2
203 244
1 3 2
748 569
1 4 2
706 566
1 12 2
297 267
1 9 2
781 731
1 13 2
424 167
1 8 2
525 119
1 12 2
604 374
1 7 2
185 93
1 13 2
40 746
1 13 2
599 211
1 11 2
366 189
1 9 2
191 255
1 4 2
701 181
1 6 2
646 40
1 10 2
291 519
1 14 2
528 511
1 9 2
28 300
1 7 2
688 601
1 6 2
646 651
1 4 2
24 361
1 4 2
43 228
1 13 2
418 229
1 4 2
188 792
1 8 2
583 117
1 14 2
703 73
1 5 2
599 378
1 4 2
325 298
1 7 2
122 196
1 5 2
410 483
1 12 2
157 140
1 15 2
48 298
1 15 2
81 761
1 10 2
513 55
1 12 2
654 226
1 10 2
514 281
1 11 2
338 651
1 2 2
404 270
1 11 2
104 392
1 9 2
82 283
1 9 2
769 468
1 15 2
517 689
1 12 2
373 429
1 15 2
7 55
1 7 2
115 370
1 13 2
510 733
1 6 2
89 320
1 4 2
633 626
1 6 2
360 70
1 10 2
424 196
1 2 2
58 494
1 7 2
175 472
1 7 2
370 232
1 9 2
783 772
1 9 2
652 173
1 13 2
154 422
1 5 2
529 458
1 7 2
111 357
1 14 2
486 117
1 8 2
215 630
1 3 2
327 330
1 4 2
710 518
1 3 2
529 745
1 6 2
467 142
1 3 2
356 101
1 14 2
253 22
1 13 2
601 36
1 12 2
571 378
1 3 2
531 452
1 6 2
764 537
1 10 2
127 596
1 8 2
561 117
1 14 2
387 94
1 6 2
260 434
1 3 2
653 777
1 3 2
400 89
1 7 2
482 628
1 12 2
689 581
1 7 2
725 210
1 12 2
765 389
1 15 2
355 230
1 14 2
419 406
1 15 2
22 244
1 7 2
240 27
1 4 2
428 247
1 9 2
578 45
1 3 2
11 216
1 4 2
98 610
1 15 2
428 39
1 8 2
419 479
1 12 2
518 262
1 8 2
115 266
1 11 2
268 570
1 3 2
280 739
1 10 2
615 296
1 4 2
739 147
1 11 2
121 71
1 5 2
56 765
1 13 2
114 482
1 6 2
418 361
1 14 2
700 726
1 15 2
306 717
1 6 2
27 628
1 11 2
495 725
1 3 2
349 766
1 6 2
148 407
1 3 2
735 142
1 2 2
573 633
1 4 2
281 793
1 15 2
559 24
1 9 2
584 278
1 5 2
534 140
1 11 2
572 70
1 10 2
158 146
1 10 2
783 650
1 3 2
731 364
1 10 2
212 606
1 8 2
454 59
1 6 2
669 517
1 2 2
535 692
1 10 2
505 182
1 2 2
445 789
1 14 2
22 411
1 6 2
467 731
1 14 2
578 12
1 8 2
360 532
1 12 2
594 341
1 2 2
269 199
1 13 2
263 597
1 11 2
369 526
1 14 2
372 223
1 4 2
769 445
1 9 2
594 700
1 13 2
718 228
1 12 2
726 322
1 5 2
274 335
1 6 2
243 615
1 12 2
788 137
1 2 2
37 529
1 2 2
279 790
1 15 2
85 161
1 11 2
408 188
1 13 2
368 643
1 8 2
707 232
1 5 2
29 520
1 7 2
654 349
1 15 2
675 662
1 5 2
678 458
1 11 2
604 64
1 9 2
760 127
1 5 2
403 200
1 7 2
303 169
1 5 2
65 798
1 4 2
119 693
1 13 2
495 374
1 7 2
234 352
1 14 2
364 196
1 11 2
796 411
1 8 2
485 650
1 15 2
738 736
1 9 2
698 227
1 4 2
594 208
1 7 2
789 347
1 15 2
212 209
1 10 2
606 82
1 14 2
97 667
1 12 2
714 606
1 4 2
209 364
1 11 2
371 630
1 13 2
435 81
1 13 2
558 85
1 5 2
629 796
1 3 2
421 167
1 12 2
345 332
1 3 2
16 709
1 14 2
702 50
1 6 2
366 517
1 2 2
264 745
1 8 2
252 309
1 6 2
726 557
1 13 2
199 692
1 7 2
48 702
1 14 2
136 132
1 15 2
519 463
1 8 2
561 389
1 13 2
275 608
1 15 2
218 641
1 5 2
349 716
1 5 2
168 31
1 11 2
487 788
1 6 2
24 608
1 5 2
599 515
1 9 2
686 279
1 2 2
523 190
1 2 2
85 627
1 9 2
786 53
1 5 2
586 524
1 9 2
155 58
1 15 2
73 457
1 7 2
353 268
1 6 2
21 59
1 14 2
666 307
1 15 2
5 389
1 2 2
39 498
1 9 2
629 616
1 8 2
720 772
1 8 2
548 164
1 3 2
494 408
1 4 2
517 331
1 5 2
578 554
1 12 2
503 738
1 9 2
526 798
1 6 2
612 40
1 5 2
552 549
1 12 2
76 195
1 11 2
402 567
1 2 2
81 570
1 10 2
497 758
1 8 2
87 519
1 3 2
689 86
1 4 2
26 69
1 11 2
727 715
1 8 2
639 498
1 11 2
316 744
1 13 2
646 773
1 13 2
726 760
1 8 2
446 665
1 12 2
413 235
1 10 2
444 791
1 12 2
115 729
1 8 2
686 707
1 5 2
96 213
1 15 2
606 272
1 4 2
741 347
1 12 2
459 136
1 8 2
537 246
1 3 2
452 724
1 5 2
342 621
1 13 2
772 389
1 11 2
249 101
1 5 2
618 335
1 13 2
460 671
1 4 2
330 567
1 3 2
139 395
1 3 2
553 36
1 10 2
715 486
1 8 2
162 500
1 12 2
297 158
1 15 2
252 261
1 7 2
66 63
1 8 2
489 151
1 8 2
129 636
1 9 2
557 241
1 9 2
586 424
1 4 2
722 771
1 6 2
672 190
1 12 2
320 442
1 12 2
391 370
1 4 2
605 187
1 5 2
610 261
1 6 2
167 89
1 15 2
674 583
1 14 2
466 774
1 4 2
333 659
1 2 2
508 32
1 12 2
30 209
1 9 2
363 790
1 7 2
254 10
1 2 2
27 50
1 8 2
737 502
1 10 2
783 496
1 13 2
386 434
1 12 2
770 268
1 13 2
181 115
1 5 2
404 112
1 13 2
448 456
1 10 2
422 710
1 10 2
21 603
1 7 2
415 152
1 15 2
720 245
1 8 2
200 393
1 3 2
682 90
1 11 2
601 510
1 9 2
520 269
1 12 2
711 226
1 14 2
156 61
1 8 2
200 546
1 14 2
547 599
1 3 2
654 598
1 4 2
286 754
1 9 2
673 691
1 14 2
598 252
1 10 2
495 60
1 12 2
510 716
1 14 2
634 259
1 4 2
208 723
1 3 2
284 611
1 4 2
541 718
1 15 2
274 455
1 11 2
317 735
1 9 2
262 464
1 13 2
544 494
1 6 2
716 297
1 11 2
213 588
1 3 2
227 319
1 5 2
621 286
1 8 2
711 178
1 13 2
601 324
1 9 2
695 735
1 7 2
588 672
1 3 2
617 385
1 2 2
427 503
1 5 2
219 667
1 6 2
232 287
1 12 2
737 752
1 2 2
19 265
1 13 2
26 500
1 15 2
577 672
1 8 2
701 169
1 7 2
525 70
1 13 2
86 216
1 9 2
274 344
1 6 2
267 446
1 15 2
571 106
1 4 2
632 407
1 13 2
569 365
1 12 2
525 640
1 10 2
252 110
1 3 2
371 400
1 3 2
103 187
1 3 2
126 12
1 12 2
222 764
1 4 2
193 184
1 10 2
345 627
1 5 2
190 38
1 11 2
385 560
1 10 2
409 604
1 3 2
104 565
1 11 2
188 597
1 13 2
428 529
1 8 2
755 779
1 15 2
13 229
1 14 2
559 142
1 15 2
555 260
1 3 2
102 752
1 4 2
167 790
1 3 2
47 568
1 5 2
467 574
1 11 2
195 185
1 3 2
123 309
1 10 2
580 518
1 2 2
218 427
1 3 2
118 48
1 11 2
118 501
1 3 2
611 88
1 15 2
305 660
1 13 2
506 407
1 10 2
325 647
1 14 2
177 165
1 11 2
504 119
1 9 2
38 616
1 12 2
378 702
1 12 2
369 12
1 6 2
109 303
1 5 2
148 158
1 15 2
162 718
1 14 2
170 127
1 15 2
239 490
1 14 2
485 790
1 13 2
624 525
1 3 2
535 523
1 15 2
287 99
1 9 2
5 472
1 13 2
464 551
1 6 2
15 86
1 3 2
506 339
1 7 2
648 576
1 8 2
13 598
1 5 2
367 59
1 12 2
661 782
1 14 2
299 202
1 6 2
425 404
1 11 2
678 72
1 13 2
641 135
1 5 2
275 753
1 3 2
699 405
1 8 2
292 776
1 7 2
36 682
1 12 2
256 788
1 11 2
265 266
1 2 2
301 369
1 7 2
495 679
1 2 2
634 400
1 6 2
69 58
1 15 2
278 392
1 8 2
639 78
1 13 2
563 661
1 10 2
201 47
1 8 2
285 540
1 10 2
325 405
1 9 2
20 361
1 2 2
324 451
1 2 2
348 338
1 6 2
788 518
1 10 2
718 50
1 8 2
620 302
1 15 2
483 59
1 9 2
718 667
1 9 2
295 612
1 13 2
211 139
1 12 2
260 790
1 10 2
141 192
1 15 2
106 592
1 15 2
512 612
1 11 2
122 580
1 11 2
187 440
1 14 2
542 356
1 14 2
422 210
1 13 2
730 588
1 4 2
651 55
1 8 2
419 588
1 15 2
436 451
1 11 2
207 505
1 3 2
786 103
1 10 2
697 366
1 13 2
468 151
1 4 2
129 363
1 8 2
84 679
1 11 2
228 314
1 5 2
619 611
1 11 2
595 203
1 7 2
149 654
1 10 2
78 47
1 9 2
162 17
1 14 2
138 512
1 9 2
218 147
1 11 2
257 709
1 12 2
313 662
1 7 2
163 496
1 9 2
761 441
1 6 2
496 508
1 12 2
161 446
1 4 2
93 293
1 2 2
487 509
1 9 2
770 484
1 5 2
466 431
1 5 2
246 184
1 10 2
567 91
1 11 2
336 450
1 14 2
198 638
1 9 2
437 61
1 10 2
253 482
1 2 2
386 173
1 7 2
715 44
1 5 2
440 192
1 10 2
180 286
1 12 2
221 505
1 11 2
453 22
1 4 2
666 434
1 14 2
540 649
1 3 2
749 124
1 7 2
128 208
1 7 2
701 321
1 3 2
679 762
1 11 2
600 534
1 7 2
203 418
1 8 2
468 642
1 11 2
646 531
1 7 2
295 773
1 12 2
587 342
1 2 2
311 160
1 14 2
63 754
1 10 2
441 412
1 2 2
181 618
1 8 2
101 500
1 4 2
106 618
1 12 2
160 359
1 5 2
490 714
1 5 2
666 197
1 3 2
677 596
1 7 2
460 755
1 7 2
649 553
1 15 2
418 140
1 13 2
722 31
1 9 2
522 301
1 14 2
130 723
1 3 2
149 734
1 14 2
169 724
1 14 2
157 140
1 8 2
706 7
1 13 2
622 603
1 8 2
602 213
1 10 2
222 441
1 11 2
765 668
1 11 2
333 556
1 12 2
173 326
1 9 2
338 717
1 3 2
747 273
1 15 2
74 329
1 7 2
348 463
1 13 2
709 694
1 5 2
708 502
1 7 2
788 273
1 7 2
510 432
1 2 2
245 223
1 10 2
334 523
1 2 2
79 616
1 3 2
194 430
1 7 2
418 135
1 9 2
383 728
1 5 2
777 308
1 4 2
714 226
1 2 2
457 701
1 5 2
231 543
1 12 2
562 188
1 3 2
330 650
1 5 2
549 634
1 10 2
273 105
1 7 2
159 314
1 7 2
778 387
1 12 2
277 477
1 8 2
675 225
1 12 2
27 283
1 11 2
720 405
1 12 2
754 799
1 3 2
492 268
1 11 2
396 359
1 8 2
756 523
1 7 2
517 472
1 5 2
738 121
1 10 2
95 120
1 9 2
777 205
1 15 2
668 670
1 4 2
549 756
1 15 2
336 560
1 8 2
595 681
1 3 2
696 598
1 6 2
133 639
1 6 2
54 727
1 3 2
651 647
1 9 2
438 73
1 12 2
162 54
1 8 2
465 240
1 3 2
172 572
1 5 2
20 196
1 4 2
688 703
1 14 2
456 328
1 4 2
95 338
1 13 2
710 29
1 8 2
657 639
1 4 2
383 575
1 14 2
159 374
1 2 2
123 662
1 3 2
67 330
1 9 2
8 718
1 12 2
657 322
1 5 2
521 502
1 5 2
362 777
1 13 2
580 332
1 7 2
452 182
1 9 2
93 439
1 10 2
26 387
1 15 2
457 278
1 10 2
674 56
1 10 2
167 682
1 2 2
52 302
1 3 2
588 80
1 8 2
142 149
1 10 2
779 97
1 11 2
351 602
1 10 2
7 645
1 8 2
352 416
1 2 2
114 276
1 11 2
747 19
1 13 2
768 698
1 13 2
53 655
1 6 2
711 556
1 12 2
113 87
1 4 2
318 96
1 12 2
335 652
1 8 2
297 271
1 10 2
697 258
1 4 2
758 568
1 10 2
404 200
1 4 2
743 472
1 3 2
28 547
1 9 2
88 151
1 5 2
514 197
1 10 2
273 706
1 15 2
601 676
1 8 2
80 685
1 9 2
642 267
1 6 2
716 595
1 3 2
260 413
1 15 2
576 425
1 10 2
349 368
1 8 2
13 422
1 2 2
225 297
1 6 2
527 799
1 7 2
243 17
1 10 2
101 285
1 8 2
292 478
1 3 2
447 19
1 10 2
90 501
1 12 2
690 695
1 3 2
648 593
1 3 2
623 755
1 9 2
119 80
1 12 2
661 231
1 15 2
59 672
1 9 2
44 159
1 12 2
384 704
1 4 2
670 53
1 15 2
780 539
1 2 2
748 488
1 12 2
110 76
1 13 2
579 70
1 3 2
457 442
1 14 2
446 20
1 2 2
590 776
1 3 2
749 644
1 6 2
50 764
1 2 2
704 616
1 2 2
379 670
1 13 2
695 294
1 13 2
606 477
1 9 2
700 396
1 11 2
677 304
1 14 2
612 572
1 14 2
649 89
1 8 2
77 169
1 15 2
373 394
1 7 2
309 373
1 14 2
115 42
1 10 2
624 348
1 14 2
532 692
1 6 2
631 409
1 2 2
797 579
1 4 2
110 683
1 10 2
56 471
1 13 2
736 559
1 6 2
434 267
1 3 2
473 226
1 10 2
100 252
1 8 2
653 212
1 8 2
510 104
1 11 2
561 54
1 12 2
761 790
1 6 2
345 746
1 3 2
46 403
1 11 2
136 601
1 15 2
577 162
1 2 2
186 199
1 2 2
638 767
1 2 2
495 508
1 8 2
250 492
1 2 2
522 277
1 7 2
229 478
1 8 2
656 645
1 7 2
44 376
1 3 2
761 693
1 12 2
649 74
1 5 2
513 255
1 2 2
564 142
1 5 2
706 453
1 14 2
53 565
1 9 2
305 509
1 3 2
363 758
1 4 2
458 493
1 13 2
141 391
1 11 2
717 237
1 14 2
176 348
1 15 2
648 310
1 9 2
763 140
1 3 2
672 519
1 12 2
771 714
1 11 2
535 32
1 12 2
385 198
1 12 2
521 783
1 6 2
171 339
1 10 2
436 478
1 9 2
239 112
1 14 2
775 721
1 12 2
222 458
1 10 2
20 240
1 11 2
421 699
1 3 2
25 19
1 14 2
394 92
1 13 2
560 343
1 15 2
685 371
1 13 2
23 706
1 13 2
26 386
1 8 2
397 204
1 8 2
460 132
1 6 2
530 720
1 6 2
524 380
1 9 2
476 390
1 11 2
373 415
1 11 2
440 310
1 7 2
486 424
1 8 2
450 560
1 12 2
392 671
1 11 2
124 369
1 9 2
9 185
1 12 2
758 123
1 7 2
260 111
1 15 2
312 106
1 4 2
165 516
1 9 2
173 161
1 2 2
523 282
1 4 2
656 272
1 7 2
712 93
1 5 2
417 543
1 3 2
422 429
1 3 2
539 218
1 2 2
620 165
1 15 2
397 203
1 11 2
477 471
1 11 2
191 750
1 14 2
664 132
1 11 2
220 517
1 8 2
583 575
1 4 2
537 684
1 9 2
448 791
1 6 2
612 410
1 2 2
216 574
1 11 2
148 595
1 10 2
148 50
1 8 2
259 67
1 10 2
680 779
1 11 2
186 104
1 4 2
396 210
1 11 2
141 421
1 8 2
398 765
1 12 2
581 616
1 12 2
624 618
1 9 2
31 558
1 5 2
135 112
1 12 2
367 421
1 13 2
687 214
1 4 2
655 748
1 3 2
424 787
1 8 2
195 306
1 5 2
694 388
1 5 2
452 694
1 5 2
470 405
1 8 2
658 729
1 6 2
187 290
1 7 2
193 726
1 13 2
21 275
1 9 2
710 17
1 5 2
790 134
1 3 2
252 682
1 10 2
625 54
1 4 2
649 541
1 12 2
316 182
1 9 2
373 737
1 4 2
403 323
1 3 2
161 455
1 14 2
567 335
1 13 2
434 385
1 13 2
327 92
1 4 2
200 135
1 8 2
763 540
1 8 2
413 523
1 6 2
372 393
1 10 2
223 340
1 7 2
94 534
1 5 2
457 202
1 2 2
766 36
1 11 2
88 279
1 14 2
714 235
1 7 2
294 706
1 13 2
621 172
1 5 2
557 544
1 12 2
73 300
1 9 2
761 224
1 6 2
447 456
1 5 2
484 695
1 2 2
275 266
1 8 2
428 740
1 8 2
736 222
1 2 2
701 511
1 13 2
778 92
1 9 2
290 376
1 4 2
57 386
1 9 2
423 360
1 8 2
613 792
1 8 2
658 264
1 10 2
154 482
1 14 2
574 201
1 15 2
402 303
1 11 2
574 422
1 10 2
30 396
1 15 2
137 100
1 7 2
725 32
1 9 2
37 10
1 6 2
693 148
1 11 2
729 565
1 11 2
324 486
1 5 2
474 747
1 10 2
43 91
1 6 2
638 60
1 4 2
86 84
1 4 2
184 95
1 3 2
242 363
1 3 2
333 564
1 6 2
157 149
1 8 2
690 59
1 6 2
617 246
1 6 2
89 607
1 4 2
751 297
1 9 2
78 715
1 6 2
488 325
1 4 2
395 243
1 12 2
470 169
1 3 2
734 758
1 6 2
399 87
1 4 2
479 273
1 14 2
392 565
1 2 2
762 676
1 12 2
295 486
1 7 2
585 485
1 11 2
3 338
1 4 2
92 655
1 7 2
589 615
1 14 2
705 481
1 10 2
341 149
1 2 2
668 698
1 9 2
458 472
1 8 2
789 323
1 3 2
420 635
1 10 2
425 676
1 4 2
65 562
1 7 2
343 414
1 15 2
475 193
1 11 2
716 562
1 8 2
664 526
1 15 2
692 303
1 13 2
127 251
1 7 2
272 611
1 13 2
268 352
1 8 2
150 173
1 6 2
447 313
1 6 2
470 412
1 5 2
704 249
1 15 2
203 98
1 15 2
445 320
1 8 2
391 346
1 14 2
45 674
1 7 2
479 253
1 3 2
607 527
1 9 2
163 718
1 9 2
149 281
1 5 2
516 698
1 6 2
82 614
1 9 2
780 492
1 7 2
574 103
1 10 2
365 692
1 15 2
332 753
1 12 2
274 612
1 6 2
149 373
1 5 2
676 74
1 4 2
64 107
1 6 2
242 246
1 9 2
14 263
1 6 2
719 177
1 14 2
472 716
1 3 2
69 105
1 14 2
134 343
1 5 2
60 464
1 13 2
173 417
1 15 2
715 223
1 14 2
791 471
1 14 2
247 285
1 4 2
677 691
1 9 2
388 191
1 13 2
740 692
1 13 2
75 694
1 14 2
729 93
1 15 2
381 108
1 7 2
446 379
1 4 2
778 761
1 6 2
596 426
1 12 2
274 278
1 11 2
382 426
1 8 2
86 483
1 13 2
539 500
1 2 2
371 536
1 15 2
612 663
1 13 2
745 387
1 5 2
412 109
1 2 2
344 142
1 15 2
666 153
1 8 2
218 375
1 14 2
161 585
1 12 2
777 100
1 6 2
202 796
1 8 2
654 579
1 3 2
138 608
1 14 2
505 259
1 3 2
605 107
1 5 2
74 157
1 9 2
541 346
1 6 2
376 61
1 9 2
518 676
1 8 2
600 476
1 15 2
776 692
1 12 2
533 445
1 8 2
87 547
1 2 2
568 214
1 4 2
404 622
1 2 2
186 200
1 8 2
372 354
1 5 2
312 340
1 11 2
717 46
1 14 2
520 202
1 3 2
93 422
1 5 2
26 746
1 9 2
766 643
1 4 2
273 122
1 3 2
29 78
1 6 2
212 598
1 13 2
208 97
1 12 2
456 117
1 3 2
612 74
1 3 2
438 767
1 4 2
776 370
1 4 2
420 557
1 7 2
495 762
1 9 2
180 593
1 4 2
666 561
1 12 2
396 734
1 9 2
692 395
1 4 2
240 633
1 4 2
486 513
1 5 2
48 598
1 2 2
237 103
1 12 2
106 291
1 12 2
472 313
1 5 2
333 91
1 14 2
639 564
1 11 2
323 229
1 5 2
571 168
1 10 2
163 616
1 15 2
494 347
1 11 2
547 766
1 4 2
156 367
1 11 2
28 494
1 7 2
297 241
1 15 2
475 713
1 3 2
229 66
1 8 2
10 460
1 7 2
645 462
1 9 2
702 217
1 2 2
762 144
1 3 2
706 242
1 14 2
375 75
1 9 2
116 682
1 11 2
29 111
1 4 2
748 411
1 2 2
453 670
1 13 2
489 325
1 15 2
783 469
1 10 2
564 624
1 4 2
753 297
1 8 2
520 314
1 6 2
529 299
1 13 2
303 150
1 9 2
710 19
1 9 2
601 690
1 14 2
272 346
1 5 2
547 32
1 11 2
661 356
1 7 2
283 755
1 8 2
38 202
1 13 2
406 111
1 7 2
627 539
1 3 2
742 722
1 5 2
775 477
1 12 2
144 528
1 14 2
768 71
1 3 2
63 278
1 5 2
719 764
1 2 2
126 635
1 3 2
249 97
1 13 2
506 443
1 10 2
222 784
1 15 2
159 286
1 7 2
670 93
1 8 2
703 692
1 4 2
460 514
1 9 2
545 228
1 7 2
205 693
1 4 2
169 447
1 15 2
63 222
1 12 2
472 701
1 6 2
703 75
1 4 2
545 393
1 3 2
628 1
1 8 2
290 230
1 2 2
292 198
1 7 2
572 733
1 6 2
588 690
1 11 2
477 179
1 2 2
490 210
1 15 2
577 788
1 9 2
306 695
1 15 2
526 471
1 12 2
259 616
1 3 2
736 118
1 14 2
518 236
1 15 2
20 244
1 11 2
35 26
1 15 2
691 603
1 2 2
361 493
1 11 2
201 721
1 11 2
621 89
1 13 2
560 295
1 3 2
767 63
1 6 2
784 272
1 15 2
152 667
1 13 2
341 553
1 8 2
743 334
1 15 2
466 741
1 15 2
774 218
1 3 2
579 582
1 11 2
428 758
1 10 2
136 176
1 13 2
589 187
1 6 2
673 320
1 15 2
527 142
1 11 2
703 265
1 13 2
502 756
1 6 2
707 750
1 8 2
78 655
1 8 2
245 161
1 8 2
750 639
1 6 2
56 95
1 5 2
239 159
1 12 2
64 246
1 13 2
27 144
1 7 2
222 198
1 11 2
148 489
1 11 2
121 659
1 3 2
300 412
1 7 2
781 526
1 5 2
15 388
1 4 2
251 718
1 8 2
182 716
1 7 2
34 794
1 8 2
315 130
1 7 2
493 267
1 8 2
594 398
1 7 2
555 307
1 5 2
286 159
1 8 2
428 98
1 10 2
751 306
1 3 2
744 407
1 12 2
634 241
1 11 2
220 531
1 5 2
690 537
1 4 2
535 741
1 3 2
133 66
1 6 2
79 368
1 9 2
38 29
1 5 2
499 657
1 10 2
466 689
1 15 2
251 349
1 14 2
441 438
1 9 2
37 552
1 11 2
496 143
1 6 2
546 498
1 5 2
24 437
1 3 2
761 572
1 2 2
484 727
1 14 2
426 435
1 15 2
736 340
1 13 2
596 31
1 12 2
442 745
1 2 2
717 650
1 13 2
402 330
1 13 2
182 147
1 5 2
776 153
1 4 2
347 250
1 14 2
586 295
1 9 2
568 423
1 8 2
449 28
1 5 2
746 781
1 3 2
406 177
1 3 2
646 4
1 11 2
10 87
1 8 2
779 387
1 5 2
376 467
1 8 2
71 629
1 5 2
784 422
1 7 2
260 569
1 7 2
505 203
1 3 2
320 341
1 15 2
137 181
1 14 2
354 258
1 8 2
154 417
1 14 2
164 786
1 9 2
123 648
1 8 2
220 688
1 11 2
107 170
1 6 2
754 368
1 14 2
283 757
1 5 2
113 94
1 11 2
611 352
1 2 2
346 799
1 10 2
210 13
1 7 2
630 147
1 8 2
738 439
1 15 2
670 671
1 8 2
120 727
1 15 2
726 0
1 6 2
462 775
1 6 2
353 696
1 13 2
761 698
1 7 2
622 518
1 11 2
532 112
1 3 2
707 529
1 5 2
780 456
1 15 2
41 562
1 15 2
122 635
1 11 2
43 161
1 3 2
60 283
1 9 2
390 619
1 5 2
102 176
1 2 2
583 21
1 14 2
408 144
1 2 2
109 316
1 8 2
98 180
1 10 2
16 520
1 2 2
190 187
1 8 2
708 105
1 3 2
336 319
1 10 2
11 137
1 9 2
95 2
1 11 2
151 99
1 7 2
774 283
1 11 2
253 423
1 9 2
331 412
1 5 2
276 17
1 13 2
389 237
1 7 2
268 621
1 13 2
429 206
1 12 2
269 736
1 8 2
160 197
1 2 2
21 574
1 5 2
99 496
1 3 2
766 388
1 11 2
612 10
1 15 2
232 750
1 12 2
140 343
1 9 2
343 334
1 15 2
260 751
1 10 2
304 196
1 8 2
488 611
1 8 2
124 774
1 10 2
215 736
1 12 2
332 406
1 15 2
344 128
1 3 2
235 169
1 6 2
39 245
1 14 2
541 443
1 2 2
167 263
1 14 2
179 30
1 5 2
495 111
1 5 2
641 537
1 6 2
392 12
1 13 2
501 249
1 3 2
378 369
1 9 2
496 755
1 14 2
163 25
1 2 2
685 379
1 14 2
260 129
1 6 2
488 531
1 12 2
0 683
1 4 2
112 549
1 12 2
512 389
1 4 2
178 558
1 7 2
553 302
1 9 2
766 225
1 11 2
224 694
1 12 2
120 150
1 8 2
223 278
1 11 2
746 108
1 3 2
248 586
1 3 2
58 116
1 12 2
0 465
1 2 2
661 779
1 7 2
53 490
1 14 2
232 724
1 2 2
374 335
1 14 2
699 470
1 13 2
697 660
1 10 2
68 577
1 13 2
651 699
1 14 2
410 570
1 5 2
528 627
1 5 2
33 688
1 3 2
600 264
1 15 2
29 24
1 10 2
135 101
1 5 2
545 275
1 13 2
144 55
1 3 2
636 129
1 4 2
18 12
1 2 2
650 621
1 15 2
744 48
1 15 2
745 764
1 14 2
720 383
1 13 2
138 81
1 7 2
84 240
1 7 2
378 181
1 7 2
788 688
1 7 2
304 370
1 9 2
427 5
1 14 2
538 449
1 4 2
660 306
1 6 2
470 205
1 2 2
527 109
1 2 2
748 678
1 8 2
89 661
1 5 2
222 408
1 5 2
598 189
1 5 2
273 80
1 6 2
585 84
1 15 2
17 516
1 7 2
390 360
1 4 2
613 82
1 6 2
465 664
1 15 2
6 524
1 7 2
766 785
1 2 2
109 356
1 14 2
511 375
1 4 2
358 425
1 5 2
462 697
1 9 2
172 636
1 10 2
505 688
1 12 2
72 146
1 12 2
347 498
1 9 2
388 619
1 7 2
238 166
1 2 2
448 221
1 6 2
211 595
1 15 2
391 561
1 4 2
584 547
1 12 2
365 220
1 4 2
432 360
1 2 2
1 616
1 15 2
541 398
1 9 2
670 281
1 15 2
362 267
1 14 2
781 588
1 10 2
23 411
1 3 2
694 455
1 14 2
563 11
1 11 2
674 41
1 3 2
761 729
1 4 2
280 368
1 2 2
154 659
1 13 2
182 748
1 8 2
343 317
1 8 2
206 421
1 15 2
790 749
1 4 2
479 46
1 8 2
320 97
1 12 2
523 623
1 10 2
695 497
1 4 2
351 487
1 14 2
218 116
1 8 2
46 379
1 3 2
182 644
1 10 2
208 540
1 8 2
166 23
1 15 2
795 94
1 7 2
691 135
1 14 2
753 500
1 2 2
130 200
1 4 2
236 794
1 15 2
653 65
1 13 2
117 774
1 8 2
672 746
1 15 2
751 140
1 7 2
732 245
1 7 2
709 72
1 4 2
29 563
1 5 2
772 644
1 13 2
720 792
1 10 2
118 39
1 7 2
371 178
1 6 2
678 188
1 4 2
740 498
1 2 2
497 631
1 7 2
325 514
1 3 2
556 63
1 15 2
60 120
1 13 2
594 761
1 3 2
136 584
1 11 2
689 394
1 4 2
577 748
1 3 2
727 265
1 10 2
680 547
1 9 2
437 151
1 7 2
445 665
1 5 2
228 774
1 10 2
54 775
1 8 2
448 798
1 13 2
500 48
1 7 2
563 718
1 7 2
612 504
1 4 2
37 374
1 14 2
376 440
1 5 2
111 662
1 5 2
320 321
1 10 2
710 297
1 7 2
119 447
1 11 2
625 222
1 11 2
326 734
1 12 2
232 91
1 5 2
466 118
1 4 2
23 450
1 5 2
409 367
1 10 2
153 694
1 11 2
425 629
1 11 2
518 445
1 7 2
396 308
1 15 2
540 466
1 2 2
96 581
1 6 2
329 146
1 7 2
51 484
1 2 2
794 206
1 10 2
612 587
1 12 2
658 391
1 11 2
511 559
1 12 2
381 123
1 6 2
181 130
1 4 2
311 208
1 5 2
510 91
1 2 2
210 81
1 6 2
797 788
1 5 2
210 668
1 10 2
385 764
1 5 2
662 301
1 14 2
494 767
1 15 2
660 10
1 15 2
484 143
1 14 2
247 582
1 10 2
559 239
1 14 2
747 420
1 12 2
30 37
1 12 2
674 152
1 3 2
400 681
1 4 2
343 721
1 10 2
52 284
1 15 2
794 731
1 11 2
321 679
1 12 2
627 366
1 13 2
242 216
1 11 2
133 131
1 4 2
470 610
1 8 2
611 128
1 6 2
516 151
1 4 2
520 304
1 9 2
688 479
1 10 2
396 730
1 8 2
36 458
1 4 2
748 157
1 13 2
348 537
1 11 2
387 744
1 3 2
569 175
1 5 2
607 198
1 5 2
325 441
1 4 2
302 28
1 12 2
658 337
1 6 2
329 431
1 12 2
637 173
1 10 2
166 249
1 14 2
131 394
1 10 2
650 727
1 12 2
662 30
1 4 2
73 184
1 14 2
676 425
1 13 2
648 442
1 13 2
265 766
1 2 2
23 762
1 14 2
505 559
1 12 2
338 27
1 9 2
371 385
1 12 2
293 399
1 2 2
745 498
1 10 2
783 524
1 7 2
614 689
1 4 2
67 509
1 7 2
237 656
1 2 2
646 520
1 2 2
28 530
1 9 2
554 614
1 6 2
157 616
1 3 2
576 187
1 2 2
628 545
1 3 2
171 328
1 11 2
560 243
1 3 2
510 259
1 14 2
378 284
1 15 2
691 425
1 11 2
607 194
1 3 2
367 48
1 11 2
282 188
1 4 2
342 283
1 10 2
674 296
1 7 2
531 720
1 2 2
741 678
1 2 2
456 562
1 2 2
772 509
1 10 2
586 260
1 9 2
443 552
1 7 2
140 67
1 8 2
142 310
1 2 2
142 698
1 6 2
725 324
1 9 2
653 513
1 5 2
227 205
1 15 2
75 348
1 6 2
343 89
1 12 2
480 504
1 2 2
614 724
1 13 2
414 231
1 6 2
425 461
1 15 2
260 728
1 12 2
152 105
1 15 2
366 200
1 12 2
108 459
1 7 2
559 19
1 14 2
517 352
1 3 2
261 62
1 13 2
718 373
1 3 2
474 434
1 3 2
354 308
1 13 2
167 459
1 5 2
478 551
1 8 2
353 30
1 15 2
268 659
1 8 2
281 453
1 2 2
377 232
1 8 2
782 557
1 5 2
321 448
1 11 2
113 508
1 11 2
342 154
1 2 2
299 178
1 4 2
604 787
1 7 2
732 314
1 14 2
120 45
1 3 2
681 145
1 12 2
273 457
1 8 2
402 123
1 13 2
155 256
1 12 2
139 430
1 5 2
645 172
1 6 2
463 451
1 14 2
332 471
1 15 2
519 176
1 6 2
122 382
1 4 2
794 107
1 10 2
397 436
1 12 2
39 385
1 11 2
75 552
1 4 2
584 463
1 11 2
389 40
1 8 2
678 596
1 13 2
167 129
1 9 2
312 604
1 10 2
514 246
1 9 2
710 582
1 6 2
622 606
1 8 2
331 158
1 10 2
533 45
1 5 2
791 257
1 11 2
217 244
1 9 2
426 755
1 12 2
720 360
1 3 2
78 416
1 8 2
537 86
1 4 2
136 709
1 2 2
777 594
1 9 2
490 203
1 9 2
368 176
1 10 2
31 443
1 5 2
784 471
1 7 2
691 192
1 6 2
67 58
1 13 2
642 668
1 12 2
544 80
1 13 2
709 64
1 5 2
370 791
1 3 2
102 62
1 5 2
388 779
1 12 2
502 711
1 13 2
76 728
1 9 2
320 251
1 3 2
204 66
1 12 2
359 534
1 4 2
373 329
1 6 2
372 44
1 10 2
84 118
1 12 2
312 95
1 8 2
7 197
1 14 2
258 405
1 3 2
532 349
1 9 2
458 358
1 11 2
218 428
1 8 2
583 533
1 11 2
203 80
1 6 2
36 203
1 4 2
541 615
1 15 2
171 163
1 5 2
503 531
1 13 2
110 747
1 14 2
437 462
1 10 2
448 233
1 11 2
457 418
1 6 2
353 233
1 14 2
621 668
1 3 2
468 327
1 10 2
748 232
1 9 2
69 711
1 7 2
527 125
1 13 2
52 128
1 10 2
396 357
1 10 2
260 654
1 2 2
423 237
1 11 2
317 692
1 7 2
328 688
1 5 2
37 475
1 7 2
92 46
1 3 2
539 300
1 2 2
231 205
1 13 2
597 381
1 13 2
309 260
1 13 2
117 382
1 2 2
548 296
1 5 2
375 668
1 14 2
496 104
1 8 2
656 677
1 15 2
424 221
1 7 2
85 13
1 10 2
482 433
1 14 2
534 334
1 13 2
324 330
1 13 2
645 783
1 5 2
379 416
1 6 2
475 720
1 6 2
205 667
1 12 2
363 383
1 4 2
297 316
1 11 2
117 207
1 11 2
447 584
1 12 2
619 124
1 11 2
729 48
1 9 2
720 482
1 9 2
593 382
1 14 2
392 300
1 8 2
518 358
1 2 2
323 216
1 12 2
165 587
1 9 2
666 600
1 3 2
643 301
1 6 2
1 228
1 3 2
64 649
1 3 2
470 720
1 11 2
372 49
1 7 2
754 242
1 7 2
648 105
1 2 2
142 608
1 12 2
472 450
1 15 2
632 372
1 11 2
145 63
1 15 2
688 338
1 4 2
23 275
1 11 2
750 794
1 2 2
32 84
1 3 2
54 528
1 10 2
767 765
1 12 2
715 541
1 9 2
469 550
1 4 2
622 95
1 2 2
388 492
1 9 2
650 383
1 8 2
569 131
1 8 2
750 531
1 12 2
18 89
1 7 2
704 743
1 7 2
622 417
1 3 2
127 604
1 3 2
169 192
1 14 2
723 695
1 8 2
601 425
1 10 2
485 25
1 13 2
21 221
1 2 2
9 722
1 11 2
136 485
1 15 2
72 795
1 3 2
65 121
1 4 2
341 747
1 8 2
226 19
1 4 2
223 84
1 2 2
171 732
1 11 2
620 747
1 6 2
41 108
1 13 2
684 582
1 7 2
434 389
1 9 2
562 792
1 15 2
283 31
1 2 2
220 147
1 5 2
581 77
1 8 2
506 417
1 14 2
277 676
1 15 2
145 242
1 8 2
336 422
1 2 2
755 777
1 14 2
460 189
1 9 2
87 417
1 15 2
464 782
1 14 2
73 102
1 10 2
208 550
1 13 2
391 270
1 5 2
396 596
1 15 2
451 51
1 10 2
113 105
1 14 2
677 183
1 2 2
586 315
1 2 2
735 108
1 8 2
359 110
1 9 2
126 374
1 8 2
43 782
1 7 2
426 330
1 14 2
241 628
1 11 2
167 15
1 5 2
799 527
1 7 2
763 759
1 7 2
153 477
1 9 2
689 778
1 6 2
383 531
1 4 2
591 754
1 7 2
258 107
1 2 2
291 281
1 15 2
97 511
1 12 2
458 571
1 7 2
541 543
1 10 2
533 556
1 3 2
303 116
1 3 2
686 760
1 7 2
647 451
1 2 2
377 421
1 5 2
242 573
1 11 2
252 781
1 4 2
795 219
1 8 2
704 96
1 11 2
793 382
1 5 2
542 393
1 4 2
631 756
1 15 2
131 16
1 13 2
623 240
1 15 2
352 196
1 7 2
10 158
1 14 2
430 558
1 8 2
486 599
1 11 2
764 565
1 12 2
315 84
1 6 2
779 17
1 13 2
794 666
1 9 2
52 46
1 8 2
654 499
1 11 2
174 346
1 14 2
200 645
1 15 2
736 201
1 7 2
406 221
1 3 2
275 335
1 12 2
335 245
1 10 2
62 791
1 15 2
501 709
1 10 2
229 669
1 14 2
161 369
1 12 2
300 617
1 9 2
417 124
1 14 2
465 201
1 6 2
570 423
1 11 2
536 691
1 5 2
630 494
1 6 2
291 701
1 7 2
126 736
1 7 2
746 268
1 3 2
744 100
1 2 2
586 737
1 13 2
165 764
1 2 2
706 205
1 10 2
461 560
1 14 2
283 167
1 7 2
790 577
1 11 2
496 230
1 7 2
732 403
1 13 2
267 101
1 4 2
592 595
1 3 2
319 113
1 13 2
409 642
1 5 2
480 177
1 5 2
479 635
1 4 2
599 341
1 11 2
775 196
1 8 2
409 385
1 7 2
190 253
1 13 2
116 293
1 4 2
361 602
1 10 2
304 423
1 14 2
549 210
1 6 2
705 612
1 11 2
334 158
1 13 2
374 94
1 6 2
73 600
1 14 2
488 431
1 3 2
83 711
1 11 2
703 308
1 6 2
624 564
1 7 2
10 92
1 12 2
600 150
1 12 2
19 216
1 4 2
503 151
1 14 2
0 91
1 9 2
738 773
1 9 2
785 244
1 14 2
165 755
1 6 2
390 324
1 7 2
566 202
1 9 2
793 587
1 13 2
487 435
1 7 2
333 534
1 15 2
477 742
1 12 2
213 174
1 13 2
281 229
1 14 2
88 134
1 4 2
632 518
1 15 2
132 272
1 12 2
605 287
1 10 2
223 649
1 2 2
290 173
1 14 2
592 581
1 8 2
660 13
1 15 2
306 414
1 12 2
187 12
1 14 2
300 108
1 7 2
461 72
1 2 2
597 27
1 4 2
556 299
1 8 2
691 133
1 6 2
444 134
1 7 2
583 290
1 11 2
529 136
1 7 2
592 326
1 11 2
176 342
1 4 2
536 557
1 7 2
213 45
1 11 2
783 294
1 5 2
299 229
1 12 2
228 262
1 5 2
462 445
1 9 2
676 742
1 15 2
482 261
1 2 2
218 2
1 10 2
765 540
1 8 2
62 407
1 12 2
52 491
1 9 2
133 166
1 10 2
573 61
1 5 2
496 414
1 7 2
437 387
1 5 2
388 632
1 15 2
261 776
1 4 2
362 195
1 2 2
390 215
1 15 2
291 110
1 4 2
402 145
1 12 2
582 647
1 13 2
47 89
1 8 2
479 221
1 4 2
367 562
1 5 2
611 209
1 9 2
714 171
1 11 2
160 210
1 5 2
263 751
1 7 2
794 263
1 2 2
510 101
1 7 2
56 454
1 4 2
433 773
1 13 2
361 7
1 12 2
204 425
1 13 2
379 742
1 6 2
586 200
1 8 2
604 149
1 12 2
657 385
1 15 2
26 714
1 4 2
475 608
1 14 2
715 262
1 13 2
690 89
1 11 2
196 58
1 6 2
544 493
1 3 2
225 364
1 9 2
433 37
1 6 2
688 220
1 5 2
249 630
1 9 2
79 352
1 6 2
449 312
1 12 2
82 527
1 9 2
648 567
1 10 2
238 62
1 14 2
744 636
1 15 2
639 628
1 7 2
377 747
1 8 2
223 99
1 15 2
304 636
1 10 2
472 10
1 9 2
440 63
1 15 2
563 465
1 14 2
549 699
1 6 2
141 418
1 4 2
282 798
1 4 2
165 551
1 15 2
97 4
1 7 2
257 641
1 2 2
239 792
1 10 2
121 32
1 10 2
150 749
1 14 2
698 103
1 5 2
664 372
1 5 2
509 583
1 14 2
58 276
1 7 2
155 513
1 15 2
451 466
1 12 2
47 475
1 9 2
521 124
1 15 2
446 609
1 12 2
348 726
1 8 2
328 256
1 2 2
50 642
1 4 2
596 670
1 2 2
290 58
1 14 2
363 682
1 4 2
472 132
1 10 2
23 771
1 5 2
161 195
1 15 2
250 667
1 13 2
770 528
1 8 2
18 593
1 5 2
123 78
1 12 2
224 785
1 10 2
662 193
1 7 2
108 728
1 15 2
550 397
1 14 2
210 593
1 13 2
61 579
1 13 2
441 517
1 11 2
38 588
1 4 2
461 745
1 3 2
340 461
1 3 2
150 652
1 4 2
165 554
1 10 2
678 756
1 7 2
479 663
1 12 2
546 643
1 7 2
525 471
1 8 2
170 411
1 15 2
615 273
1 8 2
157 68
1 9 2
488 451
1 3 2
29 59
1 9 2
201 367
1 6 2
501 149
1 13 2
277 454
1 11 2
271 180
1 6 2
719 518
1 12 2
491 464
1 15 2
598 586
1 13 2
350 362
1 4 2
737 707
1 15 2
465 772
1 11 2
582 322
1 9 2
195 208
1 7 2
705 215
1 14 2
155 745
1 13 2
63 637
1 8 2
558 661
1 8 2
33 536
1 9 2
624 776
1 12 2
80 563
1 4 2
526 493
1 13 2
700 317
1 8 2
353 622
1 14 2
38 789
1 6 2
698 344
1 7 2
406 433
1 12 2
536 661
1 9 2
749 772
1 6 2
456 531
1 2 2
440 559
1 8 2
226 177
1 9 2
704 623
1 11 2
577 671
1 14 2
228 213
1 4 2
350 39
1 9 2
437 37
1 2 2
176 470
1 2 2
237 67
1 8 2
320 91
1 13 2
539 579
1 8 2
365 604
1 14 2
267 738
1 2 2
636 353
1 9 2
93 164
1 2 2
460 567
1 7 2
25 253
1 7 2
646 375
1 2 2
654 493
1 2 2
735 684
1 9 2
652 257
1 11 2
284 511
1 4 2
124 399
1 11 2
364 518
1 3 2
381 372
1 12 2
609 465
1 13 2
325 457
1 14 2
737 274
1 4 2
66 730
1 7 2
480 561
1 10 2
82 563
1 6 2
543 465
1 8 2
715 479
1 12 2
223 746
1 6 2
217 39
1 8 2
670 132
1 8 2
472 650
1 13 2
755 43
1 7 2
78 327
1 6 2
80 236
1 2 2
511 218
1 14 2
10 751
1 12 2
564 476
1 5 2
679 128
1 4 2
712 319
1 3 2
592 372
1 9 2
243 415
1 3 2
277 773
1 4 2
152 48
1 7 2
234 724
1 7 2
681 164
1 2 2
544 499
1 3 2
797 169
1 9 2
469 355
1 11 2
273 436
1 12 2
467 207
1 6 2
39 390
1 6 2
566 138
1 13 2
474 314
1 10 2
270 648
1 15 2
296 599
1 7 2
459 172
1 8 2
760 403
1 13 2
676 445
1 9 2
151 306
1 12 2
408 514
1 14 2
601 762
1 12 2
223 691
1 13 2
666 652
1 11 2
416 713
1 7 2
71 20
1 4 2
717 754
1 3 2
386 795
1 2 2
0 515
1 4 2
428 469
1 10 2
326 260
1 12 2
664 473
1 12 2
5 277
1 5 2
582 593
1 8 2
779 229
1 7 2
459 584
1 15 2
34 458
1 6 2
83 41
1 3 2
610 426
1 14 2
534 768
1 12 2
774 138
1 2 2
599 674
1 14 2
674 423
1 2 2
536 471
1 4 2
644 679
1 11 2
233 269
1 12 2
259 530
1 9 2
411 135
1 11 2
184 583
1 15 2
139 249
1 9 2
352 415
1 7 2
336 732
1 6 2
489 253
1 15 2
372 7
1 4 2
9 208
1 14 2
40 733
1 15 2
683 583
1 10 2
576 496
1 5 2
380 392
1 9 2
730 684
1 9 2
71 475
1 9 2
228 385
1 3 2
373 648
1 14 2
334 146
1 2 2
67 352
1 13 2
222 659
1 10 2
31 131
1 12 2
785 720
1 3 2
595 614
1 15 2
672 270
1 5 2
772 741
1 5 2
272 379
1 7 2
580 507
1 13 2
185 11
1 2 2
794 78
1 3 2
236 261
1 12 2
26 600
1 9 2
163 614
1 6 2
642 701
1 3 2
603 463
1 8 2
179 667
1 15 2
409 614
1 9 2
511 178
1 8 2
309 728
1 8 2
691 197
1 12 2
167 77
1 6 2
682 313
1 11 2
91 533
1 5 2
279 321
1 9 2
198 213
1 2 2
191 224
1 2 2
662 628
1 8 2
612 580
1 14 2
291 328
1 6 2
130 684
1 10 2
631 225
1 2 2
619 701
1 15 2
797 706
1 9 2
97 90
1 14 2
226 427
1 2 2
675 402
1 5 2
322 469
1 12 2
576 118
1 6 2
429 325
1 11 2
738 120
1 13 2
781 519
1 15 2
300 306
1 9 2
507 343
1 2 2
637 244
1 8 2
234 367
1 11 2
218 185
1 14 2
587 741
1 9 2
708 456
1 5 2
747 141
1 3 2
55 513
1 5 2
118 722
1 8 2
195 558
1 3 2
235 466
1 2 2
167 46
1 12 2
492 748
1 2 2
344 416
1 13 2
553 747
1 11 2
497 551
1 13 2
690 67
1 12 2
271 297
1 11 2
431 193
1 7 2
506 660
1 7 2
15 265
1 12 2
677 771
1 5 2
259 622
1 12 2
465 369
1 13 2
784 241
1 9 2
464 689
1 4 2
577 631
1 7 2
619 285
1 13 2
739 768
1 3 2
518 793
1 6 2
399 667
1 10 2
366 326
1 8 2
17 749
1 15 2
688 667
1 6 2
630 709
1 4 2
69 464
1 9 2
395 46
1 12 2
505 6
1 12 2
452 173
1 15 2
39 116
1 11 2
349 788
1 6 2
212 315
1 8 2
429 359
1 2 2
545 175
1 11 2
283 618
1 7 2
374 570
1 11 2
43 661
1 12 2
287 533
1 6 2
28 22
1 12 2
303 235
1 14 2
451 567
1 8 2
9 410
1 13 2
158 782
1 5 2
629 681
1 6 2
53 508
1 11 2
367 124
1 12 2
125 762
1 11 2
241 127
1 13 2
407 58
1 11 2
589 211
1 4 2
753 139
1 8 2
514 735
1 13 2
679 25
1 14 2
522 736
1 12 2
46 668
1 13 2
271 432
1 9 2
218 170
1 3 2
462 441
1 11 2
54 553
1 6 2
461 254
1 3 2
772 391
1 14 2
358 79
1 7 2
69 630
1 12 2
63 73
1 13 2
798 70
1 8 2
603 748
1 2 2
395 191
1 13 2
264 545
1 4 2
199 664
1 3 2
108 715
1 15 2
156 254
1 8 2
328 624
1 14 2
367 280
1 14 2
370 171
1 12 2
443 122
1 12 2
297 704
1 2 2
1 713
1 5 2
478 687
1 12 2
170 98
1 3 2
1 486
1 5 2
378 202
1 12 2
533 527
1 4 2
149 477
1 8 2
377 788
1 14 2
312 751
1 11 2
710 774
1 13 2
247 368
1 5 2
685 592
1 4 2
326 420
1 5 2
398 275
1 9 2
22 695
1 7 2
739 457
1 4 2
472 136
1 6 2
12 527
1 2 2
321 157
1 15 2
453 208
1 6 2
18 589
1 12 2
550 532
1 2 2
776 417
1 15 2
426 648
1 5 2
384 350
1 5 2
59 326
1 15 2
457 226
1 12 2
797 228
1 7 2
171 770
1 7 2
284 313
1 9 2
683 627
1 6 2
375 750
1 8 2
787 652
1 12 2
592 347
1 11 2
154 286
1 6 2
173 328
1 3 2
460 118
1 7 2
784 124
1 11 2
746 449
1 7 2
620 450
1 3 2
143 367
1 15 2
135 721
1 6 2
48 39
1 9 2
705 248
1 2 2
38 26
1 3 2
40 232
1 2 2
519 211
1 4 2
791 590
1 13 2
672 786
1 11 2
418 400
1 12 2
464 649
1 5 2
332 532
1 2 2
31 474
1 5 2
793 513
1 5 2
712 561
1 6 2
324 728
1 10 2
69 42
1 13 2
524 407
1 9 2
43 103
1 5 2
16 363
1 2 2
215 716
1 15 2
619 196
1 3 2
643 585
1 13 2
364 122
1 2 2
303 520
1 15 2
528 721
1 15 2
114 477
1 10 2
179 181
1 6 2
413 628
1 4 2
315 465
1 11 2
641 609
1 11 2
681 79
1 12 2
188 727
1 7 2
124 480
1 9 2
23 109
1 13 2
606 567
1 12 2
328 604
1 3 2
378 346
1 11 2
548 365
1 5 2
133 375
1 15 2
623 142
1 7 2
74 357
1 10 2
547 273
1 3 2
653 589
1 6 2
559 359
1 11 2
694 358
1 6 2
757 496
1 11 2
529 485
1 13 2
269 97
1 6 2
268 654
1 7 2
29 249
1 3 2
151 280
1 6 2
507 677
1 14 2
24 689
1 14 2
387 133
1 11 2
496 72
1 5 2
151 107
1 4 2
592 139
1 7 2
794 690
1 12 2
294 511
1 2 2
575 653
1 9 2
124 284
1 12 2
582 711
1 3 2
699 711
1 7 2
545 722
1 10 2
522 694
1 3 2
555 292
1 8 2
286 655
1 13 2
280 728
1 9 2
738 388
1 3 2
166 84
1 15 2
383 304
1 6 2
791 210
1 4 2
234 537
1 14 2
613 684
1 9 2
410 113
1 4 2
409 270
1 13 2
234 665
1 15 2
665 132
1 3 2
245 634
1 15 2
534 224
1 9 2
613 181
1 13 2
351 466
1 6 2
693 534
1 13 2
568 329
1 5 2
701 350
1 9 2
418 245
1 6 2
456 20
1 13 2
610 311
1 6 2
30 337
1 14 2
108 387
1 4 2
673 316
1 13 2
161 128
1 15 2
116 709
1 5 2
124 538
1 4 2
171 33
1 8 2
648 796
1 9 2
127 480
1 11 2
370 520
1 6 2
752 590
1 3 2
233 169
1 10 2
468 713
1 11 2
782 360
1 9 2
627 294
1 4 2
370 186
1 8 2
526 424
1 3 2
100 504
1 3 2
269 346
1 9 2
495 706
1 9 2
262 546
1 3 2
240 321
1 12 2
141 99
1 3 2
513 294
1 11 2
40 774
1 13 2
379 574
1 11 2
5 570
1 8 2
20 161
1 7 2
601 510
1 7 2
680 726
1 14 2
722 348
1 5 2
326 654
1 6 2
755 109
1 13 2
426 684
1 4 2
277 239
1 14 2
644 114
1 8 2
5 38
1 9 2
639 355
1 3 2
283 432
1 8 2
120 209
1 15 2
727 764
1 5 2
175 748
1 15 2
529 167
1 10 2
405 99
1 7 2
664 636
1 6 2
673 191
1 8 2
75 151
1 2 2
605 517
1 3 2
141 277
1 5 2
512 79
1 13 2
585 533
1 14 2
502 309
1 14 2
632 387
1 11 2
331 744
1 7 2
631 766
1 7 2
455 637
1 10 2
751 401
1 10 2
271 238
1 9 2
129 102
1 7 2
383 282
1 15 2
524 459
1 4 2
329 227
1 6 2
350 473
1 3 2
791 742
1 15 2
722 72
1 10 2
581 144
1 6 2
639 467
1 4 2
704 589
1 4 2
446 562
1 9 2
543 98
1 8 2
532 318
1 11 2
100 654
1 9 2
700 132
1 12 2
779 49
1 8 2
655 378
1 10 2
6 471
1 9 2
54 48
1 13 2
475 736
1 15 2
712 127
1 9 2
625 684
1 12 2
523 530
1 8 2
80 38
1 12 2
649 278
1 5 2
486 170
1 3 2
283 766
1 13 2
312 324
1 6 2
164 562
1 6 2
683 469
1 12 2
554 741
1 15 2
528 244
1 11 2
396 608
1 13 2
722 26
1 12 2
626 635
1 11 2
104 76
1 12 2
47 54
1 3 2
185 111
1 3 2
46 720
1 10 2
570 701
1 6 2
589 620
1 3 2
651 473
1 12 2
495 157
1 4 2
12 346
1 6 2
117 659
1 4 2
237 524
1 15 2
113 545
1 8 2
486 206
1 3 2
94 474
1 14 2
218 68
1 8 2
745 291
1 11 2
526 126
1 15 2
501 263
1 12 2
466 485
1 7 2
382 650
1 14 2
695 629
1 5 2
300 23
1 6 2
626 445
1 5 2
590 257
1 3 2
208 460
1 7 2
456 299
1 14 2
64 348
1 12 2
694 713
1 7 2
639 613
1 2 2
190 292
1 15 2
194 412
1 15 2
672 526
1 10 2
337 774
1 3 2
472 487
1 14 2
578 97
1 8 2
346 541
1 12 2
593 1
1 11 2
740 637
1 7 2
213 34
1 4 2
226 374
1 14 2
505 301
1 11 2
711 723
1 11 2
400 788
1 5 2
291 87
1 4 2
770 736
1 13 2
767 620
1 2 2
87 429
1 4 2
700 20
1 14 2
776 612
1 4 2
81 632
1 13 2
586 212
1 3 2
574 79
1 11 2
301 452
1 13 2
288 41
1 15 2
526 97
1 9 2
318 52
1 10 2
184 147
1 8 2
24 784
1 5 2
745 449
1 12 2
682 21
1 14 2
83 399
1 7 2
554 396
1 13 2
715 71
1 11 2
320 84
1 3 2
646 99
1 3 2
436 535
1 7 2
26 46
1 8 2
639 155
1 5 2
335 205
1 8 2
628 637
1 15 2
523 620
1 8 2
170 329
1 5 2
274 573
1 14 2
747 134
1 3 2
294 480
1 2 2
453 349
1 11 2
452 243
1 3 2
522 203
1 4 2
746 233
1 13 2
116 283
1 7 2
543 463
1 6 2
213 248
1 3 2
284 103
1 15 2
314 181
1 10 2
604 345
1 12 2
516 649
1 2 2
181 305
1 6 2
379 345
1 9 2
628 579
1 9 2
613 566
1 9 2
403 507
1 10 2
34 352
1 3 2
33 105
1 15 2
346 125
1 15 2
170 225
1 13 2
412 754
1 13 2
23 792
1 9 2
42 393
1 7 2
237 656
1 3 2
794 560
1 3 2
102 731
1 3 2
430 363
1 10 2
795 425
1 3 2
524 52
1 8 2
721 71
1 14 2
795 211
1 11 2
591 778
1 10 2
189 754
1 10 2
473 399
1 15 2
591 409
1 8 2
733 181
1 9 2
231 750
1 9 2
279 541
1 7 2
385 719
1 4 2
668 88
1 15 2
367 375
1 10 2
702 706
1 10 2
530 672
1 7 2
67 204
1 3 2
435 430
1 9 2
523 757
1 12 2
659 178
1 13 2
235 364
1 12 2
791 489
1 13 2
378 81
1 8 2
766 771
1 5 2
518 519
1 10 2
118 145
1 6 2
769 180
1 8 2
348 649
1 6 2
647 456
1 5 2
501 267
1 11 2
674 188
1 14 2
456 101
1 14 2
631 29
1 3 2
29 166
1 15 2
520 363
1 15 2
321 682
1 3 2
538 480
1 12 2
324 461
1 6 2
622 351
1 14 2
182 656
1 15 2
336 634
1 10 2
396 671
1 2 2
788 499
1 14 2
521 436
1 14 2
245 722
1 12 2
602 310
1 6 2
438 333
1 12 2
187 591
1 15 2
745 123
1 9 2
759 152
1 14 2
739 193
1 10 2
194 519
1 11 2
616 661
1 8 2
20 744
1 4 2
258 574
1 12 2
27 205
1 6 2
459 363
1 7 2
308 702
1 7 2
464 102
1 12 2
723 560
1 10 2
293 345
1 6 2
336 732
1 11 2
84 471
1 3 2
620 106
1 8 2
573 312
1 6 2
587 164
1 5 2
217 753
1 13 2
454 96
1 4 2
779 92
1 6 2
642 191
1 9 2
668 214
1 15 2
480 164
1 4 2
84 747
1 11 2
180 368
1 10 2
235 659
1 10 2
534 470
1 4 2
460 22
1 6 2
91 548
1 15 2
51 536
1 4 2
117 380
1 12 2
18 25
1 4 2
392 172
1 2 2
301 721
1 14 2
201 651
1 6 2
217 58
1 9 2
499 530
1 13 2
40 323
1 12 2
587 741
1 2 2
36 395
1 10 2
305 121
1 7 2
381 682
1 10 2
590 435
1 2 2
618 638
1 8 2
112 188
1 11 2
99 164
1 7 2
390 789
1 9 2
164 168
1 9 2
638 650
1 9 2
380 743
1 7 2
374 343
1 14 2
414 98
1 7 2
170 481
1 10 2
395 99
1 6 2
229 354
1 12 2
626 591
1 2 2
296 137
1 2 2
745 186
1 3 2
334 161
1 6 2
327 26
1 4 2
102 715
1 2 2
529 81
1 4 2
399 581
1 8 2
50 287
1 12 2
731 433
1 12 2
790 158
1 5 2
367 256
1 14 2
13 711
1 10 2
338 155
1 10 2
342 489
1 7 2
52 333
1 6 2
155 60
1 6 2
714 742
1 13 2
780 639
1 7 2
646 744
1 10 2
584 226
1 10 2
166 746
1 13 2
229 495
1 2 2
371 529
1 14 2
9 394
1 5 2
740 263
1 12 2
260 231
1 6 2
340 13
1 7 2
365 326
1 15 2
713 690
1 2 2
414 297
1 4 2
222 703
1 6 2
781 650
1 2 2
237 158
1 14 2
267 314
1 2 2
473 445
1 4 2
439 178
1 15 2
184 65
1 15 2
745 369
1 6 2
596 264
1 14 2
654 274
1 10 2
578 55
1 14 2
45 1
1 9 2
122 242
1 8 2
204 643
1 5 2
64 195
1 13 2
463 189
1 12 2
493 544
1 13 2
295 759
1 5 2
667 309
1 14 2
776 2
1 13 2
593 719
1 9 2
472 342
1 4 2
325 741
1 4 2
306 276
1 5 2
246 258
1 3 2
564 591
1 15 2
78 643
1 8 2
411 634
1 13 2
238 661
1 7 2
554 356
1 5 2
689 446
1 2 2
403 721
1 10 2
622 438
1 8 2
710 209
1 14 2
671 604
1 8 2
798 535
1 11 2
789 17
1 10 2
342 610
1 4 2
151 784
1 14 2
123 600
1 6 2
167 491
1 8 2
512 250
1 14 2
647 272
1 12 2
297 67
1 8 2
178 443
1 12 2
222 685
1 15 2
563 660
1 8 2
466 52
1 12 2
100 454
1 14 2
52 572
1 7 2
595 591
1 5 2
405 207
1 9 2
215 110
1 9 2
435 249
1 8 2
770 579
1 5 2
339 165
1 4 2
541 87
1 3 2
120 153
1 5 2
591 585
1 7 2
238 768
1 2 2
659 653
1 11 2
355 221
1 6 2
41 46
1 11 2
90 89
1 2 2
70 408
1 2 2
132 384
1 7 2
286 382
1 7 2
5 790
1 6 2
198 152
1 11 2
67 101
1 13 2
245 543
1 11 2
453 548
1 15 2
95 770
1 2 2
448 515
1 3 2
247 583
1 14 2
337 334
1 3 2
711 52
1 11 2
609 334
1 13 2
504 549
1 2 2
749 614
1 6 2
359 538
1 9 2
265 610
1 15 2
534 524
1 9 2
607 482
1 12 2
303 55
1 14 2
257 371
1 4 2
772 400
1 11 2
193 607
1 8 2
233 161
1 14 2
464 415
1 15 2
98 533
1 3 2
275 18
1 7 2
724 47
1 11 2
432 117
1 9 2
286 185
1 2 2
19 743
1 7 2
189 549
1 5 2
31 26
1 8 2
126 28
1 15 2
475 142
1 2 2
442 284
1 13 2
259 421
1 3 2
174 123
1 12 2
74 185
1 9 2
551 410
1 7 2
593 31
1 3 2
531 350
1 13 2
749 736
1 5 2
322 0
1 7 2
316 557
1 4 2
395 259
1 12 2
752 111
1 6 2
393 492
1 15 2
551 102
1 14 2
265 422
1 13 2
764 565
1 2 2
394 128
1 4 2
519 362
1 2 2
325 520
1 5 2
224 618
1 9 2
272 7
1 7 2
356 510
1 2 2
427 649
1 2 2
181 157
1 15 2
751 31
1 3 2
235 560
1 5 2
220 343
1 14 2
19 149
1 9 2
515 232
1 3 2
601 752
1 14 2
109 377
1 12 2
217 91
1 12 2
364 188
1 7 2
101 406
1 8 2
214 300
1 13 2
594 457
1 14 2
775 737
1 13 2
478 685
1 5 2
102 417
1 9 2
351 582
1 15 2
318 361
1 11 2
523 727
1 5 2
475 706
1 4 2
424 497
1 7 2
455 77
1 9 2
276 157
1 6 2
470 179
1 11 2
777 85
1 13 2
743 585
1 7 2
534 49
1 4 2
441 276
1 6 2
70 139
1 8 2
481 476
1 15 2
350 258
1 13 2
625 141
1 3 2
739 402
1 9 2
555 757
1 6 2
395 662
1 11 2
224 452
1 15 2
52 214
1 10 2
471 316
1 4 2
62 357
1 7 2
353 88
1 12 2
752 547
1 11 2
275 728
1 10 2
755 718
1 13 2
768 465
1 13 2
578 549
1 6 2
183 229
1 3 2
666 12
1 2 2
240 4
1 2 2
1 439
1 11 2
642 139
1 5 2
198 728
1 15 2
479 5
1 14 2
723 654
1 12 2
590 30
1 3 2
649 96
1 4 2
296 593
1 3 2
765 784
1 5 2
507 92
1 6 2
502 259
1 3 2
11 605
1 14 2
546 151
1 10 2
245 731
1 15 2
58 434
1 9 2
0 386
1 4 2
235 136
1 6 2
167 720
1 5 2
66 757
1 6 2
706 532
1 13 2
334 349
1 6 2
139 44
1 8 2
260 305
1 9 2
527 491
1 3 2
430 599
1 3 2
734 545
1 14 2
50 383
1 8 2
605 579
1 2 2
229 76
1 12 2
511 439
1 14 2
393 300
1 8 2
102 298
1 10 2
412 599
1 8 2
420 336
1 8 2
193 197
1 12 2
86 335
1 9 2
623 354
1 3 2
525 198
1 10 2
339 113
1 6 2
552 108
1 13 2
21 474
1 5 2
507 683
1 3 2
78 451
1 2 2
214 517
1 12 2
502 5
1 9 2
143 407
1 13 2
111 422
1 8 2
195 591
1 15 2
60 641
1 11 2
284 112
1 3 2
359 212
1 15 2
126 123
1 9 2
428 16
1 5 2
447 71
1 8 2
218 528
1 2 2
571 783
1 13 2
80 184
1 11 2
198 158
1 9 2
54 283
1 7 2
186 583
1 13 2
176 646
1 7 2
516 623
1 8 2
363 478
1 7 2
188 624
1 9 2
169 505
1 4 2
787 113
1 5 2
89 310
1 8 2
468 745
1 4 2
296 526
1 11 2
496 627
1 14 2
771 631
1 5 2
771 459
1 15 2
799 685
1 2 2
59 185
1 11 2
390 301
1 4 2
784 26
1 3 2
407 215
1 6 2
248 524
1 12 2
296 364
1 7 2
386 105
1 11 2
377 207
1 3 2
652 330
1 15 2
307 696
1 6 2
545 147
1 11 2
391 509
1 3 2
89 76
1 9 2
2 64
1 7 2
336 457
1 4 2
661 605
1 4 2
623 382
1 15 2
113 712
1 12 2
200 725
1 12 2
33 785
1 6 2
759 252
1 14 2
590 648
1 7 2
759 658
1 10 2
455 621
1 10 2
797 671
1 5 2
367 206
1 8 2
440 140
1 9 2
23 470
1 14 2
320 98
1 8 2
702 572
1 4 2
308 275
1 11 2
173 755
1 14 2
413 702
1 2 2
644 166
1 8 2
617 277
1 7 2
415 531
1 14 2
606 666
1 9 2
764 162
1 6 2
457 487
1 3 2
577 349
1 14 2
582 376
1 5 2
203 122
1 3 2
24 340
1 3 2
729 595
1 13 2
63 173
1 10 2
646 256
1 11 2
279 156
1 8 2
494 583
1 11 2
14 441
1 5 2
287 281
1 3 2
320 772
1 5 2
146 468
1 13 2
258 528
1 13 2
190 347
1 3 2
293 686
1 11 2
195 316
1 9 2
377 164
1 6 2
27 275
1 10 2
218 326
1 10 2
743 164
1 12 2
700 123
1 12 2
770 280
1 11 2
578 42
1 2 2
294 795
1 8 2
602 769
1 4 2
241 703
1 15 2
685 662
1 14 2
293 180
1 13 2
546 751
1 6 2
429 252
1 2 2
218 225
1 4 2
684 191
1 6 2
517 58
1 14 2
336 652
1 9 2
232 391
1 10 2
656 338
1 12 2
375 305
1 2 2
285 404
1 7 2
324 737
1 11 2
521 92
1 7 2
93 129
1 3 2
126 482
1 9 2
123 786
1 13 2
374 566
1 14 2
791 502
1 3 2
154 296
1 12 2
138 234
1 13 2
154 680
1 14 2
746 60
1 7 2
625 124
1 11 2
122 450
1 15 2
166 345
1 3 2
154 610
1 9 2
587 71
1 8 2
718 733
1 4 2
399 537
1 4 2
95 474
1 9 2
506 97
1 13 2
377 292
1 14 2
682 732
1 9 2
484 62
1 13 2
654 51
1 6 2
89 106
1 7 2
315 607
1 10 2
464 254
1 11 2
767 257
1 3 2
294 796
1 15 2
75 697
1 8 2
722 316
1 11 2
783 491
1 10 2
466 247
1 11 2
207 176
1 11 2
43 297
1 6 2
388 282
1 13 2
217 308
1 3 2
647 442
1 9 2
695 64
1 11 2
772 183
1 12 2
140 35
1 12 2
272 328
1 8 2
774 513
1 6 2
580 722
1 5 2
73 220
1 4 2
261 533
1 8 2
540 37
1 12 2
666 718
1 5 2
294 792
1 4 2
120 655
1 9 2
414 563
1 4 2
177 718
1 10 2
79 81
1 2 2
204 339
1 7 2
195 437
1 5 2
574 58
1 10 2
454 556
1 6 2
159 603
1 11 2
433 230
1 13 2
42 535
1 14 2
62 196
1 13 2
409 237
1 2 2
236 462
1 13 2
781 651
1 10 2
700 712
1 11 2
451 251
1 4 2
712 498
1 14 2
759 655
1 3 2
144 353
1 2 2
92 565
1 12 2
264 743
1 3 2
255 0
1 13 2
556 685
1 10 2
215 310
1 14 2
138 33
1 9 2
414 641
1 8 2
81 147
1 9 2
353 787
1 6 2
417 604
1 15 2
436 749
1 6 2
107 43
1 14 2
403 724
1 5 2
741 493
1 10 2
465 732
1 4 2
121 414
1 7 2
214 712
1 3 2
397 382
1 10 2
733 508
1 14 2
370 727
1 13 2
241 335
1 4 2
715 562
1 8 2
250 153
1 9 2
106 762
1 3 2
392 776
1 12 2
487 765
1 13 2
316 632
1 11 2
304 500
1 2 2
331 638
1 7 2
694 514
1 6 2
592 723
1 3 2
793 706
1 9 2
55 97
1 10 2
778 131
1 10 2
392 785
1 14 2
680 523
1 7 2
435 242
1 4 2
399 256
1 5 2
137 333
1 10 2
474 56
1 15 2
796 408
1 7 2
434 510
1 2 2
172 90
1 13 2
292 477
1 12 2
405 414
1 14 2
198 518
1 15 2
265 769
1 7 2
360 591
1 4 2
401 243
1 14 2
452 32
1 6 2
513 551
1 2 2
603 410
1 14 2
750 293
1 8 2
507 741
1 9 2
493 138
1 4 2
504 392
1 12 2
395 507
1 11 2
776 197
1 5 2
30 557
1 7 2
404 690
1 8 2
424 511
1 12 2
742 750
1 9 2
554 462
1 6 2
734 747
1 9 2
156 168
1 13 2
466 200
1 8 2
70 797
1 8 2
445 419
1 5 2
46 473
1 14 2
558 782
1 7 2
269 37
1 10 2
372 145
1 6 2
465 125
1 2 2
37 32
1 3 2
347 263
1 2 2
595 460
1 8 2
606 759
1 2 2
636 124
1 10 2
468 34
1 12 2
108 201
1 8 2
54 136
1 6 2
730 93
1 7 2
635 153
1 4 2
8 599
1 15 2
436 367
1 6 2
169 732
1 10 2
669 191
1 13 2
211 676
1 15 2
22 93
1 7 2
593 591
1 6 2
687 179
1 14 2
43 62
1 9 2
516 392
1 15 2
679 456
1 5 2
463 413
1 5 2
656 498
1 15 2
790 146
1 5 2
670 442
1 15 2
49 531
1 13 2
612 376
1 13 2
135 737
1 8 2
511 85
1 13 2
355 360
1 11 2
574 618
1 11 2
734 482
1 3 2
222 381
1 4 2
153 637
1 14 2
406 372
1 8 2
769 337
1 12 2
225 239
1 10 2
361 717
1 15 2
420 579
1 4 2
443 300
1 10 2
437 357
1 6 2
652 144
1 12 2
326 622
1 12 2
385 722
1 8 2
669 758
1 3 2
714 137
1 3 2
132 728
1 6 2
584 171
1 7 2
701 0
1 15 2
458 790
1 14 2
242 640
1 4 2
285 239
1 8 2
123 693
1 4 2
575 605
1 3 2
109 584
1 15 2
134 476
1 12 2
361 628
1 2 2
643 639
1 8 2
218 374
1 2 2
171 512
1 4 2
203 468
1 7 2
416 369
1 12 2
329 416
1 4 2
624 287
1 9 2
684 722
1 14 2
693 126
1 4 2
163 31
1 9 2
783 455
1 8 2
747 178
1 4 2
135 582
1 3 2
135 210
1 3 2
797 661
1 7 2
86 273
1 9 2
389 481
1 9 2
330 104
1 4 2
469 354
1 15 2
768 57
1 10 2
217 436
1 12 2
317 371
1 9 2
733 709
1 14 2
412 2
1 2 2
352 82
1 9 2
762 727
1 13 2
781 534
1 11 2
165 302
1 8 2
515 543
1 10 2
92 731
1 9 2
143 214
1 9 2
242 280
1 3 2
259 47
1 13 2
251 62
1 13 2
287 153
1 12 2
328 462
1 6 2
611 372
1 15 2
592 372
1 5 2
62 242
1 6 2
711 311
1 6 2
706 360
1 4 2
166 569
1 5 2
118 500
1 2 2
679 188
1 7 2
639 82
1 10 2
577 268
1 2 2
580 673
1 15 2
686 441
1 12 2
789 184
1 8 2
25 380
1 7 2
725 293
1 11 2
229 785
1 8 2
554 545
1 10 2
321 754
1 10 2
566 579
1 5 2
403 484
1 12 2
209 620
1 15 2
753 749
1 7 2
465 390
1 10 2
468 513
1 13 2
619 37
1 6 2
653 52
1 6 2
422 657
1 9 2
748 31
1 5 2
128 650
1 7 2
760 425
1 6 2
617 637
1 10 2
392 204
1 10 2
689 511
1 13 2
169 634
1 3 2
145 646
1 8 2
778 675
1 3 2
680 194
1 10 2
739 746
1 4 2
373 778
1 3 2
562 608
1 10 2
698 55
1 6 2
240 216
1 4 2
518 706
1 2 2
383 273
1 13 2
760 16
1 10 2
261 788
1 11 2
759 678
1 15 2
774 187
1 7 2
142 296
1 11 2
316 610
1 8 2
63 329
1 9 2
366 593
1 3 2
717 309
1 10 2
744 450
1 10 2
446 793
1 7 2
788 574
1 7 2
788 84
1 8 2
428 84
1 8 2
290 775
1 13 2
365 666
1 15 2
779 322
1 7 2
324 155
1 14 2
138 12
1 12 2
437 638
1 6 2
649 182
1 8 2
324 177
1 4 2
748 548
1 7 2
84 731
1 5 2
142 38
1 9 2
715 290
1 3 2
677 235
1 4 2
242 526
1 7 2
77 623
1 13 2
382 745
1 3 2
636 272
1 13 2
206 508
1 10 2
66 235
1 2 2
153 730
1 4 2
93 212
1 15 2
113 658
1 4 2
158 64
1 12 2
252 648
1 10 2
657 753
1 10 2
372 718
1 6 2
511 552
1 7 2
709 737
1 3 2
550 135
1 8 2
764 776
1 15 2
705 750
1 10 2
390 641
1 3 2
782 199
1 12 2
220 328
1 11 2
115 691
1 15 2
726 372
1 12 2
519 465
1 15 2
247 399
1 12 2
383 57
1 8 2
152 281
1 11 2
544 708
1 4 2
186 672
1 9 2
22 149
1 2 2
610 74
1 4 2
608 606
1 11 2
49 502
1 14 2
621 458
1 8 2
655 183
1 14 2
667 530
1 11 2
384 538
1 15 2
179 250
1 13 2
411 113
1 14 2
658 160
1 14 2
347 692
1 12 2
122 201
1 11 2
262 601
1 7 2
322 604
1 11 2
698 134
1 7 2
585 188
1 15 2
578 594
1 2 2
156 556
1 4 2
105 754
1 10 2
583 503
1 7 2
56 130
1 2 2
16 232
1 3 2
578 279
1 2 2
348 771
1 12 2
794 404
1 8 2
541 738
1 4 2
111 324
1 12 2
738 771
1 5 2
343 543
1 8 2
696 259
1 4 2
759 658
1 11 2
502 694
1 3 2
430 620
1 2 2
726 317
1 3 2
652 519
1 2 2
628 653
1 9 2
631 500
1 5 2
517 430
1 12 2
489 718
1 14 2
88 760
1 5 2
728 174
1 5 2
42 727
1 4 2
8 637
1 6 2
115 99
1 11 2
68 338
1 5 2
8 477
1 5 2
775 725
1 13 2
48 310
1 5 2
661 150
1 2 2
276 650
1 14 2
650 19
1 4 2
336 132
1 10 2
135 113
1 14 2
259 234
1 15 2
394 518
1 14 2
530 453
1 3 2
448 610
1 14 2
692 419
1 8 2
619 460
1 12 2
379 654
1 13 2
737 243
1 3 2
99 518
1 8 2
172 453
1 13 2
175 552
1 9 2
180 645
1 15 2
582 729
1 9 2
464 108
1 15 2
740 521
1 13 2
67 73
1 7 2
127 503
1 7 2
610 279
1 2 2
375 176
1 2 2
276 701
1 5 2
223 766
1 13 2
305 756
1 5 2
283 451
1 12 2
5 564
1 4 2
483 189
1 10 2
133 554
1 3 2
234 584
1 12 2
729 224
1 10 2
56 175
1 8 2
461 696
1 5 2
719 553
1 11 2
583 544
1 6 2
485 63
1 13 2
764 200
1 15 2
366 93
1 13 2
793 492
1 14 2
761 241
1 15 2
761 625
1 11 2
794 447
1 12 2
450 225
1 15 2
772 424
1 6 2
541 768
1 9 2
58 659
1 9 2
70 215
1 5 2
770 757
1 8 2
385 167
1 3 2
716 525
1 13 2
545 562
1 10 2
469 299
1 2 2
171 441
1 2 2
615 423
1 4 2
76 283
1 3 2
657 146
1 7 2
358 269
1 4 2
87 223
1 2 2
26 342
1 13 2
51 166
1 7 2
316 121
1 13 2
358 102
1 12 2
602 94
1 6 2
108 618
1 12 2
601 347
1 4 2
107 699
1 7 2
511 162
1 6 2
81 141
1 6 2
49 679
1 12 2
184 409
1 6 2
63 443
1 9 2
692 140
1 7 2
270 566
1 3 2
129 598
1 13 2
570 551
1 10 2
144 288
1 3 2
484 514
1 13 2
50 768
1 2 2
361 657
1 9 2
196 192
1 4 2
260 194
1 7 2
209 143
1 14 2
19 707
1 6 2
384 226
1 2 2
415 384
1 12 2
256 312
1 9 2
512 324
1 6 2
643 328
1 4 2
309 508
1 6 2
348 651
1 14 2
790 514
1 12 2
324 223
1 13 2
69 23
1 10 2
24 430
1 8 2
127 465
1 9 2
690 179
1 10 2
223 630
1 5 2
602 160
1 15 2
707 235
1 6 2
617 740
1 4 2
635 27
1 2 2
311 635
1 14 2
529 708
1 14 2
740 694
1 2 2
383 92
1 5 2
251 416
1 10 2
772 748
1 8 2
484 285
1 13 2
527 405
1 7 2
133 128
1 7 2
4 752
1 10 2
588 718
1 10 2
117 478
1 9 2
751 771
1 15 2
469 23
1 9 2
450 518
1 8 2
625 700
1 9 2
359 42
1 9 2
190 2
1 13 2
584 89
1 4 2
753 491
1 7 2
86 558
1 7 2
217 658
1 11 2
41 107
1 10 2
155 443
1 8 2
260 43
1 15 2
656 195
1 4 2
583 575
1 5 2
522 646
1 7 2
458 547
1 15 2
447 173
1 7 2
703 619
1 7 2
161 379
1 5 2
96 385
1 6 2
548 634
1 13 2
707 664
1 12 2
600 621
1 4 2
528 178
1 4 2
27 132
1 5 2
718 150
1 3 2
589 364
1 4 2
774 227
1 11 2
174 455
1 6 2
357 264
1 10 2
52 756
1 14 2
271 475
1 15 2
476 149
1 8 2
243 479
1 11 2
504 676
1 15 2
320 299
1 14 2
46 745
1 14 2
401 422
1 8 2
718 504
1 13 2
384 639
1 14 2
652 106
1 6 2
226 463
1 14 2
673 138
1 10 2
356 502
1 14 2
193 633
1 13 2
83 20
1 9 2
635 51
1 2 2
440 188
1 11 2
711 227
1 14 2
172 273
1 10 2
602 81
1 9 2
604 399
1 3 2
251 386
1 13 2
759 131
1 3 2
524 461
1 10 2
631 84
1 2 2
0 82
1 9 2
212 81
1 14 2
739 664
1 14 2
202 367
1 10 2
132 593
1 15 2
652 164
1 11 2
122 559
1 5 2
599 202
1 9 2
489 192
1 15 2
27 394
1 4 2
528 397
1 14 2
513 364
1 11 2
71 695
1 8 2
138 1
1 4 2
473 680
1 10 2
255 467
1 13 2
521 537
1 13 2
63 164
1 3 2
170 270
1 12 2
439 495
1 12 2
137 713
1 7 2
365 739
1 4 2
491 747
1 8 2
356 769
1 7 2
685 21
1 6 2
796 135
1 6 2
58 6
1 5 2
790 358
1 10 2
162 447
1 2 2
662 327
1 12 2
400 439
1 15 2
148 271
1 13 2
520 177
1 3 2
686 10
1 12 2
506 758
1 3 2
590 447
1 14 2
706 717
1 12 2
130 287
1 11 2
225 364
1 2 2
533 314
1 8 2
461 157
1 7 2
44 710
1 5 2
142 356
1 11 2
419 665
1 9 2
478 695
1 13 2
258 331
1 3 2
399 268
1 7 2
354 774
1 10 2
284 468
1 3 2
517 448
1 15 2
526 281
1 8 2
757 399
1 10 2
395 599
1 4 2
696 84
1 14 2
407 280
1 12 2
324 48
1 4 2
165 501
1 13 2
684 370
1 4 2
453 175
1 14 2
613 621
1 14 2
132 436
1 10 2
277 102
1 2 2
195 145
1 8 2
563 304
1 11 2
455 446
1 10 2
667 508
1 4 2
183 273
1 2 2
689 708
1 13 2
738 791
1 6 2
747 392
1 11 2
36 126
1 15 2
226 676
1 5 2
395 540
1 6 2
387 237
1 12 2
150 587
1 2 2
471 454
1 14 2
784 726
1 3 2
188 435
1 10 2
234 519
1 3 2
708 164
1 2 2
429 151
1 11 2
616 483
1 5 2
357 791
1 7 2
488 212
1 5 2
666 627
1 13 2
462 556
1 12 2
787 355
1 12 2
52 477
1 6 2
196 730
1 10 2
483 65
1 5 2
368 310
1 12 2
73 28
1 2 2
115 631
1 2 2
509 128
1 2 2
708 7
1 3 2
649 765
1 3 2
355 553
1 8 2
131 138
1 10 2
43 639
1 2 2
221 426
1 2 2
482 725
1 8 2
345 442
1 7 2
73 190
1 8 2
399 794
1 6 2
457 372
1 3 2
686 134
1 13 2
261 349
1 2 2
201 459
1 8 2
518 360
1 4 2
20 521
1 2 2
322 560
1 14 2
509 635
1 2 2
455 232
1 4 2
192 3
1 5 2
702 275
1 15 2
431 123
1 4 2
146 621
1 15 2
398 271
1 9 2
12 70
1 8 2
617 560
1 10 2
320 520
1 11 2
622 359
1 7 2
99 649
1 3 2
685 695
1 2 2
335 694
1 12 2
400 454
1 11 2
781 206
1 6 2
574 143
1 3 2
512 198
1 8 2
133 593
1 14 2
39 761
1 5 2
156 626
1 12 2
460 417
1 3 2
700 777
1 4 2
263 215
1 14 2
70 769
1 14 2
375 589
1 12 2
520 196
1 3 2
325 79
1 9 2
205 295
1 6 2
251 210
1 11 2
483 95
1 5 2
425 249
1 13 2
223 773
1 13 2
527 480
1 15 2
364 722
1 5 2
598 44
1 9 2
733 376
1 3 2
603 747
1 10 2
536 725
1 5 2
423 590
1 5 2
36 696
1 14 2
506 435
1 6 2
663 728
1 10 2
232 472
1 5 2
550 794
1 3 2
411 424
1 10 2
662 343
1 8 2
528 545
1 12 2
778 784
1 10 2
71 573
1 7 2
728 633
1 2 2
327 532
1 3 2
643 678
1 11 2
392 340
1 11 2
420 301
1 10 2
33 91
1 9 2
226 374
1 3 2
630 481
1 3 2
115 756
1 6 2
736 211
1 14 2
761 790
1 8 2
97 524
1 6 2
130 706
1 4 2
576 257
1 4 2
9 229
1 11 2
199 461
1 4 2
565 165
1 12 2
67 600
1 6 2
713 616
1 12 2
373 70
1 4 2
93 559
1 12 2
765 573
1 14 2
487 769
1 15 2
653 496
1 5 2
649 258
1 2 2
557 289
1 8 2
795 195
1 7 2
477 265
1 10 2
728 564
1 14 2
491 615
1 15 2
146 793
1 13 2
201 105
1 2 2
474 306
1 4 2
524 456
1 12 2
32 368
1 11 2
499 684
1 3 2
798 710
1 4 2
434 439
1 3 2
10 511
1 15 2
381 142
1 9 2
607 50
1 14 2
776 714
1 13 2
584 174
1 2 2
579 257
1 2 2
563 580
1 12 2
135 746
1 2 2
729 143
1 7 2
40 49
1 9 2
119 468
1 6 2
15 667
1 8 2
159 453
1 3 2
394 175
1 3 2
736 221
1 10 2
713 399
1 6 2
662 710
1 8 2
477 293
1 3 2
466 745
1 14 2
575 398
1 14 2
556 126
1 2 2
594 357
1 6 2
202 603
1 11 2
444 639
1 10 2
14 285
1 3 2
86 123
1 15 2
455 13
1 10 2
358 618
1 11 2
219 203
1 11 2
140 294
1 2 2
610 347
1 4 2
708 219
1 6 2
788 587
1 13 2
612 555
1 4 2
282 382
1 10 2
76 33
1 4 2
526 773
1 3 2
357 330
1 14 2
94 326
1 8 2
445 457
1 14 2
92 70
1 6 2
724 446
1 12 2
794 395
1 3 2
347 180
1 6 2
545 201
1 14 2
491 82
1 8 2
75 694
1 8 2
356 366
1 9 2
463 531
1 14 2
735 764
1 13 2
541 89
1 13 2
11 259
1 9 2
769 244
1 11 2
63 263
1 3 2
689 242
1 14 2
448 438
1 14 2
56 424
1 12 2
90 397
1 4 2
354 78
1 5 2
741 754
1 6 2
61 747
1 8 2
776 267
1 5 2
331 439
1 10 2
305 165
1 3 2
531 776
1 10 2
109 466
1 4 2
598 739
1 5 2
740 530
1 8 2
107 446
1 12 2
455 259
1 7 2
596 106
1 9 2
23 787
1 8 2
681 746
1 15 2
187 655
1 13 2
715 75
1 9 2
569 181
1 9 2
574 572
1 2 2
133 798
1 2 2
96 594
1 10 2
461 205
1 11 2
388 224
1 6 2
521 271
1 3 2
456 368
1 8 2
799 227
1 3 2
374 736
1 5 2
246 694
1 6 2
642 726
1 9 2
603 278
1 15 2
503 438
1 15 2
735 613
1 3 2
567 563
1 10 2
308 250
1 2 2
408 758
1 5 2
407 709
1 13 2
258 56
1 5 2
5 456
1 15 2
13 777
1 4 2
717 628
1 7 2
609 734
1 15 2
77 698
1 3 2
597 222
1 8 2
68 114
1 7 2
274 415
1 7 2
412 692
1 12 2
66 613
1 13 2
780 249
1 2 2
230 124
1 9 2
258 189
1 10 2
664 371
1 10 2
120 223
1 12 2
546 122
1 6 2
227 203
1 14 2
543 288
1 9 2
219 730
1 7 2
194 321
1 12 2
730 235
1 3 2
737 140
1 10 2
431 664
1 13 2
432 103
1 11 2
676 294
1 14 2
5 27
1 15 2
70 578
1 13 2
115 21
1 4 2
273 495
1 4 2
44 444
1 6 2
612 689
1 14 2
426 778
1 3 2
233 398
1 3 2
747 539
1 3 2
181 213
1 3 2
297 171
1 12 2
401 116
1 15 2
568 444
1 13 2
211 388
1 9 2
257 367
1 6 2
743 22
1 3 2
681 218
1 11 2
689 486
1 5 2
580 251
1 11 2
387 572
1 5 2
291 424
1 2 2
555 141
1 3 2
495 108
1 5 2
403 106
1 12 2
773 51
1 7 2
312 560
1 13 2
411 390
1 14 2
161 423
1 7 2
404 304
1 12 2
49 517
1 7 2
494 485
1 9 2
703 318
1 2 2
78 177
1 9 2
195 395
1 2 2
193 651
1 15 2
702 708
1 5 2
295 509
1 7 2
200 235
1 3 2
726 666
1 6 2
581 690
1 11 2
637 337
1 14 2
444 207
1 2 2
436 698
1 10 2
292 121
1 5 2
525 445
1 13 2
83 555
1 10 2
272 406
1 2 2
1 238
1 13 2
452 702
1 4 2
572 277
1 8 2
401 504
1 3 2
44 12
1 2 2
711 369
1 14 2
487 583
1 12 2
624 648
1 15 2
472 476
1 8 2
658 449
1 15 2
538 569
1 10 2
41 105
1 4 2
678 129
1 11 2
623 655
1 10 2
621 230
1 12 2
142 30
1 15 2
78 341
1 13 2
751 231
1 2 2
215 330
1 15 2
660 331
1 12 2
439 13
1 5 2
757 483
1 8 2
672 571
1 13 2
416 28
1 6 2
355 251
1 14 2
770 37
1 5 2
621 779
1 14 2
120 355
1 3 2
145 639
1 3 2
598 604
1 7 2
198 211
1 14 2
702 318
1 11 2
28 658
1 8 2
373 233
1 8 2
51 386
1 5 2
62 576
1 12 2
781 500
1 14 2
726 174
1 2 2
656 517
1 2 2
579 468
1 5 2
268 289
1 7 2
736 701
1 8 2
71 658
1 3 2
381 760
1 7 2
466 796
1 3 2
476 653
1 9 2
110 356
1 13 2
613 653
1 8 2
673 40
1 3 2
69 434
1 15 2
412 159
1 13 2
169 81
1 7 2
310 623
1 13 2
347 488
1 4 2
144 302
1 15 2
734 660
1 7 2
555 575
1 6 2
354 675
1 2 2
280 412
1 3 2
470 329
1 14 2
356 648
1 10 2
591 703
1 14 2
395 743
1 8 2
577 42
1 4 2
534 199
1 14 2
243 39
1 5 2
172 322
1 4 2
549 744
1 11 2
211 537
1 2 2
122 135
1 9 2
439 558
1 14 2
661 365
1 7 2
509 223
1 12 2
47 232
1 3 2
611 639
1 13 2
784 381
1 2 2
284 691
1 11 2
108 154
1 14 2
756 339
1 13 2
403 683
1 3 2
553 476
1 11 2
16 732
1 11 2
767 313
1 11 2
316 773
1 12 2
119 348
1 4 2
659 610
1 14 2
26 671
1 9 2
222 112
1 7 2
595 691
1 8 2
691 321
1 13 2
626 24
1 7 2
515 27
1 10 2
24 556
1 2 2
495 698
1 4 2
97 294
1 14 2
321 485
1 2 2
311 140
1 2 2
479 498
1 5 2
673 5
1 10 2
552 546
1 8 2
622 111
1 3 2
337 692
1 10 2
777 639
1 3 2
185 484
1 3 2
649 54
1 6 2
774 554
1 7 2
637 642
1 3 2
19 92
1 12 2
345 53
1 15 2
488 108
1 12 2
348 25
1 9 2
421 686
1 9 2
506 5
1 7 2
651 727
1 12 2
522 263
1 14 2
229 352
1 5 2
372 489
1 2 2
438 3
1 11 2
631 330
1 14 2
408 318
1 12 2
9 407
1 5 2
106 154
1 13 2
460 617
1 13 2
192 339
1 3 2
584 735
1 14 2
413 69
1 4 2
118 130
1 3 2
748 400
1 14 2
686 5
1 13 2
83 454
1 5 2
524 595
1 11 2
256 216
1 13 2
658 775
1 4 2
173 177
1 4 2
523 175
1 6 2
98 320
1 12 2
481 631
1 14 2
417 671
1 13 2
385 510
1 3 2
449 523
1 9 2
429 366
1 10 2
128 427
1 2 2
236 554
1 8 2
36 139
1 14 2
77 391
1 4 2
375 605
1 4 2
157 487
1 10 2
153 97
1 2 2
765 257
1 14 2
309 213
1 10 2
78 117
1 9 2
584 344
1 11 2
57 206
1 8 2
657 720
1 11 2
360 486
1 3 2
382 432
1 5 2
628 338
1 3 2
797 209
1 2 2
732 426
1 11 2
717 108
1 6 2
132 657
1 5 2
10 376
1 5 2
75 342
1 14 2
16 121
1 15 2
217 686
1 9 2
646 563
1 10 2
175 277
1 15 2
461 665
1 12 2
504 512
1 10 2
99 452
1 3 2
279 697
1 15 2
197 392
1 3 2
225 420
1 12 2
98 535
1 11 2
269 75
1 13 2
669 216
1 14 2
459 572
1 12 2
87 336
1 11 2
200 130
1 6 2
69 622
1 10 2
200 798
1 5 2
277 458
1 6 2
212 260
1 4 2
365 290
1 3 2
795 761
1 7 2
424 91
1 12 2
653 19
1 4 2
526 116
1 10 2
685 188
1 6 2
639 176
1 13 2
187 129
1 2 2
551 457
1 11 2
759 456
1 10 2
698 484
1 14 2
53 223
1 8 2
50 474
1 11 2
542 491
1 6 2
560 629
1 8 2
219 18
1 7 2
277 481
1 2 2
527 106
1 9 2
506 687
1 10 2
286 423
1 13 2
593 751
1 15 2
27 632
1 9 2
212 750
1 4 2
197 415
1 7 2
290 60
1 11 2
666 561
1 11 2
558 502
1 10 2
202 645
1 10 2
55 617
1 13 2
235 767
1 15 2
500 439
1 6 2
400 618
1 8 2
641 428
1 3 2
148 54
1 11 2
215 42
1 8 2
216 139
1 5 2
635 709
1 14 2
148 186
1 2 2
110 295
1 7 2
201 147
1 12 2
444 737
1 6 2
620 254
1 5 2
640 133
1 12 2
582 344
1 8 2
200 548
1 10 2
760 528
1 15 2
443 278
1 7 2
501 596
1 10 2
305 229
1 12 2
159 602
1 5 2
766 661
1 8 2
130 149
1 14 2
54 719
1 9 2
482 635
1 8 2
665 528
1 13 2
466 24
1 9 2
601 548
1 14 2
556 88
1 14 2
366 241
1 12 2
737 303
1 15 2
578 734
1 7 2
291 163
1 9 2
187 207
1 13 2
65 759
1 4 2
714 291
1 5 2
243 565
1 2 2
355 525
1 14 2
377 542
1 12 2
651 130
1 3 2
55 671
1 12 2
235 402
1 7 2
128 678
1 10 2
438 92
1 5 2
732 523
1 4 2
312 394
1 15 2
646 476
1 6 2
91 655
1 8 2
202 330
1 9 2
105 388
1 12 2
217 161
1 15 2
105 295
1 5 2
637 172
1 4 2
311 117
1 5 2
637 235
1 4 2
187 150
1 8 2
690 750
1 13 2
226 364
1 7 2
616 655
1 5 2
21 440
1 7 2
276 551
1 7 2
572 86
1 3 2
254 351
1 6 2
388 80
1 15 2
157 692
1 7 2
769 180
1 10 2
735 354
1 4 2
298 503
1 10 2
316 475
1 4 2
766 708
1 2 2
301 441
1 14 2
750 394
1 11 2
674 326
1 5 2
461 155
1 9 2
183 341
1 7 2
573 731
1 10 2
6 743
1 2 2
269 129
1 8 2
336 61
1 14 2
422 374
1 7 2
425 618
1 10 2
751 583
1 6 2
687 461
1 13 2
376 27
1 14 2
184 584
1 8 2
654 588
1 12 2
462 258
1 13 2
327 608
1 3 2
206 633
1 15 2
149 273
1 12 2
308 453
1 5 2
794 431
1 11 2
606 419
1 15 2
572 652
1 12 2
446 528
1 14 2
359 350
1 10 2
574 309
1 4 2
343 125
1 14 2
320 441
1 13 2
707 73
1 3 2
326 657
1 14 2
281 319
1 7 2
607 339
1 7 2
56 51
1 11 2
58 536
1 14 2
214 173
1 3 2
113 318
1 9 2
110 494
1 11 2
73 414
1 7 2
133 254
1 13 2
768 756
1 10 2
480 570
1 13 2
292 192
1 5 2
146 13
1 14 2
655 243
1 13 2
427 26
1 13 2
177 365
1 2 2
507 302
1 10 2
688 356
1 5 2
137 628
1 12 2
345 371
1 12 2
26 286
1 2 2
448 136
1 7 2
176 654
1 2 2
494 526
1 10 2
521 231
1 3 2
25 334
1 14 2
39 93
1 8 2
686 462
1 14 2
734 604
1 4 2
728 545
1 4 2
351 795
1 5 2
683 474
1 7 2
24 140
1 12 2
189 383
1 14 2
466 31
1 6 2
86 498
1 3 2
596 130
1 13 2
439 0
1 10 2
347 633
1 8 2
294 584
1 5 2
436 633
1 15 2
371 107
1 8 2
650 417
1 14 2
748 5
1 3 2
74 626
1 13 2
396 571
1 4 2
17 267
1 4 2
524 532
1 7 2
562 514
1 9 2
663 510
1 13 2
795 236
1 11 2
704 672
1 7 2
193 668
1 2 2
747 509
1 4 2
392 342
1 10 2
215 137
1 14 2
246 498
1 15 2
514 628
1 12 2
190 691
1 13 2
434 660
1 14 2
108 13
1 7 2
58 438
1 11 2
714 54
1 10 2
0 699
1 8 2
700 689
1 15 2
453 386
1 6 2
481 507
1 14 2
182 737
1 7 2
788 423
1 6 2
509 554
1 15 2
679 498
1 10 2
402 513
1 2 2
466 632
1 13 2
278 595
1 5 2
73 411
1 11 2
727 674
1 3 2
143 398
1 4 2
696 701
1 14 2
789 446
1 5 2
525 57
1 11 2
665 308
1 2 2
580 182
1 9 2
237 137
1 8 2
430 718
1 15 2
785 104
1 13 2
733 797
1 15 2
758 777
1 6 2
745 662
1 6 2
27 634
1 8 2
503 401
1 3 2
627 590
1 5 2
480 645
1 6 2
731 299
1 9 2
449 307
1 2 2
513 516
1 7 2
766 464
1 2 2
614 651
1 2 2
287 167
1 4 2
485 547
1 5 2
40 89
1 2 2
590 168
1 14 2
116 80
1 13 2
559 512
1 12 2
543 230
1 10 2
708 613
1 15 2
165 172
1 12 2
499 715
1 13 2
137 187
1 7 2
291 127
1 14 2
637 692
1 7 2
278 585
1 9 2
404 220
1 13 2
585 604
1 7 2
291 235
1 14 2
707 463
1 6 2
608 704
1 6 2
447 333
1 15 2
666 780
1 8 2
127 15
1 13 2
491 766
1 8 2
685 672
1 15 2
484 488
1 13 2
507 40
1 8 2
798 344
1 2 2
337 514
1 10 2
361 461
1 3 2
211 718
1 7 2
514 666
1 8 2
311 302
1 15 2
660 184
1 8 2
68 61
1 13 2
384 485
1 2 2
481 673
1 13 2
504 709
1 7 2
192 758
1 14 2
82 587
1 3 2
149 588
1 7 2
62 164
1 4 2
419 118
1 5 2
296 783
1 11 2
81 47
1 2 2
390 505
1 4 2
534 471
1 15 2
559 601
1 10 2
429 661
1 13 2
789 288
1 15 2
255 562
1 7 2
552 174
1 13 2
250 118
1 11 2
432 683
1 14 2
410 255
1 4 2
431 230
1 14 2
692 346
1 10 2
765 90
1 6 2
237 786
1 15 2
239 61
1 7 2
733 427
1 11 2
15 221
1 7 2
774 150
1 3 2
385 467
1 9 2
265 408
1 6 2
97 370
1 14 2
168 652
1 13 2
239 681
1 4 2
423 407
1 4 2
206 62
1 10 2
457 542
1 6 2
525 173
1 8 2
118 94
1 6 2
724 259
1 5 2
228 563
1 14 2
535 574
1 3 2
658 247
1 14 2
765 96
1 3 2
459 486
1 10 2
418 337
1 11 2
192 648
1 13 2
736 5
1 3 2
119 166
1 10 2
589 427
1 15 2
290 714
1 9 2
333 723
1 6 2
293 99
1 4 2
349 783
1 11 2
591 288
1 14 2
265 172
1 12 2
356 340
1 8 2
550 326
1 6 2
117 537
1 9 2
638 535
1 4 2
75 309
1 9 2
272 4
1 5 2
428 133
1 14 2
783 594
1 7 2
561 360
1 15 2
787 90
1 9 2
506 191
1 4 2
794 687
1 5 2
584 308
1 14 2
516 94
1 3 2
19 308
1 4 2
671 103
1 4 2
264 399
1 9 2
369 731
1 15 2
766 619
1 14 2
571 13
1 12 2
545 299
1 9 2
274 522
1 9 2
623 303
1 2 2
229 203
1 14 2
632 797
1 7 2
700 735
1 4 2
737 337
1 7 2
121 695
1 4 2
595 456
1 4 2
447 626
1 7 2
674 87
1 3 2
114 72
1 14 2
345 274
1 6 2
211 776
1 9 2
302 89
1 8 2
701 31
1 10 2
261 625
1 15 2
490 724
1 15 2
723 459
1 4 2
137 71
1 7 2
307 495
1 5 2
374 527
1 10 2
243 404
1 7 2
288 421
1 4 2
513 415
1 14 2
707 58
1 12 2
18 371
1 2 2
681 371
1 8 2
465 127
1 9 2
768 257
1 4 2
620 659
1 5 2
207 740
1 10 2
40 785
1 5 2
292 277
1 6 2
206 75
1 6 2
695 738
1 4 2
475 321
1 3 2
720 239
1 5 2
97 531
1 12 2
520 27
1 10 2
237 256
1 5 2
447 573
1 9 2
183 48
1 8 2
692 670
1 4 2
763 629
1 14 2
777 238
1 8 2
545 753
1 10 2
720 502
1 5 2
672 193
1 13 2
692 114
1 7 2
660 447
1 3 2
70 54
1 12 2
649 41
1 3 2
128 0
1 14 2
328 55
1 5 2
457 213
1 12 2
550 290
1 7 2
166 529
1 7 2
144 703
1 12 2
423 188
1 2 2
339 445
1 12 2
556 36
1 12 2
56 9
1 5 2
603 592
1 9 2
630 706
1 8 2
92 327
1 11 2
231 640
1 12 2
633 241
1 15 2
492 154
1 4 2
59 58
1 15 2
253 305
1 13 2
530 361
1 10 2
795 359
1 12 2
444 5
1 9 2
692 373
1 7 2
211 200
1 15 2
643 75
1 5 2
323 795
1 4 2
162 267
1 13 2
714 756
1 2 2
752 451
1 15 2
432 608
1 10 2
85 727
1 7 2
188 315
1 12 2
634 736
1 14 2
146 709
1 12 2
305 621
1 4 2
622 551
1 15 2
178 711
1 11 2
71 333
1 13 2
117 315
1 2 2
403 549
1 10 2
185 375
1 15 2
779 431
1 5 2
646 35
1 2 2
334 38
1 11 2
206 201
1 4 2
320 4
1 8 2
799 352
1 14 2
668 209
1 2 2
263 302
1 13 2
18 189
1 4 2
248 48
1 2 2
299 318
1 15 2
11 2
1 13 2
741 401
1 4 2
230 260
1 14 2
578 448
1 4 2
512 646
1 5 2
599 251
1 3 2
252 792
1 2 2
151 493
1 4 2
692 726
1 15 2
476 40
1 10 2
31 403
1 12 2
259 596
1 5 2
650 572
1 14 2
540 636
1 4 2
447 665
1 10 2
552 562
1 9 2
211 625
1 4 2
380 445
1 13 2
249 123
1 11 2
414 673
1 15 2
273 793
1 2 2
436 364
1 3 2
523 518
1 12 2
529 176
1 10 2
636 359
1 15 2
405 479
1 14 2
769 532
1 12 2
681 571
1 10 2
288 791
1 14 2
759 652
1 8 2
286 222
1 2 2
243 94
1 3 2
461 56
1 13 2
21 506
1 9 2
307 390
1 13 2
18 160
1 10 2
654 732
1 4 2
723 660
1 11 2
776 53
1 7 2
128 12
1 8 2
138 513
1 4 2
793 578
1 3 2
230 558
1 5 2
532 323
1 6 2
108 415
1 8 2
337 358
1 8 2
42 92
1 3 2
621 359
1 6 2
475 68
1 15 2
735 62
1 8 2
117 506
1 3 2
330 286
1 12 2
362 531
1 11 2
451 436
1 10 2
185 680
1 3 2
439 650
1 3 2
8 280
1 3 2
132 388
1 2 2
631 129
1 11 2
720 496
1 11 2
219 52
1 6 2
696 541
1 3 2
598 798
1 6 2
651 118
1 6 2
690 413
1 6 2
154 412
1 12 2
18 576
1 7 2
38 73
1 5 2
741 379
1 14 2
327 695
1 5 2
198 339
1 9 2
422 247
1 11 2
180 518
1 15 2
340 298
1 10 2
467 306
1 15 2
391 719
1 12 2
581 618
1 15 2
516 588
1 15 2
685 615
1 11 2
93 189
1 9 2
193 569
1 3 2
646 716
1 5 2
626 733
1 15 2
420 657
1 9 2
730 213
1 12 2
363 39
1 2 2
272 618
1 2 2
642 165
1 6 2
253 60
1 13 2
189 427
1 7 2
68 568
1 5 2
135 132
1 6 2
534 648
1 10 2
210 663
1 15 2
12 784
1 5 2
519 212
1 8 2
775 83
1 10 2
152 313
1 4 2
163 42
1 10 2
372 89
1 7 2
221 637
1 2 2
730 307
1 13 2
252 664
1 7 2
477 30
1 12 2
663 744
1 8 2
354 529
1 4 2
435 678
1 14 2
499 209
1 9 2
413 263
1 9 2
65 11
1 12 2
672 460
1 7 2
678 278
1 14 2
596 168
1 7 2
267 43
1 10 2
247 353
1 11 2
363 688
1 13 2
646 772
1 7 2
758 431
1 12 2
761 444
1 7 2
119 112
1 3 2
708 67
1 3 2
395 578
1 12 2
214 437
1 7 2
378 298
1 11 2
351 578
1 5 2
98 578
1 7 2
461 503
1 9 2
203 233
1 7 2
12 476
1 8 2
557 137
1 13 2
327 147
1 10 2
286 361
1 12 2
64 88
1 15 2
623 525
1 3 2
734 269
1 9 2
13 577
1 12 2
789 359
1 11 2
502 640
1 15 2
632 164
1 5 2
374 112
1 5 2
701 160
1 9 2
784 110
1 2 2
470 77
1 3 2
675 271
1 6 2
785 328
1 14 2
448 649
1 15 2
761 124
1 2 2
770 243
1 3 2
328 443
1 10 2
0 193
1 5 2
626 625
1 14 2
652 167
1 12 2
612 343
1 15 2
491 301
1 12 2
263 139
1 6 2
490 554
1 6 2
221 721
1 13 2
63 523
1 11 2
638 479
1 10 2
694 411
1 15 2
682 603
1 5 2
668 156
1 11 2
680 231
1 5 2
362 293
1 2 2
397 756
1 15 2
289 70
1 7 2
401 149
1 2 2
618 180
1 9 2
74 34
1 9 2
84 20
1 4 2
630 168
1 3 2
461 633
1 5 2
714 5
1 12 2
389 2
1 11 2
236 232
1 2 2
698 15
1 6 2
520 623
1 2 2
361 21
1 13 2
573 568
1 12 2
557 712
1 3 2
39 386
1 5 2
275 799
1 4 2
197 228
1 12 2
351 754
1 12 2
287 593
1 3 2
125 658
1 6 2
498 456
1 7 2
698 40
1 15 2
362 122
1 7 2
729 153
1 8 2
162 537
1 4 2
140 354
1 9 2
615 436
1 2 2
604 283
1 13 2
115 729
1 7 2
179 673
1 10 2
647 265
1 15 2
95 93
1 4 2
700 108
1 10 2
443 699
1 14 2
83 357
1 7 2
417 14
1 14 2
274 247
1 7 2
411 760
1 12 2
55 125
1 9 2
683 121
1 2 2
447 348
1 3 2
128 426
1 13 2
466 61
1 2 2
280 31
1 5 2
676 552
1 5 2
756 610
1 11 2
767 427
1 15 2
49 712
1 7 2
424 219
1 6 2
371 537
1 7 2
129 589
1 4 2
387 220
1 9 2
196 279
1 14 2
1 781
1 11 2
702 664
1 10 2
354 83
1 6 2
242 230
1 13 2
584 172
1 14 2
115 313
1 15 2
742 88
1 14 2
407 501
1 2 2
780 655
1 10 2
199 221
1 9 2
4 342
1 11 2
717 751
1 15 2
731 13
1 3 2
204 457
1 2 2
393 641
1 4 2
266 385
1 12 2
367 455
1 8 2
397 582
1 4 2
151 174
1 3 2
512 484
1 15 2
215 627
1 8 2
431 265
1 6 2
184 347
1 11 2
251 698
1 7 2
534 23
1 9 2
388 365
1 10 2
175 517
1 8 2
240 657
1 5 2
469 272
1 13 2
108 494
1 6 2
786 3
1 2 2
398 72
1 4 2
790 162
1 10 2
786 178
1 11 2
98 460
1 15 2
286 70
1 6 2
581 165
1 8 2
216 306
1 9 2
234 629
1 8 2
571 743
1 12 2
273 91
1 9 2
45 669
1 10 2
603 745
1 2 2
513 58
1 6 2
761 638
1 8 2
197 598
1 5 2
644 355
1 14 2
56 316
1 15 2
782 127
1 14 2
550 447
1 13 2
665 531
1 10 2
173 799
1 6 2
655 446
1 12 2
101 99
1 14 2
49 542
1 5 2
578 225
1 7 2
298 728
1 3 2
238 554
1 12 2
796 113
1 4 2
5 509
1 13 2
62 254
1 15 2
3 271
1 13 2
569 670
1 10 2
243 791
1 15 2
788 483
1 13 2
457 91
1 3 2
330 222
1 14 2
726 659
1 13 2
637 474
1 4 2
664 752
1 5 2
573 262
1 4 2
322 265
1 6 2
39 461
1 9 2
421 282
1 4 2
285 634
1 2 2
762 508
1 3 2
248 324
1 8 2
349 407
1 6 2
95 604
1 14 2
258 553
1 12 2
343 705
1 4 2
592 86
1 6 2
421 129
1 8 2
243 97
1 9 2
362 142
1 4 2
87 365
1 7 2
317 579
1 11 2
545 309
1 14 2
717 774
1 6 2
212 671
1 12 2
157 322
1 5 2
712 74
1 6 2
253 602
1 6 2
669 550
1 3 2
687 209
1 9 2
60 785
1 14 2
384 480
1 2 2
68 112
1 4 2
395 9
1 13 2
631 305
1 2 2
717 504
1 5 2
668 561
1 8 2
83 301
1 7 2
455 488
1 12 2
102 274
1 14 2
734 584
1 5 2
608 535
1 5 2
52 86
1 6 2
781 733
1 7 2
180 209
1 12 2
64 48
1 5 2
314 230
1 2 2
775 677
1 5 2
783 503
1 12 2
103 628
1 5 2
410 19
1 15 2
32 569
1 5 2
100 502
1 14 2
559 781
1 10 2
317 142
1 9 2
19 343
1 10 2
368 142
1 12 2
458 169
1 5 2
97 616
1 2 2
782 559
1 11 2
437 559
1 12 2
379 385
1 3 2
487 696
1 2 2
156 114
1 9 2
302 684
1 14 2
358 668
1 14 2
439 458
1 2 2
208 355
1 3 2
25 778
1 4 2
393 117
1 4 2
4 351
1 9 2
139 308
1 13 2
388 767
1 3 2
407 688
1 13 2
362 157
1 15 2
521 504
1 15 2
46 406
1 2 2
14 201
1 7 2
467 576
1 10 2
32 343
1 11 2
37 398
1 7 2
269 515
1 8 2
331 410
1 3 2
178 75
1 10 2
398 280
1 13 2
111 193
1 12 2
569 158
1 14 2
48 21
1 4 2
285 301
1 8 2
429 517
1 10 2
324 119
1 10 2
43 88
1 8 2
217 342
1 12 2
177 503
1 5 2
308 681
1 15 2
140 554
1 10 2
398 6
1 7 2
7 619
1 8 2
788 704
1 9 2
449 335
1 15 2
593 749
1 9 2
784 255
1 2 2
770 513
1 8 2
315 569
1 13 2
794 637
1 12 2
576 137
1 2 2
310 747
1 3 2
664 648
1 4 2
2 58
1 9 2
358 486
1 14 2
181 223
1 4 2
21 652
1 13 2
454 794
1 6 2
461 648
1 9 2
563 117
1 5 2
49 169
1 11 2
267 230
1 7 2
760 132
1 4 2
711 672
1 14 2
731 715
1 2 2
596 579
1 3 2
629 187
1 7 2
505 694
1 7 2
618 416
1 5 2
474 391
1 6 2
433 138
1 14 2
748 105
1 4 2
314 783
1 10 2
390 524
1 7 2
262 740
1 15 2
217 559
1 13 2
131 139
1 4 2
632 396
1 7 2
408 286
1 9 2
262 577
1 7 2
666 783
1 13 2
171 612
1 2 2
172 282
1 2 2
355 220
1 4 2
522 628
1 5 2
424 592
1 7 2
532 162
1 4 2
665 432
1 10 2
713 554
1 5 2
159 128
1 12 2
715 40
1 2 2
523 654
1 12 2
327 473
1 4 2
735 82
1 14 2
532 681
1 13 2
615 331
1 6 2
693 623
1 14 2
644 182
1 7 2
296 665
1 14 2
701 439
1 6 2
433 644
1 15 2
775 789
1 10 2
282 557
1 15 2
709 188
1 4 2
777 88
1 10 2
709 764
1 12 2
358 361
1 14 2
663 468
1 2 2
767 644
1 3 2
645 343
1 10 2
414 366
1 14 2
689 312
1 11 2
700 64
1 12 2
736 740
1 12 2
649 372
1 8 2
586 764
1 8 2
553 595
1 7 2
299 437
1 11 2
725 675
1 13 2
311 482
1 9 2
208 245
1 2 2
585 54
1 2 2
32 288
1 3 2
778 438
1 15 2
608 244
1 4 2
372 455
1 12 2
233 551
1 15 2
596 258
1 3 2
80 493
1 9 2
265 181
1 9 2
358 727
1 15 2
601 156
1 6 2
13 663
1 3 2
601 355
1 2 2
83 127
1 14 2
173 139
1 14 2
263 381
1 2 2
52 324
1 15 2
319 86
1 7 2
365 40
1 6 2
791 167
1 2 2
796 641
1 2 2
386 515
1 10 2
157 144
1 10 2
100 492
1 9 2
172 749
1 8 2
92 226
1 4 2
266 182
1 5 2
435 539
1 5 2
672 261
1 3 2
502 696
1 13 2
358 258
1 7 2
132 703
1 13 2
232 325
1 3 2
350 348
1 2 2
308 19
1 14 2
269 325
1 9 2
269 160
1 5 2
583 483
1 7 2
632 117
1 5 2
638 475
1 8 2
600 202
1 7 2
187 501
1 12 2
395 222
1 7 2
78 46
1 5 2
376 46
1 8 2
58 555
1 12 2
306 478
1 11 2
73 656
1 15 2
420 204
1 3 2
704 611
1 12 2
399 369
1 8 2
429 217
1 2 2
97 193
1 4 2
287 0
1 13 2
25 191
1 7 2
435 513
1 2 2
76 126
1 3 2
26 641
1 9 2
51 584
1 6 2
55 543
1 6 2
83 652
1 3 2
159 788
1 14 2
721 27
1 14 2
602 734
1 5 2
386 445
1 12 2
675 464
1 6 2
104 749
1 6 2
517 182
1 8 2
307 679
1 3 2
114 614
1 9 2
309 748
1 10 2
654 256
1 13 2
640 497
1 14 2
80 555
1 15 2
564 645
1 7 2
64 59
1 3 2
268 732
1 12 2
450 379
1 15 2
39 324
1 4 2
410 317
1 7 2
402 81
1 9 2
458 188
1 4 2
221 433
1 13 2
706 687
1 7 2
110 25
1 2 2
511 582
1 6 2
207 304
1 13 2
210 228
1 6 2
231 646
1 13 2
353 100
1 12 2
769 490
1 14 2
753 37
1 8 2
608 591
1 8 2
390 62
1 15 2
12 759
1 5 2
710 275
1 12 2
658 421
1 15 2
768 236
1 9 2
350 740
1 3 2
302 692
1 4 2
59 740
1 7 2
699 350
1 13 2
5 779
1 15 2
476 74
1 7 2
491 215
1 15 2
486 340
1 11 2
180 370
1 7 2
769 438
1 6 2
262 587
1 7 2
438 198
1 14 2
145 716
1 5 2
760 495
1 13 2
351 27
1 6 2
516 107
1 10 2
227 133
1 9 2
229 73
1 10 2
409 280
1 9 2
597 323
1 10 2
298 299
1 3 2
213 116
1 2 2
320 411
1 3 2
614 477
1 6 2
253 690
1 6 2
262 254
1 12 2
84 187
1 5 2
262 139
1 3 2
570 474
1 8 2
754 235
1 5 2
338 154
1 15 2
660 56
1 11 2
323 143
1 9 2
737 412
1 15 2
58 482
1 3 2
22 280
1 8 2
784 116
1 6 2
289 398
1 6 2
409 225
1 13 2
267 478
1 8 2
581 501
1 13 2
252 134
1 3 2
205 497
1 7 2
265 733
1 12 2
471 465
1 9 2
175 327
1 2 2
102 781
1 12 2
358 243
1 3 2
588 601
1 9 2
342 35
1 15 2
247 145
1 9 2
557 295
1 7 2
169 1
1 13 2
120 738
1 11 2
148 338
1 12 2
99 14
1 5 2
798 241
1 12 2
465 471
1 12 2
383 682
1 5 2
184 376
1 8 2
542 760
1 13 2
158 54
1 8 2
192 142
1 10 2
428 328
1 15 2
300 759
1 6 2
563 126
1 10 2
129 747
1 11 2
478 631
1 14 2
34 771
1 2 2
598 555
1 10 2
557 76
1 4 2
259 447
1 12 2
557 289
1 6 2
147 727
1 11 2
23 7
1 13 2
22 246
1 5 2
319 343
1 15 2
344 423
1 10 2
609 243
1 2 2
583 546
1 5 2
217 159
1 6 2
480 784
1 14 2
351 658
1 12 2
173 730
1 15 2
205 527
1 14 2
428 614
1 4 2
661 523
1 2 2
287 322
1 3 2
507 750
1 4 2
392 210
1 2 2
766 769
1 15 2
316 52
1 9 2
584 96
1 13 2
428 129
1 8 2
344 208
1 8 2
563 733
1 12 2
626 448
1 5 2
417 333
1 14 2
237 334
1 15 2
340 726
1 7 2
597 178
1 15 2
537 4
1 12 2
464 72
1 2 2
518 541
1 14 2
404 35
1 7 2
750 343
1 3 2
282 151
1 5 2
799 356
1 3 2
122 328
1 10 2
499 368
1 9 2
716 194
1 7 2
472 83
1 14 2
401 707
1 4 2
572 155
1 11 2
571 549
1 9 2
468 109
1 14 2
418 50
1 10 2
648 687
1 13 2
341 758
1 11 2
459 31
1 12 2
767 277
1 6 2
770 215
1 11 2
617 80
1 7 2
635 465
1 10 2
21 420
1 6 2
527 782
1 11 2
395 557
1 2 2
782 587
1 11 2
81 461
1 9 2
563 659
1 6 2
349 685
1 13 2
455 499
1 8 2
578 372
1 15 2
208 628
1 7 2
529 129
1 5 2
653 663
1 9 2
77 388
1 11 2
629 192
1 5 2
556 751
1 13 2
667 440
1 3 2
123 264
1 4 2
704 164
1 11 2
251 673
1 12 2
229 341
1 7 2
735 99
1 6 2
775 298
1 15 2
388 718
1 7 2
629 742
1 11 2
431 335
1 4 2
626 146
1 12 2
427 449
1 2 2
73 537
1 14 2
84 396
1 6 2
497 26
1 5 2
182 288
1 14 2
765 707
1 13 2
151 537
1 5 2
724 375
1 11 2
760 2
1 13 2
404 757
1 13 2
496 689
1 12 2
783 55
1 4 2
549 189
1 5 2
69 20
1 10 2
562 531
1 4 2
296 746
1 3 2
749 65
1 2 2
119 138
1 15 2
585 10
1 7 2
108 714
1 14 2
366 242
1 10 2
54 624
1 2 2
122 128
1 4 2
702 26
1 12 2
397 580
1 13 2
46 757
1 8 2
4 453
1 3 2
690 681
1 7 2
139 93
1 8 2
730 138
1 2 2
128 631
1 7 2
642 279
1 14 2
240 331
1 10 2
336 126
1 5 2
642 439
1 12 2
579 302
1 12 2
44 628
1 6 2
73 350
1 14 2
650 790
1 11 2
305 56
1 3 2
772 517
1 13 2
227 668
1 7 2
138 475
1 2 2
222 303
1 9 2
642 645
1 6 2
254 310
1 4 2
202 203
1 15 2
225 267
1 3 2
105 74
1 3 2
47 708
1 15 2
563 179
1 3 2
276 242
1 4 2
354 153
1 14 2
144 12
1 9 2
483 469
1 14 2
28 408
1 10 2
603 550
1 12 2
793 522
1 15 2
568 129
1 10 2
351 386
1 4 2
761 126
1 9 2
172 202
1 4 2
387 684
1 8 2
540 786
1 13 2
40 307
1 6 2
778 327
1 11 2
340 278
1 13 2
642 511
1 15 2
611 19
1 4 2
636 344
1 9 2
538 207
1 3 2
712 435
1 3 2
519 189
1 5 2
283 328
1 8 2
131 90
1 12 2
557 614
1 15 2
189 258
1 11 2
60 202
1 2 2
287 302
1 10 2
96 80
1 6 2
291 110
1 7 2
110 281
1 5 2
716 487
1 15 2
7 680
1 14 2
146 350
1 5 2
319 456
1 10 2
751 66
1 15 2
751 388
1 13 2
699 206
1 4 2
775 752
1 11 2
223 477
1 15 2
741 738
1 15 2
152 182
1 7 2
140 459
1 3 2
607 639
1 10 2
559 128
1 6 2
695 491
1 3 2
600 254
1 11 2
25 201
1 9 2
510 336
1 6 2
436 485
1 5 2
743 179
1 2 2
370 122
1 5 2
124 690
1 7 2
432 187
1 11 2
549 668
1 4 2
293 757
1 3 2
379 451
1 2 2
136 575
1 14 2
541 606
1 3 2
488 746
1 9 2
700 10
1 4 2
424 754
1 13 2
294 579
1 8 2
417 702
1 5 2
15 761
1 7 2
744 238
1 7 2
298 9
1 9 2
634 33
1 15 2
644 211
1 10 2
597 247
1 9 2
568 378
1 11 2
584 7
1 6 2
362 458
1 4 2
717 83
1 9 2
145 175
1 12 2
778 238
1 4 2
645 29
1 11 2
87 609
1 8 2
103 232
1 14 2
452 356
1 5 2
354 696
1 11 2
358 497
1 15 2
6 339
1 4 2
564 303
1 7 2
777 202
1 15 2
680 694
1 9 2
301 463
1 4 2
372 155
1 8 2
786 730
1 11 2
409 300
1 7 2
709 150
1 8 2
786 1
1 8 2
424 789
1 6 2
174 88
1 4 2
493 298
1 14 2
155 274
1 15 2
352 272
1 13 2
287 335
1 9 2
752 28
1 10 2
243 713
1 8 2
120 752
1 6 2
350 621
1 13 2
52 631
1 5 2
23 658
1 15 2
34 359
1 7 2
571 672
1 3 2
773 6
1 15 2
443 437
1 12 2
38 91
1 4 2
535 278
1 11 2
308 531
1 14 2
504 266
1 3 2
221 634
1 9 2
513 257
1 10 2
35 518
1 9 2
646 591
1 4 2
323 558
1 10 2
626 712
1 12 2
367 690
1 13 2
57 596
1 10 2
776 635
1 5 2
794 14
1 6 2
110 343
