800 6400 2400
20 6 25 15 16 8 23 6 22 22 11 16 6 21 15 14 16 11 5 25 21 23 16 13 16 21 16 12 23 12 25 25 16 22 9 12 16 9 20 12 25 10 12 21 7 5 21 22 17 13 5 22 13 25 23 19 15 15 17 18 25 9 11 14 10 6 8 14 14 6 15 20 12 21 17 5 10 23 10 7 14 16 16 10 15 5 19 16 17 12 5 19 13 6 20 21 6 8 6 20 9 13 22 6 5 23 7 7 10 22 6 8 5 24 13 11 14 19 22 24 21 15 14 25 12 24 15 18 5 23 14 16 22 16 21 12 6 20 10 6 14 20 12 5 6 18 13 16 17 24 5 25 16 21 23 20 9 25 8 21 5 12 9 13 7 24 15 15 23 5 5 5 9 10 6 13 21 11 21 5 23 21 24 17 9 16 6 24 19 6 24 18 13 23 13 25 22 5 17 18 15 22 18 20 9 18 18 9 5 17 7 6 14 14 13 11 5 22 16 20 17 25 24 24 25 25 22 25 5 25 21 10 15 17 21 6 21 25 7 8 25 5 14 9 8 11 19 22 12 5 21 9 8 19 17 9 18 19 10 16 17 23 23 5 25 15 19 12 24 6 23 9 12 24 13 22 15 15 7 25 14 14 21 11 8 17 12 21 19 12 18 11 15 20 21 25 5 16 25 13 12 15 13 24 23 9 12 11 18 8 15 13 22 8 15 12 22 13 24 18 16 12 8 23 9 17 17 16 10 12 9 10 7 16 19 17 21 21 21 8 7 17 24 16 7 7 10 8 14 15 11 13 16 15 10 9 17 18 14 24 17 7 20 25 20 24 24 15 9 11 20 7 21 18 7 14 13 5 16 15 6 15 23 17 22 16 24 14 8 13 7 13 8 25 12 10 6 15 12 11 13 5 14 17 20 16 10 10 9 16 11 15 7 11 25 14 14 9 8 10 9 23 19 14 8 12 12 18 7 19 16 18 19 13 21 15 23 8 25 9 10 13 17 22 22 10 5 8 9 6 14 6 10 12 12 19 14 21 17 23 12 13 5 9 10 16 23 10 22 14 9 6 23 21 18 15 25 5 14 18 6 23 14 22 15 25 6 24 5 25 16 7 19 11 16 16 15 16 7 11 25 17 19 13 16 22 10 22 6 20 25 5 24 8 15 20 9 13 22 16 25 24 15 6 21 15 12 25 25 21 25 18 14 20 9 17 23 25 17 17 15 17 8 7 18 7 15 15 24 25 22 12 9 21 5 14 8 20 13 12 23 23 7 11 7 17 20 12 7 16 13 11 10 13 15 19 13 24 23 11 15 6 14 18 24 14 20 13 10 8 13 24 6 20 23 7 19 8 21 8 12 8 23 24 24 5 23 11 6 25 18 10 9 21 12 18 22 11 19 7 7 7 19 13 7 24 16 9 21 15 16 15 8 22 7 14 14 5 18 13 11 10 16 10 21 7 23 16 17 21 24 13 6 25 22 10 5 5 12 17 9 24 6 13 20 10 8 19 20 10 13 13 16 6 15 25 25 15 19 9 17 22 5 20 15 8 21 16 21 8 22 14 25 6 16 13 21 12 16 9 5 17 6 6 16 9 14 10 24 22 10 21 20 12 6 24 9 24 24 21 13 12 7 21 17 11 10 9 13 19 10 23 25 24 10 13 11 12 13 8 21 14 15 21 6 15 17 8 9 16 18 8 8 19 17 16 20 6 8 23 18 8 14 18 25 12 20 14 13 16 9 15 24 6 25 25 7 12 21 6 22 18 23 10 23 23 11 21 18 9 17 20 6 11 25 18 12 17 22 17
3 13 4 6 12 9 20 19 9 6 15 3 16 11 20 6 12 9 14 11 12 11 11 13 7 6 15 18 19 4 17 7 11 11 19 17 17 20 8 3 17 4 9 14 7 17 15 3 14 4 18 18 16 20 10 11 9 4 13 14 14 19 14 17 12 11 12 9 9 19 16 10 9 13 7 11 3 8 11 19 9 19 6 8 6 10 4 9 10 6 17 3 12 9 16 3 15 6 19 8 10 7 9 8 14 15 17 17 9 9 13 5 6 13 9 16 6 14 16 9 14 14 7 4 5 10 15 4 4 6 11 17 20 13 7 8 15 19 12 13 15 14 18 13 19 4 16 9 8 12 3 17 14 12 4 5 9 20 18 12 14 11 3 8 16 10 8 20 4 17 6 3 19 17 3 3 8 11 19 12 18 8 19 19 9 8 15 7 5 6 18 11 17 7 9 4 8 18 7 20 18 6 4 13 16 14 13 14 5 17 5 6 3 3 8 16 20 18 3 15 11 4 7 15 9 3 16 9 8 14 14 17 14 18 6 11 14 11 7 19 12 14 17 10 17 8 3 12 11 5 14 20 8 10 20 17 17 16 12 15 11 8 11 13 6 11 17 11 18 11 5 5 13 17 8 19 5 15 20 18 7 7 19 17 12 13 19 13 11 16 19 20 19 16 6 6 18 3 11 12 16 6 16 14 6 11 4 12 14 8 14 8 10 9 9 3 4 7 4 11 13 13 4 12 15 20 18 12 13 3 13 8 3 10 18 10 16 18 17 7 6 3 4 17 8 5 10 5 13 4 13 19 13 12 9 3 9 15 6 16 19 6 7 20 3 20 3 13 11 18 8 3 16 19 7 9 8 8 9 18 17 5 20 6 13 14 8 14 17 6 16 10 4 18 19 3 11 15 11 20 6 12 10 19 19 17 11 5 16 7 5 12 15 3 7 19 13 16 13 20 18 19 13 15 20 19 20 15 4 8 9 20 8 17 20 17 5 17 7 17 13 3 10 8 13 17 5 4 17 15 14 12 8 6 19 12 4 16 14 20 9 9 5 12 7 17 16 10 9 5 7 19 13 16 15 6 10 5 18 11 3 4 5 4 16 4 11 6 18 15 20 6 9 19 9 10 19 8 18 10 10 15 15 8 18 18 13 6 14 13 10 18 18 6 17 11 10 12 8 6 16 17 17 18 20 7 3 15 9 15 13 16 17 14 19 9 7 7 12 12 6 3 7 12 11 15 11 7 5 19 18 13 16 17 11 11 17 8 10 14 4 20 4 4 17 13 9 16 3 6 7 9 17 20 17 9 10 5 14 11 11 12 19 12 10 8 15 12 12 19 5 15 3 11 6 10 11 4 11 17 5 19 6 11 19 19 6 3 16 11 11 17 6 16 9 5 11 5 16 19 12 8 18 5 16 8 10 8 3 7 13 13 17 11 7 5 20 9 17 18 10 7 10 6 17 19 3 19 13 14 8 11 12 11 7 14 9 8 14 18 8 6 4 5 15 4 9 19 18 12 11 7 3 7 9 12 6 9 14 17 9 7 17 13 11 4 11 6 14 20 3 20 4 13 6 4 7 4 14 17 3 4 15 13 9 9 19 11 17 8 20 19 13 3 16 6 5 6 8 10 17 18 7 13 16 12 16 16 4 5 4 18 10 14 11 3 4 6 7 14 16 12 16 5 15 14 16 4 12 7 6 12 11 19 9 10 10 7 11 11 5 17 12 7 8 12 3 7 19 12 7 8 3 11 4 6 7 5 7 12 17 20 13 17 10 13 19 16 18 3 7 6 17 4 16 19 16 5 12 3
1 2 2
428 78
1 14 2
277 351
1 14 2
232 548
1 5 2
371 642
1 6 2
717 408
1 11 2
46 715
1 8 2
119 544
1 5 2
39 703
1 13 2
206 361
1 11 2
423 610
1 6 2
187 530
1 10 2
73 187
1 12 2
519 670
1 12 2
606 675
1 14 2
783 780
1 11 2
598 102
1 11 2
553 473
1 10 2
75 135
1 14 2
276 397
1 12 2
715 462
1 2 2
26 497
1 9 2
638 712
1 3 2
253 737
1 15 2
345 206
1 13 2
97 149
1 2 2
571 251
1 6 2
538 771
1 4 2
113 610
1 14 2
47 336
1 4 2
112 396
1 15 2
514 384
1 5 2
795 404
1 15 2
461 690
1 12 2
11 0
1 7 2
15 169
1 8 2
752 25
1 15 2
264 153
1 6 2
263 493
1 6 2
443 164
1 4 2
150 367
1 6 2
52 409
1 6 2
22 646
1 6 2
176 329
1 6 2
278 439
1 11 2
686 543
1 14 2
573 437
1 11 2
704 379
1 14 2
573 284
1 10 2
339 281
1 10 2
2 605
1 14 2
125 328
1 12 2
255 562
1 9 2
746 281
1 15 2
324 233
1 13 2
752 553
1 13 2
264 20
1 5 2
4 165
1 6 2
79 14
1 12 2
770 490
1 15 2
597 722
1 5 2
275 402
1 13 2
206 135
1 5 2
525 313
1 6 2
543 260
1 3 2
640 45
1 10 2
90 480
1 3 2
667 579
1 14 2
766 23
1 5 2
689 294
1 5 2
202 38
1 7 2
795 292
1 5 2
186 751
1 9 2
438 15
1 7 2
217 676
1 8 2
620 21
1 8 2
585 196
1 12 2
733 50
1 5 2
475 195
1 6 2
254 620
1 4 2
16 603
1 8 2
494 503
1 12 2
49 62
1 3 2
105 456
1 11 2
534 155
1 14 2
301 225
1 13 2
728 464
1 4 2
81 788
1 9 2
334 469
1 5 2
46 293
1 10 2
128 7
1 5 2
181 499
1 13 2
431 779
1 2 2
114 70
1 3 2
422 483
1 8 2
687 409
1 9 2
206 721
1 6 2
21 650
1 3 2
638 504
1 6 2
441 742
1 4 2
724 189
1 12 2
395 532
1 15 2
528 714
1 15 2
88 666
1 15 2
229 168
1 5 2
379 224
1 12 2
192 269
1 15 2
575 104
1 8 2
312 669
1 13 2
272 481
1 12 2
189 716
1 11 2
199 422
1 5 2
259 29
1 3 2
492 78
1 9 2
0 220
1 5 2
486 547
1 5 2
200 417
1 15 2
385 335
1 10 2
554 292
1 9 2
736 111
1 8 2
579 337
1 13 2
80 243
1 11 2
107 423
1 9 2
360 291
1 10 2
191 140
1 6 2
489 618
1 6 2
725 624
1 13 2
699 787
1 7 2
789 717
1 11 2
600 284
1 9 2
325 234
1 12 2
325 317
1 3 2
772 71
1 13 2
775 568
1 5 2
99 585
1 14 2
768 99
1 4 2
203 134
1 8 2
610 421
1 6 2
779 613
1 4 2
482 716
1 3 2
418 110
1 5 2
39 371
1 10 2
288 442
1 10 2
490 351
1 14 2
499 727
1 4 2
771 1
1 5 2
322 90
1 2 2
702 498
1 11 2
750 348
1 6 2
746 642
1 14 2
57 227
1 9 2
90 472
1 12 2
63 11
1 12 2
503 86
1 10 2
98 610
1 12 2
69 519
1 2 2
540 38
1 12 2
459 601
1 15 2
83 570
1 14 2
434 464
1 4 2
190 682
1 3 2
11 434
1 9 2
775 373
1 4 2
258 290
1 2 2
292 697
1 7 2
276 482
1 11 2
610 457
1 6 2
311 134
1 5 2
649 86
1 7 2
98 301
1 6 2
423 728
1 15 2
713 557
1 7 2
457 75
1 5 2
167 338
1 2 2
427 750
1 6 2
317 202
1 15 2
764 198
1 4 2
187 731
1 10 2
647 578
1 10 2
467 548
1 7 2
473 24
1 6 2
64 370
1 13 2
138 295
1 13 2
140 181
1 14 2
723 793
1 14 2
159 630
1 13 2
517 329
1 15 2
742 646
1 11 2
242 796
1 10 2
271 275
1 13 2
575 325
1 12 2
414 135
1 7 2
145 237
1 10 2
504 255
1 10 2
308 506
1 15 2
26 505
1 8 2
583 653
1 9 2
772 116
1 7 2
748 36
1 11 2
362 275
1 9 2
375 106
1 8 2
745 150
1 4 2
438 146
1 4 2
600 463
1 6 2
129 31
1 5 2
325 525
1 11 2
516 654
1 10 2
639 383
1 9 2
130 494
1 6 2
574 241
1 7 2
202 70
1 7 2
227 172
1 10 2
512 339
1 15 2
37 249
1 10 2
186 33
1 12 2
733 701
1 9 2
446 512
1 5 2
398 22
1 13 2
660 196
1 7 2
459 672
1 3 2
212 594
1 8 2
39 647
1 2 2
567 580
1 8 2
147 661
1 3 2
345 311
1 10 2
202 106
1 15 2
112 607
1 8 2
589 159
1 13 2
198 695
1 15 2
250 471
1 4 2
190 187
1 4 2
380 54
1 11 2
548 437
1 13 2
519 746
1 15 2
411 337
1 4 2
433 301
1 7 2
73 689
1 14 2
296 637
1 5 2
314 791
1 7 2
190 422
1 7 2
561 773
1 9 2
303 128
1 4 2
562 732
1 9 2
195 185
1 14 2
665 371
1 3 2
713 730
1 2 2
73 253
1 13 2
625 687
1 14 2
717 334
1 5 2
548 450
1 15 2
628 489
1 2 2
683 312
1 12 2
689 245
1 14 2
321 128
1 7 2
581 133
1 4 2
354 481
1 12 2
524 412
1 12 2
21 260
1 13 2
168 701
1 10 2
33 87
1 15 2
455 632
1 12 2
716 128
1 7 2
537 546
1 12 2
321 425
1 5 2
193 495
1 13 2
417 310
1 6 2
35 577
1 6 2
143 283
1 12 2
689 718
1 8 2
270 568
1 7 2
448 637
1 13 2
796 412
1 10 2
65 605
1 5 2
741 249
1 11 2
347 225
1 15 2
144 220
1 7 2
192 505
1 4 2
331 200
1 14 2
440 697
1 5 2
644 12
1 8 2
338 22
1 11 2
613 82
1 9 2
464 38
1 4 2
773 377
1 12 2
359 730
1 6 2
765 223
1 5 2
306 567
1 7 2
211 23
1 5 2
587 292
1 8 2
432 469
1 11 2
399 492
1 2 2
20 122
1 2 2
480 77
1 5 2
608 66
1 12 2
730 182
1 10 2
578 261
1 9 2
21 8
1 8 2
630 216
1 14 2
181 727
1 2 2
365 604
1 11 2
691 611
1 14 2
773 381
1 3 2
102 587
1 5 2
317 657
1 13 2
535 332
1 11 2
714 609
1 7 2
141 628
1 2 2
89 1
1 12 2
709 615
1 5 2
506 656
1 11 2
463 557
1 7 2
389 94
1 15 2
623 186
1 13 2
557 287
1 11 2
565 3
1 4 2
201 579
1 10 2
429 665
1 6 2
720 666
1 2 2
128 230
1 14 2
488 431
1 5 2
423 158
1 7 2
479 455
1 11 2
474 755
1 2 2
454 83
1 14 2
658 592
1 10 2
248 6
1 10 2
526 446
1 14 2
292 52
1 5 2
242 461
1 7 2
268 438
1 14 2
649 513
1 5 2
129 664
1 14 2
203 424
1 15 2
645 163
1 8 2
592 620
1 11 2
497 319
1 2 2
649 328
1 14 2
299 575
1 13 2
743 216
1 14 2
410 54
1 6 2
112 671
1 13 2
182 514
1 15 2
450 233
1 8 2
476 235
1 3 2
133 799
1 7 2
449 403
1 11 2
331 29
1 4 2
702 152
1 11 2
244 562
1 12 2
60 550
1 5 2
226 5
1 11 2
425 270
1 4 2
218 689
1 12 2
589 691
1 10 2
617 242
1 2 2
265 430
1 10 2
309 49
1 11 2
8 358
1 10 2
595 512
1 10 2
356 609
1 10 2
412 571
1 5 2
234 85
1 8 2
596 781
1 11 2
502 142
1 12 2
274 494
1 3 2
455 379
1 13 2
757 726
1 4 2
308 757
1 10 2
256 172
1 6 2
734 591
1 3 2
661 574
1 6 2
275 441
1 8 2
552 11
1 14 2
145 634
1 3 2
426 284
1 2 2
278 354
1 15 2
552 740
1 11 2
422 794
1 13 2
468 255
1 5 2
673 1
1 8 2
310 117
1 7 2
404 94
1 11 2
46 99
1 6 2
525 227
1 6 2
66 298
1 14 2
470 344
1 6 2
31 147
1 2 2
782 730
1 13 2
511 703
1 2 2
34 331
1 6 2
433 344
1 13 2
346 479
1 9 2
787 750
1 4 2
186 525
1 3 2
755 684
1 2 2
467 703
1 10 2
551 28
1 3 2
235 571
1 4 2
431 675
1 10 2
351 399
1 6 2
636 452
1 15 2
102 788
1 6 2
780 400
1 2 2
246 659
1 8 2
181 191
1 13 2
648 90
1 8 2
663 638
1 9 2
698 630
1 5 2
657 64
1 8 2
302 173
1 8 2
506 75
1 8 2
345 54
1 15 2
133 710
1 13 2
644 575
1 2 2
638 485
1 14 2
586 287
1 12 2
272 119
1 3 2
217 669
1 7 2
254 508
1 15 2
366 47
1 10 2
90 301
1 6 2
483 513
1 9 2
81 443
1 12 2
552 596
1 15 2
285 69
1 7 2
305 226
1 3 2
388 448
1 12 2
788 706
1 10 2
395 544
1 3 2
19 714
1 13 2
203 124
1 14 2
350 745
1 13 2
443 731
1 5 2
277 773
1 12 2
306 645
1 13 2
591 344
1 4 2
20 731
1 12 2
15 342
1 3 2
785 54
1 4 2
700 1
1 8 2
509 362
1 8 2
577 310
1 7 2
321 426
1 9 2
73 602
1 2 2
447 637
1 13 2
15 790
1 4 2
143 790
1 10 2
514 206
1 11 2
392 502
1 12 2
524 408
1 7 2
369 9
1 5 2
201 261
1 13 2
243 778
1 6 2
121 323
1 12 2
241 493
1 7 2
647 278
1 3 2
476 490
1 10 2
595 581
1 6 2
125 665
1 8 2
754 656
1 2 2
266 256
1 11 2
291 200
1 4 2
93 519
1 15 2
177 308
1 6 2
170 480
1 5 2
50 69
1 13 2
107 583
1 11 2
211 545
1 2 2
280 672
1 13 2
316 195
1 9 2
436 305
1 7 2
658 687
1 10 2
477 323
1 4 2
672 455
1 5 2
777 466
1 2 2
707 411
1 10 2
212 110
1 5 2
62 631
1 3 2
250 565
1 11 2
551 484
1 15 2
461 491
1 3 2
690 141
1 13 2
335 522
1 14 2
741 617
1 15 2
694 667
1 5 2
325 649
1 10 2
777 745
1 15 2
401 684
1 7 2
185 592
1 3 2
693 187
1 2 2
493 261
1 2 2
85 272
1 11 2
603 194
1 3 2
150 630
1 11 2
667 642
1 13 2
211 367
1 10 2
506 704
1 14 2
19 454
1 7 2
382 272
1 2 2
87 272
1 15 2
416 365
1 8 2
410 16
1 10 2
677 215
1 2 2
649 171
1 12 2
436 85
1 15 2
790 756
1 14 2
310 20
1 15 2
730 173
1 5 2
258 760
1 9 2
372 389
1 12 2
322 455
1 5 2
349 575
1 4 2
376 678
1 3 2
237 595
1 9 2
347 459
1 14 2
481 773
1 8 2
8 119
1 3 2
326 321
1 6 2
799 71
1 5 2
795 109
1 2 2
21 294
1 8 2
531 55
1 2 2
294 101
1 7 2
669 575
1 15 2
77 534
1 3 2
509 501
1 2 2
658 719
1 8 2
402 339
1 13 2
655 716
1 2 2
330 720
1 15 2
780 590
1 7 2
201 701
1 13 2
223 611
1 11 2
615 439
1 3 2
0 60
1 8 2
600 475
1 12 2
518 127
1 9 2
538 745
1 9 2
254 475
1 10 2
67 674
1 5 2
11 167
1 7 2
321 475
1 5 2
528 121
1 6 2
477 498
1 10 2
174 384
1 9 2
234 438
1 6 2
198 201
1 8 2
410 314
1 9 2
8 714
1 9 2
578 3
1 2 2
424 377
1 13 2
75 174
1 4 2
599 280
1 14 2
505 799
1 10 2
720 667
1 12 2
221 70
1 10 2
522 722
1 10 2
631 577
1 7 2
269 242
1 11 2
329 443
1 15 2
587 592
1 11 2
73 534
1 15 2
612 86
1 3 2
40 89
1 6 2
348 223
1 3 2
705 227
1 5 2
297 652
1 10 2
746 233
1 12 2
217 227
1 11 2
495 34
1 14 2
123 255
1 6 2
624 736
1 11 2
610 253
1 14 2
660 55
1 5 2
504 709
1 3 2
367 716
1 15 2
431 32
1 13 2
314 235
1 6 2
348 215
1 4 2
379 535
1 10 2
600 687
1 14 2
270 667
1 9 2
39 388
1 10 2
495 643
1 6 2
145 159
1 7 2
337 550
1 12 2
29 362
1 4 2
311 281
1 7 2
601 562
1 6 2
597 403
1 10 2
614 748
1 11 2
423 386
1 8 2
341 389
1 9 2
379 249
1 7 2
750 597
1 5 2
633 352
1 4 2
471 571
1 4 2
507 86
1 13 2
638 89
1 7 2
233 399
1 14 2
216 482
1 8 2
792 365
1 8 2
159 474
1 15 2
75 435
1 8 2
316 626
1 9 2
33 478
1 11 2
511 258
1 2 2
197 241
1 6 2
125 685
1 15 2
313 326
1 7 2
707 572
1 12 2
181 407
1 15 2
460 597
1 10 2
246 643
1 3 2
612 165
1 2 2
361 574
1 9 2
760 713
1 2 2
404 412
1 3 2
521 156
1 15 2
133 120
1 4 2
511 724
1 15 2
396 90
1 9 2
226 644
1 5 2
570 58
1 14 2
148 591
1 3 2
117 769
1 4 2
756 276
1 8 2
84 621
1 10 2
68 69
1 7 2
171 330
1 13 2
530 658
1 13 2
687 212
1 15 2
682 645
1 15 2
546 471
1 2 2
681 365
1 6 2
789 265
1 7 2
679 614
1 8 2
445 524
1 14 2
551 470
1 6 2
459 734
1 7 2
212 38
1 9 2
87 250
1 8 2
426 493
1 7 2
216 789
1 2 2
358 548
1 10 2
559 554
1 5 2
443 579
1 2 2
169 176
1 12 2
447 438
1 11 2
247 130
1 7 2
594 12
1 5 2
382 586
1 6 2
489 308
1 4 2
281 700
1 3 2
198 223
1 15 2
3 226
1 13 2
708 289
1 4 2
687 707
1 13 2
598 630
1 15 2
633 527
1 9 2
595 28
1 9 2
246 711
1 2 2
695 758
1 14 2
356 540
1 4 2
758 624
1 10 2
592 681
1 14 2
741 105
1 13 2
223 352
1 2 2
732 584
1 8 2
273 442
1 5 2
194 81
1 6 2
670 472
1 14 2
349 146
1 3 2
621 111
1 15 2
521 428
1 5 2
207 676
1 13 2
196 463
1 10 2
495 241
1 8 2
721 244
1 10 2
793 493
1 7 2
163 490
1 5 2
245 719
1 4 2
296 106
1 7 2
569 513
1 14 2
668 410
1 14 2
442 546
1 10 2
751 700
1 11 2
722 578
1 3 2
266 98
1 9 2
121 148
1 4 2
145 119
1 14 2
639 416
1 7 2
792 452
1 11 2
786 407
1 2 2
39 563
1 10 2
568 790
1 6 2
510 779
1 13 2
74 265
1 14 2
173 496
1 2 2
505 598
1 7 2
465 701
1 14 2
523 535
1 8 2
370 597
1 5 2
741 150
1 5 2
442 2
1 8 2
737 422
1 8 2
158 404
1 8 2
682 435
1 6 2
271 290
1 14 2
574 153
1 3 2
125 399
1 8 2
578 150
1 9 2
44 499
1 9 2
637 450
1 10 2
418 796
1 8 2
362 611
1 10 2
527 572
1 3 2
583 350
1 3 2
163 606
1 10 2
192 582
1 11 2
459 738
1 10 2
162 74
1 7 2
372 784
1 7 2
175 72
1 15 2
528 10
1 3 2
639 749
1 10 2
150 434
1 4 2
147 142
1 7 2
101 157
1 14 2
376 672
1 6 2
470 532
1 14 2
417 120
1 14 2
738 788
1 5 2
467 549
1 15 2
521 748
1 8 2
626 66
1 6 2
558 131
1 9 2
563 719
1 14 2
403 777
1 15 2
782 55
1 10 2
410 648
1 14 2
238 553
1 5 2
626 351
1 11 2
580 693
1 7 2
601 369
1 6 2
729 663
1 3 2
675 129
1 5 2
431 378
1 6 2
670 792
1 3 2
449 331
1 6 2
589 601
1 9 2
586 455
1 2 2
222 124
1 13 2
475 87
1 12 2
207 42
1 3 2
617 87
1 13 2
587 292
1 13 2
652 109
1 11 2
14 327
1 7 2
710 418
1 13 2
174 372
1 4 2
567 232
1 14 2
691 694
1 4 2
619 299
1 15 2
633 67
1 3 2
184 131
1 8 2
289 482
1 7 2
27 280
1 13 2
536 724
1 11 2
122 201
1 2 2
16 712
1 5 2
554 679
1 2 2
10 743
1 12 2
560 158
1 14 2
300 483
1 15 2
755 777
1 2 2
137 56
1 9 2
57 113
1 6 2
441 108
1 11 2
160 618
1 4 2
486 539
1 2 2
210 25
1 4 2
476 101
1 4 2
273 641
1 13 2
17 557
1 7 2
554 195
1 4 2
281 607
1 6 2
172 1
1 9 2
503 204
1 5 2
154 770
1 4 2
475 726
1 5 2
709 106
1 14 2
790 481
1 9 2
161 6
1 3 2
156 452
1 8 2
509 732
1 8 2
263 134
1 9 2
178 680
1 7 2
37 548
1 12 2
440 84
1 7 2
496 259
1 8 2
67 536
1 9 2
771 719
1 8 2
138 754
1 4 2
198 554
1 7 2
533 628
1 14 2
30 533
1 13 2
500 765
1 11 2
49 600
1 14 2
355 357
1 6 2
569 678
1 10 2
279 429
1 8 2
64 125
1 13 2
535 386
1 9 2
634 663
1 3 2
128 162
1 5 2
393 542
1 13 2
57 317
1 11 2
190 576
1 9 2
290 186
1 11 2
775 392
1 14 2
295 308
1 4 2
319 645
1 9 2
479 81
1 2 2
398 103
1 3 2
296 83
1 13 2
467 748
1 2 2
111 314
1 5 2
511 338
1 13 2
516 52
1 12 2
36 17
1 11 2
557 658
1 9 2
241 119
1 5 2
484 447
1 11 2
774 388
1 9 2
269 273
1 6 2
28 617
1 8 2
480 138
1 13 2
310 276
1 5 2
137 654
1 3 2
45 675
1 10 2
468 637
1 15 2
39 169
1 7 2
221 415
1 2 2
528 729
1 7 2
513 290
1 2 2
379 667
1 6 2
238 387
1 10 2
667 765
1 14 2
5 147
1 15 2
567 747
1 12 2
667 313
1 7 2
683 402
1 4 2
656 585
1 4 2
205 361
1 3 2
687 401
1 3 2
382 11
1 15 2
249 116
1 7 2
269 780
1 4 2
781 608
1 7 2
193 512
1 11 2
481 707
1 9 2
169 426
1 14 2
170 676
1 7 2
536 582
1 9 2
103 501
1 7 2
33 123
1 13 2
653 7
1 3 2
266 385
1 6 2
548 114
1 13 2
633 276
1 15 2
341 91
1 7 2
111 186
1 14 2
231 420
1 8 2
384 152
1 10 2
342 651
1 13 2
435 333
1 14 2
301 139
1 9 2
367 639
1 4 2
318 468
1 2 2
781 302
1 9 2
106 160
1 3 2
67 327
1 7 2
31 760
1 10 2
284 177
1 8 2
53 615
1 5 2
64 95
1 3 2
583 215
1 10 2
388 468
1 5 2
697 695
1 8 2
326 299
1 12 2
798 687
1 13 2
242 459
1 10 2
278 329
1 7 2
630 347
1 15 2
69 301
1 8 2
43 792
1 11 2
572 737
1 15 2
792 399
1 4 2
148 54
1 6 2
345 439
1 9 2
482 424
1 4 2
531 89
1 3 2
447 29
1 8 2
415 390
1 7 2
690 542
1 3 2
3 648
1 6 2
238 689
1 12 2
85 402
1 11 2
365 150
1 13 2
124 360
1 5 2
235 3
1 7 2
702 431
1 4 2
236 574
1 5 2
331 389
1 7 2
408 269
1 6 2
272 611
1 13 2
281 761
1 11 2
249 581
1 6 2
622 252
1 7 2
718 78
1 6 2
306 157
1 6 2
215 67
1 14 2
209 25
1 15 2
665 9
1 7 2
163 185
1 9 2
282 464
1 6 2
317 480
1 3 2
71 181
1 5 2
583 390
1 12 2
764 381
1 12 2
153 570
1 11 2
479 259
1 10 2
597 713
1 6 2
322 226
1 6 2
647 310
1 3 2
424 407
1 10 2
180 464
1 13 2
779 671
1 10 2
684 164
1 14 2
352 663
1 4 2
180 307
1 5 2
227 119
1 3 2
595 122
1 4 2
82 232
1 12 2
300 644
1 6 2
76 645
1 14 2
243 187
1 8 2
269 654
1 4 2
457 676
1 4 2
405 183
1 10 2
624 88
1 6 2
276 286
1 12 2
249 469
1 9 2
771 109
1 5 2
494 296
1 6 2
418 74
1 8 2
618 696
1 4 2
784 238
1 6 2
509 533
1 13 2
18 789
1 7 2
161 620
1 2 2
114 515
1 13 2
154 39
1 6 2
709 185
1 8 2
42 520
1 4 2
15 626
1 15 2
463 657
1 7 2
51 512
1 2 2
228 675
1 13 2
655 761
1 3 2
725 493
1 5 2
3 510
1 9 2
777 234
1 5 2
536 26
1 11 2
96 85
1 7 2
342 108
1 2 2
213 501
1 15 2
631 788
1 6 2
694 310
1 6 2
252 78
1 7 2
259 311
1 14 2
543 512
1 7 2
70 368
1 4 2
616 284
1 7 2
361 259
1 14 2
54 58
1 10 2
49 368
1 4 2
673 227
1 11 2
289 503
1 15 2
189 602
1 12 2
796 193
1 4 2
641 565
1 7 2
568 325
1 15 2
492 674
1 3 2
436 51
1 10 2
329 122
1 11 2
253 263
1 11 2
31 284
1 9 2
684 246
1 3 2
34 371
1 3 2
19 286
1 15 2
79 744
1 4 2
6 670
1 7 2
241 270
1 14 2
498 421
1 11 2
493 515
1 6 2
209 369
1 3 2
566 316
1 8 2
263 432
1 8 2
10 158
1 3 2
747 628
1 10 2
9 586
1 3 2
145 484
1 4 2
674 536
1 12 2
595 197
1 3 2
730 595
1 8 2
635 435
1 5 2
471 22
1 8 2
161 567
1 12 2
396 638
1 14 2
777 353
1 3 2
12 28
1 12 2
224 430
1 4 2
318 395
1 15 2
533 706
1 8 2
382 230
1 15 2
630 758
1 4 2
337 100
1 2 2
142 757
1 6 2
303 194
1 11 2
5 61
1 4 2
118 43
1 15 2
202 413
1 10 2
74 368
1 11 2
293 571
1 3 2
303 308
1 8 2
733 538
1 13 2
205 603
1 4 2
126 605
1 9 2
185 786
1 11 2
623 634
1 5 2
696 408
1 7 2
440 323
1 15 2
250 677
1 6 2
292 748
1 5 2
429 56
1 3 2
527 746
1 9 2
123 415
1 8 2
3 174
1 10 2
151 161
1 14 2
425 193
1 15 2
364 282
1 2 2
320 404
1 11 2
678 459
1 12 2
356 33
1 5 2
633 571
1 3 2
355 522
1 13 2
290 65
1 15 2
421 169
1 13 2
609 133
1 4 2
518 710
1 10 2
241 483
1 3 2
627 572
1 15 2
798 776
1 2 2
646 737
1 6 2
687 264
1 5 2
617 686
1 5 2
467 524
1 12 2
168 234
1 12 2
29 413
1 12 2
789 529
1 6 2
705 169
1 9 2
650 598
1 3 2
471 556
1 12 2
645 372
1 7 2
608 518
1 13 2
421 527
1 5 2
528 55
1 9 2
40 472
1 7 2
231 558
1 3 2
439 47
1 6 2
456 719
1 10 2
731 296
1 7 2
694 487
1 2 2
532 546
1 15 2
323 159
1 8 2
789 186
1 11 2
437 466
1 10 2
221 208
1 4 2
570 285
1 2 2
321 241
1 12 2
78 200
1 13 2
166 462
1 4 2
495 610
1 12 2
382 487
1 14 2
681 163
1 3 2
258 470
1 10 2
302 54
1 10 2
420 245
1 9 2
288 276
1 6 2
702 427
1 10 2
179 152
1 5 2
17 501
1 9 2
58 750
1 8 2
157 599
1 6 2
681 511
1 10 2
375 382
1 3 2
760 354
1 3 2
126 123
1 11 2
163 323
1 5 2
193 27
1 4 2
170 30
1 10 2
749 675
1 13 2
680 239
1 9 2
794 342
1 8 2
210 681
1 4 2
297 270
1 11 2
743 490
1 11 2
652 532
1 2 2
156 181
1 5 2
711 715
1 7 2
335 281
1 3 2
726 108
1 13 2
200 396
1 9 2
705 333
1 11 2
774 608
1 14 2
639 8
1 14 2
557 639
1 9 2
281 663
1 13 2
729 390
1 4 2
119 558
1 3 2
206 690
1 13 2
290 385
1 4 2
314 242
1 9 2
580 605
1 11 2
102 740
1 9 2
557 109
1 3 2
591 182
1 7 2
133 744
1 7 2
24 349
1 14 2
566 635
1 9 2
424 87
1 5 2
209 627
1 10 2
588 188
1 15 2
206 597
1 6 2
534 516
1 10 2
637 654
1 12 2
291 377
1 5 2
23 166
1 9 2
326 322
1 14 2
562 420
1 14 2
162 44
1 13 2
774 127
1 2 2
63 521
1 10 2
155 267
1 13 2
92 518
1 12 2
654 379
1 10 2
798 793
1 3 2
23 64
1 2 2
751 348
1 7 2
581 193
1 8 2
240 272
1 11 2
475 189
1 12 2
401 666
1 2 2
504 561
1 13 2
135 610
1 7 2
504 789
1 3 2
263 579
1 11 2
18 207
1 13 2
226 483
1 8 2
406 213
1 5 2
182 365
1 14 2
764 152
1 8 2
365 378
1 15 2
79 48
1 13 2
401 192
1 3 2
358 167
1 12 2
533 510
1 3 2
3 772
1 10 2
200 798
1 4 2
436 342
1 13 2
474 307
1 9 2
316 541
1 9 2
584 440
1 3 2
27 2
1 14 2
305 531
1 8 2
251 543
1 2 2
119 156
1 13 2
350 415
1 5 2
551 9
1 11 2
439 385
1 14 2
748 286
1 15 2
673 24
1 12 2
494 479
1 8 2
52 480
1 5 2
531 769
1 14 2
446 325
1 15 2
493 364
1 12 2
553 389
1 11 2
325 226
1 9 2
249 355
1 8 2
195 561
1 14 2
620 626
1 5 2
732 566
1 9 2
216 749
1 6 2
779 656
1 4 2
499 83
1 4 2
361 162
1 2 2
482 165
1 14 2
124 424
1 3 2
351 343
1 12 2
665 632
1 10 2
549 571
1 13 2
478 26
1 15 2
384 551
1 15 2
776 409
1 13 2
444 727
1 5 2
453 745
1 8 2
383 384
1 13 2
615 752
1 2 2
280 471
1 11 2
677 119
1 14 2
113 748
1 5 2
618 277
1 11 2
38 178
1 12 2
243 175
1 6 2
733 74
1 9 2
38 399
1 2 2
521 43
1 15 2
293 516
1 2 2
732 520
1 15 2
152 629
1 13 2
400 762
1 7 2
66 340
1 3 2
200 583
1 13 2
408 20
1 11 2
201 514
1 2 2
292 782
1 3 2
719 320
1 7 2
572 432
1 5 2
705 780
1 5 2
466 783
1 9 2
127 589
1 8 2
738 731
1 4 2
452 481
1 12 2
627 480
1 12 2
676 83
1 11 2
202 533
1 2 2
525 597
1 7 2
258 275
1 10 2
679 162
1 15 2
489 383
1 5 2
506 495
1 10 2
579 505
1 6 2
726 462
1 4 2
96 420
1 6 2
446 166
1 10 2
479 231
1 9 2
524 191
1 5 2
742 71
1 10 2
289 712
1 13 2
466 4
1 8 2
147 596
1 7 2
32 141
1 3 2
5 786
1 3 2
580 707
1 12 2
672 202
1 8 2
278 25
1 9 2
558 670
1 4 2
236 443
1 11 2
321 405
1 7 2
579 571
1 6 2
241 158
1 6 2
575 683
1 8 2
726 762
1 6 2
270 353
1 7 2
114 153
1 10 2
396 301
1 13 2
574 155
1 9 2
122 159
1 10 2
518 23
1 13 2
173 285
1 2 2
798 670
1 11 2
668 353
1 13 2
239 401
1 4 2
472 553
1 15 2
712 441
1 6 2
652 522
1 2 2
74 271
1 5 2
236 422
1 14 2
327 265
1 11 2
117 665
1 12 2
166 294
1 11 2
403 190
1 6 2
262 725
1 5 2
539 267
1 15 2
356 609
1 8 2
457 176
1 3 2
56 693
1 12 2
353 700
1 5 2
116 17
1 12 2
568 110
1 8 2
274 501
1 4 2
103 714
1 11 2
748 314
1 15 2
140 29
1 15 2
519 737
1 6 2
316 37
1 7 2
251 81
1 10 2
226 41
1 15 2
791 443
1 15 2
564 79
1 9 2
680 496
1 6 2
524 406
1 4 2
259 434
1 13 2
740 523
1 14 2
762 135
1 5 2
662 333
1 15 2
392 192
1 3 2
638 212
1 5 2
3 201
1 6 2
745 734
1 2 2
379 649
1 5 2
461 572
1 8 2
707 230
1 2 2
391 770
1 10 2
28 368
1 15 2
243 543
1 6 2
514 262
1 12 2
243 306
1 12 2
99 79
1 14 2
98 221
1 12 2
549 127
1 8 2
781 75
1 7 2
562 650
1 3 2
489 383
1 14 2
368 33
1 10 2
622 780
1 9 2
533 503
1 3 2
497 664
1 2 2
5 263
1 5 2
755 553
1 8 2
355 560
1 13 2
532 50
1 12 2
454 268
1 9 2
485 692
1 5 2
266 529
1 11 2
532 391
1 5 2
15 186
1 3 2
599 620
1 6 2
655 462
1 9 2
373 543
1 10 2
153 38
1 11 2
5 553
1 2 2
389 623
1 7 2
796 501
1 13 2
191 764
1 5 2
718 762
1 8 2
93 384
1 14 2
393 644
1 15 2
347 662
1 10 2
192 565
1 2 2
108 655
1 11 2
513 29
1 11 2
251 781
1 15 2
319 710
1 4 2
648 572
1 5 2
50 416
1 2 2
679 460
1 3 2
504 613
1 3 2
727 2
1 5 2
329 640
1 12 2
1 712
1 5 2
526 17
1 9 2
462 180
1 4 2
597 302
1 11 2
637 101
1 11 2
643 613
1 10 2
797 58
1 12 2
790 530
1 5 2
756 454
1 4 2
671 36
1 11 2
90 450
1 13 2
116 436
1 2 2
305 763
1 12 2
430 396
1 7 2
560 507
1 2 2
397 659
1 5 2
491 3
1 7 2
452 511
1 5 2
194 692
1 6 2
231 53
1 11 2
5 789
1 5 2
718 58
1 14 2
71 397
1 15 2
396 62
1 6 2
415 547
1 8 2
252 479
1 14 2
547 663
1 2 2
553 502
1 12 2
90 753
1 7 2
307 395
1 5 2
299 536
1 10 2
588 73
1 6 2
408 550
1 9 2
184 111
1 13 2
49 98
1 7 2
511 279
1 4 2
697 147
1 8 2
176 576
1 11 2
352 284
1 2 2
320 122
1 15 2
41 791
1 12 2
634 700
1 6 2
521 790
1 3 2
729 122
1 13 2
557 225
1 15 2
71 672
1 7 2
198 768
1 2 2
417 520
1 5 2
405 710
1 13 2
786 198
1 14 2
251 174
1 8 2
793 360
1 14 2
638 153
1 6 2
756 397
1 12 2
153 578
1 4 2
504 228
1 14 2
202 263
1 4 2
788 211
1 8 2
635 596
1 12 2
472 667
1 15 2
371 738
1 4 2
37 654
1 7 2
177 395
1 13 2
202 135
1 2 2
363 22
1 6 2
266 413
1 3 2
669 171
1 15 2
306 336
1 14 2
368 762
1 6 2
469 236
1 2 2
184 754
1 3 2
795 194
1 12 2
609 669
1 6 2
348 748
1 6 2
745 651
1 5 2
524 78
1 11 2
673 242
1 5 2
19 669
1 11 2
499 616
1 13 2
155 712
1 12 2
349 760
1 10 2
312 555
1 14 2
90 184
1 9 2
51 567
1 6 2
294 761
1 7 2
266 183
1 7 2
467 326
1 8 2
558 81
1 2 2
70 680
1 8 2
664 527
1 10 2
533 541
1 2 2
583 366
1 4 2
484 202
1 15 2
732 569
1 12 2
518 113
1 3 2
104 487
1 7 2
740 311
1 2 2
477 335
1 2 2
108 722
1 15 2
261 157
1 6 2
76 417
1 15 2
430 492
1 7 2
251 82
1 6 2
189 760
1 12 2
133 146
1 11 2
249 758
1 6 2
286 748
1 10 2
582 112
1 4 2
626 298
1 3 2
98 196
1 11 2
782 341
1 2 2
89 10
1 14 2
707 207
1 6 2
303 795
1 8 2
785 135
1 4 2
140 267
1 11 2
348 678
1 13 2
19 37
1 15 2
379 740
1 4 2
257 11
1 2 2
230 544
1 4 2
229 795
1 14 2
751 641
1 10 2
43 373
1 6 2
523 272
1 3 2
310 696
1 5 2
658 420
1 6 2
515 752
1 4 2
434 255
1 2 2
307 67
1 13 2
239 715
1 9 2
434 54
1 3 2
265 252
1 7 2
607 96
1 14 2
187 696
1 10 2
453 636
1 12 2
512 740
1 3 2
253 258
1 15 2
617 501
1 13 2
478 217
1 4 2
582 101
1 4 2
235 232
1 13 2
317 630
1 11 2
623 588
1 9 2
346 743
1 6 2
284 699
1 7 2
499 554
1 3 2
622 249
1 9 2
342 633
1 3 2
87 311
1 11 2
84 53
1 10 2
72 483
1 8 2
589 4
1 14 2
375 456
1 9 2
305 181
1 6 2
239 281
1 15 2
672 186
1 15 2
485 93
1 15 2
627 254
1 9 2
530 128
1 15 2
12 23
1 12 2
777 260
1 15 2
188 167
1 11 2
394 346
1 11 2
409 43
1 6 2
767 45
1 8 2
312 107
1 2 2
35 360
1 9 2
328 55
1 13 2
215 343
1 2 2
58 699
1 8 2
653 265
1 2 2
52 229
1 3 2
112 507
1 2 2
565 19
1 8 2
504 412
1 12 2
189 390
1 8 2
49 306
1 8 2
462 736
1 4 2
689 604
1 8 2
547 282
1 9 2
164 635
1 2 2
451 118
1 2 2
760 558
1 6 2
717 451
1 12 2
210 644
1 9 2
117 728
1 12 2
240 207
1 12 2
509 523
1 5 2
770 131
1 6 2
414 123
1 9 2
677 449
1 9 2
480 263
1 12 2
688 714
1 5 2
328 109
1 15 2
138 224
1 7 2
378 507
1 9 2
278 785
1 10 2
487 553
1 10 2
705 246
1 9 2
422 610
1 2 2
568 209
1 6 2
565 15
1 7 2
111 103
1 10 2
79 540
1 6 2
142 451
1 5 2
644 575
1 12 2
529 542
1 12 2
515 246
1 12 2
177 594
1 5 2
632 603
1 8 2
379 101
1 14 2
595 358
1 9 2
313 572
1 5 2
593 393
1 12 2
252 496
1 7 2
276 779
1 7 2
254 523
1 2 2
490 697
1 2 2
632 92
1 6 2
312 365
1 4 2
411 517
1 2 2
557 143
1 9 2
398 157
1 4 2
600 153
1 12 2
230 427
1 6 2
649 284
1 2 2
5 652
1 11 2
10 532
1 3 2
377 576
1 8 2
610 753
1 2 2
327 768
1 3 2
18 152
1 14 2
335 674
1 9 2
411 684
1 13 2
53 634
1 4 2
310 700
1 11 2
727 799
1 11 2
252 430
1 2 2
166 680
1 8 2
514 707
1 3 2
91 19
1 12 2
669 527
1 8 2
14 253
1 6 2
31 327
1 13 2
662 442
1 3 2
122 794
1 9 2
274 103
1 6 2
630 314
1 13 2
68 626
1 2 2
619 768
1 9 2
158 652
1 13 2
151 74
1 5 2
338 294
1 5 2
756 158
1 15 2
734 681
1 7 2
110 691
1 5 2
373 340
1 11 2
281 711
1 8 2
293 254
1 14 2
553 451
1 8 2
546 170
1 5 2
489 154
1 14 2
613 524
1 3 2
326 769
1 10 2
172 584
1 7 2
505 71
1 13 2
382 509
1 3 2
575 209
1 11 2
649 657
1 8 2
706 356
1 10 2
203 9
1 4 2
685 129
1 5 2
798 659
1 14 2
514 155
1 10 2
39 299
1 6 2
403 529
1 5 2
537 332
1 5 2
705 307
1 8 2
247 104
1 12 2
494 159
1 9 2
200 220
1 12 2
268 672
1 14 2
494 34
1 8 2
746 8
1 14 2
603 308
1 10 2
528 565
1 14 2
128 256
1 14 2
332 262
1 14 2
301 154
1 2 2
162 368
1 12 2
78 40
1 4 2
126 271
1 6 2
146 684
1 3 2
624 366
1 11 2
560 165
1 4 2
781 174
1 10 2
547 241
1 6 2
745 698
1 4 2
67 745
1 8 2
757 611
1 15 2
756 140
1 4 2
103 406
1 11 2
529 366
1 2 2
130 438
1 3 2
463 4
1 6 2
293 329
1 12 2
146 220
1 13 2
462 761
1 11 2
210 251
1 15 2
469 5
1 7 2
329 642
1 11 2
383 192
1 10 2
569 39
1 3 2
483 733
1 13 2
165 663
1 10 2
778 489
1 12 2
108 191
1 7 2
668 448
1 15 2
65 114
1 10 2
12 536
1 11 2
428 739
1 8 2
358 141
1 15 2
786 768
1 12 2
772 127
1 12 2
62 700
1 13 2
292 105
1 5 2
52 329
1 13 2
539 565
1 4 2
742 274
1 4 2
643 738
1 9 2
422 703
1 9 2
286 263
1 15 2
198 582
1 6 2
569 119
1 10 2
747 255
1 7 2
556 293
1 11 2
86 363
1 10 2
382 117
1 15 2
204 289
1 12 2
384 501
1 12 2
730 758
1 2 2
454 353
1 15 2
139 48
1 8 2
74 421
1 9 2
135 737
1 4 2
623 389
1 10 2
348 56
1 8 2
673 251
1 5 2
732 312
1 8 2
416 358
1 10 2
444 501
1 13 2
781 569
1 9 2
497 693
1 3 2
681 594
1 10 2
712 749
1 13 2
428 522
1 8 2
52 441
1 11 2
188 617
1 7 2
223 552
1 5 2
195 7
1 14 2
296 261
1 6 2
700 51
1 7 2
127 209
1 7 2
435 618
1 9 2
276 715
1 10 2
746 222
1 6 2
436 264
1 15 2
365 57
1 4 2
119 78
1 14 2
563 128
1 5 2
105 642
1 10 2
297 134
1 15 2
114 37
1 10 2
217 449
1 10 2
605 159
1 6 2
636 199
1 4 2
432 280
1 8 2
785 571
1 12 2
747 767
1 4 2
527 324
1 7 2
591 490
1 14 2
73 742
1 2 2
498 762
1 2 2
759 563
1 13 2
389 355
1 2 2
460 157
1 12 2
148 171
1 8 2
218 660
1 8 2
8 637
1 12 2
485 24
1 9 2
496 703
1 9 2
541 453
1 7 2
257 724
1 4 2
302 44
1 5 2
285 350
1 6 2
727 505
1 9 2
308 507
1 2 2
385 304
1 11 2
647 519
1 11 2
352 23
1 13 2
178 65
1 12 2
542 629
1 3 2
592 86
1 12 2
289 626
1 11 2
1 590
1 3 2
270 295
1 5 2
631 280
1 10 2
323 430
1 5 2
493 720
1 9 2
591 122
1 2 2
577 366
1 3 2
765 488
1 7 2
293 181
1 11 2
605 374
1 10 2
288 40
1 3 2
95 392
1 10 2
28 61
1 3 2
722 182
1 12 2
452 244
1 10 2
778 320
1 5 2
214 145
1 12 2
16 170
1 6 2
126 133
1 9 2
664 36
1 12 2
7 720
1 14 2
254 524
1 5 2
29 528
1 2 2
307 33
1 15 2
672 11
1 9 2
385 704
1 5 2
332 665
1 4 2
393 472
1 12 2
625 732
1 4 2
781 708
1 8 2
713 290
1 14 2
560 418
1 12 2
472 212
1 3 2
249 48
1 6 2
238 398
1 7 2
237 565
1 13 2
415 158
1 2 2
724 659
1 13 2
234 120
1 12 2
749 307
1 5 2
761 74
1 6 2
236 674
1 9 2
317 358
1 2 2
548 231
1 15 2
609 296
1 5 2
6 354
1 13 2
469 658
1 2 2
432 274
1 10 2
555 312
1 4 2
578 350
1 9 2
132 10
1 4 2
119 33
1 5 2
461 791
1 2 2
646 689
1 2 2
50 43
1 2 2
48 126
1 8 2
779 258
1 6 2
481 625
1 9 2
737 609
1 11 2
677 595
1 2 2
71 449
1 8 2
29 690
1 9 2
57 754
1 10 2
384 688
1 14 2
404 595
1 6 2
414 279
1 11 2
671 385
1 6 2
596 321
1 12 2
430 89
1 3 2
635 11
1 7 2
286 457
1 6 2
411 21
1 2 2
254 85
1 14 2
308 291
1 10 2
443 790
1 9 2
690 257
1 13 2
563 683
1 4 2
543 764
1 15 2
130 686
1 7 2
379 256
1 9 2
647 330
1 2 2
702 604
1 13 2
598 107
1 3 2
346 21
1 4 2
719 419
1 9 2
149 58
1 7 2
611 221
1 7 2
336 509
1 10 2
170 721
1 13 2
154 102
1 11 2
293 243
1 5 2
343 244
1 2 2
199 471
1 7 2
747 145
1 4 2
179 493
1 6 2
628 230
1 3 2
192 710
1 2 2
256 184
1 8 2
502 469
1 12 2
462 371
1 7 2
6 579
1 8 2
796 428
1 10 2
357 47
1 8 2
188 724
1 5 2
487 396
1 2 2
218 656
1 11 2
786 207
1 9 2
461 753
1 8 2
396 24
1 5 2
547 763
1 14 2
583 191
1 7 2
410 198
1 4 2
154 63
1 10 2
599 555
1 5 2
616 288
1 11 2
639 32
1 3 2
289 361
1 6 2
572 503
1 9 2
467 36
1 12 2
223 565
1 15 2
538 700
1 8 2
275 307
1 7 2
642 756
1 2 2
183 675
1 6 2
244 298
1 2 2
384 546
1 7 2
633 459
1 13 2
526 150
1 2 2
577 513
1 10 2
79 622
1 4 2
296 597
1 9 2
103 635
1 8 2
23 62
1 14 2
125 672
1 12 2
406 626
1 3 2
73 368
1 13 2
665 361
1 3 2
645 213
1 6 2
567 171
1 7 2
510 749
1 12 2
37 113
1 15 2
101 431
1 2 2
702 363
1 6 2
229 432
1 14 2
798 178
1 4 2
700 181
1 4 2
295 544
1 11 2
321 686
1 15 2
627 753
1 2 2
582 125
1 11 2
607 744
1 15 2
345 376
1 6 2
775 147
1 2 2
711 302
1 8 2
420 229
1 12 2
746 393
1 7 2
658 28
1 10 2
209 613
1 5 2
529 426
1 3 2
636 329
1 10 2
151 342
1 4 2
454 580
1 15 2
111 515
1 5 2
85 480
1 6 2
738 277
1 10 2
123 240
1 7 2
473 24
1 14 2
519 731
1 8 2
25 268
1 14 2
498 71
1 4 2
773 776
1 10 2
483 103
1 4 2
10 641
1 12 2
191 279
1 6 2
76 549
1 15 2
14 644
1 13 2
50 353
1 10 2
343 716
1 10 2
470 15
1 11 2
569 685
1 5 2
609 617
1 6 2
381 85
1 3 2
236 409
1 10 2
479 12
1 7 2
687 66
1 7 2
11 411
1 2 2
251 386
1 3 2
268 449
1 10 2
502 301
1 12 2
251 462
1 9 2
124 208
1 8 2
75 518
1 9 2
487 256
1 5 2
322 130
1 8 2
604 539
1 13 2
673 367
1 4 2
315 416
1 15 2
683 241
1 13 2
494 502
1 4 2
76 175
1 5 2
551 223
1 8 2
477 656
1 13 2
435 294
1 5 2
530 39
1 9 2
408 525
1 4 2
634 491
1 9 2
663 452
1 13 2
338 689
1 6 2
121 226
1 10 2
602 613
1 7 2
741 266
1 15 2
483 705
1 9 2
333 424
1 11 2
392 656
1 14 2
366 191
1 11 2
463 306
1 10 2
161 302
1 9 2
736 365
1 6 2
511 170
1 13 2
260 640
1 2 2
601 412
1 3 2
354 374
1 14 2
634 80
1 2 2
142 113
1 6 2
283 553
1 12 2
643 796
1 6 2
482 178
1 10 2
643 487
1 8 2
734 450
1 3 2
631 641
1 13 2
130 385
1 3 2
540 651
1 5 2
788 732
1 9 2
105 66
1 4 2
365 358
1 10 2
576 207
1 12 2
210 689
1 15 2
218 643
1 3 2
630 610
1 6 2
267 28
1 8 2
87 169
1 13 2
36 265
1 4 2
564 92
1 15 2
270 665
1 12 2
17 512
1 13 2
78 585
1 10 2
676 67
1 11 2
423 158
1 2 2
509 323
1 10 2
431 760
1 11 2
286 496
1 7 2
163 309
1 14 2
340 212
1 7 2
280 311
1 2 2
118 147
1 5 2
220 88
1 9 2
528 319
1 15 2
245 411
1 11 2
754 250
1 15 2
524 65
1 5 2
321 547
1 6 2
442 222
1 2 2
111 592
1 6 2
582 584
1 6 2
675 700
1 15 2
259 543
1 11 2
531 733
1 8 2
63 719
1 15 2
503 626
1 13 2
556 346
1 8 2
140 125
1 10 2
40 785
1 8 2
75 483
1 9 2
144 76
1 4 2
410 644
1 9 2
61 14
1 12 2
517 588
1 11 2
534 157
1 6 2
195 452
1 8 2
374 426
1 9 2
757 338
1 4 2
649 121
1 10 2
661 210
1 5 2
438 498
1 5 2
173 383
1 15 2
793 22
1 6 2
3 549
1 6 2
648 412
1 5 2
424 322
1 2 2
685 114
1 12 2
672 101
1 4 2
683 236
1 5 2
573 718
1 7 2
542 498
1 7 2
636 201
1 12 2
603 666
1 14 2
798 138
1 14 2
205 302
1 15 2
461 434
1 8 2
39 138
1 13 2
621 222
1 15 2
89 363
1 12 2
103 113
1 14 2
100 798
1 3 2
157 660
1 7 2
557 105
1 13 2
565 689
1 4 2
591 672
1 15 2
408 342
1 12 2
51 458
1 2 2
768 745
1 15 2
664 20
1 11 2
704 768
1 13 2
299 201
1 8 2
552 371
1 7 2
369 89
1 8 2
535 793
1 9 2
596 413
1 3 2
264 482
1 5 2
789 33
1 4 2
530 152
1 12 2
500 460
1 5 2
608 508
1 11 2
531 449
1 11 2
72 430
1 7 2
43 595
1 6 2
242 133
1 2 2
612 332
1 2 2
86 5
1 12 2
263 673
1 4 2
429 357
1 7 2
559 425
1 7 2
539 255
1 8 2
588 499
1 10 2
414 54
1 7 2
255 555
1 3 2
20 687
1 10 2
371 42
1 9 2
363 708
1 7 2
167 315
1 11 2
66 343
1 4 2
718 41
1 4 2
196 370
1 3 2
772 755
1 4 2
345 34
1 15 2
405 583
1 15 2
105 180
1 10 2
548 160
1 8 2
197 152
1 7 2
407 734
1 12 2
232 211
1 6 2
565 418
1 11 2
766 255
1 15 2
728 671
1 4 2
678 44
1 6 2
229 113
1 4 2
379 358
1 6 2
488 398
1 13 2
133 25
1 12 2
355 422
1 2 2
47 318
1 15 2
74 363
1 3 2
422 604
1 3 2
290 253
1 3 2
346 603
1 4 2
550 220
1 11 2
446 179
1 14 2
44 472
1 5 2
521 795
1 7 2
215 43
1 7 2
27 196
1 3 2
669 607
1 14 2
523 669
1 12 2
772 565
1 12 2
173 798
1 6 2
95 162
1 11 2
190 439
1 5 2
43 635
1 4 2
286 75
1 3 2
790 794
1 9 2
408 178
1 4 2
157 451
1 11 2
503 186
1 9 2
464 205
1 2 2
358 290
1 13 2
430 316
1 12 2
147 157
1 3 2
323 398
1 13 2
369 464
1 7 2
121 693
1 12 2
632 432
1 14 2
356 452
1 6 2
68 425
1 8 2
472 573
1 11 2
25 425
1 2 2
476 67
1 9 2
436 56
1 11 2
611 769
1 12 2
488 429
1 12 2
4 169
1 14 2
80 527
1 2 2
574 243
1 14 2
489 406
1 11 2
505 250
1 14 2
138 759
1 15 2
163 433
1 5 2
206 120
1 6 2
627 578
1 15 2
586 650
1 12 2
161 128
1 4 2
107 127
1 6 2
698 512
1 12 2
144 528
1 8 2
497 572
1 8 2
103 122
1 14 2
58 106
1 7 2
70 377
1 11 2
681 466
1 8 2
129 551
1 6 2
297 612
1 8 2
622 169
1 8 2
63 505
1 12 2
132 244
1 14 2
733 110
1 7 2
668 476
1 14 2
111 503
1 2 2
51 174
1 5 2
560 253
1 5 2
541 524
1 15 2
268 438
1 8 2
636 355
1 5 2
1 277
1 4 2
748 660
1 15 2
475 580
1 4 2
376 571
1 14 2
757 188
1 13 2
714 704
1 14 2
71 156
1 11 2
505 233
1 2 2
257 627
1 10 2
717 231
1 10 2
214 353
1 11 2
642 338
1 14 2
221 304
1 6 2
377 743
1 5 2
791 203
1 10 2
26 95
1 9 2
313 676
1 10 2
566 164
1 14 2
490 25
1 14 2
620 257
1 9 2
414 408
1 12 2
480 163
1 3 2
42 629
1 13 2
662 541
1 2 2
451 212
1 3 2
774 645
1 12 2
85 329
1 14 2
649 517
1 3 2
729 332
1 9 2
82 720
1 5 2
713 375
1 6 2
773 521
1 13 2
290 783
1 9 2
468 75
1 9 2
161 224
1 10 2
669 440
1 2 2
212 559
1 13 2
727 699
1 2 2
5 703
1 4 2
668 111
1 13 2
256 208
1 9 2
669 76
1 15 2
263 388
1 8 2
260 593
1 12 2
332 479
1 6 2
453 577
1 12 2
41 648
1 15 2
162 503
1 2 2
606 289
1 9 2
582 214
1 12 2
702 501
1 11 2
741 129
1 12 2
441 234
1 10 2
255 134
1 6 2
377 30
1 4 2
523 78
1 15 2
85 241
1 7 2
340 30
1 11 2
105 95
1 8 2
729 345
1 4 2
485 115
1 3 2
707 760
1 12 2
329 69
1 13 2
157 761
1 7 2
124 417
1 3 2
706 450
1 8 2
145 716
1 7 2
610 527
1 11 2
551 50
1 15 2
270 408
1 13 2
638 427
1 7 2
529 217
1 4 2
190 8
1 13 2
514 557
1 14 2
217 123
1 9 2
369 621
1 6 2
149 654
1 4 2
614 615
1 2 2
67 586
1 6 2
552 38
1 9 2
733 58
1 3 2
285 530
1 13 2
531 295
1 14 2
227 499
1 3 2
333 187
1 10 2
68 58
1 8 2
366 138
1 12 2
189 80
1 9 2
163 333
1 13 2
581 736
1 5 2
104 142
1 8 2
248 106
1 5 2
338 408
1 12 2
452 200
1 10 2
9 561
1 10 2
316 655
1 5 2
787 666
1 4 2
331 46
1 13 2
630 616
1 2 2
31 715
1 5 2
372 37
1 11 2
779 642
1 14 2
230 745
1 3 2
471 228
1 2 2
511 410
1 13 2
610 576
1 6 2
738 565
1 15 2
288 495
1 7 2
47 194
1 11 2
7 656
1 8 2
247 779
1 3 2
125 217
1 13 2
663 258
1 12 2
634 380
1 9 2
364 783
1 3 2
628 754
1 12 2
493 365
1 5 2
217 748
1 12 2
600 783
1 14 2
303 26
1 5 2
24 11
1 8 2
262 663
1 13 2
351 726
1 13 2
164 121
1 9 2
565 228
1 5 2
486 460
1 3 2
456 51
1 15 2
19 156
1 10 2
411 504
1 4 2
558 563
1 14 2
603 155
1 2 2
579 390
1 6 2
753 70
1 7 2
151 388
1 11 2
136 31
1 10 2
413 661
1 6 2
261 369
1 3 2
718 231
1 12 2
570 433
1 14 2
51 361
1 11 2
126 271
1 13 2
46 743
1 5 2
194 388
1 13 2
413 354
1 10 2
308 643
1 4 2
237 456
1 8 2
535 43
1 6 2
365 526
1 6 2
713 687
1 12 2
682 149
1 2 2
687 453
1 8 2
415 34
1 6 2
474 635
1 12 2
211 249
1 13 2
512 268
1 3 2
209 434
1 3 2
122 184
1 9 2
588 463
1 8 2
526 449
1 10 2
156 161
1 7 2
149 253
1 8 2
122 768
1 8 2
496 455
1 5 2
97 51
1 8 2
41 549
1 13 2
205 391
1 5 2
401 175
1 9 2
626 681
1 6 2
198 216
1 5 2
0 279
1 13 2
293 18
1 3 2
398 702
1 11 2
433 168
1 2 2
732 51
1 10 2
219 705
1 3 2
443 596
1 5 2
673 401
1 5 2
53 607
1 15 2
256 200
1 10 2
714 799
1 6 2
110 315
1 10 2
402 438
1 11 2
354 317
1 15 2
116 330
1 8 2
306 675
1 8 2
392 194
1 7 2
671 718
1 8 2
80 744
1 14 2
23 241
1 6 2
304 557
1 13 2
306 494
1 13 2
572 316
1 13 2
336 217
1 15 2
510 756
1 9 2
193 216
1 6 2
541 308
1 5 2
595 219
1 3 2
270 346
1 11 2
120 357
1 10 2
561 432
1 15 2
750 547
1 15 2
309 706
1 5 2
176 673
1 7 2
153 454
1 6 2
436 100
1 4 2
799 84
1 11 2
686 133
1 13 2
743 54
1 14 2
444 12
1 4 2
745 746
1 12 2
369 594
1 7 2
530 534
1 13 2
525 666
1 3 2
735 406
1 10 2
685 152
1 9 2
273 720
1 7 2
383 152
1 13 2
291 547
1 6 2
218 19
1 6 2
216 0
1 10 2
572 470
1 8 2
56 237
1 5 2
41 561
1 15 2
91 211
1 3 2
460 258
1 4 2
250 216
1 13 2
69 102
1 13 2
727 646
1 3 2
348 541
1 8 2
724 86
1 12 2
603 388
1 3 2
652 520
1 4 2
733 788
1 3 2
88 189
1 14 2
110 612
1 6 2
112 552
1 2 2
652 364
1 12 2
200 338
1 14 2
555 103
1 13 2
190 673
1 11 2
44 265
1 14 2
556 295
1 13 2
584 156
1 5 2
580 435
1 14 2
131 184
1 13 2
747 225
1 8 2
451 509
1 11 2
431 17
1 10 2
152 19
1 8 2
462 446
1 12 2
12 93
1 11 2
636 390
1 5 2
295 292
1 13 2
425 99
1 11 2
584 475
1 11 2
548 543
1 3 2
85 415
1 13 2
572 71
1 12 2
143 170
1 11 2
389 22
1 7 2
321 124
1 7 2
641 37
1 4 2
416 76
1 8 2
615 661
1 15 2
397 789
1 13 2
386 338
1 13 2
124 94
1 10 2
687 255
1 10 2
642 289
1 4 2
411 789
1 4 2
667 28
1 10 2
2 38
1 6 2
513 423
1 8 2
652 189
1 9 2
420 759
1 2 2
285 269
1 4 2
393 386
1 2 2
185 308
1 12 2
626 399
1 7 2
178 86
1 8 2
718 673
1 11 2
135 198
1 9 2
8 40
1 13 2
784 653
1 13 2
415 465
1 11 2
510 191
1 5 2
415 490
1 13 2
373 680
1 10 2
457 766
1 8 2
256 617
1 4 2
723 550
1 13 2
691 198
1 5 2
561 54
1 9 2
76 207
1 4 2
324 200
1 15 2
96 581
1 10 2
497 87
1 14 2
590 647
1 10 2
44 667
1 6 2
22 280
1 14 2
793 540
1 12 2
371 369
1 7 2
519 455
1 9 2
696 173
1 5 2
519 698
1 3 2
271 555
1 6 2
45 610
1 10 2
776 366
1 4 2
461 501
1 5 2
753 550
1 7 2
19 531
1 13 2
364 203
1 9 2
760 762
1 12 2
68 449
1 10 2
319 184
1 6 2
510 194
1 4 2
495 735
1 5 2
229 615
1 9 2
305 216
1 6 2
654 585
1 6 2
355 326
1 13 2
781 136
1 11 2
55 367
1 12 2
480 14
1 8 2
618 347
1 6 2
373 158
1 10 2
622 415
1 2 2
313 354
1 2 2
776 232
1 4 2
544 358
1 8 2
106 489
1 9 2
534 484
1 7 2
751 125
1 15 2
495 433
1 2 2
289 178
1 13 2
241 375
1 11 2
367 487
1 11 2
699 242
1 10 2
285 127
1 7 2
313 466
1 3 2
574 476
1 13 2
240 118
1 6 2
780 756
1 5 2
45 230
1 11 2
522 720
1 12 2
33 14
1 4 2
139 50
1 11 2
146 223
1 14 2
426 25
1 15 2
504 41
1 4 2
612 21
1 8 2
531 248
1 3 2
755 403
1 6 2
496 261
1 6 2
75 341
1 13 2
709 792
1 7 2
218 520
1 15 2
252 745
1 14 2
182 625
1 6 2
563 772
1 8 2
302 715
1 13 2
711 618
1 9 2
621 523
1 4 2
73 627
1 6 2
149 562
1 4 2
553 278
1 12 2
81 445
1 2 2
235 376
1 6 2
495 715
1 14 2
248 617
1 7 2
496 764
1 12 2
265 619
1 6 2
659 406
1 8 2
398 450
1 5 2
625 557
1 4 2
577 242
1 10 2
394 789
1 15 2
590 793
1 2 2
561 500
1 9 2
359 713
1 12 2
484 556
1 10 2
707 681
1 10 2
419 748
1 4 2
228 141
1 2 2
692 564
1 11 2
559 428
1 13 2
332 472
1 15 2
430 458
1 15 2
245 746
1 5 2
572 549
1 15 2
648 247
1 9 2
299 460
1 13 2
7 106
1 15 2
483 486
1 3 2
220 8
1 9 2
482 2
1 6 2
365 106
1 5 2
305 211
1 12 2
256 78
1 2 2
392 375
1 6 2
31 476
1 8 2
56 39
1 9 2
48 537
1 5 2
34 197
1 4 2
118 331
1 3 2
108 699
1 13 2
322 457
1 5 2
121 166
1 4 2
24 116
1 11 2
529 510
1 4 2
371 206
1 14 2
308 686
1 14 2
416 266
1 2 2
441 244
1 15 2
175 110
1 2 2
404 69
1 9 2
433 749
1 11 2
534 380
1 7 2
613 523
1 7 2
793 616
1 13 2
299 645
1 5 2
523 643
1 15 2
676 466
1 11 2
39 75
1 8 2
626 127
1 5 2
768 139
1 3 2
335 413
1 7 2
283 354
1 6 2
106 387
1 8 2
406 341
1 3 2
84 319
1 14 2
629 431
1 12 2
264 759
1 7 2
273 486
1 15 2
179 56
1 3 2
223 129
1 10 2
308 358
1 13 2
472 272
1 2 2
8 408
1 14 2
224 657
1 11 2
145 436
1 5 2
43 62
1 7 2
269 694
1 4 2
557 235
1 4 2
700 556
1 8 2
339 92
1 12 2
229 366
1 6 2
675 224
1 6 2
561 600
1 2 2
61 456
1 10 2
127 397
1 13 2
295 532
1 11 2
275 313
1 14 2
735 142
1 13 2
234 273
1 10 2
625 464
1 11 2
727 695
1 13 2
405 760
1 8 2
81 568
1 11 2
165 63
1 4 2
83 321
1 5 2
431 462
1 11 2
596 752
1 5 2
407 212
1 12 2
383 162
1 15 2
233 366
1 10 2
327 292
1 6 2
130 415
1 7 2
189 545
1 8 2
40 721
1 5 2
738 706
1 9 2
443 279
1 5 2
283 146
1 11 2
72 458
1 9 2
608 414
1 9 2
629 688
1 5 2
611 309
1 6 2
686 747
1 15 2
67 534
1 12 2
181 146
1 10 2
135 575
1 8 2
366 435
1 3 2
295 288
1 12 2
64 627
1 6 2
81 352
1 10 2
440 497
1 10 2
310 211
1 8 2
722 656
1 15 2
33 332
1 4 2
69 409
1 3 2
765 451
1 4 2
257 9
1 7 2
764 303
1 11 2
329 592
1 8 2
157 578
1 13 2
761 348
1 12 2
86 567
1 15 2
620 491
1 2 2
511 263
1 15 2
725 376
1 6 2
27 287
1 14 2
732 302
1 13 2
200 311
1 9 2
541 333
1 9 2
371 342
1 3 2
365 102
1 9 2
241 724
1 11 2
72 159
1 6 2
353 546
1 10 2
631 35
1 2 2
54 406
1 3 2
333 269
1 5 2
778 586
1 3 2
785 313
1 14 2
542 743
1 14 2
569 751
1 10 2
106 506
1 4 2
29 200
1 9 2
313 401
1 10 2
117 462
1 11 2
500 545
1 6 2
790 445
1 4 2
224 381
1 2 2
731 335
1 15 2
146 239
1 15 2
456 102
1 8 2
472 370
1 15 2
143 166
1 7 2
682 135
1 12 2
213 686
1 8 2
218 347
1 8 2
601 212
1 13 2
260 80
1 2 2
620 519
1 8 2
629 99
1 5 2
227 118
1 8 2
632 480
1 5 2
184 594
1 14 2
638 163
1 12 2
334 473
1 12 2
130 599
1 15 2
114 450
1 5 2
212 341
1 9 2
572 266
1 4 2
781 288
1 15 2
338 600
1 10 2
721 569
1 12 2
656 150
1 2 2
254 253
1 8 2
671 22
1 2 2
412 393
1 2 2
654 601
1 10 2
123 65
1 11 2
307 243
1 4 2
755 208
1 11 2
488 446
1 4 2
253 645
1 7 2
570 82
1 6 2
406 472
1 10 2
268 417
1 15 2
435 225
1 3 2
402 444
1 11 2
76 410
1 5 2
749 186
1 3 2
572 609
1 7 2
275 718
1 12 2
260 247
1 12 2
660 778
1 5 2
602 559
1 8 2
594 782
1 13 2
542 429
1 6 2
294 374
1 9 2
368 733
1 14 2
50 281
1 11 2
193 757
1 15 2
548 93
1 9 2
721 465
1 11 2
649 189
1 11 2
501 686
1 5 2
118 109
1 2 2
316 378
1 10 2
292 409
1 5 2
62 285
1 12 2
49 324
1 15 2
278 527
1 6 2
320 761
1 13 2
174 175
1 7 2
376 495
1 13 2
142 472
1 11 2
505 699
1 6 2
705 110
1 8 2
389 155
1 14 2
248 123
1 11 2
543 214
1 10 2
393 733
1 2 2
353 300
1 15 2
430 239
1 9 2
246 288
1 6 2
765 651
1 6 2
103 337
1 14 2
403 697
1 3 2
340 512
1 2 2
41 605
1 7 2
126 424
1 2 2
38 270
1 5 2
442 13
1 5 2
422 176
1 11 2
28 160
1 12 2
169 643
1 7 2
645 745
1 10 2
605 583
1 12 2
336 16
1 6 2
92 748
1 2 2
352 240
1 6 2
534 668
1 13 2
95 3
1 7 2
503 774
1 12 2
331 243
1 3 2
61 699
1 13 2
533 64
1 12 2
426 446
1 7 2
35 412
1 9 2
47 588
1 2 2
702 228
1 5 2
333 302
1 2 2
507 591
1 12 2
794 607
1 8 2
343 781
1 13 2
550 478
1 13 2
645 798
1 7 2
152 525
1 4 2
508 220
1 12 2
672 677
1 3 2
682 469
1 13 2
737 150
1 11 2
36 167
1 14 2
750 782
1 15 2
730 621
1 8 2
215 93
1 9 2
605 419
1 8 2
58 602
1 2 2
296 215
1 6 2
491 64
1 15 2
686 291
1 15 2
99 43
1 15 2
500 397
1 4 2
154 506
1 2 2
500 158
1 14 2
687 332
1 11 2
544 753
1 4 2
218 11
1 15 2
209 75
1 13 2
407 658
1 11 2
693 330
1 7 2
368 89
1 3 2
470 154
1 3 2
90 645
1 8 2
326 305
1 7 2
730 604
1 14 2
441 322
1 9 2
399 675
1 15 2
450 24
1 13 2
679 406
1 8 2
13 723
1 9 2
406 689
1 7 2
301 171
1 15 2
129 289
1 10 2
525 231
1 15 2
745 472
1 2 2
226 59
1 6 2
666 736
1 11 2
280 371
1 5 2
760 16
1 14 2
514 534
1 9 2
200 707
1 14 2
715 670
1 14 2
431 149
1 13 2
694 190
1 11 2
510 723
1 9 2
356 224
1 5 2
314 526
1 9 2
106 599
1 4 2
781 494
1 4 2
505 753
1 13 2
641 481
1 4 2
265 31
1 4 2
608 749
1 10 2
383 203
1 15 2
140 85
1 11 2
96 652
1 11 2
792 407
1 6 2
539 653
1 3 2
455 680
1 6 2
675 265
1 3 2
766 254
1 3 2
190 335
1 4 2
594 469
1 6 2
567 749
1 2 2
611 769
1 4 2
182 29
1 13 2
149 593
1 5 2
71 681
1 7 2
424 436
1 3 2
579 590
1 13 2
401 691
1 11 2
722 403
1 13 2
737 460
1 3 2
236 292
1 4 2
167 724
1 14 2
89 577
1 5 2
694 781
1 5 2
607 631
1 8 2
404 483
1 6 2
518 237
1 7 2
186 89
1 6 2
488 448
1 9 2
326 436
1 13 2
149 681
1 11 2
233 222
1 15 2
250 630
1 3 2
745 466
1 8 2
338 109
1 6 2
393 382
1 10 2
743 681
1 8 2
618 171
1 8 2
322 545
1 4 2
343 646
1 6 2
481 650
1 13 2
574 161
1 4 2
250 376
1 11 2
482 144
1 9 2
387 514
1 12 2
65 465
1 7 2
63 28
1 14 2
490 689
1 2 2
56 234
1 11 2
759 242
1 3 2
169 664
1 11 2
626 570
1 4 2
626 705
1 5 2
693 626
1 12 2
357 731
1 15 2
90 505
1 11 2
567 338
1 11 2
613 278
1 14 2
173 80
1 8 2
530 785
1 9 2
216 4
1 13 2
41 539
1 4 2
616 282
1 3 2
309 294
1 9 2
775 204
1 9 2
732 386
1 3 2
73 563
1 3 2
88 418
1 3 2
210 746
1 12 2
207 87
1 5 2
66 330
1 15 2
729 473
1 14 2
164 712
1 8 2
642 213
1 7 2
658 754
1 15 2
351 553
1 6 2
313 138
1 9 2
443 731
1 13 2
600 489
1 10 2
195 134
1 5 2
435 286
1 12 2
490 8
1 5 2
350 162
1 14 2
8 359
1 4 2
275 391
1 14 2
688 108
1 13 2
160 362
1 8 2
583 597
1 3 2
439 444
1 14 2
484 317
1 8 2
657 49
1 7 2
142 521
1 13 2
187 261
1 14 2
727 437
1 11 2
722 555
1 12 2
468 180
1 15 2
672 97
1 9 2
267 110
1 9 2
204 86
1 11 2
663 552
1 3 2
338 534
1 15 2
775 405
1 3 2
547 622
1 3 2
154 532
1 15 2
43 715
1 15 2
318 625
1 4 2
690 35
1 6 2
386 775
1 14 2
655 511
1 8 2
702 595
1 13 2
391 790
1 7 2
477 326
1 15 2
336 57
1 8 2
550 183
1 5 2
645 528
1 12 2
363 758
1 10 2
647 615
1 12 2
220 405
1 4 2
167 683
1 9 2
673 595
1 6 2
654 523
1 14 2
175 678
1 10 2
283 353
1 8 2
70 530
1 11 2
624 612
1 13 2
57 373
1 15 2
789 531
1 12 2
565 59
1 11 2
752 685
1 7 2
294 565
1 6 2
215 658
1 5 2
706 328
1 3 2
642 262
1 14 2
84 672
1 4 2
607 237
1 2 2
395 185
1 8 2
637 19
1 5 2
545 669
1 10 2
557 584
1 11 2
522 103
1 11 2
330 367
1 8 2
788 305
1 6 2
297 37
1 9 2
447 352
1 4 2
406 613
1 3 2
695 514
1 13 2
11 256
1 7 2
646 84
1 5 2
122 230
1 10 2
148 304
1 13 2
72 417
1 2 2
672 701
1 9 2
172 280
1 13 2
337 408
1 7 2
213 46
1 8 2
94 13
1 14 2
57 68
1 10 2
628 398
1 8 2
632 606
1 10 2
82 689
1 12 2
57 208
1 12 2
70 631
1 9 2
237 317
1 4 2
96 23
1 12 2
757 533
1 2 2
148 21
1 12 2
61 112
1 8 2
281 515
1 4 2
224 407
1 8 2
630 174
1 7 2
51 54
1 10 2
73 8
1 13 2
526 409
1 14 2
58 612
1 10 2
240 777
1 4 2
279 267
1 10 2
756 15
1 15 2
97 476
1 11 2
247 613
1 11 2
300 291
1 12 2
673 573
1 11 2
249 45
1 7 2
125 659
1 3 2
315 75
1 12 2
519 757
1 13 2
218 214
1 3 2
457 320
1 5 2
227 126
1 3 2
273 622
1 15 2
171 679
1 7 2
108 653
1 4 2
202 16
1 9 2
331 589
1 10 2
403 585
1 4 2
561 607
1 13 2
759 732
1 9 2
477 10
1 9 2
749 370
1 9 2
142 492
1 11 2
15 739
1 4 2
730 122
1 13 2
284 444
1 10 2
132 568
1 2 2
67 288
1 4 2
658 461
1 9 2
739 418
1 14 2
157 684
1 3 2
361 620
1 3 2
117 457
1 12 2
620 363
1 5 2
463 221
1 4 2
96 457
1 13 2
72 644
1 14 2
575 777
1 5 2
547 153
1 7 2
637 270
1 10 2
367 103
1 14 2
202 258
1 9 2
214 7
1 8 2
492 463
1 2 2
32 33
1 13 2
577 375
1 14 2
451 189
1 2 2
237 483
1 2 2
670 321
1 2 2
135 709
1 14 2
793 654
1 2 2
156 463
1 3 2
578 246
1 12 2
531 252
1 6 2
766 663
1 7 2
133 764
1 2 2
726 467
1 9 2
493 652
1 7 2
776 435
1 6 2
645 599
1 4 2
671 721
1 9 2
795 749
1 11 2
686 88
1 5 2
557 667
1 12 2
4 781
1 8 2
693 432
1 3 2
87 537
1 2 2
70 12
1 13 2
460 483
1 9 2
518 560
1 12 2
348 63
1 15 2
611 278
1 15 2
371 514
1 3 2
412 781
1 8 2
109 642
1 5 2
716 648
1 13 2
753 457
1 3 2
642 387
1 15 2
476 102
1 13 2
447 130
1 2 2
303 716
1 6 2
550 387
1 10 2
746 590
1 6 2
660 249
1 12 2
176 751
1 8 2
521 421
1 13 2
77 789
1 14 2
347 739
1 15 2
188 660
1 15 2
185 789
1 8 2
164 620
1 13 2
382 772
1 10 2
112 717
1 2 2
551 301
1 2 2
262 572
1 6 2
94 436
1 2 2
330 424
1 12 2
485 607
1 15 2
563 583
1 4 2
68 451
1 14 2
463 33
1 3 2
611 90
1 11 2
761 778
1 14 2
4 100
1 10 2
485 372
1 3 2
382 59
1 9 2
178 165
1 9 2
193 250
1 3 2
563 9
1 6 2
718 378
1 14 2
477 241
1 6 2
603 580
1 8 2
641 325
1 2 2
393 596
1 3 2
220 721
1 5 2
427 553
1 12 2
443 428
1 2 2
226 627
1 11 2
372 559
1 3 2
560 475
1 6 2
35 44
1 8 2
396 564
1 6 2
563 6
1 5 2
770 346
1 4 2
127 603
1 13 2
670 434
1 11 2
109 201
1 6 2
352 251
1 9 2
506 228
1 15 2
8 356
1 7 2
429 714
1 5 2
375 448
1 7 2
193 274
1 15 2
82 330
1 11 2
65 249
1 8 2
54 287
1 15 2
106 270
1 6 2
620 497
1 10 2
658 453
1 4 2
438 707
1 14 2
624 57
1 8 2
123 605
1 4 2
211 421
1 9 2
555 390
1 14 2
710 174
1 13 2
183 406
1 12 2
5 236
1 6 2
720 332
1 5 2
356 684
1 8 2
67 795
1 9 2
754 505
1 8 2
263 273
1 2 2
537 556
1 12 2
741 410
1 4 2
461 437
1 5 2
94 509
1 11 2
441 613
1 10 2
18 504
1 4 2
741 280
1 11 2
1 101
1 4 2
391 55
1 15 2
727 780
1 9 2
783 0
1 9 2
580 794
1 12 2
768 14
1 7 2
765 288
1 7 2
750 102
1 15 2
215 295
1 2 2
39 545
1 3 2
799 493
1 10 2
626 233
1 12 2
314 545
1 5 2
447 112
1 2 2
2 611
1 10 2
393 467
1 2 2
425 396
1 10 2
117 720
1 9 2
557 763
1 6 2
291 697
1 13 2
286 752
1 8 2
65 134
1 9 2
67 434
1 14 2
2 748
1 2 2
741 701
1 2 2
684 185
1 12 2
74 722
1 11 2
789 41
1 14 2
394 242
1 9 2
351 566
1 8 2
76 222
1 13 2
727 237
1 12 2
124 475
1 6 2
773 242
1 15 2
220 7
1 2 2
613 219
1 12 2
274 190
1 8 2
332 412
1 9 2
338 416
1 13 2
568 485
1 8 2
422 771
1 3 2
164 621
1 9 2
121 209
1 4 2
80 365
1 10 2
425 59
1 11 2
49 500
1 4 2
707 615
1 2 2
268 148
1 6 2
238 559
1 2 2
690 83
1 5 2
314 235
1 11 2
456 655
1 11 2
153 416
1 5 2
737 170
1 13 2
73 267
1 11 2
96 366
1 14 2
124 502
1 2 2
784 395
1 15 2
235 793
1 5 2
386 320
1 5 2
755 54
1 2 2
2 135
1 2 2
97 656
1 13 2
265 331
1 8 2
654 706
1 6 2
300 248
1 10 2
585 787
1 14 2
416 510
1 9 2
26 590
1 14 2
558 432
1 11 2
504 311
1 14 2
692 207
1 5 2
323 269
1 11 2
27 75
1 14 2
774 691
1 3 2
156 157
1 11 2
543 382
1 8 2
536 41
1 15 2
639 127
1 13 2
359 211
1 3 2
65 290
1 13 2
264 661
1 9 2
303 356
1 3 2
317 346
1 11 2
683 228
1 9 2
607 300
1 5 2
270 343
1 11 2
654 625
1 4 2
273 772
1 4 2
441 540
1 3 2
39 602
1 2 2
10 775
1 15 2
462 588
1 3 2
492 776
1 8 2
528 71
1 15 2
612 248
1 10 2
724 390
1 15 2
143 649
1 2 2
479 2
1 8 2
683 117
1 5 2
737 720
1 11 2
196 132
1 13 2
550 540
1 10 2
283 537
1 12 2
765 305
1 11 2
320 58
1 13 2
255 633
1 7 2
423 512
1 15 2
227 373
1 3 2
303 427
1 14 2
768 376
1 3 2
246 253
1 15 2
594 660
1 11 2
467 294
1 7 2
561 591
1 7 2
85 505
1 3 2
183 798
1 3 2
760 670
1 8 2
172 773
1 13 2
392 310
1 7 2
75 663
1 15 2
152 446
1 11 2
773 25
1 10 2
531 440
1 8 2
771 603
1 9 2
85 16
1 12 2
101 77
1 11 2
567 464
1 3 2
578 662
1 10 2
405 604
1 13 2
420 502
1 2 2
749 116
1 10 2
616 501
1 4 2
53 470
1 12 2
351 570
1 7 2
270 456
1 2 2
186 636
1 5 2
313 352
1 9 2
787 155
1 4 2
431 69
1 9 2
112 499
1 10 2
269 195
1 8 2
726 668
1 3 2
718 302
1 8 2
220 276
1 3 2
736 8
1 3 2
572 139
1 10 2
483 242
1 4 2
544 83
1 9 2
431 77
1 14 2
773 493
1 11 2
8 318
1 4 2
672 24
1 5 2
505 794
1 11 2
791 426
1 4 2
562 230
1 11 2
555 545
1 8 2
305 640
1 7 2
474 671
1 9 2
788 31
1 7 2
746 711
1 7 2
330 24
1 2 2
571 796
1 3 2
562 443
1 7 2
571 549
1 7 2
619 56
1 3 2
418 557
1 14 2
236 439
1 13 2
82 784
1 10 2
643 434
1 14 2
785 355
1 2 2
769 406
1 13 2
692 579
1 10 2
131 238
1 10 2
355 185
1 15 2
587 278
1 8 2
640 209
1 4 2
492 90
1 12 2
229 213
1 13 2
140 558
1 14 2
502 16
1 12 2
682 15
1 6 2
221 652
1 8 2
413 516
1 13 2
424 577
1 9 2
544 755
1 3 2
616 540
1 8 2
772 137
1 13 2
429 755
1 12 2
751 396
1 7 2
6 91
1 15 2
720 435
1 14 2
249 247
1 15 2
76 644
1 2 2
708 310
1 2 2
108 407
1 9 2
732 501
1 12 2
796 164
1 12 2
753 110
1 14 2
759 686
1 9 2
195 731
1 14 2
301 11
1 9 2
124 151
1 2 2
405 166
1 13 2
406 308
1 3 2
74 52
1 11 2
791 480
1 4 2
239 783
1 15 2
73 142
1 11 2
730 390
1 10 2
439 197
1 5 2
615 441
1 9 2
69 336
1 11 2
561 167
1 7 2
296 740
1 15 2
219 601
1 13 2
255 126
1 3 2
617 308
1 8 2
224 363
1 14 2
233 492
1 11 2
563 404
1 13 2
519 218
1 2 2
189 764
1 12 2
450 631
1 5 2
266 579
1 12 2
780 593
1 6 2
597 278
1 8 2
624 782
1 11 2
378 563
1 9 2
25 776
1 5 2
78 539
1 7 2
102 82
1 10 2
239 585
1 13 2
613 693
1 3 2
678 719
1 7 2
443 688
1 7 2
18 383
1 8 2
209 308
1 4 2
113 504
1 9 2
256 508
1 3 2
19 341
1 15 2
213 42
1 2 2
156 427
1 5 2
205 428
1 9 2
718 568
1 7 2
792 736
1 2 2
280 222
1 6 2
194 337
1 8 2
367 327
1 7 2
12 141
1 14 2
763 406
1 8 2
776 548
1 13 2
783 583
1 2 2
635 471
1 14 2
676 288
1 9 2
550 228
1 2 2
631 196
1 7 2
512 772
1 2 2
492 86
1 3 2
208 498
1 14 2
529 43
1 10 2
387 532
1 10 2
502 201
1 14 2
778 627
1 15 2
612 206
1 4 2
272 662
1 14 2
449 556
1 15 2
653 8
1 9 2
605 339
1 5 2
78 355
1 10 2
224 59
1 5 2
646 686
1 13 2
403 516
1 12 2
737 84
1 4 2
437 649
1 3 2
560 439
1 7 2
450 59
1 8 2
328 126
1 2 2
520 15
1 8 2
728 304
1 4 2
754 458
1 14 2
692 106
1 9 2
284 432
1 13 2
409 179
1 9 2
166 712
1 4 2
445 108
1 6 2
616 705
1 11 2
172 557
1 8 2
415 585
1 7 2
669 618
1 7 2
649 160
1 12 2
303 118
1 15 2
441 16
1 4 2
290 347
1 9 2
431 530
1 10 2
396 674
1 15 2
4 313
1 10 2
762 761
1 4 2
576 373
1 3 2
557 243
1 4 2
761 757
1 11 2
153 37
1 14 2
135 615
1 7 2
511 167
1 5 2
89 126
1 5 2
664 730
1 5 2
345 434
1 12 2
468 389
1 8 2
437 17
1 12 2
390 152
1 12 2
187 701
1 2 2
565 733
1 8 2
320 270
1 4 2
185 298
1 7 2
355 603
1 10 2
436 349
1 4 2
642 397
1 14 2
0 93
1 6 2
134 337
1 2 2
683 447
1 9 2
255 215
1 5 2
252 588
1 3 2
502 723
1 2 2
460 769
1 2 2
282 651
1 6 2
63 652
1 11 2
640 458
1 2 2
350 571
1 8 2
427 513
1 5 2
534 676
1 4 2
432 239
1 6 2
118 602
1 5 2
89 543
1 10 2
462 467
1 2 2
41 333
1 3 2
447 636
1 6 2
609 293
1 12 2
69 757
1 9 2
180 404
1 2 2
462 48
1 7 2
739 175
1 4 2
759 506
1 4 2
634 511
1 4 2
161 731
1 6 2
391 756
1 8 2
710 182
1 13 2
311 622
1 15 2
317 488
1 11 2
478 612
1 7 2
202 602
1 11 2
514 474
1 5 2
736 377
1 7 2
35 252
1 3 2
142 518
1 10 2
412 223
1 11 2
84 85
1 8 2
375 784
1 12 2
88 553
1 15 2
201 218
1 9 2
591 191
1 11 2
284 624
1 14 2
203 558
1 15 2
724 704
1 6 2
94 694
1 11 2
243 643
1 8 2
603 281
1 7 2
604 586
1 13 2
405 476
1 9 2
58 557
1 12 2
114 505
1 13 2
753 118
1 8 2
503 324
1 12 2
280 609
1 3 2
348 118
1 6 2
120 333
1 2 2
300 166
1 8 2
273 192
1 5 2
344 739
1 4 2
785 728
1 4 2
187 326
1 2 2
375 544
1 4 2
307 158
1 12 2
622 343
1 5 2
506 444
1 3 2
409 265
1 10 2
565 336
1 14 2
203 187
1 11 2
179 444
1 13 2
511 177
1 14 2
314 537
1 4 2
579 464
1 9 2
753 360
1 13 2
114 654
1 14 2
492 15
1 15 2
301 423
1 9 2
402 709
1 8 2
439 421
1 2 2
484 170
1 4 2
583 737
1 2 2
244 382
1 7 2
507 97
1 6 2
101 731
1 11 2
756 231
1 15 2
323 757
1 8 2
549 346
1 10 2
18 536
1 14 2
704 724
1 5 2
232 743
1 13 2
786 250
1 14 2
421 737
1 7 2
378 393
1 5 2
754 203
1 7 2
502 442
1 12 2
510 784
1 4 2
327 420
1 10 2
581 300
1 2 2
352 347
1 12 2
569 331
1 4 2
30 211
1 5 2
304 319
1 3 2
102 781
1 15 2
648 361
1 9 2
688 440
1 7 2
17 586
1 13 2
116 456
1 4 2
482 411
1 14 2
752 84
1 7 2
611 229
1 4 2
333 390
1 10 2
797 588
1 12 2
755 166
1 10 2
305 140
1 8 2
314 487
1 4 2
462 686
1 12 2
728 721
1 5 2
129 789
1 6 2
608 184
1 4 2
202 404
1 12 2
352 361
1 13 2
547 592
1 6 2
71 791
1 5 2
219 290
1 9 2
189 124
1 12 2
639 495
1 13 2
499 298
1 4 2
276 571
1 9 2
555 212
1 3 2
703 74
1 10 2
451 54
1 15 2
453 344
1 10 2
477 375
1 8 2
581 165
1 13 2
622 182
1 14 2
623 375
1 11 2
335 81
1 2 2
611 420
1 4 2
753 761
1 4 2
782 138
1 14 2
187 656
1 6 2
309 110
1 2 2
353 659
1 7 2
169 424
1 14 2
473 349
1 7 2
579 456
1 13 2
69 466
1 4 2
31 362
1 13 2
356 512
1 4 2
562 794
1 9 2
651 150
1 15 2
306 560
1 15 2
713 419
1 8 2
777 334
1 8 2
672 232
1 2 2
353 772
1 6 2
465 362
1 14 2
452 189
1 3 2
623 795
1 3 2
277 271
1 13 2
686 582
1 6 2
632 614
1 4 2
107 287
1 7 2
264 738
1 11 2
26 507
1 9 2
386 674
1 4 2
567 351
1 7 2
292 789
1 7 2
771 16
1 5 2
793 210
1 14 2
233 228
1 8 2
734 343
1 6 2
481 567
1 15 2
585 638
1 7 2
289 107
1 10 2
650 297
1 6 2
493 473
1 4 2
746 172
1 2 2
76 3
1 4 2
63 787
1 10 2
266 574
1 5 2
305 191
1 10 2
496 191
1 11 2
266 109
1 13 2
242 17
1 10 2
461 593
1 3 2
495 327
1 4 2
342 96
1 13 2
720 88
1 9 2
716 247
1 5 2
186 646
1 10 2
717 232
1 10 2
563 441
1 2 2
576 69
1 6 2
89 87
1 3 2
283 425
1 8 2
281 25
1 6 2
191 550
1 6 2
194 470
1 4 2
467 369
1 14 2
112 512
1 2 2
732 532
1 9 2
145 603
1 8 2
606 357
1 7 2
182 44
1 7 2
390 695
1 11 2
392 512
1 3 2
686 495
1 14 2
85 799
1 15 2
370 443
1 15 2
3 2
1 7 2
664 335
1 6 2
776 612
1 13 2
171 496
1 9 2
80 654
1 13 2
229 447
1 13 2
19 536
1 4 2
695 115
1 6 2
261 234
1 14 2
702 315
1 15 2
615 185
1 14 2
93 631
1 10 2
459 495
1 12 2
276 422
1 8 2
790 704
1 9 2
505 68
1 5 2
749 9
1 5 2
150 359
1 6 2
289 659
1 10 2
634 222
1 14 2
497 613
1 5 2
153 508
1 8 2
665 166
1 9 2
24 239
1 7 2
536 277
1 3 2
732 421
1 7 2
342 729
1 11 2
185 151
1 12 2
520 771
1 15 2
391 52
1 12 2
504 558
1 4 2
2 369
1 3 2
467 729
1 8 2
318 277
1 15 2
465 122
1 13 2
690 249
1 8 2
774 361
1 9 2
727 423
1 5 2
33 610
1 2 2
273 493
1 12 2
469 252
1 13 2
664 702
1 13 2
573 560
1 2 2
604 650
1 2 2
94 8
1 5 2
708 371
1 3 2
320 442
1 9 2
684 148
1 6 2
486 610
1 7 2
290 456
1 7 2
414 751
1 13 2
568 132
1 13 2
120 584
1 3 2
704 442
1 6 2
234 619
1 13 2
621 428
1 2 2
446 557
1 2 2
97 423
1 2 2
438 666
1 14 2
789 50
1 9 2
677 793
1 7 2
269 256
1 4 2
646 549
1 10 2
567 86
1 11 2
765 152
1 11 2
260 353
1 6 2
715 184
1 5 2
470 758
1 7 2
89 505
1 4 2
136 578
1 6 2
28 198
1 3 2
40 362
1 5 2
252 698
1 11 2
189 188
1 15 2
620 655
1 12 2
783 211
1 8 2
312 34
1 9 2
645 449
1 12 2
368 690
1 3 2
240 304
1 13 2
784 355
1 12 2
187 295
1 5 2
141 331
1 4 2
394 538
1 2 2
5 231
1 3 2
191 576
1 8 2
44 38
1 7 2
85 389
1 14 2
120 308
1 14 2
684 267
1 14 2
653 190
1 14 2
280 451
1 4 2
629 634
1 12 2
603 280
1 7 2
420 218
1 4 2
214 541
1 3 2
215 53
1 2 2
105 429
1 7 2
216 359
1 15 2
179 165
1 15 2
380 342
1 13 2
782 23
1 7 2
430 295
1 11 2
322 394
1 2 2
330 81
1 6 2
605 367
1 14 2
645 399
1 10 2
105 225
1 4 2
260 416
1 12 2
137 389
1 11 2
79 473
1 2 2
254 27
1 13 2
535 661
1 4 2
33 584
1 13 2
233 722
1 7 2
541 411
1 9 2
748 492
1 9 2
172 380
1 5 2
96 758
1 8 2
610 29
1 11 2
326 397
1 15 2
472 229
1 8 2
395 199
1 7 2
642 593
1 6 2
341 105
1 5 2
703 753
1 12 2
86 736
1 5 2
160 757
1 10 2
627 133
1 9 2
611 40
1 10 2
206 79
1 14 2
52 455
1 15 2
87 244
1 10 2
616 760
1 7 2
602 295
1 15 2
369 84
1 8 2
64 250
1 8 2
294 362
1 12 2
262 71
1 11 2
440 597
1 9 2
497 375
1 6 2
761 596
1 3 2
767 318
1 12 2
289 309
1 5 2
494 775
1 8 2
399 253
1 10 2
534 15
1 12 2
116 445
1 15 2
293 247
1 5 2
207 357
1 15 2
646 298
1 2 2
753 716
1 9 2
69 458
1 4 2
226 232
1 15 2
215 600
1 2 2
265 590
1 6 2
499 164
1 11 2
68 50
1 8 2
754 101
1 2 2
94 316
1 13 2
678 279
1 11 2
672 83
1 4 2
670 312
1 11 2
136 581
1 4 2
601 37
1 7 2
780 201
1 7 2
471 529
1 12 2
245 241
1 15 2
190 621
1 4 2
729 622
1 13 2
609 588
1 15 2
322 29
1 13 2
180 125
1 5 2
393 745
1 15 2
235 791
1 8 2
402 403
1 7 2
720 370
1 7 2
108 753
1 7 2
29 98
1 15 2
18 470
1 2 2
498 243
1 12 2
262 128
1 15 2
36 280
1 12 2
462 262
1 8 2
379 566
1 2 2
799 233
1 14 2
177 561
1 7 2
646 156
1 7 2
500 635
1 8 2
10 47
1 3 2
166 488
1 11 2
129 357
1 6 2
730 42
1 8 2
398 38
1 4 2
722 751
1 10 2
764 349
1 9 2
242 54
1 10 2
43 267
1 6 2
557 40
1 15 2
249 2
1 2 2
339 221
1 6 2
438 244
1 11 2
32 359
1 9 2
288 206
1 13 2
442 773
1 8 2
386 622
1 12 2
581 299
1 15 2
176 561
1 2 2
325 156
1 2 2
673 631
1 3 2
684 182
1 14 2
373 253
1 15 2
430 2
1 15 2
173 572
1 5 2
198 18
1 14 2
156 208
1 6 2
614 43
1 4 2
258 636
1 8 2
543 599
1 4 2
155 482
1 10 2
748 344
1 6 2
379 488
1 7 2
314 635
1 6 2
783 47
1 2 2
127 618
1 12 2
37 308
1 13 2
649 556
1 9 2
536 383
1 14 2
83 528
1 2 2
409 80
1 13 2
623 251
1 12 2
390 666
1 10 2
508 663
1 8 2
752 470
1 9 2
72 744
1 10 2
55 490
1 9 2
717 740
1 11 2
783 221
1 7 2
10 485
1 2 2
65 511
1 4 2
696 65
1 10 2
523 585
1 3 2
171 707
1 7 2
246 237
1 9 2
670 10
1 10 2
72 355
1 9 2
710 336
1 11 2
643 123
1 10 2
683 164
1 9 2
510 131
1 2 2
134 363
1 14 2
584 533
1 7 2
326 789
1 3 2
618 729
1 6 2
651 458
1 7 2
295 449
1 7 2
210 345
1 13 2
49 488
1 4 2
75 377
1 15 2
7 383
1 9 2
124 698
1 13 2
654 423
1 5 2
655 160
1 9 2
58 632
1 15 2
699 194
1 12 2
405 338
1 11 2
100 629
1 5 2
657 111
1 12 2
403 314
1 10 2
129 401
1 6 2
367 68
1 14 2
390 288
1 12 2
21 227
1 2 2
715 488
1 7 2
203 597
1 14 2
774 9
1 3 2
8 682
1 9 2
305 430
1 9 2
324 132
1 2 2
681 794
1 5 2
49 237
1 4 2
219 573
1 10 2
456 111
1 10 2
262 89
1 13 2
536 430
1 12 2
161 432
1 3 2
388 140
1 3 2
697 544
1 10 2
682 779
1 11 2
753 561
1 15 2
84 345
1 4 2
256 612
1 9 2
49 583
1 9 2
27 223
1 6 2
208 531
1 11 2
721 669
1 12 2
467 213
1 10 2
121 629
1 13 2
6 493
1 11 2
591 9
1 3 2
67 466
1 10 2
255 265
1 6 2
318 699
1 6 2
232 310
1 14 2
791 561
1 5 2
153 177
1 11 2
186 32
1 11 2
625 217
1 11 2
619 305
1 5 2
553 664
1 11 2
358 750
1 3 2
671 437
1 6 2
724 488
1 8 2
18 156
1 3 2
146 526
1 14 2
128 662
1 12 2
434 498
1 9 2
252 552
1 12 2
404 327
1 15 2
517 442
1 9 2
16 156
1 6 2
27 92
1 8 2
57 574
1 6 2
371 324
1 2 2
294 786
1 3 2
556 113
1 13 2
678 504
1 2 2
270 141
1 10 2
520 508
1 7 2
530 104
1 9 2
761 789
1 10 2
239 172
1 10 2
473 612
1 6 2
561 94
1 2 2
95 610
1 2 2
285 707
1 6 2
99 647
1 11 2
97 14
1 5 2
703 75
1 11 2
229 449
1 6 2
110 520
1 4 2
306 697
1 14 2
137 473
1 3 2
106 175
1 7 2
756 244
1 2 2
335 552
1 10 2
736 531
1 9 2
144 705
1 13 2
626 653
1 12 2
216 121
1 12 2
707 30
1 8 2
545 580
1 7 2
607 439
1 3 2
240 168
1 14 2
234 251
1 14 2
433 756
1 5 2
86 182
1 12 2
141 617
1 15 2
657 634
1 10 2
431 551
1 11 2
123 434
1 4 2
384 397
1 4 2
31 786
1 11 2
390 66
1 3 2
495 543
1 6 2
779 651
1 3 2
286 290
1 6 2
563 794
1 14 2
689 509
1 14 2
427 401
1 7 2
720 648
1 8 2
503 719
1 7 2
597 256
1 7 2
363 369
1 6 2
481 375
1 14 2
206 85
1 5 2
646 574
1 6 2
512 648
1 14 2
542 716
1 13 2
254 485
1 11 2
573 40
1 9 2
755 193
1 13 2
601 170
1 10 2
472 515
1 6 2
485 179
1 10 2
224 183
1 8 2
88 627
1 15 2
753 539
1 3 2
276 701
1 11 2
83 774
1 9 2
663 222
1 11 2
310 95
1 10 2
148 10
1 5 2
729 676
1 8 2
131 480
1 5 2
319 533
1 2 2
508 188
1 14 2
313 781
1 7 2
481 703
1 9 2
468 446
1 11 2
681 28
1 9 2
753 154
1 14 2
381 318
1 12 2
120 497
1 2 2
69 567
1 7 2
52 594
1 2 2
415 561
1 8 2
353 788
1 12 2
108 458
1 13 2
322 314
1 13 2
502 258
1 15 2
454 274
1 15 2
316 646
1 5 2
765 612
1 3 2
64 288
1 5 2
716 370
1 2 2
144 155
1 8 2
102 527
1 5 2
746 782
1 10 2
358 306
1 6 2
476 314
1 15 2
543 517
1 5 2
96 440
1 14 2
706 686
1 3 2
503 394
1 13 2
293 746
1 8 2
344 564
1 5 2
327 28
1 9 2
477 189
1 3 2
541 680
1 14 2
768 741
1 3 2
75 222
1 4 2
43 375
1 13 2
160 288
1 15 2
18 778
1 14 2
132 598
1 8 2
536 102
1 14 2
683 264
1 8 2
656 643
1 10 2
318 394
1 8 2
686 259
1 12 2
371 39
1 5 2
576 310
1 3 2
690 668
1 10 2
505 59
1 8 2
644 471
1 6 2
150 84
1 8 2
597 360
1 2 2
638 535
1 15 2
753 289
1 9 2
268 310
1 4 2
655 264
1 12 2
684 203
1 14 2
382 176
1 4 2
258 440
1 2 2
358 65
1 14 2
201 516
1 11 2
663 43
1 12 2
153 121
1 15 2
646 733
1 14 2
606 593
1 4 2
633 489
1 7 2
283 243
1 4 2
643 70
1 7 2
403 281
1 13 2
284 666
1 7 2
116 284
1 9 2
66 414
1 12 2
431 2
1 2 2
714 61
1 11 2
772 35
1 15 2
220 331
1 14 2
742 612
1 4 2
779 776
1 12 2
422 298
1 11 2
486 539
1 14 2
33 249
1 5 2
322 278
1 3 2
681 119
1 5 2
434 726
1 12 2
214 274
1 13 2
721 708
1 9 2
608 629
1 12 2
170 505
1 5 2
746 420
1 9 2
751 435
1 5 2
770 560
1 2 2
408 0
1 6 2
230 760
1 15 2
470 64
1 6 2
139 164
1 11 2
757 353
1 13 2
187 688
1 12 2
133 46
1 7 2
747 121
1 4 2
508 322
1 4 2
418 104
1 11 2
614 133
1 2 2
101 664
1 5 2
738 786
1 3 2
293 454
1 4 2
353 235
1 7 2
479 47
1 9 2
84 693
1 3 2
326 489
1 12 2
553 668
1 8 2
790 557
1 2 2
269 114
1 3 2
227 558
1 4 2
748 762
1 7 2
347 34
1 5 2
459 360
1 9 2
99 396
1 14 2
36 207
1 15 2
168 339
1 14 2
562 759
1 2 2
791 426
1 15 2
19 788
1 8 2
629 376
1 15 2
391 103
1 13 2
600 669
1 5 2
252 420
1 2 2
265 554
1 11 2
739 545
1 3 2
182 742
1 4 2
561 69
1 4 2
353 145
1 10 2
676 480
1 7 2
254 471
1 3 2
552 626
1 11 2
6 636
1 2 2
766 268
1 11 2
693 219
1 8 2
268 442
1 14 2
793 635
1 4 2
629 306
1 3 2
721 4
1 10 2
599 563
1 3 2
787 604
1 8 2
402 655
1 8 2
567 474
1 8 2
358 219
1 13 2
248 169
1 8 2
341 557
1 6 2
312 592
1 15 2
499 438
1 15 2
304 759
1 14 2
236 426
1 11 2
446 242
1 3 2
660 153
1 15 2
318 554
1 11 2
644 727
1 13 2
767 374
1 11 2
273 633
1 2 2
652 441
1 10 2
312 61
1 12 2
142 396
1 7 2
713 173
1 2 2
781 674
1 13 2
756 332
1 14 2
608 563
1 5 2
384 642
1 7 2
8 437
1 5 2
495 504
1 3 2
16 66
1 4 2
193 279
1 8 2
394 421
1 9 2
481 527
1 11 2
191 226
1 11 2
318 146
1 15 2
240 665
1 6 2
675 394
1 7 2
239 539
1 15 2
13 512
1 15 2
106 151
1 4 2
76 643
1 15 2
181 166
1 8 2
325 204
1 13 2
312 12
1 7 2
735 307
1 10 2
190 796
1 4 2
503 173
1 6 2
244 40
1 8 2
184 238
1 6 2
659 116
1 15 2
461 391
1 10 2
387 433
1 5 2
306 165
1 7 2
673 145
1 5 2
81 183
1 3 2
223 748
1 2 2
36 394
1 11 2
120 112
1 14 2
650 723
1 4 2
568 325
1 8 2
759 96
1 8 2
572 513
1 9 2
475 183
1 12 2
416 135
1 13 2
419 357
1 6 2
259 471
1 9 2
28 531
1 11 2
467 268
1 11 2
247 555
1 13 2
31 367
1 12 2
481 515
1 4 2
730 355
1 12 2
757 371
1 4 2
45 615
1 11 2
366 577
1 3 2
28 264
1 3 2
542 607
1 3 2
352 725
1 10 2
552 417
1 10 2
495 260
1 8 2
46 157
1 14 2
401 428
1 13 2
336 625
1 13 2
213 525
1 14 2
391 465
1 13 2
670 389
1 3 2
61 276
1 6 2
598 191
1 5 2
48 288
1 11 2
299 235
1 2 2
181 770
1 3 2
569 207
1 3 2
419 599
1 13 2
385 757
1 7 2
327 667
1 6 2
781 213
1 7 2
774 10
1 5 2
36 327
1 10 2
470 126
1 4 2
451 571
1 3 2
107 712
1 3 2
115 746
1 6 2
720 687
1 7 2
607 441
1 2 2
599 106
1 2 2
475 719
1 2 2
69 648
1 4 2
567 432
1 15 2
450 199
1 14 2
717 225
1 6 2
434 582
1 8 2
255 721
1 11 2
266 265
1 3 2
597 203
1 9 2
48 771
1 2 2
7 140
1 4 2
35 411
1 8 2
377 69
1 2 2
549 107
1 13 2
517 365
1 3 2
603 638
1 2 2
424 206
1 4 2
71 749
1 11 2
439 377
1 2 2
156 510
1 11 2
132 498
1 5 2
281 414
1 15 2
725 607
1 9 2
322 705
1 13 2
55 667
1 5 2
349 169
1 8 2
60 468
1 3 2
558 695
1 6 2
428 658
1 2 2
699 132
1 10 2
422 544
1 3 2
730 351
1 12 2
59 25
1 15 2
627 338
1 15 2
176 495
1 6 2
117 155
1 12 2
715 746
1 15 2
246 309
1 3 2
228 520
1 5 2
57 761
1 10 2
679 189
1 12 2
361 7
1 4 2
372 589
1 13 2
272 619
1 11 2
1 384
1 8 2
693 240
1 3 2
260 69
1 14 2
391 690
1 5 2
169 793
1 2 2
592 600
1 9 2
615 41
1 7 2
689 54
1 11 2
7 180
1 13 2
454 781
1 6 2
315 650
1 15 2
374 453
1 12 2
326 237
1 8 2
65 654
1 2 2
242 732
1 12 2
730 651
1 9 2
769 742
1 9 2
91 790
1 14 2
372 230
1 13 2
308 316
1 10 2
713 126
1 7 2
602 274
1 3 2
665 409
1 15 2
160 288
1 5 2
562 334
1 9 2
582 325
1 3 2
10 511
1 4 2
394 627
1 13 2
626 133
1 15 2
685 213
1 13 2
313 347
1 13 2
430 227
1 7 2
618 320
1 14 2
364 397
1 2 2
781 658
1 3 2
346 750
1 12 2
488 93
1 14 2
148 442
1 14 2
510 235
1 5 2
691 749
1 8 2
117 488
1 12 2
197 728
1 10 2
471 194
1 10 2
107 68
1 10 2
289 41
1 14 2
78 62
1 9 2
626 158
1 9 2
563 788
1 8 2
418 748
1 11 2
757 345
1 13 2
28 358
1 4 2
321 31
1 14 2
191 99
1 5 2
474 599
1 4 2
608 779
1 11 2
214 731
1 12 2
103 465
1 3 2
506 795
1 10 2
345 529
1 8 2
480 722
1 6 2
506 618
1 8 2
229 676
1 8 2
455 543
1 10 2
709 281
1 6 2
331 521
1 13 2
671 197
1 5 2
128 98
1 4 2
234 118
1 14 2
697 15
1 4 2
41 785
1 15 2
23 254
1 2 2
552 194
1 6 2
82 749
1 9 2
787 768
1 15 2
765 558
1 9 2
71 169
1 2 2
540 301
1 8 2
382 129
1 12 2
531 771
1 9 2
463 189
1 8 2
435 478
1 13 2
605 67
1 13 2
80 100
1 11 2
39 403
1 14 2
220 799
1 5 2
292 335
1 6 2
641 35
1 6 2
132 373
1 14 2
513 515
1 15 2
762 563
1 2 2
373 730
1 3 2
133 2
1 3 2
125 378
1 8 2
584 313
1 4 2
135 660
1 13 2
599 129
1 15 2
343 541
1 15 2
644 428
1 7 2
172 344
1 5 2
61 115
1 6 2
760 478
1 10 2
341 798
1 2 2
739 505
1 11 2
446 149
1 2 2
792 108
1 2 2
467 35
1 15 2
315 37
1 3 2
9 227
1 5 2
252 294
1 14 2
495 634
1 4 2
143 466
1 6 2
107 463
1 2 2
790 74
1 11 2
683 282
1 8 2
654 102
1 13 2
464 590
1 13 2
308 412
1 7 2
18 169
1 9 2
364 703
1 13 2
350 132
1 3 2
208 260
1 9 2
286 56
1 6 2
633 795
1 6 2
378 435
1 13 2
283 99
1 15 2
294 679
1 4 2
70 749
1 11 2
451 118
1 4 2
87 216
1 6 2
56 402
1 9 2
135 434
1 4 2
507 782
1 10 2
569 274
1 2 2
409 210
1 13 2
145 70
1 2 2
149 272
1 12 2
291 743
1 14 2
616 71
1 3 2
765 141
1 13 2
176 114
1 6 2
576 279
1 3 2
321 174
1 4 2
506 526
1 3 2
762 49
1 10 2
264 186
1 6 2
746 508
1 11 2
335 108
1 12 2
96 506
1 4 2
372 157
1 5 2
755 403
1 2 2
233 264
1 3 2
74 158
1 15 2
361 688
1 3 2
754 609
1 10 2
186 685
1 3 2
513 362
1 14 2
678 612
1 3 2
465 669
1 15 2
750 591
1 9 2
639 493
1 5 2
774 54
1 8 2
743 480
1 15 2
196 501
1 11 2
139 314
1 13 2
9 779
1 15 2
321 597
1 9 2
465 407
1 8 2
271 253
1 11 2
162 591
1 13 2
694 473
1 13 2
224 403
1 11 2
297 13
1 8 2
565 198
1 5 2
691 139
1 14 2
547 400
1 2 2
414 455
1 2 2
445 352
1 14 2
554 741
1 15 2
385 360
1 15 2
716 460
1 8 2
765 471
1 3 2
774 327
1 12 2
286 327
1 8 2
293 669
1 8 2
135 539
1 10 2
408 288
1 3 2
760 448
1 15 2
531 285
1 13 2
370 152
1 3 2
587 68
1 10 2
291 616
1 10 2
613 356
1 7 2
364 599
1 2 2
370 510
1 5 2
648 317
1 8 2
769 743
1 5 2
702 358
1 8 2
392 605
1 15 2
205 238
1 14 2
100 120
1 8 2
770 476
1 8 2
230 764
1 9 2
188 27
1 15 2
744 530
1 10 2
653 736
1 11 2
316 305
1 11 2
19 398
1 15 2
343 94
1 13 2
36 658
1 5 2
171 710
1 8 2
796 251
1 8 2
543 17
1 2 2
563 439
1 11 2
154 702
1 14 2
35 478
1 2 2
151 190
1 13 2
350 441
1 13 2
510 0
1 8 2
592 639
1 4 2
33 758
1 9 2
250 157
1 11 2
193 445
1 9 2
350 449
1 7 2
452 142
1 5 2
466 758
1 9 2
402 311
1 12 2
242 531
1 13 2
301 715
1 14 2
566 169
1 6 2
288 535
1 5 2
100 26
1 13 2
258 320
1 14 2
789 457
1 7 2
758 309
1 3 2
747 248
1 12 2
44 19
1 8 2
590 740
1 7 2
766 346
1 15 2
110 464
1 14 2
641 656
1 11 2
13 248
1 6 2
189 783
1 9 2
18 30
1 5 2
480 121
1 4 2
538 190
1 5 2
757 341
1 11 2
143 486
1 12 2
723 140
1 14 2
414 531
1 4 2
236 360
1 15 2
217 378
1 15 2
326 747
1 14 2
545 222
1 9 2
619 234
1 5 2
761 518
1 14 2
527 64
1 4 2
612 272
1 7 2
45 249
1 2 2
312 669
1 4 2
32 693
1 4 2
26 420
1 12 2
484 71
1 10 2
192 45
1 12 2
75 97
1 2 2
604 203
1 8 2
692 73
1 8 2
302 515
1 4 2
480 107
1 7 2
354 253
1 5 2
530 604
1 13 2
776 17
1 12 2
111 465
1 2 2
502 111
1 5 2
172 606
1 8 2
765 651
1 9 2
445 7
1 11 2
411 540
1 3 2
675 679
1 6 2
121 514
1 3 2
477 337
1 14 2
776 575
1 12 2
193 278
1 8 2
402 277
1 9 2
127 724
1 3 2
307 162
1 2 2
799 47
1 14 2
706 426
1 10 2
423 642
1 8 2
154 295
1 7 2
338 296
1 7 2
108 671
1 14 2
289 257
1 15 2
33 447
1 11 2
441 523
1 6 2
377 254
1 3 2
340 178
1 5 2
480 211
1 14 2
141 56
1 9 2
95 245
1 2 2
572 784
1 11 2
461 140
1 9 2
502 51
1 12 2
127 681
1 3 2
365 587
1 15 2
139 312
1 15 2
272 131
1 12 2
641 736
1 8 2
684 79
1 14 2
652 392
1 12 2
695 312
1 6 2
583 641
1 3 2
346 574
1 8 2
569 248
1 9 2
619 423
1 2 2
356 316
1 12 2
314 29
1 2 2
440 331
1 10 2
707 100
1 4 2
496 451
1 4 2
394 607
1 8 2
40 327
1 5 2
551 630
1 14 2
533 149
1 14 2
315 106
1 6 2
682 214
1 10 2
398 140
1 2 2
107 56
1 8 2
378 747
1 11 2
717 658
1 9 2
6 752
1 5 2
195 239
1 7 2
109 86
1 14 2
319 791
1 5 2
76 260
1 5 2
548 788
1 7 2
268 385
1 14 2
573 557
1 10 2
143 677
1 12 2
300 67
1 14 2
316 560
1 12 2
542 702
1 6 2
324 537
1 4 2
771 536
1 2 2
584 689
1 8 2
287 595
1 5 2
239 157
1 6 2
551 680
1 11 2
303 529
1 12 2
201 334
1 11 2
5 469
1 9 2
261 638
1 11 2
475 753
1 13 2
87 244
1 13 2
107 152
1 7 2
17 386
1 10 2
511 119
1 13 2
356 288
1 12 2
555 513
1 8 2
673 356
1 7 2
693 546
1 15 2
284 384
1 9 2
83 524
1 5 2
567 438
1 7 2
645 152
1 5 2
757 427
1 3 2
405 192
1 5 2
546 701
1 10 2
446 373
1 4 2
188 346
1 4 2
669 515
1 15 2
758 761
1 15 2
7 484
1 4 2
30 255
1 4 2
273 400
1 4 2
202 618
1 11 2
525 303
1 6 2
698 417
1 2 2
88 380
1 12 2
746 43
1 4 2
70 619
1 15 2
382 749
1 10 2
46 444
1 13 2
46 528
1 11 2
203 599
1 14 2
441 98
1 5 2
201 432
1 11 2
780 230
1 12 2
700 514
1 11 2
598 373
1 6 2
673 205
1 2 2
660 450
1 3 2
314 129
1 11 2
751 670
1 12 2
705 442
1 6 2
626 327
1 13 2
430 231
1 2 2
252 277
1 15 2
89 454
1 9 2
142 420
1 4 2
126 764
1 5 2
192 422
1 14 2
476 176
1 6 2
411 214
1 11 2
436 66
1 8 2
60 435
1 9 2
20 547
1 12 2
108 765
1 6 2
359 184
1 5 2
97 208
1 10 2
157 509
1 5 2
305 374
1 2 2
304 176
1 15 2
514 196
1 5 2
542 78
1 14 2
392 647
1 8 2
280 73
1 8 2
504 62
1 11 2
606 37
1 11 2
142 387
1 14 2
423 122
1 12 2
142 791
1 4 2
508 296
1 3 2
328 540
1 11 2
477 288
1 15 2
89 48
1 9 2
342 116
1 2 2
194 499
1 4 2
171 489
1 7 2
410 391
1 10 2
364 546
1 10 2
185 756
1 4 2
151 547
1 6 2
736 388
1 12 2
82 697
1 8 2
493 211
1 5 2
100 563
1 11 2
226 447
1 10 2
295 209
1 3 2
444 775
1 8 2
50 609
1 10 2
683 173
1 14 2
331 357
1 9 2
793 253
1 8 2
221 161
1 13 2
175 338
1 4 2
232 544
1 15 2
240 758
1 6 2
144 565
1 10 2
704 61
1 10 2
57 503
1 3 2
7 203
1 15 2
628 299
1 15 2
619 648
1 9 2
394 12
1 2 2
121 22
1 3 2
84 528
1 7 2
289 231
1 6 2
706 252
1 7 2
443 38
1 6 2
715 202
1 11 2
377 398
1 11 2
235 257
1 2 2
777 133
1 14 2
161 464
1 14 2
756 416
1 11 2
385 89
1 12 2
247 8
1 2 2
224 185
1 3 2
727 18
1 5 2
496 230
1 9 2
311 484
1 12 2
483 698
1 13 2
59 242
1 3 2
24 623
1 13 2
396 440
1 8 2
623 300
1 14 2
402 78
1 14 2
312 326
1 2 2
59 291
1 10 2
780 139
1 6 2
721 288
1 14 2
232 767
1 15 2
212 114
1 8 2
215 671
1 14 2
179 711
1 2 2
627 776
1 4 2
548 143
1 8 2
244 588
1 3 2
16 324
1 9 2
365 585
1 9 2
319 629
1 15 2
88 189
1 8 2
706 294
1 3 2
378 84
1 6 2
263 147
1 2 2
473 23
1 9 2
799 617
1 5 2
159 245
1 11 2
415 620
1 4 2
79 462
1 14 2
2 643
1 8 2
771 383
1 13 2
707 299
1 9 2
67 524
1 3 2
487 674
1 11 2
258 69
1 3 2
736 240
1 7 2
126 667
1 9 2
799 102
1 8 2
559 449
1 10 2
486 704
1 13 2
93 295
1 8 2
711 589
1 4 2
690 593
1 15 2
126 610
1 14 2
116 9
1 15 2
472 113
1 2 2
452 498
1 13 2
764 43
1 13 2
198 298
1 11 2
13 291
1 14 2
685 311
1 15 2
737 660
1 11 2
121 208
1 3 2
199 15
1 3 2
346 265
1 10 2
700 224
1 6 2
137 299
1 8 2
432 343
1 12 2
498 763
1 10 2
406 643
1 2 2
317 61
1 15 2
291 40
1 3 2
314 689
1 11 2
132 377
1 5 2
490 100
1 5 2
591 783
1 11 2
653 241
1 5 2
389 118
1 7 2
514 450
1 7 2
681 471
1 14 2
391 514
1 2 2
779 431
1 14 2
535 694
1 12 2
426 702
1 10 2
610 145
1 9 2
256 425
1 7 2
666 707
1 3 2
352 136
1 11 2
250 559
1 11 2
190 784
1 9 2
770 439
1 6 2
22 496
1 7 2
355 718
1 13 2
551 287
1 9 2
699 301
1 9 2
779 724
1 5 2
225 115
1 10 2
29 331
1 9 2
247 336
1 10 2
636 265
1 11 2
442 755
1 3 2
773 300
1 2 2
129 126
1 13 2
707 455
1 11 2
88 493
1 10 2
546 337
1 14 2
576 304
1 4 2
278 390
1 10 2
84 227
1 9 2
596 109
1 11 2
681 211
1 13 2
611 421
1 7 2
177 352
1 8 2
481 499
1 14 2
352 739
1 11 2
134 598
1 5 2
417 463
1 8 2
409 517
1 9 2
443 147
1 5 2
308 752
1 2 2
502 372
1 12 2
84 712
1 9 2
247 754
1 7 2
153 337
1 5 2
227 606
1 9 2
503 624
1 13 2
652 231
1 14 2
224 542
1 10 2
423 377
1 12 2
50 786
1 12 2
564 366
1 11 2
22 592
1 5 2
331 15
1 14 2
79 679
1 11 2
529 709
1 5 2
473 673
1 6 2
250 114
1 4 2
757 123
1 6 2
619 429
1 7 2
643 64
1 10 2
85 305
1 7 2
273 268
1 15 2
679 475
1 8 2
587 476
1 6 2
342 541
1 4 2
645 508
1 3 2
491 66
1 13 2
72 399
1 4 2
344 745
1 11 2
735 408
1 7 2
421 30
1 2 2
529 402
1 5 2
36 265
1 4 2
347 521
1 15 2
262 735
1 10 2
248 516
1 4 2
113 731
1 12 2
534 467
1 4 2
443 643
1 12 2
88 321
1 2 2
200 241
1 12 2
683 535
1 10 2
26 251
1 14 2
451 489
1 14 2
543 195
1 15 2
523 382
1 8 2
764 96
1 8 2
173 485
1 8 2
569 80
1 15 2
375 286
1 2 2
623 475
1 5 2
643 184
1 2 2
523 160
1 2 2
79 43
1 3 2
777 127
1 2 2
127 97
1 2 2
547 657
1 15 2
337 794
1 11 2
712 739
1 10 2
493 235
1 13 2
361 23
1 10 2
128 793
1 13 2
45 301
1 10 2
654 540
1 6 2
331 505
1 3 2
13 434
1 5 2
740 667
1 11 2
444 779
1 15 2
39 127
1 9 2
277 488
1 7 2
228 122
1 12 2
635 418
1 2 2
388 347
1 12 2
198 494
1 13 2
80 771
1 11 2
106 206
1 15 2
123 258
1 2 2
117 209
1 9 2
306 218
1 6 2
698 458
1 5 2
593 691
1 7 2
49 718
1 12 2
771 111
1 6 2
722 309
1 7 2
726 403
1 11 2
424 633
1 15 2
719 80
1 6 2
77 84
1 2 2
561 319
1 15 2
495 691
1 6 2
332 206
1 15 2
261 554
1 4 2
398 164
1 7 2
456 755
1 2 2
337 600
1 2 2
535 477
1 8 2
586 153
1 15 2
741 763
1 9 2
111 181
1 4 2
126 275
1 12 2
258 627
1 10 2
228 43
1 11 2
158 133
1 13 2
543 434
1 13 2
14 149
1 8 2
379 599
1 4 2
248 501
1 11 2
402 657
1 11 2
310 530
1 6 2
722 411
1 5 2
455 449
1 12 2
19 598
1 5 2
22 385
1 11 2
531 683
1 10 2
352 541
1 11 2
559 339
1 11 2
41 374
1 11 2
235 560
1 11 2
406 130
1 4 2
519 658
1 11 2
773 697
1 9 2
536 554
1 9 2
614 795
1 4 2
421 632
1 12 2
730 798
1 3 2
794 573
1 6 2
219 179
1 15 2
395 631
1 10 2
548 587
1 2 2
573 425
1 6 2
366 361
1 15 2
433 413
1 2 2
283 73
1 4 2
261 516
1 6 2
353 663
1 12 2
662 24
1 2 2
591 265
1 9 2
92 482
1 4 2
1 132
1 9 2
46 197
1 7 2
32 731
1 3 2
21 507
1 11 2
451 164
1 14 2
616 604
1 10 2
506 272
1 11 2
452 414
1 5 2
749 94
1 6 2
290 510
1 8 2
498 381
1 9 2
338 293
1 12 2
688 404
1 2 2
746 405
1 5 2
462 646
1 5 2
771 730
1 2 2
290 302
1 7 2
370 607
1 7 2
775 412
1 8 2
120 671
1 2 2
728 155
1 7 2
547 246
1 7 2
1 671
1 7 2
374 505
1 3 2
56 562
1 5 2
662 563
1 9 2
356 671
1 7 2
688 618
1 13 2
499 730
1 12 2
266 274
1 8 2
459 22
1 12 2
193 544
1 8 2
12 84
1 12 2
74 698
1 2 2
522 24
1 12 2
774 734
1 12 2
63 103
1 10 2
62 799
1 14 2
344 350
1 10 2
366 683
1 4 2
113 734
1 6 2
594 51
1 10 2
108 113
1 8 2
522 33
1 10 2
146 445
1 3 2
789 664
1 15 2
368 622
1 8 2
354 89
1 13 2
320 640
1 8 2
364 18
1 13 2
349 797
1 14 2
360 670
1 6 2
365 753
1 3 2
524 216
1 15 2
390 5
1 11 2
357 11
1 3 2
332 509
1 7 2
66 356
1 14 2
19 363
1 6 2
567 9
1 14 2
581 18
1 4 2
147 525
1 12 2
558 349
1 4 2
302 520
1 6 2
66 696
1 11 2
81 443
1 15 2
683 83
1 7 2
252 250
1 4 2
161 451
1 4 2
75 187
1 14 2
263 539
1 10 2
245 556
1 7 2
746 700
1 4 2
145 103
1 2 2
160 651
1 9 2
766 308
1 10 2
50 70
1 4 2
245 10
1 11 2
305 534
1 4 2
420 54
1 10 2
321 93
1 11 2
237 717
1 2 2
307 484
1 13 2
57 65
1 9 2
583 488
1 9 2
672 384
1 7 2
576 407
1 8 2
16 665
1 13 2
401 311
1 14 2
463 732
1 15 2
452 717
1 6 2
679 198
1 5 2
631 796
1 4 2
584 130
1 8 2
316 468
1 13 2
789 253
1 6 2
510 242
1 15 2
415 688
1 8 2
553 715
1 4 2
189 590
1 6 2
508 257
1 14 2
84 203
1 11 2
450 697
1 5 2
401 768
1 12 2
595 336
1 6 2
381 114
1 14 2
747 513
1 11 2
662 277
1 8 2
226 210
1 11 2
461 436
1 9 2
180 268
1 5 2
145 534
1 8 2
104 485
1 14 2
293 177
1 5 2
699 365
1 3 2
446 701
1 5 2
786 654
1 11 2
486 204
1 2 2
697 268
1 12 2
27 691
1 11 2
458 385
1 4 2
405 121
1 15 2
671 531
1 14 2
69 53
1 11 2
291 700
1 6 2
413 155
1 4 2
667 272
1 15 2
566 618
1 8 2
344 706
1 7 2
558 114
1 2 2
164 52
1 13 2
306 68
1 15 2
736 153
1 11 2
7 701
1 3 2
300 462
1 7 2
460 291
1 10 2
540 161
1 15 2
738 342
1 15 2
792 708
1 3 2
543 714
1 12 2
515 736
1 13 2
278 246
1 13 2
725 753
1 14 2
82 678
1 11 2
132 660
1 15 2
465 333
1 14 2
286 338
1 10 2
417 364
1 13 2
404 234
1 7 2
689 445
1 12 2
335 551
1 10 2
303 645
1 13 2
533 641
1 8 2
479 434
1 6 2
611 515
1 6 2
575 382
1 14 2
572 470
1 9 2
439 509
1 8 2
713 216
1 15 2
693 673
1 7 2
250 186
1 3 2
456 26
1 5 2
672 586
1 8 2
42 203
1 3 2
120 8
1 5 2
123 242
1 7 2
555 507
1 6 2
452 646
1 11 2
43 24
1 14 2
704 136
1 11 2
430 501
1 2 2
670 328
1 7 2
478 113
1 11 2
243 663
1 5 2
14 410
1 7 2
493 741
1 15 2
474 675
1 14 2
8 140
1 12 2
21 528
1 2 2
94 717
1 7 2
427 168
1 7 2
624 15
1 9 2
494 83
1 9 2
688 707
1 14 2
473 464
1 15 2
660 366
1 10 2
759 527
1 10 2
205 507
1 9 2
606 592
1 4 2
330 664
1 6 2
780 12
1 11 2
644 584
1 9 2
426 527
1 12 2
564 272
1 8 2
257 778
1 14 2
152 277
1 11 2
777 611
1 4 2
335 373
1 4 2
397 257
1 6 2
261 692
1 7 2
679 398
1 14 2
322 57
1 9 2
364 126
1 15 2
260 345
1 6 2
429 258
1 13 2
726 511
1 5 2
383 122
1 11 2
343 442
1 5 2
449 273
1 13 2
583 274
1 10 2
409 244
1 3 2
319 46
1 8 2
151 431
1 2 2
54 405
1 8 2
632 336
1 5 2
427 49
1 10 2
172 374
1 15 2
16 380
1 12 2
314 481
1 5 2
161 371
1 12 2
75 721
1 6 2
394 98
1 9 2
707 536
1 5 2
478 157
1 6 2
291 405
1 10 2
356 693
1 9 2
717 550
1 6 2
151 609
1 11 2
572 13
1 13 2
704 11
1 2 2
246 547
1 5 2
706 172
1 13 2
175 308
1 15 2
442 52
1 10 2
581 676
1 11 2
571 519
1 6 2
273 711
1 6 2
266 224
1 2 2
256 632
1 3 2
326 74
1 12 2
254 437
1 6 2
371 401
1 8 2
719 452
1 15 2
160 16
1 4 2
517 454
1 5 2
717 738
1 13 2
551 373
1 3 2
252 627
1 3 2
731 532
1 9 2
381 165
1 14 2
242 390
1 10 2
718 630
1 11 2
418 321
1 6 2
677 141
1 4 2
590 343
1 10 2
172 469
1 8 2
400 75
1 7 2
251 478
1 4 2
302 454
1 12 2
697 217
1 5 2
704 484
1 11 2
700 293
1 5 2
124 437
1 8 2
54 544
1 5 2
262 58
1 14 2
524 475
1 5 2
7 640
1 13 2
94 261
1 2 2
644 750
1 11 2
722 491
1 11 2
362 717
1 5 2
565 294
1 6 2
501 7
1 2 2
190 364
1 4 2
51 631
1 13 2
675 10
1 3 2
654 333
1 3 2
736 717
1 6 2
373 238
1 5 2
428 46
1 6 2
350 121
1 4 2
702 234
1 4 2
356 365
1 10 2
432 247
1 14 2
581 234
1 4 2
655 299
1 6 2
436 208
1 3 2
105 661
1 14 2
483 496
1 9 2
463 681
1 7 2
414 32
1 13 2
150 139
1 13 2
669 154
1 2 2
411 167
1 5 2
120 474
1 10 2
743 130
1 11 2
103 181
1 10 2
193 510
1 7 2
522 781
1 11 2
236 583
1 4 2
594 168
1 15 2
381 243
1 13 2
98 160
1 2 2
182 594
1 13 2
194 53
1 3 2
41 212
1 11 2
708 769
1 12 2
718 89
1 4 2
454 660
1 8 2
211 399
1 12 2
516 524
1 11 2
56 281
1 5 2
497 541
1 8 2
402 620
1 10 2
194 588
1 12 2
655 464
1 15 2
257 112
1 6 2
776 312
1 2 2
624 167
1 15 2
505 78
1 4 2
37 257
1 7 2
450 386
1 9 2
488 715
1 15 2
681 554
1 2 2
605 504
1 4 2
242 198
1 5 2
97 450
1 15 2
97 609
1 6 2
260 242
1 10 2
351 228
1 6 2
138 190
1 13 2
762 393
1 9 2
741 245
1 3 2
539 236
1 5 2
120 581
1 14 2
10 623
1 12 2
334 78
1 14 2
538 370
1 14 2
513 362
1 11 2
706 181
1 2 2
627 326
1 11 2
565 117
1 11 2
113 573
1 13 2
543 400
1 14 2
75 749
1 10 2
701 511
1 3 2
609 587
1 12 2
231 554
1 8 2
162 520
1 4 2
85 80
1 13 2
180 791
1 9 2
66 667
1 6 2
23 696
1 2 2
463 125
1 8 2
38 340
1 2 2
362 166
1 3 2
326 105
1 5 2
107 790
1 4 2
475 720
1 2 2
470 604
1 15 2
774 588
1 6 2
272 398
1 10 2
13 601
1 11 2
300 231
1 13 2
138 753
1 13 2
317 175
1 14 2
304 65
1 4 2
453 445
1 2 2
222 268
1 14 2
438 220
1 15 2
126 588
1 14 2
368 87
1 12 2
582 433
1 3 2
56 202
1 3 2
441 372
1 10 2
591 222
1 5 2
533 351
1 13 2
718 134
1 4 2
288 491
1 4 2
138 744
1 13 2
52 270
1 6 2
579 29
1 12 2
628 550
1 13 2
792 313
1 7 2
19 100
1 3 2
64 790
1 10 2
695 217
1 8 2
565 678
1 3 2
299 132
1 10 2
589 315
1 13 2
109 108
1 15 2
588 17
1 7 2
451 425
1 2 2
696 410
1 13 2
726 87
1 4 2
699 757
1 8 2
40 409
1 10 2
486 14
1 7 2
605 33
1 15 2
473 274
1 12 2
426 786
1 10 2
157 235
1 7 2
725 746
1 11 2
645 266
1 11 2
46 286
1 2 2
745 244
1 10 2
466 4
1 3 2
731 156
1 4 2
1 17
1 10 2
239 125
1 6 2
469 24
1 10 2
523 625
1 9 2
128 650
1 11 2
587 341
1 4 2
642 706
1 14 2
23 420
1 11 2
37 202
1 5 2
683 8
1 5 2
39 85
1 3 2
387 531
1 5 2
126 572
1 7 2
623 0
1 14 2
308 117
1 8 2
299 143
1 2 2
105 281
1 8 2
169 536
1 5 2
654 762
1 15 2
248 409
1 10 2
162 368
1 15 2
673 548
1 15 2
214 726
1 12 2
702 153
1 10 2
547 580
1 14 2
792 20
1 3 2
57 225
1 13 2
727 359
1 9 2
183 105
1 3 2
392 503
1 13 2
473 608
1 15 2
64 10
1 3 2
668 369
1 6 2
689 665
1 13 2
412 363
1 7 2
200 19
1 3 2
798 558
1 3 2
192 77
1 12 2
616 453
1 15 2
196 795
1 11 2
425 462
1 6 2
330 166
1 6 2
346 698
1 4 2
501 46
1 7 2
700 594
1 13 2
444 32
1 15 2
721 427
1 9 2
352 591
1 10 2
13 151
1 2 2
496 719
1 12 2
183 791
1 11 2
514 136
1 15 2
352 154
1 8 2
537 10
1 10 2
651 429
1 13 2
613 460
1 9 2
751 736
1 7 2
358 208
1 13 2
623 641
1 13 2
452 424
1 14 2
564 669
1 11 2
715 171
1 6 2
666 387
1 4 2
521 195
1 3 2
314 716
1 11 2
109 252
1 14 2
386 787
1 8 2
305 22
1 4 2
341 94
1 10 2
8 599
1 11 2
46 425
1 7 2
283 687
1 5 2
606 727
1 3 2
398 270
1 7 2
134 31
1 11 2
715 171
1 5 2
660 528
1 14 2
185 174
1 13 2
225 780
1 9 2
291 605
1 10 2
387 741
1 8 2
33 355
1 14 2
667 403
1 10 2
31 569
1 11 2
300 392
1 7 2
519 197
1 11 2
96 176
1 6 2
267 181
1 8 2
445 338
1 3 2
628 755
1 3 2
362 230
1 3 2
591 364
1 8 2
85 434
1 15 2
421 78
1 7 2
101 0
1 14 2
340 153
1 7 2
486 583
1 5 2
81 451
1 15 2
675 610
1 6 2
601 512
1 5 2
243 622
1 15 2
524 15
1 9 2
166 769
1 4 2
376 531
1 10 2
107 226
1 12 2
475 641
1 14 2
758 176
1 8 2
15 559
1 4 2
3 235
1 4 2
394 494
1 9 2
644 186
1 5 2
28 112
1 10 2
72 490
1 13 2
551 752
1 9 2
230 91
1 15 2
714 676
1 11 2
627 278
1 9 2
342 618
1 15 2
39 714
1 15 2
719 736
1 2 2
86 603
1 14 2
747 799
1 10 2
794 310
1 10 2
666 719
1 5 2
430 479
1 5 2
598 435
1 5 2
314 769
1 11 2
380 753
1 11 2
628 239
1 15 2
44 795
1 3 2
265 139
1 6 2
280 494
1 14 2
655 645
1 12 2
134 346
1 6 2
56 377
1 4 2
203 627
1 6 2
593 643
1 5 2
741 109
1 6 2
188 546
1 9 2
89 670
1 13 2
148 613
1 15 2
182 105
1 10 2
248 651
1 3 2
349 185
1 13 2
346 484
1 5 2
5 769
1 10 2
358 498
1 10 2
664 517
1 6 2
323 497
1 15 2
26 364
1 13 2
665 529
1 2 2
719 703
1 15 2
44 171
1 4 2
34 494
1 9 2
621 223
1 5 2
652 186
1 4 2
554 416
1 8 2
313 440
1 7 2
267 216
1 15 2
534 229
1 7 2
545 358
1 3 2
660 486
1 15 2
580 707
1 5 2
217 54
1 5 2
630 670
1 12 2
259 156
1 12 2
176 387
1 4 2
297 785
1 11 2
541 329
1 10 2
200 10
1 8 2
77 752
1 8 2
501 300
1 8 2
501 305
1 9 2
279 20
1 4 2
333 97
1 3 2
22 493
1 14 2
192 16
1 13 2
540 505
1 9 2
519 241
1 7 2
506 465
1 3 2
56 448
1 9 2
323 302
1 7 2
132 385
1 15 2
206 500
1 3 2
652 792
1 8 2
326 507
1 11 2
777 488
1 4 2
624 613
1 2 2
175 195
1 4 2
87 19
1 6 2
301 441
1 12 2
274 712
1 4 2
550 778
1 7 2
48 152
1 11 2
662 502
1 7 2
3 199
1 8 2
308 122
1 10 2
384 346
1 12 2
64 119
1 11 2
31 447
1 14 2
247 27
1 12 2
691 312
1 15 2
343 96
1 12 2
410 220
1 6 2
335 684
1 7 2
217 547
1 13 2
287 792
1 10 2
319 77
1 3 2
556 354
1 15 2
263 290
1 14 2
183 331
1 10 2
235 228
1 14 2
525 417
1 6 2
500 602
1 9 2
620 557
1 3 2
4 315
1 10 2
522 632
1 2 2
112 294
1 9 2
390 405
1 10 2
500 442
1 9 2
799 649
1 10 2
152 419
1 14 2
84 395
1 9 2
385 638
1 10 2
57 112
1 3 2
727 205
1 9 2
110 533
1 6 2
641 718
1 11 2
184 765
1 2 2
591 359
1 2 2
389 548
1 11 2
687 74
1 12 2
162 511
1 7 2
512 551
1 4 2
162 789
1 4 2
460 327
1 4 2
734 126
1 13 2
729 36
1 7 2
493 7
1 9 2
606 465
1 11 2
393 666
1 11 2
130 391
1 4 2
119 337
1 3 2
423 567
1 7 2
22 147
1 3 2
88 540
1 10 2
667 324
1 15 2
670 183
1 6 2
761 23
1 2 2
54 101
1 7 2
726 733
1 10 2
203 542
1 8 2
445 336
1 15 2
356 663
1 10 2
223 679
1 5 2
344 392
1 15 2
539 644
1 3 2
403 139
1 15 2
47 679
1 3 2
485 362
1 2 2
152 638
1 7 2
111 417
1 10 2
745 405
1 2 2
591 750
1 6 2
584 96
1 14 2
233 285
1 2 2
519 590
1 3 2
387 248
1 14 2
750 461
1 5 2
2 257
1 10 2
217 795
1 10 2
769 534
1 6 2
738 163
1 10 2
718 578
1 14 2
756 758
1 11 2
409 148
1 13 2
236 375
1 11 2
30 563
1 4 2
126 320
1 13 2
213 304
1 15 2
677 461
1 14 2
695 217
1 15 2
90 624
1 2 2
590 540
1 15 2
489 337
1 11 2
759 613
1 11 2
204 379
1 10 2
165 23
1 4 2
520 253
1 5 2
12 205
1 5 2
571 285
1 9 2
501 554
1 10 2
313 632
1 14 2
269 260
1 11 2
99 765
1 6 2
205 691
1 3 2
510 183
1 15 2
288 125
1 6 2
430 192
1 10 2
399 63
1 2 2
482 248
1 10 2
434 168
1 12 2
54 91
1 5 2
710 540
1 4 2
331 745
1 6 2
329 490
1 9 2
246 417
1 13 2
306 141
1 10 2
90 506
1 9 2
752 103
1 4 2
255 274
1 10 2
75 672
1 9 2
63 531
1 11 2
429 529
1 13 2
578 192
1 10 2
301 284
1 5 2
135 129
1 4 2
238 720
1 15 2
230 351
1 3 2
665 645
1 9 2
706 760
1 11 2
523 244
1 9 2
34 365
1 12 2
682 562
1 12 2
649 7
1 7 2
238 334
1 2 2
500 749
1 13 2
657 249
1 9 2
609 383
1 8 2
622 484
1 15 2
791 94
1 4 2
755 364
1 2 2
584 577
1 9 2
724 44
1 13 2
218 787
1 6 2
389 425
1 5 2
631 91
1 9 2
163 313
1 7 2
259 47
1 14 2
17 26
1 8 2
186 708
1 3 2
457 363
1 7 2
509 221
1 6 2
591 614
1 3 2
580 461
1 10 2
66 381
1 6 2
350 423
1 8 2
335 464
1 5 2
656 677
1 4 2
8 648
1 13 2
659 19
1 8 2
558 545
1 4 2
356 386
1 9 2
305 229
1 7 2
775 663
1 15 2
473 711
1 14 2
513 326
1 11 2
405 201
1 9 2
598 605
1 7 2
694 638
1 9 2
743 723
1 13 2
62 676
1 10 2
67 506
1 5 2
178 397
1 5 2
536 226
1 14 2
115 666
1 10 2
288 635
1 5 2
478 481
1 7 2
296 324
1 9 2
726 192
1 10 2
649 208
1 8 2
204 66
1 7 2
228 359
1 11 2
505 531
1 10 2
640 715
1 13 2
315 184
1 15 2
731 153
1 10 2
628 484
1 3 2
613 244
1 14 2
176 27
1 7 2
175 29
1 2 2
114 741
1 6 2
542 530
1 2 2
632 164
1 7 2
563 408
1 5 2
600 549
1 5 2
93 41
1 15 2
326 649
1 12 2
225 595
1 4 2
668 700
1 10 2
31 797
1 15 2
31 136
1 5 2
696 608
1 5 2
650 79
1 15 2
700 678
1 5 2
270 275
1 4 2
611 12
1 8 2
86 271
1 2 2
710 486
1 7 2
467 178
1 9 2
529 27
1 10 2
466 443
1 9 2
743 130
1 2 2
291 418
1 2 2
225 743
1 7 2
475 217
1 11 2
754 362
1 7 2
445 458
1 6 2
608 773
1 5 2
748 137
1 9 2
66 464
1 11 2
465 366
1 6 2
625 193
1 15 2
338 307
1 9 2
728 94
1 12 2
35 517
1 7 2
247 348
1 6 2
583 454
1 15 2
169 651
1 11 2
60 13
1 10 2
612 567
1 13 2
327 15
1 3 2
181 265
1 14 2
540 220
1 6 2
636 581
1 13 2
497 118
1 13 2
533 379
1 2 2
571 689
1 11 2
247 49
1 14 2
493 204
1 12 2
540 441
1 11 2
780 609
1 3 2
712 276
1 8 2
88 58
1 10 2
508 529
1 8 2
740 44
1 14 2
426 204
1 9 2
502 150
1 5 2
4 339
1 5 2
424 344
1 4 2
443 730
1 8 2
411 410
1 2 2
469 445
1 13 2
763 777
1 13 2
587 688
1 3 2
71 55
1 14 2
303 280
1 8 2
82 180
1 3 2
22 725
1 7 2
799 131
1 2 2
656 78
1 14 2
341 574
1 5 2
423 437
1 12 2
505 466
1 2 2
100 281
1 2 2
146 220
1 14 2
550 522
1 3 2
4 599
1 13 2
274 381
1 6 2
81 141
1 14 2
734 594
1 10 2
709 278
1 7 2
38 122
1 4 2
687 545
1 10 2
791 795
1 8 2
663 628
1 8 2
232 531
1 5 2
142 237
1 10 2
85 26
1 12 2
508 498
1 6 2
269 751
1 14 2
415 50
1 2 2
159 539
1 6 2
256 491
1 6 2
564 433
1 15 2
19 142
1 4 2
268 363
1 2 2
353 148
1 2 2
15 403
1 12 2
368 466
1 14 2
707 319
1 13 2
798 237
1 14 2
430 181
1 2 2
366 66
1 2 2
741 44
1 10 2
104 624
1 3 2
476 353
1 12 2
513 381
1 14 2
205 662
1 3 2
245 541
1 5 2
347 378
1 2 2
212 269
1 11 2
173 638
1 2 2
496 0
1 10 2
285 538
1 10 2
539 214
1 8 2
433 262
1 3 2
788 678
1 6 2
531 3
1 3 2
25 131
1 4 2
144 72
1 9 2
296 526
1 4 2
428 430
1 14 2
245 409
1 4 2
6 18
1 3 2
93 66
1 14 2
350 735
1 4 2
88 784
1 2 2
144 476
1 10 2
593 98
1 11 2
477 631
1 4 2
360 757
1 7 2
48 647
1 6 2
296 513
1 10 2
785 642
1 9 2
304 726
1 2 2
659 473
1 3 2
762 734
1 7 2
749 631
1 3 2
214 54
1 3 2
91 484
1 6 2
212 426
1 5 2
469 525
1 12 2
58 277
1 4 2
774 245
1 3 2
610 764
1 4 2
461 762
1 6 2
311 630
1 13 2
84 636
1 12 2
688 159
1 5 2
595 648
1 4 2
659 582
1 2 2
671 524
1 6 2
652 390
1 13 2
199 711
1 12 2
263 661
1 14 2
523 765
1 8 2
368 50
1 11 2
485 518
1 10 2
383 533
1 2 2
743 145
1 15 2
182 562
1 6 2
262 471
1 11 2
620 729
1 13 2
484 170
1 6 2
316 437
1 3 2
522 454
1 14 2
776 154
1 8 2
137 697
1 14 2
36 177
1 8 2
751 669
1 11 2
187 457
1 15 2
21 582
1 10 2
494 91
1 5 2
727 445
1 6 2
180 174
1 6 2
750 135
1 12 2
219 626
1 3 2
726 586
1 15 2
163 692
1 4 2
729 47
1 12 2
109 239
1 15 2
381 166
1 6 2
553 15
1 4 2
733 368
1 2 2
226 227
1 15 2
739 792
1 6 2
103 525
1 5 2
697 71
1 9 2
278 715
1 9 2
249 784
1 5 2
409 715
1 12 2
102 789
1 3 2
539 370
1 6 2
774 624
1 3 2
768 316
1 6 2
11 61
1 15 2
189 284
1 9 2
675 376
1 10 2
120 703
1 7 2
58 794
1 13 2
199 336
1 5 2
537 776
1 8 2
401 523
1 7 2
601 52
1 8 2
118 417
1 3 2
418 502
1 12 2
516 121
1 13 2
719 532
1 12 2
30 765
1 6 2
589 169
1 15 2
778 459
1 13 2
149 501
1 9 2
267 661
1 9 2
754 260
1 5 2
164 103
1 13 2
427 591
1 13 2
39 699
1 3 2
410 98
1 6 2
766 94
1 4 2
122 206
1 2 2
653 757
1 14 2
138 780
1 2 2
309 108
1 3 2
611 579
1 15 2
425 27
1 6 2
770 774
1 15 2
119 405
1 11 2
221 763
1 8 2
98 109
1 5 2
207 399
1 7 2
605 749
1 2 2
405 416
1 9 2
690 636
1 9 2
392 432
1 2 2
133 765
1 4 2
317 790
1 12 2
774 569
1 4 2
217 667
1 10 2
504 665
1 4 2
230 432
1 14 2
387 72
1 2 2
65 570
1 10 2
555 405
1 5 2
299 765
1 10 2
149 182
1 11 2
427 166
1 8 2
411 581
1 10 2
693 346
1 14 2
528 750
1 7 2
214 632
1 14 2
792 515
1 9 2
302 185
1 7 2
445 642
1 12 2
595 496
1 7 2
406 702
1 12 2
509 548
1 5 2
606 602
1 14 2
157 678
1 6 2
120 159
1 7 2
620 417
1 10 2
670 390
1 12 2
608 303
1 14 2
339 547
1 4 2
114 546
1 10 2
95 409
1 15 2
92 314
1 6 2
258 380
1 2 2
419 470
1 5 2
254 385
1 7 2
240 94
1 10 2
604 313
1 7 2
132 736
1 12 2
676 239
1 6 2
178 508
1 15 2
362 512
1 15 2
654 406
1 10 2
681 636
1 2 2
99 364
1 15 2
613 65
1 5 2
286 263
1 12 2
451 391
1 15 2
710 268
1 15 2
398 594
1 8 2
436 340
1 7 2
449 622
1 12 2
403 472
1 4 2
584 474
1 4 2
633 509
1 12 2
772 417
1 5 2
173 199
1 3 2
621 252
1 4 2
717 280
1 15 2
754 434
1 7 2
43 785
1 2 2
709 477
1 2 2
182 387
1 8 2
772 676
1 5 2
580 760
1 2 2
121 497
1 8 2
269 244
1 15 2
638 520
1 6 2
379 764
1 14 2
649 637
1 8 2
642 111
1 10 2
527 741
1 7 2
648 65
1 8 2
317 124
1 14 2
676 783
1 14 2
511 757
1 13 2
62 786
1 5 2
265 495
1 15 2
131 795
1 2 2
558 430
1 15 2
645 526
1 10 2
599 289
1 12 2
749 486
1 11 2
637 207
1 10 2
520 545
1 14 2
562 160
1 10 2
563 150
1 7 2
246 65
1 10 2
677 712
1 6 2
579 9
1 3 2
588 417
1 12 2
764 795
1 8 2
722 777
1 4 2
465 243
1 5 2
259 26
1 14 2
21 575
1 3 2
250 690
1 7 2
59 551
1 7 2
96 331
1 3 2
42 744
1 15 2
487 632
1 6 2
383 663
1 7 2
546 289
1 7 2
182 508
1 11 2
26 193
1 9 2
623 780
1 3 2
88 682
1 14 2
681 194
1 6 2
262 788
1 13 2
244 694
1 6 2
463 148
1 5 2
662 438
1 5 2
340 705
1 15 2
454 663
1 2 2
59 451
1 12 2
441 731
1 11 2
717 135
1 12 2
600 295
1 15 2
312 208
1 3 2
152 332
1 15 2
711 171
1 11 2
762 433
1 11 2
759 188
1 5 2
124 737
1 15 2
731 668
1 3 2
654 194
1 5 2
639 704
1 8 2
545 129
1 10 2
536 741
1 7 2
642 716
1 2 2
434 778
1 3 2
346 464
1 9 2
779 649
1 11 2
369 551
1 5 2
381 468
1 5 2
221 230
1 5 2
371 557
1 3 2
586 329
1 9 2
545 75
1 3 2
647 573
1 13 2
644 234
1 6 2
111 582
1 4 2
786 117
1 9 2
762 209
1 14 2
330 310
1 8 2
14 332
1 11 2
626 771
1 4 2
563 337
1 3 2
5 749
1 2 2
339 352
1 12 2
12 14
1 6 2
697 780
1 7 2
688 276
1 5 2
762 507
1 9 2
473 452
1 11 2
82 147
1 15 2
396 763
1 6 2
734 202
1 6 2
567 748
1 15 2
265 508
1 10 2
115 182
1 5 2
723 278
1 4 2
561 2
1 9 2
438 638
1 6 2
174 710
1 13 2
611 467
1 8 2
334 65
1 2 2
419 149
1 11 2
672 84
1 6 2
787 434
1 2 2
7 440
1 5 2
541 315
1 13 2
275 125
1 13 2
17 253
1 4 2
94 501
1 9 2
209 651
1 13 2
134 382
1 5 2
704 412
1 12 2
755 796
1 11 2
336 216
1 12 2
611 614
1 10 2
441 517
1 15 2
232 227
1 6 2
276 279
1 5 2
145 27
1 14 2
180 182
1 15 2
619 198
1 6 2
416 213
1 12 2
650 294
1 11 2
753 100
1 7 2
25 633
1 4 2
535 551
1 3 2
349 32
1 13 2
640 119
1 15 2
105 673
1 13 2
292 591
1 8 2
224 404
1 9 2
365 353
1 4 2
488 648
1 5 2
379 534
1 12 2
647 780
1 9 2
709 470
1 6 2
36 284
1 10 2
130 50
1 14 2
680 57
1 10 2
419 194
1 2 2
228 706
1 2 2
181 499
1 10 2
601 46
1 2 2
72 134
1 8 2
712 338
1 9 2
299 690
1 3 2
448 464
1 8 2
305 203
1 14 2
574 135
1 14 2
628 215
1 15 2
105 12
