800 6400 2400
15 12 25 6 16 18 23 22 15 12 17 8 25 7 16 17 21 21 11 19 5 6 19 19 13 25 8 17 15 16 5 17 16 9 16 7 13 12 14 24 22 25 18 11 14 21 7 8 12 23 23 22 11 11 13 9 21 5 24 9 9 21 6 14 9 10 8 18 19 9 18 19 6 15 25 11 10 22 23 15 20 24 22 16 25 8 18 22 23 21 9 20 18 12 18 7 12 16 6 19 18 18 6 12 22 7 23 14 17 23 8 14 23 24 16 11 17 6 6 8 20 8 21 9 21 5 8 20 15 6 6 12 12 11 22 12 16 18 23 25 25 24 6 16 25 13 23 11 21 19 14 25 8 7 5 24 6 5 5 25 19 13 14 14 15 18 19 16 25 18 25 12 22 22 7 8 16 19 24 25 15 8 20 25 21 9 20 22 11 9 7 15 20 12 19 19 14 22 21 5 5 23 24 23 7 9 24 17 10 12 24 13 15 20 10 12 6 22 12 24 8 5 23 17 19 11 6 10 25 15 22 18 10 24 7 22 20 22 23 12 11 19 11 18 24 23 13 16 23 19 13 8 14 9 15 15 20 23 6 24 25 5 22 12 10 24 11 24 17 24 25 6 12 6 15 22 23 23 6 16 8 19 23 14 23 14 25 21 12 10 8 13 5 19 18 17 25 13 7 12 16 24 13 24 16 13 5 13 5 13 24 21 16 18 8 12 24 15 22 12 19 21 20 25 15 20 12 17 7 18 19 15 23 10 22 24 23 25 9 22 16 11 24 25 18 15 23 10 16 25 22 7 6 12 7 15 11 14 5 12 8 24 9 17 10 20 6 17 11 14 9 9 8 10 17 5 14 9 15 19 12 5 24 24 22 9 8 9 13 23 12 12 17 17 14 7 11 15 10 25 22 17 16 25 16 19 18 17 23 21 13 5 16 22 24 6 21 10 7 12 11 17 19 6 13 8 24 21 5 5 12 24 20 8 16 8 15 10 14 14 11 7 6 12 7 14 8 12 12 22 9 10 15 24 25 5 17 5 6 21 16 8 21 23 24 7 9 6 17 20 17 14 17 19 18 20 8 17 12 10 10 18 6 23 23 17 5 20 18 20 16 9 15 18 6 9 19 18 21 15 10 7 12 16 9 10 13 17 7 10 25 23 10 6 20 22 11 23 25 5 8 13 17 15 17 8 6 16 7 5 10 20 21 5 13 25 14 12 16 5 13 25 11 18 7 21 23 13 5 14 13 10 24 21 23 17 10 20 6 14 15 5 22 9 6 11 10 20 7 6 5 24 24 14 17 18 8 21 6 22 19 20 15 18 12 8 22 24 10 9 8 22 8 13 24 16 11 21 21 8 21 21 14 24 12 5 18 25 15 19 11 25 6 5 20 24 5 20 16 25 12 20 17 14 5 8 24 8 23 18 20 19 8 9 11 22 8 13 12 23 20 25 25 5 21 13 9 21 22 10 16 19 17 15 21 18 19 9 14 23 24 11 16 10 8 12 10 6 25 24 12 22 6 25 15 8 10 25 9 18 6 19 22 11 21 17 11 14 8 12 12 14 8 19 7 20 15 7 10 19 14 23 10 21 20 25 11 6 5 21 15 10 20 6 9 13 5 19 6 24 19 18 7 9 23 19 22 12 19 5 7 10 5 20 21 16 21 25 19 15 18 20 14 7 16 22 8 25 17 17 18 14 21 14 21 21 20 13 15 6 24 12 21 25 10 5 21 6 7 20 21 22 14 8 14 16 16 6 15 13 8 16 20 17 19 25 12 19 21 13 24 14 11 11 17 24 7 13 24 12
3 19 6 13 6 18 18 10 10 5 12 16 16 11 20 20 7 5 8 11 13 3 14 4 13 10 15 14 4 3 15 16 9 17 6 8 11 4 18 16 3 18 13 19 20 7 5 9 12 6 18 12 6 15 10 8 7 18 4 15 9 14 9 14 12 17 3 16 19 16 14 3 17 20 4 7 20 20 5 13 9 9 9 3 13 6 12 4 16 11 10 15 20 7 14 5 18 13 12 15 18 10 15 5 5 17 11 18 5 10 17 20 13 13 5 18 10 7 18 8 9 19 4 4 8 9 15 7 6 5 16 7 6 7 20 11 10 13 10 6 8 19 8 3 15 3 5 19 3 19 7 9 19 14 5 13 12 9 13 3 19 11 7 18 18 9 17 13 8 15 4 13 5 5 10 16 6 8 4 15 11 14 18 3 8 5 5 10 8 6 8 3 12 6 16 3 10 16 4 20 7 10 15 13 13 14 6 3 15 11 16 6 16 8 20 3 11 13 11 20 11 18 13 13 17 20 3 19 5 13 3 18 12 19 3 19 17 17 18 12 17 20 12 11 8 9 19 19 10 5 10 4 3 13 20 5 20 10 13 13 6 10 16 13 20 7 18 5 20 4 8 10 11 7 16 6 8 17 8 16 20 14 19 12 20 7 11 3 20 16 13 14 13 19 9 11 19 10 17 11 9 19 10 9 20 10 17 3 17 15 14 12 3 8 15 7 3 19 10 15 3 19 4 12 18 7 4 13 13 4 18 7 20 17 6 16 3 9 5 7 16 6 18 13 5 18 10 3 13 17 10 5 15 18 6 8 16 3 7 16 15 7 3 18 15 11 5 12 8 10 5 16 4 3 16 13 14 15 6 3 3 3 12 4 8 3 18 8 6 6 16 6 6 19 16 12 11 15 6 11 18 18 16 5 4 9 9 6 11 16 3 12 9 20 19 7 10 13 6 17 6 15 4 4 19 5 15 5 19 7 17 7 10 4 18 19 6 5 12 14 11 20 12 11 18 14 7 13 15 18 12 15 12 15 19 13 9 7 13 16 12 11 7 3 4 13 4 19 14 16 17 15 8 13 4 13 9 12 7 4 8 6 17 8 10 17 13 9 9 3 19 7 3 3 20 15 7 7 11 13 16 6 14 13 11 19 4 10 7 14 9 6 16 6 10 7 10 16 20 12 11 6 15 20 6 7 20 7 13 5 17 16 14 20 6 15 15 17 3 5 15 17 16 8 15 20 5 18 5 10 3 15 14 10 17 4 4 5 9 11 16 7 19 15 8 17 13 14 16 16 7 11 6 19 18 6 14 18 13 13 20 3 16 5 20 17 3 18 7 16 8 15 3 16 15 15 11 5 15 10 17 13 6 6 10 11 4 12 20 15 11 10 9 16 11 10 15 3 10 5 20 9 8 15 3 12 11 17 16 11 16 4 12 18 5 3 18 18 5 13 9 15 17 13 11 4 18 12 5 3 4 5 16 12 6 10 7 17 18 17 18 6 17 13 15 8 18 18 6 12 5 7 12 14 6 4 8 4 11 6 13 11 9 5 4 10 15 11 9 13 9 8 16 6 17 3 17 13 12 17 19 16 12 14 10 16 7 9 4 13 13 20 10 13 12 12 7 4 19 16 11 19 20 14 15 5 5 3 9 17 13 17 14 19 5 18 12 13 6 14 16 5 13 15 13 12 12 7 9 20 9 4 16 7 5 19 4 15 6 3 9 17 4 8 14 17 18 20 12 7 3 10 9 3 15 13 3 16 13 9 5 20 20 14 18 15 3 7 7 11 10 15 16 18 8 7 7 10 15 20
1 9 2
395 498
1 4 2
139 103
1 7 2
667 27
1 14 2
387 214
1 14 2
176 4
1 13 2
271 773
1 14 2
755 781
1 14 2
637 232
1 12 2
637 699
1 4 2
49 241
1 7 2
752 326
1 8 2
605 301
1 10 2
110 457
1 6 2
200 797
1 2 2
760 330
1 14 2
198 122
1 6 2
425 603
1 13 2
612 221
1 6 2
726 682
1 3 2
741 127
1 13 2
316 68
1 6 2
293 638
1 5 2
541 15
1 11 2
384 681
1 3 2
87 706
1 13 2
190 226
1 15 2
770 693
1 14 2
662 712
1 3 2
158 396
1 8 2
413 294
1 10 2
5 770
1 9 2
180 332
1 11 2
756 350
1 15 2
741 795
1 5 2
475 463
1 10 2
610 645
1 2 2
662 335
1 3 2
124 359
1 10 2
758 78
1 4 2
453 618
1 2 2
539 604
1 3 2
718 191
1 2 2
5 135
1 5 2
534 687
1 13 2
769 338
1 2 2
339 113
1 14 2
195 339
1 8 2
137 784
1 14 2
55 17
1 12 2
551 337
1 11 2
361 350
1 5 2
562 776
1 7 2
686 722
1 6 2
645 781
1 4 2
544 703
1 11 2
167 436
1 2 2
774 797
1 2 2
510 102
1 4 2
62 692
1 4 2
689 672
1 13 2
347 389
1 2 2
184 61
1 10 2
61 672
1 10 2
19 240
1 13 2
765 216
1 13 2
261 169
1 6 2
84 357
1 6 2
437 182
1 10 2
603 555
1 13 2
530 461
1 9 2
571 635
1 13 2
637 434
1 5 2
727 674
1 2 2
717 418
1 9 2
45 232
1 10 2
715 124
1 14 2
91 436
1 6 2
659 791
1 11 2
363 565
1 3 2
35 559
1 9 2
758 98
1 12 2
291 715
1 13 2
569 267
1 10 2
545 138
1 12 2
199 688
1 8 2
119 351
1 13 2
26 596
1 11 2
155 525
1 14 2
423 505
1 14 2
681 703
1 15 2
165 69
1 2 2
107 793
1 2 2
412 619
1 8 2
707 450
1 15 2
323 685
1 13 2
459 65
1 7 2
689 353
1 7 2
429 453
1 2 2
186 166
1 11 2
275 243
1 8 2
725 600
1 7 2
682 581
1 8 2
439 434
1 5 2
559 238
1 5 2
101 764
1 5 2
147 150
1 15 2
90 406
1 4 2
282 575
1 3 2
2 418
1 13 2
344 689
1 14 2
436 63
1 10 2
662 620
1 6 2
403 757
1 10 2
733 423
1 13 2
530 261
1 7 2
523 632
1 10 2
457 143
1 2 2
171 151
1 11 2
569 348
1 13 2
417 467
1 15 2
588 547
1 7 2
137 533
1 10 2
462 357
1 8 2
198 453
1 15 2
74 542
1 13 2
183 250
1 13 2
36 7
1 9 2
679 655
1 10 2
101 364
1 13 2
131 269
1 14 2
387 216
1 15 2
66 15
1 8 2
291 796
1 9 2
604 332
1 8 2
514 288
1 15 2
653 272
1 6 2
625 735
1 2 2
471 211
1 7 2
201 637
1 15 2
337 395
1 2 2
754 179
1 8 2
618 196
1 8 2
77 531
1 14 2
31 347
1 5 2
371 313
1 13 2
693 581
1 9 2
362 369
1 8 2
315 728
1 2 2
731 166
1 8 2
565 751
1 11 2
340 441
1 5 2
218 367
1 7 2
250 15
1 10 2
645 745
1 9 2
219 677
1 11 2
277 738
1 12 2
489 107
1 6 2
738 253
1 8 2
573 767
1 5 2
664 566
1 3 2
46 10
1 10 2
237 311
1 14 2
276 317
1 8 2
744 63
1 4 2
213 732
1 13 2
700 656
1 15 2
517 516
1 2 2
483 430
1 12 2
560 532
1 14 2
227 258
1 12 2
557 260
1 15 2
766 537
1 3 2
581 277
1 13 2
69 677
1 8 2
307 422
1 7 2
780 236
1 15 2
734 690
1 6 2
32 255
1 5 2
112 125
1 3 2
784 338
1 5 2
369 732
1 4 2
600 421
1 13 2
403 704
1 15 2
600 326
1 7 2
669 237
1 4 2
374 29
1 4 2
322 508
1 13 2
193 541
1 7 2
580 544
1 9 2
225 634
1 8 2
717 563
1 11 2
622 628
1 5 2
589 36
1 14 2
241 132
1 9 2
92 788
1 8 2
736 39
1 14 2
771 717
1 6 2
205 670
1 8 2
263 612
1 15 2
76 232
1 9 2
654 20
1 11 2
723 398
1 5 2
760 717
1 15 2
192 426
1 10 2
258 678
1 11 2
138 59
1 5 2
760 512
1 7 2
643 184
1 10 2
267 392
1 15 2
183 204
1 6 2
596 141
1 8 2
1 532
1 14 2
366 328
1 14 2
427 150
1 7 2
612 327
1 7 2
560 514
1 13 2
792 575
1 6 2
225 99
1 10 2
467 299
1 4 2
413 666
1 3 2
402 313
1 10 2
286 104
1 11 2
633 22
1 6 2
254 326
1 2 2
451 156
1 2 2
440 155
1 3 2
500 12
1 7 2
530 798
1 6 2
29 657
1 14 2
30 611
1 12 2
275 675
1 2 2
781 551
1 8 2
156 264
1 11 2
224 769
1 13 2
657 559
1 6 2
717 776
1 12 2
107 627
1 13 2
533 704
1 6 2
460 464
1 11 2
656 36
1 14 2
108 226
1 12 2
70 318
1 8 2
441 181
1 9 2
343 203
1 3 2
82 767
1 5 2
499 79
1 5 2
278 305
1 13 2
67 703
1 13 2
733 159
1 7 2
387 298
1 7 2
459 322
1 13 2
17 20
1 2 2
369 622
1 6 2
203 420
1 2 2
768 173
1 14 2
126 394
1 5 2
251 487
1 10 2
150 661
1 8 2
232 222
1 12 2
376 243
1 5 2
69 653
1 14 2
706 651
1 9 2
624 647
1 15 2
11 68
1 11 2
458 392
1 5 2
0 668
1 14 2
776 172
1 11 2
105 698
1 15 2
577 274
1 6 2
739 118
1 13 2
776 782
1 3 2
43 395
1 15 2
266 504
1 5 2
394 16
1 15 2
625 12
1 11 2
400 698
1 6 2
466 43
1 12 2
501 56
1 10 2
467 616
1 12 2
362 500
1 15 2
314 246
1 11 2
420 312
1 3 2
99 484
1 14 2
350 244
1 14 2
772 429
1 8 2
512 480
1 3 2
560 275
1 3 2
269 298
1 12 2
702 378
1 5 2
79 752
1 9 2
99 50
1 12 2
39 118
1 12 2
323 617
1 13 2
51 94
1 4 2
93 372
1 10 2
706 97
1 6 2
527 561
1 11 2
653 175
1 13 2
644 2
1 3 2
669 233
1 11 2
594 681
1 15 2
569 265
1 7 2
725 195
1 7 2
605 111
1 13 2
52 315
1 4 2
193 752
1 7 2
724 665
1 12 2
738 737
1 4 2
569 587
1 5 2
375 706
1 2 2
400 579
1 4 2
694 748
1 8 2
385 352
1 3 2
65 783
1 2 2
652 79
1 7 2
205 512
1 2 2
408 325
1 11 2
218 97
1 10 2
104 134
1 8 2
338 183
1 8 2
540 319
1 14 2
783 752
1 6 2
645 604
1 10 2
264 103
1 12 2
145 324
1 14 2
81 341
1 2 2
708 99
1 13 2
583 423
1 8 2
730 462
1 11 2
134 744
1 15 2
593 497
1 2 2
391 226
1 11 2
7 399
1 4 2
315 645
1 2 2
618 260
1 3 2
737 615
1 11 2
150 386
1 5 2
586 477
1 15 2
697 246
1 15 2
642 734
1 10 2
535 19
1 15 2
623 158
1 6 2
604 462
1 12 2
302 497
1 7 2
79 237
1 12 2
578 634
1 2 2
454 735
1 12 2
580 653
1 10 2
308 485
1 15 2
154 440
1 15 2
735 130
1 14 2
757 408
1 11 2
79 444
1 2 2
282 686
1 13 2
317 735
1 13 2
416 715
1 11 2
383 794
1 14 2
454 121
1 8 2
160 367
1 15 2
742 25
1 11 2
479 51
1 11 2
532 763
1 5 2
697 297
1 11 2
491 354
1 4 2
279 416
1 9 2
459 32
1 5 2
112 600
1 4 2
627 124
1 10 2
47 26
1 11 2
605 635
1 7 2
576 339
1 14 2
519 537
1 8 2
8 518
1 7 2
101 27
1 13 2
724 557
1 7 2
351 98
1 7 2
80 112
1 3 2
2 424
1 6 2
519 384
1 6 2
261 604
1 12 2
282 627
1 7 2
743 109
1 13 2
393 649
1 8 2
677 116
1 3 2
253 107
1 2 2
650 321
1 8 2
462 79
1 13 2
765 65
1 5 2
523 347
1 7 2
96 77
1 2 2
235 743
1 12 2
559 557
1 11 2
486 787
1 2 2
499 322
1 2 2
64 724
1 4 2
215 413
1 7 2
218 399
1 6 2
794 662
1 13 2
379 772
1 13 2
643 648
1 6 2
576 51
1 6 2
201 433
1 2 2
107 726
1 15 2
269 610
1 13 2
327 66
1 7 2
577 723
1 9 2
150 774
1 15 2
17 555
1 10 2
505 457
1 14 2
314 664
1 11 2
602 3
1 4 2
15 416
1 13 2
465 220
1 4 2
55 44
1 14 2
484 518
1 9 2
761 693
1 6 2
566 659
1 5 2
7 671
1 9 2
751 621
1 12 2
384 434
1 5 2
464 669
1 9 2
495 534
1 13 2
469 740
1 10 2
24 73
1 2 2
356 512
1 6 2
352 183
1 11 2
336 142
1 8 2
159 20
1 5 2
464 270
1 4 2
392 470
1 10 2
287 155
1 7 2
494 445
1 12 2
19 741
1 15 2
410 687
1 7 2
722 441
1 8 2
785 602
1 10 2
517 90
1 13 2
690 591
1 11 2
9 482
1 4 2
286 118
1 12 2
346 148
1 4 2
519 745
1 4 2
107 81
1 7 2
488 338
1 5 2
166 300
1 6 2
203 615
1 3 2
746 266
1 7 2
50 701
1 14 2
353 303
1 6 2
723 214
1 11 2
211 609
1 15 2
412 403
1 7 2
154 102
1 12 2
585 5
1 5 2
5 240
1 7 2
628 346
1 2 2
272 138
1 11 2
251 70
1 12 2
30 380
1 13 2
190 406
1 3 2
433 490
1 8 2
424 166
1 10 2
622 5
1 9 2
746 591
1 15 2
478 597
1 9 2
419 761
1 7 2
210 172
1 8 2
101 582
1 3 2
545 108
1 11 2
487 434
1 11 2
331 144
1 4 2
441 617
1 10 2
542 145
1 10 2
758 72
1 4 2
767 441
1 6 2
702 352
1 13 2
59 715
1 9 2
386 59
1 13 2
452 583
1 14 2
505 592
1 6 2
694 228
1 14 2
365 102
1 15 2
297 362
1 12 2
713 76
1 14 2
157 176
1 8 2
399 112
1 8 2
157 657
1 14 2
768 271
1 9 2
299 534
1 3 2
681 224
1 9 2
585 668
1 12 2
254 602
1 13 2
393 262
1 14 2
430 693
1 8 2
662 675
1 2 2
610 579
1 14 2
215 240
1 7 2
551 162
1 13 2
776 633
1 12 2
662 389
1 10 2
373 793
1 13 2
616 27
1 8 2
379 783
1 7 2
512 252
1 6 2
435 112
1 3 2
669 602
1 12 2
218 39
1 12 2
561 267
1 10 2
176 280
1 14 2
411 414
1 9 2
628 440
1 11 2
121 85
1 12 2
589 476
1 12 2
109 415
1 8 2
15 28
1 8 2
394 596
1 8 2
708 173
1 10 2
610 336
1 15 2
556 531
1 6 2
729 491
1 3 2
315 664
1 9 2
373 742
1 13 2
170 624
1 7 2
500 549
1 13 2
227 618
1 8 2
275 139
1 11 2
435 482
1 9 2
789 736
1 3 2
287 522
1 7 2
182 280
1 8 2
273 443
1 9 2
634 645
1 5 2
354 603
1 11 2
580 158
1 12 2
774 12
1 3 2
674 261
1 3 2
315 669
1 12 2
373 357
1 8 2
539 260
1 11 2
676 491
1 11 2
576 264
1 12 2
445 99
1 9 2
626 243
1 13 2
328 685
1 2 2
438 274
1 8 2
37 539
1 12 2
736 722
1 3 2
185 202
1 13 2
381 360
1 6 2
192 316
1 3 2
641 449
1 8 2
240 253
1 14 2
699 581
1 15 2
427 119
1 15 2
761 687
1 14 2
67 108
1 9 2
740 268
1 14 2
796 789
1 3 2
360 550
1 9 2
472 303
1 8 2
15 406
1 6 2
233 589
1 3 2
481 309
1 3 2
557 711
1 15 2
72 453
1 11 2
474 144
1 6 2
674 444
1 9 2
483 375
1 7 2
532 277
1 2 2
698 751
1 7 2
269 471
1 5 2
223 339
1 14 2
118 485
1 9 2
125 771
1 2 2
326 381
1 7 2
62 137
1 13 2
135 141
1 6 2
403 55
1 15 2
690 797
1 13 2
252 500
1 2 2
683 662
1 6 2
169 301
1 10 2
715 67
1 7 2
140 190
1 11 2
308 482
1 13 2
665 53
1 13 2
536 42
1 12 2
606 287
1 13 2
789 46
1 13 2
500 285
1 6 2
466 290
1 13 2
358 615
1 15 2
440 359
1 9 2
329 476
1 5 2
150 189
1 2 2
327 686
1 2 2
304 428
1 12 2
691 774
1 7 2
83 549
1 4 2
136 260
1 10 2
46 26
1 8 2
313 366
1 10 2
549 301
1 7 2
168 355
1 3 2
567 90
1 5 2
55 67
1 5 2
449 505
1 6 2
615 262
1 6 2
751 429
1 15 2
694 551
1 4 2
101 730
1 12 2
415 154
1 10 2
345 547
1 6 2
422 366
1 11 2
313 507
1 14 2
741 138
1 10 2
55 604
1 12 2
733 539
1 14 2
524 195
1 6 2
179 261
1 15 2
30 49
1 15 2
613 234
1 2 2
113 441
1 2 2
486 791
1 7 2
785 632
1 6 2
422 729
1 7 2
471 470
1 14 2
127 512
1 11 2
533 4
1 5 2
7 184
1 8 2
575 536
1 8 2
702 740
1 6 2
628 605
1 4 2
537 678
1 13 2
167 137
1 4 2
463 41
1 9 2
633 377
1 9 2
73 246
1 8 2
14 616
1 8 2
607 289
1 6 2
373 330
1 15 2
745 299
1 14 2
605 202
1 10 2
259 593
1 10 2
741 434
1 7 2
114 625
1 15 2
83 132
1 6 2
387 713
1 5 2
646 297
1 5 2
413 356
1 10 2
81 675
1 2 2
128 173
1 12 2
497 780
1 11 2
4 753
1 3 2
232 95
1 15 2
514 336
1 13 2
93 684
1 5 2
229 163
1 3 2
504 356
1 2 2
748 551
1 14 2
298 229
1 14 2
21 766
1 5 2
523 49
1 15 2
21 272
1 13 2
73 321
1 15 2
514 576
1 2 2
667 110
1 6 2
261 224
1 6 2
50 431
1 12 2
769 89
1 11 2
385 402
1 12 2
792 333
1 8 2
702 660
1 4 2
341 622
1 2 2
320 743
1 8 2
612 74
1 2 2
138 340
1 6 2
362 465
1 14 2
687 318
1 13 2
175 502
1 13 2
705 140
1 2 2
478 156
1 5 2
359 762
1 3 2
156 122
1 14 2
790 133
1 8 2
166 286
1 7 2
311 409
1 11 2
353 390
1 9 2
586 174
1 11 2
538 309
1 10 2
197 277
1 12 2
20 60
1 4 2
258 626
1 10 2
308 774
1 5 2
469 596
1 10 2
608 797
1 14 2
511 546
1 3 2
142 106
1 12 2
389 35
1 12 2
562 370
1 15 2
117 603
1 7 2
331 10
1 9 2
798 474
1 8 2
792 794
1 12 2
94 662
1 8 2
286 615
1 12 2
705 260
1 10 2
155 522
1 12 2
317 223
1 3 2
646 48
1 8 2
380 1
1 12 2
563 752
1 3 2
145 10
1 11 2
257 467
1 2 2
463 451
1 8 2
109 681
1 4 2
575 252
1 3 2
196 164
1 4 2
298 714
1 9 2
412 72
1 2 2
236 696
1 6 2
281 115
1 8 2
583 577
1 5 2
434 287
1 10 2
594 409
1 8 2
135 160
1 4 2
536 564
1 15 2
151 110
1 4 2
620 739
1 15 2
427 755
1 4 2
147 398
1 13 2
698 169
1 11 2
552 29
1 14 2
294 618
1 5 2
723 168
1 7 2
673 313
1 12 2
178 478
1 5 2
167 12
1 14 2
676 353
1 7 2
540 761
1 2 2
80 336
1 10 2
316 671
1 11 2
653 660
1 10 2
62 104
1 6 2
756 441
1 7 2
673 317
1 12 2
217 195
1 3 2
624 617
1 13 2
746 317
1 8 2
267 165
1 15 2
435 37
1 5 2
699 113
1 4 2
658 609
1 8 2
330 37
1 2 2
155 443
1 8 2
704 408
1 4 2
68 198
1 14 2
614 76
1 2 2
427 769
1 14 2
499 642
1 2 2
423 75
1 3 2
299 195
1 4 2
33 546
1 5 2
624 267
1 13 2
138 551
1 2 2
167 22
1 7 2
292 766
1 5 2
264 405
1 6 2
422 67
1 8 2
622 734
1 6 2
234 705
1 4 2
206 7
1 2 2
312 352
1 13 2
189 747
1 2 2
588 406
1 11 2
290 673
1 13 2
770 731
1 7 2
164 781
1 12 2
399 189
1 8 2
771 277
1 4 2
789 290
1 12 2
99 402
1 10 2
537 709
1 13 2
341 234
1 13 2
435 218
1 7 2
565 606
1 4 2
310 420
1 10 2
787 737
1 9 2
450 160
1 14 2
643 205
1 7 2
646 397
1 8 2
394 5
1 15 2
638 236
1 12 2
229 716
1 4 2
793 139
1 15 2
567 532
1 2 2
641 797
1 12 2
330 285
1 13 2
557 183
1 9 2
168 495
1 2 2
393 619
1 8 2
743 511
1 7 2
731 129
1 4 2
429 320
1 15 2
469 517
1 7 2
203 445
1 9 2
767 720
1 7 2
256 166
1 11 2
214 464
1 3 2
325 552
1 13 2
679 593
1 7 2
216 299
1 15 2
302 581
1 9 2
47 777
1 14 2
193 106
1 14 2
454 708
1 6 2
646 538
1 14 2
128 760
1 6 2
272 639
1 13 2
146 610
1 7 2
229 78
1 15 2
541 712
1 14 2
568 454
1 12 2
526 519
1 10 2
86 722
1 6 2
179 200
1 15 2
660 39
1 7 2
182 540
1 13 2
77 502
1 4 2
516 192
1 6 2
149 111
1 3 2
601 363
1 3 2
796 731
1 3 2
557 161
1 6 2
656 359
1 7 2
17 287
1 12 2
675 721
1 10 2
505 266
1 8 2
120 83
1 14 2
562 485
1 14 2
63 739
1 7 2
198 757
1 14 2
236 728
1 10 2
767 636
1 15 2
370 316
1 10 2
86 765
1 14 2
150 305
1 7 2
172 268
1 8 2
231 561
1 9 2
495 384
1 12 2
772 480
1 14 2
444 519
1 11 2
668 498
1 6 2
733 299
1 9 2
456 632
1 8 2
351 770
1 6 2
30 183
1 12 2
630 366
1 12 2
570 289
1 7 2
16 747
1 6 2
556 249
1 5 2
96 57
1 10 2
360 765
1 2 2
283 461
1 7 2
569 484
1 11 2
704 141
1 15 2
243 468
1 5 2
354 684
1 3 2
361 660
1 4 2
243 112
1 8 2
710 114
1 7 2
519 309
1 10 2
253 64
1 12 2
92 762
1 4 2
204 697
1 2 2
531 483
1 14 2
386 561
1 11 2
213 663
1 4 2
363 125
1 9 2
664 571
1 3 2
359 118
1 10 2
514 90
1 14 2
223 21
1 15 2
44 670
1 15 2
684 12
1 3 2
257 714
1 6 2
689 483
1 6 2
111 542
1 11 2
167 698
1 15 2
648 188
1 14 2
33 582
1 14 2
85 643
1 15 2
346 546
1 9 2
320 357
1 2 2
258 189
1 9 2
424 140
1 4 2
274 710
1 10 2
280 404
1 2 2
574 325
1 13 2
350 676
1 7 2
439 279
1 12 2
551 87
1 8 2
551 148
1 5 2
734 139
1 9 2
32 335
1 2 2
264 292
1 9 2
312 126
1 10 2
136 635
1 15 2
764 765
1 4 2
208 73
1 10 2
144 712
1 14 2
793 533
1 15 2
275 120
1 8 2
636 140
1 10 2
500 428
1 13 2
674 753
1 7 2
778 135
1 12 2
668 437
1 7 2
382 33
1 9 2
475 699
1 4 2
644 48
1 15 2
497 480
1 10 2
288 678
1 12 2
655 785
1 13 2
283 416
1 7 2
200 674
1 13 2
666 603
1 6 2
30 273
1 12 2
272 126
1 9 2
724 419
1 2 2
482 473
1 3 2
685 662
1 11 2
640 270
1 6 2
42 709
1 11 2
380 483
1 4 2
505 557
1 2 2
331 340
1 9 2
253 58
1 5 2
667 164
1 10 2
471 371
1 10 2
614 321
1 3 2
654 212
1 5 2
552 48
1 2 2
756 569
1 7 2
62 370
1 15 2
514 320
1 15 2
746 635
1 14 2
229 788
1 13 2
651 319
1 6 2
767 669
1 2 2
395 104
1 14 2
158 491
1 15 2
725 451
1 3 2
682 106
1 3 2
611 239
1 3 2
430 175
1 8 2
167 473
1 6 2
482 338
1 13 2
540 406
1 7 2
62 418
1 13 2
298 322
1 5 2
75 596
1 12 2
409 328
1 8 2
565 591
1 10 2
14 466
1 6 2
262 780
1 14 2
280 183
1 13 2
249 626
1 13 2
669 387
1 10 2
409 0
1 11 2
144 693
1 6 2
17 359
1 8 2
726 392
1 2 2
306 150
1 13 2
632 138
1 11 2
56 354
1 12 2
743 27
1 11 2
76 494
1 12 2
148 275
1 11 2
477 797
1 3 2
88 759
1 11 2
156 450
1 11 2
269 413
1 10 2
146 764
1 12 2
481 223
1 12 2
287 86
1 3 2
327 366
1 2 2
3 748
1 13 2
8 296
1 10 2
26 180
1 15 2
484 124
1 13 2
99 299
1 2 2
731 22
1 4 2
5 724
1 2 2
229 235
1 4 2
666 152
1 3 2
527 7
1 7 2
779 378
1 2 2
634 213
1 13 2
358 721
1 12 2
32 723
1 11 2
260 85
1 2 2
490 647
1 14 2
45 659
1 9 2
796 297
1 2 2
345 756
1 5 2
515 421
1 13 2
495 735
1 14 2
396 571
1 4 2
85 214
1 14 2
600 331
1 7 2
675 35
1 14 2
674 95
1 7 2
637 395
1 13 2
283 753
1 7 2
594 728
1 3 2
375 32
1 4 2
360 677
1 14 2
337 325
1 12 2
106 231
1 7 2
45 292
1 13 2
686 193
1 8 2
239 676
1 2 2
34 125
1 9 2
492 624
1 7 2
759 359
1 4 2
117 140
1 14 2
262 36
1 10 2
451 12
1 6 2
149 446
1 4 2
98 358
1 11 2
615 516
1 11 2
602 534
1 7 2
531 586
1 14 2
73 351
1 12 2
311 666
1 9 2
260 760
1 13 2
296 764
1 12 2
550 527
1 3 2
499 342
1 2 2
553 174
1 6 2
219 505
1 6 2
509 636
1 6 2
555 655
1 9 2
26 246
1 15 2
555 404
1 9 2
90 307
1 4 2
775 109
1 11 2
486 298
1 11 2
539 437
1 7 2
367 182
1 10 2
310 132
1 6 2
86 721
1 13 2
779 175
1 4 2
78 8
1 4 2
146 333
1 11 2
505 701
1 8 2
108 0
1 2 2
556 664
1 13 2
521 219
1 2 2
732 440
1 15 2
282 630
1 13 2
360 265
1 7 2
787 352
1 15 2
65 141
1 7 2
277 224
1 6 2
780 182
1 3 2
446 628
1 8 2
491 643
1 14 2
73 616
1 13 2
30 144
1 9 2
667 595
1 11 2
133 330
1 15 2
655 64
1 2 2
44 619
1 15 2
86 171
1 5 2
311 732
1 10 2
462 608
1 3 2
131 231
1 8 2
464 505
1 15 2
294 387
1 6 2
65 9
1 14 2
553 362
1 3 2
227 205
1 11 2
522 326
1 9 2
681 71
1 8 2
422 210
1 14 2
45 384
1 11 2
555 409
1 5 2
96 556
1 13 2
409 214
1 5 2
112 634
1 4 2
576 251
1 2 2
266 402
1 9 2
418 102
1 11 2
339 639
1 2 2
335 293
1 13 2
179 388
1 4 2
536 700
1 6 2
380 754
1 4 2
423 50
1 15 2
394 792
1 14 2
8 338
1 8 2
226 213
1 12 2
503 7
1 4 2
634 281
1 5 2
397 289
1 12 2
56 569
1 15 2
455 739
1 4 2
299 404
1 9 2
173 662
1 10 2
180 369
1 3 2
643 798
1 13 2
516 545
1 9 2
309 577
1 2 2
321 674
1 4 2
191 29
1 12 2
150 611
1 9 2
38 26
1 15 2
312 109
1 13 2
442 714
1 3 2
688 505
1 9 2
304 473
1 7 2
94 180
1 15 2
677 450
1 3 2
108 460
1 2 2
272 670
1 3 2
96 652
1 13 2
412 324
1 15 2
326 387
1 7 2
284 517
1 9 2
463 351
1 13 2
529 521
1 8 2
316 711
1 15 2
274 96
1 14 2
781 548
1 7 2
543 789
1 4 2
76 492
1 13 2
743 785
1 15 2
180 509
1 5 2
500 655
1 15 2
386 460
1 11 2
330 727
1 9 2
357 677
1 3 2
168 701
1 5 2
791 66
1 3 2
466 189
1 9 2
607 776
1 7 2
321 387
1 9 2
706 671
1 11 2
514 36
1 8 2
407 23
1 15 2
148 40
1 9 2
230 222
1 3 2
245 225
1 4 2
455 710
1 8 2
443 277
1 6 2
154 714
1 4 2
286 179
1 6 2
433 61
1 12 2
651 427
1 14 2
514 555
1 12 2
507 610
1 2 2
378 653
1 2 2
125 107
1 15 2
464 657
1 11 2
234 498
1 5 2
232 385
1 13 2
33 149
1 6 2
614 79
1 14 2
93 411
1 2 2
270 368
1 13 2
83 706
1 12 2
256 36
1 7 2
427 700
1 2 2
673 171
1 9 2
100 606
1 8 2
539 490
1 15 2
122 511
1 13 2
657 261
1 7 2
404 784
1 4 2
210 485
1 13 2
399 547
1 11 2
400 188
1 15 2
91 466
1 15 2
558 772
1 15 2
8 462
1 5 2
382 406
1 14 2
394 254
1 12 2
382 722
1 7 2
261 427
1 15 2
717 93
1 5 2
33 64
1 10 2
487 88
1 3 2
21 169
1 15 2
484 136
1 3 2
2 158
1 11 2
386 132
1 14 2
151 390
1 6 2
689 760
1 2 2
654 540
1 9 2
634 90
1 9 2
488 60
1 4 2
298 9
1 10 2
492 796
1 3 2
429 32
1 8 2
583 722
1 8 2
635 326
1 9 2
747 711
1 3 2
140 625
1 5 2
427 650
1 7 2
775 557
1 3 2
228 183
1 12 2
708 315
1 11 2
244 19
1 11 2
371 681
1 3 2
556 592
1 3 2
648 175
1 7 2
419 577
1 10 2
743 314
1 5 2
140 726
1 7 2
666 197
1 10 2
231 260
1 13 2
706 245
1 9 2
317 644
1 13 2
391 612
1 11 2
373 63
1 15 2
632 432
1 4 2
450 741
1 6 2
105 139
1 6 2
728 229
1 15 2
56 437
1 11 2
437 467
1 6 2
404 652
1 14 2
290 286
1 15 2
251 493
1 14 2
246 618
1 5 2
365 155
1 4 2
274 243
1 6 2
247 494
1 10 2
95 57
1 11 2
685 214
1 8 2
399 573
1 4 2
576 283
1 15 2
796 610
1 2 2
435 249
1 10 2
343 100
1 13 2
354 553
1 14 2
129 737
1 6 2
417 634
1 3 2
440 462
1 9 2
683 391
1 10 2
637 417
1 12 2
53 137
1 15 2
58 744
1 15 2
659 440
1 11 2
670 60
1 11 2
631 113
1 9 2
547 597
1 14 2
38 378
1 13 2
526 595
1 6 2
198 56
1 7 2
389 73
1 8 2
486 435
1 4 2
612 747
1 2 2
427 556
1 5 2
477 120
1 4 2
628 82
1 5 2
790 422
1 11 2
728 523
1 12 2
320 793
1 10 2
609 592
1 3 2
38 551
1 7 2
276 416
1 6 2
49 145
1 2 2
300 146
1 12 2
577 383
1 2 2
588 506
1 5 2
262 215
1 7 2
99 228
1 10 2
597 745
1 6 2
483 651
1 10 2
76 434
1 13 2
682 254
1 13 2
21 82
1 5 2
493 515
1 8 2
746 266
1 13 2
23 447
1 2 2
38 97
1 3 2
28 646
1 8 2
280 520
1 15 2
252 306
1 9 2
77 639
1 9 2
492 729
1 2 2
107 229
1 13 2
88 172
1 15 2
315 320
1 4 2
310 308
1 2 2
377 43
1 15 2
2 269
1 6 2
546 263
1 7 2
375 513
1 7 2
57 733
1 10 2
623 494
1 10 2
435 464
1 8 2
174 614
1 3 2
320 457
1 13 2
26 200
1 10 2
342 490
1 5 2
707 456
1 15 2
111 483
1 15 2
460 521
1 6 2
454 491
1 12 2
218 575
1 9 2
607 730
1 10 2
546 289
1 11 2
632 630
1 4 2
598 275
1 7 2
50 37
1 15 2
745 544
1 14 2
615 469
1 11 2
491 150
1 7 2
674 595
1 4 2
83 516
1 13 2
64 687
1 6 2
501 353
1 4 2
479 339
1 11 2
423 593
1 5 2
757 282
1 2 2
431 484
1 5 2
717 749
1 6 2
277 196
1 14 2
47 629
1 9 2
443 270
1 2 2
624 433
1 2 2
222 389
1 15 2
2 674
1 10 2
232 251
1 9 2
83 347
1 2 2
65 142
1 6 2
775 623
1 5 2
702 379
1 9 2
609 401
1 3 2
734 115
1 13 2
711 135
1 2 2
689 676
1 4 2
150 20
1 9 2
157 287
1 4 2
439 79
1 3 2
626 711
1 5 2
507 269
1 13 2
642 39
1 2 2
544 579
1 11 2
175 126
1 15 2
153 719
1 8 2
720 338
1 15 2
433 695
1 5 2
596 308
1 15 2
224 46
1 11 2
359 95
1 15 2
471 79
1 10 2
671 388
1 9 2
645 292
1 11 2
254 694
1 2 2
99 571
1 8 2
315 247
1 14 2
403 499
1 6 2
272 735
1 6 2
669 289
1 3 2
625 242
1 7 2
591 712
1 5 2
699 384
1 3 2
579 512
1 15 2
94 775
1 15 2
491 336
1 11 2
582 331
1 10 2
552 489
1 13 2
178 636
1 14 2
423 621
1 14 2
789 271
1 2 2
134 19
1 7 2
522 202
1 7 2
695 53
1 14 2
735 31
1 12 2
362 471
1 3 2
668 277
1 15 2
477 282
1 2 2
739 763
1 11 2
283 310
1 8 2
157 557
1 8 2
494 311
1 9 2
60 126
1 4 2
462 24
1 5 2
443 259
1 9 2
554 96
1 10 2
107 0
1 2 2
587 118
1 9 2
594 178
1 4 2
661 723
1 2 2
490 298
1 7 2
280 246
1 10 2
108 369
1 9 2
513 203
1 11 2
159 588
1 8 2
77 143
1 14 2
193 67
1 10 2
209 777
1 9 2
347 39
1 8 2
699 432
1 12 2
162 736
1 4 2
195 682
1 12 2
75 406
1 5 2
292 434
1 9 2
518 100
1 11 2
16 522
1 14 2
577 601
1 5 2
247 734
1 2 2
522 350
1 14 2
121 150
1 15 2
500 158
1 11 2
51 768
1 13 2
186 491
1 14 2
123 731
1 6 2
359 249
1 11 2
766 346
1 11 2
424 545
1 3 2
293 120
1 3 2
652 186
1 10 2
200 31
1 10 2
427 256
1 13 2
70 260
1 2 2
735 117
1 5 2
257 500
1 5 2
382 555
1 11 2
615 566
1 2 2
516 574
1 12 2
168 309
1 2 2
747 797
1 15 2
796 78
1 3 2
385 560
1 6 2
347 370
1 15 2
135 747
1 5 2
301 313
1 4 2
442 771
1 6 2
400 298
1 13 2
87 225
1 10 2
219 229
1 10 2
123 242
1 14 2
455 321
1 8 2
614 22
1 6 2
388 783
1 5 2
638 479
1 6 2
172 327
1 3 2
498 557
1 9 2
118 238
1 9 2
679 559
1 13 2
414 116
1 4 2
714 361
1 5 2
309 378
1 15 2
614 215
1 11 2
512 158
1 11 2
465 778
1 14 2
237 453
1 2 2
446 373
1 10 2
531 778
1 14 2
385 154
1 7 2
232 518
1 10 2
204 415
1 15 2
58 266
1 10 2
525 124
1 13 2
135 425
1 5 2
559 419
1 11 2
426 96
1 13 2
132 545
1 2 2
785 621
1 15 2
144 30
1 7 2
292 479
1 9 2
522 493
1 10 2
183 104
1 3 2
709 781
1 3 2
101 117
1 14 2
196 621
1 4 2
143 211
1 14 2
692 760
1 2 2
772 414
1 6 2
595 266
1 7 2
610 260
1 11 2
108 530
1 14 2
165 613
1 14 2
224 256
1 2 2
729 213
1 4 2
393 105
1 15 2
563 434
1 6 2
372 51
1 8 2
271 681
1 12 2
677 451
1 10 2
156 151
1 9 2
688 155
1 9 2
668 768
1 4 2
626 325
1 4 2
318 385
1 3 2
370 269
1 15 2
488 732
1 10 2
101 307
1 9 2
662 320
1 12 2
639 424
1 5 2
6 167
1 5 2
54 558
1 10 2
445 661
1 14 2
298 97
1 10 2
571 64
1 4 2
629 338
1 2 2
306 273
1 8 2
448 310
1 8 2
222 58
1 4 2
238 609
1 3 2
782 793
1 7 2
664 18
1 9 2
626 672
1 14 2
117 553
1 10 2
477 77
1 13 2
330 396
1 2 2
547 433
1 13 2
308 788
1 5 2
689 703
1 14 2
428 408
1 2 2
195 153
1 4 2
489 717
1 12 2
746 293
1 5 2
545 310
1 12 2
773 390
1 11 2
666 203
1 9 2
740 599
1 15 2
380 636
1 9 2
793 607
1 11 2
455 87
1 2 2
514 297
1 3 2
799 714
1 8 2
462 188
1 10 2
360 300
1 14 2
305 151
1 4 2
566 751
1 9 2
305 260
1 14 2
746 154
1 5 2
70 635
1 9 2
23 736
1 3 2
460 466
1 7 2
649 69
1 11 2
575 757
1 4 2
432 736
1 8 2
83 267
1 15 2
413 19
1 12 2
675 119
1 2 2
413 592
1 2 2
172 773
1 15 2
743 25
1 5 2
230 25
1 15 2
504 159
1 4 2
535 68
1 14 2
176 464
1 10 2
65 310
1 14 2
479 102
1 13 2
609 223
1 12 2
749 424
1 5 2
216 545
1 15 2
74 615
1 10 2
224 533
1 12 2
515 127
1 12 2
693 279
1 13 2
608 103
1 13 2
734 612
1 6 2
496 640
1 6 2
442 757
1 5 2
771 485
1 10 2
85 487
1 6 2
88 680
1 4 2
789 133
1 7 2
33 544
1 9 2
418 183
1 9 2
704 119
1 14 2
727 547
1 14 2
796 64
1 3 2
576 143
1 7 2
630 558
1 14 2
133 47
1 5 2
692 111
1 9 2
633 266
1 10 2
403 185
1 3 2
610 595
1 5 2
352 53
1 8 2
651 584
1 3 2
704 321
1 7 2
277 440
1 8 2
385 233
1 15 2
734 73
1 13 2
260 442
1 6 2
236 786
1 11 2
675 252
1 4 2
798 628
1 8 2
333 695
1 5 2
779 515
1 15 2
736 59
1 13 2
634 639
1 13 2
93 95
1 6 2
45 686
1 6 2
292 688
1 8 2
513 104
1 3 2
700 533
1 9 2
783 56
1 13 2
611 173
1 12 2
470 605
1 5 2
47 737
1 8 2
64 514
1 8 2
350 409
1 13 2
765 537
1 12 2
291 24
1 15 2
295 125
1 7 2
187 24
1 3 2
637 751
1 12 2
131 722
1 12 2
640 389
1 8 2
56 317
1 9 2
789 756
1 10 2
100 313
1 15 2
32 791
1 8 2
753 479
1 13 2
159 93
1 8 2
458 528
1 6 2
478 780
1 2 2
46 415
1 8 2
730 459
1 4 2
268 797
1 11 2
565 67
1 6 2
176 367
1 12 2
195 280
1 15 2
71 617
1 12 2
254 316
1 10 2
73 535
1 10 2
27 263
1 3 2
17 501
1 11 2
182 73
1 13 2
22 233
1 6 2
605 115
1 9 2
791 481
1 15 2
320 427
1 4 2
476 568
1 5 2
405 21
1 3 2
173 355
1 3 2
270 203
1 5 2
504 725
1 8 2
796 324
1 7 2
584 253
1 8 2
36 698
1 11 2
378 666
1 10 2
270 721
1 8 2
658 302
1 10 2
281 15
1 11 2
661 511
1 5 2
129 119
1 2 2
65 509
1 12 2
309 210
1 5 2
265 527
1 11 2
629 377
1 11 2
185 124
1 5 2
124 691
1 15 2
127 71
1 2 2
549 466
1 11 2
340 152
1 14 2
641 737
1 3 2
354 75
1 11 2
235 361
1 11 2
757 755
1 11 2
618 673
1 6 2
196 427
1 13 2
778 618
1 3 2
130 780
1 6 2
711 139
1 14 2
290 480
1 13 2
693 270
1 3 2
382 415
1 7 2
471 633
1 5 2
171 387
1 15 2
196 328
1 9 2
42 698
1 4 2
764 27
1 14 2
181 200
1 9 2
482 760
1 5 2
466 103
1 4 2
693 614
1 8 2
769 230
1 10 2
712 477
1 10 2
383 606
1 9 2
785 254
1 6 2
593 315
1 12 2
100 726
1 8 2
583 554
1 15 2
443 462
1 6 2
765 487
1 3 2
477 470
1 9 2
593 126
1 10 2
328 667
1 2 2
725 364
1 5 2
651 724
1 12 2
483 211
1 2 2
656 367
1 8 2
550 330
1 15 2
551 664
1 13 2
289 69
1 6 2
533 502
1 14 2
294 454
1 7 2
284 344
1 14 2
601 38
1 9 2
458 539
1 2 2
549 451
1 12 2
630 123
1 10 2
157 19
1 4 2
196 697
1 12 2
213 183
1 5 2
465 680
1 12 2
601 736
1 14 2
366 253
1 9 2
403 511
1 13 2
564 349
1 3 2
538 618
1 12 2
486 279
1 8 2
633 105
1 12 2
59 322
1 4 2
266 215
1 4 2
396 343
1 3 2
783 613
1 7 2
133 784
1 8 2
693 23
1 6 2
119 331
1 7 2
139 479
1 2 2
7 659
1 13 2
644 47
1 6 2
357 391
1 13 2
567 763
1 3 2
773 458
1 3 2
684 177
1 12 2
588 600
1 14 2
552 736
1 4 2
402 175
1 14 2
390 578
1 6 2
199 314
1 12 2
424 420
1 7 2
413 795
1 10 2
58 173
1 9 2
548 513
1 13 2
711 221
1 6 2
407 121
1 13 2
603 51
1 2 2
758 203
1 15 2
165 598
1 15 2
321 281
1 6 2
222 311
1 5 2
634 488
1 11 2
601 446
1 10 2
314 54
1 7 2
746 161
1 11 2
128 265
1 3 2
417 237
1 10 2
359 780
1 9 2
283 696
1 13 2
704 502
1 8 2
140 421
1 12 2
222 449
1 14 2
57 471
1 4 2
405 675
1 15 2
464 630
1 8 2
730 304
1 10 2
266 76
1 11 2
633 732
1 6 2
197 462
1 13 2
72 264
1 15 2
242 794
1 12 2
638 220
1 5 2
444 266
1 4 2
341 403
1 9 2
191 225
1 13 2
52 304
1 7 2
212 542
1 8 2
165 265
1 7 2
419 775
1 13 2
412 341
1 2 2
666 301
1 3 2
660 575
1 14 2
301 196
1 14 2
126 156
1 11 2
731 586
1 9 2
543 616
1 13 2
152 556
1 7 2
244 242
1 14 2
68 47
1 2 2
788 246
1 12 2
489 712
1 10 2
250 668
1 7 2
753 452
1 2 2
417 525
1 4 2
372 255
1 14 2
480 10
1 13 2
325 25
1 3 2
185 341
1 6 2
657 711
1 2 2
40 32
1 5 2
84 57
1 13 2
238 46
1 12 2
798 229
1 3 2
3 591
1 12 2
797 349
1 9 2
67 467
1 6 2
442 727
1 4 2
727 708
1 3 2
654 53
1 8 2
693 32
1 15 2
388 117
1 9 2
92 138
1 4 2
508 270
1 14 2
257 190
1 15 2
339 784
1 4 2
311 648
1 3 2
237 425
1 11 2
119 49
1 6 2
242 214
1 8 2
188 210
1 13 2
493 355
1 13 2
123 78
1 15 2
84 730
1 3 2
638 155
1 10 2
483 92
1 5 2
765 20
1 8 2
522 50
1 15 2
628 266
1 15 2
715 269
1 5 2
649 535
1 8 2
647 728
1 10 2
684 756
1 3 2
487 337
1 6 2
624 558
1 7 2
555 261
1 4 2
225 257
1 6 2
592 185
1 4 2
319 465
1 15 2
570 44
1 2 2
9 359
1 11 2
750 35
1 2 2
192 281
1 13 2
437 519
1 7 2
570 80
1 15 2
653 575
1 8 2
308 623
1 7 2
453 436
1 4 2
715 572
1 2 2
585 571
1 12 2
128 754
1 14 2
694 8
1 7 2
566 556
1 15 2
138 461
1 3 2
223 629
1 14 2
648 798
1 15 2
396 470
1 9 2
292 26
1 10 2
667 524
1 13 2
546 477
1 9 2
748 664
1 4 2
514 311
1 15 2
154 712
1 3 2
267 14
1 12 2
682 353
1 10 2
630 717
1 8 2
798 262
1 9 2
418 204
1 13 2
274 189
1 12 2
608 591
1 9 2
709 619
1 2 2
213 585
1 11 2
488 731
1 3 2
546 598
1 3 2
363 729
1 8 2
499 417
1 6 2
19 772
1 9 2
788 539
1 13 2
480 791
1 2 2
554 541
1 3 2
525 509
1 4 2
434 456
1 9 2
448 68
1 7 2
479 735
1 9 2
448 522
1 13 2
612 106
1 13 2
147 328
1 12 2
747 118
1 5 2
777 306
1 12 2
751 644
1 14 2
754 250
1 9 2
194 492
1 12 2
473 740
1 11 2
252 405
1 10 2
784 329
1 4 2
694 346
1 12 2
163 733
1 15 2
466 442
1 6 2
282 643
1 5 2
330 144
1 10 2
676 121
1 6 2
509 554
1 5 2
295 81
1 10 2
600 34
1 2 2
75 761
1 10 2
642 687
1 2 2
136 261
1 5 2
396 433
1 4 2
579 716
1 11 2
795 109
1 9 2
421 662
1 15 2
343 639
1 6 2
697 422
1 3 2
41 523
1 9 2
538 276
1 7 2
153 376
1 6 2
692 167
1 14 2
699 171
1 11 2
454 670
1 11 2
148 671
1 15 2
723 753
1 14 2
322 723
1 7 2
791 181
1 2 2
580 349
1 4 2
111 338
1 14 2
784 499
1 6 2
120 491
1 15 2
349 789
1 13 2
702 156
1 8 2
192 560
1 6 2
451 606
1 9 2
279 337
1 9 2
116 478
1 9 2
563 207
1 13 2
4 389
1 6 2
698 330
1 10 2
301 67
1 5 2
653 5
1 3 2
239 98
1 12 2
147 79
1 10 2
701 706
1 10 2
667 50
1 15 2
754 761
1 5 2
421 579
1 6 2
234 616
1 11 2
636 308
1 12 2
252 631
1 12 2
652 480
1 8 2
517 271
1 4 2
328 321
1 11 2
436 301
1 5 2
148 414
1 12 2
190 530
1 5 2
481 637
1 2 2
632 154
1 12 2
406 342
1 3 2
212 700
1 9 2
492 444
1 10 2
724 38
1 7 2
342 385
1 11 2
609 351
1 6 2
737 526
1 7 2
568 32
1 3 2
147 396
1 8 2
162 66
1 4 2
14 260
1 12 2
183 695
1 8 2
237 647
1 6 2
112 400
1 14 2
526 259
1 3 2
147 203
1 8 2
256 237
1 3 2
403 302
1 6 2
385 472
1 7 2
329 713
1 7 2
743 300
1 2 2
748 687
1 4 2
416 398
1 13 2
730 124
1 8 2
27 183
1 7 2
402 593
1 5 2
194 151
1 11 2
513 726
1 12 2
718 498
1 6 2
108 463
1 9 2
314 703
1 10 2
438 352
1 9 2
296 614
1 5 2
276 365
1 2 2
512 256
1 13 2
46 791
1 12 2
289 467
1 2 2
700 66
1 15 2
267 458
1 6 2
83 242
1 14 2
346 443
1 8 2
586 470
1 6 2
233 317
1 8 2
276 629
1 15 2
601 776
1 8 2
251 305
1 10 2
153 237
1 13 2
217 168
1 2 2
678 154
1 15 2
614 347
1 4 2
195 632
1 9 2
427 298
1 8 2
448 704
1 5 2
5 412
1 5 2
444 759
1 7 2
295 125
1 13 2
463 368
1 8 2
746 280
1 9 2
388 642
1 11 2
391 702
1 10 2
486 138
1 9 2
203 459
1 12 2
739 145
1 14 2
735 215
1 8 2
206 597
1 12 2
51 502
1 4 2
222 486
1 6 2
337 609
1 12 2
415 224
1 11 2
343 241
1 9 2
645 562
1 14 2
541 170
1 15 2
199 752
1 3 2
718 3
1 3 2
758 609
1 14 2
268 722
1 14 2
130 263
1 15 2
151 624
1 5 2
382 370
1 8 2
18 96
1 10 2
513 402
1 2 2
695 43
1 10 2
777 20
1 14 2
256 166
1 6 2
707 456
1 3 2
280 271
1 7 2
763 726
1 14 2
769 202
1 4 2
596 621
1 14 2
593 420
1 6 2
588 68
1 11 2
619 687
1 15 2
384 694
1 5 2
782 639
1 8 2
719 613
1 4 2
698 75
1 2 2
650 793
1 2 2
49 58
1 10 2
570 404
1 14 2
739 602
1 14 2
795 379
1 12 2
753 87
1 8 2
403 358
1 7 2
184 479
1 11 2
100 206
1 6 2
580 78
1 14 2
283 489
1 11 2
405 567
1 15 2
578 372
1 7 2
250 571
1 4 2
178 129
1 5 2
724 747
1 6 2
489 539
1 11 2
787 654
1 6 2
28 554
1 3 2
62 522
1 12 2
428 375
1 3 2
116 341
1 13 2
327 63
1 3 2
635 426
1 14 2
441 742
1 6 2
269 594
1 3 2
650 561
1 12 2
758 182
1 8 2
649 104
1 3 2
169 501
1 3 2
521 763
1 10 2
145 480
1 7 2
531 6
1 5 2
743 34
1 7 2
97 101
1 10 2
116 323
1 4 2
282 240
1 6 2
393 468
1 8 2
721 349
1 3 2
312 120
1 7 2
386 173
1 2 2
476 621
1 7 2
159 782
1 4 2
282 604
1 13 2
389 215
1 7 2
558 513
1 8 2
368 577
1 12 2
175 32
1 13 2
723 645
1 12 2
131 676
1 9 2
320 334
1 14 2
671 228
1 9 2
504 454
1 13 2
39 430
1 15 2
791 545
1 14 2
295 217
1 15 2
208 592
1 9 2
315 726
1 9 2
152 101
1 7 2
567 192
1 4 2
441 256
1 2 2
278 230
1 10 2
218 374
1 13 2
90 226
1 15 2
686 547
1 11 2
756 248
1 2 2
786 56
1 14 2
198 440
1 10 2
84 199
1 15 2
30 795
1 2 2
332 200
1 2 2
311 164
1 6 2
61 451
1 8 2
26 447
1 12 2
167 282
1 8 2
609 114
1 8 2
229 220
1 3 2
359 280
1 6 2
206 394
1 10 2
766 764
1 5 2
558 285
1 4 2
196 754
1 14 2
48 523
1 9 2
400 663
1 14 2
528 622
1 9 2
423 372
1 5 2
305 203
1 5 2
660 380
1 6 2
590 384
1 7 2
745 93
1 2 2
66 546
1 13 2
291 307
1 4 2
655 473
1 3 2
503 479
1 3 2
296 622
1 7 2
119 17
1 8 2
474 93
1 9 2
148 88
1 4 2
625 464
1 14 2
740 239
1 15 2
349 784
1 4 2
21 288
1 12 2
413 161
1 4 2
691 258
1 4 2
683 215
1 15 2
230 87
1 11 2
385 713
1 14 2
544 432
1 13 2
497 74
1 2 2
494 545
1 12 2
332 286
1 6 2
327 227
1 4 2
658 201
1 2 2
331 333
1 9 2
377 359
1 9 2
112 2
1 3 2
437 736
1 15 2
471 255
1 2 2
334 767
1 14 2
243 449
1 5 2
172 112
1 12 2
596 567
1 7 2
303 327
1 4 2
377 82
1 9 2
279 313
1 12 2
393 316
1 14 2
444 336
1 2 2
213 43
1 8 2
118 177
1 3 2
151 100
1 3 2
760 427
1 7 2
304 29
1 7 2
644 439
1 9 2
157 742
1 12 2
141 786
1 8 2
464 671
1 13 2
150 654
1 15 2
525 113
1 15 2
189 1
1 6 2
773 710
1 3 2
407 798
1 10 2
509 481
1 11 2
425 625
1 4 2
158 743
1 10 2
168 585
1 11 2
157 392
1 7 2
188 429
1 5 2
37 488
1 3 2
531 126
1 14 2
709 727
1 13 2
497 492
1 11 2
438 670
1 12 2
772 424
1 14 2
225 93
1 3 2
637 624
1 5 2
447 637
1 6 2
8 297
1 4 2
693 429
1 7 2
667 549
1 11 2
239 231
1 8 2
119 528
1 10 2
263 381
1 2 2
728 198
1 4 2
561 300
1 7 2
134 511
1 3 2
379 237
1 4 2
215 502
1 5 2
656 158
1 9 2
731 752
1 5 2
109 640
1 14 2
544 258
1 9 2
200 139
1 15 2
118 653
1 15 2
515 645
1 7 2
410 589
1 5 2
190 534
1 10 2
155 532
1 3 2
324 632
1 10 2
424 244
1 11 2
784 511
1 6 2
531 495
1 6 2
737 320
1 12 2
150 467
1 13 2
607 57
1 8 2
587 572
1 14 2
493 586
1 14 2
96 707
1 9 2
310 377
1 13 2
100 209
1 12 2
227 381
1 2 2
183 795
1 4 2
331 191
1 12 2
482 683
1 5 2
574 13
1 5 2
184 100
1 13 2
125 405
1 8 2
188 757
1 13 2
318 425
1 3 2
782 378
1 10 2
721 10
1 13 2
470 765
1 6 2
129 88
1 5 2
568 438
1 10 2
88 393
1 14 2
789 132
1 11 2
280 635
1 3 2
525 423
1 7 2
648 722
1 12 2
713 119
1 14 2
279 255
1 3 2
252 537
1 7 2
752 434
1 4 2
138 642
1 6 2
3 435
1 13 2
208 424
1 4 2
571 4
1 11 2
776 176
1 11 2
177 678
1 4 2
185 104
1 8 2
11 701
1 7 2
754 545
1 15 2
320 103
1 3 2
531 555
1 7 2
570 388
1 5 2
46 206
1 5 2
306 237
1 5 2
642 365
1 13 2
493 119
1 9 2
268 595
1 13 2
590 530
1 11 2
574 254
1 2 2
683 28
1 13 2
620 286
1 12 2
238 94
1 15 2
319 363
1 4 2
290 225
1 10 2
321 499
1 11 2
678 695
1 14 2
275 671
1 4 2
534 333
1 13 2
205 35
1 3 2
345 171
1 10 2
56 12
1 7 2
260 7
1 5 2
133 429
1 2 2
208 52
1 6 2
130 562
1 13 2
723 124
1 8 2
659 667
1 14 2
375 200
1 12 2
177 595
1 2 2
571 164
1 2 2
120 345
1 11 2
103 529
1 3 2
654 262
1 6 2
548 358
1 8 2
725 435
1 3 2
165 692
1 7 2
29 713
1 12 2
19 653
1 4 2
282 218
1 13 2
603 375
1 5 2
600 760
1 8 2
332 345
1 8 2
83 240
1 11 2
621 77
1 9 2
434 409
1 6 2
547 194
1 7 2
661 41
1 10 2
607 4
1 11 2
418 498
1 4 2
322 504
1 13 2
397 63
1 15 2
365 159
1 14 2
793 167
1 5 2
284 497
1 8 2
188 550
1 3 2
225 197
1 13 2
512 127
1 14 2
318 34
1 6 2
384 311
1 11 2
47 100
1 12 2
339 536
1 10 2
417 462
1 10 2
676 366
1 13 2
79 701
1 2 2
296 273
1 9 2
93 16
1 9 2
364 498
1 4 2
450 280
1 4 2
638 393
1 7 2
150 626
1 14 2
648 148
1 9 2
425 509
1 6 2
383 129
1 8 2
268 561
1 6 2
121 503
1 10 2
46 622
1 10 2
192 746
1 12 2
373 95
1 2 2
519 371
1 14 2
790 92
1 8 2
157 587
1 15 2
86 392
1 5 2
251 653
1 8 2
779 432
1 9 2
377 565
1 11 2
508 116
1 14 2
64 507
1 10 2
502 315
1 6 2
365 788
1 15 2
85 349
1 9 2
493 254
1 14 2
197 708
1 3 2
172 103
1 11 2
182 631
1 6 2
619 214
1 13 2
247 484
1 12 2
159 416
1 8 2
256 439
1 3 2
399 554
1 4 2
704 603
1 15 2
590 175
1 7 2
299 695
1 15 2
167 29
1 12 2
497 362
1 2 2
303 189
1 11 2
60 594
1 11 2
792 178
1 7 2
373 674
1 11 2
68 518
1 10 2
26 251
1 13 2
283 201
1 2 2
373 738
1 13 2
471 556
1 7 2
529 198
1 5 2
86 369
1 13 2
468 59
1 9 2
667 79
1 12 2
558 491
1 9 2
641 326
1 2 2
552 711
1 12 2
678 321
1 11 2
209 232
1 14 2
599 799
1 3 2
558 178
1 11 2
708 603
1 11 2
751 211
1 5 2
12 655
1 2 2
3 456
1 5 2
666 670
1 4 2
267 57
1 4 2
106 447
1 4 2
161 143
1 13 2
563 4
1 9 2
25 646
1 9 2
345 641
1 12 2
106 39
1 13 2
187 760
1 3 2
588 170
1 15 2
587 349
1 4 2
268 714
1 14 2
246 255
1 7 2
367 664
1 3 2
631 213
1 3 2
1 439
1 2 2
352 307
1 4 2
782 291
1 13 2
416 300
1 13 2
429 0
1 2 2
662 590
1 10 2
451 734
1 8 2
392 320
1 13 2
159 68
1 14 2
570 583
1 6 2
65 14
1 6 2
324 594
1 5 2
408 36
1 2 2
543 57
1 3 2
229 565
1 3 2
714 693
1 3 2
479 703
1 15 2
573 12
1 4 2
506 245
1 5 2
76 700
1 4 2
383 5
1 14 2
725 118
1 4 2
79 672
1 10 2
199 457
1 11 2
159 461
1 8 2
137 188
1 2 2
628 764
1 11 2
735 162
1 7 2
566 386
1 13 2
478 660
1 10 2
725 766
1 9 2
777 41
1 6 2
432 635
1 14 2
795 485
1 14 2
701 131
1 12 2
21 336
1 15 2
169 69
1 5 2
428 494
1 7 2
159 443
1 12 2
436 724
1 6 2
664 119
1 10 2
462 672
1 12 2
590 715
1 10 2
162 571
1 7 2
479 428
1 2 2
635 42
1 5 2
434 658
1 12 2
770 521
1 7 2
348 100
1 8 2
498 512
1 11 2
189 18
1 4 2
48 783
1 13 2
100 179
1 6 2
422 188
1 14 2
452 429
1 4 2
360 714
1 7 2
318 439
1 15 2
118 740
1 13 2
179 729
1 7 2
440 731
1 14 2
118 343
1 13 2
204 596
1 5 2
358 427
1 2 2
505 346
1 13 2
420 629
1 13 2
728 583
1 15 2
349 452
1 14 2
322 467
1 13 2
642 316
1 14 2
121 721
1 9 2
204 481
1 2 2
785 172
1 14 2
775 338
1 11 2
449 407
1 6 2
705 676
1 6 2
415 85
1 8 2
193 205
1 13 2
494 7
1 6 2
6 150
1 5 2
490 373
1 14 2
526 20
1 10 2
506 439
1 6 2
474 239
1 9 2
102 529
1 15 2
770 113
1 8 2
232 54
1 6 2
172 120
1 6 2
310 371
1 13 2
389 542
1 13 2
656 592
1 3 2
595 741
1 9 2
716 30
1 9 2
53 32
1 2 2
646 716
1 9 2
216 653
1 10 2
747 300
1 8 2
715 526
1 11 2
227 568
1 2 2
61 509
1 4 2
136 703
1 12 2
486 431
1 4 2
446 133
1 13 2
245 706
1 10 2
430 261
1 8 2
479 322
1 10 2
42 298
1 4 2
675 437
1 11 2
733 794
1 6 2
86 41
1 5 2
284 587
1 2 2
266 796
1 8 2
526 500
1 13 2
734 3
1 9 2
363 710
1 12 2
38 783
1 2 2
488 638
1 11 2
557 625
1 6 2
549 116
1 14 2
237 329
1 5 2
446 209
1 10 2
182 375
1 10 2
691 459
1 6 2
352 464
1 13 2
182 258
1 11 2
220 475
1 10 2
241 638
1 10 2
146 790
1 12 2
741 408
1 8 2
722 752
1 10 2
730 85
1 6 2
481 509
1 8 2
94 752
1 7 2
24 170
1 5 2
636 398
1 8 2
675 191
1 5 2
609 285
1 11 2
408 374
1 13 2
277 573
1 13 2
49 21
1 4 2
440 694
1 13 2
692 748
1 13 2
115 513
1 12 2
559 334
1 7 2
130 778
1 2 2
721 31
1 11 2
577 81
1 6 2
225 755
1 10 2
614 248
1 2 2
547 735
1 14 2
126 144
1 15 2
259 607
1 11 2
532 610
1 4 2
726 727
1 9 2
408 772
1 9 2
376 749
1 2 2
122 657
1 12 2
601 399
1 6 2
35 338
1 15 2
634 718
1 7 2
702 762
1 6 2
616 192
1 15 2
194 534
1 9 2
240 113
1 6 2
121 484
1 7 2
370 357
1 13 2
333 675
1 2 2
758 39
1 8 2
429 520
1 9 2
277 125
1 11 2
490 222
1 4 2
208 544
1 13 2
45 107
1 3 2
692 69
1 4 2
616 229
1 6 2
686 72
1 10 2
204 182
1 7 2
433 375
1 9 2
400 27
1 8 2
32 168
1 12 2
450 291
1 11 2
736 638
1 7 2
535 363
1 7 2
190 462
1 15 2
261 645
1 4 2
594 629
1 10 2
118 575
1 6 2
399 54
1 14 2
293 584
1 5 2
421 12
1 15 2
772 238
1 13 2
114 366
1 10 2
556 42
1 8 2
327 386
1 8 2
676 227
1 14 2
448 684
1 10 2
708 745
1 5 2
552 547
1 6 2
661 555
1 14 2
163 48
1 4 2
365 366
1 9 2
525 798
1 11 2
135 622
1 15 2
306 78
1 9 2
697 135
1 15 2
100 416
1 9 2
10 209
1 14 2
564 178
1 7 2
577 100
1 13 2
382 184
1 9 2
665 220
1 7 2
180 157
1 2 2
474 32
1 15 2
322 414
1 2 2
403 241
1 13 2
0 696
1 13 2
505 151
1 11 2
84 638
1 13 2
412 649
1 2 2
150 355
1 13 2
585 307
1 4 2
321 402
1 5 2
76 652
1 2 2
677 372
1 10 2
187 606
1 8 2
751 270
1 15 2
763 378
1 12 2
683 109
1 12 2
384 445
1 7 2
330 423
1 14 2
786 606
1 10 2
313 377
1 14 2
678 761
1 10 2
610 468
1 10 2
247 321
1 13 2
140 674
1 13 2
142 178
1 11 2
707 747
1 4 2
747 467
1 13 2
217 378
1 4 2
480 331
1 7 2
507 185
1 2 2
108 8
1 5 2
685 755
1 11 2
441 126
1 7 2
2 156
1 9 2
680 345
1 6 2
168 125
1 7 2
150 132
1 5 2
506 423
1 14 2
228 317
1 11 2
474 702
1 14 2
685 461
1 4 2
437 739
1 4 2
641 748
1 8 2
585 677
1 8 2
794 124
1 7 2
790 379
1 9 2
711 250
1 12 2
118 343
1 5 2
754 716
1 3 2
161 343
1 11 2
154 793
1 6 2
317 495
1 15 2
118 535
1 15 2
235 419
1 5 2
733 435
1 13 2
563 253
1 3 2
591 310
1 10 2
407 451
1 12 2
307 331
1 14 2
676 535
1 12 2
430 506
1 7 2
617 596
1 14 2
56 477
1 10 2
255 357
1 2 2
72 182
1 15 2
113 622
1 8 2
23 686
1 11 2
621 482
1 5 2
725 675
1 14 2
49 380
1 14 2
115 411
1 9 2
344 35
1 7 2
161 390
1 3 2
276 743
1 13 2
600 254
1 3 2
140 32
1 3 2
781 486
1 6 2
433 100
1 4 2
455 31
1 7 2
147 616
1 4 2
182 30
1 11 2
227 594
1 9 2
427 250
1 6 2
101 224
1 7 2
616 714
1 2 2
761 169
1 9 2
319 112
1 14 2
390 737
1 15 2
578 451
1 14 2
299 319
1 10 2
92 65
1 13 2
403 730
1 11 2
228 61
1 8 2
538 384
1 9 2
391 741
1 2 2
165 496
1 9 2
225 439
1 3 2
175 599
1 10 2
659 74
1 12 2
344 123
1 2 2
797 746
1 13 2
642 230
1 14 2
73 88
1 7 2
709 553
1 2 2
133 706
1 8 2
650 200
1 5 2
771 352
1 13 2
675 320
1 12 2
241 314
1 6 2
594 164
1 14 2
581 153
1 15 2
20 797
1 7 2
670 417
1 6 2
286 27
1 3 2
415 724
1 15 2
679 633
1 15 2
305 71
1 7 2
395 771
1 4 2
597 772
1 13 2
532 153
1 15 2
769 512
1 11 2
25 332
1 4 2
706 5
1 13 2
562 404
1 6 2
292 558
1 9 2
314 446
1 4 2
113 155
1 13 2
1 26
1 7 2
185 177
1 14 2
432 256
1 2 2
544 552
1 14 2
315 300
1 2 2
783 748
1 6 2
757 478
1 9 2
53 329
1 12 2
396 141
1 14 2
287 782
1 11 2
465 628
1 3 2
558 672
1 4 2
465 269
1 6 2
561 16
1 12 2
94 115
1 12 2
480 122
1 4 2
258 488
1 11 2
653 410
1 7 2
582 597
1 4 2
729 174
1 7 2
57 430
1 13 2
126 153
1 2 2
295 464
1 3 2
203 758
1 3 2
350 288
1 4 2
490 93
1 3 2
220 283
1 11 2
757 324
1 7 2
96 103
1 13 2
768 272
1 10 2
482 752
1 6 2
267 433
1 9 2
796 221
1 4 2
408 241
1 15 2
463 690
1 2 2
717 178
1 2 2
702 799
1 11 2
589 205
1 9 2
507 686
1 4 2
142 509
1 3 2
126 304
1 14 2
117 68
1 10 2
546 478
1 10 2
202 447
1 11 2
539 400
1 5 2
455 97
1 13 2
456 125
1 14 2
695 693
1 10 2
121 25
1 15 2
655 120
1 8 2
41 319
1 14 2
351 530
1 11 2
641 562
1 15 2
490 758
1 5 2
697 491
1 10 2
92 358
1 12 2
352 520
1 3 2
278 383
1 4 2
0 359
1 3 2
456 83
1 4 2
702 600
1 5 2
334 319
1 9 2
260 638
1 10 2
71 197
1 15 2
453 774
1 9 2
74 597
1 2 2
138 381
1 11 2
780 61
1 3 2
66 206
1 11 2
421 151
1 3 2
641 751
1 11 2
271 456
1 5 2
619 628
1 4 2
702 318
1 11 2
529 251
1 8 2
581 161
1 9 2
549 418
1 12 2
176 700
1 6 2
92 366
1 14 2
562 710
1 13 2
272 111
1 3 2
441 512
1 11 2
55 469
1 4 2
330 151
1 7 2
190 713
1 10 2
65 432
1 15 2
349 181
1 15 2
557 766
1 7 2
15 725
1 3 2
436 309
1 12 2
564 601
1 12 2
707 786
1 15 2
719 283
1 13 2
709 131
1 12 2
652 784
1 15 2
623 701
1 14 2
328 499
1 6 2
654 481
1 2 2
390 393
1 4 2
345 797
1 4 2
223 753
1 4 2
527 652
1 7 2
476 675
1 11 2
218 483
1 10 2
342 542
1 14 2
202 110
1 14 2
345 224
1 15 2
441 749
1 10 2
512 146
1 15 2
215 517
1 5 2
132 125
1 13 2
238 320
1 5 2
534 709
1 8 2
122 276
1 11 2
610 73
1 2 2
523 718
1 7 2
375 744
1 14 2
234 641
1 15 2
706 668
1 5 2
319 163
1 14 2
84 787
1 4 2
290 346
1 8 2
509 190
1 11 2
667 94
1 10 2
675 773
1 14 2
329 682
1 12 2
284 306
1 11 2
377 402
1 8 2
441 752
1 10 2
770 791
1 11 2
145 671
1 15 2
452 709
1 14 2
391 106
1 8 2
455 453
1 3 2
758 59
1 10 2
206 661
1 11 2
777 651
1 10 2
690 343
1 2 2
672 56
1 13 2
619 467
1 6 2
260 649
1 7 2
573 798
1 4 2
509 545
1 8 2
649 321
1 11 2
470 133
1 3 2
621 571
1 12 2
518 195
1 4 2
393 259
1 15 2
735 666
1 10 2
98 710
1 8 2
106 10
1 4 2
360 350
1 3 2
122 174
1 4 2
22 155
1 5 2
191 246
1 10 2
758 363
1 6 2
1 370
1 7 2
478 40
1 10 2
438 530
1 7 2
389 641
1 2 2
314 21
1 8 2
374 118
1 3 2
799 150
1 3 2
377 773
1 9 2
494 618
1 9 2
488 506
1 15 2
120 627
1 10 2
703 595
1 6 2
154 689
1 11 2
30 165
1 8 2
616 99
1 2 2
610 548
1 14 2
285 504
1 11 2
554 193
1 14 2
528 715
1 7 2
269 304
1 15 2
359 603
1 10 2
644 66
1 5 2
456 143
1 5 2
176 169
1 5 2
439 474
1 13 2
183 131
1 9 2
60 120
1 11 2
651 591
1 15 2
509 649
1 6 2
316 487
1 2 2
573 541
1 7 2
245 744
1 5 2
304 453
1 15 2
642 752
1 12 2
178 684
1 3 2
199 704
1 10 2
311 279
1 3 2
661 790
1 3 2
589 597
1 11 2
354 618
1 8 2
100 139
1 3 2
169 142
1 7 2
97 468
1 15 2
9 68
1 4 2
650 136
1 14 2
302 248
1 14 2
143 131
1 9 2
578 247
1 7 2
9 48
1 9 2
399 723
1 7 2
423 228
1 2 2
692 254
1 15 2
14 427
1 2 2
235 565
1 11 2
130 197
1 15 2
455 335
1 14 2
458 87
1 6 2
681 456
1 2 2
480 44
1 5 2
639 127
1 10 2
684 379
1 12 2
102 131
1 9 2
327 125
1 5 2
373 2
1 10 2
90 256
1 5 2
597 401
1 7 2
550 363
1 14 2
193 730
1 6 2
125 49
1 2 2
48 179
1 3 2
379 509
1 9 2
71 354
1 13 2
312 477
1 7 2
576 611
1 6 2
353 203
1 8 2
607 237
1 10 2
617 576
1 5 2
133 561
1 11 2
64 3
1 9 2
21 729
1 3 2
615 484
1 15 2
688 40
1 15 2
268 7
1 6 2
316 283
1 9 2
71 456
1 13 2
322 587
1 14 2
289 228
1 15 2
77 192
1 6 2
295 768
1 12 2
185 75
1 9 2
433 382
1 15 2
495 511
1 15 2
551 93
1 14 2
668 418
1 8 2
494 393
1 2 2
657 628
1 5 2
270 336
1 10 2
186 496
1 3 2
344 466
1 8 2
376 711
1 13 2
558 463
1 5 2
523 657
1 5 2
669 109
1 12 2
395 340
1 14 2
426 515
1 12 2
323 622
1 14 2
721 722
1 8 2
166 496
1 3 2
267 27
1 11 2
626 794
1 5 2
332 705
1 6 2
747 210
1 7 2
706 101
1 15 2
543 414
1 4 2
29 290
1 11 2
791 549
1 14 2
99 241
1 9 2
689 523
1 7 2
599 417
1 2 2
58 697
1 11 2
571 740
1 7 2
231 671
1 3 2
673 475
1 14 2
512 237
1 15 2
640 209
1 5 2
592 666
1 3 2
198 244
1 15 2
740 103
1 12 2
795 409
1 3 2
577 239
1 15 2
519 80
1 5 2
688 562
1 11 2
304 73
1 13 2
629 378
1 13 2
116 725
1 7 2
591 36
1 13 2
8 30
1 13 2
145 535
1 11 2
439 195
1 2 2
597 6
1 3 2
533 123
1 4 2
183 191
1 10 2
84 256
1 12 2
520 621
1 15 2
309 759
1 3 2
273 733
1 15 2
599 316
1 2 2
241 503
1 14 2
606 570
1 12 2
655 626
1 15 2
119 659
1 7 2
647 671
1 4 2
457 292
1 3 2
619 776
1 15 2
304 425
1 3 2
201 70
1 4 2
71 558
1 6 2
764 201
1 3 2
659 554
1 10 2
310 390
1 3 2
386 715
1 11 2
14 401
1 9 2
488 238
1 12 2
77 55
1 7 2
75 222
1 13 2
428 589
1 3 2
758 379
1 4 2
10 449
1 8 2
398 166
1 10 2
740 694
1 10 2
476 645
1 7 2
91 667
1 5 2
18 555
1 13 2
502 582
1 8 2
305 242
1 14 2
512 484
1 11 2
493 616
1 6 2
17 663
1 9 2
505 683
1 12 2
380 513
1 14 2
114 553
1 2 2
584 772
1 6 2
486 208
1 15 2
251 99
1 15 2
199 532
1 15 2
476 734
1 7 2
759 157
1 14 2
270 278
1 2 2
448 556
1 11 2
644 588
1 13 2
728 520
1 3 2
392 23
1 6 2
656 300
1 11 2
682 412
1 2 2
212 175
1 8 2
385 229
1 8 2
336 749
1 2 2
209 267
1 9 2
643 25
1 5 2
260 708
1 7 2
622 405
1 7 2
442 702
1 9 2
560 210
1 8 2
21 700
1 2 2
195 76
1 5 2
226 554
1 11 2
395 30
1 6 2
345 738
1 13 2
537 281
1 3 2
197 761
1 5 2
701 276
1 8 2
323 296
1 4 2
183 514
1 12 2
415 688
1 15 2
418 138
1 15 2
570 650
1 4 2
744 342
1 10 2
287 43
1 12 2
91 143
1 7 2
283 740
1 14 2
224 536
1 11 2
425 142
1 2 2
597 495
1 2 2
157 496
1 2 2
37 66
1 10 2
1 443
1 9 2
63 111
1 6 2
342 690
1 8 2
93 496
1 8 2
199 465
1 8 2
136 272
1 6 2
183 605
1 2 2
780 744
1 4 2
145 609
1 3 2
439 747
1 3 2
518 512
1 3 2
119 446
1 12 2
382 549
1 4 2
317 579
1 13 2
446 76
1 9 2
466 502
1 15 2
223 123
1 14 2
773 139
1 5 2
540 480
1 8 2
255 1
1 11 2
529 272
1 4 2
589 421
1 14 2
218 491
1 11 2
160 755
1 3 2
795 696
1 7 2
353 583
1 10 2
703 411
1 5 2
694 224
1 15 2
542 367
1 11 2
782 329
1 8 2
58 510
1 6 2
768 241
1 10 2
330 254
1 4 2
613 100
1 11 2
503 235
1 10 2
109 689
1 7 2
585 763
1 13 2
13 11
1 3 2
396 628
1 10 2
210 543
1 7 2
415 99
1 4 2
667 129
1 5 2
605 554
1 12 2
189 624
1 7 2
472 640
1 7 2
701 555
1 14 2
714 400
1 8 2
790 297
1 8 2
286 169
1 2 2
317 205
1 6 2
783 604
1 15 2
327 610
1 13 2
778 346
1 10 2
356 100
1 15 2
644 709
1 15 2
396 152
1 9 2
306 438
1 7 2
492 518
1 9 2
524 789
1 14 2
107 551
1 8 2
319 694
1 10 2
131 783
1 12 2
585 39
1 10 2
264 435
1 6 2
759 531
1 6 2
305 211
1 3 2
529 505
1 13 2
544 640
1 3 2
718 340
1 11 2
740 630
1 3 2
216 375
1 3 2
470 381
1 12 2
341 413
1 3 2
98 233
1 10 2
372 251
1 13 2
187 301
1 13 2
137 721
1 9 2
155 120
1 15 2
42 433
1 10 2
72 609
1 12 2
565 297
1 5 2
264 151
1 6 2
588 670
1 14 2
587 473
1 12 2
470 378
1 9 2
596 677
1 7 2
796 464
1 15 2
152 467
1 14 2
667 1
1 6 2
518 187
1 14 2
668 126
1 13 2
740 528
1 12 2
302 242
1 11 2
531 99
1 12 2
577 250
1 3 2
73 468
1 14 2
194 583
1 2 2
541 107
1 7 2
200 627
1 12 2
794 1
1 2 2
685 170
1 2 2
499 173
1 13 2
46 734
1 2 2
731 206
1 9 2
40 682
1 4 2
631 100
1 12 2
256 359
1 5 2
668 588
1 13 2
673 319
1 11 2
122 253
1 5 2
622 74
1 15 2
162 288
1 12 2
314 312
1 3 2
16 133
1 9 2
265 466
1 7 2
502 172
1 9 2
715 58
1 5 2
434 467
1 6 2
159 579
1 4 2
360 504
1 11 2
441 516
1 8 2
206 250
1 12 2
27 733
1 9 2
156 330
1 5 2
141 234
1 4 2
340 465
1 7 2
656 49
1 13 2
660 594
1 9 2
767 281
1 3 2
254 40
1 10 2
382 67
1 10 2
55 718
1 9 2
665 744
1 2 2
756 711
1 3 2
320 682
1 10 2
260 762
1 10 2
250 60
1 10 2
148 45
1 10 2
506 444
1 7 2
505 141
1 2 2
206 278
1 10 2
429 278
1 10 2
625 322
1 13 2
680 459
1 6 2
285 393
1 15 2
38 733
1 7 2
603 691
1 10 2
684 66
1 9 2
101 451
1 13 2
533 463
1 2 2
316 67
1 8 2
594 595
1 9 2
780 727
1 14 2
351 547
1 2 2
433 695
1 5 2
549 532
1 7 2
245 333
1 12 2
663 635
1 7 2
41 468
1 11 2
350 453
1 7 2
351 242
1 5 2
539 380
1 10 2
242 8
1 14 2
770 765
1 6 2
592 647
1 7 2
139 333
1 3 2
58 352
1 13 2
38 562
1 4 2
345 724
1 6 2
288 344
1 5 2
717 216
1 6 2
628 523
1 10 2
648 93
1 6 2
25 575
1 13 2
103 316
1 13 2
325 627
1 7 2
323 22
1 5 2
251 81
1 6 2
670 142
1 14 2
702 186
1 14 2
563 558
1 10 2
494 545
1 9 2
570 794
1 11 2
525 762
1 7 2
634 220
1 2 2
765 98
1 8 2
597 314
1 10 2
314 433
1 9 2
785 464
1 2 2
769 266
1 2 2
90 47
1 13 2
531 97
1 7 2
30 390
1 12 2
95 666
1 11 2
277 500
1 5 2
239 27
1 12 2
325 660
1 11 2
257 181
1 4 2
545 563
1 10 2
713 582
1 7 2
791 591
1 15 2
749 311
1 2 2
422 731
1 11 2
758 605
1 2 2
538 455
1 9 2
658 481
1 12 2
650 555
1 15 2
748 574
1 2 2
767 132
1 14 2
398 246
1 12 2
605 17
1 15 2
660 524
1 3 2
574 632
1 15 2
63 573
1 3 2
268 448
1 11 2
270 333
1 3 2
394 339
1 7 2
474 371
1 5 2
79 205
1 3 2
641 745
1 11 2
415 795
1 3 2
753 775
1 6 2
481 188
1 7 2
230 401
1 11 2
320 693
1 15 2
745 520
1 7 2
85 399
1 7 2
605 643
1 9 2
99 796
1 5 2
109 702
1 11 2
188 184
1 4 2
489 567
1 3 2
710 129
1 2 2
399 522
1 7 2
710 63
1 4 2
525 256
1 12 2
92 419
1 5 2
688 492
1 8 2
433 265
1 3 2
61 714
1 13 2
298 112
1 15 2
538 620
1 7 2
608 591
1 11 2
16 287
1 3 2
69 628
1 6 2
376 505
1 6 2
121 632
1 6 2
37 156
1 3 2
536 401
1 7 2
578 769
1 3 2
57 399
1 4 2
218 731
1 14 2
320 604
1 7 2
26 708
1 2 2
566 632
1 7 2
795 241
1 6 2
4 443
1 7 2
633 705
1 5 2
335 41
1 14 2
772 415
1 4 2
248 336
1 9 2
734 661
1 9 2
162 105
1 15 2
533 43
1 3 2
662 470
1 10 2
436 236
1 15 2
684 30
1 7 2
180 639
1 7 2
303 250
1 14 2
26 498
1 4 2
227 684
1 11 2
297 707
1 11 2
359 563
1 10 2
1 722
1 9 2
247 277
1 14 2
579 578
1 2 2
331 319
1 9 2
570 554
1 3 2
760 372
1 12 2
485 527
1 4 2
7 429
1 8 2
152 719
1 11 2
796 511
1 9 2
304 80
1 6 2
171 550
1 12 2
196 97
1 2 2
226 720
1 10 2
216 487
1 9 2
372 195
1 8 2
550 468
1 3 2
679 63
1 3 2
496 555
1 14 2
725 262
1 8 2
105 488
1 7 2
245 784
1 13 2
541 166
1 11 2
494 687
1 13 2
591 657
1 12 2
504 24
1 13 2
180 7
1 6 2
153 36
1 14 2
460 745
1 6 2
320 286
1 2 2
403 86
1 5 2
400 602
1 8 2
186 44
1 8 2
89 16
1 7 2
553 327
1 6 2
304 448
1 4 2
274 235
1 9 2
452 311
1 2 2
52 765
1 10 2
490 420
1 3 2
181 543
1 14 2
545 235
1 12 2
628 783
1 13 2
3 411
1 11 2
418 566
1 12 2
449 342
1 9 2
783 515
1 9 2
292 285
1 6 2
330 577
1 13 2
58 529
1 7 2
338 252
1 14 2
98 227
1 4 2
410 205
1 8 2
560 185
1 13 2
542 620
1 5 2
355 159
1 2 2
349 409
1 4 2
334 789
1 8 2
190 716
1 14 2
211 796
1 14 2
110 517
1 7 2
704 60
1 2 2
277 411
1 8 2
733 336
1 9 2
147 199
1 11 2
479 162
1 14 2
118 262
1 14 2
715 363
1 14 2
517 505
1 12 2
375 162
1 13 2
612 254
1 13 2
737 240
1 4 2
8 740
1 14 2
434 617
1 12 2
486 224
1 11 2
390 300
1 12 2
352 485
1 9 2
81 561
1 3 2
777 797
1 12 2
353 372
1 12 2
204 472
1 2 2
159 465
1 11 2
297 684
1 13 2
745 395
1 10 2
143 496
1 3 2
432 431
1 3 2
62 33
1 3 2
332 609
1 5 2
446 679
1 15 2
668 522
1 12 2
111 709
1 14 2
273 629
1 9 2
595 307
1 14 2
259 217
1 11 2
8 192
1 3 2
254 49
1 9 2
94 119
1 14 2
495 142
1 15 2
709 618
1 10 2
511 603
1 8 2
307 318
1 10 2
301 465
1 2 2
766 295
1 7 2
136 339
1 7 2
505 557
1 15 2
308 711
1 8 2
622 468
1 13 2
156 457
1 7 2
534 599
1 7 2
120 497
1 9 2
755 180
1 9 2
177 39
1 14 2
453 407
1 7 2
714 143
1 10 2
560 509
1 6 2
154 94
1 4 2
691 797
1 13 2
648 83
1 2 2
2 267
1 15 2
244 377
1 3 2
746 106
1 5 2
350 396
1 7 2
357 305
1 11 2
751 696
1 14 2
341 568
1 15 2
460 555
1 7 2
689 761
1 15 2
98 4
1 14 2
773 445
1 11 2
88 573
1 13 2
462 666
1 12 2
643 748
1 11 2
215 625
1 9 2
615 81
1 8 2
297 522
1 4 2
169 311
1 3 2
488 534
1 3 2
149 602
1 3 2
748 422
1 4 2
680 29
1 11 2
362 655
1 14 2
517 586
1 15 2
768 320
1 4 2
605 113
1 7 2
774 117
1 12 2
33 26
1 5 2
329 664
1 5 2
113 94
1 7 2
592 444
1 14 2
107 228
1 5 2
466 680
1 10 2
788 530
1 6 2
759 517
1 5 2
707 698
1 3 2
637 579
1 11 2
389 405
1 14 2
145 279
1 11 2
659 551
1 9 2
431 788
1 15 2
726 588
1 7 2
122 414
1 14 2
688 667
1 7 2
616 548
1 9 2
133 394
1 14 2
33 453
1 10 2
77 582
1 14 2
312 298
1 10 2
579 9
1 4 2
606 334
1 3 2
767 796
1 7 2
527 460
1 7 2
591 99
1 6 2
509 457
1 10 2
39 357
1 11 2
749 635
1 13 2
514 104
1 7 2
313 372
1 13 2
103 789
1 4 2
692 124
1 9 2
454 412
1 14 2
694 174
1 3 2
414 579
1 6 2
556 207
1 9 2
600 449
1 7 2
300 176
1 3 2
123 513
1 8 2
478 166
1 4 2
604 148
1 8 2
134 541
1 15 2
445 654
1 4 2
403 98
1 7 2
48 749
1 10 2
275 364
1 13 2
24 658
1 4 2
308 191
1 8 2
673 150
1 12 2
639 138
1 15 2
164 427
1 8 2
71 710
1 14 2
669 629
1 4 2
214 53
1 14 2
241 41
1 11 2
428 192
1 15 2
754 697
1 14 2
653 110
1 12 2
386 450
1 15 2
421 714
1 8 2
472 128
1 12 2
569 400
1 2 2
364 275
1 9 2
570 84
1 6 2
329 207
1 11 2
409 282
1 13 2
280 476
1 3 2
284 483
1 12 2
42 454
1 5 2
707 755
1 9 2
479 790
1 11 2
666 245
1 14 2
690 139
1 7 2
553 362
1 14 2
723 387
1 6 2
554 664
1 9 2
799 368
1 12 2
439 271
1 4 2
136 466
1 10 2
720 83
1 13 2
166 600
1 6 2
163 565
1 8 2
185 502
1 15 2
391 657
1 2 2
413 27
1 6 2
57 206
1 14 2
649 86
1 6 2
269 531
1 12 2
532 240
1 2 2
316 122
1 13 2
594 413
1 5 2
124 684
1 3 2
251 504
1 3 2
388 273
1 13 2
136 587
1 15 2
763 543
1 3 2
5 693
1 14 2
327 201
1 14 2
5 167
1 4 2
171 661
1 11 2
743 502
1 3 2
380 706
1 9 2
240 597
1 10 2
532 49
1 11 2
94 795
1 5 2
115 725
1 14 2
783 557
1 10 2
185 501
1 11 2
43 716
1 4 2
88 772
1 9 2
368 227
1 5 2
80 94
1 12 2
52 362
1 2 2
214 177
1 3 2
760 387
1 10 2
655 710
1 15 2
627 391
1 8 2
665 707
1 11 2
344 31
1 8 2
504 338
1 8 2
676 509
1 10 2
796 149
1 2 2
543 196
1 13 2
741 108
1 6 2
108 796
1 4 2
550 421
1 12 2
788 351
1 12 2
23 380
1 5 2
645 342
1 3 2
58 255
1 13 2
657 279
1 7 2
231 151
1 2 2
422 186
1 5 2
36 432
1 2 2
467 184
1 9 2
14 464
1 4 2
545 744
1 8 2
478 657
1 14 2
569 264
1 11 2
123 303
1 8 2
121 669
1 7 2
177 154
1 8 2
196 147
1 4 2
249 642
1 13 2
188 148
1 14 2
80 466
1 10 2
571 316
1 10 2
312 318
1 15 2
273 615
1 13 2
70 18
1 7 2
224 177
1 3 2
374 663
1 12 2
425 614
1 12 2
675 177
1 8 2
239 62
1 3 2
744 292
1 5 2
722 6
1 13 2
607 424
1 13 2
618 316
1 4 2
85 793
1 15 2
97 450
1 8 2
344 213
1 9 2
211 701
1 5 2
653 364
1 2 2
235 462
1 6 2
41 314
1 4 2
165 98
1 3 2
745 455
1 6 2
1 46
1 10 2
127 564
1 13 2
194 664
1 15 2
295 302
1 3 2
278 57
1 10 2
727 536
1 13 2
595 580
1 11 2
295 163
1 3 2
633 650
1 5 2
38 48
1 10 2
461 740
1 12 2
764 295
1 7 2
692 58
1 5 2
556 698
1 2 2
259 714
1 11 2
602 616
1 8 2
518 156
1 2 2
350 138
1 15 2
483 782
1 5 2
694 447
1 7 2
374 409
1 8 2
278 139
1 6 2
582 126
1 12 2
676 599
1 11 2
697 775
1 13 2
509 622
1 4 2
9 729
1 8 2
182 604
1 7 2
364 487
1 9 2
466 131
1 6 2
67 300
1 13 2
210 81
1 6 2
521 211
1 6 2
488 107
1 12 2
385 614
1 6 2
425 436
1 13 2
298 733
1 3 2
184 554
1 2 2
498 156
1 15 2
645 363
1 7 2
190 41
1 7 2
290 202
1 5 2
381 137
1 7 2
695 175
1 10 2
708 604
1 10 2
375 313
1 9 2
261 756
1 14 2
217 698
1 7 2
89 317
1 12 2
670 422
1 12 2
144 41
1 11 2
353 86
1 7 2
336 143
1 14 2
443 224
1 15 2
524 43
1 11 2
588 697
1 4 2
367 359
1 14 2
791 776
1 9 2
610 483
1 8 2
352 798
1 12 2
620 117
1 8 2
621 255
1 5 2
504 442
1 12 2
325 142
1 14 2
63 345
1 13 2
780 474
1 14 2
792 493
1 13 2
493 510
1 12 2
36 564
1 14 2
335 252
1 15 2
386 187
1 9 2
547 762
1 6 2
768 214
1 7 2
20 700
1 7 2
312 619
1 15 2
186 566
1 4 2
652 654
1 10 2
768 56
1 8 2
320 401
1 11 2
794 6
1 11 2
14 692
1 7 2
732 209
1 12 2
756 676
1 7 2
343 308
1 15 2
530 468
1 11 2
636 350
1 4 2
229 402
1 6 2
179 290
1 5 2
474 1
1 10 2
575 671
1 11 2
470 509
1 2 2
660 592
1 7 2
414 302
1 7 2
585 403
1 12 2
133 269
1 7 2
786 196
1 11 2
73 110
1 3 2
455 211
1 7 2
384 133
1 8 2
333 186
1 12 2
279 658
1 3 2
206 513
1 13 2
586 630
1 4 2
719 452
1 7 2
186 39
1 9 2
120 504
1 12 2
767 637
1 5 2
451 709
1 10 2
779 713
1 10 2
629 16
1 3 2
390 384
1 8 2
203 785
1 8 2
557 499
1 15 2
68 33
1 3 2
184 443
1 2 2
274 469
1 10 2
107 586
1 8 2
513 731
1 14 2
620 246
1 9 2
431 705
1 12 2
642 797
1 14 2
231 25
1 11 2
610 433
1 2 2
394 635
1 4 2
723 592
1 10 2
634 799
1 8 2
684 641
1 13 2
254 569
1 15 2
359 757
1 10 2
50 731
1 5 2
23 752
1 14 2
300 514
1 5 2
729 735
1 7 2
761 250
1 11 2
298 593
1 5 2
231 327
1 9 2
784 309
1 11 2
39 781
1 8 2
448 140
1 2 2
418 320
1 15 2
42 531
1 3 2
137 254
1 2 2
341 68
1 14 2
100 285
1 8 2
749 446
1 15 2
552 2
1 11 2
590 462
1 15 2
220 128
1 4 2
119 325
1 10 2
414 550
1 12 2
698 612
1 7 2
342 162
1 9 2
532 769
1 15 2
487 561
1 3 2
309 357
1 15 2
718 679
1 14 2
636 466
1 7 2
552 725
1 4 2
525 158
1 15 2
762 587
1 11 2
503 369
1 9 2
288 786
1 14 2
340 799
1 11 2
326 291
1 4 2
486 324
1 8 2
633 741
1 2 2
121 518
1 9 2
244 657
1 14 2
167 785
1 14 2
220 210
1 3 2
772 757
1 4 2
171 3
1 7 2
35 208
1 6 2
730 422
1 13 2
264 751
1 11 2
24 13
1 4 2
613 622
1 13 2
612 553
1 6 2
608 22
1 15 2
435 329
1 2 2
681 25
1 13 2
728 176
1 6 2
286 486
1 15 2
786 508
1 4 2
690 126
1 8 2
738 46
1 4 2
252 228
1 11 2
258 770
1 3 2
334 737
1 12 2
497 398
1 6 2
782 64
1 2 2
595 98
1 5 2
454 94
1 13 2
676 576
1 2 2
167 543
1 11 2
453 218
1 9 2
288 754
1 6 2
773 798
1 9 2
415 216
1 4 2
64 184
1 13 2
708 158
1 14 2
362 47
1 12 2
281 622
1 4 2
103 95
1 14 2
150 297
1 4 2
187 706
1 3 2
437 338
1 5 2
771 118
1 5 2
64 309
1 15 2
493 142
1 13 2
38 112
1 13 2
112 2
1 8 2
790 123
1 7 2
365 250
1 8 2
675 376
1 15 2
591 147
1 4 2
313 119
1 14 2
449 6
1 13 2
245 410
1 11 2
221 480
1 9 2
4 544
1 11 2
675 797
1 11 2
382 574
1 13 2
165 508
1 14 2
213 566
1 4 2
253 60
1 8 2
103 245
1 11 2
24 46
1 11 2
505 360
1 3 2
135 87
1 14 2
284 538
1 4 2
329 342
1 7 2
338 16
1 4 2
765 487
1 15 2
795 791
1 3 2
488 631
1 13 2
301 295
1 5 2
232 302
1 14 2
548 289
1 15 2
344 48
1 2 2
82 624
1 5 2
670 697
1 2 2
751 633
1 2 2
360 756
1 7 2
762 95
1 5 2
20 306
1 9 2
387 527
1 12 2
715 302
1 5 2
299 532
1 9 2
283 674
1 13 2
232 774
1 4 2
597 333
1 2 2
663 31
1 8 2
764 120
1 15 2
325 347
1 13 2
693 612
1 7 2
293 279
1 5 2
262 598
1 5 2
29 337
1 15 2
404 246
1 6 2
1 437
1 12 2
47 347
1 3 2
13 89
1 4 2
687 257
1 2 2
653 352
1 5 2
54 91
1 15 2
536 285
1 8 2
512 313
1 11 2
161 230
1 9 2
61 96
1 14 2
281 202
1 3 2
551 115
1 5 2
367 212
1 8 2
641 589
1 7 2
395 187
1 8 2
230 130
1 8 2
582 45
1 5 2
306 156
1 5 2
74 596
1 11 2
314 28
1 11 2
55 96
1 7 2
296 260
1 13 2
442 171
1 12 2
288 358
1 6 2
719 315
1 15 2
791 756
1 3 2
502 138
1 9 2
699 687
1 15 2
791 513
1 11 2
737 459
1 7 2
565 486
1 13 2
597 201
1 7 2
464 509
1 13 2
362 31
1 10 2
533 526
1 9 2
790 681
1 9 2
171 249
1 14 2
513 559
1 8 2
246 384
1 14 2
340 630
1 11 2
684 538
1 9 2
222 276
1 3 2
559 342
1 9 2
610 221
1 11 2
85 20
1 9 2
605 521
1 8 2
626 8
1 6 2
411 79
1 6 2
44 682
1 12 2
131 503
1 2 2
683 263
1 7 2
498 159
1 2 2
16 135
1 6 2
638 98
1 13 2
156 377
1 3 2
718 536
1 3 2
83 295
1 4 2
491 459
1 11 2
613 290
1 4 2
797 467
1 13 2
582 351
1 13 2
543 335
1 3 2
797 24
1 3 2
177 161
1 7 2
575 424
1 3 2
509 326
1 15 2
324 509
1 6 2
460 425
1 10 2
665 106
1 2 2
161 96
1 9 2
283 217
1 12 2
15 646
1 11 2
389 64
1 6 2
43 271
1 10 2
178 83
1 2 2
436 593
1 2 2
323 724
1 6 2
352 269
1 6 2
321 571
1 8 2
409 594
1 3 2
729 482
1 2 2
607 602
1 10 2
721 734
1 10 2
790 91
1 3 2
564 175
1 4 2
559 34
1 12 2
152 347
1 15 2
221 735
1 4 2
579 332
1 2 2
569 68
1 14 2
574 152
1 12 2
236 734
1 13 2
345 743
1 2 2
487 490
1 5 2
311 765
1 15 2
412 282
1 15 2
227 310
1 13 2
397 235
1 9 2
786 122
1 7 2
674 670
1 14 2
504 691
1 5 2
551 686
1 6 2
782 404
1 4 2
443 518
1 10 2
376 192
1 7 2
139 561
1 15 2
385 756
1 4 2
397 180
1 9 2
180 86
1 15 2
633 417
1 5 2
128 523
1 15 2
502 365
1 6 2
509 623
1 10 2
754 792
1 7 2
723 516
1 13 2
454 302
1 3 2
301 103
1 13 2
769 650
1 8 2
554 111
1 3 2
3 323
1 6 2
182 321
1 9 2
380 777
1 11 2
283 376
1 11 2
554 767
1 11 2
666 54
1 6 2
136 594
1 11 2
523 348
1 9 2
205 620
1 10 2
101 505
1 9 2
549 5
1 15 2
340 62
1 6 2
258 259
1 3 2
505 472
1 15 2
68 379
1 2 2
119 798
1 4 2
78 627
1 6 2
538 208
1 8 2
446 504
1 7 2
106 393
1 4 2
186 95
1 11 2
552 736
1 10 2
667 512
1 15 2
69 344
1 10 2
234 344
1 13 2
384 459
1 7 2
469 527
1 6 2
669 378
1 7 2
625 9
1 10 2
240 628
1 4 2
194 327
1 14 2
297 253
1 10 2
105 711
1 11 2
30 466
1 3 2
320 75
1 5 2
388 412
1 5 2
716 226
1 11 2
38 736
1 5 2
273 330
1 10 2
553 772
1 6 2
0 318
1 15 2
328 596
1 5 2
36 721
1 15 2
398 287
1 9 2
676 176
1 15 2
230 343
1 4 2
313 318
1 12 2
241 560
1 3 2
430 531
1 2 2
63 585
1 12 2
1 379
1 11 2
557 571
1 3 2
190 87
1 15 2
105 203
1 13 2
113 260
1 8 2
70 23
1 15 2
347 89
1 10 2
768 115
1 15 2
248 330
1 9 2
665 525
1 8 2
641 669
1 9 2
471 468
1 2 2
226 45
1 3 2
359 339
1 10 2
723 76
1 13 2
455 38
1 10 2
599 179
1 12 2
678 387
1 2 2
541 365
1 7 2
403 729
1 7 2
417 701
1 14 2
648 456
1 10 2
313 721
1 8 2
402 706
1 11 2
564 268
1 4 2
548 533
1 14 2
514 43
1 10 2
420 648
1 3 2
529 76
1 2 2
656 163
1 10 2
176 217
1 6 2
489 253
1 9 2
638 479
1 10 2
325 452
1 7 2
392 644
1 6 2
729 655
1 5 2
786 470
1 11 2
89 483
1 15 2
358 10
1 14 2
784 177
1 14 2
761 551
1 6 2
176 739
1 13 2
47 365
1 2 2
164 59
1 8 2
171 746
1 14 2
290 765
1 9 2
207 129
1 9 2
797 756
1 9 2
678 555
1 10 2
560 146
1 13 2
727 392
1 15 2
18 344
1 8 2
285 663
1 11 2
423 174
1 4 2
756 504
1 14 2
347 269
1 5 2
516 795
1 9 2
270 214
1 13 2
590 567
1 2 2
247 754
1 3 2
17 346
1 5 2
207 591
1 4 2
479 682
1 15 2
534 601
1 2 2
162 462
1 10 2
176 606
1 7 2
770 673
1 14 2
610 28
1 11 2
227 312
1 6 2
391 431
1 10 2
735 350
1 5 2
418 216
1 13 2
353 328
1 12 2
308 385
1 11 2
99 477
1 2 2
555 207
1 5 2
428 223
1 14 2
177 284
1 14 2
262 341
1 9 2
473 144
1 6 2
580 440
1 9 2
636 290
1 12 2
82 617
1 11 2
798 52
1 9 2
31 359
1 9 2
655 656
1 14 2
331 35
1 13 2
238 331
1 4 2
624 393
1 14 2
493 520
1 14 2
331 485
1 8 2
457 549
1 15 2
491 692
1 10 2
570 750
1 14 2
623 434
1 4 2
279 93
1 8 2
312 581
1 3 2
47 146
1 3 2
411 301
1 14 2
156 101
1 7 2
231 789
1 6 2
314 215
1 10 2
152 510
1 14 2
752 279
1 5 2
642 372
1 12 2
325 681
1 4 2
658 12
1 11 2
747 209
1 13 2
95 178
1 13 2
738 272
1 5 2
345 388
1 8 2
189 142
1 6 2
580 691
1 5 2
733 713
1 6 2
71 463
1 8 2
174 499
1 15 2
614 528
1 2 2
399 101
1 14 2
521 743
1 14 2
390 145
1 5 2
768 620
1 9 2
685 696
1 10 2
369 457
1 6 2
40 209
1 5 2
557 726
1 12 2
384 107
1 14 2
256 516
1 14 2
641 174
1 13 2
362 662
1 8 2
667 91
1 4 2
490 402
1 6 2
237 335
1 8 2
644 139
1 3 2
360 595
1 10 2
798 399
1 13 2
423 790
1 12 2
79 130
1 11 2
47 252
1 13 2
156 359
1 11 2
12 670
1 9 2
238 311
1 7 2
328 778
1 9 2
192 272
1 15 2
24 316
1 8 2
103 31
1 6 2
589 353
1 2 2
517 719
1 12 2
142 690
1 12 2
381 464
1 7 2
733 138
1 2 2
396 202
1 9 2
222 570
1 11 2
24 132
1 14 2
523 729
1 11 2
386 218
1 10 2
589 333
1 12 2
245 792
1 12 2
460 757
1 12 2
156 223
1 6 2
584 217
1 8 2
497 25
1 6 2
501 612
1 13 2
321 436
1 7 2
415 430
1 8 2
696 517
1 12 2
482 515
1 15 2
88 389
1 9 2
703 463
1 2 2
309 141
1 15 2
554 216
1 9 2
774 569
1 11 2
70 417
1 8 2
316 573
1 7 2
211 771
1 3 2
784 322
1 3 2
433 710
1 12 2
382 314
1 4 2
790 662
1 7 2
682 783
1 4 2
438 30
1 13 2
700 184
1 7 2
607 690
1 4 2
704 421
1 14 2
490 12
1 13 2
218 370
1 4 2
755 555
1 15 2
737 31
1 6 2
346 5
1 4 2
255 771
1 12 2
612 229
1 2 2
423 288
1 8 2
335 724
1 6 2
736 60
1 13 2
540 785
1 5 2
237 538
1 14 2
197 57
1 3 2
61 478
1 7 2
563 39
1 9 2
491 367
1 3 2
640 483
1 3 2
645 754
1 11 2
540 248
1 4 2
602 445
1 8 2
650 683
1 7 2
329 744
1 3 2
755 294
1 13 2
81 477
1 3 2
31 77
1 10 2
314 245
1 6 2
26 532
1 13 2
294 33
1 3 2
139 337
1 15 2
116 775
1 11 2
154 338
1 10 2
297 225
1 7 2
32 319
1 11 2
366 728
1 5 2
607 240
1 4 2
175 596
1 14 2
229 659
1 5 2
709 779
1 9 2
82 743
1 14 2
52 341
1 2 2
5 89
1 5 2
78 232
1 15 2
548 521
1 13 2
136 688
1 11 2
193 140
1 12 2
213 133
1 3 2
125 238
1 13 2
6 107
1 11 2
484 66
1 13 2
786 333
1 14 2
190 679
1 12 2
662 25
1 15 2
679 308
1 2 2
76 0
1 5 2
228 568
1 10 2
382 761
1 7 2
191 465
1 6 2
508 451
1 8 2
191 720
1 11 2
569 492
1 7 2
28 362
1 7 2
669 693
1 4 2
26 680
1 12 2
797 135
1 9 2
309 645
1 13 2
370 14
1 13 2
325 412
1 9 2
422 236
1 13 2
106 587
1 5 2
140 330
1 6 2
64 211
1 9 2
317 44
1 5 2
756 443
1 11 2
399 504
1 13 2
489 195
1 8 2
47 609
1 4 2
675 238
1 7 2
413 666
1 8 2
56 205
1 6 2
333 264
1 13 2
397 240
1 15 2
109 636
1 13 2
673 687
1 2 2
182 320
1 10 2
267 735
1 10 2
257 301
1 6 2
666 424
1 11 2
113 407
1 3 2
224 414
1 6 2
432 638
1 8 2
103 636
1 4 2
603 732
1 12 2
182 315
1 9 2
21 341
1 8 2
492 106
1 12 2
617 693
1 6 2
318 10
1 9 2
469 321
1 5 2
69 134
1 5 2
318 198
1 9 2
513 687
1 3 2
616 316
1 7 2
716 77
1 9 2
157 506
1 7 2
336 163
1 8 2
167 371
1 6 2
792 500
1 7 2
27 620
1 9 2
308 725
1 4 2
402 760
1 15 2
564 150
1 5 2
141 35
1 15 2
510 94
1 9 2
501 556
1 11 2
22 86
1 2 2
448 218
1 3 2
234 537
1 5 2
682 702
1 11 2
253 356
1 7 2
488 550
1 11 2
522 268
1 8 2
307 667
1 2 2
41 400
1 11 2
357 441
1 11 2
22 203
1 15 2
56 97
1 4 2
185 573
1 15 2
551 41
1 9 2
473 442
1 6 2
771 770
1 9 2
241 673
1 5 2
454 256
1 4 2
545 13
1 10 2
603 167
1 11 2
11 290
1 12 2
115 711
1 6 2
266 685
1 7 2
679 712
1 3 2
472 607
1 8 2
248 554
1 6 2
330 132
1 2 2
499 680
1 13 2
436 378
1 5 2
709 353
1 9 2
682 197
1 11 2
714 92
1 3 2
379 28
1 10 2
105 313
1 6 2
90 481
1 4 2
528 425
1 4 2
446 727
1 2 2
407 488
1 15 2
780 180
1 4 2
223 303
1 15 2
571 480
1 2 2
49 317
1 15 2
142 532
1 7 2
668 441
1 13 2
74 28
1 8 2
729 29
1 8 2
277 233
1 14 2
455 779
1 6 2
172 621
1 14 2
730 204
1 11 2
487 780
1 11 2
783 298
1 6 2
463 11
1 14 2
548 570
1 6 2
455 536
1 3 2
308 710
1 14 2
252 637
1 7 2
221 422
1 7 2
629 330
1 11 2
244 566
1 14 2
333 282
1 15 2
392 75
1 11 2
712 155
1 9 2
567 248
1 13 2
773 228
1 6 2
750 106
1 8 2
556 289
1 7 2
520 749
1 5 2
733 219
1 2 2
130 197
1 12 2
261 221
1 10 2
652 682
1 10 2
626 438
1 11 2
289 343
1 12 2
784 548
1 13 2
258 368
1 2 2
100 254
1 13 2
712 377
1 12 2
404 504
1 5 2
73 33
1 4 2
140 585
1 6 2
8 443
1 15 2
392 199
1 12 2
154 213
1 2 2
366 676
1 13 2
699 292
1 12 2
0 198
1 8 2
564 16
1 14 2
596 181
1 13 2
358 152
1 9 2
454 535
1 14 2
736 598
1 12 2
119 144
1 13 2
558 69
1 7 2
517 618
1 11 2
665 5
1 13 2
404 238
1 7 2
148 176
1 6 2
479 20
1 12 2
707 328
1 2 2
15 663
1 6 2
198 461
1 15 2
34 121
1 2 2
394 306
1 3 2
112 27
1 13 2
538 255
1 7 2
622 739
1 9 2
551 67
1 9 2
12 177
1 13 2
470 624
1 14 2
47 735
1 9 2
194 535
1 8 2
460 46
1 10 2
428 64
1 15 2
611 517
1 10 2
673 701
1 9 2
225 105
1 4 2
543 260
1 10 2
518 545
1 5 2
662 456
1 11 2
571 75
1 10 2
331 360
1 5 2
423 131
1 14 2
495 437
1 3 2
475 160
1 13 2
260 651
1 3 2
106 563
1 9 2
107 253
1 6 2
0 56
1 6 2
77 208
1 6 2
48 15
1 5 2
654 777
1 3 2
549 278
1 12 2
788 272
1 14 2
52 684
1 9 2
579 689
1 15 2
537 798
1 4 2
633 712
1 10 2
73 14
1 13 2
176 678
1 7 2
466 527
1 2 2
787 286
1 6 2
486 315
1 15 2
256 266
1 14 2
252 142
1 3 2
748 212
1 11 2
190 226
1 6 2
283 114
1 4 2
267 362
1 14 2
443 520
1 14 2
672 489
1 3 2
329 216
1 8 2
785 334
1 7 2
688 751
1 2 2
523 422
1 14 2
401 407
1 6 2
258 476
1 13 2
668 248
1 2 2
262 425
1 13 2
538 456
1 11 2
471 502
1 5 2
562 635
1 5 2
743 262
1 8 2
284 689
1 2 2
218 156
1 15 2
16 686
1 2 2
379 770
1 12 2
271 377
1 10 2
84 711
1 14 2
603 25
1 15 2
71 391
1 6 2
716 485
1 8 2
443 369
1 7 2
571 228
1 9 2
134 339
1 7 2
331 44
1 15 2
669 332
1 7 2
637 183
1 12 2
377 123
1 15 2
477 142
1 6 2
730 139
1 12 2
670 511
1 13 2
320 735
1 8 2
638 5
1 3 2
606 542
1 7 2
554 721
1 15 2
127 208
1 7 2
77 677
1 5 2
665 694
1 11 2
7 758
1 15 2
701 107
1 5 2
76 692
1 5 2
69 41
1 10 2
293 455
1 13 2
788 175
1 8 2
504 413
1 11 2
338 146
1 12 2
53 413
1 14 2
549 678
1 2 2
351 30
1 13 2
373 781
1 13 2
242 380
1 9 2
333 59
1 4 2
309 113
1 13 2
451 287
1 9 2
753 796
1 9 2
105 587
1 8 2
791 23
1 14 2
595 779
1 13 2
578 372
1 2 2
434 336
1 10 2
265 162
1 8 2
385 643
1 9 2
346 36
1 8 2
377 387
1 3 2
709 292
1 2 2
616 211
1 3 2
739 239
1 15 2
135 692
1 12 2
674 567
1 9 2
422 450
1 13 2
770 147
1 13 2
481 540
1 3 2
298 361
1 11 2
192 257
1 14 2
13 472
1 8 2
547 187
1 9 2
363 261
1 4 2
580 63
1 12 2
583 652
1 15 2
654 518
1 3 2
299 479
1 5 2
333 547
1 14 2
609 514
1 11 2
214 666
1 7 2
267 331
1 11 2
673 260
1 11 2
560 394
1 12 2
795 126
1 14 2
369 250
1 12 2
790 687
1 2 2
790 630
1 4 2
362 240
1 7 2
775 466
1 13 2
666 318
1 6 2
25 355
1 5 2
704 326
1 8 2
676 192
1 10 2
687 260
1 15 2
42 567
1 12 2
195 726
1 13 2
247 168
1 9 2
762 85
1 8 2
724 587
1 3 2
170 564
1 9 2
578 348
1 3 2
671 644
1 10 2
718 225
1 4 2
766 590
1 5 2
40 284
1 11 2
634 3
1 14 2
16 788
1 2 2
374 111
1 8 2
101 158
1 3 2
720 136
1 8 2
519 682
1 10 2
327 12
1 7 2
538 442
1 6 2
768 342
1 5 2
310 218
1 14 2
116 279
1 2 2
178 532
1 13 2
340 469
1 11 2
44 505
1 5 2
490 355
1 13 2
162 703
1 14 2
108 246
1 6 2
417 71
1 8 2
109 187
1 2 2
91 760
1 2 2
70 86
1 12 2
530 741
1 9 2
328 100
1 9 2
504 258
1 9 2
594 335
1 11 2
641 53
1 8 2
38 494
1 11 2
419 433
1 8 2
304 133
1 6 2
402 799
1 3 2
254 250
1 10 2
9 144
1 5 2
546 319
1 4 2
771 123
1 15 2
687 75
1 8 2
283 150
1 4 2
798 558
1 3 2
139 110
1 14 2
761 456
1 14 2
589 56
1 11 2
125 84
1 9 2
26 176
1 10 2
296 782
1 15 2
118 654
1 13 2
443 654
1 9 2
53 192
1 2 2
476 662
1 15 2
700 672
1 2 2
575 420
1 4 2
480 756
1 7 2
555 545
1 15 2
401 79
1 4 2
699 498
1 12 2
280 390
1 14 2
341 58
1 4 2
181 84
1 3 2
760 472
1 15 2
86 128
1 9 2
772 20
1 14 2
583 144
1 8 2
230 626
1 7 2
135 443
1 15 2
269 292
1 5 2
680 269
1 5 2
67 2
1 11 2
507 245
1 14 2
27 42
1 14 2
648 58
1 11 2
773 248
1 13 2
87 96
1 10 2
9 431
1 7 2
419 120
1 13 2
379 768
1 2 2
490 264
1 9 2
342 203
1 7 2
2 165
1 9 2
412 284
1 2 2
452 535
1 10 2
717 3
1 8 2
22 582
1 6 2
522 209
1 3 2
363 506
1 14 2
719 222
1 2 2
587 542
1 14 2
677 173
1 8 2
472 18
1 4 2
792 129
1 10 2
569 565
1 8 2
62 307
1 3 2
540 772
1 9 2
447 587
1 10 2
622 137
1 14 2
333 394
1 3 2
373 56
1 3 2
17 419
1 4 2
81 285
1 10 2
62 587
1 14 2
496 446
1 13 2
761 702
1 7 2
575 156
1 14 2
422 123
1 13 2
393 201
1 9 2
311 216
1 3 2
642 637
1 9 2
27 122
1 2 2
653 119
1 14 2
403 115
1 13 2
132 213
1 13 2
629 569
1 14 2
107 411
1 3 2
337 381
1 10 2
480 679
1 15 2
545 572
1 9 2
27 285
1 5 2
218 656
1 15 2
766 286
1 5 2
598 554
1 15 2
51 193
1 12 2
76 485
1 7 2
66 256
1 11 2
632 658
1 15 2
763 270
1 10 2
238 564
1 11 2
173 502
1 15 2
171 306
1 5 2
148 374
1 14 2
321 583
1 10 2
289 533
1 5 2
54 78
1 3 2
798 490
1 14 2
104 181
1 3 2
6 406
1 3 2
591 356
1 5 2
760 55
1 9 2
66 396
1 14 2
143 583
1 7 2
466 791
1 15 2
754 631
1 13 2
478 78
1 10 2
418 193
1 12 2
19 622
1 2 2
242 731
1 11 2
401 432
1 12 2
414 456
1 4 2
480 503
1 14 2
331 553
1 9 2
546 596
1 4 2
60 379
1 9 2
375 407
1 14 2
292 86
1 12 2
734 279
1 6 2
606 233
1 15 2
163 756
1 3 2
219 253
1 15 2
53 673
1 4 2
533 593
1 7 2
683 326
1 15 2
116 558
1 6 2
782 242
1 3 2
758 787
1 11 2
458 765
1 6 2
665 392
1 12 2
579 151
1 8 2
217 482
1 13 2
593 155
1 15 2
774 116
1 2 2
144 291
1 15 2
117 704
1 4 2
190 61
1 5 2
783 652
1 4 2
635 764
1 15 2
526 333
1 2 2
490 487
1 15 2
528 244
1 13 2
617 421
1 4 2
570 451
1 13 2
579 637
1 5 2
794 672
1 11 2
502 214
1 12 2
202 718
1 10 2
295 58
1 15 2
238 471
1 8 2
275 79
1 4 2
529 436
1 2 2
200 578
1 12 2
716 360
1 13 2
329 502
1 9 2
295 227
1 5 2
540 18
1 7 2
288 103
1 11 2
445 699
1 8 2
673 465
1 14 2
702 485
1 6 2
284 161
1 15 2
121 89
1 2 2
4 388
1 8 2
789 405
1 15 2
548 694
1 15 2
38 236
1 5 2
770 76
1 9 2
349 564
1 4 2
665 653
1 10 2
223 72
1 9 2
83 620
1 3 2
616 168
1 6 2
695 588
1 5 2
132 302
1 15 2
475 323
1 11 2
669 181
1 14 2
393 728
1 15 2
737 232
1 9 2
500 638
1 4 2
8 278
1 8 2
487 79
1 7 2
137 456
1 8 2
451 298
1 11 2
723 725
1 4 2
479 102
1 6 2
152 725
1 5 2
164 648
1 15 2
734 640
1 13 2
117 238
1 15 2
788 339
1 2 2
670 560
1 2 2
613 94
1 11 2
797 415
1 5 2
298 111
1 13 2
114 290
1 10 2
531 355
1 6 2
291 708
1 13 2
425 22
1 6 2
291 401
1 3 2
350 739
1 11 2
237 258
1 2 2
280 576
1 9 2
164 787
1 12 2
371 708
1 4 2
338 501
1 5 2
630 428
1 9 2
133 530
1 10 2
707 635
1 4 2
135 249
1 4 2
583 364
1 6 2
717 580
1 10 2
290 418
1 3 2
725 320
1 7 2
76 56
1 12 2
472 485
1 5 2
375 495
1 13 2
633 472
1 13 2
572 87
1 13 2
660 417
1 5 2
252 385
1 7 2
206 74
1 14 2
244 196
1 6 2
538 705
1 14 2
693 328
1 8 2
509 479
1 4 2
153 502
1 12 2
558 452
1 12 2
797 755
1 9 2
794 431
1 15 2
224 198
1 14 2
226 468
1 6 2
82 35
1 7 2
583 643
1 2 2
568 330
1 14 2
600 641
1 5 2
304 586
1 2 2
652 344
1 4 2
555 584
1 3 2
249 150
1 7 2
718 668
1 8 2
690 386
1 4 2
499 505
1 10 2
254 755
1 3 2
383 528
1 3 2
279 615
1 15 2
393 691
1 9 2
653 260
1 6 2
406 621
1 8 2
645 731
1 11 2
698 201
1 2 2
451 427
1 6 2
226 274
1 11 2
101 353
1 3 2
168 710
1 4 2
694 701
1 15 2
306 712
1 12 2
792 561
1 13 2
568 495
1 15 2
416 154
1 5 2
664 276
1 2 2
334 200
1 6 2
234 627
1 5 2
581 654
1 7 2
63 218
1 9 2
621 310
1 6 2
540 642
1 6 2
222 104
1 10 2
558 185
1 5 2
595 111
1 9 2
72 221
1 6 2
135 432
1 3 2
605 66
1 14 2
361 111
1 10 2
239 92
1 5 2
741 23
1 15 2
232 419
1 10 2
397 118
1 2 2
149 472
1 5 2
766 300
1 10 2
423 51
1 12 2
457 401
1 6 2
94 118
1 7 2
458 93
1 10 2
88 200
1 9 2
336 355
1 11 2
344 727
1 8 2
669 149
1 7 2
135 273
1 6 2
126 160
1 12 2
632 756
1 10 2
791 568
1 11 2
273 486
1 6 2
541 491
1 15 2
394 661
1 2 2
495 730
1 9 2
606 729
1 8 2
419 509
1 8 2
346 205
1 14 2
530 602
1 10 2
170 516
1 5 2
732 664
1 12 2
173 432
1 5 2
108 37
1 13 2
335 747
1 5 2
116 610
1 2 2
752 452
1 8 2
407 49
1 3 2
704 301
1 15 2
62 448
1 12 2
116 188
1 14 2
685 86
1 4 2
15 531
1 6 2
693 203
1 14 2
423 451
1 13 2
631 652
1 6 2
768 420
1 4 2
448 60
1 14 2
403 306
1 5 2
436 376
1 6 2
702 75
1 12 2
133 224
1 5 2
714 65
1 10 2
490 756
1 10 2
585 110
1 2 2
676 491
1 7 2
537 777
1 14 2
653 640
1 4 2
724 13
1 5 2
378 139
1 7 2
68 209
1 12 2
289 263
1 10 2
257 289
1 7 2
511 122
1 8 2
259 150
1 3 2
611 703
1 14 2
426 398
1 12 2
475 699
1 7 2
59 661
1 9 2
702 83
1 13 2
18 291
1 3 2
97 357
1 8 2
571 124
1 14 2
756 710
1 13 2
81 678
1 2 2
648 707
1 5 2
754 65
1 5 2
435 675
1 2 2
34 332
1 3 2
202 688
1 10 2
100 419
1 10 2
102 263
1 15 2
605 338
1 4 2
592 260
1 5 2
737 146
1 10 2
92 742
1 12 2
614 640
1 2 2
740 87
1 7 2
374 350
1 7 2
115 92
1 13 2
685 299
1 14 2
217 405
1 14 2
40 284
1 3 2
785 517
1 11 2
756 360
1 9 2
190 703
1 3 2
284 546
1 6 2
340 199
1 13 2
461 443
1 6 2
790 634
1 10 2
367 552
1 11 2
290 66
1 4 2
140 283
1 8 2
479 97
1 3 2
59 688
1 8 2
689 764
1 15 2
699 493
1 3 2
63 462
1 12 2
54 149
1 9 2
487 443
1 7 2
340 595
1 10 2
748 396
1 7 2
497 125
1 8 2
784 551
1 7 2
781 620
1 6 2
283 601
1 6 2
458 113
1 10 2
363 478
1 15 2
548 156
1 9 2
416 773
1 14 2
720 288
1 15 2
437 773
1 2 2
93 408
1 9 2
300 590
1 13 2
727 775
1 4 2
350 515
1 9 2
513 295
1 8 2
264 204
1 6 2
559 270
1 14 2
688 281
1 4 2
261 72
1 9 2
450 119
1 4 2
502 110
1 11 2
200 736
1 2 2
408 593
1 5 2
430 193
1 3 2
209 698
1 11 2
501 18
1 10 2
727 223
1 11 2
115 784
1 11 2
383 476
1 7 2
76 62
1 2 2
290 158
1 4 2
79 111
1 6 2
7 270
1 9 2
404 297
1 14 2
118 643
1 4 2
224 797
1 15 2
319 526
1 14 2
203 41
1 13 2
9 310
1 11 2
142 742
1 9 2
14 109
1 10 2
219 97
1 9 2
443 124
1 13 2
577 581
1 7 2
751 475
1 4 2
111 641
1 3 2
226 751
1 6 2
765 264
1 9 2
260 654
1 8 2
126 409
1 11 2
122 160
1 5 2
89 458
1 15 2
659 641
1 2 2
401 695
1 2 2
726 780
1 13 2
301 684
1 14 2
396 453
1 4 2
468 718
1 10 2
250 625
1 15 2
677 192
1 3 2
484 701
1 11 2
71 621
1 12 2
479 608
1 12 2
779 484
1 2 2
307 663
1 5 2
513 375
1 13 2
220 309
1 13 2
258 93
1 13 2
697 172
1 14 2
65 340
1 4 2
108 210
1 4 2
611 532
1 2 2
613 649
1 10 2
296 242
1 4 2
313 672
1 6 2
267 432
1 4 2
495 92
1 13 2
459 412
1 10 2
430 59
1 12 2
336 587
1 11 2
398 548
1 10 2
314 642
1 8 2
366 723
1 11 2
353 208
1 7 2
764 31
1 4 2
54 326
1 15 2
13 796
1 10 2
371 404
1 10 2
549 484
1 4 2
289 421
1 9 2
427 751
1 12 2
504 406
1 12 2
381 791
1 4 2
689 316
1 13 2
143 486
1 8 2
603 121
1 8 2
685 651
1 7 2
661 554
1 8 2
129 537
1 14 2
749 451
1 11 2
59 415
1 10 2
642 521
1 10 2
505 165
1 5 2
12 440
1 14 2
34 449
1 10 2
756 394
1 9 2
670 375
1 7 2
514 226
1 12 2
326 292
1 7 2
583 607
1 15 2
16 726
1 3 2
8 593
1 9 2
533 335
1 15 2
423 38
1 12 2
659 654
1 6 2
459 480
1 14 2
116 37
1 2 2
327 154
1 6 2
137 664
1 3 2
657 343
1 6 2
42 587
1 12 2
342 504
1 10 2
707 412
1 3 2
443 463
1 12 2
395 24
1 11 2
532 374
1 10 2
606 68
1 11 2
213 180
1 13 2
98 591
1 12 2
649 262
1 5 2
322 204
1 10 2
741 194
1 14 2
161 281
1 4 2
141 399
1 5 2
48 587
1 2 2
46 703
1 9 2
628 20
1 2 2
454 88
1 9 2
685 563
1 5 2
517 473
1 9 2
762 165
1 3 2
267 241
1 10 2
638 396
1 14 2
449 432
1 13 2
21 322
1 4 2
423 360
1 14 2
716 6
1 2 2
380 744
1 2 2
752 61
1 12 2
212 785
1 2 2
487 615
1 4 2
136 745
1 5 2
320 446
1 10 2
205 510
1 3 2
532 496
1 14 2
656 450
1 11 2
716 621
1 10 2
416 454
1 5 2
502 312
1 5 2
153 602
1 13 2
604 70
1 9 2
128 690
1 9 2
526 280
1 7 2
246 292
1 11 2
259 496
1 15 2
525 223
1 10 2
496 692
1 10 2
770 174
1 5 2
477 604
1 9 2
487 739
1 8 2
133 90
1 11 2
589 423
1 15 2
158 444
1 3 2
273 615
1 11 2
560 511
1 13 2
590 213
1 15 2
391 319
1 4 2
457 217
1 15 2
172 74
1 10 2
320 796
1 6 2
612 508
1 5 2
634 767
1 5 2
544 749
1 10 2
170 691
1 13 2
477 663
1 9 2
87 296
1 15 2
446 725
1 13 2
361 302
1 4 2
195 112
1 14 2
376 638
1 12 2
234 595
1 11 2
360 379
1 14 2
471 683
1 14 2
236 274
1 5 2
77 426
1 9 2
746 359
1 2 2
7 541
1 12 2
773 688
1 12 2
188 127
1 14 2
152 762
1 9 2
220 479
1 10 2
283 359
1 3 2
394 280
1 12 2
358 160
1 5 2
360 611
1 7 2
231 443
1 10 2
0 155
1 4 2
122 140
1 14 2
679 545
1 8 2
752 542
1 8 2
66 72
1 15 2
275 703
1 5 2
322 203
1 6 2
351 459
1 14 2
135 486
1 11 2
450 176
1 5 2
611 700
1 9 2
317 218
1 10 2
731 202
1 2 2
797 301
1 3 2
671 728
1 14 2
135 456
1 3 2
306 453
1 8 2
562 541
1 10 2
638 579
1 5 2
390 175
1 5 2
548 22
1 13 2
376 549
1 12 2
284 577
1 5 2
781 316
1 11 2
278 53
1 2 2
150 156
1 4 2
120 189
1 9 2
379 695
1 8 2
403 265
1 10 2
220 128
1 15 2
477 378
1 6 2
792 767
1 3 2
241 158
1 8 2
224 108
1 13 2
622 563
1 15 2
219 302
1 2 2
84 670
1 7 2
120 202
1 14 2
112 308
1 5 2
138 783
1 7 2
582 301
1 5 2
519 726
1 12 2
91 700
1 6 2
411 240
1 3 2
38 195
1 8 2
450 97
1 9 2
438 464
1 12 2
642 428
1 10 2
334 602
1 4 2
727 506
1 7 2
784 423
1 12 2
79 662
1 5 2
356 455
1 3 2
105 186
1 2 2
128 511
1 2 2
728 631
1 9 2
221 474
1 13 2
65 793
1 4 2
427 588
1 13 2
551 2
1 3 2
191 744
1 5 2
26 416
1 14 2
568 557
1 3 2
347 162
1 4 2
538 196
1 5 2
65 266
1 13 2
29 721
1 2 2
429 39
1 6 2
299 274
1 15 2
711 266
1 6 2
408 681
1 4 2
529 335
1 13 2
136 704
1 10 2
70 0
1 2 2
592 47
1 4 2
290 50
1 9 2
743 516
1 8 2
788 565
1 13 2
634 226
1 8 2
394 330
1 10 2
188 305
1 13 2
393 16
1 11 2
376 769
1 11 2
213 1
1 13 2
41 474
1 12 2
750 675
1 13 2
114 554
1 9 2
392 485
1 5 2
366 562
1 14 2
732 708
1 6 2
51 490
1 15 2
171 191
1 10 2
309 387
1 12 2
494 624
1 7 2
719 272
1 14 2
518 595
1 8 2
205 86
1 12 2
364 417
1 5 2
23 418
1 10 2
433 11
1 8 2
268 649
1 8 2
535 583
1 7 2
231 436
1 14 2
108 494
1 11 2
573 11
1 6 2
750 359
1 8 2
693 379
1 9 2
402 34
1 5 2
548 87
1 11 2
673 457
1 8 2
594 183
1 10 2
414 500
1 14 2
375 230
1 15 2
48 464
1 10 2
780 81
1 6 2
735 239
1 9 2
109 774
1 13 2
711 332
1 13 2
540 388
1 11 2
645 692
1 12 2
153 216
1 7 2
441 616
1 12 2
383 528
1 7 2
697 133
1 15 2
761 742
1 2 2
55 362
1 11 2
324 798
1 5 2
250 618
1 5 2
670 305
1 13 2
557 10
1 8 2
797 304
1 11 2
354 720
1 8 2
588 488
1 3 2
509 387
1 12 2
517 226
1 3 2
556 186
1 10 2
573 554
1 2 2
587 13
1 11 2
379 648
1 11 2
482 709
1 2 2
271 2
1 4 2
65 636
1 10 2
536 352
1 9 2
406 722
1 10 2
13 500
1 15 2
297 516
1 12 2
212 221
1 5 2
752 642
1 13 2
292 116
1 7 2
227 681
1 8 2
597 708
1 2 2
514 478
1 9 2
95 618
1 5 2
479 344
1 11 2
335 532
1 11 2
249 265
1 2 2
120 721
1 9 2
225 648
1 8 2
626 3
1 6 2
664 63
1 13 2
611 653
1 9 2
582 408
1 2 2
487 345
1 2 2
270 404
1 5 2
308 333
1 2 2
112 607
1 2 2
196 659
1 11 2
262 486
1 8 2
678 259
1 2 2
441 52
1 15 2
791 765
1 10 2
137 509
1 9 2
402 751
1 10 2
561 197
1 2 2
656 515
1 10 2
60 578
1 9 2
608 184
1 11 2
374 342
1 14 2
474 797
1 8 2
65 514
1 11 2
462 57
1 15 2
219 67
1 4 2
467 785
1 5 2
776 577
1 8 2
110 369
1 10 2
197 455
1 5 2
778 377
1 15 2
524 176
1 4 2
519 479
1 13 2
694 655
1 10 2
199 521
1 8 2
668 595
1 12 2
368 147
1 7 2
721 114
1 7 2
270 397
1 5 2
385 266
1 13 2
101 517
1 10 2
575 247
1 15 2
274 126
1 9 2
170 309
1 8 2
182 650
1 13 2
104 219
1 12 2
47 663
1 6 2
575 441
1 11 2
493 686
1 5 2
262 181
1 15 2
185 197
1 4 2
229 376
1 14 2
195 448
1 5 2
604 225
1 7 2
498 739
1 14 2
324 257
1 10 2
314 505
1 2 2
21 96
1 6 2
54 485
1 3 2
518 384
1 9 2
423 222
1 8 2
753 697
1 9 2
603 250
1 7 2
38 108
1 10 2
70 327
1 10 2
354 209
1 3 2
595 470
1 12 2
426 453
1 9 2
616 501
1 12 2
117 669
1 4 2
755 282
1 4 2
798 474
1 7 2
578 379
1 5 2
217 714
1 12 2
200 95
1 6 2
742 62
1 7 2
66 581
1 8 2
788 751
1 10 2
145 20
1 14 2
414 194
1 15 2
552 406
1 3 2
419 257
1 14 2
274 2
1 4 2
511 146
1 6 2
153 203
1 13 2
86 339
1 9 2
524 615
1 15 2
515 309
1 13 2
681 350
1 9 2
386 533
1 13 2
181 260
1 13 2
567 141
1 15 2
446 536
1 10 2
492 690
1 15 2
708 39
1 12 2
402 135
1 8 2
752 612
1 7 2
585 779
1 5 2
375 209
1 4 2
360 427
1 7 2
508 534
1 15 2
368 305
1 10 2
327 170
1 8 2
789 364
1 3 2
224 403
1 2 2
638 118
1 11 2
453 311
1 12 2
278 737
1 5 2
601 81
1 6 2
715 464
1 9 2
391 633
1 5 2
147 360
1 6 2
436 42
1 5 2
727 650
1 13 2
181 629
1 4 2
301 113
1 11 2
640 172
1 15 2
279 396
1 14 2
16 570
1 13 2
521 30
1 13 2
594 596
1 7 2
370 453
1 2 2
297 406
1 15 2
276 111
1 13 2
426 706
1 6 2
577 602
1 12 2
134 501
1 8 2
161 718
1 10 2
520 3
1 15 2
553 708
1 8 2
144 198
1 4 2
636 61
1 5 2
478 184
1 5 2
588 491
1 10 2
539 789
1 15 2
30 246
1 6 2
532 289
1 8 2
70 198
1 4 2
477 742
1 9 2
415 260
1 6 2
618 420
1 2 2
659 354
1 14 2
735 405
1 9 2
228 135
1 3 2
404 124
1 3 2
48 361
1 6 2
27 751
1 15 2
468 188
1 12 2
467 121
1 2 2
448 310
1 5 2
217 688
1 6 2
256 741
1 10 2
609 135
1 15 2
335 216
1 8 2
683 577
1 15 2
485 202
1 13 2
137 285
1 5 2
345 488
1 15 2
189 753
1 2 2
750 174
1 6 2
297 681
1 4 2
186 36
1 6 2
152 345
1 4 2
414 162
1 9 2
509 57
1 6 2
664 706
1 10 2
78 176
1 2 2
329 561
1 15 2
212 182
1 7 2
742 687
1 11 2
597 79
1 7 2
780 720
1 7 2
59 783
1 10 2
652 331
1 6 2
765 782
1 3 2
132 783
1 6 2
116 307
1 5 2
126 179
1 15 2
335 286
1 7 2
664 137
1 6 2
70 366
1 4 2
660 541
1 2 2
283 258
1 4 2
311 146
1 6 2
38 472
1 9 2
423 635
1 2 2
745 138
1 8 2
351 567
1 14 2
122 450
1 10 2
614 572
1 5 2
167 212
1 13 2
413 635
1 14 2
366 669
1 9 2
379 68
1 4 2
228 62
1 9 2
586 795
1 7 2
273 791
1 13 2
336 798
1 5 2
116 443
1 7 2
784 45
1 11 2
232 113
1 2 2
558 65
1 8 2
680 279
1 12 2
160 698
1 12 2
386 374
1 3 2
117 34
1 14 2
765 118
1 12 2
324 262
1 13 2
484 520
1 5 2
181 764
1 6 2
180 606
1 2 2
588 21
1 7 2
157 305
1 14 2
207 175
1 11 2
331 203
1 10 2
770 314
1 5 2
15 652
1 4 2
474 428
1 6 2
378 402
1 13 2
509 246
1 6 2
424 258
1 7 2
278 545
1 9 2
277 346
1 3 2
799 548
1 7 2
633 735
1 6 2
90 610
1 13 2
451 505
1 12 2
56 515
1 12 2
296 336
1 2 2
752 603
1 13 2
295 347
1 7 2
363 146
1 3 2
22 237
1 3 2
24 202
1 2 2
290 456
1 10 2
717 115
1 4 2
195 14
1 4 2
612 121
1 14 2
216 313
1 3 2
200 239
1 14 2
769 605
1 3 2
640 3
1 4 2
214 149
1 10 2
377 33
1 12 2
760 610
1 14 2
403 414
1 7 2
284 581
1 7 2
548 780
1 11 2
489 37
1 9 2
478 436
1 12 2
75 450
1 5 2
380 390
1 14 2
608 576
1 11 2
765 416
1 6 2
606 653
1 6 2
332 536
1 8 2
731 376
1 13 2
776 137
1 2 2
113 319
1 5 2
404 438
1 5 2
609 317
1 8 2
270 511
1 9 2
239 496
1 12 2
39 676
1 9 2
276 71
1 6 2
3 509
1 10 2
760 22
1 5 2
663 469
1 5 2
37 643
1 3 2
511 272
1 12 2
244 61
1 5 2
116 503
1 10 2
600 547
1 5 2
650 688
1 2 2
709 221
1 5 2
564 404
1 8 2
167 144
1 6 2
534 116
1 8 2
97 659
1 12 2
97 490
1 3 2
623 3
1 6 2
552 151
1 13 2
25 483
1 5 2
537 635
1 2 2
458 719
1 9 2
463 757
1 13 2
152 505
1 5 2
432 283
1 3 2
514 695
1 11 2
592 292
1 13 2
414 333
1 7 2
306 360
1 12 2
27 405
1 5 2
206 274
1 11 2
762 776
1 2 2
434 631
1 2 2
285 350
1 11 2
307 628
1 3 2
340 690
1 3 2
571 270
1 5 2
488 569
1 15 2
71 733
1 2 2
677 292
1 7 2
640 677
1 10 2
685 434
1 10 2
97 139
1 4 2
728 291
1 3 2
663 520
1 11 2
126 235
1 10 2
131 562
1 10 2
412 510
1 10 2
652 618
1 4 2
699 686
1 9 2
51 15
1 13 2
31 473
1 8 2
643 222
1 6 2
232 225
1 15 2
447 510
1 7 2
82 617
1 9 2
172 286
1 2 2
630 540
1 12 2
765 624
1 11 2
61 163
1 5 2
92 638
1 7 2
140 756
1 11 2
541 712
1 4 2
508 359
1 15 2
495 775
1 8 2
626 226
1 10 2
148 517
1 12 2
787 336
1 2 2
357 625
1 13 2
157 496
1 12 2
71 444
1 13 2
609 476
1 9 2
140 166
1 14 2
21 325
1 13 2
482 240
1 14 2
31 484
1 6 2
628 453
1 8 2
599 682
1 6 2
544 184
1 9 2
281 180
1 3 2
113 84
1 3 2
675 5
1 12 2
100 649
1 11 2
50 466
1 12 2
387 7
1 7 2
305 774
1 14 2
124 592
1 14 2
369 290
1 7 2
444 791
1 10 2
713 544
1 7 2
750 634
1 14 2
649 486
1 5 2
424 469
1 15 2
700 224
1 8 2
586 526
1 7 2
170 597
1 13 2
95 403
1 14 2
738 771
1 15 2
378 303
1 13 2
596 256
1 6 2
750 42
1 10 2
54 343
1 13 2
393 429
1 13 2
307 765
1 7 2
515 620
1 11 2
316 231
1 2 2
776 143
1 2 2
399 639
1 15 2
313 315
1 6 2
428 325
1 4 2
361 242
1 3 2
117 393
1 5 2
496 369
1 13 2
421 353
1 12 2
182 419
1 8 2
722 241
1 4 2
558 422
1 10 2
351 438
1 3 2
412 786
1 2 2
663 368
1 14 2
52 24
1 11 2
723 627
1 14 2
559 51
1 14 2
358 798
1 14 2
597 609
1 5 2
72 201
1 11 2
428 415
1 14 2
52 114
1 12 2
698 580
1 6 2
616 759
1 11 2
194 286
1 7 2
745 642
1 7 2
429 699
1 12 2
486 102
1 5 2
244 710
1 14 2
600 789
1 10 2
558 516
1 8 2
356 367
1 4 2
792 535
1 15 2
306 704
1 7 2
207 64
1 11 2
691 208
1 4 2
701 118
1 7 2
544 239
1 13 2
532 147
1 15 2
553 768
1 13 2
171 427
1 9 2
449 291
1 13 2
243 101
1 9 2
461 440
1 2 2
689 570
1 11 2
711 794
1 5 2
365 384
1 11 2
738 553
1 7 2
44 299
1 9 2
390 263
1 6 2
557 111
1 12 2
675 410
1 9 2
627 263
1 12 2
642 177
1 2 2
487 51
1 10 2
400 285
1 4 2
129 448
1 6 2
353 96
1 3 2
73 707
1 10 2
15 396
1 2 2
475 203
1 4 2
606 369
1 11 2
324 57
1 13 2
243 584
1 9 2
228 197
1 4 2
44 144
1 2 2
46 554
1 2 2
287 36
1 2 2
464 291
1 13 2
670 668
1 5 2
747 162
1 12 2
527 50
1 8 2
178 539
1 8 2
265 124
1 11 2
721 332
1 8 2
381 375
1 15 2
53 96
1 9 2
273 508
1 4 2
21 385
1 2 2
458 437
1 14 2
379 596
1 6 2
311 89
1 11 2
206 126
1 11 2
575 601
1 7 2
143 435
1 4 2
416 110
1 2 2
96 617
1 12 2
613 779
1 2 2
576 425
1 13 2
407 229
1 7 2
298 347
1 8 2
148 221
1 13 2
313 147
1 9 2
484 477
1 4 2
660 140
1 12 2
486 741
1 5 2
230 395
1 15 2
783 88
1 12 2
329 439
1 12 2
202 721
1 12 2
33 612
1 9 2
737 90
1 11 2
6 33
1 13 2
615 25
1 13 2
643 379
1 7 2
713 561
1 6 2
106 339
1 13 2
232 8
1 5 2
586 69
1 10 2
412 733
1 12 2
780 348
1 15 2
311 49
1 14 2
503 53
1 2 2
735 462
1 2 2
375 290
1 15 2
675 131
1 2 2
291 316
1 11 2
44 278
1 6 2
402 748
1 14 2
429 704
1 9 2
593 742
1 3 2
194 568
1 9 2
740 239
1 12 2
773 670
1 10 2
288 94
1 3 2
50 252
1 14 2
121 609
1 12 2
87 170
1 13 2
441 445
1 3 2
623 169
1 10 2
208 667
1 15 2
710 428
1 12 2
499 300
1 13 2
185 130
1 3 2
684 777
1 6 2
653 715
1 15 2
118 740
1 5 2
267 253
1 4 2
100 764
1 11 2
170 760
1 7 2
474 270
1 3 2
306 377
1 8 2
351 329
1 5 2
287 209
1 10 2
288 451
1 7 2
787 518
1 9 2
735 635
1 11 2
592 333
1 12 2
553 727
1 6 2
510 37
1 9 2
36 473
1 14 2
437 386
1 11 2
238 34
1 5 2
764 613
1 4 2
708 390
1 10 2
522 782
1 6 2
724 682
1 13 2
10 298
1 4 2
764 589
1 15 2
85 372
1 8 2
612 716
1 6 2
790 462
1 10 2
76 129
1 7 2
303 798
1 3 2
228 641
1 8 2
130 188
1 9 2
602 233
1 15 2
140 792
1 5 2
25 658
1 8 2
133 526
1 5 2
596 573
1 12 2
661 415
1 14 2
502 326
1 14 2
185 100
1 8 2
604 243
1 8 2
214 542
1 13 2
606 750
1 4 2
537 340
1 2 2
239 771
1 3 2
753 530
1 9 2
783 701
1 14 2
69 585
1 3 2
158 317
1 12 2
702 123
1 12 2
279 792
1 5 2
184 192
1 6 2
186 237
1 13 2
410 566
1 3 2
2 304
1 12 2
386 13
1 3 2
209 586
1 8 2
796 73
1 11 2
264 699
1 11 2
65 676
1 11 2
432 74
1 14 2
689 614
1 15 2
781 502
1 10 2
360 292
1 7 2
54 311
1 4 2
458 599
1 5 2
535 575
1 3 2
277 705
1 12 2
778 67
1 9 2
510 345
1 4 2
3 35
1 15 2
73 368
1 3 2
638 696
1 4 2
372 384
1 8 2
519 404
1 7 2
137 662
1 5 2
660 707
1 13 2
712 233
1 12 2
202 524
1 2 2
691 215
1 14 2
147 239
1 11 2
76 213
1 11 2
348 304
1 15 2
61 22
1 9 2
304 387
1 9 2
381 597
1 8 2
750 443
1 10 2
347 473
1 14 2
20 120
1 15 2
536 793
1 13 2
203 280
1 15 2
249 495
1 5 2
355 550
1 5 2
139 495
1 10 2
413 521
1 9 2
331 781
1 10 2
151 670
1 6 2
91 784
1 4 2
651 63
1 6 2
517 235
1 5 2
446 651
1 12 2
525 363
1 3 2
209 371
1 14 2
184 461
1 2 2
341 646
1 8 2
440 402
1 5 2
253 331
1 12 2
649 321
1 8 2
632 416
1 14 2
90 790
1 9 2
266 617
1 3 2
53 581
1 11 2
597 247
1 13 2
191 466
1 4 2
679 722
1 11 2
126 582
1 11 2
16 74
1 2 2
134 626
1 12 2
413 20
1 12 2
720 677
1 3 2
390 341
1 4 2
241 565
1 14 2
621 712
1 7 2
23 406
1 4 2
210 68
1 10 2
142 575
1 10 2
59 207
1 10 2
144 516
1 15 2
493 194
1 6 2
509 693
1 9 2
300 383
1 2 2
470 380
1 9 2
779 629
1 15 2
652 190
1 3 2
95 82
1 14 2
564 172
1 4 2
584 379
1 3 2
563 246
1 7 2
486 788
1 9 2
345 640
1 13 2
627 321
1 6 2
165 208
1 7 2
48 689
1 11 2
329 124
1 4 2
328 272
1 7 2
28 200
1 7 2
724 270
1 3 2
19 35
1 2 2
695 9
1 3 2
301 559
1 13 2
47 189
1 6 2
786 330
1 11 2
713 363
1 13 2
505 478
1 14 2
731 315
1 7 2
638 268
1 15 2
747 121
1 15 2
23 389
1 9 2
799 592
1 13 2
553 139
1 13 2
57 435
1 3 2
654 42
1 13 2
410 369
1 3 2
400 249
1 8 2
595 404
1 6 2
220 334
1 7 2
174 572
1 2 2
587 329
1 9 2
552 53
1 9 2
378 176
1 4 2
798 358
1 2 2
351 8
1 7 2
781 458
1 9 2
110 568
1 7 2
419 77
1 10 2
614 672
1 13 2
440 788
1 6 2
393 182
1 3 2
314 746
1 12 2
195 540
1 4 2
511 447
1 4 2
777 344
1 7 2
214 168
1 13 2
406 541
1 14 2
77 220
1 8 2
525 386
1 13 2
179 646
1 15 2
318 519
1 4 2
30 76
1 4 2
775 625
1 5 2
127 564
1 9 2
396 207
1 15 2
662 35
1 13 2
60 793
1 4 2
436 758
1 13 2
310 162
1 11 2
297 368
1 10 2
411 682
1 15 2
764 180
1 3 2
766 95
1 4 2
450 13
1 15 2
406 153
1 15 2
603 278
1 14 2
10 105
1 13 2
384 591
1 9 2
217 174
1 4 2
545 260
1 3 2
489 706
1 10 2
123 300
1 9 2
503 264
1 3 2
391 756
1 3 2
669 582
1 14 2
173 778
1 14 2
388 453
1 3 2
587 465
1 7 2
86 348
1 7 2
9 175
1 2 2
698 12
1 10 2
417 682
1 13 2
751 417
1 4 2
165 786
1 9 2
7 224
1 15 2
604 37
1 10 2
258 700
1 2 2
27 552
1 4 2
268 411
1 6 2
586 139
1 2 2
93 504
1 8 2
214 104
1 7 2
319 481
1 4 2
675 489
1 8 2
545 591
1 3 2
372 581
1 2 2
611 598
1 11 2
529 317
1 7 2
234 703
1 8 2
469 794
1 6 2
28 469
1 7 2
54 64
1 14 2
785 451
1 3 2
566 572
1 3 2
636 610
1 8 2
692 371
1 7 2
337 264
1 8 2
80 49
1 12 2
279 466
1 7 2
104 143
1 5 2
5 785
1 12 2
456 21
1 6 2
39 343
1 9 2
483 590
1 10 2
299 270
1 14 2
673 539
1 3 2
555 462
1 14 2
781 735
1 4 2
604 33
1 12 2
677 92
1 11 2
233 735
1 5 2
533 302
1 4 2
56 693
1 13 2
682 107
1 13 2
247 761
1 4 2
487 253
1 5 2
342 15
1 2 2
91 64
1 13 2
469 550
1 11 2
93 772
1 4 2
390 591
1 13 2
556 1
1 12 2
752 59
1 10 2
575 292
1 11 2
91 433
1 13 2
775 772
1 8 2
762 682
1 15 2
59 46
1 4 2
593 160
1 3 2
648 253
1 13 2
787 724
1 6 2
508 368
1 6 2
96 601
1 2 2
580 626
1 7 2
44 558
1 7 2
539 515
1 13 2
188 357
1 14 2
641 666
1 14 2
532 474
1 13 2
24 349
1 6 2
155 683
1 6 2
544 201
1 3 2
654 119
1 7 2
303 426
1 8 2
736 521
1 14 2
268 136
1 2 2
49 546
1 7 2
571 183
1 8 2
683 86
1 6 2
632 356
1 9 2
435 702
1 6 2
491 153
1 13 2
315 236
1 8 2
538 749
1 7 2
473 63
1 14 2
180 178
1 14 2
71 259
1 13 2
505 548
1 15 2
715 648
1 4 2
799 319
1 3 2
738 413
1 7 2
235 386
1 8 2
611 427
1 2 2
275 741
1 13 2
288 773
1 4 2
344 193
1 8 2
493 515
1 11 2
273 89
1 12 2
568 771
1 14 2
281 625
1 4 2
736 754
1 5 2
358 127
1 2 2
568 37
1 5 2
762 492
1 11 2
168 32
1 9 2
73 98
1 6 2
459 249
1 14 2
604 556
1 14 2
644 73
1 9 2
102 348
1 14 2
609 379
1 2 2
247 114
1 2 2
119 228
1 3 2
535 601
1 10 2
598 258
1 6 2
197 363
1 15 2
407 517
1 10 2
519 203
1 12 2
644 461
1 15 2
686 417
1 10 2
502 411
1 2 2
611 253
1 2 2
99 266
1 11 2
256 225
1 8 2
323 349
1 14 2
653 42
1 3 2
58 39
1 15 2
412 632
1 4 2
473 158
1 3 2
542 487
1 9 2
510 600
1 10 2
38 616
1 13 2
298 680
1 10 2
794 478
1 6 2
361 53
1 15 2
128 357
1 6 2
229 335
1 5 2
525 747
1 4 2
613 79
1 6 2
412 704
1 5 2
306 670
1 4 2
502 171
1 2 2
497 795
1 2 2
700 661
1 6 2
663 638
1 5 2
104 63
1 10 2
366 636
1 11 2
212 793
1 3 2
59 200
1 15 2
167 614
1 12 2
28 635
1 2 2
336 590
1 10 2
484 692
1 15 2
442 274
1 4 2
718 100
1 4 2
120 140
1 6 2
766 179
1 4 2
278 58
1 12 2
516 713
1 11 2
364 744
1 14 2
314 60
1 11 2
266 188
1 9 2
116 641
1 2 2
320 543
1 11 2
596 791
1 3 2
684 678
1 2 2
773 447
1 2 2
681 709
1 13 2
566 572
1 10 2
450 288
1 14 2
660 217
1 11 2
72 215
1 3 2
201 653
1 13 2
157 759
1 4 2
483 305
1 10 2
638 409
1 9 2
251 738
1 3 2
40 198
1 7 2
339 307
1 13 2
638 535
1 10 2
261 562
1 3 2
208 667
1 15 2
734 647
1 2 2
76 210
1 13 2
448 86
1 9 2
488 118
1 14 2
99 84
1 3 2
720 612
1 11 2
434 206
1 12 2
311 594
1 13 2
739 220
