800 6400 2400
19 20 5 20 18 21 19 19 8 12 5 21 8 17 22 25 25 5 17 11 19 13 12 23 5 25 6 23 21 22 21 19 17 22 9 12 25 25 16 22 6 18 7 25 22 5 5 9 18 25 14 25 16 25 13 15 25 16 5 23 17 11 11 15 11 8 23 25 20 17 20 22 14 16 20 5 17 17 22 20 25 14 16 11 16 14 11 23 7 23 11 25 22 24 20 16 17 21 21 9 11 21 25 6 12 12 16 13 19 12 12 25 11 9 18 15 13 6 25 15 14 17 20 14 18 19 13 6 17 5 19 12 17 14 19 18 15 11 24 7 24 13 7 19 5 8 15 24 18 16 11 23 23 22 16 20 6 18 17 21 11 9 15 17 14 5 18 7 8 15 6 12 20 18 15 14 5 13 14 7 6 10 11 17 6 15 18 21 13 19 16 8 13 10 7 10 9 21 25 19 9 7 5 18 18 11 17 14 18 12 13 10 7 25 10 19 6 14 17 6 16 24 16 23 18 10 14 12 15 5 24 17 14 8 24 12 11 6 20 10 12 23 20 10 16 24 21 18 9 19 5 13 20 20 5 6 17 22 5 21 17 18 11 24 25 23 18 23 25 8 15 7 5 12 10 9 14 14 18 5 23 5 6 11 22 16 14 23 7 22 13 5 13 19 18 10 23 22 25 9 10 19 20 6 15 17 21 23 18 6 25 18 13 22 17 21 13 20 24 15 8 9 9 10 16 22 15 10 23 25 12 19 23 15 23 8 15 23 25 19 24 18 11 7 12 9 5 25 17 18 17 8 6 19 20 13 17 21 21 5 21 19 6 20 16 15 10 13 22 21 21 19 16 21 23 17 25 9 23 22 23 16 10 5 18 20 20 9 20 21 21 6 5 11 11 8 16 12 16 24 21 8 21 14 12 19 20 21 19 14 5 7 18 17 10 9 13 12 12 6 10 25 24 17 24 17 19 16 8 7 9 21 8 21 10 18 8 10 24 21 21 15 25 7 25 20 22 17 5 13 15 12 9 18 25 14 14 22 10 18 15 10 12 18 23 14 17 19 9 17 21 8 24 24 20 13 13 20 7 5 6 5 13 20 6 14 23 22 23 11 17 12 25 15 22 11 9 5 15 16 8 10 9 15 22 10 13 17 8 11 25 11 8 16 10 16 16 5 13 13 24 6 15 6 20 20 9 12 20 19 12 15 24 12 22 15 9 18 5 20 7 25 13 14 17 7 13 6 7 18 18 23 23 10 7 6 17 11 14 5 20 22 22 16 21 5 12 11 6 18 20 23 19 15 14 14 15 10 5 9 16 19 8 10 20 6 21 18 11 19 19 9 21 24 14 8 21 13 16 21 23 5 17 7 19 5 13 22 15 22 5 10 25 5 6 23 19 8 22 6 13 22 21 25 14 25 16 8 21 23 13 17 13 22 10 16 12 19 12 22 8 16 20 5 22 23 11 21 18 25 22 16 14 14 12 10 20 11 5 24 7 10 17 14 23 21 23 19 7 16 14 24 23 6 14 18 19 12 25 25 18 13 19 19 15 6 17 13 22 13 12 11 7 18 8 18 24 18 11 24 14 14 5 25 14 9 23 5 15 25 11 10 10 5 17 11 22 5 17 6 11 11 9 13 17 8 6 9 21 15 10 10 13 20 14 10 21 24 14 15 6 15 11 5 20 20 14 22 9 14 8 14 22 5 24 17 10 10 20 10 20 22 18 19 11 11 11 16 21 7 7 25 12 6 20 8 19 19 14 16 21 13 13 23 24 15 14 21 5 6 9 6 12 22 9 21 8 25 6 9
3 7 5 15 9 13 9 14 11 16 5 13 4 6 8 14 8 8 3 5 7 9 16 17 8 12 17 8 12 4 11 10 9 5 19 12 17 14 9 10 16 13 20 20 18 20 20 19 10 10 9 5 12 12 5 6 11 20 10 11 19 19 16 10 6 8 7 11 20 20 17 9 12 20 16 11 10 3 5 7 7 17 11 11 9 4 6 4 20 4 3 18 18 5 15 20 7 15 5 9 16 19 9 5 11 13 4 9 11 15 4 13 18 4 9 15 15 4 6 6 20 19 13 9 19 5 15 12 19 15 5 18 6 7 11 3 3 20 10 7 17 6 16 5 20 4 9 3 6 6 15 16 3 20 18 12 8 9 9 8 7 16 20 10 15 10 3 16 11 20 14 14 5 6 20 10 19 19 8 12 4 19 6 5 4 15 3 18 11 14 5 13 19 6 13 10 15 20 18 11 10 20 5 9 17 7 20 8 4 18 20 17 5 5 7 20 19 3 9 11 9 19 10 4 17 20 18 13 13 6 19 16 5 11 8 7 7 7 8 16 20 13 6 20 4 17 9 7 17 13 4 14 5 14 15 15 10 17 6 7 11 19 13 17 16 5 5 13 12 3 5 13 20 19 9 11 14 14 12 20 6 3 6 18 6 7 10 9 4 11 7 19 13 13 17 16 11 15 11 18 19 6 8 8 17 18 12 20 13 4 4 3 14 19 6 11 14 7 7 10 7 3 8 17 8 12 3 5 4 4 15 12 18 17 16 6 14 9 13 12 12 16 9 3 11 10 12 18 5 3 9 5 6 15 19 8 9 11 20 18 19 16 6 3 6 10 4 11 6 7 17 8 9 3 12 17 10 18 13 19 7 18 3 19 18 19 11 10 18 10 3 13 10 16 20 17 5 7 16 17 9 4 18 6 8 11 6 14 4 20 9 16 10 17 17 14 6 14 3 13 20 8 20 14 5 5 20 5 17 19 19 20 16 14 7 4 20 12 4 8 20 7 12 18 4 11 12 14 10 10 9 18 14 14 17 9 6 20 4 20 17 10 6 11 9 4 12 18 11 5 4 16 8 17 3 3 6 12 20 18 13 12 3 6 17 18 11 12 18 7 10 9 16 18 8 12 6 14 16 19 3 17 11 20 14 5 17 15 11 8 3 13 5 8 9 8 6 12 5 15 5 4 12 9 7 14 13 4 4 7 8 7 16 4 16 11 14 20 10 7 9 8 17 10 5 14 4 4 4 4 13 12 11 16 13 10 18 4 19 11 8 18 6 4 19 17 9 11 20 17 14 9 14 19 10 17 10 20 10 20 6 8 13 19 6 19 19 17 18 9 11 8 5 10 13 9 3 16 11 6 6 19 15 10 14 9 10 11 18 7 8 19 12 5 9 14 13 20 17 18 7 16 11 13 14 16 14 13 4 3 20 8 14 11 11 12 10 20 14 13 12 13 6 13 16 6 14 15 14 8 6 13 7 4 8 7 9 13 15 6 19 13 19 3 9 12 3 8 4 8 12 14 18 7 15 19 10 15 8 13 7 14 11 9 13 14 3 7 5 10 11 16 14 13 10 18 7 15 19 3 5 10 11 10 13 12 17 16 5 17 18 11 10 4 7 3 6 16 19 17 16 14 19 16 8 8 17 4 20 8 3 16 11 5 5 5 9 5 18 12 3 19 12 19 10 13 17 10 19 18 19 3 8 16 20 14 5 8 10 11 13 4 17 11 10 18 14 19 14 6 7 10 6 3 13 9 13 9 7 16 6 9 6 5 7 17 3 14 12 11 13 15 9 20 11 13 20 6 3 8
1 4 2
5 753
1 11 2
505 275
1 7 2
53 378
1 4 2
676 172
1 9 2
600 268
1 3 2
117 585
1 14 2
542 575
1 4 2
226 675
1 10 2
646 469
1 2 2
435 26
1 3 2
499 123
1 9 2
731 72
1 12 2
720 257
1 2 2
252 740
1 8 2
292 716
1 2 2
365 153
1 11 2
164 604
1 15 2
517 405
1 12 2
190 244
1 6 2
399 360
1 8 2
505 373
1 5 2
657 257
1 5 2
27 503
1 12 2
785 145
1 2 2
156 576
1 6 2
123 519
1 3 2
2 685
1 9 2
116 721
1 11 2
547 436
1 11 2
8 227
1 6 2
732 655
1 9 2
512 501
1 6 2
14 679
1 8 2
19 104
1 15 2
615 410
1 12 2
459 3
1 10 2
711 352
1 3 2
273 766
1 10 2
567 669
1 2 2
79 775
1 10 2
774 407
1 2 2
181 398
1 5 2
96 295
1 11 2
372 685
1 8 2
422 354
1 10 2
124 526
1 7 2
337 130
1 4 2
43 454
1 15 2
23 648
1 10 2
281 122
1 7 2
763 21
1 14 2
198 702
1 8 2
21 621
1 2 2
152 118
1 7 2
237 448
1 4 2
574 428
1 11 2
34 695
1 14 2
461 166
1 11 2
235 285
1 3 2
487 638
1 6 2
525 383
1 10 2
518 17
1 13 2
525 173
1 14 2
447 784
1 7 2
434 550
1 8 2
761 684
1 6 2
747 624
1 11 2
639 398
1 6 2
200 762
1 10 2
450 325
1 11 2
768 216
1 14 2
702 523
1 11 2
428 707
1 9 2
157 682
1 9 2
655 132
1 9 2
336 598
1 3 2
156 223
1 14 2
153 664
1 5 2
188 643
1 7 2
592 324
1 5 2
631 763
1 12 2
508 411
1 7 2
451 340
1 6 2
512 334
1 10 2
389 218
1 14 2
20 35
1 6 2
662 616
1 12 2
780 16
1 14 2
159 424
1 4 2
203 262
1 3 2
167 777
1 15 2
377 484
1 15 2
575 527
1 4 2
257 252
1 4 2
720 361
1 2 2
601 99
1 5 2
604 199
1 12 2
41 201
1 14 2
352 150
1 11 2
569 561
1 6 2
515 101
1 7 2
384 449
1 5 2
745 241
1 14 2
459 358
1 5 2
412 558
1 2 2
524 602
1 4 2
392 329
1 4 2
498 748
1 9 2
412 611
1 3 2
403 113
1 12 2
494 602
1 4 2
475 181
1 11 2
789 54
1 12 2
268 126
1 8 2
664 435
1 8 2
746 697
1 10 2
492 607
1 2 2
391 414
1 7 2
133 228
1 2 2
437 475
1 13 2
452 473
1 5 2
7 626
1 4 2
430 695
1 6 2
80 665
1 14 2
50 53
1 9 2
600 78
1 3 2
1 205
1 15 2
658 731
1 7 2
52 336
1 7 2
74 193
1 9 2
593 700
1 12 2
206 94
1 6 2
629 785
1 12 2
285 172
1 8 2
339 761
1 11 2
374 691
1 3 2
18 102
1 6 2
405 32
1 5 2
422 247
1 4 2
512 194
1 3 2
225 141
1 11 2
408 117
1 5 2
259 597
1 8 2
459 568
1 10 2
229 250
1 7 2
529 65
1 15 2
399 406
1 12 2
445 538
1 8 2
651 320
1 7 2
150 231
1 13 2
678 288
1 4 2
681 543
1 2 2
751 744
1 6 2
107 660
1 10 2
252 679
1 6 2
651 380
1 15 2
241 141
1 9 2
600 703
1 8 2
752 734
1 8 2
700 219
1 15 2
600 68
1 4 2
300 581
1 9 2
330 331
1 9 2
4 783
1 5 2
570 305
1 14 2
581 610
1 15 2
342 524
1 7 2
375 786
1 11 2
689 275
1 15 2
642 459
1 13 2
309 50
1 5 2
244 644
1 2 2
715 260
1 6 2
470 625
1 10 2
771 215
1 9 2
492 586
1 14 2
3 181
1 14 2
746 79
1 7 2
56 718
1 9 2
769 313
1 10 2
443 509
1 3 2
404 84
1 10 2
261 346
1 15 2
482 146
1 5 2
233 616
1 4 2
630 556
1 13 2
500 159
1 4 2
218 308
1 6 2
150 793
1 8 2
134 260
1 9 2
228 485
1 13 2
135 543
1 2 2
371 579
1 4 2
229 221
1 12 2
132 567
1 9 2
421 516
1 6 2
471 379
1 7 2
114 58
1 7 2
536 173
1 6 2
96 230
1 10 2
380 408
1 2 2
36 700
1 10 2
514 753
1 5 2
593 321
1 3 2
309 569
1 15 2
406 761
1 9 2
345 447
1 12 2
773 464
1 12 2
579 525
1 15 2
40 623
1 8 2
494 636
1 4 2
506 241
1 8 2
398 568
1 10 2
40 125
1 5 2
189 434
1 11 2
16 227
1 12 2
17 343
1 5 2
656 480
1 12 2
45 700
1 9 2
511 791
1 8 2
223 288
1 9 2
48 361
1 2 2
647 349
1 2 2
139 733
1 5 2
364 97
1 10 2
606 498
1 9 2
567 351
1 10 2
226 55
1 14 2
374 526
1 10 2
471 90
1 15 2
629 104
1 9 2
604 641
1 9 2
55 671
1 11 2
675 574
1 10 2
72 775
1 9 2
583 10
1 8 2
129 540
1 11 2
373 80
1 13 2
795 254
1 14 2
471 341
1 11 2
60 508
1 3 2
66 58
1 13 2
577 380
1 15 2
282 694
1 2 2
770 302
1 5 2
757 686
1 6 2
184 733
1 2 2
697 490
1 4 2
632 197
1 4 2
196 625
1 9 2
715 178
1 12 2
245 790
1 9 2
385 322
1 3 2
238 699
1 3 2
777 710
1 13 2
508 380
1 4 2
449 283
1 2 2
283 256
1 12 2
165 550
1 15 2
441 128
1 11 2
399 86
1 5 2
558 673
1 12 2
705 511
1 8 2
548 386
1 5 2
397 583
1 15 2
130 499
1 11 2
139 131
1 15 2
641 657
1 15 2
358 316
1 2 2
477 637
1 2 2
716 575
1 10 2
366 780
1 8 2
318 289
1 15 2
524 221
1 9 2
752 284
1 2 2
142 105
1 3 2
308 418
1 4 2
558 61
1 11 2
499 77
1 7 2
526 217
1 14 2
270 530
1 6 2
178 616
1 7 2
68 457
1 7 2
355 600
1 10 2
244 693
1 14 2
755 424
1 14 2
193 140
1 11 2
290 508
1 14 2
182 576
1 8 2
694 90
1 15 2
412 195
1 14 2
432 782
1 12 2
460 175
1 8 2
232 2
1 3 2
36 292
1 8 2
767 666
1 4 2
710 572
1 6 2
678 607
1 15 2
190 377
1 11 2
291 784
1 3 2
85 766
1 11 2
738 754
1 10 2
688 83
1 4 2
384 405
1 5 2
560 448
1 15 2
301 456
1 2 2
453 227
1 12 2
133 576
1 11 2
322 19
1 7 2
431 132
1 10 2
343 790
1 11 2
768 49
1 11 2
321 375
1 12 2
193 569
1 5 2
786 58
1 13 2
214 682
1 12 2
138 356
1 4 2
671 483
1 6 2
263 735
1 4 2
312 565
1 8 2
638 83
1 13 2
643 206
1 3 2
693 597
1 7 2
93 446
1 11 2
48 279
1 8 2
96 69
1 3 2
637 212
1 6 2
511 38
1 9 2
519 783
1 15 2
87 130
1 15 2
346 329
1 12 2
194 53
1 7 2
703 82
1 12 2
321 687
1 14 2
580 86
1 14 2
276 24
1 4 2
540 389
1 2 2
231 251
1 12 2
321 408
1 5 2
264 377
1 13 2
778 377
1 2 2
381 9
1 10 2
301 672
1 3 2
571 577
1 13 2
653 675
1 5 2
770 787
1 7 2
118 798
1 9 2
699 594
1 14 2
551 143
1 5 2
343 444
1 8 2
86 367
1 9 2
582 784
1 9 2
255 564
1 6 2
266 471
1 2 2
373 113
1 3 2
464 531
1 3 2
446 247
1 14 2
179 671
1 4 2
216 14
1 12 2
391 120
1 11 2
798 677
1 6 2
233 634
1 14 2
517 104
1 8 2
660 190
1 10 2
51 482
1 10 2
12 11
1 13 2
467 250
1 11 2
386 730
1 2 2
268 294
1 13 2
89 393
1 7 2
242 680
1 11 2
80 718
1 5 2
407 584
1 8 2
521 604
1 7 2
362 714
1 12 2
309 382
1 2 2
197 16
1 11 2
7 404
1 7 2
0 280
1 14 2
343 269
1 15 2
519 495
1 5 2
519 546
1 2 2
703 403
1 11 2
368 482
1 12 2
764 747
1 6 2
392 33
1 13 2
469 252
1 7 2
367 506
1 15 2
772 414
1 13 2
767 338
1 6 2
660 484
1 12 2
242 458
1 14 2
35 165
1 15 2
75 88
1 12 2
212 319
1 6 2
762 667
1 10 2
605 398
1 12 2
671 723
1 4 2
39 711
1 12 2
44 230
1 3 2
671 505
1 6 2
457 0
1 10 2
427 733
1 10 2
658 121
1 6 2
771 439
1 3 2
221 47
1 4 2
778 678
1 3 2
160 205
1 6 2
671 135
1 15 2
740 650
1 7 2
702 693
1 13 2
310 720
1 10 2
456 112
1 14 2
298 109
1 10 2
350 204
1 4 2
289 316
1 8 2
204 511
1 6 2
303 799
1 7 2
353 286
1 13 2
456 168
1 15 2
642 366
1 3 2
131 52
1 9 2
323 119
1 3 2
240 741
1 8 2
513 593
1 11 2
419 516
1 13 2
382 45
1 8 2
60 197
1 15 2
412 316
1 13 2
746 631
1 14 2
577 512
1 2 2
180 609
1 15 2
428 640
1 7 2
136 525
1 4 2
288 230
1 15 2
255 482
1 14 2
58 394
1 15 2
16 711
1 11 2
288 401
1 15 2
720 254
1 2 2
241 196
1 7 2
6 306
1 5 2
46 677
1 4 2
232 101
1 5 2
224 269
1 13 2
698 597
1 14 2
523 37
1 6 2
260 314
1 7 2
359 662
1 14 2
21 258
1 14 2
169 325
1 4 2
163 90
1 10 2
727 119
1 10 2
677 37
1 15 2
196 10
1 12 2
726 769
1 3 2
184 633
1 8 2
795 65
1 3 2
480 517
1 4 2
610 534
1 2 2
175 144
1 10 2
250 55
1 15 2
676 664
1 12 2
379 514
1 6 2
445 481
1 2 2
18 391
1 3 2
224 442
1 5 2
648 640
1 5 2
732 30
1 6 2
485 301
1 2 2
624 327
1 2 2
188 367
1 11 2
82 708
1 11 2
473 461
1 15 2
223 610
1 8 2
648 704
1 7 2
571 672
1 10 2
392 108
1 4 2
67 759
1 4 2
704 618
1 11 2
6 170
1 9 2
750 647
1 5 2
579 299
1 7 2
21 464
1 14 2
173 375
1 4 2
400 743
1 2 2
727 609
1 2 2
162 18
1 4 2
380 449
1 14 2
306 353
1 5 2
670 123
1 7 2
96 53
1 12 2
88 229
1 13 2
523 1
1 9 2
661 797
1 12 2
461 107
1 13 2
363 744
1 4 2
143 598
1 6 2
14 219
1 7 2
351 797
1 10 2
60 178
1 6 2
161 473
1 13 2
417 733
1 13 2
630 581
1 14 2
156 229
1 12 2
636 429
1 5 2
378 279
1 11 2
505 780
1 10 2
495 31
1 3 2
532 670
1 3 2
13 411
1 6 2
662 85
1 8 2
139 462
1 7 2
425 100
1 13 2
600 551
1 13 2
70 74
1 13 2
159 409
1 14 2
405 433
1 8 2
515 416
1 2 2
243 376
1 4 2
425 161
1 5 2
670 555
1 6 2
616 419
1 2 2
686 14
1 2 2
381 747
1 3 2
414 614
1 9 2
49 416
1 11 2
653 577
1 5 2
372 701
1 6 2
235 628
1 10 2
242 355
1 3 2
756 137
1 3 2
744 146
1 15 2
256 778
1 13 2
425 275
1 10 2
107 270
1 14 2
785 765
1 15 2
562 129
1 13 2
696 518
1 10 2
577 597
1 3 2
595 670
1 11 2
216 243
1 3 2
98 339
1 13 2
139 410
1 5 2
647 595
1 9 2
481 183
1 6 2
440 25
1 9 2
416 599
1 6 2
727 161
1 7 2
451 398
1 4 2
178 456
1 4 2
452 9
1 15 2
108 657
1 8 2
365 243
1 6 2
499 196
1 5 2
377 538
1 5 2
633 152
1 3 2
769 595
1 5 2
353 173
1 12 2
406 550
1 14 2
10 632
1 11 2
225 4
1 12 2
156 747
1 7 2
558 211
1 4 2
389 321
1 12 2
764 35
1 5 2
158 317
1 13 2
771 450
1 5 2
785 701
1 3 2
41 733
1 11 2
12 351
1 11 2
759 612
1 4 2
196 742
1 15 2
575 722
1 11 2
490 497
1 11 2
332 121
1 6 2
166 701
1 13 2
62 618
1 3 2
382 605
1 3 2
211 281
1 8 2
211 643
1 11 2
628 409
1 8 2
23 70
1 5 2
395 515
1 7 2
298 350
1 14 2
430 57
1 13 2
44 567
1 15 2
251 381
1 9 2
337 317
1 15 2
103 230
1 7 2
664 186
1 6 2
539 574
1 14 2
472 572
1 2 2
646 789
1 5 2
704 159
1 15 2
60 494
1 13 2
483 302
1 14 2
307 675
1 10 2
117 401
1 4 2
523 166
1 3 2
635 341
1 6 2
690 529
1 15 2
221 702
1 2 2
418 414
1 5 2
548 375
1 7 2
346 698
1 8 2
191 150
1 10 2
319 609
1 8 2
347 163
1 12 2
269 181
1 11 2
454 522
1 4 2
332 370
1 10 2
630 173
1 5 2
290 148
1 4 2
525 37
1 5 2
69 608
1 14 2
49 201
1 2 2
490 220
1 8 2
503 386
1 15 2
467 512
1 3 2
121 38
1 8 2
5 404
1 15 2
53 236
1 14 2
777 345
1 14 2
625 520
1 13 2
526 492
1 13 2
352 342
1 2 2
705 587
1 5 2
302 620
1 4 2
477 98
1 5 2
607 254
1 7 2
155 333
1 9 2
35 737
1 14 2
17 362
1 9 2
370 90
1 3 2
99 795
1 8 2
370 79
1 11 2
542 410
1 13 2
741 74
1 13 2
204 685
1 3 2
161 577
1 10 2
745 560
1 10 2
436 677
1 2 2
413 82
1 2 2
138 215
1 12 2
350 723
1 8 2
206 237
1 2 2
484 717
1 9 2
568 107
1 3 2
721 632
1 8 2
358 211
1 15 2
212 620
1 8 2
795 552
1 11 2
725 748
1 10 2
152 31
1 9 2
494 50
1 15 2
244 273
1 7 2
304 690
1 11 2
224 382
1 14 2
284 607
1 9 2
752 310
1 14 2
181 363
1 4 2
442 687
1 3 2
553 200
1 7 2
51 681
1 11 2
240 303
1 11 2
386 768
1 15 2
513 304
1 14 2
686 327
1 2 2
555 207
1 10 2
155 291
1 8 2
683 92
1 2 2
680 469
1 11 2
235 87
1 6 2
249 616
1 14 2
798 678
1 6 2
238 613
1 9 2
424 551
1 6 2
598 507
1 11 2
61 739
1 15 2
569 518
1 14 2
557 181
1 3 2
794 16
1 12 2
474 596
1 13 2
1 493
1 12 2
419 719
1 8 2
457 302
1 11 2
706 616
1 6 2
707 52
1 6 2
421 411
1 5 2
667 293
1 13 2
723 782
1 13 2
704 77
1 13 2
727 667
1 4 2
641 390
1 2 2
296 796
1 9 2
565 341
1 3 2
424 216
1 14 2
470 638
1 12 2
533 778
1 12 2
326 514
1 11 2
321 728
1 4 2
551 494
1 13 2
67 107
1 9 2
171 342
1 3 2
378 353
1 9 2
35 105
1 10 2
716 568
1 12 2
289 290
1 14 2
101 724
1 6 2
114 625
1 8 2
29 628
1 3 2
686 652
1 5 2
734 642
1 8 2
26 198
1 7 2
338 690
1 13 2
150 675
1 2 2
408 584
1 2 2
498 116
1 2 2
241 138
1 12 2
672 199
1 9 2
429 551
1 12 2
283 724
1 14 2
415 77
1 4 2
101 494
1 6 2
555 402
1 13 2
353 313
1 10 2
86 767
1 8 2
731 724
1 7 2
461 406
1 3 2
150 148
1 4 2
335 423
1 7 2
719 272
1 5 2
106 15
1 10 2
226 767
1 6 2
754 236
1 6 2
768 640
1 14 2
578 257
1 8 2
561 776
1 8 2
87 136
1 3 2
689 547
1 3 2
518 353
1 4 2
599 279
1 4 2
269 557
1 6 2
756 360
1 5 2
280 489
1 12 2
713 400
1 7 2
16 489
1 4 2
771 785
1 6 2
275 723
1 3 2
175 704
1 3 2
650 500
1 9 2
200 430
1 2 2
315 366
1 15 2
94 52
1 3 2
425 417
1 6 2
594 86
1 5 2
337 773
1 4 2
9 89
1 15 2
764 731
1 9 2
680 775
1 14 2
666 259
1 6 2
306 684
1 14 2
787 197
1 2 2
435 799
1 9 2
368 794
1 5 2
664 786
1 2 2
145 389
1 13 2
657 553
1 5 2
337 549
1 3 2
105 88
1 11 2
196 495
1 9 2
308 138
1 6 2
639 290
1 10 2
447 713
1 13 2
723 716
1 2 2
493 647
1 4 2
347 266
1 10 2
685 654
1 9 2
411 271
1 11 2
589 613
1 9 2
440 140
1 7 2
772 319
1 6 2
450 758
1 9 2
719 281
1 9 2
345 177
1 10 2
483 693
1 4 2
434 410
1 3 2
670 381
1 2 2
785 648
1 10 2
557 566
1 7 2
755 603
1 8 2
66 215
1 14 2
205 524
1 14 2
789 681
1 8 2
131 195
1 2 2
208 307
1 8 2
598 516
1 7 2
16 199
1 4 2
504 251
1 10 2
386 366
1 8 2
784 414
1 7 2
484 581
1 7 2
10 573
1 8 2
16 353
1 4 2
354 77
1 7 2
27 543
1 11 2
470 477
1 13 2
353 780
1 6 2
32 38
1 6 2
51 191
1 8 2
15 401
1 15 2
669 686
1 9 2
694 326
1 5 2
290 253
1 5 2
358 397
1 3 2
481 563
1 7 2
121 446
1 10 2
511 425
1 15 2
56 112
1 12 2
249 482
1 15 2
288 91
1 9 2
91 21
1 6 2
232 774
1 9 2
695 732
1 14 2
248 420
1 14 2
281 241
1 14 2
782 108
1 13 2
113 684
1 11 2
729 623
1 10 2
769 1
1 10 2
311 407
1 6 2
591 247
1 13 2
141 19
1 11 2
558 407
1 15 2
123 534
1 10 2
84 613
1 6 2
294 565
1 14 2
92 232
1 14 2
694 192
1 10 2
556 750
1 15 2
510 508
1 15 2
436 184
1 6 2
215 618
1 7 2
29 163
1 2 2
683 204
1 5 2
737 23
1 10 2
149 470
1 11 2
237 688
1 5 2
789 258
1 6 2
46 710
1 15 2
776 122
1 14 2
16 560
1 3 2
177 337
1 11 2
581 328
1 14 2
585 672
1 9 2
400 528
1 2 2
634 152
1 4 2
308 361
1 14 2
380 429
1 7 2
679 22
1 13 2
21 380
1 11 2
532 501
1 11 2
53 158
1 2 2
66 82
1 6 2
345 113
1 4 2
775 306
1 5 2
7 172
1 4 2
390 325
1 15 2
229 518
1 2 2
141 449
1 14 2
295 113
1 6 2
308 277
1 12 2
206 364
1 13 2
455 469
1 10 2
681 108
1 15 2
434 535
1 6 2
752 777
1 5 2
784 636
1 5 2
321 504
1 9 2
217 551
1 3 2
623 151
1 10 2
42 141
1 13 2
683 773
1 7 2
140 1
1 12 2
62 389
1 8 2
783 321
1 11 2
57 20
1 14 2
576 319
1 9 2
195 684
1 14 2
319 252
1 4 2
487 258
1 3 2
714 650
1 14 2
671 415
1 11 2
329 239
1 13 2
153 426
1 8 2
617 129
1 2 2
175 376
1 3 2
64 471
1 8 2
359 637
1 6 2
389 199
1 10 2
468 4
1 11 2
689 450
1 6 2
757 271
1 6 2
492 456
1 4 2
87 77
1 2 2
395 297
1 5 2
410 201
1 14 2
28 340
1 5 2
52 732
1 8 2
765 570
1 14 2
412 648
1 4 2
390 321
1 15 2
517 417
1 2 2
554 379
1 9 2
7 694
1 15 2
563 467
1 10 2
423 78
1 10 2
789 657
1 7 2
717 472
1 5 2
250 778
1 10 2
393 554
1 4 2
261 81
1 10 2
164 291
1 6 2
214 138
1 2 2
634 307
1 6 2
462 154
1 13 2
680 444
1 4 2
345 509
1 4 2
662 375
1 7 2
157 353
1 13 2
133 774
1 15 2
769 153
1 7 2
174 496
1 6 2
573 106
1 12 2
563 462
1 4 2
78 732
1 4 2
711 585
1 11 2
380 224
1 7 2
408 612
1 4 2
713 194
1 13 2
283 366
1 10 2
733 165
1 15 2
45 494
1 3 2
397 721
1 6 2
551 60
1 8 2
379 317
1 2 2
19 412
1 8 2
774 193
1 3 2
621 297
1 9 2
219 608
1 6 2
308 494
1 5 2
418 774
1 9 2
381 74
1 11 2
78 261
1 15 2
132 329
1 12 2
727 581
1 7 2
481 687
1 10 2
80 253
1 4 2
138 485
1 6 2
312 259
1 2 2
122 704
1 15 2
326 673
1 5 2
227 744
1 14 2
0 322
1 5 2
770 709
1 11 2
20 784
1 8 2
343 55
1 8 2
108 196
1 11 2
317 576
1 2 2
778 423
1 10 2
73 477
1 5 2
320 253
1 6 2
119 538
1 11 2
322 242
1 15 2
617 314
1 5 2
522 785
1 8 2
462 58
1 9 2
178 6
1 9 2
584 173
1 10 2
419 190
1 13 2
586 288
1 8 2
658 178
1 9 2
427 35
1 2 2
268 424
1 7 2
492 475
1 8 2
439 102
1 2 2
60 714
1 6 2
433 562
1 14 2
3 589
1 5 2
96 653
1 14 2
192 328
1 10 2
599 11
1 9 2
417 37
1 9 2
740 225
1 8 2
593 435
1 8 2
39 403
1 2 2
364 400
1 9 2
540 146
1 11 2
17 615
1 9 2
459 45
1 5 2
111 569
1 4 2
347 786
1 3 2
4 788
1 10 2
95 389
1 13 2
368 390
1 14 2
281 105
1 5 2
490 518
1 2 2
388 251
1 6 2
267 517
1 5 2
513 389
1 15 2
119 559
1 11 2
234 118
1 9 2
735 30
1 15 2
223 384
1 4 2
139 146
1 12 2
158 309
1 13 2
583 779
1 10 2
149 331
1 2 2
358 592
1 13 2
639 267
1 10 2
670 637
1 10 2
367 236
1 13 2
756 344
1 12 2
286 226
1 6 2
596 258
1 2 2
515 368
1 4 2
17 190
1 14 2
34 731
1 5 2
758 54
1 8 2
154 783
1 11 2
379 738
1 12 2
650 616
1 15 2
250 383
1 14 2
157 419
1 13 2
658 5
1 12 2
9 434
1 8 2
317 132
1 14 2
550 211
1 5 2
644 595
1 7 2
780 497
1 4 2
573 138
1 15 2
429 670
1 8 2
340 536
1 12 2
640 391
1 6 2
125 311
1 7 2
185 246
1 8 2
162 213
1 10 2
589 600
1 7 2
128 41
1 3 2
54 105
1 2 2
313 605
1 8 2
220 420
1 6 2
524 251
1 14 2
203 531
1 14 2
149 552
1 7 2
219 574
1 11 2
81 186
1 13 2
71 556
1 15 2
696 97
1 8 2
418 239
1 6 2
205 561
1 7 2
335 142
1 8 2
337 565
1 11 2
327 160
1 9 2
76 362
1 5 2
546 280
1 6 2
59 405
1 14 2
432 302
1 6 2
271 646
1 14 2
307 518
1 14 2
628 464
1 3 2
118 336
1 12 2
20 140
1 2 2
586 189
1 4 2
117 742
1 8 2
447 623
1 8 2
74 58
1 14 2
576 135
1 11 2
277 681
1 2 2
52 382
1 2 2
542 663
1 6 2
613 288
1 9 2
486 545
1 2 2
778 719
1 14 2
514 451
1 6 2
277 226
1 3 2
510 435
1 14 2
480 233
1 4 2
591 755
1 15 2
426 405
1 13 2
511 549
1 3 2
748 677
1 7 2
407 59
1 3 2
538 761
1 2 2
601 40
1 4 2
624 660
1 13 2
506 363
1 7 2
230 313
1 8 2
588 170
1 8 2
436 742
1 9 2
107 380
1 2 2
360 783
1 7 2
610 755
1 3 2
578 623
1 10 2
765 219
1 13 2
756 144
1 4 2
490 460
1 9 2
112 481
1 5 2
361 80
1 15 2
189 637
1 11 2
38 485
1 11 2
329 18
1 2 2
382 313
1 3 2
344 275
1 2 2
107 24
1 10 2
698 66
1 8 2
419 790
1 13 2
493 30
1 8 2
753 464
1 9 2
35 717
1 7 2
452 437
1 3 2
398 142
1 6 2
194 610
1 4 2
2 560
1 13 2
271 573
1 11 2
315 582
1 5 2
601 43
1 6 2
305 697
1 11 2
756 446
1 4 2
21 471
1 8 2
19 25
1 7 2
687 134
1 4 2
563 273
1 5 2
715 667
1 4 2
510 35
1 2 2
301 345
1 12 2
563 254
1 8 2
352 704
1 10 2
666 266
1 10 2
720 473
1 3 2
604 337
1 8 2
64 574
1 7 2
305 659
1 7 2
444 510
1 8 2
484 284
1 8 2
120 588
1 9 2
558 672
1 11 2
605 742
1 3 2
230 694
1 15 2
430 136
1 4 2
286 518
1 13 2
759 384
1 12 2
414 691
1 14 2
244 756
1 15 2
9 701
1 14 2
343 551
1 14 2
628 107
1 2 2
200 120
1 6 2
222 467
1 14 2
509 100
1 13 2
4 643
1 8 2
9 305
1 12 2
658 297
1 11 2
309 705
1 10 2
106 358
1 11 2
701 737
1 5 2
597 282
1 3 2
154 16
1 7 2
500 401
1 8 2
283 188
1 13 2
379 140
1 7 2
9 351
1 15 2
368 544
1 11 2
354 74
1 6 2
796 254
1 13 2
430 290
1 2 2
498 543
1 7 2
577 82
1 9 2
649 522
1 6 2
798 344
1 8 2
352 171
1 15 2
249 359
1 9 2
331 306
1 6 2
668 92
1 8 2
487 478
1 4 2
358 330
1 5 2
408 46
1 2 2
376 6
1 8 2
338 368
1 4 2
785 683
1 15 2
667 70
1 15 2
497 241
1 5 2
671 723
1 10 2
135 204
1 15 2
300 257
1 15 2
495 460
1 8 2
40 54
1 10 2
621 765
1 4 2
108 283
1 11 2
193 613
1 13 2
790 682
1 2 2
34 560
1 12 2
98 408
1 4 2
597 452
1 11 2
236 760
1 13 2
679 401
1 11 2
571 284
1 11 2
615 467
1 3 2
700 751
1 4 2
150 493
1 11 2
705 560
1 4 2
638 327
1 13 2
738 524
1 9 2
350 587
1 8 2
663 242
1 3 2
698 414
1 2 2
736 682
1 9 2
787 83
1 9 2
33 324
1 2 2
621 308
1 3 2
148 494
1 5 2
672 733
1 8 2
53 457
1 4 2
408 492
1 11 2
287 793
1 7 2
16 71
1 10 2
655 297
1 13 2
252 301
1 15 2
37 689
1 10 2
647 534
1 9 2
306 409
1 13 2
448 51
1 14 2
97 92
1 4 2
466 582
1 14 2
419 33
1 10 2
300 565
1 11 2
557 763
1 10 2
231 50
1 10 2
223 469
1 8 2
272 186
1 10 2
524 723
1 7 2
675 725
1 8 2
132 789
1 3 2
513 538
1 6 2
73 415
1 12 2
357 490
1 10 2
549 377
1 12 2
610 442
1 14 2
343 561
1 13 2
296 537
1 4 2
455 276
1 13 2
654 361
1 12 2
147 747
1 7 2
675 162
1 11 2
478 716
1 7 2
356 63
1 7 2
590 662
1 4 2
504 754
1 13 2
107 48
1 5 2
642 539
1 3 2
686 316
1 8 2
632 448
1 11 2
155 455
1 10 2
483 342
1 15 2
392 162
1 10 2
348 222
1 6 2
47 701
1 14 2
6 593
1 9 2
591 493
1 9 2
39 64
1 6 2
797 348
1 15 2
336 162
1 6 2
342 721
1 9 2
320 164
1 14 2
122 58
1 4 2
115 222
1 5 2
191 467
1 12 2
344 281
1 8 2
620 490
1 13 2
707 390
1 2 2
337 399
1 10 2
425 558
1 4 2
661 721
1 3 2
508 787
1 7 2
397 575
1 7 2
782 309
1 3 2
134 721
1 3 2
7 517
1 15 2
502 504
1 15 2
288 189
1 14 2
57 370
1 15 2
714 180
1 10 2
412 25
1 6 2
455 5
1 9 2
181 335
1 6 2
218 71
1 7 2
108 773
1 13 2
477 13
1 11 2
420 276
1 2 2
12 530
1 3 2
763 659
1 6 2
607 662
1 12 2
547 195
1 4 2
88 360
1 2 2
466 64
1 11 2
569 202
1 4 2
174 71
1 3 2
239 373
1 2 2
290 207
1 13 2
647 516
1 15 2
456 513
1 3 2
132 93
1 8 2
467 692
1 4 2
71 50
1 2 2
548 592
1 11 2
564 441
1 7 2
568 618
1 9 2
405 49
1 4 2
697 192
1 3 2
706 48
1 4 2
705 392
1 6 2
508 641
1 10 2
643 309
1 13 2
414 424
1 15 2
454 180
1 10 2
62 94
1 4 2
654 264
1 12 2
337 122
1 14 2
699 772
1 11 2
346 331
1 11 2
414 274
1 10 2
545 534
1 14 2
415 92
1 5 2
5 239
1 13 2
535 380
1 10 2
186 306
1 9 2
96 615
1 15 2
749 549
1 4 2
650 747
1 11 2
267 223
1 4 2
537 285
1 8 2
690 372
1 4 2
3 709
1 5 2
45 441
1 3 2
287 394
1 10 2
555 327
1 7 2
193 250
1 2 2
546 735
1 4 2
708 589
1 3 2
429 456
1 2 2
629 574
1 2 2
526 187
1 12 2
658 294
1 4 2
146 644
1 2 2
181 228
1 3 2
754 791
1 2 2
143 745
1 14 2
667 773
1 13 2
0 175
1 10 2
791 551
1 12 2
514 732
1 4 2
469 718
1 13 2
370 235
1 9 2
50 468
1 5 2
199 9
1 9 2
131 259
1 7 2
660 724
1 13 2
181 505
1 4 2
451 660
1 13 2
373 717
1 6 2
83 673
1 11 2
657 33
1 2 2
339 675
1 6 2
190 283
1 14 2
265 777
1 12 2
595 717
1 14 2
742 670
1 5 2
564 654
1 9 2
422 578
1 10 2
611 719
1 14 2
479 236
1 7 2
279 464
1 8 2
501 261
1 2 2
769 400
1 5 2
330 578
1 5 2
289 480
1 15 2
3 410
1 3 2
83 530
1 8 2
261 601
1 11 2
725 448
1 14 2
620 30
1 7 2
689 570
1 10 2
215 480
1 8 2
124 568
1 14 2
65 136
1 2 2
377 75
1 14 2
329 752
1 5 2
546 119
1 6 2
80 381
1 4 2
796 789
1 9 2
11 368
1 3 2
224 249
1 8 2
782 756
1 4 2
732 280
1 8 2
615 654
1 8 2
275 734
1 7 2
213 718
1 14 2
20 799
1 6 2
569 93
1 12 2
565 594
1 7 2
219 354
1 3 2
534 486
1 4 2
479 48
1 13 2
518 627
1 9 2
45 756
1 7 2
764 244
1 14 2
681 778
1 14 2
18 749
1 9 2
128 80
1 11 2
214 300
1 6 2
297 711
1 9 2
668 342
1 10 2
358 757
1 2 2
638 548
1 3 2
199 234
1 9 2
290 20
1 10 2
359 651
1 4 2
22 518
1 2 2
100 516
1 14 2
724 225
1 4 2
297 591
1 8 2
53 37
1 4 2
319 37
1 7 2
351 423
1 14 2
439 285
1 13 2
450 131
1 8 2
742 725
1 10 2
35 691
1 9 2
195 500
1 3 2
159 567
1 8 2
765 618
1 14 2
353 272
1 2 2
578 575
1 13 2
44 713
1 6 2
290 650
1 5 2
510 181
1 2 2
511 171
1 14 2
497 201
1 10 2
641 390
1 15 2
79 524
1 6 2
140 151
1 2 2
365 542
1 9 2
715 359
1 3 2
171 202
1 15 2
77 218
1 13 2
391 270
1 7 2
586 371
1 3 2
30 636
1 4 2
456 630
1 7 2
324 653
1 6 2
445 132
1 7 2
216 9
1 6 2
722 38
1 7 2
245 643
1 5 2
144 545
1 6 2
41 496
1 5 2
349 200
1 14 2
759 215
1 14 2
640 149
1 10 2
365 562
1 10 2
264 57
1 7 2
544 290
1 4 2
614 360
1 3 2
176 131
1 3 2
586 45
1 14 2
715 696
1 8 2
623 499
1 7 2
253 56
1 9 2
549 98
1 13 2
203 713
1 6 2
105 57
1 14 2
275 127
1 11 2
526 489
1 2 2
311 365
1 13 2
252 443
1 10 2
799 13
1 13 2
597 157
1 7 2
11 20
1 15 2
38 307
1 15 2
405 422
1 14 2
365 507
1 12 2
622 408
1 3 2
382 301
1 15 2
296 188
1 8 2
509 39
1 14 2
486 543
1 10 2
152 164
1 5 2
130 686
1 8 2
408 538
1 15 2
67 487
1 8 2
67 51
1 10 2
792 193
1 13 2
394 652
1 15 2
227 335
1 4 2
717 70
1 10 2
759 260
1 10 2
798 283
1 4 2
388 110
1 2 2
28 97
1 12 2
535 797
1 15 2
464 18
1 14 2
357 202
1 14 2
222 662
1 3 2
231 699
1 8 2
608 532
1 12 2
406 503
1 5 2
329 455
1 2 2
321 89
1 5 2
356 682
1 10 2
554 423
1 5 2
509 794
1 3 2
202 513
1 2 2
691 644
1 9 2
138 37
1 3 2
89 223
1 3 2
621 277
1 10 2
292 185
1 15 2
410 369
1 12 2
587 125
1 11 2
163 528
1 5 2
605 168
1 6 2
175 776
1 8 2
652 721
1 6 2
348 596
1 4 2
79 432
1 11 2
794 447
1 10 2
167 599
1 4 2
294 415
1 15 2
239 735
1 15 2
250 350
1 2 2
412 503
1 5 2
383 575
1 14 2
147 499
1 7 2
585 365
1 4 2
546 528
1 14 2
230 318
1 5 2
409 737
1 9 2
194 409
1 3 2
92 226
1 15 2
99 396
1 12 2
91 672
1 3 2
453 427
1 3 2
231 77
1 9 2
158 393
1 3 2
12 338
1 4 2
188 120
1 2 2
368 72
1 8 2
679 253
1 9 2
788 46
1 2 2
318 615
1 3 2
512 230
1 7 2
426 706
1 2 2
684 601
1 10 2
784 384
1 12 2
434 238
1 14 2
570 420
1 7 2
32 604
1 8 2
676 33
1 9 2
754 458
1 7 2
71 362
1 12 2
325 188
1 10 2
346 357
1 13 2
577 525
1 4 2
757 215
1 9 2
695 694
1 13 2
664 385
1 7 2
563 746
1 5 2
137 466
1 14 2
764 380
1 15 2
682 516
1 3 2
742 286
1 10 2
624 421
1 5 2
163 752
1 3 2
189 627
1 3 2
402 528
1 8 2
521 791
1 5 2
668 388
1 13 2
418 487
1 8 2
189 773
1 4 2
181 493
1 9 2
613 432
1 15 2
506 17
1 7 2
510 334
1 7 2
428 782
1 15 2
623 760
1 11 2
88 660
1 5 2
564 305
1 13 2
540 428
1 12 2
119 717
1 3 2
785 677
1 8 2
114 444
1 14 2
739 527
1 14 2
415 183
1 15 2
607 352
1 11 2
442 233
1 14 2
771 456
1 5 2
35 9
1 14 2
521 86
1 15 2
178 737
1 5 2
9 23
1 15 2
340 503
1 12 2
770 141
1 11 2
124 633
1 7 2
641 404
1 7 2
774 315
1 7 2
494 496
1 13 2
92 669
1 3 2
626 595
1 13 2
539 1
1 13 2
758 185
1 2 2
15 716
1 10 2
399 792
1 7 2
544 162
1 6 2
206 34
1 3 2
472 351
1 4 2
68 759
1 11 2
43 440
1 15 2
426 132
1 6 2
670 125
1 8 2
515 505
1 5 2
214 239
1 8 2
662 472
1 11 2
750 209
1 15 2
540 741
1 9 2
476 8
1 6 2
537 411
1 2 2
402 369
1 8 2
540 434
1 4 2
520 279
1 12 2
40 159
1 6 2
127 149
1 6 2
272 149
1 13 2
307 304
1 3 2
734 271
1 2 2
434 675
1 12 2
546 20
1 11 2
345 567
1 12 2
59 226
1 7 2
699 45
1 4 2
148 457
1 8 2
709 342
1 7 2
601 589
1 2 2
481 195
1 15 2
465 344
1 7 2
701 453
1 4 2
258 398
1 3 2
631 15
1 12 2
505 167
1 14 2
356 676
1 7 2
691 150
1 9 2
294 351
1 5 2
679 592
1 14 2
490 119
1 10 2
607 152
1 11 2
84 169
1 10 2
537 207
1 12 2
51 278
1 4 2
589 281
1 13 2
97 146
1 5 2
401 403
1 3 2
423 2
1 11 2
210 292
1 2 2
715 588
1 2 2
249 721
1 11 2
559 423
1 11 2
734 592
1 7 2
752 368
1 12 2
328 2
1 5 2
662 344
1 4 2
744 320
1 6 2
186 519
1 10 2
158 622
1 3 2
448 695
1 10 2
619 316
1 8 2
294 432
1 3 2
208 250
1 7 2
679 126
1 2 2
590 370
1 7 2
228 678
1 9 2
277 303
1 11 2
427 85
1 13 2
362 583
1 14 2
280 219
1 3 2
641 278
1 4 2
243 446
1 6 2
439 203
1 13 2
720 402
1 5 2
623 255
1 14 2
356 553
1 15 2
369 160
1 6 2
790 343
1 8 2
222 200
1 6 2
169 419
1 9 2
493 378
1 11 2
182 693
1 7 2
583 399
1 7 2
153 550
1 3 2
371 536
1 9 2
471 165
1 11 2
277 317
1 10 2
615 688
1 4 2
293 732
1 6 2
494 693
1 9 2
197 235
1 6 2
38 153
1 7 2
425 177
1 7 2
41 169
1 2 2
142 532
1 9 2
636 315
1 15 2
57 17
1 9 2
243 311
1 9 2
348 692
1 2 2
290 110
1 14 2
118 662
1 12 2
21 767
1 7 2
444 517
1 7 2
41 202
1 12 2
118 474
1 11 2
400 34
1 9 2
365 535
1 3 2
561 563
1 14 2
178 5
1 2 2
495 28
1 14 2
414 521
1 14 2
248 647
1 4 2
168 210
1 8 2
176 740
1 12 2
19 453
1 7 2
470 523
1 15 2
438 724
1 8 2
547 578
1 3 2
66 374
1 10 2
294 95
1 8 2
540 611
1 9 2
85 278
1 7 2
492 722
1 6 2
436 82
1 7 2
766 494
1 7 2
219 80
1 6 2
269 274
1 4 2
393 259
1 4 2
530 143
1 7 2
121 481
1 15 2
49 670
1 5 2
600 689
1 11 2
474 14
1 12 2
418 259
1 4 2
321 332
1 7 2
738 378
1 8 2
141 534
1 3 2
687 388
1 7 2
425 296
1 9 2
599 32
1 7 2
719 53
1 15 2
39 75
1 9 2
680 379
1 8 2
91 73
1 5 2
647 14
1 8 2
560 261
1 14 2
278 461
1 6 2
567 784
1 14 2
305 272
1 4 2
695 633
1 10 2
439 364
1 7 2
572 347
1 12 2
631 405
1 8 2
496 479
1 10 2
727 564
1 8 2
100 327
1 14 2
220 581
1 9 2
330 611
1 8 2
719 386
1 12 2
791 287
1 11 2
337 596
1 5 2
576 507
1 5 2
168 519
1 4 2
727 506
1 4 2
328 555
1 10 2
506 247
1 2 2
452 72
1 6 2
454 676
1 12 2
404 186
1 9 2
442 169
1 8 2
420 166
1 13 2
69 796
1 13 2
361 727
1 3 2
382 127
1 11 2
485 262
1 14 2
211 370
1 14 2
102 425
1 14 2
14 654
1 15 2
610 208
1 12 2
709 776
1 10 2
257 727
1 12 2
31 134
1 15 2
415 406
1 12 2
641 470
1 15 2
318 412
1 11 2
131 441
1 7 2
561 169
1 8 2
204 639
1 6 2
592 393
1 3 2
499 111
1 11 2
114 177
1 12 2
536 65
1 4 2
584 666
1 2 2
164 739
1 11 2
105 273
1 8 2
30 512
1 6 2
680 558
1 4 2
19 526
1 11 2
684 173
1 6 2
692 779
1 4 2
698 179
1 5 2
436 304
1 12 2
401 6
1 7 2
61 17
1 7 2
469 172
1 3 2
310 748
1 15 2
81 273
1 5 2
210 501
1 9 2
11 495
1 12 2
167 27
1 5 2
139 108
1 13 2
28 647
1 10 2
398 94
1 4 2
696 225
1 5 2
452 604
1 15 2
159 700
1 8 2
345 489
1 15 2
453 439
1 5 2
453 277
1 15 2
191 402
1 2 2
569 405
1 7 2
269 411
1 13 2
528 514
1 8 2
372 641
1 5 2
177 295
1 10 2
267 107
1 5 2
493 293
1 15 2
252 763
1 4 2
582 717
1 13 2
132 633
1 8 2
732 530
1 11 2
678 445
1 7 2
42 724
1 13 2
784 395
1 7 2
418 585
1 12 2
785 423
1 5 2
551 387
1 4 2
456 332
1 10 2
423 225
1 9 2
203 637
1 10 2
199 57
1 8 2
586 619
1 13 2
333 519
1 6 2
373 336
1 15 2
450 179
1 9 2
173 212
1 12 2
609 308
1 11 2
636 255
1 6 2
793 300
1 9 2
507 225
1 10 2
405 448
1 6 2
799 190
1 4 2
637 487
1 13 2
215 523
1 13 2
426 516
1 5 2
357 215
1 7 2
178 497
1 5 2
730 628
1 9 2
453 506
1 14 2
713 15
1 8 2
494 697
1 6 2
205 564
1 2 2
158 417
1 10 2
694 125
1 4 2
277 91
1 6 2
190 654
1 11 2
433 514
1 11 2
13 620
1 15 2
413 324
1 4 2
508 479
1 3 2
456 430
1 3 2
552 520
1 8 2
432 603
1 10 2
326 768
1 12 2
759 659
1 9 2
377 37
1 15 2
159 705
1 5 2
656 562
1 2 2
585 508
1 2 2
686 750
1 13 2
728 766
1 13 2
768 16
1 13 2
215 4
1 2 2
453 235
1 10 2
736 317
1 15 2
690 756
1 7 2
378 275
1 2 2
608 346
1 12 2
779 408
1 8 2
392 25
1 6 2
450 151
1 15 2
36 763
1 12 2
68 286
1 3 2
149 152
1 10 2
744 554
1 7 2
293 561
1 5 2
291 460
1 12 2
661 95
1 6 2
149 511
1 6 2
367 546
1 3 2
259 362
1 5 2
105 574
1 14 2
8 643
1 3 2
246 177
1 12 2
498 156
1 5 2
284 625
1 6 2
248 612
1 7 2
533 248
1 10 2
24 293
1 5 2
755 730
1 7 2
79 78
1 4 2
376 735
1 7 2
542 44
1 13 2
465 52
1 5 2
695 483
1 2 2
705 205
1 10 2
755 42
1 4 2
143 592
1 2 2
503 204
1 6 2
76 25
1 6 2
668 774
1 9 2
586 517
1 11 2
464 326
1 7 2
58 767
1 5 2
2 693
1 6 2
697 502
1 9 2
255 786
1 4 2
296 192
1 2 2
537 690
1 2 2
507 762
1 2 2
157 394
1 2 2
667 630
1 2 2
618 47
1 5 2
182 99
1 14 2
402 15
1 14 2
88 684
1 13 2
104 755
1 2 2
288 335
1 12 2
335 670
1 11 2
304 25
1 12 2
162 58
1 10 2
54 519
1 2 2
468 133
1 3 2
108 514
1 9 2
497 639
1 4 2
720 799
1 7 2
760 337
1 15 2
532 58
1 5 2
462 470
1 3 2
482 362
1 7 2
61 404
1 4 2
650 180
1 2 2
29 458
1 6 2
608 775
1 14 2
120 754
1 2 2
687 714
1 2 2
304 303
1 8 2
465 779
1 7 2
763 358
1 14 2
304 610
1 13 2
635 0
1 11 2
707 624
1 12 2
285 378
1 10 2
674 740
1 15 2
679 413
1 9 2
642 573
1 11 2
136 731
1 4 2
34 579
1 7 2
550 696
1 2 2
760 2
1 13 2
774 667
1 2 2
121 18
1 4 2
761 484
1 3 2
123 584
1 11 2
323 90
1 4 2
481 20
1 8 2
590 129
1 12 2
562 425
1 14 2
724 196
1 4 2
779 151
1 15 2
290 151
1 8 2
689 764
1 11 2
657 457
1 6 2
218 586
1 5 2
77 564
1 4 2
399 630
1 6 2
561 55
1 8 2
716 563
1 11 2
102 73
1 7 2
256 621
1 14 2
233 252
1 2 2
308 795
1 9 2
494 415
1 9 2
287 613
1 9 2
154 224
1 7 2
689 249
1 14 2
162 639
1 13 2
137 326
1 3 2
448 23
1 2 2
327 118
1 14 2
537 656
1 15 2
612 524
1 6 2
467 543
1 10 2
660 94
1 5 2
191 659
1 12 2
580 102
1 6 2
534 31
1 4 2
754 419
1 4 2
425 454
1 6 2
27 49
1 12 2
719 586
1 6 2
543 605
1 9 2
198 659
1 5 2
153 578
1 12 2
536 677
1 8 2
66 437
1 2 2
49 732
1 8 2
311 405
1 4 2
404 518
1 15 2
271 278
1 4 2
445 170
1 7 2
114 655
1 4 2
215 22
1 7 2
377 455
1 8 2
319 476
1 8 2
766 216
1 3 2
146 751
1 13 2
674 253
1 10 2
128 208
1 12 2
395 500
1 13 2
645 390
1 9 2
794 170
1 4 2
324 119
1 9 2
182 316
1 9 2
465 348
1 7 2
417 373
1 6 2
268 200
1 10 2
516 96
1 9 2
426 569
1 2 2
161 662
1 8 2
734 632
1 8 2
362 70
1 4 2
71 518
1 12 2
250 723
1 5 2
191 466
1 6 2
86 122
1 6 2
594 215
1 11 2
138 506
1 7 2
74 714
1 4 2
482 319
1 6 2
188 106
1 2 2
685 543
1 14 2
385 623
1 2 2
316 539
1 11 2
182 285
1 12 2
16 591
1 7 2
715 729
1 12 2
190 287
1 12 2
186 544
1 13 2
763 623
1 2 2
550 22
1 14 2
228 605
1 3 2
541 611
1 5 2
623 140
1 9 2
118 490
1 15 2
383 230
1 14 2
18 322
1 8 2
455 293
1 12 2
128 596
1 14 2
349 295
1 3 2
786 482
1 4 2
335 154
1 2 2
359 217
1 6 2
703 326
1 8 2
577 744
1 2 2
754 83
1 10 2
758 457
1 12 2
490 206
1 14 2
730 593
1 2 2
510 162
1 3 2
423 669
1 10 2
80 705
1 10 2
653 43
1 2 2
520 214
1 9 2
286 554
1 13 2
396 357
1 15 2
365 471
1 9 2
320 602
1 2 2
798 535
1 9 2
177 350
1 13 2
758 426
1 2 2
703 509
1 10 2
462 763
1 13 2
103 193
1 2 2
493 184
1 6 2
26 198
1 8 2
478 556
1 9 2
704 110
1 7 2
734 491
1 11 2
472 732
1 11 2
82 279
1 13 2
344 11
1 9 2
506 176
1 12 2
178 31
1 4 2
567 267
1 2 2
580 656
1 5 2
53 409
1 6 2
34 768
1 3 2
217 770
1 2 2
312 169
1 3 2
259 617
1 2 2
435 159
1 2 2
505 129
1 3 2
99 565
1 3 2
393 160
1 8 2
661 206
1 5 2
86 105
1 14 2
39 264
1 9 2
497 769
1 2 2
248 790
1 15 2
511 497
1 14 2
722 551
1 15 2
18 516
1 3 2
750 644
1 13 2
552 157
1 4 2
207 431
1 11 2
492 81
1 8 2
698 15
1 10 2
109 571
1 3 2
752 646
1 12 2
590 536
1 8 2
454 705
1 14 2
759 87
1 10 2
511 4
1 7 2
475 546
1 2 2
526 398
1 7 2
73 371
1 12 2
459 29
1 9 2
738 640
1 5 2
640 442
1 10 2
524 715
1 11 2
733 622
1 8 2
246 225
1 10 2
548 718
1 14 2
655 349
1 10 2
631 430
1 15 2
21 627
1 13 2
50 45
1 12 2
312 432
1 10 2
724 287
1 12 2
680 289
1 10 2
735 578
1 9 2
10 692
1 7 2
475 560
1 4 2
433 272
1 7 2
420 85
1 4 2
208 689
1 13 2
21 611
1 15 2
236 410
1 7 2
567 335
1 3 2
229 170
1 5 2
506 319
1 7 2
16 377
1 9 2
754 274
1 2 2
70 476
1 14 2
367 610
1 9 2
715 253
1 8 2
607 589
1 12 2
112 542
1 3 2
260 552
1 4 2
549 453
1 13 2
586 96
1 15 2
188 463
1 3 2
82 453
1 3 2
226 84
1 8 2
370 107
1 2 2
287 623
1 9 2
322 483
1 9 2
699 707
1 8 2
386 473
1 2 2
634 67
1 3 2
741 535
1 14 2
191 603
1 3 2
478 760
1 10 2
193 465
1 6 2
260 147
1 4 2
764 316
1 11 2
137 717
1 13 2
40 595
1 6 2
699 176
1 8 2
392 226
1 9 2
700 172
1 13 2
233 532
1 3 2
171 149
1 15 2
557 141
1 14 2
536 195
1 11 2
476 97
1 5 2
278 385
1 5 2
721 247
1 12 2
665 469
1 8 2
275 158
1 11 2
316 422
1 13 2
699 242
1 15 2
448 731
1 14 2
194 164
1 11 2
158 488
1 9 2
152 393
1 12 2
345 676
1 9 2
622 216
1 4 2
238 621
1 10 2
107 24
1 6 2
571 630
1 10 2
399 70
1 13 2
331 722
1 5 2
483 548
1 10 2
598 662
1 13 2
317 292
1 8 2
620 552
1 3 2
124 578
1 8 2
470 385
1 12 2
541 786
1 7 2
619 272
1 11 2
319 543
1 15 2
567 276
1 15 2
2 85
1 15 2
241 512
1 6 2
282 151
1 7 2
309 592
1 11 2
283 270
1 10 2
97 586
1 15 2
438 263
1 14 2
57 134
1 13 2
118 546
1 5 2
741 123
1 14 2
341 95
1 7 2
61 688
1 14 2
392 50
1 4 2
759 167
1 7 2
799 394
1 7 2
53 651
1 12 2
738 294
1 13 2
573 427
1 9 2
56 785
1 12 2
108 784
1 14 2
49 199
1 9 2
65 643
1 10 2
155 30
1 14 2
9 427
1 9 2
756 460
1 5 2
702 6
1 15 2
329 36
1 4 2
561 210
1 8 2
581 242
1 2 2
47 334
1 15 2
758 160
1 15 2
789 439
1 12 2
254 611
1 13 2
224 249
1 6 2
794 182
1 3 2
688 764
1 8 2
785 506
1 4 2
290 78
1 8 2
761 703
1 7 2
390 37
1 15 2
124 197
1 4 2
623 136
1 13 2
162 47
1 13 2
663 594
1 9 2
62 370
1 6 2
569 252
1 3 2
479 706
1 4 2
417 593
1 9 2
12 351
1 12 2
472 25
1 13 2
442 431
1 13 2
791 591
1 11 2
93 652
1 12 2
56 399
1 12 2
241 343
1 14 2
664 393
1 14 2
248 50
1 4 2
447 531
1 3 2
36 162
1 8 2
251 87
1 11 2
436 9
1 13 2
766 493
1 2 2
33 684
1 10 2
760 559
1 11 2
536 269
1 9 2
618 62
1 8 2
6 11
1 12 2
230 100
1 6 2
504 39
1 14 2
619 479
1 3 2
324 238
1 3 2
18 517
1 6 2
113 387
1 15 2
514 82
1 5 2
377 135
1 5 2
594 446
1 5 2
360 752
1 12 2
375 608
1 2 2
580 749
1 3 2
704 739
1 13 2
15 348
1 14 2
536 655
1 13 2
637 395
1 2 2
370 153
1 2 2
601 756
1 7 2
123 418
1 9 2
185 122
1 9 2
697 306
1 5 2
212 28
1 11 2
554 575
1 9 2
673 311
1 13 2
109 123
1 12 2
564 252
1 7 2
79 437
1 3 2
69 799
1 11 2
139 82
1 9 2
416 575
1 9 2
777 607
1 11 2
433 476
1 4 2
627 180
1 15 2
327 121
1 7 2
4 279
1 13 2
753 22
1 12 2
264 753
1 15 2
113 433
1 8 2
525 660
1 9 2
183 564
1 2 2
458 186
1 14 2
245 151
1 12 2
397 657
1 2 2
437 188
1 7 2
543 427
1 15 2
531 528
1 14 2
666 209
1 3 2
525 103
1 13 2
10 774
1 15 2
628 314
1 11 2
5 364
1 5 2
645 136
1 15 2
217 618
1 5 2
424 93
1 3 2
146 421
1 2 2
251 401
1 14 2
17 255
1 3 2
483 60
1 6 2
344 118
1 8 2
680 187
1 4 2
711 43
1 2 2
549 376
1 2 2
356 400
1 2 2
449 570
1 14 2
312 213
1 11 2
754 788
1 14 2
237 305
1 8 2
140 609
1 7 2
47 98
1 9 2
57 88
1 13 2
227 707
1 15 2
97 392
1 5 2
137 694
1 10 2
353 134
1 7 2
511 752
1 14 2
639 711
1 14 2
731 133
1 12 2
430 96
1 8 2
399 133
1 6 2
586 754
1 15 2
418 375
1 3 2
234 699
1 14 2
542 773
1 2 2
195 21
1 4 2
375 609
1 4 2
690 60
1 3 2
559 364
1 10 2
701 48
1 9 2
669 471
1 5 2
461 450
1 8 2
183 2
1 9 2
413 755
1 7 2
84 681
1 9 2
86 635
1 7 2
717 196
1 8 2
703 476
1 4 2
719 482
1 14 2
13 296
1 2 2
82 340
1 13 2
491 75
1 11 2
528 303
1 9 2
771 76
1 11 2
207 231
1 14 2
477 330
1 2 2
58 476
1 10 2
561 671
1 3 2
517 273
1 15 2
503 222
1 10 2
22 414
1 7 2
18 87
1 5 2
85 750
1 3 2
199 672
1 5 2
14 669
1 14 2
25 219
1 8 2
244 572
1 6 2
259 218
1 9 2
135 185
1 11 2
789 415
1 9 2
230 665
1 15 2
548 605
1 5 2
572 600
1 3 2
198 451
1 4 2
78 327
1 4 2
283 509
1 12 2
351 100
1 9 2
517 62
1 4 2
404 378
1 11 2
573 724
1 2 2
203 506
1 6 2
794 239
1 14 2
448 726
1 10 2
547 789
1 8 2
325 300
1 13 2
389 143
1 4 2
306 82
1 7 2
168 604
1 10 2
274 583
1 5 2
534 202
1 6 2
132 156
1 14 2
585 273
1 12 2
784 212
1 2 2
253 141
1 11 2
144 569
1 7 2
368 1
1 2 2
790 224
1 13 2
461 340
1 4 2
118 96
1 12 2
579 470
1 11 2
610 188
1 6 2
525 198
1 6 2
403 210
1 2 2
99 624
1 12 2
436 579
1 13 2
324 196
1 10 2
512 108
1 8 2
615 76
1 7 2
459 357
1 11 2
527 668
1 4 2
700 480
1 3 2
724 190
1 11 2
718 53
1 4 2
637 204
1 15 2
323 379
1 5 2
184 541
1 5 2
109 174
1 14 2
712 141
1 2 2
294 333
1 13 2
733 345
1 13 2
426 515
1 5 2
265 233
1 8 2
256 454
1 10 2
727 499
1 4 2
124 731
1 10 2
13 567
1 10 2
186 362
1 9 2
293 701
1 3 2
226 62
1 2 2
143 540
1 7 2
792 184
1 12 2
162 465
1 10 2
777 41
1 12 2
789 60
1 4 2
188 649
1 13 2
345 479
1 9 2
676 524
1 7 2
13 329
1 12 2
169 215
1 2 2
230 415
1 2 2
296 704
1 13 2
121 792
1 10 2
507 86
1 4 2
524 449
1 4 2
681 665
1 8 2
211 77
1 13 2
194 715
1 13 2
702 471
1 4 2
269 662
1 14 2
515 201
1 6 2
616 206
1 10 2
439 53
1 13 2
583 418
1 3 2
27 43
1 2 2
238 305
1 14 2
760 498
1 4 2
429 299
1 5 2
689 287
1 6 2
214 705
1 14 2
274 637
1 3 2
20 780
1 7 2
273 639
1 11 2
232 692
1 2 2
729 451
1 3 2
741 390
1 15 2
234 178
1 5 2
82 155
1 7 2
437 509
1 10 2
69 297
1 10 2
433 585
1 15 2
799 234
1 7 2
665 393
1 3 2
276 421
1 13 2
359 316
1 5 2
348 533
1 10 2
690 515
1 12 2
40 759
1 12 2
313 479
1 3 2
790 81
1 12 2
269 704
1 15 2
268 727
1 5 2
787 390
1 10 2
229 540
1 9 2
723 219
1 8 2
87 536
1 11 2
611 508
1 14 2
307 254
1 12 2
360 724
1 9 2
682 414
1 10 2
758 195
1 13 2
467 447
1 6 2
646 632
1 10 2
221 181
1 3 2
60 290
1 13 2
77 95
1 5 2
52 798
1 15 2
215 111
1 3 2
181 516
1 11 2
74 611
1 5 2
421 570
1 2 2
530 50
1 11 2
446 714
1 9 2
705 691
1 2 2
236 637
1 4 2
459 174
1 3 2
120 285
1 13 2
7 571
1 11 2
752 775
1 13 2
605 143
1 5 2
294 7
1 8 2
190 671
1 9 2
659 541
1 4 2
586 438
1 5 2
395 703
1 11 2
757 583
1 12 2
483 349
1 6 2
134 599
1 7 2
238 509
1 12 2
96 473
1 6 2
503 364
1 12 2
629 335
1 4 2
232 375
1 8 2
28 282
1 14 2
31 67
1 8 2
426 201
1 12 2
351 644
1 7 2
60 104
1 6 2
706 159
1 4 2
560 286
1 8 2
338 507
1 9 2
518 159
1 11 2
30 755
1 12 2
163 752
1 8 2
746 89
1 5 2
274 302
1 5 2
56 557
1 14 2
740 790
1 10 2
104 411
1 2 2
557 456
1 7 2
177 105
1 7 2
6 284
1 6 2
262 188
1 4 2
613 21
1 4 2
250 538
1 7 2
285 448
1 6 2
700 391
1 6 2
485 157
1 6 2
571 79
1 6 2
437 259
1 8 2
779 150
1 15 2
327 0
1 9 2
132 250
1 2 2
737 256
1 10 2
248 483
1 3 2
56 780
1 13 2
624 168
1 12 2
237 535
1 2 2
554 252
1 2 2
186 162
1 8 2
788 225
1 2 2
623 198
1 4 2
8 598
1 6 2
671 465
1 15 2
408 82
1 3 2
494 120
1 2 2
578 567
1 15 2
504 215
1 14 2
280 449
1 4 2
721 640
1 12 2
431 459
1 11 2
683 323
1 14 2
334 427
1 11 2
334 32
1 6 2
663 497
1 14 2
362 348
1 9 2
765 588
1 13 2
465 682
1 5 2
421 276
1 5 2
152 451
1 10 2
166 498
1 7 2
507 576
1 5 2
548 538
1 6 2
484 615
1 14 2
15 410
1 8 2
717 662
1 4 2
391 372
1 7 2
301 162
1 5 2
65 319
1 4 2
186 214
1 7 2
351 8
1 5 2
277 528
1 4 2
408 196
1 2 2
593 177
1 11 2
195 274
1 5 2
718 100
1 9 2
528 110
1 13 2
213 285
1 8 2
536 263
1 3 2
727 287
1 14 2
286 171
1 5 2
2 187
1 10 2
100 62
1 3 2
165 112
1 7 2
346 610
1 6 2
715 6
1 6 2
460 334
1 2 2
83 35
1 10 2
607 231
1 14 2
29 332
1 6 2
642 418
1 14 2
532 732
1 12 2
502 453
1 15 2
305 603
1 4 2
231 235
1 4 2
394 628
1 11 2
472 134
1 13 2
701 208
1 10 2
235 535
1 13 2
498 553
1 3 2
432 755
1 12 2
190 735
1 10 2
436 125
1 6 2
67 16
1 7 2
767 735
1 15 2
337 144
1 3 2
258 169
1 6 2
487 609
1 14 2
735 176
1 10 2
297 713
1 4 2
670 290
1 6 2
53 297
1 4 2
756 54
1 13 2
104 84
1 10 2
739 286
1 12 2
72 233
1 10 2
676 481
1 10 2
263 397
1 4 2
683 82
1 5 2
528 121
1 10 2
500 483
1 10 2
417 250
1 4 2
520 230
1 11 2
743 17
1 12 2
593 11
1 11 2
209 622
1 8 2
541 72
1 13 2
212 276
1 9 2
780 622
1 2 2
574 150
1 6 2
303 94
1 3 2
223 796
1 6 2
114 218
1 2 2
411 118
1 8 2
246 235
1 10 2
650 99
1 7 2
135 90
1 13 2
352 673
1 8 2
65 183
1 10 2
498 706
1 3 2
699 726
1 13 2
131 346
1 8 2
129 489
1 11 2
317 644
1 4 2
755 599
1 14 2
559 478
1 13 2
530 457
1 2 2
86 571
1 9 2
534 214
1 9 2
581 94
1 13 2
582 139
1 15 2
110 84
1 10 2
505 420
1 5 2
464 654
1 2 2
54 69
1 15 2
495 607
1 3 2
71 108
1 8 2
522 509
1 14 2
773 569
1 12 2
799 700
1 2 2
565 278
1 11 2
249 651
1 15 2
77 164
1 15 2
590 521
1 5 2
40 345
1 12 2
173 429
1 9 2
637 371
1 7 2
512 640
1 11 2
347 388
1 5 2
413 464
1 8 2
655 523
1 15 2
256 353
1 6 2
398 736
1 12 2
396 726
1 8 2
338 100
1 14 2
691 57
1 8 2
454 365
1 12 2
550 20
1 2 2
718 569
1 4 2
84 195
1 8 2
327 216
1 4 2
189 215
1 4 2
280 111
1 12 2
765 719
1 2 2
349 98
1 10 2
715 254
1 7 2
705 57
1 12 2
213 200
1 14 2
797 313
1 3 2
690 268
1 8 2
683 727
1 4 2
425 326
1 8 2
422 123
1 10 2
544 466
1 15 2
390 23
1 4 2
441 445
1 12 2
373 311
1 9 2
776 410
1 15 2
446 682
1 9 2
739 307
1 15 2
293 742
1 8 2
390 452
1 15 2
343 226
1 4 2
496 412
1 2 2
276 116
1 14 2
142 169
1 9 2
755 411
1 6 2
445 74
1 14 2
584 420
1 4 2
563 360
1 7 2
43 399
1 6 2
306 578
1 6 2
694 586
1 6 2
256 86
1 6 2
380 789
1 10 2
445 348
1 4 2
214 232
1 15 2
578 304
1 5 2
129 785
1 2 2
453 170
1 2 2
207 340
1 2 2
81 398
1 9 2
304 597
1 2 2
696 409
1 4 2
784 541
1 10 2
164 98
1 8 2
196 169
1 5 2
531 618
1 10 2
161 172
1 5 2
694 660
1 9 2
577 638
1 15 2
293 772
1 12 2
87 624
1 12 2
380 606
1 10 2
110 744
1 12 2
323 673
1 6 2
440 703
1 10 2
747 47
1 4 2
637 79
1 11 2
241 117
1 11 2
549 277
1 4 2
739 562
1 13 2
305 564
1 9 2
334 497
1 8 2
385 114
1 11 2
184 584
1 12 2
376 457
1 4 2
252 353
1 8 2
207 321
1 7 2
421 794
1 11 2
551 420
1 7 2
698 152
1 9 2
29 321
1 14 2
34 227
1 15 2
393 159
1 11 2
343 61
1 10 2
89 466
1 14 2
156 639
1 6 2
51 374
1 4 2
616 3
1 15 2
293 429
1 9 2
50 596
1 3 2
707 219
1 9 2
356 790
1 14 2
10 525
1 11 2
266 177
1 10 2
564 795
1 10 2
390 160
1 5 2
1 20
1 8 2
605 646
1 13 2
776 165
1 9 2
765 375
1 3 2
325 458
1 7 2
443 14
1 7 2
305 333
1 13 2
30 618
1 9 2
68 673
1 8 2
270 296
1 7 2
494 103
1 13 2
727 99
1 15 2
576 440
1 10 2
570 495
1 9 2
617 710
1 12 2
225 480
1 5 2
357 354
1 5 2
128 373
1 6 2
375 460
1 15 2
682 64
1 2 2
367 600
1 2 2
441 483
1 9 2
776 215
1 3 2
444 621
1 13 2
504 278
1 11 2
357 593
1 4 2
149 257
1 14 2
368 682
1 8 2
680 226
1 15 2
524 323
1 6 2
604 134
1 11 2
537 317
1 8 2
732 328
1 7 2
43 156
1 8 2
746 136
1 6 2
262 328
1 12 2
150 300
1 14 2
667 201
1 11 2
298 60
1 11 2
64 375
1 5 2
185 744
1 6 2
90 253
1 8 2
532 402
1 12 2
712 188
1 15 2
263 39
1 4 2
658 494
1 11 2
511 706
1 5 2
196 619
1 15 2
272 664
1 11 2
153 36
1 12 2
406 729
1 2 2
372 266
1 7 2
508 99
1 14 2
413 289
1 10 2
34 338
1 11 2
115 234
1 9 2
102 254
1 6 2
428 386
1 4 2
311 748
1 14 2
379 125
1 9 2
458 263
1 8 2
237 54
1 15 2
542 127
1 3 2
307 281
1 14 2
769 523
1 3 2
288 157
1 15 2
60 315
1 10 2
638 749
1 3 2
466 279
1 15 2
337 346
1 2 2
316 152
1 14 2
466 792
1 2 2
496 603
1 12 2
599 463
1 8 2
166 301
1 12 2
761 91
1 2 2
773 467
1 9 2
284 107
1 9 2
607 307
1 6 2
399 135
1 11 2
235 257
1 14 2
240 77
1 3 2
257 400
1 12 2
367 444
1 4 2
498 30
1 4 2
592 132
1 14 2
422 166
1 2 2
53 181
1 4 2
675 682
1 4 2
720 396
1 15 2
136 721
1 2 2
721 593
1 12 2
688 409
1 2 2
683 592
1 3 2
660 121
1 12 2
138 395
1 5 2
38 124
1 3 2
774 603
1 12 2
631 89
1 15 2
698 219
1 3 2
459 220
1 14 2
74 177
1 3 2
477 467
1 5 2
590 77
1 14 2
323 40
1 4 2
337 443
1 14 2
284 440
1 15 2
585 779
1 2 2
310 646
1 3 2
285 247
1 7 2
637 435
1 11 2
188 636
1 11 2
63 332
1 14 2
624 313
1 3 2
606 8
1 9 2
714 437
1 7 2
98 760
1 3 2
302 275
1 5 2
402 287
1 13 2
475 300
1 15 2
118 54
1 3 2
149 344
1 10 2
206 672
1 4 2
571 95
1 15 2
113 586
1 8 2
215 644
1 10 2
339 488
1 5 2
301 349
1 3 2
213 463
1 2 2
314 5
1 7 2
75 112
1 10 2
296 593
1 15 2
589 599
1 7 2
233 425
1 5 2
64 723
1 2 2
675 10
1 2 2
53 386
1 6 2
185 342
1 11 2
701 102
1 13 2
67 618
1 5 2
208 797
1 3 2
64 557
1 14 2
620 319
1 12 2
614 503
1 9 2
237 223
1 5 2
687 258
1 3 2
637 537
1 11 2
316 133
1 10 2
746 31
1 5 2
543 642
1 8 2
444 448
1 14 2
175 768
1 9 2
439 416
1 6 2
350 209
1 8 2
453 625
1 9 2
796 137
1 2 2
72 500
1 13 2
770 707
1 2 2
94 177
1 7 2
175 324
1 14 2
724 389
1 13 2
80 726
1 14 2
40 590
1 2 2
778 655
1 15 2
477 605
1 5 2
550 60
1 15 2
579 98
1 13 2
167 284
1 10 2
786 4
1 4 2
650 173
1 10 2
562 154
1 6 2
543 375
1 11 2
380 435
1 14 2
730 224
1 12 2
655 772
1 2 2
298 391
1 4 2
718 743
1 5 2
785 98
1 15 2
643 436
1 2 2
357 786
1 15 2
24 793
1 11 2
730 583
1 11 2
347 237
1 2 2
788 732
1 4 2
196 275
1 4 2
357 762
1 14 2
696 660
1 5 2
224 205
1 12 2
27 664
1 5 2
88 543
1 7 2
471 764
1 9 2
740 455
1 14 2
192 483
1 12 2
290 720
1 8 2
561 428
1 14 2
18 685
1 9 2
213 568
1 12 2
284 575
1 7 2
92 481
1 10 2
410 485
1 7 2
518 784
1 10 2
461 103
1 12 2
738 65
1 6 2
68 671
1 5 2
206 567
1 6 2
119 573
1 8 2
191 192
1 7 2
288 167
1 14 2
136 493
1 2 2
160 454
1 8 2
767 98
1 14 2
180 765
1 3 2
166 796
1 7 2
191 469
1 13 2
207 456
1 2 2
425 481
1 11 2
696 57
1 7 2
89 461
1 10 2
507 624
1 11 2
14 673
1 8 2
577 757
1 3 2
745 281
1 9 2
274 777
1 8 2
125 32
1 5 2
360 148
1 10 2
474 417
1 3 2
324 237
1 3 2
249 489
1 7 2
636 386
1 6 2
282 548
1 10 2
788 79
1 4 2
288 389
1 15 2
397 727
1 11 2
714 669
1 4 2
472 190
1 14 2
747 218
1 2 2
42 506
1 2 2
299 86
1 5 2
463 149
1 15 2
724 718
1 4 2
39 397
1 5 2
255 489
1 14 2
621 749
1 12 2
663 686
1 5 2
312 25
1 6 2
506 445
1 14 2
23 712
1 13 2
579 791
1 9 2
528 474
1 10 2
363 497
1 5 2
360 32
1 6 2
92 570
1 4 2
247 795
1 11 2
345 626
1 13 2
526 410
1 12 2
602 306
1 14 2
759 558
1 2 2
169 258
1 2 2
109 694
1 13 2
283 725
1 9 2
296 377
1 7 2
369 724
1 2 2
70 734
1 10 2
780 502
1 2 2
180 227
1 13 2
706 64
1 3 2
177 329
1 11 2
548 286
1 12 2
431 348
1 8 2
344 449
1 4 2
288 766
1 9 2
498 653
1 4 2
582 120
1 4 2
473 767
1 4 2
790 72
1 9 2
400 238
1 7 2
337 55
1 3 2
238 706
1 2 2
599 561
1 15 2
6 438
1 8 2
199 100
1 12 2
381 497
1 4 2
23 779
1 14 2
755 664
1 2 2
297 351
1 15 2
319 292
1 9 2
204 618
1 11 2
482 269
1 9 2
231 90
1 12 2
37 653
1 6 2
641 209
1 13 2
151 748
1 7 2
668 250
1 11 2
539 787
1 3 2
403 410
1 6 2
566 658
1 9 2
202 178
1 2 2
410 426
1 11 2
62 194
1 3 2
315 499
1 15 2
74 497
1 2 2
39 524
1 2 2
146 336
1 11 2
600 331
1 15 2
376 533
1 5 2
89 799
1 6 2
737 284
1 14 2
164 179
1 15 2
388 481
1 12 2
429 737
1 12 2
98 514
1 10 2
171 763
1 7 2
240 513
1 12 2
343 784
1 7 2
581 548
1 12 2
96 799
1 10 2
610 453
1 13 2
471 28
1 3 2
221 34
1 14 2
164 5
1 14 2
253 497
1 10 2
475 376
1 4 2
615 700
1 15 2
755 278
1 10 2
401 692
1 10 2
572 685
1 3 2
146 215
1 2 2
479 605
1 10 2
234 584
1 11 2
316 733
1 9 2
523 718
1 4 2
207 630
1 14 2
207 628
1 15 2
168 467
1 13 2
520 652
1 4 2
436 312
1 13 2
503 29
1 15 2
602 453
1 15 2
118 661
1 15 2
113 70
1 14 2
124 665
1 12 2
315 139
1 15 2
79 286
1 12 2
350 576
1 6 2
171 369
1 2 2
651 400
1 15 2
115 626
1 15 2
228 672
1 11 2
480 740
1 12 2
447 141
1 11 2
230 306
1 4 2
300 63
1 2 2
619 793
1 14 2
675 502
1 13 2
82 375
1 13 2
126 505
1 12 2
494 666
1 15 2
295 691
1 2 2
404 657
1 14 2
495 653
1 7 2
764 232
1 2 2
120 140
1 10 2
434 797
1 4 2
239 388
1 7 2
419 228
1 3 2
148 153
1 9 2
22 725
1 7 2
249 81
1 12 2
123 273
1 3 2
575 475
1 12 2
690 754
1 12 2
50 455
1 2 2
725 78
1 13 2
294 561
1 8 2
226 699
1 13 2
75 134
1 3 2
562 696
1 5 2
390 155
1 13 2
169 144
1 2 2
83 649
1 8 2
775 542
1 9 2
83 491
1 6 2
301 102
1 12 2
372 2
1 15 2
316 718
1 13 2
609 410
1 7 2
82 677
1 6 2
707 98
1 4 2
93 592
1 2 2
309 657
1 11 2
460 583
1 5 2
495 314
1 13 2
378 180
1 15 2
436 478
1 9 2
728 554
1 8 2
304 132
1 14 2
318 484
1 4 2
788 354
1 10 2
664 678
1 6 2
99 405
1 4 2
705 583
1 7 2
738 747
1 14 2
471 554
1 7 2
7 335
1 12 2
232 730
1 5 2
667 494
1 2 2
666 97
1 15 2
523 178
1 8 2
268 568
1 15 2
198 544
1 12 2
455 686
1 6 2
182 582
1 11 2
446 298
1 3 2
56 129
1 10 2
260 560
1 13 2
715 766
1 4 2
670 778
1 15 2
379 342
1 13 2
99 237
1 9 2
2 715
1 6 2
515 393
1 3 2
107 519
1 10 2
774 647
1 2 2
31 688
1 10 2
258 174
1 8 2
278 571
1 9 2
241 566
1 9 2
588 64
1 15 2
610 396
1 10 2
277 357
1 15 2
581 248
1 6 2
490 194
1 15 2
35 433
1 6 2
235 69
1 10 2
751 137
1 7 2
623 48
1 9 2
70 141
1 7 2
340 302
1 9 2
126 466
1 2 2
467 482
1 6 2
480 498
1 11 2
129 287
1 5 2
169 127
1 12 2
16 24
1 13 2
585 388
1 9 2
799 194
1 6 2
677 38
1 5 2
10 193
1 14 2
560 123
1 12 2
153 697
1 8 2
236 251
1 13 2
166 638
1 14 2
398 16
1 13 2
368 435
1 15 2
180 103
1 8 2
153 763
1 5 2
780 265
1 9 2
476 316
1 7 2
628 567
1 6 2
430 379
1 8 2
332 7
1 10 2
403 506
1 8 2
57 286
1 14 2
655 364
1 5 2
719 624
1 14 2
771 681
1 13 2
199 710
1 13 2
767 481
1 11 2
388 627
1 7 2
544 676
1 8 2
250 52
1 4 2
677 680
1 6 2
678 400
1 12 2
195 235
1 13 2
778 124
1 6 2
787 215
1 15 2
221 137
1 9 2
262 325
1 14 2
312 562
1 3 2
673 588
1 9 2
29 485
1 6 2
603 533
1 12 2
790 403
1 9 2
22 327
1 7 2
24 659
1 3 2
360 656
1 2 2
413 753
1 12 2
675 354
1 5 2
247 620
1 3 2
339 414
1 4 2
644 232
1 5 2
406 797
1 9 2
781 574
1 13 2
525 725
1 5 2
114 31
1 4 2
452 353
1 10 2
10 524
1 3 2
355 378
1 6 2
75 535
1 4 2
186 207
1 6 2
615 407
1 9 2
42 124
1 11 2
757 569
1 5 2
210 219
1 2 2
358 691
1 4 2
378 563
1 7 2
495 169
1 7 2
242 580
1 3 2
137 659
1 2 2
46 413
1 6 2
382 206
1 2 2
421 443
1 15 2
235 714
1 12 2
780 445
1 11 2
39 668
1 9 2
690 778
1 4 2
25 601
1 2 2
766 216
1 10 2
206 77
1 12 2
703 796
1 2 2
431 798
1 4 2
454 468
1 8 2
521 273
1 6 2
685 605
1 2 2
674 700
1 8 2
226 209
1 11 2
239 192
1 12 2
69 708
1 8 2
48 764
1 9 2
127 480
1 12 2
236 678
1 10 2
18 585
1 10 2
170 192
1 9 2
512 158
1 8 2
164 570
1 4 2
210 654
1 14 2
272 124
1 15 2
397 257
1 15 2
504 718
1 3 2
236 176
1 15 2
764 607
1 13 2
547 142
1 14 2
456 387
1 14 2
223 575
1 7 2
614 429
1 8 2
242 60
1 10 2
471 448
1 13 2
359 566
1 13 2
386 154
1 10 2
221 669
1 6 2
68 659
1 14 2
442 520
1 13 2
396 191
1 13 2
134 100
1 12 2
562 641
1 2 2
692 501
1 12 2
268 184
1 9 2
548 193
1 10 2
393 184
1 8 2
577 123
1 4 2
226 275
1 4 2
316 477
1 15 2
53 46
1 3 2
211 122
1 12 2
177 607
1 7 2
123 727
1 8 2
84 25
1 7 2
267 512
1 2 2
22 363
1 13 2
2 0
1 7 2
120 648
1 14 2
87 703
1 2 2
491 374
1 4 2
764 261
1 14 2
352 187
1 15 2
103 732
1 11 2
391 300
1 12 2
317 15
1 7 2
517 291
1 8 2
673 287
1 7 2
151 239
1 6 2
682 251
1 12 2
4 714
1 2 2
81 293
1 3 2
177 553
1 14 2
757 329
1 15 2
338 101
1 10 2
578 421
1 11 2
674 774
1 10 2
613 403
1 7 2
591 664
1 2 2
620 568
1 8 2
287 319
1 15 2
477 325
1 3 2
428 709
1 5 2
94 717
1 13 2
192 685
1 8 2
262 590
1 15 2
245 773
1 6 2
118 460
1 11 2
25 344
1 2 2
202 266
1 12 2
420 163
1 9 2
420 571
1 14 2
273 65
1 7 2
788 425
1 2 2
142 149
1 5 2
400 11
1 5 2
535 334
1 14 2
767 299
1 12 2
142 2
1 10 2
229 653
1 6 2
437 540
1 3 2
632 780
1 8 2
4 40
1 12 2
226 50
1 13 2
226 696
1 11 2
636 377
1 13 2
550 376
1 2 2
205 93
1 14 2
471 312
1 10 2
417 0
1 3 2
447 684
1 9 2
198 625
1 15 2
163 579
1 4 2
708 762
1 11 2
524 80
1 7 2
584 427
1 9 2
322 677
1 7 2
649 171
1 14 2
42 304
1 14 2
352 245
1 12 2
503 142
1 5 2
633 217
1 5 2
447 550
1 15 2
268 428
1 9 2
161 132
1 15 2
557 201
1 15 2
559 207
1 5 2
546 231
1 14 2
749 580
1 8 2
205 165
1 11 2
49 44
1 5 2
754 616
1 12 2
93 467
1 9 2
195 553
1 9 2
449 326
1 15 2
639 340
1 9 2
353 319
1 3 2
181 132
1 4 2
382 693
1 13 2
590 149
1 10 2
253 226
1 5 2
240 258
1 11 2
153 160
1 15 2
568 602
1 13 2
690 124
1 14 2
551 138
1 5 2
421 211
1 14 2
200 659
1 15 2
683 111
1 7 2
395 560
1 5 2
299 216
1 3 2
510 776
1 2 2
42 298
1 3 2
614 419
1 8 2
218 675
1 2 2
541 438
1 4 2
562 201
1 10 2
696 771
1 13 2
603 40
1 14 2
711 593
1 5 2
173 781
1 7 2
769 608
1 7 2
95 605
1 2 2
642 479
1 15 2
671 114
1 5 2
726 147
1 11 2
127 774
1 15 2
219 572
1 12 2
679 209
1 3 2
684 792
1 14 2
56 158
1 7 2
533 622
1 3 2
391 772
1 2 2
663 423
1 10 2
544 349
1 12 2
255 521
1 15 2
487 482
1 11 2
356 462
1 12 2
332 106
1 7 2
122 140
1 5 2
370 441
1 15 2
510 61
1 5 2
346 150
1 5 2
508 127
1 8 2
757 93
1 11 2
264 42
1 7 2
639 13
1 11 2
134 318
1 14 2
10 477
1 12 2
551 189
1 13 2
320 793
1 8 2
211 121
1 13 2
273 303
1 6 2
236 618
1 5 2
427 734
1 2 2
707 235
1 5 2
746 529
1 15 2
554 94
1 11 2
129 78
1 7 2
733 242
1 3 2
80 30
1 11 2
314 102
1 8 2
465 362
1 13 2
798 298
1 2 2
498 168
1 15 2
88 791
1 9 2
768 755
1 9 2
508 270
1 14 2
247 573
1 15 2
61 236
1 14 2
445 438
1 10 2
477 742
1 13 2
255 577
1 3 2
352 496
1 9 2
123 693
1 8 2
283 349
1 3 2
14 755
1 5 2
208 262
1 15 2
375 684
1 7 2
763 67
1 6 2
41 654
1 9 2
62 468
1 14 2
6 197
1 6 2
628 771
1 10 2
706 477
1 12 2
376 196
1 13 2
210 463
1 15 2
187 149
1 15 2
187 659
1 9 2
369 621
1 6 2
493 589
1 6 2
785 727
1 4 2
188 477
1 12 2
749 736
1 11 2
778 758
1 3 2
545 451
1 2 2
83 717
1 6 2
249 548
1 2 2
31 564
1 3 2
534 768
1 3 2
199 314
1 5 2
88 41
1 3 2
170 573
1 6 2
243 294
1 11 2
608 745
1 13 2
274 595
1 4 2
236 605
1 3 2
61 204
1 5 2
285 516
1 2 2
717 342
1 15 2
128 259
1 7 2
581 339
1 8 2
680 99
1 15 2
209 105
1 4 2
352 87
1 8 2
787 17
1 15 2
112 146
1 2 2
365 2
1 15 2
798 150
1 7 2
172 149
1 8 2
273 634
1 10 2
496 180
1 7 2
43 796
1 5 2
356 593
1 12 2
672 405
1 3 2
624 650
1 13 2
611 177
1 13 2
564 262
1 9 2
735 745
1 14 2
549 443
1 7 2
374 401
1 7 2
89 560
1 13 2
435 175
1 12 2
379 538
1 6 2
197 409
1 13 2
154 432
1 9 2
42 505
1 5 2
414 406
1 9 2
246 212
1 15 2
270 399
1 4 2
50 190
1 11 2
13 297
1 14 2
761 631
1 5 2
372 624
1 3 2
459 5
1 10 2
522 722
1 9 2
151 664
1 8 2
310 430
1 12 2
796 414
1 4 2
658 656
1 9 2
542 781
1 6 2
441 231
1 11 2
473 545
1 15 2
428 456
1 2 2
586 333
1 15 2
160 97
1 2 2
96 5
1 6 2
751 166
1 3 2
245 436
1 12 2
783 654
1 4 2
639 580
1 14 2
340 326
1 4 2
524 315
1 6 2
442 359
1 12 2
544 198
1 9 2
271 683
1 9 2
305 300
1 4 2
20 143
1 2 2
466 340
1 4 2
160 123
1 9 2
294 388
1 15 2
384 691
1 13 2
207 432
1 11 2
775 301
1 11 2
715 280
1 2 2
25 342
1 6 2
352 380
1 14 2
498 407
1 5 2
651 29
1 9 2
792 676
1 12 2
700 455
1 15 2
743 749
1 9 2
642 10
1 6 2
107 397
1 3 2
559 70
1 11 2
581 589
1 5 2
463 238
1 7 2
544 56
1 12 2
388 456
1 10 2
467 365
1 5 2
517 773
1 5 2
556 258
1 2 2
661 99
1 3 2
300 641
1 4 2
775 305
1 5 2
161 250
1 6 2
729 48
1 8 2
483 608
1 4 2
764 620
1 9 2
794 532
1 11 2
598 610
1 14 2
8 749
1 4 2
12 158
1 12 2
121 234
1 7 2
39 559
1 3 2
574 264
1 2 2
173 798
1 10 2
246 146
1 14 2
486 552
1 2 2
310 19
1 9 2
619 204
1 3 2
590 131
1 14 2
417 63
1 15 2
562 183
1 15 2
583 124
1 12 2
690 194
1 15 2
725 570
1 9 2
615 627
1 12 2
163 299
1 12 2
102 108
1 9 2
712 30
1 9 2
158 234
1 11 2
311 229
1 2 2
486 44
1 10 2
770 136
1 2 2
334 144
1 3 2
148 560
1 8 2
246 257
1 6 2
714 737
1 10 2
339 5
1 7 2
650 225
1 9 2
72 211
1 9 2
411 310
1 12 2
151 388
1 15 2
383 187
1 15 2
382 453
1 14 2
316 627
1 2 2
55 49
1 9 2
47 188
1 9 2
493 481
1 10 2
193 352
1 8 2
581 399
1 5 2
558 261
1 5 2
737 125
1 13 2
765 324
1 9 2
769 92
1 13 2
544 280
1 6 2
626 653
1 3 2
581 308
1 3 2
543 287
1 8 2
301 514
1 11 2
429 140
1 5 2
579 569
1 15 2
789 679
1 14 2
684 412
1 15 2
85 413
1 13 2
100 495
1 13 2
175 192
1 14 2
29 575
1 14 2
509 567
1 8 2
576 249
1 15 2
245 603
1 5 2
791 533
1 5 2
40 170
1 5 2
655 381
1 11 2
583 169
1 3 2
732 255
1 14 2
737 743
1 15 2
95 623
1 3 2
677 754
1 12 2
341 150
1 15 2
605 654
1 12 2
719 712
1 2 2
388 250
1 14 2
167 351
1 2 2
441 779
1 15 2
602 434
1 14 2
510 585
1 15 2
391 13
1 6 2
548 462
1 14 2
756 243
1 13 2
232 488
1 8 2
683 469
1 2 2
536 286
1 10 2
48 314
1 9 2
604 739
1 14 2
474 391
1 15 2
95 743
1 2 2
154 461
1 9 2
620 407
1 4 2
585 449
1 9 2
22 48
1 11 2
468 320
1 2 2
163 692
1 10 2
84 140
1 4 2
504 615
1 14 2
641 685
1 10 2
404 312
1 4 2
86 76
1 7 2
168 627
1 4 2
158 254
1 14 2
209 610
1 5 2
157 689
1 13 2
196 578
1 8 2
19 624
1 14 2
509 663
1 6 2
208 514
1 2 2
315 287
1 3 2
656 753
1 13 2
270 601
1 3 2
113 596
1 10 2
193 384
1 7 2
465 155
1 4 2
258 171
1 5 2
614 21
1 4 2
300 82
1 12 2
455 580
1 15 2
682 185
1 5 2
372 558
1 8 2
452 642
1 10 2
619 470
1 5 2
147 467
1 2 2
404 247
1 5 2
695 523
1 6 2
624 500
1 15 2
190 277
1 2 2
342 198
1 3 2
566 652
1 9 2
335 709
1 6 2
281 30
1 15 2
429 527
1 13 2
765 520
1 2 2
562 312
1 2 2
539 124
1 13 2
424 743
1 15 2
407 384
1 2 2
253 760
1 6 2
449 164
1 13 2
790 185
1 7 2
30 335
1 4 2
472 175
1 10 2
577 648
1 9 2
11 635
1 11 2
333 605
1 11 2
512 787
1 2 2
564 570
1 7 2
95 211
1 2 2
730 777
1 14 2
478 195
1 9 2
188 126
1 7 2
423 145
1 5 2
552 306
1 13 2
104 83
1 10 2
21 569
1 7 2
139 102
1 2 2
236 638
1 5 2
362 309
1 13 2
210 452
1 7 2
365 770
1 2 2
447 25
1 15 2
776 228
1 12 2
332 298
1 2 2
398 79
1 4 2
544 487
1 5 2
266 20
1 11 2
545 266
1 6 2
352 591
1 6 2
347 511
1 5 2
474 599
1 11 2
331 49
1 9 2
265 180
1 9 2
359 329
1 3 2
469 344
1 2 2
521 707
1 3 2
368 524
1 15 2
240 613
1 7 2
736 583
1 9 2
98 204
1 8 2
614 665
1 11 2
792 342
1 3 2
468 444
1 10 2
579 280
1 3 2
536 325
1 11 2
718 333
1 15 2
531 772
1 6 2
308 312
1 11 2
405 285
1 11 2
403 702
1 7 2
400 511
1 5 2
518 428
1 9 2
625 391
1 9 2
325 17
1 9 2
142 520
1 14 2
629 11
1 8 2
772 496
1 4 2
277 200
1 9 2
565 231
1 4 2
282 217
1 5 2
428 630
1 5 2
551 169
1 11 2
389 280
1 5 2
649 663
1 6 2
791 790
1 4 2
192 87
1 3 2
363 488
1 8 2
766 623
1 11 2
241 431
1 4 2
127 273
1 7 2
694 692
1 11 2
220 444
1 5 2
138 353
1 8 2
153 526
1 4 2
681 239
1 8 2
70 771
1 15 2
345 626
1 10 2
244 688
1 6 2
643 653
1 10 2
325 83
1 3 2
529 518
1 4 2
40 446
1 2 2
116 166
1 4 2
510 715
1 8 2
483 26
1 13 2
559 203
1 9 2
99 697
1 8 2
738 509
1 8 2
542 423
1 7 2
482 102
1 10 2
156 37
1 3 2
9 271
1 11 2
257 316
1 4 2
90 621
1 9 2
114 435
1 9 2
778 518
1 11 2
488 358
1 14 2
482 757
1 5 2
767 781
1 13 2
132 430
1 6 2
506 224
1 13 2
643 661
1 6 2
324 348
1 11 2
741 520
1 8 2
484 21
1 3 2
591 556
1 10 2
14 17
1 14 2
347 185
1 15 2
498 317
1 6 2
329 527
1 14 2
118 207
1 5 2
354 56
1 6 2
642 488
1 5 2
603 590
1 4 2
123 505
1 9 2
181 127
1 12 2
31 659
1 10 2
542 490
1 4 2
18 181
1 7 2
358 297
1 6 2
146 792
1 3 2
259 124
1 2 2
236 444
1 2 2
242 479
1 12 2
181 784
1 12 2
144 400
1 9 2
225 689
1 13 2
710 128
1 15 2
262 602
1 10 2
533 72
1 7 2
680 343
1 9 2
606 288
1 14 2
556 416
1 3 2
781 158
1 7 2
747 519
1 7 2
629 617
1 4 2
551 231
1 12 2
207 233
1 14 2
613 300
1 12 2
704 111
1 12 2
647 33
1 8 2
792 37
1 9 2
88 380
1 15 2
515 75
1 8 2
445 696
1 15 2
216 416
1 10 2
796 511
1 4 2
158 747
1 9 2
244 284
1 4 2
358 526
1 15 2
255 288
1 15 2
520 699
1 11 2
339 670
1 2 2
493 380
1 11 2
472 160
1 5 2
355 445
1 7 2
560 261
1 11 2
240 317
1 13 2
726 709
1 6 2
659 536
1 11 2
291 385
1 11 2
489 298
1 2 2
220 377
1 3 2
126 167
1 10 2
753 715
1 11 2
413 231
1 14 2
681 385
1 12 2
588 353
1 5 2
158 770
1 2 2
287 430
1 14 2
664 224
1 9 2
154 246
1 13 2
767 279
1 2 2
254 591
1 12 2
208 349
1 15 2
341 387
1 10 2
714 104
1 5 2
161 287
1 11 2
137 724
1 13 2
55 409
1 12 2
208 702
1 2 2
600 490
1 7 2
740 535
1 7 2
747 584
1 6 2
363 635
1 7 2
79 338
1 5 2
656 657
1 3 2
275 554
1 11 2
501 305
1 11 2
412 63
1 4 2
151 526
1 4 2
236 202
1 7 2
631 291
1 6 2
416 744
1 8 2
73 612
1 4 2
781 442
1 9 2
706 566
1 6 2
670 220
1 9 2
299 682
1 9 2
655 634
1 13 2
129 701
1 4 2
282 14
1 3 2
794 146
1 2 2
22 487
1 6 2
201 60
1 4 2
588 469
1 2 2
3 333
1 8 2
28 626
1 2 2
236 623
1 4 2
14 392
1 15 2
450 541
1 7 2
167 797
1 2 2
224 543
1 13 2
444 197
1 2 2
207 388
1 9 2
16 339
1 14 2
718 174
1 4 2
495 790
1 12 2
387 241
1 10 2
501 537
1 4 2
259 160
1 14 2
586 171
1 2 2
438 375
1 8 2
61 451
1 5 2
42 190
1 11 2
141 494
1 12 2
54 724
1 14 2
304 161
1 13 2
700 548
1 6 2
243 235
1 2 2
533 592
1 10 2
149 23
1 10 2
176 607
1 10 2
481 9
1 11 2
717 627
1 3 2
361 463
1 15 2
684 576
1 12 2
762 571
1 2 2
541 318
1 10 2
59 492
1 14 2
495 781
1 8 2
397 621
1 3 2
678 584
1 12 2
349 682
1 3 2
253 401
1 6 2
134 210
1 3 2
758 283
1 6 2
703 553
1 13 2
371 90
1 15 2
322 682
1 4 2
223 307
1 3 2
84 582
1 5 2
129 424
1 14 2
77 743
1 14 2
619 514
1 5 2
646 109
1 13 2
283 70
1 4 2
527 102
1 2 2
644 773
1 3 2
718 311
1 12 2
289 87
1 9 2
303 603
1 15 2
177 405
1 2 2
389 243
1 13 2
640 37
1 5 2
643 663
1 12 2
125 388
1 2 2
648 151
1 2 2
76 603
1 15 2
681 88
1 8 2
196 111
1 9 2
796 375
1 3 2
525 180
1 12 2
391 789
1 10 2
615 121
1 10 2
120 635
1 12 2
773 397
1 14 2
385 530
1 11 2
171 531
1 6 2
234 37
1 3 2
613 577
1 5 2
426 571
1 13 2
557 631
1 6 2
82 447
1 13 2
212 768
1 2 2
259 94
1 7 2
419 362
1 11 2
601 562
1 13 2
773 515
1 4 2
321 690
1 8 2
468 344
1 4 2
633 210
1 9 2
103 791
1 7 2
353 415
1 14 2
290 135
1 14 2
615 677
1 3 2
783 629
1 8 2
325 612
1 11 2
769 508
1 14 2
189 47
1 2 2
154 787
1 9 2
708 433
1 9 2
307 738
1 3 2
35 642
1 2 2
329 320
1 9 2
192 788
1 15 2
358 590
1 13 2
618 15
1 6 2
200 504
1 13 2
734 365
1 12 2
472 686
1 7 2
492 539
1 3 2
103 793
1 4 2
640 332
1 14 2
331 444
1 11 2
208 374
1 8 2
440 171
1 13 2
211 492
1 9 2
616 212
1 13 2
702 603
1 12 2
65 419
1 14 2
386 635
1 5 2
247 608
1 9 2
729 173
1 9 2
41 642
1 6 2
759 99
1 9 2
797 393
1 15 2
212 427
1 7 2
331 252
1 6 2
310 565
1 2 2
148 540
1 15 2
734 733
1 14 2
330 82
1 14 2
398 29
1 13 2
616 277
1 4 2
677 420
1 2 2
675 245
1 15 2
234 138
1 9 2
391 237
1 15 2
80 405
1 14 2
605 638
1 11 2
153 499
1 3 2
168 799
1 7 2
485 146
1 6 2
186 794
1 9 2
66 616
1 15 2
175 98
1 6 2
63 376
1 6 2
562 16
1 8 2
605 524
1 5 2
751 581
1 10 2
522 765
1 4 2
439 705
1 2 2
677 369
1 5 2
692 431
1 6 2
143 176
1 9 2
73 351
1 3 2
160 373
1 15 2
726 96
1 12 2
93 487
1 9 2
565 568
1 9 2
373 90
1 15 2
794 319
1 5 2
747 618
1 3 2
631 592
1 9 2
305 700
1 7 2
434 586
1 9 2
799 488
1 8 2
611 237
1 3 2
338 152
1 2 2
157 260
1 14 2
162 606
1 7 2
167 242
1 12 2
176 297
1 15 2
594 459
1 11 2
730 161
1 4 2
720 725
1 13 2
540 641
1 5 2
223 245
1 2 2
638 6
1 6 2
601 136
1 6 2
353 465
1 9 2
415 729
1 4 2
122 734
1 14 2
251 228
1 4 2
360 564
1 9 2
152 225
1 11 2
319 264
1 4 2
518 186
1 13 2
711 224
1 13 2
2 470
1 13 2
669 107
1 4 2
271 46
1 13 2
473 203
1 5 2
717 744
1 10 2
543 281
1 14 2
441 511
1 13 2
758 461
1 2 2
277 646
1 15 2
350 788
1 13 2
344 149
1 6 2
22 132
1 2 2
235 425
1 14 2
295 218
1 5 2
592 370
1 4 2
227 160
1 11 2
548 683
1 12 2
553 538
1 2 2
168 448
1 9 2
89 525
1 8 2
52 97
1 7 2
64 13
1 9 2
427 603
1 3 2
144 634
1 6 2
690 258
1 14 2
711 451
1 5 2
643 3
1 6 2
730 256
1 13 2
564 675
1 5 2
506 777
1 4 2
768 560
1 2 2
426 389
1 15 2
276 81
1 6 2
2 287
1 12 2
593 381
1 2 2
1 779
1 8 2
735 402
1 8 2
596 415
1 12 2
672 559
1 9 2
37 3
1 13 2
663 244
1 12 2
499 95
1 5 2
459 778
1 12 2
739 763
1 11 2
429 77
1 5 2
176 439
1 9 2
681 190
1 10 2
652 449
1 10 2
537 728
1 3 2
435 643
1 9 2
114 644
1 9 2
680 545
1 13 2
570 633
1 6 2
670 252
1 9 2
671 93
1 12 2
38 565
1 13 2
665 313
1 2 2
41 116
1 4 2
12 238
1 10 2
737 223
1 9 2
557 658
1 9 2
657 182
1 6 2
244 671
1 2 2
41 415
1 7 2
460 428
1 9 2
401 78
1 8 2
77 579
1 15 2
513 510
1 10 2
541 492
1 9 2
702 563
1 4 2
650 514
1 6 2
737 667
1 12 2
124 354
1 15 2
555 90
1 10 2
221 338
1 10 2
146 505
1 7 2
240 401
1 11 2
712 795
1 11 2
299 412
1 7 2
478 252
1 5 2
673 632
1 15 2
611 220
1 14 2
789 250
1 12 2
751 114
1 9 2
581 34
1 9 2
568 641
1 5 2
520 697
1 10 2
221 109
1 11 2
164 275
1 10 2
748 530
1 11 2
299 38
1 6 2
269 329
1 15 2
784 252
1 6 2
232 628
1 10 2
542 731
1 6 2
85 533
1 15 2
133 312
1 15 2
274 91
1 7 2
791 162
1 2 2
26 695
1 10 2
588 677
1 3 2
125 286
1 4 2
273 530
1 15 2
353 752
1 3 2
196 656
1 8 2
755 169
1 12 2
577 349
1 14 2
175 505
1 13 2
51 167
1 7 2
82 324
1 6 2
580 316
1 11 2
143 434
1 9 2
442 778
1 15 2
388 90
1 5 2
621 336
1 11 2
436 299
1 15 2
557 352
1 5 2
385 351
1 2 2
95 138
1 10 2
712 548
1 10 2
403 560
1 4 2
620 611
1 15 2
572 283
1 10 2
181 799
1 12 2
740 625
1 9 2
385 356
1 9 2
760 473
1 6 2
77 672
1 3 2
239 80
1 15 2
506 722
1 9 2
581 12
1 14 2
27 408
1 3 2
24 66
1 9 2
38 183
1 14 2
490 332
1 10 2
47 318
1 3 2
48 549
1 8 2
511 604
1 7 2
132 224
1 4 2
53 249
1 15 2
496 513
1 10 2
135 53
1 9 2
690 504
1 12 2
767 381
1 13 2
30 775
1 15 2
54 670
1 12 2
545 711
1 15 2
692 68
1 3 2
676 477
1 5 2
57 231
1 2 2
756 601
1 7 2
536 518
1 8 2
431 669
1 10 2
654 605
1 9 2
75 338
1 9 2
558 228
1 10 2
431 18
1 6 2
542 668
1 4 2
71 33
1 15 2
648 707
1 6 2
119 555
1 14 2
396 226
1 6 2
356 312
1 3 2
665 657
1 4 2
144 649
1 11 2
125 687
1 15 2
215 495
1 13 2
648 256
1 3 2
566 20
1 3 2
334 295
1 12 2
33 777
1 4 2
253 424
1 10 2
369 538
1 6 2
176 736
1 15 2
785 401
1 8 2
538 66
1 3 2
706 60
1 11 2
789 712
1 7 2
461 703
1 15 2
354 216
1 3 2
537 92
1 11 2
701 537
1 2 2
446 738
1 15 2
186 769
1 10 2
400 85
1 8 2
784 433
1 14 2
204 65
1 7 2
71 361
1 7 2
519 776
1 3 2
510 257
1 12 2
153 400
1 14 2
41 348
1 2 2
394 514
1 7 2
383 50
1 8 2
559 167
1 3 2
303 105
1 6 2
153 17
1 9 2
584 120
1 7 2
150 691
1 5 2
227 729
1 3 2
213 328
1 14 2
721 113
1 2 2
58 760
1 15 2
16 260
1 8 2
348 561
1 15 2
769 205
1 11 2
769 164
1 6 2
88 237
1 11 2
407 151
1 4 2
262 309
1 2 2
0 679
1 9 2
305 641
1 7 2
389 487
1 7 2
148 708
1 6 2
729 13
1 11 2
113 546
1 3 2
218 150
1 11 2
680 485
1 7 2
468 175
1 10 2
485 180
1 14 2
383 348
1 6 2
582 158
1 10 2
771 438
1 4 2
104 89
1 4 2
246 331
1 7 2
194 521
1 11 2
16 621
1 2 2
716 620
1 2 2
177 208
1 11 2
220 517
1 15 2
44 341
1 12 2
316 128
1 12 2
593 19
1 15 2
230 764
1 6 2
328 3
1 4 2
582 642
1 11 2
191 479
1 5 2
622 243
1 6 2
56 570
1 8 2
152 544
1 3 2
395 656
1 14 2
263 631
1 10 2
166 785
1 12 2
100 137
1 12 2
798 33
1 3 2
149 401
1 8 2
773 106
1 6 2
506 37
1 2 2
473 214
1 6 2
274 513
1 10 2
634 489
1 3 2
96 440
1 5 2
653 758
1 9 2
150 554
1 5 2
93 523
1 13 2
448 294
1 4 2
625 156
1 2 2
231 67
1 12 2
432 98
1 14 2
711 589
1 12 2
656 624
1 6 2
540 205
1 5 2
141 564
1 8 2
719 62
1 3 2
10 87
1 15 2
799 349
1 14 2
419 196
1 15 2
1 691
1 11 2
386 361
1 10 2
788 78
1 8 2
355 109
1 12 2
378 757
1 5 2
713 596
1 2 2
301 417
1 14 2
706 589
1 15 2
668 759
1 14 2
644 387
1 10 2
794 318
1 3 2
79 508
1 12 2
473 56
1 11 2
93 406
1 15 2
206 770
1 14 2
146 195
1 3 2
260 545
1 4 2
241 697
1 4 2
125 133
1 11 2
566 549
1 13 2
24 593
1 10 2
328 80
1 7 2
794 676
1 4 2
28 423
1 10 2
630 712
1 13 2
27 752
1 13 2
780 285
1 14 2
524 235
1 2 2
645 681
1 8 2
447 775
1 3 2
592 296
1 9 2
666 607
1 4 2
316 174
1 7 2
501 52
1 4 2
210 229
1 13 2
474 208
1 10 2
680 752
1 5 2
788 78
1 6 2
620 392
1 13 2
575 451
1 8 2
410 87
1 2 2
242 70
1 4 2
466 783
1 14 2
204 449
1 5 2
693 364
1 11 2
43 70
1 10 2
1 778
1 13 2
120 222
1 7 2
173 414
1 2 2
756 457
1 13 2
37 780
1 8 2
353 684
1 14 2
49 92
1 11 2
306 554
1 3 2
609 780
1 3 2
434 324
1 11 2
118 339
1 15 2
157 233
1 5 2
397 456
1 14 2
411 361
1 7 2
305 552
1 7 2
575 645
1 2 2
498 666
1 8 2
700 677
1 15 2
793 737
1 4 2
383 344
1 7 2
634 632
1 3 2
112 75
1 12 2
656 689
1 14 2
760 552
1 11 2
62 626
1 8 2
148 666
1 8 2
159 596
1 15 2
109 23
1 10 2
338 253
1 9 2
57 74
1 5 2
129 497
1 11 2
419 462
1 8 2
656 532
1 3 2
765 683
1 7 2
243 391
1 2 2
664 537
1 9 2
144 343
1 13 2
223 727
1 7 2
690 492
1 2 2
579 244
1 4 2
14 343
1 4 2
616 571
1 10 2
713 303
1 5 2
771 594
1 11 2
313 511
1 7 2
309 651
1 3 2
761 461
1 4 2
765 570
1 5 2
312 236
1 11 2
189 507
1 2 2
124 315
1 12 2
198 81
1 2 2
662 522
1 8 2
473 17
1 7 2
77 760
1 14 2
523 84
1 11 2
766 342
1 14 2
695 362
1 13 2
736 264
1 9 2
103 576
1 5 2
386 404
1 9 2
285 150
1 6 2
726 713
1 3 2
225 229
1 9 2
367 415
1 5 2
111 178
1 3 2
480 612
1 13 2
759 776
1 3 2
231 69
1 4 2
484 91
1 5 2
519 327
1 5 2
612 419
1 10 2
340 746
1 5 2
47 46
1 6 2
198 585
1 5 2
192 761
1 6 2
739 496
1 6 2
184 534
1 3 2
533 571
1 9 2
777 603
1 5 2
441 156
1 15 2
61 576
1 14 2
289 547
1 3 2
272 106
1 12 2
472 348
1 6 2
207 95
1 7 2
693 445
1 13 2
320 386
1 6 2
444 573
1 2 2
780 244
1 5 2
775 232
1 14 2
544 569
1 4 2
250 183
1 13 2
589 774
1 5 2
671 493
1 11 2
199 246
1 4 2
602 459
1 9 2
449 14
1 9 2
143 268
1 15 2
23 132
1 8 2
729 519
1 5 2
486 702
1 6 2
617 471
1 15 2
140 724
1 6 2
508 603
1 7 2
724 396
1 7 2
183 324
1 10 2
403 440
1 9 2
760 32
1 12 2
410 331
1 2 2
703 322
1 6 2
280 573
1 14 2
194 669
1 10 2
596 103
1 5 2
212 200
1 7 2
689 487
1 2 2
253 751
1 11 2
132 278
1 8 2
147 443
1 15 2
462 237
1 6 2
468 107
1 12 2
485 115
1 9 2
119 742
1 2 2
466 211
1 5 2
145 752
1 7 2
592 325
1 11 2
163 468
1 14 2
570 545
1 14 2
708 412
1 12 2
335 190
1 15 2
436 717
1 3 2
774 201
1 9 2
62 86
1 6 2
113 644
1 4 2
777 400
1 2 2
443 122
1 4 2
184 40
1 15 2
74 559
1 2 2
588 160
1 5 2
32 704
1 11 2
176 391
1 14 2
798 277
1 11 2
46 400
1 13 2
511 727
1 7 2
620 555
1 9 2
430 4
1 5 2
402 347
1 3 2
340 330
1 5 2
673 324
1 3 2
58 222
1 6 2
184 588
1 7 2
73 179
1 2 2
36 512
1 6 2
462 603
1 9 2
112 601
1 13 2
57 639
1 12 2
451 401
1 2 2
191 652
1 9 2
506 781
1 3 2
629 627
1 12 2
724 753
1 4 2
695 678
1 8 2
661 776
1 8 2
476 337
1 11 2
325 119
1 5 2
73 588
1 12 2
625 781
1 14 2
113 701
1 9 2
439 466
1 7 2
769 552
1 11 2
452 26
1 12 2
782 400
1 8 2
573 574
1 15 2
210 626
1 9 2
444 499
1 10 2
728 667
1 5 2
400 405
1 9 2
240 439
1 15 2
384 366
1 12 2
132 264
1 15 2
668 739
1 10 2
430 42
1 3 2
115 758
1 9 2
100 626
1 5 2
791 437
1 6 2
104 712
1 13 2
597 30
1 8 2
775 425
1 6 2
399 461
1 3 2
673 295
1 6 2
50 746
1 7 2
584 444
1 15 2
480 43
1 11 2
271 370
1 9 2
97 608
1 10 2
509 107
1 10 2
380 614
1 4 2
354 193
1 5 2
389 21
1 2 2
474 106
1 4 2
681 728
1 5 2
783 420
1 2 2
329 610
1 8 2
783 598
1 15 2
634 191
1 10 2
211 321
1 10 2
422 380
1 14 2
504 600
1 2 2
50 551
1 7 2
224 796
1 11 2
315 759
1 14 2
326 527
1 9 2
294 325
1 7 2
521 729
1 12 2
573 146
1 11 2
752 537
1 7 2
513 497
1 11 2
327 658
1 2 2
426 363
1 13 2
187 774
1 3 2
182 705
1 3 2
260 391
1 15 2
363 785
1 8 2
703 664
1 14 2
444 110
1 12 2
591 130
1 4 2
38 693
1 7 2
705 608
1 9 2
757 88
1 4 2
41 222
1 9 2
342 201
1 12 2
542 118
1 10 2
504 562
1 6 2
413 743
1 11 2
776 269
1 4 2
188 350
1 2 2
110 450
1 7 2
607 584
1 14 2
285 692
1 7 2
165 185
1 3 2
366 148
1 13 2
522 70
1 6 2
222 656
1 5 2
67 593
1 10 2
711 620
1 4 2
667 21
1 12 2
569 124
1 8 2
214 88
1 4 2
798 246
1 5 2
295 186
1 3 2
162 41
1 6 2
507 348
1 14 2
601 270
1 2 2
671 350
1 11 2
137 93
1 6 2
244 653
1 8 2
439 620
1 15 2
522 783
1 15 2
8 92
1 6 2
347 587
1 5 2
180 179
1 6 2
208 230
1 4 2
276 112
1 12 2
280 538
1 12 2
556 783
1 4 2
295 561
1 7 2
369 542
1 10 2
142 513
1 15 2
169 359
1 8 2
522 559
1 9 2
671 412
1 15 2
199 49
1 15 2
232 208
1 15 2
426 668
1 7 2
674 60
1 12 2
46 490
1 4 2
607 777
1 13 2
626 374
1 6 2
14 404
1 3 2
784 680
1 5 2
327 350
1 14 2
637 519
1 5 2
566 271
1 5 2
204 187
1 7 2
177 26
1 7 2
698 553
1 12 2
528 312
1 8 2
141 392
1 6 2
277 74
1 12 2
507 78
1 7 2
277 460
1 5 2
104 19
1 9 2
729 138
1 12 2
298 770
1 8 2
326 339
1 15 2
688 315
1 12 2
668 31
1 4 2
323 437
1 12 2
557 622
1 15 2
754 312
1 14 2
350 176
1 5 2
798 183
1 11 2
611 122
1 7 2
383 297
1 11 2
747 449
1 9 2
785 9
1 3 2
741 152
1 9 2
36 663
1 9 2
524 563
1 5 2
686 635
1 4 2
752 109
1 11 2
239 724
1 9 2
790 734
1 9 2
11 500
1 13 2
134 74
1 6 2
589 525
1 15 2
133 483
1 10 2
150 661
1 7 2
379 487
1 4 2
792 388
1 5 2
699 353
1 3 2
499 114
1 9 2
478 787
1 15 2
547 387
1 5 2
566 487
1 10 2
124 661
1 13 2
322 349
1 11 2
2 192
1 14 2
625 377
1 4 2
351 513
1 4 2
241 280
1 13 2
26 473
1 15 2
607 485
1 2 2
752 582
1 7 2
62 339
1 11 2
129 743
1 8 2
103 83
1 14 2
684 333
1 9 2
293 103
1 4 2
382 5
1 5 2
759 537
1 13 2
84 299
1 9 2
109 502
1 12 2
123 442
1 9 2
13 332
1 6 2
14 717
1 15 2
761 543
1 15 2
480 406
1 15 2
200 789
1 11 2
335 731
1 15 2
214 745
1 6 2
507 387
1 5 2
471 85
1 14 2
119 170
1 7 2
565 338
1 3 2
379 488
1 7 2
473 51
1 5 2
784 663
1 13 2
87 665
1 10 2
136 79
1 6 2
435 652
1 12 2
299 477
1 9 2
738 413
1 6 2
560 132
1 5 2
336 68
1 7 2
254 431
1 6 2
494 631
1 13 2
14 326
1 15 2
460 358
1 12 2
416 535
1 10 2
434 60
1 6 2
562 693
1 8 2
405 777
1 14 2
421 250
1 13 2
531 455
1 9 2
340 236
1 4 2
218 748
1 5 2
794 489
1 15 2
775 95
1 2 2
548 24
1 8 2
468 445
1 15 2
584 25
1 6 2
25 550
1 11 2
651 458
1 14 2
151 799
1 8 2
711 306
1 10 2
581 147
1 4 2
130 65
1 7 2
796 266
1 5 2
395 150
1 6 2
17 63
1 5 2
178 490
1 11 2
176 687
1 11 2
8 580
1 3 2
151 597
1 8 2
423 754
1 9 2
401 314
1 8 2
738 159
1 9 2
767 741
1 4 2
187 385
1 14 2
786 533
1 12 2
233 552
1 13 2
692 328
1 15 2
513 405
1 12 2
58 48
1 7 2
102 717
1 10 2
375 693
1 4 2
83 412
1 15 2
699 590
1 5 2
399 297
1 15 2
448 209
1 5 2
747 764
1 4 2
383 197
1 14 2
610 331
1 2 2
376 479
1 7 2
415 398
1 10 2
155 659
1 3 2
380 216
1 2 2
653 68
1 9 2
547 646
1 10 2
610 121
1 5 2
153 434
1 5 2
285 590
1 3 2
682 313
1 9 2
114 466
1 4 2
309 98
1 14 2
368 779
1 13 2
536 382
1 15 2
562 517
1 8 2
798 308
1 15 2
352 300
1 11 2
639 662
1 9 2
562 416
1 11 2
466 43
1 8 2
446 556
1 3 2
108 289
1 14 2
23 428
1 12 2
408 186
1 5 2
219 501
1 5 2
294 225
1 6 2
190 724
1 4 2
746 429
1 11 2
536 785
1 9 2
179 201
1 4 2
210 89
1 9 2
420 684
1 5 2
456 792
1 12 2
680 372
1 7 2
771 111
1 5 2
600 351
1 3 2
541 656
1 12 2
525 120
1 8 2
94 110
1 13 2
718 237
1 7 2
409 609
1 10 2
234 246
1 3 2
396 382
1 3 2
601 199
1 7 2
318 497
1 12 2
18 651
1 15 2
274 116
1 2 2
53 607
1 12 2
238 780
1 6 2
13 217
1 2 2
556 476
1 8 2
453 755
1 5 2
38 529
1 2 2
579 686
1 5 2
646 384
1 8 2
621 33
1 10 2
276 300
1 15 2
253 573
1 4 2
568 195
1 12 2
43 663
1 12 2
686 53
1 6 2
586 3
1 4 2
742 244
1 8 2
729 274
1 9 2
513 447
1 5 2
551 791
1 2 2
730 192
1 7 2
785 579
1 8 2
467 601
1 4 2
770 483
1 9 2
690 468
1 15 2
652 93
1 2 2
624 762
1 14 2
528 787
1 9 2
572 287
1 7 2
122 672
1 12 2
286 199
1 7 2
22 213
1 11 2
524 366
1 2 2
291 431
1 15 2
509 84
1 10 2
680 357
1 2 2
460 188
1 3 2
558 48
1 9 2
283 745
1 7 2
44 613
1 10 2
138 495
1 10 2
181 635
1 7 2
600 413
1 12 2
785 461
1 2 2
251 684
1 4 2
48 743
1 14 2
471 668
1 2 2
575 8
1 9 2
783 329
1 7 2
529 730
1 7 2
503 288
1 14 2
157 197
1 7 2
469 518
1 10 2
681 142
1 11 2
681 302
1 2 2
406 673
1 6 2
289 39
1 4 2
7 384
1 5 2
788 410
1 4 2
401 159
1 7 2
541 749
1 6 2
119 669
1 13 2
413 111
1 4 2
45 530
1 15 2
721 522
1 4 2
377 272
1 10 2
650 365
1 10 2
509 694
1 8 2
519 616
1 8 2
572 704
1 8 2
793 463
1 3 2
198 172
1 11 2
307 105
1 12 2
335 630
1 7 2
733 70
1 13 2
768 760
1 8 2
218 89
1 15 2
81 258
1 4 2
325 303
1 6 2
249 637
1 14 2
300 291
1 11 2
438 707
1 6 2
723 262
1 4 2
169 61
1 14 2
286 461
1 15 2
356 699
1 10 2
426 369
1 4 2
235 703
1 8 2
773 605
1 3 2
780 309
1 15 2
201 431
1 10 2
459 555
1 5 2
128 113
1 15 2
266 206
1 13 2
654 296
1 2 2
588 140
1 8 2
291 352
1 3 2
678 673
1 7 2
222 430
1 5 2
784 771
1 9 2
712 207
1 10 2
723 246
1 6 2
686 84
1 7 2
499 736
1 12 2
493 455
1 6 2
348 344
1 4 2
119 50
1 15 2
255 703
1 11 2
59 517
1 6 2
247 573
1 10 2
209 341
1 8 2
423 447
1 3 2
795 174
1 2 2
603 587
1 5 2
423 345
1 7 2
77 170
1 12 2
393 280
1 6 2
266 291
1 14 2
712 568
1 2 2
258 607
1 8 2
353 703
1 10 2
2 586
1 3 2
113 651
1 13 2
749 289
1 14 2
762 346
1 14 2
83 146
1 9 2
239 799
1 12 2
437 51
1 9 2
427 675
1 8 2
681 210
1 3 2
384 155
1 5 2
23 749
1 11 2
561 727
1 7 2
231 171
1 11 2
549 381
1 7 2
316 625
1 12 2
134 665
1 9 2
357 341
1 12 2
549 261
1 12 2
612 492
1 11 2
544 685
1 8 2
141 581
1 14 2
95 58
1 11 2
242 226
1 10 2
27 742
1 15 2
64 533
1 13 2
375 332
1 13 2
649 3
1 5 2
716 309
1 14 2
279 111
1 9 2
462 94
1 12 2
780 339
1 4 2
799 761
1 6 2
302 679
1 8 2
357 630
1 7 2
403 123
1 12 2
711 779
1 9 2
275 790
1 12 2
169 399
1 2 2
132 757
1 15 2
228 735
1 12 2
280 110
1 9 2
345 53
1 10 2
526 113
1 11 2
2 142
1 15 2
447 401
1 10 2
620 148
1 2 2
159 497
1 5 2
733 10
1 2 2
53 779
1 8 2
68 292
1 6 2
413 260
1 2 2
701 444
1 11 2
133 206
1 3 2
748 781
1 15 2
218 792
1 13 2
547 584
1 11 2
727 383
1 8 2
454 396
1 5 2
43 663
1 14 2
680 214
1 11 2
523 779
1 5 2
499 198
1 3 2
370 35
1 9 2
475 441
1 8 2
235 81
1 12 2
143 795
1 14 2
713 480
1 5 2
765 709
1 4 2
274 705
1 13 2
300 401
1 7 2
198 536
1 13 2
798 497
1 14 2
168 560
1 6 2
625 634
1 3 2
502 617
1 6 2
74 527
1 9 2
319 167
1 12 2
559 727
1 8 2
616 572
1 10 2
548 510
1 8 2
585 27
1 14 2
698 277
1 5 2
18 174
1 6 2
677 456
1 13 2
368 719
1 8 2
624 660
1 12 2
725 214
1 2 2
615 121
1 5 2
669 210
1 4 2
674 720
1 13 2
209 310
1 4 2
281 771
1 5 2
646 659
1 4 2
690 646
1 12 2
238 320
1 12 2
363 383
1 7 2
685 445
1 14 2
680 292
1 3 2
396 421
1 10 2
109 516
1 8 2
222 530
1 8 2
465 613
1 15 2
747 523
1 3 2
530 517
1 8 2
434 583
1 8 2
465 124
1 10 2
216 716
1 15 2
374 634
1 10 2
599 370
1 8 2
127 182
1 5 2
257 90
1 10 2
517 482
1 3 2
206 758
1 6 2
435 305
1 7 2
301 728
1 8 2
734 167
1 3 2
548 618
1 4 2
363 250
1 9 2
412 114
1 6 2
699 570
1 15 2
554 425
1 3 2
422 789
1 4 2
552 774
1 5 2
357 97
1 2 2
512 609
1 3 2
66 150
1 11 2
101 651
1 15 2
519 557
1 2 2
632 268
1 10 2
314 567
1 6 2
336 534
1 14 2
723 670
1 7 2
618 228
1 3 2
232 739
1 10 2
471 609
1 14 2
15 273
1 9 2
348 457
1 13 2
729 305
1 6 2
298 144
1 14 2
671 234
1 7 2
649 290
1 15 2
402 604
1 6 2
55 656
1 13 2
149 726
1 14 2
407 733
1 2 2
46 110
1 14 2
219 244
1 8 2
195 97
1 8 2
756 564
1 9 2
772 309
1 6 2
36 281
1 5 2
10 550
1 11 2
201 66
1 6 2
691 188
1 11 2
33 149
1 4 2
708 192
1 10 2
86 482
1 4 2
658 368
1 2 2
2 289
1 5 2
352 17
1 3 2
715 580
1 9 2
532 569
1 7 2
518 576
1 6 2
268 675
1 5 2
44 94
1 10 2
156 526
1 4 2
97 740
1 6 2
88 621
1 5 2
541 273
1 7 2
53 677
1 14 2
13 714
1 10 2
678 261
1 11 2
336 730
1 8 2
599 30
1 6 2
630 770
1 11 2
94 198
1 2 2
658 362
1 6 2
683 657
1 9 2
100 408
1 12 2
715 203
1 8 2
582 88
1 13 2
552 445
1 11 2
552 575
1 11 2
379 722
1 15 2
10 377
1 4 2
413 705
1 2 2
734 202
1 13 2
459 500
1 10 2
329 322
1 6 2
745 747
1 10 2
676 623
1 11 2
112 252
1 12 2
42 119
1 10 2
209 528
1 4 2
144 203
1 8 2
85 745
1 3 2
177 547
1 10 2
638 392
1 15 2
222 461
1 11 2
71 658
1 8 2
283 130
1 8 2
65 270
1 7 2
522 715
1 4 2
409 261
1 8 2
67 186
1 10 2
779 191
1 6 2
690 320
1 10 2
409 739
1 15 2
787 788
1 2 2
418 383
1 2 2
783 565
1 4 2
1 351
1 13 2
200 462
1 3 2
626 773
1 6 2
789 446
1 2 2
736 423
1 8 2
781 306
1 14 2
676 698
1 7 2
714 54
1 5 2
18 335
1 14 2
759 475
1 2 2
56 500
1 8 2
127 729
1 14 2
164 346
1 12 2
760 340
1 14 2
226 257
1 15 2
561 732
1 3 2
190 662
1 5 2
321 206
1 2 2
608 149
1 7 2
753 678
1 8 2
479 263
1 5 2
624 8
1 11 2
609 105
1 3 2
433 275
1 8 2
467 174
1 13 2
174 102
1 14 2
632 334
1 10 2
707 145
1 15 2
189 207
1 13 2
636 437
1 2 2
32 730
1 13 2
710 698
1 2 2
768 141
1 9 2
0 294
1 14 2
380 616
1 9 2
688 722
1 4 2
483 370
1 4 2
618 334
1 13 2
153 146
1 14 2
579 329
1 11 2
672 282
1 10 2
455 752
1 9 2
522 98
1 6 2
355 60
1 11 2
47 150
1 7 2
342 783
1 7 2
425 552
1 10 2
640 561
1 8 2
241 54
1 11 2
352 234
1 14 2
191 466
1 8 2
545 530
1 12 2
670 609
1 12 2
723 127
1 5 2
95 36
1 7 2
303 118
1 12 2
627 364
1 9 2
50 570
1 2 2
383 650
1 7 2
581 795
1 11 2
693 357
1 7 2
39 277
1 8 2
533 743
1 14 2
114 183
1 8 2
618 22
1 4 2
579 657
1 11 2
88 55
1 10 2
128 187
1 14 2
723 524
1 12 2
129 487
1 9 2
9 293
1 2 2
380 591
1 15 2
544 600
1 11 2
795 681
1 2 2
623 201
1 14 2
505 422
1 8 2
527 230
1 7 2
281 775
1 2 2
659 602
1 11 2
206 534
1 5 2
70 427
1 6 2
794 605
1 7 2
491 707
1 2 2
551 366
1 12 2
280 170
1 12 2
234 767
1 12 2
283 493
1 5 2
228 115
1 12 2
250 48
1 5 2
636 69
1 11 2
42 169
1 7 2
531 77
1 2 2
622 471
1 9 2
441 42
1 6 2
544 79
1 5 2
622 574
1 11 2
659 599
1 4 2
779 192
1 7 2
266 334
1 6 2
518 536
1 11 2
759 798
1 6 2
703 377
1 8 2
504 76
1 2 2
237 442
1 15 2
524 508
1 9 2
615 174
1 2 2
344 579
1 7 2
738 352
1 5 2
74 755
1 10 2
619 554
1 2 2
195 715
1 14 2
375 450
1 12 2
692 391
1 6 2
79 393
1 11 2
783 497
1 10 2
300 310
1 3 2
536 795
1 6 2
129 243
1 5 2
112 696
1 11 2
103 601
1 5 2
705 7
1 10 2
681 124
1 6 2
304 115
1 4 2
687 339
1 14 2
335 401
1 10 2
136 356
1 2 2
676 48
1 9 2
670 432
1 6 2
197 190
1 12 2
509 620
1 2 2
290 670
1 7 2
587 443
1 7 2
24 546
1 2 2
412 669
1 6 2
780 490
1 15 2
337 520
1 4 2
146 510
1 10 2
614 676
1 2 2
148 706
1 2 2
689 495
1 2 2
690 55
1 5 2
733 582
1 8 2
179 711
1 10 2
500 431
1 10 2
782 188
1 2 2
38 384
1 15 2
700 606
1 3 2
696 466
1 2 2
149 730
1 8 2
171 405
1 10 2
421 265
1 5 2
150 251
1 5 2
573 671
1 15 2
460 148
1 2 2
652 302
1 3 2
48 277
1 3 2
96 779
1 3 2
183 69
1 9 2
233 769
1 6 2
79 221
1 8 2
579 186
1 13 2
281 691
1 12 2
720 392
1 2 2
255 249
1 5 2
18 755
1 11 2
124 592
1 11 2
297 672
1 14 2
394 536
1 15 2
3 519
1 6 2
505 353
1 5 2
616 288
1 5 2
211 69
1 15 2
694 112
1 13 2
226 797
1 4 2
199 582
1 13 2
157 278
1 6 2
477 598
1 14 2
9 701
1 13 2
200 401
1 6 2
632 291
1 4 2
762 20
1 8 2
546 262
1 7 2
406 618
1 13 2
334 47
1 14 2
421 762
1 11 2
211 644
1 13 2
673 213
1 10 2
496 71
1 9 2
469 542
1 12 2
11 248
1 11 2
568 634
1 7 2
756 416
1 8 2
62 718
1 8 2
395 520
1 15 2
330 132
1 14 2
383 97
1 10 2
642 188
1 14 2
182 328
1 7 2
211 568
1 8 2
564 733
1 12 2
390 784
1 15 2
580 128
1 10 2
643 580
1 12 2
293 357
1 11 2
763 27
1 8 2
45 691
1 15 2
85 665
1 12 2
309 711
1 7 2
624 515
1 10 2
698 387
1 8 2
514 412
1 11 2
178 121
1 7 2
274 489
1 7 2
339 526
1 5 2
85 113
1 5 2
78 523
1 11 2
33 715
1 15 2
475 283
1 2 2
265 62
1 9 2
659 508
1 11 2
627 271
1 4 2
133 295
1 5 2
673 778
1 4 2
251 83
1 8 2
301 311
1 5 2
683 654
1 13 2
265 64
1 13 2
734 497
1 3 2
59 435
1 13 2
233 443
1 11 2
70 699
1 3 2
765 194
1 3 2
694 118
1 6 2
685 403
1 8 2
503 166
1 9 2
382 203
1 13 2
382 306
1 4 2
167 373
1 2 2
369 19
1 3 2
325 617
1 11 2
35 256
1 14 2
672 107
1 8 2
392 311
1 14 2
70 720
1 6 2
643 693
1 12 2
64 683
1 12 2
488 726
1 4 2
651 97
1 11 2
122 277
1 14 2
152 157
1 14 2
75 386
1 3 2
579 720
1 10 2
752 380
1 13 2
232 507
1 15 2
113 336
1 14 2
324 6
1 10 2
266 93
1 4 2
743 411
1 6 2
713 586
1 11 2
57 497
1 10 2
754 615
1 6 2
476 71
1 12 2
91 59
1 4 2
701 675
1 3 2
100 427
1 12 2
16 111
1 2 2
154 358
1 9 2
299 360
1 15 2
399 208
1 13 2
673 125
1 2 2
435 270
1 15 2
185 78
1 8 2
777 535
1 6 2
235 74
1 9 2
461 522
1 7 2
416 278
1 14 2
509 193
1 4 2
155 419
1 9 2
3 588
1 4 2
76 376
1 5 2
781 611
1 5 2
711 693
1 10 2
776 757
1 14 2
659 764
1 5 2
19 706
1 4 2
670 607
1 10 2
366 238
1 7 2
3 22
1 13 2
294 439
1 12 2
443 530
1 7 2
85 375
1 5 2
408 178
1 2 2
93 416
1 5 2
295 62
1 8 2
165 39
1 8 2
308 769
1 3 2
132 658
1 4 2
174 59
1 9 2
544 130
1 3 2
230 470
1 3 2
384 130
1 4 2
39 717
1 12 2
70 288
1 4 2
295 298
1 4 2
439 320
1 4 2
65 519
1 14 2
451 30
1 2 2
528 213
1 7 2
304 78
1 11 2
638 185
1 15 2
252 775
1 13 2
510 558
1 4 2
487 170
1 10 2
554 481
1 15 2
434 156
1 12 2
614 640
1 4 2
643 535
1 11 2
325 167
1 11 2
465 529
1 4 2
707 539
1 4 2
678 32
1 9 2
643 237
1 5 2
122 265
1 12 2
375 650
1 14 2
729 77
1 14 2
692 314
1 8 2
318 771
1 8 2
34 566
1 4 2
747 403
1 10 2
544 131
1 4 2
562 688
1 14 2
139 732
1 12 2
339 83
1 7 2
703 240
1 14 2
240 108
1 15 2
795 340
1 8 2
724 84
1 12 2
487 405
1 14 2
147 357
1 15 2
115 251
1 5 2
558 475
1 2 2
692 176
1 11 2
772 557
1 2 2
406 404
1 13 2
442 269
1 3 2
639 520
1 8 2
132 203
1 11 2
710 341
1 12 2
207 538
1 2 2
287 753
1 8 2
53 775
1 15 2
564 41
1 15 2
116 103
1 7 2
285 302
1 3 2
335 778
1 6 2
624 41
1 9 2
478 564
1 13 2
685 154
1 10 2
798 260
1 4 2
202 83
1 12 2
728 503
1 4 2
191 488
1 14 2
759 64
1 6 2
393 388
1 12 2
598 367
1 13 2
588 449
1 3 2
114 450
1 13 2
690 15
1 13 2
551 280
1 11 2
335 773
1 11 2
661 477
1 6 2
4 547
1 9 2
481 623
1 6 2
592 51
1 14 2
492 787
1 9 2
234 717
1 5 2
424 425
1 10 2
796 56
1 13 2
230 239
1 13 2
568 27
1 14 2
668 488
1 5 2
100 588
1 10 2
44 312
1 10 2
685 463
1 7 2
489 93
1 14 2
794 580
1 13 2
539 455
1 11 2
400 641
1 4 2
75 286
1 13 2
172 496
1 11 2
478 304
1 9 2
398 36
1 15 2
215 603
1 7 2
467 315
1 10 2
561 715
1 3 2
407 247
1 7 2
428 363
1 3 2
693 49
1 8 2
246 279
1 13 2
58 238
1 5 2
737 211
1 10 2
587 581
1 9 2
723 520
1 13 2
440 309
1 3 2
220 30
1 15 2
498 685
1 8 2
573 478
1 10 2
452 482
1 12 2
12 548
1 5 2
471 459
1 9 2
348 184
1 3 2
533 242
1 14 2
519 474
1 14 2
28 399
1 7 2
72 363
1 13 2
472 182
1 7 2
768 671
1 10 2
194 402
1 4 2
335 467
1 14 2
29 711
1 3 2
432 107
1 12 2
450 223
1 7 2
45 714
1 2 2
138 21
1 15 2
505 80
1 7 2
74 77
1 10 2
387 54
1 10 2
643 781
1 13 2
329 345
1 2 2
116 726
1 9 2
735 473
1 15 2
453 544
1 14 2
467 382
1 5 2
389 757
1 13 2
25 664
1 10 2
144 226
1 10 2
289 574
1 11 2
88 458
1 10 2
586 401
1 11 2
164 34
1 9 2
632 386
1 14 2
799 614
1 9 2
112 436
1 10 2
568 587
1 2 2
445 336
1 9 2
738 146
1 11 2
452 660
1 13 2
121 142
1 3 2
314 744
1 15 2
161 470
1 4 2
263 59
1 13 2
133 510
1 8 2
280 610
1 3 2
722 416
1 14 2
81 726
1 13 2
766 570
1 12 2
501 60
1 10 2
322 277
1 15 2
784 213
1 6 2
232 327
1 3 2
608 305
1 8 2
31 497
1 5 2
570 612
1 15 2
784 181
1 4 2
165 314
1 12 2
322 104
1 12 2
222 478
1 15 2
750 222
1 14 2
345 13
1 3 2
706 644
1 7 2
106 326
1 3 2
747 261
1 3 2
200 255
1 12 2
779 197
1 12 2
735 459
1 12 2
39 136
1 4 2
738 428
1 15 2
761 24
1 2 2
780 307
1 3 2
444 136
1 15 2
385 559
1 9 2
103 760
1 12 2
12 549
1 2 2
741 86
1 9 2
474 528
1 14 2
265 319
1 4 2
321 337
1 15 2
753 226
1 13 2
458 123
1 11 2
132 265
1 8 2
526 168
1 4 2
154 505
1 11 2
50 699
1 3 2
715 609
1 6 2
420 414
1 14 2
190 57
1 11 2
681 589
1 4 2
606 475
1 8 2
120 59
1 13 2
50 546
1 3 2
297 394
1 2 2
655 689
1 5 2
23 201
1 15 2
510 704
1 11 2
607 280
1 13 2
174 399
1 9 2
679 712
1 8 2
374 93
1 11 2
600 135
1 15 2
234 213
1 4 2
197 387
1 13 2
767 669
1 10 2
122 158
1 10 2
63 253
1 8 2
575 523
1 11 2
752 442
1 5 2
689 552
1 9 2
291 773
1 13 2
419 318
1 9 2
455 432
1 14 2
124 25
1 14 2
726 689
1 7 2
312 540
1 6 2
691 753
1 10 2
424 232
1 12 2
520 724
1 5 2
466 651
1 10 2
185 216
1 12 2
236 1
1 4 2
782 12
1 12 2
564 430
1 8 2
192 214
1 10 2
684 564
1 5 2
639 590
1 9 2
94 724
1 8 2
665 210
1 14 2
159 671
1 6 2
763 546
1 5 2
88 308
1 12 2
759 767
1 6 2
638 279
1 5 2
364 103
1 9 2
209 520
1 2 2
606 270
1 6 2
706 339
1 7 2
237 565
1 13 2
511 361
1 8 2
295 695
1 15 2
50 285
1 15 2
716 123
1 6 2
422 436
1 10 2
339 275
1 15 2
195 608
1 11 2
794 613
1 4 2
656 515
1 7 2
141 675
1 13 2
199 715
1 3 2
347 457
1 10 2
302 61
1 4 2
151 156
1 4 2
442 169
1 15 2
500 325
1 6 2
690 560
1 9 2
471 109
1 8 2
650 478
1 15 2
172 306
1 13 2
104 643
1 13 2
67 396
1 15 2
564 309
1 10 2
472 554
1 15 2
31 324
1 3 2
188 799
1 4 2
48 464
1 15 2
766 698
1 13 2
280 650
1 11 2
628 369
1 10 2
324 379
1 15 2
51 529
1 6 2
245 182
1 13 2
276 32
1 12 2
656 460
1 13 2
546 519
1 13 2
561 516
1 2 2
83 67
1 4 2
223 301
1 8 2
37 387
1 12 2
60 97
1 3 2
394 326
1 6 2
498 340
1 15 2
481 249
1 7 2
124 395
1 15 2
140 536
1 11 2
20 468
1 14 2
150 147
1 4 2
748 477
1 12 2
192 57
1 13 2
473 226
1 9 2
602 135
1 13 2
684 774
1 9 2
405 26
1 4 2
108 340
1 8 2
799 25
1 13 2
552 526
1 10 2
718 58
1 2 2
377 99
1 11 2
8 472
1 10 2
665 713
1 9 2
543 509
1 12 2
657 549
1 7 2
564 694
1 11 2
297 282
1 7 2
14 667
1 14 2
13 793
1 8 2
252 790
1 6 2
11 506
1 8 2
686 198
1 2 2
597 428
1 15 2
214 721
1 14 2
89 82
1 4 2
293 424
1 11 2
455 97
1 3 2
325 7
1 2 2
464 776
1 2 2
698 277
1 9 2
372 455
1 3 2
671 244
1 2 2
788 198
1 4 2
774 372
1 12 2
424 575
1 9 2
33 130
1 3 2
612 566
1 3 2
47 555
1 11 2
332 434
1 2 2
735 766
1 6 2
240 253
1 7 2
670 421
1 15 2
180 792
1 3 2
344 395
1 5 2
558 42
1 13 2
176 641
1 5 2
637 412
1 15 2
237 763
1 13 2
293 431
1 3 2
729 695
1 5 2
313 677
1 2 2
689 791
1 9 2
288 100
1 6 2
48 642
1 5 2
762 272
1 3 2
267 416
1 13 2
530 283
1 11 2
416 388
1 14 2
738 179
1 13 2
447 550
1 12 2
581 157
1 11 2
26 205
1 6 2
161 31
1 7 2
630 755
1 8 2
727 772
1 14 2
288 615
1 5 2
289 422
1 5 2
226 333
1 15 2
314 9
1 6 2
665 311
1 5 2
269 655
1 2 2
251 587
1 2 2
629 644
1 3 2
470 326
1 4 2
200 352
1 8 2
570 21
1 13 2
734 509
1 9 2
578 109
1 6 2
212 443
1 9 2
779 597
1 7 2
233 3
1 14 2
365 296
1 5 2
418 519
1 12 2
457 589
1 14 2
595 625
1 3 2
646 404
1 6 2
652 317
1 11 2
93 553
1 11 2
65 206
1 5 2
44 767
1 2 2
322 404
1 2 2
510 372
1 5 2
482 613
1 15 2
145 221
1 15 2
415 234
1 13 2
85 199
1 7 2
433 301
1 15 2
15 114
1 5 2
123 248
1 15 2
596 450
1 4 2
598 166
1 2 2
574 223
1 13 2
679 68
1 5 2
583 720
1 11 2
532 608
1 5 2
565 132
1 2 2
729 482
1 3 2
215 83
1 2 2
726 704
1 7 2
116 70
1 8 2
235 697
1 12 2
724 721
1 15 2
563 435
1 15 2
744 701
1 6 2
530 184
1 2 2
186 172
1 9 2
258 127
1 12 2
216 599
1 11 2
697 340
1 8 2
350 430
1 5 2
65 780
1 15 2
143 289
1 6 2
56 267
1 4 2
402 580
1 6 2
628 151
1 9 2
364 481
1 11 2
514 393
1 7 2
498 57
1 8 2
75 111
1 5 2
4 419
1 13 2
226 575
1 6 2
798 342
1 9 2
538 237
1 6 2
143 734
1 14 2
107 111
1 3 2
526 371
1 15 2
481 692
1 13 2
674 288
1 5 2
45 166
1 11 2
171 184
1 5 2
187 659
1 4 2
21 478
1 15 2
697 120
1 15 2
384 236
1 4 2
796 454
1 4 2
136 572
1 2 2
105 562
1 8 2
63 450
1 6 2
530 7
1 10 2
395 406
1 6 2
450 740
1 11 2
797 313
1 6 2
58 173
1 11 2
398 95
1 2 2
756 72
1 12 2
130 134
1 8 2
216 759
1 15 2
325 330
1 14 2
365 486
1 12 2
258 740
1 3 2
158 309
1 5 2
289 5
1 7 2
439 377
1 9 2
742 134
1 6 2
590 267
1 15 2
197 492
1 8 2
344 341
1 12 2
141 672
1 14 2
641 183
1 7 2
418 57
1 7 2
724 213
1 9 2
120 523
1 3 2
41 377
1 10 2
321 653
1 8 2
772 501
1 11 2
167 577
1 7 2
372 121
1 8 2
461 767
1 7 2
0 254
1 11 2
128 351
1 14 2
517 632
1 3 2
245 512
1 12 2
687 409
1 5 2
260 418
1 2 2
642 98
1 6 2
275 416
1 5 2
645 746
1 4 2
426 661
1 10 2
66 554
1 3 2
546 621
1 9 2
502 694
1 4 2
199 362
1 5 2
225 699
1 10 2
137 610
1 9 2
625 669
1 11 2
344 546
1 10 2
785 624
1 9 2
321 789
1 12 2
68 757
1 9 2
304 699
1 4 2
702 225
1 15 2
634 438
1 12 2
617 504
1 10 2
490 307
1 12 2
768 298
1 4 2
126 395
1 10 2
562 785
1 15 2
58 626
1 14 2
231 428
1 11 2
346 189
1 4 2
636 210
1 13 2
785 463
1 12 2
613 197
1 5 2
644 309
1 7 2
472 442
1 7 2
297 541
1 4 2
547 110
1 7 2
690 36
1 15 2
691 78
1 8 2
561 73
1 14 2
693 278
1 13 2
724 59
1 13 2
246 569
1 9 2
435 481
1 6 2
473 772
1 7 2
744 794
1 10 2
92 764
1 4 2
686 442
1 9 2
596 579
1 15 2
487 459
1 11 2
612 435
1 4 2
428 117
1 11 2
782 62
1 8 2
537 101
1 10 2
35 309
1 13 2
624 167
1 9 2
94 470
1 7 2
421 706
1 11 2
721 759
1 5 2
591 124
1 14 2
405 378
1 12 2
613 198
1 3 2
639 220
1 6 2
103 435
1 15 2
35 597
1 8 2
45 186
1 4 2
695 673
1 10 2
177 410
1 9 2
176 15
1 4 2
105 670
1 12 2
241 692
1 4 2
770 172
1 13 2
221 155
1 11 2
9 117
1 4 2
586 643
1 3 2
331 17
1 9 2
36 324
1 6 2
258 219
1 6 2
369 484
1 7 2
640 185
1 14 2
14 309
1 8 2
44 169
1 8 2
68 790
1 11 2
375 36
1 3 2
317 21
1 10 2
18 431
1 3 2
324 626
1 5 2
592 250
1 12 2
587 266
1 9 2
271 234
1 5 2
445 712
1 2 2
666 275
1 9 2
340 385
1 3 2
726 162
1 3 2
135 702
1 6 2
17 694
1 15 2
356 541
1 4 2
503 442
1 10 2
243 583
1 5 2
80 259
1 6 2
269 159
1 2 2
49 399
1 2 2
361 426
1 9 2
698 255
1 3 2
271 424
1 3 2
620 276
1 9 2
537 220
1 4 2
659 230
1 10 2
789 670
1 5 2
154 292
1 8 2
375 798
1 2 2
547 304
1 6 2
717 566
1 10 2
653 718
1 15 2
445 9
1 5 2
701 389
1 5 2
573 369
1 7 2
343 384
1 10 2
193 180
1 2 2
707 22
1 9 2
594 309
1 13 2
346 638
1 14 2
81 565
1 6 2
363 282
1 12 2
507 643
1 13 2
602 213
1 7 2
207 81
1 11 2
654 737
1 14 2
123 210
1 2 2
282 669
1 6 2
399 223
1 10 2
678 521
1 7 2
194 276
1 12 2
210 136
1 3 2
705 434
1 10 2
615 471
1 6 2
763 188
1 6 2
708 421
1 8 2
363 464
1 8 2
250 296
1 15 2
160 798
1 5 2
142 309
1 14 2
231 143
1 7 2
147 121
1 14 2
418 159
1 7 2
666 525
1 2 2
286 136
1 8 2
104 431
1 10 2
81 347
1 9 2
310 789
1 8 2
231 399
1 8 2
567 93
1 3 2
257 163
1 6 2
690 344
1 12 2
755 515
1 9 2
483 151
1 13 2
592 177
1 2 2
698 435
1 11 2
660 751
1 11 2
29 75
1 10 2
431 541
1 6 2
480 707
1 3 2
370 132
1 10 2
39 22
1 6 2
306 29
1 10 2
457 582
1 2 2
66 55
1 9 2
340 287
1 9 2
444 414
1 15 2
490 678
1 2 2
676 543
1 6 2
190 587
1 15 2
597 120
1 10 2
222 35
1 13 2
798 118
1 4 2
431 639
1 4 2
663 545
1 14 2
591 539
1 5 2
740 687
1 6 2
400 636
1 15 2
65 110
1 7 2
256 421
1 5 2
621 126
1 4 2
218 324
1 11 2
259 49
1 3 2
691 792
1 6 2
38 270
1 12 2
659 73
1 14 2
398 88
1 7 2
31 453
1 15 2
731 725
1 3 2
300 44
1 11 2
561 343
1 6 2
210 76
1 15 2
528 75
1 2 2
388 647
1 5 2
499 234
1 7 2
632 448
1 11 2
220 425
1 8 2
581 224
1 12 2
334 360
1 11 2
566 71
1 10 2
568 694
1 5 2
56 438
1 10 2
130 650
1 7 2
746 369
1 3 2
553 215
1 12 2
85 693
1 3 2
190 412
1 6 2
1 37
1 15 2
222 686
1 12 2
796 191
1 6 2
622 438
1 5 2
264 248
1 12 2
648 51
1 2 2
664 762
1 11 2
653 124
1 5 2
679 653
1 3 2
17 432
1 2 2
653 150
1 14 2
702 44
1 9 2
75 359
1 2 2
165 409
1 7 2
728 554
1 6 2
576 145
1 7 2
601 154
1 9 2
553 578
1 9 2
279 29
1 11 2
271 750
1 10 2
740 634
1 4 2
381 478
1 8 2
252 473
1 10 2
14 605
1 14 2
652 151
1 8 2
428 471
1 2 2
286 316
1 7 2
684 67
1 4 2
412 437
1 10 2
370 621
1 4 2
648 81
1 12 2
422 482
1 6 2
242 246
1 10 2
1 623
1 11 2
250 607
1 6 2
761 202
1 12 2
617 575
1 5 2
84 724
1 7 2
557 424
1 2 2
115 114
1 14 2
703 333
1 6 2
525 585
1 8 2
292 359
1 6 2
572 526
1 11 2
214 578
1 8 2
500 742
1 8 2
625 651
1 10 2
307 716
1 3 2
79 656
1 10 2
567 238
1 5 2
214 206
1 2 2
445 55
1 11 2
334 607
1 15 2
483 268
1 11 2
266 580
1 15 2
388 345
1 11 2
235 633
1 7 2
677 500
1 8 2
491 704
1 9 2
646 432
1 4 2
296 2
1 8 2
65 418
1 3 2
79 254
1 14 2
376 472
1 5 2
701 665
1 5 2
113 123
1 13 2
706 451
1 10 2
349 512
1 9 2
166 197
1 15 2
464 186
1 6 2
375 639
1 4 2
606 394
1 12 2
280 625
1 10 2
381 744
1 14 2
547 694
1 9 2
752 574
1 7 2
131 291
1 10 2
442 246
1 11 2
745 86
1 5 2
721 335
1 6 2
350 49
1 3 2
661 608
