800 6400 2400
16 15 10 21 10 16 11 21 17 7 17 7 10 11 23 14 18 22 16 7 6 10 8 22 5 7 6 15 18 8 19 12 25 11 12 24 20 7 8 8 6 19 8 7 18 9 17 14 7 15 24 5 9 10 14 5 15 11 13 15 20 16 22 18 21 24 15 24 12 10 24 13 20 9 24 23 21 7 8 25 10 13 9 9 11 16 22 5 7 7 18 19 7 12 10 25 11 8 21 8 11 22 20 22 19 16 5 15 17 17 12 13 9 22 16 17 8 13 22 10 14 21 8 24 23 25 20 5 19 11 15 21 8 16 25 11 8 6 12 5 8 6 9 25 19 8 25 21 10 6 14 14 13 15 24 18 8 6 22 19 10 23 5 18 10 13 14 11 11 14 17 25 15 13 6 14 14 8 16 22 12 15 18 5 12 24 6 10 23 24 22 13 13 22 6 19 25 24 25 14 19 13 18 13 19 22 18 11 5 25 7 16 11 15 25 8 7 15 7 16 25 13 22 7 19 19 6 13 16 15 19 5 15 14 22 24 16 25 6 11 25 24 7 9 5 23 11 17 11 6 20 9 8 24 15 20 13 8 5 9 25 14 5 24 14 11 23 11 14 16 24 7 7 25 21 6 11 18 16 14 25 21 22 22 15 19 7 12 8 19 12 18 11 19 24 5 18 24 24 14 10 16 15 15 7 7 17 6 11 10 15 14 14 17 19 10 20 10 8 23 25 23 10 19 9 12 20 24 23 14 12 10 14 23 21 6 7 13 21 25 21 21 20 16 5 5 5 16 15 22 9 11 16 7 15 16 13 21 24 21 24 11 23 18 25 14 15 10 15 13 15 23 21 5 25 10 19 9 19 11 25 23 24 18 10 10 16 11 15 13 20 16 23 18 10 15 19 21 8 10 24 24 13 13 19 18 15 8 7 25 20 7 5 11 11 24 16 21 5 23 24 9 17 22 16 5 19 25 10 6 6 19 16 9 17 22 24 6 7 19 21 24 16 5 18 22 14 7 16 11 18 17 23 9 23 16 19 7 22 21 13 15 7 20 7 15 12 16 8 17 24 25 8 12 17 19 6 20 7 7 11 13 5 15 17 25 14 9 12 19 23 12 23 21 11 11 8 19 7 20 14 18 15 20 22 9 12 8 16 17 25 12 9 7 5 6 8 20 9 20 19 20 5 14 19 14 20 5 5 6 14 5 5 9 23 17 6 11 11 13 5 7 9 19 11 13 7 20 24 5 17 19 19 11 12 20 19 12 23 15 17 11 17 7 7 13 7 18 9 19 15 9 13 7 7 11 19 8 11 17 24 6 16 8 20 19 16 15 15 9 17 17 16 6 7 20 24 5 19 24 14 25 5 16 9 8 14 25 14 18 17 20 18 22 13 22 15 20 23 8 19 6 11 19 21 18 25 23 13 24 5 25 10 9 11 23 9 14 10 5 22 6 15 11 9 6 21 23 6 17 8 8 21 17 8 17 14 16 23 15 5 14 13 20 13 17 25 16 17 17 11 11 19 19 8 11 8 13 10 20 21 20 15 15 5 7 14 18 13 7 10 14 16 7 23 15 9 11 21 13 10 19 8 13 13 11 10 5 20 9 8 21 10 16 5 9 5 14 11 23 7 5 10 23 17 22 16 17 15 21 24 18 21 17 20 21 17 15 20 6 7 5 18 12 7 7 11 25 10 25 5 18 7 14 19 23 17 20 5 11 11 7 20 18 9 5 12 19 11 18 20 9 13 17 14 8 10 25 16 6 10 9 25 19 14 6 24 13 16 13 15 22 13 8 6 13 24 22 22 10
3 16 5 12 9 11 13 15 19 20 16 8 13 5 9 9 5 12 11 12 5 17 16 12 3 7 20 15 17 20 15 10 15 18 3 4 11 12 17 14 13 20 17 13 15 13 12 16 15 12 20 9 11 4 18 3 4 14 10 5 4 16 5 6 19 18 11 10 6 15 13 14 11 19 12 12 9 11 10 18 9 15 10 16 14 10 11 17 10 4 4 20 15 8 3 11 9 10 16 3 14 14 4 13 14 4 3 15 7 3 10 16 5 10 15 20 8 8 12 11 5 6 16 17 14 7 9 16 5 17 11 7 16 19 12 4 16 12 12 8 4 13 16 9 6 14 17 8 11 19 8 6 14 8 17 14 14 19 8 20 19 13 16 12 20 10 12 10 10 5 16 12 13 10 18 14 6 6 16 16 9 20 5 5 4 13 17 13 14 3 10 19 5 9 18 4 16 16 3 7 7 20 10 14 20 7 20 15 12 3 19 20 5 12 13 7 4 14 12 18 14 13 6 15 16 5 20 20 15 5 15 8 3 5 7 18 10 14 12 9 10 6 12 11 4 15 10 8 6 17 16 13 3 11 13 18 8 14 10 12 13 20 12 4 15 11 12 14 4 8 4 13 8 11 13 17 8 17 15 8 9 4 4 20 18 15 5 13 20 9 19 9 15 6 7 8 16 12 17 15 12 9 9 17 4 17 20 10 3 12 12 19 6 18 7 7 10 19 13 5 17 16 13 8 18 3 19 7 10 7 5 19 13 4 20 10 19 19 11 16 20 20 7 6 7 10 12 20 13 16 14 11 9 11 12 19 3 14 12 6 12 16 4 15 11 15 18 12 15 14 3 4 3 13 6 17 10 6 13 16 7 18 13 3 15 10 19 16 3 5 7 3 12 12 12 12 12 7 20 8 9 13 16 16 13 18 13 18 18 7 9 13 17 11 12 15 13 17 3 17 3 13 6 20 20 14 9 12 16 20 10 15 5 14 11 18 9 18 9 7 8 11 3 13 4 8 4 15 13 8 7 9 5 12 3 11 15 14 15 6 5 10 10 17 11 14 4 13 20 20 12 19 17 16 5 8 8 15 17 19 14 3 15 3 14 13 3 15 20 14 9 13 8 18 12 9 10 9 13 19 13 12 12 12 4 9 12 8 9 8 11 8 7 13 12 11 5 11 12 4 16 13 19 6 5 7 5 11 9 4 14 8 14 15 6 16 16 7 12 7 8 14 13 3 18 5 5 4 7 18 3 19 3 13 9 4 3 4 20 8 3 5 15 13 3 19 19 16 8 5 20 8 6 16 19 17 5 10 6 10 10 6 15 11 5 4 18 6 14 12 14 10 11 16 13 10 18 13 4 19 14 5 11 14 13 20 16 3 9 8 13 10 17 15 9 15 18 9 13 8 20 10 6 5 3 12 3 10 20 3 17 9 13 11 19 6 17 11 11 3 20 13 5 18 12 4 20 11 15 18 10 13 5 4 17 9 10 12 9 9 20 20 7 20 15 12 14 15 19 13 7 9 18 4 10 3 12 18 13 6 6 4 9 3 20 10 16 17 6 4 14 5 5 3 7 10 8 5 20 3 10 17 7 18 11 18 8 5 7 13 20 3 18 12 3 12 6 4 15 11 13 6 20 12 14 15 3 3 9 4 12 6 6 8 9 15 10 12 11 14 8 16 9 19 15 12 7 4 10 15 4 14 10 19 18 18 11 14 6 16 16 5 4 4 15 18 19 3 5 11 14 13 11 7 18 20 20 14 14 9 11 16 18 13 6 8 18 13 17 3 18 19 6 14 12 4 9 13 10 18
1 8 2
142 161
1 11 2
589 734
1 9 2
263 744
1 2 2
137 292
1 12 2
226 429
1 15 2
5 206
1 3 2
779 282
1 14 2
395 287
1 8 2
582 715
1 15 2
478 219
1 5 2
786 14
1 8 2
95 498
1 6 2
249 544
1 4 2
529 391
1 14 2
779 292
1 6 2
582 16
1 8 2
736 229
1 12 2
194 306
1 11 2
205 285
1 8 2
461 198
1 8 2
596 168
1 9 2
466 487
1 6 2
458 304
1 8 2
757 138
1 10 2
750 205
1 6 2
104 422
1 6 2
769 642
1 15 2
175 401
1 15 2
770 136
1 3 2
322 484
1 11 2
545 220
1 15 2
694 191
1 14 2
42 274
1 2 2
80 304
1 8 2
631 106
1 6 2
3 285
1 9 2
422 600
1 12 2
408 647
1 9 2
601 247
1 14 2
59 660
1 10 2
567 572
1 8 2
513 416
1 12 2
220 585
1 10 2
350 485
1 10 2
423 112
1 3 2
522 524
1 12 2
233 634
1 2 2
796 3
1 4 2
2 59
1 8 2
288 512
1 4 2
75 49
1 4 2
289 596
1 4 2
359 351
1 8 2
235 518
1 14 2
495 480
1 10 2
223 198
1 9 2
99 318
1 11 2
689 731
1 7 2
199 230
1 9 2
265 511
1 8 2
174 707
1 13 2
767 498
1 6 2
565 413
1 7 2
94 15
1 9 2
584 761
1 2 2
255 224
1 6 2
340 668
1 15 2
216 784
1 12 2
28 539
1 5 2
283 135
1 14 2
747 731
1 14 2
312 49
1 10 2
313 710
1 10 2
21 20
1 6 2
757 251
1 15 2
102 38
1 14 2
230 213
1 4 2
745 227
1 3 2
322 305
1 8 2
419 262
1 5 2
361 275
1 10 2
163 470
1 7 2
660 668
1 2 2
337 653
1 9 2
760 575
1 7 2
243 424
1 12 2
390 468
1 2 2
494 611
1 5 2
55 703
1 9 2
486 621
1 14 2
776 746
1 14 2
158 482
1 9 2
59 181
1 6 2
411 531
1 9 2
253 445
1 12 2
447 335
1 2 2
540 770
1 6 2
642 475
1 9 2
239 761
1 12 2
342 205
1 4 2
208 393
1 13 2
294 370
1 15 2
551 352
1 4 2
579 318
1 3 2
370 690
1 11 2
722 622
1 14 2
352 562
1 9 2
572 399
1 8 2
194 50
1 15 2
431 616
1 12 2
160 266
1 4 2
586 647
1 7 2
673 12
1 5 2
373 474
1 11 2
435 16
1 11 2
508 5
1 12 2
219 259
1 14 2
28 566
1 4 2
696 21
1 9 2
797 517
1 9 2
203 459
1 10 2
648 157
1 8 2
152 141
1 3 2
563 782
1 11 2
341 426
1 2 2
697 189
1 8 2
103 335
1 4 2
706 236
1 3 2
387 75
1 9 2
208 600
1 3 2
462 624
1 8 2
113 768
1 2 2
154 403
1 8 2
734 305
1 5 2
550 47
1 5 2
601 594
1 10 2
605 710
1 6 2
375 788
1 15 2
585 661
1 13 2
404 377
1 13 2
119 10
1 3 2
203 713
1 2 2
740 689
1 7 2
587 213
1 11 2
681 636
1 5 2
423 59
1 4 2
194 195
1 3 2
724 662
1 14 2
480 379
1 7 2
661 776
1 7 2
736 692
1 10 2
575 0
1 13 2
95 146
1 12 2
599 660
1 15 2
178 196
1 3 2
792 171
1 12 2
59 432
1 12 2
525 166
1 10 2
784 407
1 5 2
468 669
1 15 2
146 624
1 14 2
13 563
1 5 2
240 541
1 13 2
130 331
1 6 2
690 630
1 14 2
507 316
1 12 2
110 672
1 3 2
757 548
1 7 2
59 251
1 10 2
38 212
1 2 2
279 283
1 11 2
175 140
1 4 2
488 10
1 15 2
430 358
1 9 2
62 688
1 7 2
253 224
1 9 2
526 515
1 12 2
363 468
1 11 2
336 396
1 6 2
515 390
1 8 2
588 515
1 13 2
458 146
1 5 2
710 615
1 6 2
681 433
1 10 2
161 129
1 15 2
354 97
1 13 2
791 166
1 2 2
271 100
1 9 2
79 118
1 14 2
335 425
1 2 2
112 174
1 3 2
564 781
1 12 2
554 626
1 6 2
13 744
1 2 2
383 421
1 11 2
121 2
1 13 2
696 669
1 5 2
210 217
1 12 2
17 597
1 4 2
372 432
1 10 2
457 588
1 9 2
487 731
1 7 2
466 91
1 11 2
411 340
1 10 2
338 465
1 14 2
608 427
1 6 2
110 203
1 7 2
160 555
1 5 2
712 562
1 13 2
118 248
1 8 2
20 739
1 7 2
704 59
1 14 2
413 706
1 12 2
467 677
1 2 2
790 86
1 15 2
740 337
1 12 2
612 146
1 14 2
9 390
1 12 2
449 653
1 10 2
535 722
1 8 2
665 320
1 10 2
602 502
1 12 2
528 531
1 15 2
622 25
1 5 2
611 547
1 7 2
262 765
1 5 2
465 188
1 7 2
345 597
1 10 2
150 132
1 13 2
235 487
1 14 2
27 454
1 14 2
330 613
1 12 2
659 747
1 14 2
481 618
1 3 2
717 630
1 7 2
753 457
1 13 2
470 566
1 7 2
538 761
1 8 2
406 326
1 5 2
76 271
1 7 2
650 78
1 15 2
291 509
1 3 2
16 84
1 10 2
657 584
1 6 2
713 725
1 6 2
790 90
1 12 2
481 378
1 11 2
153 47
1 5 2
86 405
1 10 2
383 475
1 10 2
719 313
1 4 2
240 13
1 2 2
629 59
1 14 2
474 364
1 4 2
427 390
1 10 2
636 276
1 9 2
145 627
1 2 2
168 748
1 14 2
584 657
1 15 2
308 736
1 14 2
634 54
1 8 2
748 109
1 13 2
798 44
1 15 2
365 264
1 5 2
81 158
1 10 2
388 416
1 14 2
670 44
1 15 2
776 792
1 4 2
665 218
1 8 2
427 697
1 5 2
28 557
1 7 2
575 420
1 11 2
80 254
1 4 2
93 192
1 7 2
792 278
1 12 2
561 125
1 10 2
199 496
1 7 2
789 373
1 8 2
794 525
1 8 2
650 448
1 13 2
224 263
1 12 2
236 470
1 7 2
410 671
1 2 2
715 632
1 2 2
657 278
1 3 2
382 82
1 10 2
364 287
1 2 2
378 734
1 2 2
75 671
1 6 2
352 355
1 7 2
242 285
1 13 2
784 514
1 7 2
344 464
1 2 2
65 160
1 10 2
702 692
1 15 2
209 5
1 10 2
624 259
1 9 2
246 528
1 2 2
304 494
1 5 2
82 716
1 13 2
600 433
1 6 2
229 342
1 6 2
156 4
1 5 2
300 477
1 10 2
323 591
1 12 2
13 179
1 4 2
273 504
1 9 2
151 113
1 12 2
98 376
1 7 2
86 32
1 12 2
709 414
1 5 2
340 561
1 3 2
238 253
1 7 2
219 782
1 13 2
739 378
1 5 2
289 788
1 13 2
19 514
1 7 2
148 84
1 14 2
303 760
1 11 2
469 0
1 6 2
260 94
1 2 2
668 262
1 13 2
122 578
1 9 2
378 529
1 14 2
316 554
1 13 2
339 445
1 15 2
741 346
1 15 2
568 474
1 8 2
140 514
1 14 2
728 203
1 6 2
759 647
1 15 2
451 182
1 3 2
364 176
1 4 2
105 775
1 7 2
336 80
1 4 2
218 125
1 14 2
113 198
1 15 2
750 320
1 8 2
682 317
1 15 2
607 593
1 4 2
536 424
1 4 2
734 231
1 14 2
111 616
1 4 2
575 672
1 5 2
520 719
1 2 2
698 603
1 11 2
456 595
1 6 2
160 342
1 6 2
321 715
1 10 2
431 456
1 12 2
227 398
1 12 2
471 386
1 6 2
641 710
1 9 2
620 375
1 13 2
146 490
1 5 2
741 47
1 8 2
781 409
1 2 2
131 279
1 10 2
781 164
1 7 2
792 405
1 5 2
204 430
1 10 2
716 556
1 12 2
155 11
1 9 2
504 601
1 9 2
368 639
1 7 2
782 300
1 12 2
656 278
1 10 2
544 67
1 11 2
783 323
1 6 2
235 217
1 8 2
71 431
1 6 2
91 105
1 8 2
102 96
1 2 2
338 30
1 13 2
223 129
1 9 2
85 436
1 14 2
435 414
1 2 2
1 212
1 8 2
389 426
1 4 2
555 799
1 6 2
246 38
1 9 2
170 466
1 13 2
540 528
1 6 2
780 366
1 9 2
458 283
1 15 2
691 212
1 2 2
560 697
1 3 2
393 346
1 12 2
679 293
1 10 2
635 428
1 7 2
249 621
1 13 2
329 604
1 12 2
283 54
1 5 2
129 30
1 12 2
290 380
1 12 2
456 774
1 11 2
268 441
1 6 2
291 263
1 15 2
165 133
1 2 2
270 403
1 10 2
5 390
1 9 2
675 291
1 15 2
38 149
1 7 2
319 142
1 11 2
6 170
1 14 2
12 237
1 13 2
268 235
1 2 2
313 648
1 15 2
73 548
1 11 2
279 167
1 12 2
612 779
1 3 2
319 91
1 15 2
144 36
1 11 2
658 514
1 4 2
364 16
1 14 2
510 481
1 6 2
37 155
1 6 2
496 438
1 6 2
498 756
1 9 2
360 788
1 14 2
184 352
1 8 2
413 776
1 6 2
754 130
1 5 2
692 53
1 4 2
509 512
1 7 2
551 700
1 9 2
730 255
1 15 2
789 430
1 15 2
48 160
1 7 2
686 169
1 12 2
581 564
1 6 2
589 191
1 6 2
229 155
1 14 2
753 581
1 6 2
729 705
1 6 2
520 256
1 4 2
111 650
1 6 2
716 483
1 3 2
393 712
1 9 2
346 36
1 11 2
432 605
1 14 2
444 96
1 14 2
201 675
1 14 2
574 599
1 15 2
314 183
1 14 2
540 571
1 5 2
683 85
1 3 2
59 719
1 3 2
16 482
1 11 2
745 15
1 3 2
562 334
1 2 2
192 448
1 10 2
14 474
1 5 2
610 197
1 10 2
724 148
1 6 2
88 587
1 10 2
697 384
1 8 2
709 575
1 12 2
343 597
1 6 2
270 261
1 6 2
783 200
1 11 2
325 87
1 12 2
722 324
1 12 2
340 176
1 13 2
376 702
1 15 2
383 475
1 13 2
668 218
1 3 2
375 16
1 14 2
178 134
1 2 2
756 58
1 14 2
747 716
1 5 2
757 516
1 15 2
39 405
1 7 2
604 52
1 4 2
706 702
1 13 2
178 534
1 14 2
596 282
1 11 2
670 786
1 5 2
157 209
1 3 2
2 510
1 5 2
4 110
1 4 2
598 421
1 4 2
293 542
1 2 2
427 461
1 3 2
581 770
1 9 2
667 366
1 10 2
244 342
1 12 2
436 343
1 12 2
322 181
1 2 2
336 360
1 13 2
247 175
1 10 2
135 516
1 6 2
467 482
1 2 2
111 155
1 8 2
440 792
1 11 2
366 714
1 15 2
533 40
1 2 2
662 594
1 12 2
377 510
1 4 2
593 623
1 5 2
772 143
1 7 2
713 216
1 3 2
171 0
1 3 2
550 587
1 12 2
733 384
1 15 2
205 206
1 10 2
747 533
1 4 2
750 210
1 9 2
633 243
1 11 2
411 751
1 5 2
424 28
1 5 2
785 594
1 2 2
336 744
1 2 2
760 609
1 4 2
295 456
1 2 2
287 281
1 2 2
514 268
1 15 2
318 227
1 13 2
543 424
1 9 2
221 555
1 9 2
375 133
1 12 2
416 753
1 8 2
633 69
1 7 2
591 341
1 7 2
703 460
1 4 2
198 666
1 9 2
536 120
1 15 2
454 765
1 12 2
164 657
1 7 2
211 248
1 11 2
33 658
1 12 2
639 364
1 11 2
254 340
1 3 2
353 486
1 13 2
411 210
1 5 2
385 102
1 10 2
681 370
1 14 2
300 728
1 15 2
488 371
1 12 2
793 375
1 5 2
102 149
1 14 2
534 536
1 10 2
252 159
1 7 2
431 204
1 7 2
213 684
1 13 2
437 160
1 9 2
652 72
1 14 2
145 544
1 12 2
482 134
1 10 2
784 300
1 10 2
28 90
1 7 2
35 740
1 13 2
779 47
1 8 2
250 390
1 14 2
509 262
1 12 2
67 583
1 12 2
389 314
1 5 2
652 25
1 5 2
277 102
1 15 2
645 145
1 7 2
156 322
1 6 2
549 273
1 8 2
705 597
1 14 2
365 198
1 9 2
146 311
1 12 2
226 165
1 8 2
694 438
1 2 2
247 407
1 12 2
8 736
1 13 2
41 239
1 5 2
45 233
1 9 2
455 731
1 13 2
545 727
1 8 2
10 668
1 5 2
397 750
1 5 2
581 418
1 10 2
753 275
1 7 2
508 173
1 9 2
110 162
1 7 2
355 220
1 7 2
264 427
1 4 2
674 464
1 6 2
34 413
1 13 2
112 166
1 5 2
197 572
1 4 2
552 664
1 14 2
195 625
1 3 2
283 489
1 14 2
525 16
1 12 2
729 105
1 10 2
144 36
1 14 2
265 121
1 3 2
460 12
1 10 2
167 778
1 3 2
208 471
1 13 2
18 393
1 4 2
525 744
1 11 2
266 509
1 5 2
330 306
1 11 2
234 350
1 10 2
783 235
1 9 2
780 126
1 6 2
387 781
1 12 2
462 406
1 9 2
302 216
1 4 2
347 591
1 4 2
712 628
1 4 2
417 614
1 9 2
570 571
1 4 2
570 334
1 7 2
100 529
1 2 2
113 531
1 15 2
503 205
1 7 2
274 615
1 11 2
541 357
1 12 2
341 219
1 12 2
230 605
1 13 2
70 98
1 12 2
105 499
1 14 2
518 793
1 10 2
535 763
1 4 2
480 375
1 11 2
150 371
1 13 2
341 305
1 13 2
412 267
1 5 2
605 534
1 13 2
21 700
1 10 2
365 345
1 12 2
681 309
1 11 2
777 648
1 14 2
154 320
1 9 2
252 475
1 11 2
162 63
1 12 2
542 275
1 4 2
519 504
1 9 2
80 796
1 4 2
274 351
1 4 2
283 115
1 5 2
562 378
1 14 2
527 374
1 13 2
315 367
1 10 2
463 698
1 10 2
753 138
1 4 2
77 361
1 2 2
298 709
1 5 2
279 717
1 11 2
767 605
1 11 2
4 72
1 12 2
401 722
1 4 2
351 296
1 9 2
194 198
1 6 2
188 234
1 7 2
541 97
1 11 2
360 148
1 3 2
518 387
1 14 2
749 299
1 7 2
686 522
1 4 2
703 37
1 12 2
317 448
1 2 2
629 339
1 3 2
411 622
1 8 2
130 518
1 3 2
29 623
1 10 2
31 744
1 13 2
381 299
1 4 2
76 442
1 9 2
142 283
1 10 2
658 776
1 6 2
585 38
1 13 2
714 387
1 10 2
102 368
1 2 2
600 758
1 10 2
121 753
1 8 2
63 423
1 9 2
576 62
1 2 2
178 295
1 9 2
162 50
1 6 2
361 534
1 4 2
34 230
1 3 2
201 445
1 2 2
458 337
1 2 2
424 28
1 6 2
167 274
1 11 2
746 780
1 4 2
182 345
1 5 2
724 15
1 13 2
530 645
1 7 2
710 170
1 12 2
367 645
1 2 2
278 7
1 13 2
517 584
1 5 2
328 273
1 5 2
195 524
1 2 2
652 346
1 11 2
77 266
1 12 2
139 268
1 6 2
287 416
1 7 2
385 766
1 4 2
172 590
1 14 2
11 305
1 8 2
488 571
1 14 2
82 36
1 7 2
572 629
1 4 2
99 180
1 4 2
304 792
1 10 2
493 775
1 5 2
117 625
1 9 2
728 21
1 11 2
305 82
1 7 2
104 351
1 12 2
720 357
1 3 2
360 531
1 10 2
250 679
1 12 2
287 684
1 7 2
333 297
1 11 2
389 640
1 10 2
230 693
1 5 2
322 518
1 8 2
183 485
1 4 2
357 717
1 14 2
586 745
1 2 2
494 433
1 7 2
219 732
1 2 2
608 630
1 5 2
630 509
1 6 2
172 292
1 4 2
342 212
1 4 2
619 564
1 12 2
242 274
1 6 2
122 105
1 6 2
355 254
1 9 2
462 274
1 14 2
630 771
1 12 2
230 606
1 7 2
616 539
1 3 2
399 29
1 10 2
482 26
1 13 2
473 123
1 12 2
798 39
1 10 2
510 599
1 11 2
398 688
1 13 2
182 379
1 13 2
518 293
1 13 2
464 671
1 10 2
65 96
1 11 2
91 307
1 7 2
670 560
1 3 2
41 615
1 6 2
197 362
1 12 2
359 47
1 8 2
383 661
1 9 2
294 734
1 11 2
125 56
1 10 2
752 119
1 4 2
764 742
1 15 2
709 320
1 12 2
773 666
1 7 2
216 369
1 10 2
239 683
1 7 2
329 467
1 7 2
416 357
1 10 2
689 277
1 7 2
287 563
1 15 2
639 138
1 10 2
390 658
1 12 2
763 765
1 8 2
92 427
1 14 2
453 686
1 10 2
388 157
1 6 2
562 469
1 2 2
399 119
1 11 2
714 101
1 6 2
590 661
1 12 2
561 48
1 9 2
220 121
1 12 2
210 646
1 11 2
697 20
1 10 2
588 154
1 8 2
244 163
1 5 2
67 435
1 6 2
320 662
1 14 2
475 391
1 3 2
174 666
1 13 2
275 201
1 9 2
658 678
1 13 2
548 668
1 9 2
255 414
1 7 2
6 355
1 8 2
185 33
1 14 2
588 721
1 3 2
276 84
1 15 2
585 322
1 5 2
780 272
1 6 2
165 725
1 12 2
244 346
1 5 2
36 465
1 10 2
782 219
1 9 2
477 223
1 10 2
274 159
1 2 2
496 596
1 3 2
334 361
1 13 2
751 159
1 2 2
538 632
1 4 2
86 361
1 8 2
299 768
1 4 2
264 794
1 7 2
706 13
1 10 2
673 659
1 4 2
141 757
1 13 2
397 574
1 7 2
194 584
1 11 2
388 3
1 4 2
666 686
1 13 2
475 633
1 7 2
189 457
1 4 2
759 37
1 6 2
637 338
1 12 2
12 96
1 6 2
558 339
1 2 2
440 728
1 8 2
799 144
1 14 2
557 652
1 9 2
586 116
1 4 2
443 482
1 4 2
22 101
1 14 2
494 292
1 11 2
762 116
1 13 2
759 508
1 2 2
344 193
1 7 2
762 630
1 2 2
467 613
1 14 2
625 470
1 9 2
785 382
1 13 2
758 339
1 4 2
99 422
1 8 2
285 331
1 10 2
656 484
1 8 2
454 691
1 8 2
116 66
1 9 2
244 401
1 8 2
372 76
1 11 2
30 96
1 7 2
254 594
1 15 2
752 533
1 4 2
299 42
1 7 2
487 258
1 3 2
672 659
1 8 2
763 387
1 12 2
617 473
1 11 2
27 75
1 11 2
5 41
1 5 2
35 788
1 13 2
492 789
1 10 2
570 437
1 8 2
601 225
1 8 2
351 378
1 13 2
181 320
1 7 2
302 221
1 2 2
535 608
1 9 2
141 70
1 9 2
304 675
1 11 2
273 27
1 11 2
662 616
1 2 2
743 629
1 15 2
770 429
1 2 2
326 535
1 4 2
599 589
1 6 2
678 772
1 2 2
302 160
1 15 2
77 346
1 6 2
678 132
1 14 2
265 325
1 5 2
359 649
1 5 2
316 785
1 3 2
790 732
1 11 2
557 547
1 12 2
301 533
1 5 2
466 2
1 3 2
587 96
1 10 2
261 532
1 11 2
705 435
1 4 2
474 775
1 10 2
610 527
1 3 2
679 675
1 8 2
563 459
1 5 2
407 724
1 3 2
295 545
1 10 2
44 496
1 9 2
603 595
1 9 2
358 318
1 14 2
475 94
1 8 2
674 301
1 13 2
690 610
1 11 2
83 621
1 15 2
790 694
1 2 2
495 770
1 11 2
485 506
1 13 2
373 252
1 5 2
525 51
1 12 2
435 785
1 9 2
484 370
1 8 2
557 632
1 13 2
282 226
1 9 2
548 87
1 10 2
572 61
1 7 2
196 731
1 3 2
94 520
1 2 2
127 356
1 11 2
289 184
1 10 2
434 234
1 11 2
364 188
1 10 2
177 135
1 14 2
214 537
1 12 2
580 593
1 3 2
637 670
1 4 2
15 265
1 11 2
730 780
1 12 2
488 495
1 4 2
556 55
1 7 2
505 60
1 13 2
102 105
1 15 2
54 457
1 6 2
793 589
1 4 2
154 309
1 10 2
346 394
1 2 2
422 19
1 15 2
113 739
1 14 2
225 410
1 10 2
348 744
1 15 2
550 545
1 10 2
599 410
1 15 2
572 137
1 10 2
656 138
1 15 2
228 628
1 15 2
564 508
1 7 2
466 606
1 13 2
84 97
1 5 2
321 394
1 3 2
447 550
1 9 2
342 528
1 13 2
233 529
1 13 2
376 633
1 8 2
709 435
1 8 2
640 302
1 4 2
265 153
1 8 2
506 769
1 11 2
98 382
1 4 2
28 39
1 3 2
294 255
1 10 2
778 431
1 9 2
713 304
1 12 2
233 356
1 5 2
540 124
1 15 2
21 554
1 8 2
500 696
1 3 2
459 458
1 11 2
767 182
1 15 2
620 98
1 11 2
621 22
1 14 2
179 403
1 8 2
331 402
1 13 2
721 16
1 4 2
128 736
1 12 2
193 203
1 11 2
312 736
1 10 2
270 312
1 13 2
729 287
1 5 2
423 72
1 7 2
171 697
1 4 2
23 790
1 7 2
613 360
1 13 2
246 532
1 10 2
693 164
1 10 2
111 609
1 13 2
188 698
1 9 2
152 462
1 8 2
571 515
1 12 2
458 723
1 10 2
122 556
1 11 2
82 13
1 9 2
97 786
1 5 2
661 381
1 12 2
581 747
1 7 2
192 447
1 8 2
30 789
1 10 2
568 745
1 15 2
707 28
1 13 2
386 504
1 4 2
740 355
1 8 2
328 249
1 6 2
187 302
1 8 2
533 11
1 11 2
784 236
1 10 2
556 645
1 4 2
199 41
1 14 2
698 695
1 8 2
193 656
1 9 2
299 362
1 4 2
579 744
1 13 2
25 323
1 9 2
523 158
1 7 2
74 318
1 9 2
178 318
1 4 2
438 316
1 14 2
558 599
1 2 2
41 754
1 2 2
417 344
1 8 2
730 93
1 13 2
79 114
1 3 2
481 286
1 15 2
551 377
1 10 2
470 489
1 7 2
101 486
1 10 2
205 325
1 8 2
400 349
1 11 2
785 268
1 11 2
660 324
1 7 2
239 485
1 12 2
320 788
1 5 2
729 513
1 10 2
668 758
1 4 2
155 134
1 7 2
640 93
1 11 2
314 621
1 2 2
772 712
1 2 2
378 181
1 13 2
548 713
1 4 2
429 581
1 9 2
667 217
1 7 2
554 786
1 13 2
69 92
1 11 2
383 472
1 8 2
559 128
1 13 2
741 67
1 4 2
297 255
1 12 2
469 461
1 8 2
126 175
1 7 2
436 253
1 10 2
639 764
1 4 2
668 110
1 7 2
144 683
1 10 2
121 281
1 8 2
160 36
1 7 2
402 123
1 11 2
446 252
1 3 2
183 269
1 12 2
53 289
1 3 2
168 564
1 14 2
743 61
1 10 2
681 265
1 2 2
570 752
1 4 2
1 32
1 12 2
796 199
1 4 2
686 738
1 10 2
413 443
1 11 2
392 475
1 13 2
83 2
1 5 2
415 474
1 12 2
626 523
1 11 2
112 753
1 13 2
251 786
1 4 2
485 73
1 5 2
539 427
1 6 2
460 91
1 10 2
493 211
1 5 2
238 575
1 13 2
408 758
1 11 2
171 238
1 3 2
607 11
1 14 2
327 221
1 14 2
148 237
1 3 2
214 333
1 11 2
628 587
1 10 2
477 726
1 10 2
84 254
1 10 2
156 660
1 15 2
395 247
1 10 2
610 614
1 12 2
57 668
1 4 2
720 393
1 2 2
270 3
1 6 2
258 337
1 5 2
355 218
1 3 2
705 313
1 10 2
61 608
1 10 2
151 594
1 8 2
430 65
1 6 2
265 635
1 3 2
287 517
1 12 2
735 221
1 15 2
632 391
1 9 2
500 232
1 12 2
616 535
1 10 2
732 795
1 10 2
113 309
1 4 2
447 30
1 6 2
134 604
1 14 2
690 512
1 5 2
698 213
1 9 2
601 592
1 12 2
796 455
1 15 2
341 695
1 13 2
596 392
1 3 2
301 763
1 6 2
443 620
1 10 2
619 23
1 15 2
761 37
1 2 2
620 671
1 9 2
626 306
1 12 2
26 473
1 7 2
258 627
1 5 2
597 551
1 15 2
183 792
1 15 2
119 707
1 8 2
691 727
1 5 2
491 450
1 14 2
107 495
1 13 2
66 333
1 2 2
427 44
1 10 2
13 665
1 11 2
613 774
1 6 2
498 691
1 8 2
413 362
1 15 2
519 93
1 10 2
365 618
1 2 2
778 32
1 11 2
121 22
1 6 2
287 386
1 6 2
96 114
1 12 2
299 512
1 3 2
721 17
1 2 2
646 777
1 4 2
225 226
1 7 2
606 336
1 3 2
466 747
1 12 2
339 503
1 11 2
679 2
1 2 2
179 133
1 14 2
386 490
1 4 2
525 597
1 6 2
115 668
1 4 2
511 123
1 7 2
771 176
1 5 2
568 276
1 3 2
329 136
1 15 2
703 400
1 13 2
707 331
1 9 2
503 585
1 9 2
33 439
1 8 2
605 206
1 14 2
366 138
1 5 2
742 766
1 8 2
540 286
1 3 2
27 776
1 15 2
53 260
1 14 2
627 506
1 13 2
770 91
1 12 2
438 65
1 3 2
792 101
1 10 2
318 769
1 10 2
654 66
1 3 2
450 114
1 6 2
771 365
1 7 2
784 123
1 3 2
728 606
1 8 2
547 517
1 13 2
684 10
1 8 2
358 377
1 12 2
195 194
1 7 2
159 98
1 9 2
765 628
1 3 2
403 542
1 4 2
639 629
1 6 2
70 196
1 8 2
385 425
1 9 2
374 181
1 3 2
721 33
1 10 2
338 689
1 13 2
609 430
1 9 2
590 366
1 7 2
612 437
1 7 2
435 565
1 7 2
368 184
1 5 2
103 564
1 7 2
134 164
1 5 2
565 125
1 5 2
80 254
1 2 2
345 459
1 14 2
673 290
1 5 2
84 762
1 7 2
626 161
1 11 2
641 766
1 7 2
166 320
1 2 2
219 257
1 14 2
227 686
1 4 2
223 2
1 4 2
671 44
1 10 2
186 579
1 6 2
562 627
1 15 2
771 9
1 15 2
500 724
1 12 2
5 316
1 2 2
439 390
1 3 2
558 50
1 15 2
5 420
1 4 2
608 548
1 14 2
647 692
1 10 2
199 109
1 2 2
327 346
1 7 2
134 652
1 6 2
612 146
1 3 2
418 48
1 9 2
694 575
1 8 2
675 641
1 13 2
673 81
1 11 2
116 768
1 2 2
11 591
1 14 2
725 580
1 6 2
540 175
1 11 2
512 101
1 5 2
470 480
1 12 2
360 349
1 11 2
499 650
1 7 2
733 495
1 10 2
250 545
1 2 2
587 242
1 7 2
594 360
1 2 2
794 701
1 7 2
328 335
1 13 2
541 774
1 8 2
692 605
1 14 2
342 191
1 13 2
86 25
1 14 2
682 543
1 14 2
354 634
1 12 2
355 534
1 14 2
142 52
1 5 2
358 475
1 13 2
13 725
1 11 2
329 107
1 9 2
751 398
1 13 2
11 237
1 10 2
703 627
1 8 2
352 127
1 12 2
573 4
1 15 2
498 453
1 5 2
276 766
1 11 2
576 17
1 7 2
215 392
1 11 2
30 653
1 9 2
29 289
1 15 2
584 517
1 5 2
400 41
1 4 2
330 504
1 13 2
230 786
1 10 2
403 70
1 8 2
711 409
1 13 2
731 300
1 13 2
656 419
1 2 2
217 153
1 4 2
420 334
1 3 2
500 11
1 11 2
717 538
1 3 2
433 501
1 13 2
743 684
1 3 2
309 576
1 6 2
404 708
1 15 2
18 608
1 11 2
320 415
1 6 2
68 631
1 7 2
406 547
1 14 2
229 503
1 2 2
776 574
1 4 2
367 171
1 5 2
542 209
1 13 2
264 206
1 4 2
362 432
1 5 2
575 123
1 10 2
92 499
1 15 2
334 783
1 13 2
373 585
1 13 2
114 407
1 5 2
510 214
1 8 2
723 511
1 5 2
644 55
1 5 2
413 130
1 5 2
387 334
1 4 2
586 741
1 11 2
278 178
1 8 2
108 83
1 11 2
585 77
1 13 2
530 273
1 14 2
254 134
1 13 2
251 518
1 15 2
369 713
1 12 2
369 236
1 11 2
295 485
1 8 2
583 144
1 8 2
273 257
1 4 2
154 649
1 11 2
662 498
1 5 2
601 252
1 2 2
528 790
1 7 2
161 339
1 2 2
357 35
1 12 2
594 709
1 11 2
60 532
1 9 2
106 353
1 11 2
270 594
1 14 2
428 249
1 14 2
300 579
1 13 2
495 499
1 12 2
380 10
1 7 2
9 518
1 14 2
280 550
1 7 2
764 624
1 5 2
760 415
1 5 2
300 29
1 7 2
217 481
1 11 2
582 385
1 3 2
618 9
1 3 2
602 735
1 13 2
318 596
1 9 2
546 350
1 5 2
466 400
1 11 2
66 56
1 4 2
303 271
1 6 2
181 769
1 5 2
688 616
1 4 2
341 690
1 14 2
4 770
1 9 2
754 137
1 6 2
269 277
1 4 2
30 706
1 6 2
307 420
1 9 2
663 587
1 12 2
86 221
1 11 2
739 278
1 11 2
199 64
1 10 2
630 76
1 14 2
15 473
1 14 2
169 739
1 5 2
289 197
1 12 2
612 373
1 15 2
211 586
1 11 2
141 502
1 8 2
394 256
1 11 2
286 97
1 15 2
413 145
1 11 2
610 758
1 3 2
399 14
1 13 2
658 83
1 5 2
38 639
1 13 2
549 491
1 6 2
548 381
1 13 2
619 131
1 11 2
640 535
1 12 2
392 519
1 14 2
326 213
1 15 2
242 196
1 15 2
104 349
1 13 2
142 480
1 6 2
191 286
1 8 2
627 524
1 11 2
788 382
1 13 2
394 77
1 3 2
115 341
1 12 2
432 214
1 7 2
130 627
1 14 2
454 303
1 11 2
777 183
1 9 2
307 225
1 12 2
212 404
1 7 2
316 547
1 6 2
174 344
1 14 2
350 785
1 5 2
369 181
1 13 2
272 76
1 12 2
727 604
1 13 2
607 653
1 2 2
107 520
1 6 2
787 143
1 6 2
715 127
1 3 2
424 62
1 11 2
254 666
1 7 2
474 321
1 9 2
105 481
1 12 2
297 598
1 3 2
241 298
1 13 2
12 386
1 4 2
457 435
1 4 2
517 191
1 11 2
587 527
1 7 2
340 434
1 3 2
637 386
1 2 2
739 157
1 10 2
293 578
1 4 2
721 130
1 2 2
455 265
1 11 2
41 678
1 13 2
523 745
1 8 2
366 543
1 14 2
303 686
1 11 2
495 490
1 5 2
165 453
1 6 2
161 768
1 7 2
635 50
1 5 2
603 25
1 14 2
359 135
1 2 2
381 395
1 8 2
490 569
1 13 2
60 355
1 5 2
143 507
1 15 2
10 300
1 5 2
518 198
1 2 2
779 79
1 13 2
460 156
1 14 2
516 202
1 4 2
111 775
1 4 2
312 752
1 5 2
337 590
1 7 2
19 66
1 11 2
477 669
1 12 2
719 463
1 15 2
119 188
1 11 2
741 506
1 5 2
770 86
1 7 2
764 756
1 11 2
448 788
1 2 2
331 214
1 12 2
0 92
1 8 2
71 409
1 13 2
250 351
1 7 2
725 658
1 9 2
715 149
1 5 2
79 671
1 7 2
182 29
1 3 2
55 645
1 13 2
388 737
1 15 2
108 62
1 5 2
798 40
1 7 2
140 321
1 7 2
452 369
1 3 2
413 406
1 4 2
377 746
1 3 2
331 274
1 15 2
581 621
1 12 2
502 424
1 5 2
472 714
1 12 2
286 416
1 11 2
782 649
1 13 2
486 510
1 2 2
446 537
1 4 2
352 679
1 7 2
34 657
1 8 2
210 412
1 14 2
487 84
1 15 2
565 101
1 4 2
361 389
1 4 2
308 417
1 10 2
755 744
1 7 2
673 151
1 9 2
655 613
1 12 2
120 661
1 14 2
246 632
1 14 2
246 289
1 11 2
443 747
1 14 2
173 58
1 10 2
73 180
1 9 2
418 192
1 2 2
117 760
1 10 2
568 202
1 7 2
59 31
1 10 2
598 23
1 4 2
375 624
1 8 2
265 392
1 4 2
622 623
1 7 2
761 468
1 10 2
34 586
1 5 2
790 269
1 10 2
503 580
1 11 2
683 411
1 4 2
184 432
1 14 2
27 706
1 8 2
236 512
1 15 2
643 408
1 5 2
593 137
1 9 2
745 773
1 4 2
373 580
1 4 2
332 624
1 11 2
566 476
1 6 2
534 746
1 2 2
261 44
1 12 2
538 794
1 4 2
243 40
1 13 2
161 471
1 15 2
233 311
1 12 2
155 537
1 4 2
427 729
1 13 2
479 495
1 13 2
150 534
1 3 2
376 216
1 5 2
212 59
1 12 2
121 495
1 12 2
8 269
1 3 2
37 775
1 9 2
336 537
1 13 2
741 62
1 11 2
620 706
1 4 2
96 331
1 6 2
323 299
1 5 2
172 602
1 5 2
760 40
1 13 2
40 734
1 5 2
35 255
1 4 2
277 190
1 5 2
206 560
1 12 2
136 323
1 3 2
799 289
1 4 2
630 392
1 7 2
767 338
1 11 2
52 730
1 12 2
695 215
1 3 2
499 489
1 11 2
739 72
1 10 2
549 639
1 12 2
797 416
1 9 2
213 642
1 3 2
153 752
1 6 2
58 669
1 7 2
167 255
1 9 2
117 530
1 12 2
558 352
1 6 2
788 31
1 13 2
508 123
1 12 2
473 202
1 9 2
584 69
1 4 2
519 586
1 14 2
91 146
1 14 2
289 753
1 2 2
190 253
1 8 2
138 797
1 11 2
730 222
1 3 2
439 160
1 12 2
592 16
1 11 2
737 60
1 3 2
398 275
1 7 2
370 635
1 4 2
33 131
1 6 2
255 487
1 11 2
288 285
1 10 2
695 647
1 13 2
496 612
1 9 2
21 136
1 10 2
584 394
1 3 2
461 359
1 8 2
541 629
1 4 2
242 177
1 3 2
407 276
1 15 2
190 314
1 15 2
297 728
1 5 2
331 365
1 10 2
397 591
1 6 2
739 42
1 10 2
195 294
1 2 2
156 212
1 14 2
319 257
1 7 2
747 763
1 13 2
13 486
1 5 2
359 91
1 3 2
168 380
1 7 2
747 20
1 4 2
645 81
1 13 2
357 670
1 7 2
245 163
1 3 2
746 493
1 2 2
138 184
1 11 2
659 761
1 8 2
63 532
1 6 2
185 710
1 5 2
66 62
1 12 2
501 443
1 7 2
455 277
1 8 2
473 331
1 6 2
263 484
1 11 2
280 164
1 10 2
272 169
1 3 2
748 110
1 8 2
56 184
1 14 2
580 406
1 13 2
471 296
1 8 2
229 770
1 7 2
41 756
1 8 2
196 195
1 5 2
633 746
1 7 2
42 45
1 7 2
347 410
1 9 2
728 496
1 13 2
357 141
1 4 2
514 257
1 9 2
433 784
1 3 2
208 160
1 9 2
793 152
1 10 2
371 202
1 13 2
433 400
1 3 2
443 538
1 12 2
315 720
1 10 2
75 42
1 10 2
407 290
1 4 2
37 724
1 6 2
486 111
1 2 2
402 533
1 3 2
129 162
1 12 2
692 85
1 13 2
294 645
1 10 2
115 54
1 13 2
213 197
1 7 2
296 111
1 13 2
231 594
1 4 2
360 793
1 13 2
486 330
1 14 2
673 81
1 11 2
424 64
1 7 2
326 320
1 11 2
182 658
1 10 2
192 387
1 15 2
260 573
1 3 2
229 417
1 4 2
666 259
1 11 2
450 663
1 5 2
194 666
1 10 2
20 451
1 8 2
506 763
1 10 2
250 687
1 6 2
211 455
1 7 2
677 329
1 6 2
568 81
1 5 2
127 40
1 6 2
666 129
1 6 2
301 46
1 11 2
101 431
1 15 2
455 290
1 10 2
490 65
1 10 2
465 671
1 13 2
550 577
1 12 2
473 323
1 14 2
601 507
1 15 2
778 769
1 11 2
390 613
1 13 2
276 172
1 12 2
517 549
1 9 2
340 113
1 6 2
253 106
1 6 2
470 52
1 14 2
570 187
1 15 2
418 290
1 15 2
145 381
1 10 2
780 110
1 9 2
543 587
1 7 2
107 365
1 10 2
423 446
1 3 2
641 34
1 15 2
726 338
1 12 2
683 689
1 15 2
760 56
1 3 2
390 528
1 5 2
612 266
1 9 2
598 784
1 4 2
266 569
1 12 2
478 623
1 11 2
11 499
1 5 2
634 261
1 9 2
184 759
1 13 2
193 637
1 2 2
389 518
1 5 2
629 35
1 11 2
252 663
1 2 2
580 365
1 4 2
191 250
1 5 2
523 333
1 12 2
574 689
1 3 2
374 675
1 13 2
97 187
1 15 2
203 57
1 9 2
210 477
1 15 2
57 363
1 3 2
788 540
1 15 2
604 737
1 5 2
745 693
1 9 2
564 479
1 12 2
631 716
1 2 2
636 642
1 4 2
773 287
1 4 2
551 428
1 15 2
522 357
1 11 2
337 559
1 8 2
385 51
1 3 2
493 151
1 14 2
773 171
1 14 2
212 153
1 12 2
664 355
1 5 2
11 410
1 5 2
368 383
1 9 2
620 469
1 15 2
491 680
1 2 2
77 242
1 12 2
596 345
1 2 2
529 499
1 12 2
668 601
1 13 2
160 474
1 7 2
408 76
1 5 2
166 48
1 12 2
57 443
1 2 2
52 515
1 14 2
735 315
1 9 2
593 413
1 10 2
150 250
1 11 2
400 54
1 2 2
641 144
1 5 2
338 203
1 6 2
291 552
1 4 2
411 568
1 2 2
698 726
1 11 2
336 32
1 9 2
213 769
1 5 2
378 280
1 14 2
165 415
1 7 2
627 577
1 3 2
72 182
1 2 2
775 467
1 4 2
519 437
1 5 2
711 165
1 2 2
517 550
1 8 2
215 102
1 2 2
580 366
1 9 2
732 163
1 5 2
93 519
1 7 2
16 675
1 9 2
748 750
1 4 2
269 274
1 12 2
80 591
1 11 2
693 375
1 7 2
281 303
1 10 2
295 60
1 15 2
650 274
1 9 2
376 57
1 6 2
746 405
1 6 2
288 15
1 11 2
724 276
1 11 2
366 397
1 5 2
406 318
1 8 2
80 106
1 11 2
343 384
1 3 2
156 127
1 6 2
611 286
1 15 2
543 289
1 4 2
722 468
1 6 2
361 415
1 3 2
552 50
1 14 2
262 551
1 13 2
602 543
1 12 2
301 442
1 14 2
158 227
1 10 2
82 553
1 9 2
721 443
1 6 2
718 253
1 13 2
397 557
1 14 2
434 539
1 5 2
250 287
1 4 2
245 250
1 8 2
567 121
1 14 2
220 292
1 5 2
536 268
1 4 2
523 231
1 13 2
527 703
1 13 2
353 29
1 6 2
699 65
1 3 2
395 45
1 11 2
532 339
1 15 2
643 787
1 12 2
259 606
1 15 2
388 219
1 2 2
236 428
1 12 2
530 704
1 13 2
441 473
1 14 2
678 214
1 14 2
108 174
1 7 2
395 520
1 14 2
162 567
1 13 2
629 740
1 5 2
93 624
1 4 2
42 708
1 14 2
26 345
1 8 2
112 243
1 15 2
548 101
1 13 2
265 672
1 14 2
585 373
1 4 2
98 224
1 11 2
179 141
1 13 2
135 342
1 6 2
46 119
1 2 2
502 671
1 4 2
169 595
1 7 2
9 586
1 14 2
612 325
1 5 2
510 238
1 7 2
203 399
1 10 2
97 41
1 12 2
42 68
1 10 2
716 495
1 14 2
246 244
1 8 2
530 364
1 14 2
30 586
1 6 2
468 150
1 7 2
332 71
1 7 2
174 66
1 3 2
231 570
1 8 2
447 566
1 6 2
548 230
1 4 2
195 600
1 15 2
487 154
1 6 2
450 106
1 3 2
88 451
1 3 2
68 397
1 13 2
45 274
1 4 2
773 799
1 8 2
41 646
1 12 2
374 697
1 4 2
537 546
1 12 2
767 171
1 9 2
323 302
1 2 2
76 500
1 13 2
746 392
1 15 2
557 401
1 8 2
54 725
1 2 2
537 179
1 3 2
668 203
1 8 2
103 134
1 2 2
6 746
1 8 2
788 61
1 9 2
642 667
1 10 2
29 512
1 15 2
290 3
1 11 2
673 309
1 12 2
78 455
1 6 2
468 588
1 8 2
147 719
1 3 2
150 760
1 2 2
420 342
1 6 2
740 481
1 9 2
482 108
1 14 2
4 570
1 12 2
559 286
1 15 2
100 3
1 5 2
96 571
1 2 2
535 103
1 12 2
599 655
1 2 2
744 70
1 6 2
669 347
1 4 2
67 501
1 6 2
686 155
1 11 2
242 444
1 13 2
231 15
1 9 2
546 613
1 3 2
643 342
1 11 2
491 573
1 3 2
103 195
1 14 2
12 563
1 3 2
102 354
1 2 2
276 99
1 4 2
27 59
1 10 2
25 678
1 15 2
736 352
1 6 2
738 375
1 8 2
542 133
1 6 2
425 785
1 7 2
612 72
1 8 2
437 13
1 15 2
748 238
1 2 2
447 646
1 10 2
267 635
1 14 2
642 352
1 5 2
38 388
1 3 2
348 287
1 8 2
104 564
1 3 2
699 369
1 11 2
225 21
1 14 2
494 326
1 4 2
73 190
1 10 2
69 664
1 7 2
749 189
1 11 2
138 688
1 15 2
271 624
1 8 2
527 212
1 10 2
554 117
1 8 2
552 294
1 12 2
760 398
1 8 2
753 682
1 6 2
603 674
1 12 2
556 500
1 4 2
774 492
1 13 2
326 4
1 9 2
438 208
1 10 2
189 85
1 4 2
648 610
1 9 2
446 216
1 2 2
679 494
1 12 2
350 539
1 8 2
158 46
1 5 2
170 352
1 4 2
414 470
1 15 2
199 798
1 5 2
270 691
1 3 2
22 642
1 10 2
746 135
1 10 2
12 367
1 6 2
412 558
1 14 2
664 472
1 13 2
234 52
1 6 2
709 420
1 3 2
63 350
1 14 2
649 138
1 3 2
305 795
1 3 2
68 520
1 13 2
77 748
1 9 2
205 767
1 14 2
183 724
1 9 2
126 235
1 14 2
69 389
1 5 2
454 386
1 8 2
10 260
1 10 2
350 141
1 3 2
432 388
1 4 2
359 238
1 5 2
681 369
1 12 2
33 323
1 14 2
374 196
1 11 2
494 213
1 3 2
252 569
1 13 2
593 370
1 9 2
206 507
1 7 2
227 528
1 9 2
633 367
1 13 2
137 659
1 12 2
768 570
1 5 2
113 497
1 5 2
333 662
1 10 2
85 242
1 12 2
538 248
1 2 2
52 776
1 14 2
16 522
1 10 2
200 640
1 8 2
376 211
1 4 2
581 706
1 4 2
46 577
1 3 2
143 85
1 10 2
527 131
1 15 2
339 141
1 13 2
727 340
1 4 2
56 483
1 13 2
267 752
1 7 2
593 611
1 14 2
587 754
1 5 2
42 460
1 12 2
39 402
1 9 2
723 62
1 13 2
716 502
1 13 2
251 397
1 2 2
318 286
1 12 2
733 213
1 6 2
555 380
1 13 2
740 180
1 11 2
224 420
1 15 2
47 793
1 3 2
468 322
1 15 2
429 101
1 7 2
655 746
1 8 2
340 734
1 13 2
228 493
1 7 2
591 423
1 8 2
585 134
1 5 2
457 486
1 12 2
691 772
1 11 2
493 364
1 15 2
338 421
1 9 2
98 627
1 10 2
215 240
1 3 2
254 569
1 11 2
607 201
1 13 2
757 144
1 10 2
25 772
1 10 2
116 474
1 14 2
85 694
1 4 2
502 229
1 9 2
337 444
1 2 2
579 265
1 2 2
619 463
1 11 2
92 723
1 9 2
645 87
1 13 2
86 462
1 3 2
689 116
1 12 2
688 251
1 4 2
642 667
1 14 2
757 736
1 11 2
744 132
1 9 2
382 579
1 15 2
609 375
1 6 2
795 220
1 12 2
75 436
1 8 2
589 496
1 9 2
428 435
1 2 2
201 60
1 10 2
298 155
1 6 2
202 191
1 3 2
445 108
1 9 2
637 351
1 10 2
668 342
1 6 2
161 328
1 7 2
125 552
1 11 2
658 196
1 14 2
702 482
1 15 2
146 601
1 9 2
409 279
1 2 2
699 350
1 4 2
577 669
1 13 2
731 506
1 15 2
706 207
1 12 2
73 391
1 10 2
583 139
1 10 2
727 606
1 6 2
245 719
1 3 2
700 734
1 9 2
743 602
1 10 2
77 750
1 2 2
781 337
1 8 2
186 537
1 10 2
435 366
1 4 2
358 194
1 11 2
155 118
1 8 2
407 58
1 9 2
425 645
1 13 2
97 180
1 6 2
299 390
1 14 2
379 49
1 8 2
421 385
1 11 2
566 178
1 3 2
22 618
1 10 2
431 406
1 11 2
691 568
1 15 2
207 32
1 10 2
554 351
1 9 2
14 212
1 14 2
460 23
1 7 2
661 362
1 11 2
172 532
1 5 2
582 660
1 15 2
34 181
1 9 2
259 43
1 14 2
649 203
1 12 2
432 375
1 4 2
772 677
1 5 2
633 525
1 11 2
520 447
1 6 2
71 63
1 7 2
497 541
1 14 2
699 57
1 12 2
486 54
1 10 2
304 208
1 6 2
202 195
1 9 2
5 729
1 7 2
674 526
1 5 2
47 163
1 5 2
180 600
1 14 2
273 352
1 14 2
648 442
1 2 2
202 153
1 4 2
168 454
1 8 2
770 459
1 12 2
204 268
1 2 2
288 696
1 13 2
182 405
1 12 2
736 776
1 4 2
561 326
1 4 2
100 27
1 10 2
203 621
1 7 2
730 579
1 4 2
109 383
1 6 2
132 358
1 4 2
34 669
1 7 2
297 695
1 10 2
609 401
1 14 2
777 396
1 2 2
18 585
1 4 2
204 479
1 10 2
770 621
1 8 2
513 496
1 9 2
630 559
1 7 2
514 303
1 4 2
191 435
1 11 2
584 664
1 3 2
149 679
1 2 2
110 39
1 14 2
235 553
1 12 2
179 341
1 6 2
376 578
1 9 2
376 683
1 6 2
400 13
1 6 2
634 352
1 3 2
378 189
1 2 2
779 591
1 12 2
616 21
1 13 2
20 579
1 8 2
556 468
1 7 2
539 768
1 3 2
113 273
1 12 2
509 400
1 2 2
615 741
1 11 2
580 158
1 3 2
710 148
1 12 2
358 323
1 13 2
522 248
1 8 2
762 119
1 4 2
181 120
1 3 2
150 156
1 10 2
424 458
1 7 2
67 200
1 6 2
419 619
1 9 2
434 799
1 2 2
723 176
1 11 2
395 252
1 13 2
721 493
1 2 2
251 576
1 9 2
190 257
1 6 2
716 24
1 5 2
42 743
1 6 2
433 794
1 4 2
255 248
1 5 2
668 619
1 3 2
49 363
1 4 2
359 107
1 12 2
657 405
1 9 2
713 459
1 8 2
6 770
1 3 2
466 610
1 4 2
40 614
1 11 2
670 732
1 12 2
176 82
1 8 2
321 657
1 3 2
454 64
1 12 2
11 618
1 5 2
695 449
1 10 2
700 25
1 13 2
248 776
1 4 2
480 337
1 15 2
291 96
1 8 2
527 345
1 15 2
627 624
1 12 2
725 319
1 13 2
172 289
1 12 2
526 437
1 3 2
642 45
1 7 2
643 716
1 5 2
279 14
1 11 2
417 739
1 10 2
325 272
1 13 2
119 601
1 11 2
703 123
1 3 2
122 124
1 11 2
63 279
1 12 2
269 785
1 4 2
473 661
1 13 2
669 198
1 6 2
438 94
1 8 2
234 415
1 11 2
356 613
1 7 2
117 644
1 14 2
204 108
1 8 2
67 368
1 5 2
705 704
1 15 2
381 455
1 9 2
505 342
1 14 2
531 691
1 8 2
23 779
1 14 2
184 733
1 6 2
513 770
1 8 2
737 190
1 14 2
500 331
1 13 2
481 779
1 14 2
302 541
1 8 2
788 618
1 14 2
87 489
1 4 2
267 75
1 7 2
594 494
1 11 2
648 772
1 9 2
409 355
1 14 2
509 132
1 3 2
703 174
1 4 2
169 116
1 14 2
320 244
1 13 2
199 114
1 3 2
132 519
1 8 2
572 647
1 10 2
599 742
1 2 2
171 123
1 2 2
35 675
1 12 2
20 222
1 14 2
233 727
1 3 2
50 547
1 11 2
769 197
1 11 2
343 328
1 9 2
531 222
1 15 2
790 660
1 13 2
363 617
1 14 2
645 234
1 4 2
456 257
1 9 2
505 515
1 2 2
640 633
1 9 2
770 548
1 13 2
162 235
1 14 2
422 761
1 4 2
774 85
1 4 2
180 166
1 7 2
213 536
1 4 2
375 245
1 8 2
39 21
1 10 2
776 359
1 13 2
387 221
1 4 2
3 66
1 5 2
418 329
1 15 2
190 33
1 14 2
84 500
1 2 2
152 549
1 7 2
772 608
1 10 2
168 672
1 7 2
70 203
1 11 2
360 215
1 9 2
733 140
1 5 2
388 350
1 6 2
693 639
1 8 2
691 223
1 9 2
172 459
1 9 2
192 508
1 15 2
734 461
1 8 2
159 731
1 2 2
638 154
1 11 2
344 614
1 14 2
530 778
1 12 2
753 623
1 10 2
47 46
1 8 2
197 48
1 4 2
337 108
1 12 2
318 631
1 14 2
700 148
1 5 2
275 140
1 6 2
158 546
1 4 2
763 83
1 14 2
620 37
1 10 2
10 241
1 15 2
389 750
1 11 2
108 99
1 11 2
693 36
1 9 2
144 190
1 4 2
414 766
1 15 2
433 139
1 6 2
407 697
1 13 2
744 615
1 2 2
515 354
1 13 2
108 41
1 11 2
409 357
1 15 2
337 563
1 14 2
281 379
1 4 2
249 53
1 7 2
494 520
1 3 2
453 454
1 15 2
656 786
1 10 2
521 276
1 14 2
698 763
1 4 2
56 35
1 3 2
303 353
1 6 2
782 699
1 9 2
717 93
1 2 2
593 606
1 5 2
22 484
1 8 2
521 673
1 11 2
23 269
1 4 2
145 735
1 14 2
674 18
1 8 2
247 322
1 13 2
664 585
1 11 2
32 746
1 7 2
629 379
1 11 2
49 566
1 14 2
407 660
1 3 2
517 259
1 14 2
57 601
1 12 2
93 510
1 13 2
771 35
1 12 2
357 414
1 8 2
94 62
1 5 2
516 749
1 7 2
29 40
1 12 2
288 169
1 10 2
710 70
1 3 2
603 789
1 4 2
644 63
1 3 2
219 595
1 7 2
186 664
1 3 2
699 132
1 3 2
533 251
1 7 2
692 64
1 2 2
383 495
1 6 2
123 690
1 2 2
344 21
1 11 2
8 734
1 13 2
351 226
1 7 2
344 681
1 6 2
199 573
1 14 2
634 165
1 15 2
649 193
1 13 2
221 416
1 7 2
478 182
1 15 2
428 686
1 8 2
526 640
1 9 2
236 604
1 14 2
199 359
1 14 2
393 258
1 4 2
6 796
1 14 2
159 636
1 10 2
331 665
1 6 2
541 619
1 14 2
109 321
1 15 2
727 84
1 9 2
207 49
1 2 2
764 151
1 9 2
192 132
1 15 2
476 137
1 15 2
574 2
1 10 2
384 266
1 3 2
600 84
1 5 2
381 103
1 3 2
756 466
1 2 2
426 738
1 2 2
715 702
1 15 2
538 688
1 8 2
339 189
1 4 2
87 217
1 4 2
611 105
1 15 2
206 783
1 10 2
163 550
1 10 2
286 788
1 7 2
394 95
1 9 2
589 743
1 12 2
2 20
1 5 2
434 124
1 2 2
31 302
1 14 2
784 749
1 12 2
28 367
1 15 2
796 683
1 10 2
387 77
1 14 2
581 169
1 3 2
785 157
1 3 2
121 138
1 4 2
198 58
1 6 2
571 319
1 15 2
9 689
1 13 2
261 405
1 11 2
193 356
1 5 2
171 2
1 12 2
114 184
1 4 2
416 343
1 4 2
724 91
1 2 2
674 473
1 11 2
181 534
1 15 2
130 467
1 9 2
226 63
1 4 2
147 10
1 15 2
78 765
1 15 2
574 578
1 4 2
245 40
1 2 2
672 572
1 12 2
230 654
1 6 2
151 654
1 15 2
231 295
1 4 2
435 543
1 13 2
598 418
1 2 2
643 431
1 11 2
220 331
1 7 2
754 522
1 11 2
225 340
1 13 2
198 129
1 14 2
693 401
1 15 2
610 406
1 12 2
99 202
1 12 2
6 625
1 15 2
206 519
1 11 2
360 706
1 12 2
766 156
1 5 2
702 655
1 12 2
196 242
1 11 2
207 5
1 7 2
492 775
1 13 2
32 389
1 6 2
168 476
1 2 2
123 163
1 7 2
245 90
1 5 2
409 734
1 6 2
596 571
1 10 2
342 300
1 10 2
666 487
1 12 2
327 790
1 3 2
226 772
1 2 2
140 296
1 8 2
577 766
1 11 2
349 335
1 2 2
119 750
1 2 2
556 601
1 7 2
513 749
1 13 2
28 463
1 5 2
776 222
1 9 2
206 611
1 11 2
771 265
1 13 2
63 388
1 11 2
484 539
1 13 2
419 104
1 10 2
224 450
1 15 2
442 185
1 2 2
722 288
1 10 2
631 649
1 6 2
253 93
1 2 2
284 205
1 4 2
21 76
1 10 2
398 91
1 14 2
319 59
1 7 2
660 169
1 12 2
538 181
1 11 2
739 43
1 15 2
522 787
1 8 2
340 294
1 11 2
533 44
1 13 2
81 318
1 12 2
227 721
1 13 2
791 653
1 15 2
61 292
1 15 2
38 566
1 7 2
672 722
1 15 2
194 786
1 5 2
484 85
1 13 2
497 609
1 11 2
196 67
1 7 2
494 20
1 4 2
283 324
1 6 2
534 546
1 14 2
125 481
1 15 2
735 783
1 3 2
332 47
1 13 2
173 21
1 9 2
695 278
1 7 2
375 233
1 7 2
55 298
1 12 2
658 607
1 15 2
287 93
1 2 2
538 53
1 5 2
727 303
1 3 2
525 13
1 3 2
278 696
1 13 2
409 229
1 13 2
435 792
1 5 2
564 297
1 15 2
31 81
1 12 2
272 566
1 10 2
773 516
1 9 2
768 619
1 5 2
4 241
1 7 2
404 714
1 3 2
513 647
1 9 2
63 750
1 14 2
355 191
1 14 2
674 226
1 5 2
248 70
1 8 2
652 90
1 10 2
593 455
1 8 2
699 698
1 5 2
273 133
1 15 2
502 329
1 14 2
195 585
1 8 2
36 543
1 10 2
12 273
1 8 2
94 434
1 6 2
554 564
1 12 2
563 651
1 10 2
472 397
1 11 2
639 161
1 2 2
730 574
1 4 2
76 204
1 4 2
603 787
1 5 2
261 522
1 11 2
177 529
1 15 2
16 63
1 8 2
538 18
1 8 2
643 716
1 14 2
517 751
1 9 2
140 764
1 7 2
460 794
1 7 2
174 691
1 9 2
596 109
1 15 2
249 795
1 6 2
527 55
1 13 2
124 40
1 12 2
733 59
1 9 2
536 775
1 10 2
23 663
1 13 2
152 62
1 3 2
771 371
1 3 2
272 671
1 10 2
342 268
1 12 2
377 228
1 12 2
331 220
1 2 2
588 268
1 2 2
224 793
1 15 2
601 323
1 4 2
479 693
1 5 2
370 742
1 7 2
563 683
1 13 2
519 431
1 13 2
628 182
1 12 2
770 446
1 13 2
20 354
1 12 2
358 764
1 15 2
120 738
1 3 2
200 242
1 7 2
127 702
1 5 2
352 696
1 4 2
197 277
1 7 2
628 760
1 3 2
433 445
1 5 2
517 120
1 2 2
337 522
1 12 2
197 231
1 2 2
520 212
1 3 2
632 188
1 11 2
320 759
1 7 2
185 43
1 6 2
168 569
1 10 2
742 422
1 8 2
449 489
1 9 2
768 277
1 13 2
23 439
1 9 2
323 253
1 7 2
680 442
1 10 2
89 251
1 4 2
654 358
1 12 2
492 617
1 13 2
325 797
1 8 2
367 378
1 6 2
606 479
1 15 2
525 784
1 8 2
448 471
1 11 2
587 798
1 11 2
57 660
1 6 2
381 476
1 5 2
44 518
1 13 2
464 552
1 15 2
603 139
1 5 2
775 164
1 2 2
511 447
1 5 2
532 361
1 2 2
595 45
1 6 2
414 65
1 12 2
86 438
1 10 2
415 588
1 7 2
421 767
1 13 2
298 746
1 15 2
224 645
1 8 2
283 540
1 10 2
506 257
1 3 2
210 529
1 14 2
530 557
1 8 2
733 98
1 13 2
763 393
1 10 2
239 683
1 15 2
347 123
1 2 2
387 312
1 6 2
193 302
1 14 2
470 16
1 2 2
383 135
1 5 2
495 557
1 8 2
576 737
1 10 2
347 752
1 12 2
375 370
1 7 2
778 771
1 7 2
56 223
1 2 2
335 627
1 3 2
80 769
1 14 2
540 737
1 12 2
378 740
1 7 2
260 446
1 14 2
786 134
1 11 2
168 686
1 9 2
384 783
1 8 2
118 573
1 10 2
480 45
1 12 2
21 43
1 6 2
430 462
1 13 2
283 696
1 11 2
292 645
1 15 2
231 789
1 14 2
199 650
1 12 2
152 799
1 15 2
763 46
1 4 2
431 432
1 5 2
278 27
1 13 2
43 707
1 11 2
358 506
1 15 2
32 285
1 5 2
546 339
1 6 2
554 631
1 15 2
215 329
1 4 2
43 787
1 5 2
510 750
1 4 2
437 217
1 2 2
299 692
1 3 2
738 527
1 11 2
537 108
1 7 2
614 237
1 15 2
689 459
1 11 2
167 668
1 4 2
78 221
1 6 2
3 454
1 9 2
563 509
1 4 2
28 546
1 3 2
106 302
1 7 2
72 37
1 9 2
449 94
1 6 2
70 697
1 11 2
197 660
1 4 2
751 507
1 14 2
106 355
1 11 2
396 157
1 4 2
691 442
1 7 2
235 62
1 4 2
311 563
1 13 2
164 405
1 12 2
293 389
1 9 2
517 267
1 2 2
533 663
1 15 2
13 205
1 3 2
265 422
1 13 2
30 53
1 3 2
772 446
1 13 2
742 634
1 4 2
75 467
1 4 2
329 787
1 13 2
261 364
1 7 2
171 135
1 14 2
240 333
1 9 2
407 107
1 12 2
205 745
1 5 2
407 273
1 10 2
611 316
1 9 2
93 397
1 2 2
379 331
1 11 2
450 583
1 5 2
384 797
1 4 2
7 244
1 11 2
254 516
1 13 2
6 338
1 11 2
228 575
1 3 2
225 448
1 3 2
534 556
1 4 2
601 787
1 4 2
188 8
1 5 2
481 785
1 10 2
299 6
1 9 2
7 705
1 9 2
187 595
1 4 2
269 350
1 2 2
8 525
1 5 2
122 176
1 8 2
499 208
1 9 2
327 485
1 14 2
798 289
1 10 2
580 276
1 10 2
595 136
1 9 2
11 352
1 12 2
487 483
1 13 2
507 225
1 7 2
333 262
1 3 2
257 69
1 8 2
125 404
1 3 2
705 417
1 7 2
327 602
1 3 2
174 480
1 11 2
741 505
1 3 2
303 791
1 14 2
635 287
1 11 2
620 180
1 7 2
753 115
1 4 2
723 348
1 2 2
779 440
1 15 2
530 522
1 13 2
526 170
1 6 2
257 146
1 10 2
597 86
1 15 2
170 609
1 4 2
772 99
1 2 2
31 632
1 5 2
302 286
1 11 2
640 400
1 8 2
347 638
1 7 2
6 462
1 8 2
572 766
1 12 2
713 610
1 11 2
282 34
1 2 2
785 86
1 7 2
220 735
1 10 2
371 58
1 11 2
28 439
1 9 2
30 372
1 9 2
27 397
1 13 2
308 345
1 15 2
176 263
1 8 2
147 495
1 11 2
756 442
1 8 2
555 74
1 2 2
5 668
1 13 2
90 793
1 8 2
15 738
1 9 2
259 331
1 3 2
40 463
1 7 2
532 77
1 14 2
674 433
1 10 2
709 278
1 14 2
175 144
1 10 2
234 553
1 7 2
118 668
1 11 2
11 141
1 14 2
362 314
1 10 2
552 162
1 12 2
19 572
1 4 2
46 77
1 3 2
181 729
1 6 2
793 105
1 14 2
211 432
1 11 2
413 553
1 10 2
394 754
1 5 2
787 13
1 11 2
324 49
1 13 2
570 480
1 6 2
560 180
1 13 2
591 659
1 11 2
663 510
1 5 2
470 79
1 10 2
611 147
1 12 2
435 92
1 12 2
496 181
1 14 2
554 470
1 14 2
613 455
1 11 2
788 667
1 6 2
55 341
1 4 2
83 453
1 5 2
590 202
1 4 2
475 495
1 10 2
149 228
1 9 2
202 23
1 7 2
119 65
1 2 2
385 68
1 5 2
191 84
1 15 2
45 570
1 11 2
7 722
1 14 2
205 289
1 2 2
604 357
1 3 2
461 74
1 5 2
657 42
1 2 2
15 360
1 2 2
179 760
1 3 2
522 29
1 2 2
250 91
1 4 2
425 730
1 15 2
260 324
1 4 2
17 419
1 3 2
670 27
1 7 2
73 777
1 9 2
329 173
1 6 2
712 19
1 14 2
780 92
1 4 2
48 437
1 9 2
321 259
1 11 2
336 669
1 2 2
578 403
1 7 2
21 211
1 2 2
391 682
1 10 2
35 350
1 4 2
111 171
1 6 2
579 355
1 10 2
92 252
1 2 2
490 326
1 14 2
462 279
1 10 2
521 465
1 13 2
443 531
1 8 2
139 294
1 10 2
115 107
1 10 2
185 103
1 15 2
795 389
1 3 2
51 626
1 3 2
553 628
1 15 2
124 419
1 11 2
341 488
1 11 2
536 19
1 9 2
480 719
1 8 2
634 399
1 12 2
783 99
1 10 2
211 307
1 8 2
661 103
1 14 2
549 784
1 8 2
747 35
1 7 2
637 557
1 15 2
469 507
1 15 2
465 774
1 10 2
125 355
1 13 2
419 575
1 14 2
174 182
1 9 2
676 530
1 3 2
616 589
1 6 2
785 153
1 2 2
294 187
1 15 2
201 4
1 9 2
119 737
1 2 2
140 640
1 12 2
416 332
1 10 2
490 28
1 10 2
768 0
1 2 2
657 177
1 7 2
255 398
1 12 2
385 242
1 9 2
113 213
1 15 2
247 554
1 15 2
701 125
1 2 2
618 394
1 14 2
633 793
1 14 2
666 547
1 2 2
161 399
1 8 2
164 611
1 13 2
577 205
1 2 2
700 261
1 2 2
213 795
1 12 2
80 507
1 5 2
65 97
1 7 2
208 498
1 13 2
639 395
1 8 2
787 184
1 2 2
528 621
1 14 2
587 152
1 3 2
622 6
1 14 2
426 575
1 2 2
434 404
1 11 2
186 630
1 4 2
679 669
1 12 2
785 598
1 12 2
668 757
1 6 2
528 286
1 2 2
339 796
1 4 2
788 542
1 12 2
50 772
1 13 2
169 164
1 11 2
208 365
1 2 2
662 551
1 5 2
304 26
1 13 2
331 184
1 14 2
493 383
1 7 2
283 35
1 12 2
66 253
1 3 2
364 302
1 2 2
116 725
1 7 2
240 63
1 13 2
238 661
1 15 2
558 678
1 4 2
728 13
1 4 2
77 396
1 6 2
526 625
1 2 2
697 222
1 6 2
267 434
1 8 2
315 786
1 3 2
666 547
1 12 2
257 778
1 3 2
684 621
1 2 2
6 350
1 9 2
332 297
1 14 2
89 513
1 5 2
255 686
1 6 2
781 740
1 12 2
257 516
1 4 2
698 366
1 9 2
577 243
1 11 2
366 474
1 4 2
203 756
1 12 2
474 114
1 15 2
757 270
1 10 2
704 78
1 14 2
689 506
1 14 2
254 562
1 7 2
53 593
1 6 2
513 620
1 15 2
734 364
1 9 2
287 358
1 8 2
197 135
1 2 2
573 683
1 10 2
709 75
1 9 2
41 280
1 13 2
651 328
1 4 2
746 386
1 4 2
43 101
1 15 2
720 85
1 8 2
300 462
1 13 2
45 154
1 14 2
732 488
1 5 2
495 499
1 6 2
300 575
1 8 2
402 91
1 10 2
316 340
1 2 2
522 225
1 13 2
457 502
1 13 2
532 91
1 7 2
98 230
1 13 2
314 112
1 2 2
525 722
1 15 2
358 655
1 5 2
488 532
1 5 2
377 413
1 14 2
224 787
1 4 2
527 664
1 11 2
717 741
1 7 2
316 111
1 7 2
757 688
1 6 2
262 305
1 6 2
63 294
1 5 2
111 395
1 9 2
349 520
1 12 2
686 651
1 2 2
330 136
1 7 2
235 593
1 9 2
635 336
1 14 2
31 51
1 7 2
351 131
1 9 2
104 172
1 7 2
136 765
1 6 2
792 610
1 8 2
784 595
1 11 2
169 208
1 3 2
291 380
1 3 2
507 138
1 6 2
403 138
1 7 2
731 739
1 4 2
623 570
1 4 2
604 373
1 8 2
54 119
1 2 2
470 707
1 7 2
347 684
1 13 2
420 396
1 2 2
688 568
1 11 2
563 559
1 3 2
395 84
1 3 2
81 13
1 3 2
247 729
1 10 2
385 200
1 10 2
367 297
1 12 2
55 387
1 13 2
28 199
1 14 2
323 704
1 15 2
430 252
1 7 2
398 136
1 7 2
798 355
1 11 2
271 611
1 9 2
770 682
1 13 2
279 346
1 4 2
509 59
1 14 2
164 478
1 15 2
96 387
1 14 2
114 620
1 2 2
136 748
1 15 2
473 663
1 12 2
577 470
1 11 2
715 149
1 10 2
607 16
1 8 2
607 461
1 9 2
643 750
1 12 2
382 582
1 13 2
468 334
1 9 2
84 761
1 4 2
180 496
1 3 2
548 799
1 5 2
232 292
1 13 2
585 314
1 15 2
215 315
1 13 2
56 96
1 11 2
95 544
1 15 2
695 646
1 12 2
754 707
1 7 2
233 709
1 6 2
224 568
1 2 2
763 303
1 8 2
477 390
1 6 2
411 463
1 9 2
148 249
1 6 2
423 328
1 14 2
608 123
1 14 2
728 471
1 8 2
431 20
1 9 2
22 197
1 3 2
568 142
1 15 2
509 602
1 3 2
199 22
1 14 2
394 167
1 9 2
210 244
1 13 2
44 125
1 9 2
658 549
1 12 2
640 394
1 7 2
134 329
1 8 2
232 162
1 2 2
296 722
1 8 2
528 745
1 11 2
486 303
1 11 2
77 610
1 10 2
103 205
1 6 2
259 141
1 13 2
31 243
1 8 2
417 589
1 6 2
17 764
1 4 2
303 607
1 3 2
72 423
1 13 2
116 66
1 12 2
296 530
1 4 2
332 327
1 8 2
22 261
1 2 2
293 741
1 2 2
668 50
1 11 2
551 466
1 12 2
559 759
1 7 2
720 398
1 7 2
622 313
1 15 2
343 219
1 3 2
551 548
1 12 2
715 505
1 8 2
15 544
1 8 2
498 25
1 5 2
621 209
1 10 2
721 47
1 10 2
750 595
1 4 2
769 631
1 12 2
142 245
1 15 2
626 744
1 13 2
42 796
1 4 2
207 353
1 9 2
201 489
1 11 2
211 199
1 8 2
710 178
1 12 2
341 581
1 6 2
222 115
1 13 2
304 539
1 11 2
120 445
1 5 2
661 598
1 9 2
726 468
1 14 2
156 13
1 7 2
54 336
1 4 2
178 450
1 5 2
228 668
1 2 2
571 28
1 6 2
170 252
1 15 2
734 208
1 13 2
795 794
1 14 2
129 750
1 8 2
181 486
1 2 2
449 189
1 12 2
772 533
1 12 2
224 502
1 12 2
163 164
1 9 2
233 501
1 4 2
248 439
1 11 2
740 681
1 4 2
644 592
1 4 2
798 85
1 13 2
248 754
1 10 2
413 330
1 11 2
638 494
1 9 2
609 38
1 12 2
668 188
1 11 2
80 647
1 14 2
129 224
1 12 2
149 208
1 4 2
404 745
1 5 2
336 83
1 13 2
363 49
1 15 2
597 352
1 7 2
612 609
1 13 2
81 260
1 6 2
174 149
1 4 2
24 494
1 12 2
5 248
1 3 2
502 471
1 15 2
552 227
1 5 2
18 285
1 13 2
540 731
1 10 2
707 504
1 7 2
613 595
1 13 2
752 134
1 9 2
502 69
1 4 2
56 701
1 11 2
336 96
1 14 2
147 46
1 7 2
108 144
1 14 2
469 343
1 5 2
335 108
1 4 2
195 48
1 4 2
208 461
1 10 2
412 201
1 12 2
179 280
1 9 2
571 755
1 14 2
442 15
1 15 2
343 704
1 13 2
48 126
1 2 2
178 19
1 14 2
204 422
1 9 2
210 424
1 14 2
699 559
1 14 2
715 34
1 8 2
222 533
1 12 2
582 610
1 12 2
720 201
1 13 2
96 80
1 12 2
791 106
1 3 2
2 484
1 4 2
13 627
1 12 2
663 756
1 12 2
167 301
1 3 2
557 377
1 2 2
734 672
1 13 2
154 393
1 12 2
793 522
1 12 2
347 464
1 8 2
465 89
1 13 2
651 128
1 13 2
454 332
1 15 2
140 353
1 9 2
212 372
1 12 2
465 364
1 13 2
599 506
1 7 2
684 779
1 15 2
280 686
1 3 2
419 540
1 10 2
408 477
1 15 2
194 553
1 9 2
694 494
1 8 2
626 19
1 15 2
293 214
1 6 2
260 60
1 10 2
483 281
1 9 2
133 55
1 7 2
208 563
1 6 2
765 170
1 11 2
533 404
1 5 2
519 91
1 6 2
229 222
1 3 2
611 2
1 10 2
108 267
1 6 2
230 630
1 13 2
762 42
1 12 2
684 192
1 9 2
664 197
1 9 2
160 587
1 9 2
486 609
1 13 2
569 602
1 15 2
37 346
1 12 2
526 247
1 10 2
153 225
1 12 2
543 587
1 9 2
172 390
1 14 2
171 160
1 5 2
352 38
1 8 2
40 95
1 15 2
347 625
1 13 2
596 799
1 4 2
33 6
1 7 2
195 286
1 7 2
562 573
1 6 2
761 130
1 5 2
282 20
1 4 2
621 154
1 5 2
473 126
1 5 2
663 772
1 15 2
713 278
1 10 2
229 741
1 13 2
398 64
1 2 2
572 793
1 9 2
280 625
1 9 2
135 243
1 2 2
165 109
1 6 2
767 160
1 3 2
341 227
1 7 2
526 367
1 8 2
272 460
1 15 2
460 103
1 13 2
552 66
1 3 2
526 69
1 3 2
125 401
1 10 2
346 612
1 3 2
503 105
1 15 2
717 205
1 2 2
302 591
1 7 2
558 409
1 8 2
328 674
1 14 2
346 108
1 4 2
70 522
1 13 2
352 798
1 13 2
422 578
1 14 2
410 485
1 10 2
748 42
1 13 2
652 269
1 3 2
33 634
1 15 2
700 769
1 5 2
128 186
1 15 2
351 327
1 13 2
175 37
1 15 2
321 267
1 15 2
152 230
1 6 2
682 175
1 5 2
128 385
1 14 2
480 537
1 14 2
764 569
1 2 2
320 468
1 12 2
243 390
1 10 2
394 142
1 6 2
609 196
1 9 2
96 2
1 2 2
29 786
1 9 2
232 290
1 14 2
79 104
1 5 2
601 201
1 8 2
0 3
1 8 2
413 590
1 15 2
333 387
1 5 2
466 151
1 15 2
32 631
1 5 2
343 500
1 8 2
422 129
1 9 2
627 40
1 3 2
107 735
1 14 2
544 339
1 5 2
265 546
1 15 2
264 444
1 3 2
279 283
1 4 2
575 779
1 7 2
394 0
1 11 2
258 617
1 9 2
458 642
1 13 2
651 455
1 4 2
284 169
1 14 2
251 556
1 13 2
548 12
1 10 2
93 586
1 13 2
467 648
1 3 2
97 630
1 13 2
291 317
1 15 2
0 465
1 8 2
400 379
1 15 2
69 629
1 12 2
688 793
1 8 2
419 136
1 6 2
81 648
1 5 2
368 8
1 6 2
1 404
1 15 2
649 499
1 3 2
32 327
1 7 2
496 654
1 9 2
18 498
1 10 2
739 672
1 4 2
783 149
1 13 2
519 622
1 9 2
273 725
1 11 2
269 167
1 11 2
737 26
1 11 2
781 74
1 2 2
458 391
1 2 2
406 733
1 2 2
313 186
1 6 2
731 677
1 4 2
143 614
1 10 2
173 199
1 12 2
89 376
1 11 2
234 119
1 4 2
426 186
1 8 2
710 315
1 10 2
397 458
1 12 2
521 357
1 3 2
223 215
1 6 2
666 433
1 4 2
726 377
1 8 2
52 701
1 15 2
644 208
1 8 2
484 45
1 10 2
774 264
1 7 2
387 464
1 8 2
322 694
1 7 2
655 551
1 6 2
121 742
1 10 2
36 137
1 5 2
487 283
1 6 2
533 295
1 10 2
647 102
1 15 2
768 138
1 4 2
394 404
1 10 2
149 743
1 2 2
279 54
1 15 2
149 199
1 9 2
483 188
1 10 2
586 646
1 9 2
507 361
1 14 2
776 550
1 3 2
651 428
1 14 2
364 799
1 11 2
236 160
1 9 2
147 313
1 14 2
679 642
1 6 2
324 302
1 14 2
536 112
1 5 2
420 207
1 6 2
632 479
1 15 2
736 713
1 14 2
400 307
1 4 2
101 684
1 8 2
655 34
1 2 2
420 529
1 15 2
786 583
1 15 2
514 490
1 14 2
477 702
1 5 2
371 764
1 7 2
355 24
1 5 2
664 521
1 15 2
493 358
1 14 2
753 211
1 2 2
166 271
1 5 2
103 137
1 8 2
456 102
1 11 2
646 675
1 2 2
401 177
1 7 2
228 383
1 9 2
433 78
1 3 2
698 239
1 14 2
324 69
1 13 2
639 99
1 15 2
667 299
1 4 2
594 215
1 12 2
681 147
1 13 2
255 649
1 15 2
783 707
1 15 2
223 83
1 6 2
213 351
1 11 2
127 479
1 11 2
476 512
1 3 2
120 97
1 11 2
732 229
1 11 2
799 379
1 6 2
77 767
1 15 2
472 25
1 13 2
480 790
1 3 2
384 393
1 7 2
57 82
1 13 2
211 203
1 7 2
13 748
1 11 2
18 352
1 10 2
782 86
1 5 2
205 328
1 12 2
719 82
1 8 2
670 387
1 6 2
94 571
1 15 2
238 426
1 3 2
78 77
1 9 2
409 444
1 8 2
728 758
1 4 2
552 108
1 13 2
390 251
1 2 2
467 506
1 6 2
729 516
1 11 2
653 346
1 7 2
354 13
1 9 2
682 654
1 13 2
82 622
1 3 2
497 88
1 6 2
528 182
1 13 2
272 158
1 9 2
609 400
1 12 2
51 27
1 14 2
351 409
1 14 2
393 742
1 11 2
195 728
1 11 2
249 683
1 4 2
341 648
1 14 2
228 560
1 12 2
468 2
1 8 2
718 220
1 11 2
782 61
1 10 2
346 422
1 7 2
796 424
1 13 2
212 303
1 5 2
481 87
1 6 2
683 657
1 13 2
269 385
1 2 2
344 622
1 6 2
301 250
1 9 2
296 102
1 2 2
792 487
1 10 2
781 270
1 14 2
7 455
1 8 2
550 632
1 3 2
457 563
1 4 2
779 94
1 8 2
765 411
1 6 2
605 394
1 4 2
481 346
1 9 2
273 428
1 8 2
792 529
1 3 2
375 615
1 9 2
6 489
1 11 2
714 432
1 3 2
493 344
1 5 2
6 68
1 4 2
458 754
1 15 2
555 69
1 2 2
115 53
1 14 2
139 564
1 11 2
701 198
1 7 2
591 660
1 5 2
453 657
1 14 2
355 540
1 6 2
355 716
1 7 2
75 30
1 12 2
769 504
1 6 2
320 403
1 2 2
794 516
1 8 2
637 791
1 2 2
218 28
1 3 2
32 748
1 9 2
553 243
1 15 2
185 390
1 15 2
470 87
1 12 2
715 158
1 7 2
603 784
1 15 2
417 49
1 8 2
45 19
1 4 2
116 614
1 7 2
609 739
1 6 2
687 774
1 7 2
745 710
1 9 2
682 190
1 8 2
48 164
1 15 2
428 553
1 4 2
190 426
1 7 2
405 513
1 15 2
204 272
1 11 2
232 287
1 14 2
69 513
1 7 2
525 517
1 6 2
203 693
1 9 2
211 354
1 9 2
383 294
1 15 2
726 693
1 15 2
187 522
1 8 2
118 705
1 3 2
117 551
1 5 2
198 93
1 4 2
722 693
1 2 2
168 162
1 12 2
264 243
1 8 2
291 216
1 5 2
50 725
1 15 2
216 411
1 8 2
741 482
1 13 2
488 451
1 13 2
370 378
1 15 2
53 754
1 9 2
713 5
1 9 2
25 260
1 6 2
370 84
1 15 2
583 308
1 3 2
565 729
1 9 2
375 181
1 13 2
637 30
1 2 2
188 539
1 6 2
76 679
1 6 2
710 471
1 3 2
82 509
1 4 2
199 232
1 9 2
123 785
1 12 2
458 678
1 13 2
18 548
1 12 2
203 396
1 7 2
74 173
1 9 2
642 15
1 15 2
374 106
1 14 2
310 594
1 4 2
680 172
1 15 2
585 3
1 10 2
130 741
1 10 2
773 449
1 7 2
96 597
1 6 2
216 209
1 12 2
764 734
1 12 2
103 765
1 9 2
389 243
1 7 2
762 596
1 15 2
26 449
1 6 2
171 738
1 2 2
129 170
1 7 2
295 232
1 15 2
631 271
1 15 2
523 349
1 10 2
339 409
1 5 2
11 754
1 14 2
764 292
1 13 2
377 675
1 15 2
541 658
1 6 2
411 686
1 3 2
126 514
1 7 2
533 192
1 9 2
494 272
1 3 2
507 229
1 15 2
245 798
1 3 2
51 34
1 9 2
405 237
1 15 2
261 162
1 6 2
731 667
1 3 2
565 253
1 13 2
728 660
1 6 2
435 24
1 5 2
184 514
1 8 2
84 529
1 12 2
74 59
1 15 2
658 636
1 2 2
766 273
1 8 2
106 690
1 6 2
275 641
1 5 2
275 135
1 15 2
290 747
1 10 2
442 20
1 13 2
539 152
1 11 2
68 598
1 11 2
188 334
1 14 2
249 257
1 13 2
145 91
1 12 2
240 2
1 5 2
30 19
1 3 2
796 509
1 8 2
667 691
1 5 2
755 263
1 5 2
299 515
1 12 2
318 470
1 7 2
772 570
1 4 2
182 286
1 11 2
617 666
1 11 2
77 590
1 9 2
84 210
1 4 2
174 428
1 2 2
252 14
1 2 2
21 14
1 10 2
225 687
1 7 2
612 686
1 15 2
682 207
1 10 2
589 478
1 4 2
508 672
1 7 2
237 439
1 5 2
290 646
1 8 2
92 420
1 10 2
785 248
1 15 2
335 410
1 9 2
220 694
1 9 2
576 779
1 12 2
150 6
1 4 2
410 187
1 7 2
629 796
1 5 2
519 364
1 6 2
535 455
1 9 2
404 449
1 3 2
530 474
1 9 2
135 567
1 11 2
141 514
1 15 2
205 665
1 12 2
350 78
1 2 2
53 369
1 2 2
291 339
1 12 2
295 284
1 4 2
426 92
1 4 2
165 521
1 6 2
371 253
1 9 2
15 380
1 4 2
11 86
1 11 2
275 254
1 11 2
218 412
1 10 2
535 127
1 4 2
589 593
1 2 2
771 133
1 10 2
77 118
1 10 2
387 256
1 4 2
138 107
1 2 2
686 614
1 10 2
742 294
1 14 2
349 52
1 6 2
541 613
1 10 2
660 367
1 14 2
497 433
1 14 2
98 87
1 5 2
151 500
1 10 2
698 200
1 11 2
82 638
1 9 2
462 408
1 5 2
663 335
1 12 2
666 64
1 11 2
163 262
1 2 2
23 46
1 13 2
585 626
1 3 2
486 47
1 7 2
645 200
1 4 2
188 1
1 14 2
35 683
1 9 2
538 797
1 14 2
164 768
1 2 2
267 472
1 5 2
475 344
1 11 2
695 5
1 9 2
40 344
1 4 2
157 532
1 11 2
672 733
1 12 2
434 582
1 4 2
121 495
1 10 2
466 360
1 9 2
210 678
1 10 2
692 502
1 2 2
79 156
1 15 2
525 313
1 5 2
571 180
1 9 2
448 476
1 10 2
526 514
1 5 2
720 406
1 2 2
516 114
1 13 2
34 768
1 4 2
155 535
1 12 2
32 18
1 3 2
653 749
1 13 2
734 95
1 12 2
783 476
1 2 2
88 113
1 10 2
360 61
1 4 2
251 201
1 3 2
525 729
1 3 2
527 619
1 13 2
772 754
1 8 2
447 687
1 11 2
477 733
1 5 2
433 23
1 2 2
477 782
1 7 2
175 196
1 3 2
721 275
1 14 2
703 119
1 10 2
425 142
1 4 2
636 774
1 7 2
374 379
1 11 2
704 732
1 5 2
70 756
1 9 2
605 0
1 3 2
558 573
1 14 2
260 690
1 10 2
765 219
1 2 2
345 769
1 4 2
288 704
1 3 2
516 137
1 3 2
112 377
1 14 2
314 257
1 15 2
390 257
1 8 2
648 90
1 11 2
267 725
1 2 2
715 736
1 3 2
237 492
1 13 2
451 524
1 15 2
595 224
1 12 2
651 787
1 13 2
344 605
1 9 2
565 484
1 3 2
718 246
1 14 2
122 337
1 10 2
508 532
1 14 2
306 508
1 8 2
374 173
1 8 2
466 501
1 15 2
648 371
1 12 2
612 397
1 7 2
320 144
1 6 2
106 116
1 10 2
37 300
1 11 2
371 769
1 9 2
189 779
1 4 2
686 451
1 2 2
186 553
1 12 2
80 375
1 13 2
515 292
1 14 2
245 131
1 12 2
365 220
1 10 2
271 528
1 13 2
51 416
1 6 2
315 280
1 7 2
487 444
1 5 2
26 658
1 15 2
503 114
1 9 2
757 753
1 9 2
439 289
1 8 2
579 743
1 7 2
574 92
1 14 2
422 772
1 13 2
722 655
1 7 2
674 267
1 8 2
426 740
1 10 2
50 608
1 5 2
715 685
1 12 2
235 134
1 15 2
335 536
1 13 2
629 228
1 2 2
301 480
1 9 2
176 507
1 6 2
211 391
1 5 2
259 455
1 14 2
502 135
1 6 2
44 519
1 5 2
48 321
1 3 2
80 674
1 10 2
112 657
1 2 2
111 615
1 6 2
684 767
1 10 2
174 456
1 11 2
94 546
1 15 2
352 451
1 12 2
277 799
1 12 2
87 432
1 14 2
250 198
1 2 2
751 711
1 9 2
755 590
1 15 2
333 515
1 8 2
231 495
1 8 2
521 616
1 4 2
352 252
1 13 2
610 356
1 6 2
647 158
1 10 2
737 338
1 4 2
691 732
1 9 2
293 705
1 9 2
359 329
1 9 2
693 779
1 5 2
121 138
1 8 2
155 294
1 8 2
742 179
1 11 2
757 700
1 6 2
643 76
1 3 2
45 379
1 13 2
347 752
1 11 2
618 131
1 11 2
501 692
1 2 2
308 404
1 6 2
568 788
1 3 2
160 685
1 12 2
589 427
1 2 2
362 167
1 4 2
51 651
1 15 2
506 168
1 3 2
165 209
1 15 2
728 16
1 13 2
593 194
1 6 2
303 26
1 13 2
293 134
1 10 2
39 767
1 6 2
433 418
1 4 2
455 596
1 7 2
755 354
1 14 2
661 163
1 13 2
270 377
1 13 2
493 706
1 10 2
332 269
1 7 2
695 271
1 4 2
386 525
1 14 2
603 72
1 13 2
277 145
1 4 2
709 306
1 10 2
497 45
1 14 2
7 466
1 9 2
325 649
1 7 2
757 338
1 10 2
218 644
1 8 2
499 725
1 10 2
546 483
1 3 2
714 5
1 10 2
492 383
1 14 2
325 450
1 13 2
621 154
1 7 2
798 137
1 7 2
703 61
1 11 2
328 615
1 4 2
385 792
1 5 2
114 130
1 7 2
251 343
1 12 2
397 457
1 2 2
182 598
1 7 2
422 161
1 7 2
298 297
1 15 2
150 224
1 12 2
665 219
1 8 2
192 260
1 13 2
450 679
1 11 2
584 425
1 9 2
532 571
1 4 2
597 163
1 13 2
294 298
1 12 2
72 417
1 10 2
174 640
1 11 2
245 480
1 6 2
30 168
1 11 2
701 331
1 5 2
418 542
1 10 2
424 671
1 12 2
278 116
1 7 2
327 13
1 10 2
684 596
1 4 2
536 7
1 6 2
721 442
1 14 2
258 63
1 8 2
151 572
1 6 2
398 33
1 7 2
1 231
1 15 2
464 49
1 5 2
28 185
1 14 2
528 160
1 7 2
258 624
1 4 2
307 791
1 11 2
470 71
1 10 2
751 658
1 15 2
580 471
1 3 2
364 66
1 9 2
11 42
1 8 2
799 582
1 13 2
574 209
1 7 2
760 700
1 15 2
577 96
1 14 2
543 19
1 2 2
506 97
1 2 2
199 642
1 13 2
4 618
1 6 2
443 225
1 4 2
27 671
1 9 2
14 615
1 6 2
338 514
1 11 2
38 7
1 12 2
111 193
1 8 2
239 202
1 14 2
487 501
1 11 2
296 525
1 8 2
751 181
1 14 2
46 93
1 2 2
172 438
1 2 2
663 458
1 14 2
58 179
1 10 2
388 6
1 2 2
342 494
1 11 2
76 181
1 14 2
758 528
1 5 2
396 261
1 9 2
572 237
1 9 2
639 229
1 13 2
658 79
1 14 2
526 499
1 15 2
374 411
1 7 2
798 681
1 3 2
9 698
1 13 2
40 676
1 11 2
85 605
1 9 2
43 476
1 8 2
541 614
1 11 2
500 594
1 2 2
256 608
1 12 2
404 33
1 3 2
143 396
1 11 2
286 95
1 5 2
251 393
1 10 2
576 797
1 4 2
178 324
1 11 2
615 443
1 13 2
314 129
1 7 2
400 719
1 3 2
124 598
1 6 2
127 752
1 5 2
335 288
1 4 2
556 132
1 7 2
256 601
1 9 2
512 304
1 8 2
174 78
1 14 2
523 689
1 11 2
459 118
1 11 2
758 598
1 13 2
686 544
1 3 2
784 290
1 14 2
789 563
1 10 2
298 599
1 10 2
760 434
1 2 2
412 115
1 11 2
695 348
1 7 2
40 463
1 8 2
653 663
1 7 2
506 733
1 11 2
486 524
1 7 2
531 751
1 14 2
35 434
1 13 2
321 265
1 2 2
239 321
1 2 2
558 667
1 6 2
730 554
1 7 2
142 486
1 8 2
202 468
1 5 2
195 437
1 7 2
80 372
1 4 2
80 87
1 11 2
169 108
1 6 2
399 670
1 14 2
472 386
1 15 2
239 773
1 11 2
273 29
1 2 2
256 720
1 14 2
10 430
1 8 2
97 52
1 4 2
19 536
1 3 2
309 693
1 8 2
148 418
1 13 2
87 356
1 8 2
372 526
1 5 2
781 546
1 11 2
673 516
1 2 2
314 481
1 3 2
461 99
1 10 2
133 574
1 9 2
7 600
1 7 2
354 184
1 14 2
520 666
1 12 2
413 612
1 3 2
11 408
1 9 2
383 48
1 10 2
710 280
1 5 2
217 623
1 14 2
689 202
1 13 2
477 240
1 15 2
410 588
1 15 2
697 297
1 9 2
710 459
1 4 2
728 459
1 4 2
307 439
1 7 2
492 319
1 3 2
782 336
1 10 2
360 133
1 2 2
712 656
1 12 2
457 167
1 13 2
701 704
1 9 2
447 611
1 11 2
782 83
1 5 2
216 212
1 2 2
202 2
1 2 2
242 39
1 4 2
104 779
1 7 2
541 153
1 15 2
84 142
1 7 2
76 290
1 10 2
315 338
1 11 2
275 69
1 6 2
61 70
1 6 2
608 175
1 2 2
71 582
1 9 2
369 366
1 10 2
340 546
1 11 2
688 513
1 7 2
203 591
1 4 2
111 575
1 9 2
473 457
1 3 2
713 672
1 14 2
501 371
1 10 2
342 62
1 5 2
632 33
1 4 2
498 493
1 14 2
744 392
1 3 2
699 455
1 7 2
613 264
1 5 2
401 582
1 13 2
415 480
1 11 2
762 686
1 2 2
588 170
1 7 2
661 625
1 7 2
244 649
1 5 2
248 262
1 4 2
424 678
1 7 2
612 631
1 10 2
684 10
1 4 2
644 270
1 12 2
613 673
1 8 2
404 304
1 9 2
612 510
1 3 2
526 120
1 4 2
198 423
1 5 2
192 355
1 5 2
200 575
1 5 2
184 119
1 6 2
390 267
1 12 2
677 343
1 8 2
507 54
1 11 2
262 339
1 15 2
638 7
1 3 2
38 523
1 3 2
240 275
1 6 2
746 585
1 9 2
684 351
1 4 2
232 111
1 11 2
138 304
1 6 2
412 602
1 2 2
491 37
1 12 2
742 606
1 4 2
492 143
1 6 2
768 722
1 14 2
22 289
1 14 2
629 37
1 13 2
48 239
1 15 2
6 302
1 9 2
252 205
1 9 2
2 519
1 3 2
737 244
1 11 2
133 272
1 5 2
342 782
1 13 2
733 386
1 15 2
204 195
1 10 2
440 731
1 7 2
607 429
1 11 2
537 318
1 14 2
706 328
1 7 2
341 370
1 9 2
644 198
1 11 2
246 562
1 14 2
203 689
1 9 2
73 294
1 4 2
368 716
1 15 2
488 650
1 4 2
635 627
1 9 2
629 82
1 8 2
692 223
1 11 2
634 455
1 3 2
334 782
1 13 2
220 223
1 6 2
133 254
1 15 2
1 41
1 10 2
289 507
1 14 2
444 467
1 7 2
480 765
1 14 2
229 698
1 9 2
673 566
1 11 2
544 329
1 15 2
728 344
1 4 2
554 634
1 11 2
739 209
1 8 2
103 363
1 4 2
385 10
1 5 2
571 677
1 12 2
414 14
1 2 2
377 556
1 9 2
441 603
1 12 2
725 216
1 6 2
27 496
1 14 2
420 525
1 8 2
525 289
1 15 2
755 61
1 5 2
633 456
1 3 2
480 750
1 7 2
139 184
1 13 2
127 780
1 14 2
113 496
1 9 2
154 746
1 12 2
487 506
1 14 2
287 223
1 15 2
262 231
1 9 2
197 262
1 13 2
487 730
1 13 2
698 337
1 6 2
171 312
1 6 2
539 270
1 8 2
504 209
1 15 2
314 675
1 13 2
40 110
1 4 2
403 156
1 6 2
402 86
1 3 2
107 364
1 4 2
72 186
1 4 2
673 220
1 12 2
211 214
1 13 2
491 675
1 3 2
232 588
1 14 2
794 370
1 4 2
673 600
1 9 2
89 297
1 13 2
259 156
1 13 2
508 736
1 3 2
636 281
1 13 2
649 765
1 6 2
541 636
1 10 2
145 352
1 5 2
168 512
1 14 2
177 181
1 11 2
306 399
1 2 2
546 346
1 6 2
323 361
1 8 2
672 644
1 9 2
798 72
1 12 2
516 237
1 3 2
550 89
1 11 2
466 192
1 3 2
80 370
1 5 2
605 270
1 13 2
147 100
1 8 2
731 796
1 9 2
315 135
1 11 2
708 437
1 9 2
692 633
1 9 2
379 789
1 14 2
15 744
1 4 2
557 779
1 15 2
96 294
1 5 2
727 100
1 7 2
763 631
1 13 2
190 747
1 11 2
447 520
1 13 2
307 74
1 12 2
691 278
1 5 2
765 246
1 4 2
540 476
1 2 2
42 266
1 11 2
685 159
1 12 2
74 437
1 13 2
307 205
1 8 2
280 148
1 4 2
572 115
1 3 2
157 209
1 6 2
197 727
1 11 2
305 25
1 13 2
446 751
1 12 2
672 609
1 11 2
164 194
1 9 2
0 510
1 3 2
307 290
1 15 2
174 110
1 3 2
672 103
1 5 2
464 197
1 4 2
761 237
1 9 2
467 58
1 12 2
482 56
1 6 2
363 208
1 8 2
329 564
1 2 2
179 35
1 15 2
122 166
1 14 2
626 544
1 6 2
234 499
1 13 2
668 544
1 15 2
706 341
1 7 2
296 44
1 15 2
690 197
1 6 2
233 276
1 15 2
90 354
1 3 2
540 586
1 14 2
744 786
1 2 2
389 733
1 4 2
733 356
1 11 2
186 208
1 2 2
496 176
1 10 2
217 90
1 11 2
702 225
1 6 2
2 451
1 8 2
19 777
1 8 2
49 683
1 3 2
668 242
1 3 2
380 614
1 11 2
363 115
1 5 2
532 549
1 10 2
772 673
1 7 2
492 630
1 11 2
466 562
1 9 2
28 48
1 8 2
113 405
1 11 2
677 583
1 6 2
283 657
1 13 2
428 699
1 10 2
212 455
1 11 2
346 192
1 2 2
539 20
1 13 2
545 380
1 8 2
596 106
1 4 2
479 37
1 5 2
97 142
1 7 2
735 31
1 12 2
282 319
1 12 2
678 465
1 4 2
620 193
1 15 2
135 713
1 7 2
622 335
1 6 2
49 646
1 13 2
448 205
1 11 2
250 234
1 14 2
696 587
1 4 2
177 243
1 15 2
589 215
1 5 2
694 650
1 8 2
567 23
1 4 2
773 514
1 3 2
415 38
1 11 2
396 613
1 3 2
543 513
1 9 2
204 535
1 15 2
433 673
1 4 2
465 410
1 4 2
165 281
1 11 2
762 492
1 12 2
240 534
1 9 2
589 420
1 13 2
7 55
1 4 2
78 401
1 7 2
301 763
1 5 2
307 496
1 7 2
753 206
1 14 2
433 378
1 6 2
404 145
1 13 2
229 324
1 10 2
416 289
1 2 2
397 141
1 4 2
749 243
1 13 2
402 71
1 6 2
727 649
1 10 2
290 68
1 3 2
426 198
1 7 2
594 297
1 3 2
275 27
1 9 2
777 481
1 7 2
397 707
1 15 2
674 590
1 6 2
761 727
1 11 2
558 531
1 8 2
334 533
1 3 2
263 718
1 14 2
201 726
1 15 2
789 784
1 2 2
232 554
1 13 2
355 175
1 5 2
611 459
1 13 2
726 745
1 14 2
242 555
1 11 2
645 316
1 7 2
168 543
1 14 2
47 455
1 9 2
364 289
1 11 2
41 715
1 8 2
796 576
1 4 2
339 185
1 12 2
126 647
1 3 2
435 41
1 13 2
610 267
1 8 2
779 119
1 10 2
565 564
1 2 2
90 319
1 7 2
225 14
1 10 2
241 690
1 7 2
654 65
1 10 2
403 76
1 5 2
414 541
1 7 2
244 78
1 4 2
372 191
1 6 2
673 352
1 12 2
490 64
1 8 2
252 523
1 14 2
318 372
1 8 2
596 314
1 7 2
779 433
1 8 2
301 103
1 4 2
260 453
1 15 2
99 731
1 13 2
700 95
1 10 2
765 247
1 10 2
99 290
1 2 2
588 373
1 13 2
444 381
1 12 2
269 144
1 5 2
558 607
1 3 2
540 368
1 4 2
476 352
1 10 2
394 766
1 5 2
9 520
1 2 2
167 312
1 3 2
523 578
1 2 2
627 93
1 9 2
317 690
1 4 2
158 220
1 8 2
493 739
1 7 2
94 188
1 3 2
516 163
1 15 2
766 439
1 11 2
687 554
1 7 2
380 262
1 7 2
165 20
1 6 2
526 144
1 9 2
173 108
1 11 2
63 782
1 15 2
76 791
1 7 2
610 275
1 15 2
342 792
1 2 2
164 614
1 10 2
569 332
1 3 2
193 112
1 2 2
768 763
1 11 2
80 428
1 13 2
111 536
1 3 2
100 61
1 4 2
739 659
1 14 2
259 28
1 8 2
777 591
1 14 2
691 238
1 13 2
649 189
1 8 2
201 287
1 11 2
747 16
1 14 2
286 141
1 9 2
204 128
1 12 2
617 199
1 8 2
304 118
1 3 2
148 612
1 15 2
731 291
1 14 2
31 283
1 8 2
135 772
1 10 2
766 433
1 10 2
319 618
1 10 2
531 646
1 2 2
179 158
1 7 2
77 560
1 2 2
186 324
1 9 2
267 522
1 6 2
114 314
1 3 2
387 599
1 11 2
517 734
1 12 2
416 390
1 11 2
354 752
1 15 2
771 249
1 15 2
252 637
1 5 2
727 563
1 15 2
199 505
1 2 2
757 74
1 9 2
15 189
1 3 2
30 779
1 12 2
195 263
1 13 2
453 519
1 9 2
422 681
1 2 2
236 736
1 6 2
136 340
1 8 2
71 225
1 13 2
665 457
1 6 2
563 405
1 12 2
363 639
1 12 2
450 577
1 2 2
769 536
1 13 2
528 565
1 2 2
656 352
1 4 2
729 142
1 14 2
294 709
1 15 2
470 389
1 5 2
741 483
1 3 2
696 26
1 7 2
377 210
1 15 2
365 164
1 13 2
769 97
1 7 2
431 775
1 13 2
194 769
1 12 2
617 624
1 5 2
133 129
1 8 2
638 527
1 6 2
696 183
1 5 2
82 26
1 15 2
222 334
1 14 2
716 410
1 6 2
680 738
1 14 2
247 204
1 15 2
388 532
1 2 2
154 272
1 7 2
780 456
1 4 2
36 282
1 13 2
118 276
1 3 2
152 697
1 8 2
292 667
1 12 2
797 429
1 7 2
86 156
1 4 2
603 221
1 7 2
691 186
1 13 2
338 18
1 14 2
591 642
1 2 2
552 248
1 14 2
172 714
1 12 2
582 791
1 13 2
189 428
1 11 2
92 42
1 15 2
361 201
1 4 2
159 580
1 6 2
619 5
1 2 2
755 579
1 3 2
491 128
1 15 2
332 359
1 2 2
622 689
1 2 2
646 407
1 14 2
210 579
1 6 2
795 284
1 4 2
641 590
1 9 2
52 674
1 13 2
12 677
1 3 2
670 649
1 8 2
609 350
1 10 2
587 6
1 13 2
7 600
1 5 2
215 423
1 3 2
680 757
1 2 2
265 120
1 10 2
50 317
1 8 2
728 172
1 10 2
496 730
1 7 2
164 165
1 7 2
765 592
1 8 2
762 214
1 5 2
754 367
1 6 2
270 113
1 2 2
439 226
1 3 2
750 497
1 7 2
106 696
1 2 2
713 737
1 15 2
147 205
1 6 2
178 479
1 4 2
602 405
1 15 2
703 141
1 9 2
680 408
1 11 2
704 21
1 15 2
20 239
1 9 2
415 372
1 13 2
603 185
1 8 2
669 579
1 10 2
504 392
1 4 2
183 416
1 13 2
684 436
1 5 2
186 560
1 7 2
317 661
1 11 2
536 708
1 14 2
561 100
1 8 2
377 586
1 6 2
514 354
1 3 2
242 204
1 5 2
345 474
1 12 2
590 260
1 13 2
257 672
1 11 2
335 532
1 14 2
169 125
1 11 2
61 544
1 8 2
72 768
1 7 2
536 771
1 6 2
149 492
1 10 2
573 693
1 12 2
633 437
1 7 2
587 708
1 8 2
99 359
1 10 2
367 474
1 7 2
433 38
1 10 2
614 199
1 7 2
175 237
1 13 2
422 58
1 15 2
494 177
1 6 2
543 45
1 9 2
331 352
1 11 2
292 30
1 10 2
785 367
1 3 2
624 260
1 5 2
789 68
1 11 2
181 59
1 4 2
253 655
1 6 2
718 594
1 2 2
709 406
1 9 2
571 575
1 13 2
181 406
1 3 2
754 346
1 15 2
342 113
1 9 2
405 456
1 13 2
687 754
1 3 2
369 737
1 2 2
156 610
1 9 2
124 105
1 11 2
510 57
1 15 2
475 501
1 7 2
641 618
1 13 2
241 499
1 2 2
62 637
1 5 2
522 272
1 13 2
697 10
1 4 2
254 93
1 11 2
361 436
1 3 2
38 8
1 6 2
23 504
1 9 2
527 92
1 13 2
520 618
1 8 2
106 80
1 4 2
491 304
1 2 2
110 328
1 12 2
338 695
1 10 2
257 340
1 12 2
553 301
1 15 2
84 657
1 10 2
793 160
1 8 2
475 361
1 9 2
724 490
1 7 2
442 543
1 14 2
53 110
1 15 2
263 73
1 13 2
632 297
1 4 2
638 37
1 6 2
751 551
1 8 2
31 743
1 7 2
469 486
1 13 2
52 235
1 12 2
550 59
1 6 2
509 129
1 14 2
46 352
1 6 2
466 421
1 8 2
181 179
1 14 2
541 673
1 15 2
193 472
1 11 2
12 145
1 3 2
256 132
1 3 2
151 53
1 8 2
35 99
1 6 2
709 136
1 14 2
312 731
1 3 2
490 382
1 6 2
778 117
1 14 2
259 428
1 13 2
495 165
1 12 2
373 400
1 10 2
10 729
1 8 2
3 45
1 13 2
624 102
1 3 2
497 738
1 12 2
451 383
1 14 2
414 432
1 10 2
636 169
1 3 2
411 716
1 10 2
36 692
1 11 2
674 536
1 7 2
655 791
1 15 2
145 136
1 11 2
620 704
1 7 2
345 426
1 13 2
470 389
1 4 2
523 128
1 9 2
596 21
1 11 2
456 239
1 4 2
302 647
1 5 2
392 635
1 7 2
71 406
1 5 2
37 34
1 9 2
17 615
1 11 2
440 500
1 5 2
456 424
1 3 2
41 684
1 9 2
238 418
1 10 2
253 766
1 4 2
414 668
1 11 2
388 591
1 8 2
492 709
1 3 2
686 669
1 5 2
516 548
1 10 2
347 497
1 13 2
522 387
1 13 2
334 268
1 9 2
640 195
1 8 2
269 674
1 8 2
267 59
1 15 2
7 491
1 15 2
450 706
1 6 2
265 749
1 8 2
765 658
1 9 2
59 123
1 9 2
354 746
1 10 2
306 268
1 13 2
201 582
1 6 2
408 546
1 8 2
324 4
1 12 2
650 411
1 9 2
283 648
1 6 2
594 312
1 11 2
63 349
1 14 2
418 431
1 4 2
658 535
1 13 2
137 346
1 15 2
84 420
1 12 2
218 688
1 10 2
418 101
1 4 2
650 626
1 15 2
652 417
1 10 2
305 678
1 14 2
658 122
1 10 2
180 736
1 11 2
372 434
1 8 2
445 610
1 7 2
466 239
1 2 2
544 170
1 5 2
718 38
1 14 2
373 371
1 5 2
1 543
1 15 2
184 352
1 11 2
181 45
1 6 2
630 305
1 10 2
42 732
1 4 2
342 677
1 12 2
498 266
1 15 2
341 399
1 8 2
262 126
1 3 2
277 215
1 13 2
542 532
1 9 2
367 57
1 15 2
785 20
1 4 2
537 213
1 4 2
218 350
1 2 2
321 564
1 5 2
761 353
1 9 2
582 191
1 3 2
337 284
1 15 2
547 737
1 9 2
233 595
1 13 2
758 272
1 5 2
265 641
1 15 2
487 761
1 7 2
326 312
1 9 2
295 646
1 14 2
230 353
1 14 2
71 220
1 10 2
77 150
1 12 2
233 331
1 8 2
399 518
1 4 2
209 341
1 9 2
725 184
1 4 2
734 81
1 4 2
122 247
1 9 2
551 519
1 9 2
744 743
1 11 2
84 596
1 9 2
669 337
1 9 2
279 568
1 12 2
561 482
1 7 2
290 746
1 4 2
411 426
1 3 2
135 6
1 5 2
338 72
1 12 2
431 387
1 12 2
412 164
1 15 2
116 680
1 11 2
523 452
1 14 2
430 409
1 8 2
635 156
1 5 2
81 663
1 2 2
273 14
1 11 2
409 654
1 6 2
715 110
1 4 2
632 78
1 10 2
416 1
1 9 2
87 623
1 2 2
734 301
1 10 2
672 445
1 14 2
238 7
1 10 2
454 357
1 11 2
318 473
1 13 2
446 642
1 3 2
465 399
1 10 2
188 740
1 5 2
569 211
1 13 2
437 577
1 15 2
761 234
1 14 2
69 15
1 13 2
329 554
1 6 2
318 670
1 13 2
33 449
1 12 2
670 304
1 7 2
794 236
1 6 2
595 591
1 6 2
185 761
1 4 2
210 211
1 2 2
550 628
1 11 2
717 326
1 9 2
273 82
1 3 2
196 148
1 13 2
351 490
1 2 2
323 453
1 6 2
544 222
1 11 2
272 730
1 14 2
736 523
1 10 2
598 459
1 9 2
495 685
1 15 2
157 44
1 13 2
433 573
1 7 2
52 433
1 4 2
394 689
1 4 2
217 612
1 13 2
789 58
1 14 2
383 582
1 10 2
267 129
1 15 2
587 794
1 11 2
213 708
1 12 2
452 534
1 6 2
218 650
1 5 2
706 333
1 15 2
77 447
1 14 2
350 579
1 6 2
193 522
1 2 2
507 312
1 6 2
487 790
1 14 2
612 465
1 15 2
60 410
1 14 2
633 237
1 4 2
472 685
1 4 2
496 137
1 5 2
494 199
1 5 2
102 470
1 15 2
563 747
1 9 2
144 264
1 2 2
160 133
1 5 2
447 768
1 5 2
29 92
1 14 2
465 152
1 2 2
695 570
1 8 2
786 100
1 6 2
110 680
1 9 2
558 747
1 12 2
127 788
1 4 2
88 539
1 2 2
149 599
1 4 2
458 737
1 13 2
751 583
1 3 2
26 197
1 3 2
439 132
1 10 2
635 80
1 2 2
96 108
1 14 2
371 203
1 11 2
567 561
1 8 2
11 761
1 4 2
128 47
1 8 2
571 514
1 14 2
671 675
1 5 2
724 66
1 7 2
739 165
1 4 2
573 299
1 11 2
535 225
1 7 2
182 599
1 3 2
642 187
1 12 2
241 697
1 9 2
273 595
1 2 2
208 65
1 11 2
531 37
1 13 2
724 645
1 3 2
703 319
1 15 2
706 12
1 5 2
483 531
1 3 2
321 648
1 14 2
385 465
1 13 2
258 330
1 8 2
519 107
1 11 2
254 178
1 9 2
178 15
1 6 2
799 270
1 7 2
119 572
1 12 2
358 9
1 12 2
608 415
1 6 2
314 98
1 11 2
373 467
1 7 2
336 705
1 5 2
460 7
1 9 2
47 765
1 13 2
661 72
1 4 2
97 687
1 3 2
380 642
1 13 2
364 533
1 10 2
336 116
1 9 2
458 326
1 11 2
163 297
1 3 2
391 720
1 15 2
68 374
1 6 2
545 797
1 11 2
325 510
1 6 2
743 328
1 15 2
427 237
1 2 2
385 346
1 13 2
722 269
1 7 2
204 658
1 5 2
455 118
1 5 2
368 496
1 14 2
288 82
1 7 2
96 298
1 13 2
797 21
1 3 2
620 181
1 13 2
242 561
1 8 2
334 189
1 6 2
641 717
1 11 2
399 793
1 14 2
527 748
1 15 2
100 734
1 5 2
591 388
1 11 2
459 282
1 3 2
17 259
1 4 2
684 724
1 9 2
560 503
1 11 2
295 53
1 3 2
14 318
1 11 2
319 349
1 8 2
421 597
1 10 2
17 592
1 13 2
31 203
1 7 2
690 336
1 12 2
291 159
1 13 2
146 723
1 12 2
41 618
1 14 2
284 508
1 6 2
700 671
1 5 2
46 232
1 13 2
4 769
1 5 2
417 125
1 2 2
538 794
1 12 2
7 199
1 12 2
772 265
1 14 2
197 342
1 11 2
638 125
1 6 2
193 512
1 14 2
239 47
1 8 2
656 562
1 12 2
654 258
1 6 2
769 782
1 7 2
443 78
1 12 2
795 507
1 11 2
275 606
1 11 2
30 755
1 8 2
444 172
1 5 2
86 403
1 6 2
633 709
1 5 2
155 358
1 10 2
333 21
1 5 2
34 593
1 2 2
106 541
1 12 2
10 597
1 8 2
593 718
1 7 2
290 346
1 13 2
121 468
1 7 2
504 651
1 15 2
129 730
1 9 2
43 523
1 10 2
182 177
1 8 2
509 70
1 11 2
650 364
1 11 2
420 737
1 5 2
706 377
1 8 2
30 535
1 5 2
448 522
1 6 2
283 218
1 5 2
764 766
1 5 2
405 127
1 5 2
117 229
1 5 2
769 679
1 8 2
516 464
1 13 2
63 325
1 6 2
714 369
1 10 2
640 395
1 3 2
444 479
1 10 2
42 503
1 13 2
510 485
1 15 2
227 499
1 3 2
680 606
1 4 2
437 532
1 4 2
361 431
1 2 2
293 799
1 10 2
41 400
1 14 2
742 483
1 12 2
717 517
1 13 2
611 269
1 14 2
409 197
1 9 2
118 103
1 10 2
644 265
1 5 2
567 286
1 11 2
287 135
1 4 2
699 538
1 6 2
371 128
1 12 2
419 692
1 10 2
500 533
1 9 2
75 40
1 14 2
731 788
1 5 2
469 235
1 14 2
143 281
1 8 2
215 609
1 7 2
383 287
1 4 2
353 670
1 7 2
564 325
1 11 2
79 351
1 8 2
621 183
1 14 2
243 420
1 9 2
200 751
1 14 2
253 565
1 7 2
310 657
1 10 2
467 169
1 13 2
145 524
1 4 2
68 730
1 6 2
13 171
1 12 2
253 195
1 12 2
748 538
1 14 2
686 631
1 3 2
796 9
1 14 2
771 521
1 12 2
587 367
1 5 2
764 434
1 14 2
214 694
1 14 2
201 52
1 4 2
436 281
1 15 2
574 352
1 3 2
564 688
1 14 2
460 641
1 12 2
498 659
1 12 2
467 341
1 11 2
403 269
1 14 2
160 258
1 7 2
415 65
1 6 2
2 418
1 8 2
139 179
1 15 2
132 503
1 8 2
765 494
1 7 2
330 52
1 12 2
729 43
1 9 2
166 632
1 10 2
212 562
1 10 2
250 297
1 12 2
776 744
1 11 2
580 793
1 12 2
193 136
1 15 2
260 565
1 15 2
459 614
1 9 2
243 157
1 14 2
185 560
1 3 2
496 438
1 14 2
539 710
1 10 2
356 269
1 8 2
429 440
1 14 2
720 719
1 15 2
303 116
1 13 2
729 525
1 9 2
4 456
1 2 2
589 317
1 9 2
164 418
1 12 2
500 28
1 8 2
433 221
1 5 2
743 205
1 11 2
421 217
1 2 2
539 2
1 13 2
227 563
1 9 2
540 411
1 15 2
558 475
1 5 2
456 135
1 2 2
507 176
1 9 2
396 292
1 6 2
297 181
1 7 2
634 333
1 6 2
292 696
1 13 2
666 498
1 5 2
39 174
1 14 2
381 66
1 13 2
222 692
1 5 2
436 598
1 7 2
62 328
1 14 2
334 553
1 15 2
693 649
1 7 2
615 348
1 7 2
780 251
1 6 2
349 795
1 14 2
58 591
1 5 2
108 142
1 9 2
293 516
1 11 2
44 448
1 3 2
379 622
1 5 2
70 67
1 9 2
761 47
1 9 2
707 247
1 2 2
307 227
1 11 2
427 546
1 12 2
601 758
1 12 2
643 746
1 14 2
548 622
1 14 2
421 236
1 14 2
405 453
1 4 2
286 676
1 10 2
671 567
1 6 2
713 212
1 15 2
205 166
1 14 2
173 782
1 12 2
331 390
1 8 2
268 444
1 3 2
304 344
1 12 2
527 343
1 7 2
211 181
1 4 2
574 482
1 15 2
365 532
1 11 2
478 441
1 2 2
475 716
1 14 2
130 273
1 9 2
381 299
1 7 2
364 354
1 12 2
605 112
1 3 2
115 355
1 12 2
710 153
1 12 2
727 538
1 8 2
63 370
1 7 2
522 379
1 7 2
696 109
1 12 2
312 95
1 6 2
189 584
1 14 2
430 246
1 10 2
27 179
1 12 2
180 496
1 2 2
60 449
1 2 2
580 357
1 12 2
707 421
1 15 2
450 26
1 5 2
433 686
1 6 2
252 617
1 10 2
280 146
1 10 2
269 541
1 13 2
110 350
1 13 2
148 368
1 8 2
642 41
1 11 2
353 348
1 12 2
724 420
1 4 2
590 753
1 6 2
415 276
1 9 2
583 739
1 2 2
69 710
1 10 2
4 145
1 5 2
781 695
1 9 2
162 140
1 2 2
490 393
1 15 2
515 357
1 10 2
345 491
1 13 2
23 679
1 14 2
537 140
1 8 2
3 613
1 12 2
584 785
1 8 2
340 546
1 12 2
721 338
1 9 2
713 717
1 8 2
623 141
1 5 2
295 563
1 9 2
691 654
1 3 2
269 565
1 6 2
548 141
1 13 2
502 585
1 12 2
314 158
1 13 2
388 96
1 7 2
95 245
1 12 2
560 142
1 14 2
148 363
1 15 2
767 363
1 12 2
688 364
1 4 2
515 563
1 6 2
220 233
1 6 2
345 626
1 12 2
530 495
1 12 2
394 452
1 9 2
660 582
1 10 2
42 676
1 5 2
510 657
1 8 2
770 70
1 4 2
274 61
1 4 2
50 362
1 7 2
130 540
1 7 2
482 689
1 12 2
115 120
1 7 2
226 707
1 15 2
739 43
1 10 2
51 438
1 10 2
310 73
1 15 2
220 10
1 12 2
20 535
1 3 2
785 664
1 3 2
418 366
1 10 2
253 269
1 13 2
336 227
1 14 2
685 141
1 4 2
357 473
1 2 2
271 787
1 5 2
622 668
1 7 2
553 613
1 9 2
212 317
1 15 2
118 688
1 10 2
114 41
1 11 2
775 621
1 12 2
547 243
1 15 2
692 50
1 3 2
696 781
1 7 2
33 167
1 14 2
716 378
1 4 2
252 196
1 11 2
551 614
1 6 2
179 81
1 12 2
40 72
1 4 2
397 796
1 10 2
34 39
1 12 2
330 431
1 4 2
310 373
1 2 2
161 637
1 8 2
429 185
1 7 2
332 303
1 12 2
108 467
1 13 2
397 439
1 4 2
414 505
1 5 2
525 461
1 11 2
211 212
1 7 2
784 720
1 9 2
736 648
1 2 2
712 409
1 8 2
796 569
1 9 2
636 672
1 11 2
761 65
1 10 2
102 111
1 9 2
562 653
1 4 2
313 121
1 13 2
512 582
1 2 2
591 122
1 5 2
494 492
1 3 2
373 686
1 10 2
150 785
1 6 2
268 699
1 11 2
57 507
1 3 2
153 277
1 4 2
585 771
1 9 2
423 241
1 7 2
664 219
1 14 2
130 470
1 10 2
399 176
1 7 2
543 0
1 14 2
460 137
1 14 2
606 452
1 13 2
317 288
1 12 2
346 749
1 9 2
265 339
1 13 2
17 190
1 5 2
179 421
1 5 2
312 420
1 5 2
72 708
1 8 2
128 28
1 12 2
627 426
1 3 2
408 539
1 11 2
323 764
1 5 2
462 657
1 12 2
397 236
1 8 2
753 475
1 11 2
437 261
1 13 2
741 658
1 14 2
579 317
1 3 2
171 526
1 4 2
449 25
1 15 2
780 122
1 3 2
23 781
1 6 2
605 349
1 11 2
587 363
1 8 2
133 366
1 14 2
565 567
1 6 2
401 684
1 4 2
21 332
1 14 2
711 456
1 7 2
785 208
1 2 2
429 636
1 5 2
32 652
1 2 2
155 152
1 12 2
268 121
1 10 2
571 162
1 13 2
405 694
1 15 2
543 656
1 7 2
555 534
1 9 2
208 33
1 4 2
592 795
1 14 2
224 73
1 15 2
713 66
1 4 2
791 149
1 10 2
313 326
1 6 2
290 194
1 5 2
122 430
1 4 2
572 302
1 10 2
116 363
1 3 2
789 241
1 11 2
100 751
1 9 2
430 598
1 14 2
273 521
1 9 2
105 61
1 9 2
78 769
1 15 2
312 462
1 4 2
340 575
1 5 2
676 479
1 11 2
359 564
1 8 2
729 579
1 14 2
243 200
1 2 2
277 91
1 7 2
478 741
1 4 2
344 578
1 13 2
579 207
1 9 2
594 479
1 12 2
345 442
1 7 2
513 476
1 11 2
254 533
1 11 2
33 154
1 3 2
715 205
1 14 2
285 437
1 2 2
98 333
1 12 2
757 640
1 10 2
192 347
1 13 2
659 351
1 15 2
790 184
1 10 2
688 297
1 5 2
184 717
1 15 2
59 207
1 15 2
393 627
1 11 2
335 532
1 3 2
118 374
1 4 2
517 243
1 9 2
227 450
1 14 2
222 793
1 4 2
220 675
1 8 2
201 747
1 2 2
196 557
1 8 2
26 515
1 7 2
380 179
1 12 2
541 164
1 6 2
335 343
1 14 2
376 255
1 10 2
482 124
1 7 2
408 234
1 10 2
630 271
1 6 2
692 45
1 15 2
717 235
1 7 2
18 451
1 3 2
372 545
1 14 2
446 695
1 11 2
170 651
1 13 2
366 512
1 6 2
287 219
1 14 2
82 322
1 8 2
589 195
1 2 2
610 714
1 7 2
99 255
1 11 2
627 494
1 5 2
519 504
1 14 2
303 362
1 13 2
224 268
1 4 2
629 684
1 9 2
639 367
1 6 2
669 728
1 2 2
599 433
1 6 2
302 27
1 3 2
399 172
1 11 2
443 782
1 2 2
124 228
1 12 2
241 326
1 9 2
693 225
1 13 2
15 268
1 6 2
68 430
1 4 2
51 444
1 11 2
696 520
1 7 2
383 203
1 5 2
44 110
1 3 2
244 19
1 9 2
41 60
1 10 2
141 678
1 10 2
115 586
1 10 2
643 82
1 13 2
593 653
1 9 2
99 245
1 7 2
771 49
1 11 2
236 30
1 2 2
126 128
1 13 2
718 58
1 4 2
754 577
1 7 2
347 532
1 11 2
317 533
1 8 2
395 318
1 15 2
346 161
1 9 2
105 443
1 13 2
122 59
1 12 2
255 218
1 11 2
627 221
1 7 2
421 782
1 12 2
358 313
1 2 2
332 62
1 2 2
320 547
1 5 2
367 174
1 7 2
84 34
1 6 2
613 353
1 14 2
414 307
1 5 2
712 135
1 15 2
614 250
1 11 2
347 508
1 3 2
233 27
1 3 2
19 122
1 11 2
687 454
1 11 2
319 89
1 4 2
788 591
1 8 2
652 332
1 4 2
507 496
1 12 2
123 562
1 4 2
324 243
1 3 2
438 446
1 11 2
413 492
1 13 2
479 106
1 14 2
261 550
1 15 2
680 183
1 12 2
276 86
1 12 2
238 63
1 2 2
45 690
1 9 2
684 488
1 12 2
92 303
1 2 2
495 268
1 12 2
104 501
1 5 2
387 382
1 13 2
731 691
1 10 2
409 575
1 12 2
585 132
1 4 2
651 788
1 2 2
48 480
1 2 2
293 520
1 12 2
692 468
1 10 2
306 358
1 14 2
252 497
1 15 2
304 421
1 7 2
53 78
1 9 2
169 543
1 2 2
538 95
1 4 2
788 532
1 13 2
606 575
1 7 2
330 264
1 11 2
529 523
1 5 2
793 426
1 4 2
587 109
1 14 2
699 385
1 6 2
225 791
1 9 2
657 144
1 7 2
64 262
1 6 2
296 335
1 5 2
355 72
1 7 2
210 414
1 11 2
335 265
1 14 2
209 83
1 12 2
180 536
1 6 2
455 713
1 2 2
504 602
1 6 2
778 391
1 5 2
306 186
1 2 2
238 83
1 4 2
175 161
1 8 2
709 187
1 6 2
730 95
1 2 2
400 595
1 5 2
579 692
1 7 2
90 668
1 5 2
80 407
1 9 2
507 292
1 12 2
110 205
1 7 2
99 118
1 5 2
279 212
1 10 2
731 751
1 11 2
254 723
1 12 2
797 487
1 12 2
173 736
1 14 2
186 406
1 4 2
79 578
1 10 2
753 534
1 7 2
441 783
1 10 2
52 223
1 7 2
255 505
1 3 2
245 604
1 14 2
408 445
1 4 2
291 204
1 12 2
4 723
1 3 2
596 354
1 5 2
784 336
1 4 2
560 171
1 4 2
573 767
1 5 2
332 694
1 14 2
10 726
1 11 2
404 52
1 11 2
34 780
1 3 2
341 658
1 2 2
524 355
1 13 2
558 81
1 9 2
338 169
1 10 2
154 512
1 7 2
251 446
1 11 2
711 662
1 11 2
407 35
1 8 2
500 134
1 9 2
421 385
1 7 2
196 735
1 8 2
743 307
1 11 2
116 84
1 5 2
426 101
1 6 2
322 704
1 11 2
265 324
1 7 2
742 790
1 10 2
753 10
1 10 2
119 46
1 2 2
677 339
1 11 2
463 344
1 3 2
196 727
1 9 2
303 519
1 5 2
110 505
1 10 2
603 558
1 14 2
693 391
1 10 2
233 74
1 13 2
325 671
1 7 2
38 180
1 14 2
199 739
1 7 2
594 635
1 12 2
786 227
1 10 2
329 580
1 7 2
587 311
1 8 2
204 150
1 6 2
688 772
1 10 2
326 741
1 5 2
588 479
1 8 2
414 35
1 7 2
177 691
1 8 2
795 429
1 7 2
728 155
1 9 2
61 19
1 6 2
449 707
1 4 2
676 554
1 2 2
149 499
1 6 2
62 750
1 10 2
542 193
1 11 2
535 694
1 12 2
256 414
1 3 2
695 360
1 13 2
259 556
1 10 2
334 512
1 8 2
636 159
1 4 2
535 78
1 11 2
68 16
1 8 2
625 144
1 2 2
440 91
1 10 2
94 439
1 10 2
645 284
1 8 2
236 602
1 3 2
232 553
1 4 2
301 597
1 13 2
673 467
1 6 2
447 780
1 3 2
272 416
1 12 2
59 378
1 4 2
256 756
1 11 2
166 385
1 8 2
492 537
1 15 2
670 792
1 14 2
474 336
1 13 2
137 735
1 11 2
118 728
1 8 2
519 608
1 5 2
784 70
1 4 2
399 627
1 2 2
296 185
1 2 2
72 420
1 8 2
133 515
1 7 2
430 734
1 9 2
300 56
1 5 2
67 658
1 13 2
268 338
1 8 2
762 318
1 11 2
285 477
1 15 2
101 209
1 6 2
380 387
1 12 2
201 385
1 14 2
455 71
1 14 2
347 457
1 13 2
630 674
1 2 2
466 389
1 8 2
671 550
1 11 2
55 535
1 10 2
32 322
1 9 2
254 342
1 2 2
43 583
1 7 2
594 340
1 3 2
61 135
1 5 2
193 41
1 9 2
150 558
1 3 2
793 208
1 10 2
341 350
1 12 2
366 502
1 8 2
642 105
1 5 2
160 195
1 11 2
529 472
1 7 2
62 610
1 11 2
736 68
1 15 2
555 649
1 4 2
564 315
1 3 2
226 446
1 15 2
398 5
1 8 2
406 152
1 13 2
409 123
1 15 2
267 797
1 15 2
703 353
1 5 2
784 352
1 3 2
639 459
1 5 2
319 296
1 5 2
715 402
1 4 2
767 599
1 4 2
575 458
1 15 2
680 19
1 4 2
791 42
1 14 2
779 792
1 8 2
49 706
1 14 2
221 318
1 13 2
200 311
1 14 2
735 112
1 15 2
571 677
1 13 2
625 784
1 12 2
61 407
1 12 2
405 275
1 4 2
387 270
1 13 2
60 365
1 3 2
389 354
1 7 2
657 656
1 10 2
414 40
1 5 2
642 281
1 7 2
36 168
1 15 2
13 226
1 13 2
296 563
1 4 2
107 734
1 5 2
296 290
1 10 2
480 440
1 14 2
737 226
1 11 2
351 323
1 11 2
4 97
1 3 2
502 693
1 11 2
61 96
1 9 2
576 623
1 15 2
250 6
1 3 2
726 681
1 11 2
734 412
1 11 2
336 34
1 8 2
32 88
1 5 2
169 293
1 10 2
437 735
1 2 2
372 446
1 14 2
539 89
1 14 2
467 540
1 3 2
645 693
1 9 2
766 434
1 2 2
96 657
1 15 2
119 761
1 15 2
780 553
1 14 2
416 275
1 4 2
740 20
1 12 2
337 346
1 7 2
545 723
1 10 2
6 71
1 9 2
470 130
1 5 2
653 318
1 6 2
614 512
1 2 2
448 579
1 5 2
473 609
1 11 2
738 689
1 12 2
680 173
1 5 2
610 150
1 14 2
217 604
1 6 2
189 288
1 14 2
639 346
1 10 2
554 669
1 4 2
274 11
1 10 2
257 763
1 12 2
164 1
1 5 2
339 284
1 5 2
522 148
1 8 2
557 1
1 12 2
594 330
1 4 2
637 652
1 4 2
669 598
1 4 2
140 526
1 10 2
357 21
1 15 2
582 102
1 7 2
426 759
1 10 2
113 60
1 10 2
611 374
1 2 2
555 122
1 12 2
353 316
1 4 2
61 356
1 10 2
550 764
1 14 2
486 196
1 4 2
170 676
1 3 2
408 32
1 13 2
126 318
1 9 2
177 431
1 8 2
299 527
1 3 2
93 186
1 8 2
331 462
1 10 2
610 783
1 7 2
175 214
1 15 2
93 170
1 10 2
588 126
1 14 2
324 458
1 3 2
316 437
1 10 2
690 326
1 5 2
386 790
1 9 2
532 4
1 12 2
15 420
1 4 2
157 96
1 7 2
520 728
1 12 2
599 172
1 8 2
678 57
1 6 2
215 540
1 4 2
279 528
1 2 2
784 240
1 2 2
730 217
1 8 2
612 378
1 15 2
561 336
1 7 2
358 770
1 9 2
594 352
1 5 2
545 300
1 9 2
357 484
1 12 2
706 625
1 12 2
290 146
1 12 2
389 617
1 8 2
73 209
1 6 2
303 351
1 4 2
380 557
1 9 2
40 562
1 12 2
280 330
1 12 2
260 684
1 3 2
134 584
1 11 2
57 151
1 12 2
700 55
1 11 2
247 476
1 2 2
752 309
1 13 2
310 679
1 5 2
264 273
1 6 2
188 610
1 7 2
399 250
1 5 2
78 211
1 5 2
114 91
1 13 2
581 511
1 11 2
176 606
1 4 2
519 166
1 3 2
114 136
1 6 2
527 498
1 6 2
597 753
1 11 2
376 239
1 6 2
267 336
1 10 2
416 197
1 4 2
293 191
1 9 2
527 442
1 5 2
455 94
1 5 2
114 383
1 13 2
169 184
1 8 2
434 520
1 6 2
666 598
1 9 2
680 720
1 9 2
753 110
1 4 2
723 371
1 11 2
370 766
1 8 2
317 3
1 15 2
145 684
1 15 2
433 468
1 2 2
672 658
1 11 2
309 445
1 3 2
136 564
1 12 2
180 214
1 3 2
525 623
1 13 2
469 640
1 15 2
523 196
1 14 2
23 690
1 13 2
505 390
1 9 2
755 262
1 6 2
44 244
1 11 2
36 428
1 3 2
557 303
1 9 2
34 287
1 4 2
291 76
1 3 2
683 765
1 4 2
662 491
1 7 2
635 427
1 6 2
416 187
1 6 2
370 180
1 9 2
128 158
1 5 2
136 222
1 9 2
246 742
1 7 2
748 404
1 2 2
452 1
1 7 2
398 471
1 9 2
353 432
1 11 2
372 487
1 9 2
107 29
1 8 2
140 713
1 9 2
0 310
1 11 2
553 369
1 4 2
225 191
1 12 2
294 192
1 15 2
197 640
1 2 2
306 178
1 9 2
259 122
1 11 2
354 347
1 14 2
777 501
1 5 2
278 536
1 14 2
698 53
1 9 2
296 498
1 12 2
276 616
1 15 2
717 172
1 14 2
731 353
1 5 2
409 278
1 15 2
202 553
1 7 2
505 238
1 15 2
447 348
1 3 2
502 353
1 6 2
483 727
1 5 2
756 272
1 6 2
697 759
1 7 2
774 310
1 5 2
658 651
1 10 2
500 537
1 13 2
56 414
1 15 2
184 167
1 10 2
84 347
1 10 2
374 780
1 3 2
637 495
1 14 2
198 630
1 11 2
379 28
1 9 2
124 7
1 5 2
182 425
1 3 2
754 312
1 12 2
305 390
1 5 2
263 211
1 8 2
627 271
1 3 2
461 226
1 2 2
639 533
1 15 2
121 51
1 7 2
227 311
1 2 2
279 714
1 2 2
401 98
1 2 2
701 627
1 11 2
539 636
1 8 2
152 183
1 4 2
795 217
1 14 2
169 439
1 15 2
380 53
1 14 2
397 251
1 5 2
353 151
1 2 2
597 575
1 10 2
392 120
1 10 2
695 414
1 7 2
264 573
1 9 2
562 721
1 15 2
608 387
1 6 2
377 479
1 14 2
486 633
1 12 2
619 352
1 8 2
372 604
1 2 2
207 603
1 11 2
797 405
1 3 2
380 668
1 7 2
493 684
1 10 2
18 128
1 11 2
720 736
1 11 2
777 110
1 14 2
107 165
1 6 2
127 616
1 3 2
293 610
1 14 2
302 175
1 8 2
341 465
1 9 2
78 703
1 10 2
119 178
1 5 2
219 1
1 13 2
429 93
1 12 2
25 550
1 15 2
639 168
1 10 2
578 58
1 15 2
465 425
1 7 2
518 747
1 5 2
651 415
1 13 2
477 52
1 6 2
401 241
1 12 2
532 191
1 13 2
709 527
1 2 2
392 228
1 5 2
312 636
1 6 2
644 340
1 9 2
452 305
1 8 2
651 594
1 15 2
384 578
1 13 2
336 547
1 5 2
469 427
1 12 2
779 38
1 4 2
22 115
1 5 2
566 469
1 2 2
291 764
1 15 2
297 319
1 15 2
272 431
1 10 2
630 2
1 12 2
259 6
1 15 2
793 432
1 4 2
114 686
1 7 2
349 105
1 3 2
496 319
1 9 2
284 752
1 10 2
316 71
1 15 2
97 737
1 14 2
568 560
1 2 2
248 350
1 5 2
694 324
1 12 2
292 556
1 3 2
765 373
1 2 2
136 436
1 4 2
635 527
1 15 2
573 307
1 14 2
408 205
1 14 2
476 663
1 8 2
709 299
1 12 2
233 275
1 7 2
664 199
1 6 2
397 662
1 11 2
98 713
1 11 2
369 551
1 10 2
109 318
1 5 2
787 210
1 15 2
797 288
1 5 2
118 225
1 14 2
645 365
1 14 2
658 652
1 9 2
686 424
1 3 2
452 775
1 15 2
704 482
1 2 2
661 340
1 8 2
180 794
1 3 2
111 662
1 15 2
87 745
1 4 2
455 586
1 2 2
213 631
1 14 2
369 123
1 3 2
203 435
1 15 2
446 236
1 4 2
66 375
1 11 2
492 559
1 5 2
370 206
1 14 2
428 583
1 15 2
451 89
1 9 2
484 705
1 4 2
557 624
1 12 2
526 357
1 13 2
626 338
1 15 2
46 775
1 12 2
770 383
1 10 2
450 514
1 10 2
101 51
1 7 2
173 666
1 7 2
391 529
1 4 2
584 487
1 8 2
577 7
1 4 2
736 585
1 9 2
443 78
1 3 2
702 265
1 11 2
224 547
1 15 2
276 680
1 8 2
448 78
1 11 2
411 647
1 4 2
489 148
1 11 2
541 95
1 11 2
146 175
1 9 2
9 641
1 9 2
629 356
1 5 2
539 357
1 15 2
624 758
1 3 2
479 558
1 6 2
376 86
1 5 2
411 730
1 2 2
415 113
1 7 2
96 677
1 13 2
742 454
1 13 2
598 512
1 13 2
396 449
1 8 2
667 29
1 14 2
346 589
1 2 2
500 469
1 7 2
320 304
1 6 2
311 470
1 13 2
490 125
1 12 2
531 31
1 3 2
306 623
1 9 2
413 483
1 3 2
398 556
1 7 2
717 94
1 10 2
255 88
1 10 2
200 20
1 9 2
618 510
1 7 2
548 480
1 6 2
469 151
1 12 2
596 84
1 6 2
195 343
1 4 2
555 410
1 15 2
258 495
1 9 2
302 561
1 6 2
701 62
1 15 2
552 507
1 5 2
742 281
1 6 2
334 215
1 8 2
167 190
1 10 2
331 179
1 15 2
746 563
1 9 2
691 396
1 14 2
12 780
1 5 2
656 503
1 10 2
17 358
1 2 2
461 126
1 10 2
525 724
1 8 2
753 769
1 6 2
583 192
1 6 2
299 127
1 14 2
513 200
1 13 2
52 683
1 6 2
479 93
1 11 2
149 380
1 7 2
672 342
1 2 2
732 328
1 4 2
453 645
1 2 2
386 431
1 3 2
320 172
1 2 2
31 626
1 12 2
586 414
1 13 2
182 520
1 6 2
610 777
1 11 2
505 494
1 9 2
136 112
1 10 2
213 772
1 14 2
612 492
1 2 2
653 79
1 2 2
769 388
1 10 2
523 257
1 14 2
702 468
1 14 2
192 354
1 15 2
350 71
1 4 2
746 394
1 4 2
566 528
1 5 2
710 788
1 13 2
592 753
1 11 2
345 780
1 3 2
652 648
1 10 2
63 775
1 14 2
758 677
1 2 2
729 772
1 3 2
676 217
1 5 2
740 572
1 14 2
134 124
1 7 2
194 438
1 13 2
551 197
1 11 2
158 712
1 4 2
433 729
1 5 2
503 312
1 10 2
226 225
1 10 2
89 248
1 5 2
414 274
1 4 2
432 534
1 6 2
465 689
1 5 2
75 541
1 9 2
328 608
1 9 2
343 476
1 12 2
799 548
1 7 2
67 91
1 5 2
777 608
1 13 2
570 238
1 5 2
707 505
1 9 2
423 274
1 12 2
110 212
1 5 2
491 487
1 4 2
592 748
1 5 2
511 75
1 11 2
281 41
1 8 2
551 256
1 13 2
312 520
1 9 2
376 229
1 10 2
326 607
1 15 2
759 620
1 14 2
75 725
1 4 2
353 585
1 13 2
673 661
1 5 2
388 228
1 13 2
196 547
1 12 2
101 775
1 7 2
751 144
1 15 2
98 335
1 14 2
685 639
1 13 2
637 631
1 6 2
427 213
1 12 2
463 100
1 15 2
394 506
1 2 2
591 552
1 11 2
334 665
1 3 2
209 538
1 13 2
555 3
1 6 2
781 595
1 3 2
551 581
1 10 2
50 57
1 5 2
329 468
1 4 2
459 686
1 14 2
497 457
1 12 2
484 313
1 10 2
266 265
1 4 2
718 316
1 14 2
204 529
1 7 2
220 303
1 14 2
230 782
1 7 2
484 712
1 11 2
326 372
1 11 2
121 30
1 2 2
692 688
1 8 2
768 736
1 12 2
551 328
1 10 2
799 256
1 3 2
756 4
1 14 2
578 79
1 2 2
234 71
1 7 2
52 198
1 10 2
724 546
1 10 2
171 386
1 2 2
638 295
1 2 2
207 255
1 9 2
595 423
1 10 2
794 674
1 13 2
74 316
1 15 2
572 758
1 2 2
337 336
1 7 2
707 137
1 13 2
688 592
1 14 2
485 487
1 10 2
539 560
1 3 2
694 749
1 6 2
134 459
1 9 2
254 518
1 8 2
335 114
1 4 2
90 194
1 5 2
123 180
1 9 2
476 241
1 10 2
93 502
1 12 2
148 70
1 15 2
23 13
1 8 2
521 683
1 11 2
773 550
1 13 2
621 351
1 12 2
127 631
1 2 2
630 709
1 8 2
573 508
1 12 2
357 93
1 5 2
185 374
1 8 2
576 357
1 7 2
583 186
1 10 2
76 604
1 14 2
222 292
1 6 2
616 240
1 8 2
508 750
1 4 2
482 184
1 14 2
110 166
1 3 2
597 361
1 2 2
603 470
1 11 2
316 462
1 14 2
63 62
1 7 2
512 754
1 14 2
599 485
1 14 2
758 688
1 12 2
118 41
1 4 2
58 777
1 13 2
202 201
1 3 2
537 230
1 15 2
711 64
1 6 2
266 103
1 11 2
33 352
1 10 2
300 464
1 5 2
227 35
1 8 2
643 338
1 7 2
724 457
1 13 2
63 545
1 15 2
624 287
1 6 2
116 293
1 3 2
281 135
1 10 2
376 789
1 7 2
693 789
1 11 2
369 288
1 11 2
549 377
1 12 2
546 663
1 14 2
730 712
1 14 2
34 610
1 13 2
312 121
1 7 2
96 419
1 9 2
389 178
1 7 2
791 452
1 3 2
255 746
1 3 2
551 17
1 14 2
39 661
1 6 2
685 616
1 11 2
41 379
1 11 2
692 382
1 5 2
315 108
1 9 2
772 258
1 15 2
562 6
1 7 2
106 288
1 4 2
373 741
1 3 2
242 655
1 10 2
334 718
1 14 2
766 152
1 6 2
490 682
1 5 2
747 408
1 2 2
287 797
1 13 2
745 571
1 7 2
254 422
1 8 2
295 57
1 11 2
557 201
1 15 2
1 49
1 7 2
214 320
1 13 2
734 780
1 12 2
486 294
1 10 2
492 140
1 6 2
759 67
1 15 2
573 689
1 7 2
131 683
1 11 2
781 195
1 10 2
46 515
1 14 2
433 292
1 13 2
286 148
1 4 2
28 311
1 12 2
455 37
1 2 2
501 466
1 15 2
29 622
1 4 2
402 740
1 5 2
336 438
1 3 2
177 16
1 11 2
398 207
1 2 2
760 102
1 15 2
130 610
1 6 2
310 183
1 10 2
628 482
1 12 2
500 772
1 7 2
734 745
1 11 2
181 737
1 8 2
743 470
1 2 2
669 703
1 12 2
581 774
1 7 2
65 219
1 2 2
85 461
1 4 2
587 274
1 2 2
630 519
1 3 2
728 554
1 10 2
708 186
1 3 2
207 600
1 14 2
731 733
1 12 2
740 655
1 11 2
698 530
1 9 2
220 380
1 6 2
736 339
1 15 2
13 642
1 14 2
63 480
1 3 2
531 609
1 14 2
432 616
1 2 2
317 672
1 9 2
783 111
1 7 2
370 572
1 12 2
529 379
1 6 2
367 357
1 14 2
7 59
1 5 2
475 402
1 6 2
136 286
1 10 2
657 336
1 4 2
250 770
1 6 2
260 187
1 6 2
84 200
1 7 2
475 54
1 11 2
180 487
1 12 2
76 536
1 3 2
138 648
1 13 2
561 181
1 5 2
452 288
1 10 2
206 476
1 9 2
476 393
1 6 2
123 702
1 9 2
698 30
1 9 2
279 589
1 9 2
180 695
1 14 2
396 347
1 7 2
458 726
1 7 2
292 310
1 4 2
188 463
1 14 2
275 382
1 9 2
373 460
1 13 2
184 136
1 8 2
573 452
1 14 2
582 547
1 2 2
154 424
1 12 2
538 240
1 2 2
639 357
1 6 2
677 412
1 9 2
20 439
1 12 2
246 786
1 13 2
288 269
1 7 2
381 106
1 2 2
286 188
1 15 2
17 430
1 8 2
565 242
1 14 2
239 355
1 13 2
648 688
1 12 2
647 269
1 8 2
490 326
1 4 2
669 767
1 15 2
728 604
1 3 2
222 513
1 2 2
442 89
1 11 2
80 684
1 12 2
485 499
1 11 2
126 340
1 11 2
701 61
1 4 2
229 104
1 7 2
249 227
1 3 2
427 683
1 14 2
520 775
1 9 2
565 525
1 15 2
464 361
1 13 2
30 635
1 13 2
329 455
1 12 2
204 377
1 3 2
253 776
1 9 2
396 531
1 2 2
236 66
1 15 2
788 227
1 15 2
517 557
1 8 2
108 628
1 12 2
44 322
1 6 2
196 190
1 2 2
797 207
1 7 2
162 586
1 15 2
85 396
1 7 2
282 114
1 7 2
32 398
1 13 2
590 546
1 3 2
408 137
1 11 2
164 128
1 12 2
443 157
1 4 2
684 503
1 6 2
621 390
1 9 2
770 571
1 2 2
756 294
1 13 2
560 546
1 9 2
604 482
1 6 2
241 615
1 12 2
431 451
1 7 2
90 639
1 9 2
141 725
1 11 2
262 321
1 13 2
100 293
1 5 2
656 382
1 8 2
578 416
1 8 2
791 461
1 13 2
338 522
1 7 2
528 32
1 5 2
156 763
1 10 2
78 445
1 14 2
742 701
1 14 2
284 550
1 9 2
549 668
1 2 2
764 206
1 14 2
288 18
1 10 2
211 19
1 3 2
153 660
1 6 2
463 352
1 2 2
590 621
1 15 2
449 505
1 15 2
652 151
1 6 2
188 514
1 12 2
796 700
1 11 2
250 707
1 6 2
579 446
1 2 2
324 616
1 10 2
272 324
1 5 2
346 107
1 12 2
24 672
1 10 2
322 489
1 11 2
15 673
1 10 2
238 86
1 8 2
744 78
1 3 2
413 764
1 4 2
436 601
1 8 2
297 68
1 8 2
61 59
1 4 2
320 184
1 14 2
385 137
1 15 2
89 459
1 4 2
634 151
1 11 2
502 698
1 2 2
686 584
1 11 2
717 794
1 12 2
595 727
1 5 2
317 673
1 10 2
693 149
1 6 2
82 733
1 6 2
656 737
1 4 2
618 484
1 7 2
320 514
1 14 2
407 351
1 15 2
369 748
1 2 2
184 332
1 15 2
675 41
1 11 2
435 92
1 6 2
147 113
1 4 2
36 306
1 5 2
281 20
1 10 2
576 384
1 4 2
514 318
1 3 2
356 350
1 7 2
65 174
1 15 2
779 613
1 15 2
39 637
1 12 2
120 23
1 13 2
743 399
1 3 2
143 73
1 8 2
595 206
1 14 2
393 411
1 10 2
789 455
1 13 2
488 192
1 4 2
672 583
1 13 2
656 576
1 7 2
730 703
1 6 2
313 106
1 7 2
760 384
1 2 2
319 222
1 13 2
57 125
1 13 2
35 376
1 12 2
46 441
1 9 2
187 538
1 7 2
121 139
1 2 2
374 45
1 12 2
286 306
1 4 2
626 732
1 3 2
355 232
1 14 2
163 493
1 8 2
556 51
1 13 2
177 325
1 4 2
409 121
1 4 2
644 16
1 3 2
144 476
1 5 2
696 592
1 14 2
267 282
1 6 2
506 538
1 12 2
690 27
1 7 2
295 594
1 4 2
296 159
1 12 2
238 4
1 8 2
29 197
1 3 2
129 375
1 10 2
377 45
1 6 2
672 704
1 12 2
731 279
1 8 2
515 450
1 2 2
798 729
1 11 2
718 431
1 6 2
412 10
1 7 2
181 86
1 11 2
425 125
1 15 2
708 783
1 10 2
355 550
1 7 2
103 639
1 2 2
623 77
1 10 2
247 609
1 8 2
381 494
1 8 2
398 680
1 3 2
310 177
1 6 2
348 15
1 12 2
715 367
1 3 2
463 616
1 11 2
538 375
1 13 2
780 160
1 8 2
238 484
1 3 2
690 15
1 13 2
238 151
1 9 2
668 480
1 9 2
155 614
1 4 2
187 433
1 10 2
318 465
1 4 2
394 173
1 10 2
298 104
1 11 2
158 357
1 3 2
662 534
1 13 2
537 362
1 6 2
474 496
1 9 2
76 491
1 3 2
8 797
1 5 2
194 135
