800 6400 2400
22 5 5 6 23 6 15 17 20 12 12 13 12 12 18 5 8 7 10 21 24 25 12 17 7 8 9 17 24 15 21 11 25 5 12 23 8 5 25 6 5 20 13 17 6 10 5 8 20 25 20 25 24 8 17 13 16 11 20 7 9 18 24 19 14 17 17 13 10 6 5 16 16 6 10 23 12 6 20 17 9 16 7 10 9 13 15 19 23 22 24 22 9 5 19 14 14 8 19 6 11 7 9 14 9 22 19 19 16 23 6 11 11 19 20 8 23 14 19 15 22 9 11 7 10 17 6 19 18 25 5 17 21 19 18 22 20 17 9 10 17 24 7 19 12 6 25 19 22 15 20 22 13 24 13 11 24 24 10 14 14 20 24 21 5 25 19 19 25 25 17 8 7 11 7 7 6 9 8 19 15 25 25 19 6 18 7 20 11 19 8 12 15 18 5 19 10 8 22 13 10 24 22 23 11 20 25 13 10 22 8 23 15 12 6 16 7 5 20 12 15 13 9 15 10 7 20 9 16 23 11 24 15 22 23 14 9 16 20 23 5 22 18 12 23 7 18 7 7 23 15 20 20 11 19 13 6 10 16 7 20 14 19 19 8 20 20 17 15 25 6 10 12 5 22 11 21 14 14 13 23 9 6 12 11 22 16 9 18 12 18 15 8 8 22 21 8 7 20 15 6 12 12 20 15 18 16 16 22 24 10 7 7 5 17 12 13 20 14 17 20 13 15 15 12 24 23 20 25 25 11 19 17 7 21 10 21 5 12 22 7 25 12 14 12 15 22 5 25 10 5 8 21 23 7 23 14 23 13 11 6 6 6 10 25 5 16 17 6 5 8 22 11 7 14 17 11 14 15 17 12 8 13 22 15 22 24 12 11 22 7 24 7 13 21 6 17 10 21 25 16 6 16 20 22 8 14 15 17 18 6 11 15 17 23 14 10 21 7 10 10 13 25 13 14 5 18 5 16 19 8 6 21 20 6 8 15 17 11 24 24 7 18 13 18 11 13 14 18 5 21 14 10 17 19 17 5 6 6 9 25 19 12 6 12 22 12 20 7 11 14 12 13 24 11 15 11 25 19 9 7 22 15 22 23 9 9 16 25 18 12 10 6 19 11 19 5 12 19 13 19 5 18 21 19 17 10 19 19 25 25 19 12 8 25 23 6 5 21 15 20 19 19 13 23 19 8 24 23 25 8 18 10 19 24 8 24 15 19 16 11 22 14 22 8 21 13 11 17 5 14 10 24 10 10 24 17 25 8 8 25 13 17 17 14 11 25 12 23 12 21 24 22 20 10 23 7 23 24 19 16 7 14 8 23 12 14 14 22 15 7 13 7 23 5 16 22 5 10 17 13 12 24 21 20 16 13 24 12 19 14 18 22 14 23 24 10 17 6 18 18 11 15 13 25 6 18 19 7 8 10 17 19 14 19 11 23 10 17 16 8 7 24 8 21 7 8 20 24 12 8 16 9 12 25 7 15 12 20 24 6 24 19 14 18 23 6 7 13 20 13 13 24 12 19 21 17 11 14 22 7 16 21 13 15 9 12 16 15 25 24 5 19 18 21 18 18 23 6 10 20 10 17 17 20 14 11 16 5 5 7 10 5 17 5 12 25 5 7 9 7 13 24 22 22 8 13 19 18 16 15 22 23 5 13 23 19 8 8 23 24 11 10 22 9 25 5 19 25 22 12 9 13 18 25 10 19 13 19 13 14 24 22 11 19 25 6 24 9 9 19 23 22 16 15 22 15 7 14 15 25 21 21 16 19 17 25 12 19 16 20 13 13 16 13 14 15 22 10 11
3 16 14 15 14 6 14 4 6 8 6 20 15 6 17 19 14 10 20 13 19 3 10 13 3 19 19 6 5 10 17 7 19 15 10 17 12 15 10 9 3 20 12 20 5 8 20 7 16 14 4 18 15 8 4 19 20 19 3 16 12 10 4 13 8 17 6 17 7 20 17 17 17 14 3 8 5 8 12 11 16 6 3 8 15 15 16 11 14 20 5 12 7 11 17 13 7 8 6 14 4 4 9 16 15 15 15 9 18 6 10 6 14 10 18 14 19 13 11 19 11 12 13 18 17 5 9 3 6 18 20 11 5 9 3 18 9 4 18 12 7 12 13 14 19 19 15 15 18 3 8 18 18 17 5 3 13 11 16 9 4 13 18 13 13 3 14 6 13 17 18 13 11 4 7 9 6 16 5 8 11 15 5 15 11 18 19 8 17 4 12 3 6 19 7 17 9 16 20 18 13 20 13 3 19 14 9 10 18 6 11 15 16 10 8 18 10 18 13 5 13 3 11 10 7 5 18 5 7 16 16 14 18 3 16 6 13 18 7 20 5 20 5 9 19 11 16 10 4 10 12 6 10 9 20 11 7 9 15 11 19 3 11 5 17 17 9 13 10 14 9 15 6 20 14 9 7 19 10 13 6 12 17 15 12 9 5 5 16 4 4 17 13 13 5 8 9 16 8 10 19 19 12 12 9 15 12 20 20 6 6 18 20 19 10 19 16 16 20 11 4 9 16 20 8 20 15 7 13 13 17 15 6 20 6 4 9 9 11 10 7 11 5 12 16 14 18 4 20 6 7 19 10 10 20 8 20 4 6 12 9 15 13 13 9 17 10 13 7 12 8 10 16 15 10 19 5 6 18 17 14 12 19 7 15 16 5 12 8 5 15 5 14 20 17 13 13 3 19 8 19 19 5 19 12 18 17 20 9 7 13 16 18 16 13 10 5 6 8 4 14 3 20 10 3 4 5 12 10 5 19 7 20 19 19 6 8 3 6 19 4 14 7 11 16 20 17 17 3 17 10 13 8 4 5 15 4 7 9 6 12 12 18 7 10 13 18 10 20 12 15 11 8 17 13 7 4 14 12 19 17 17 16 14 11 12 14 19 4 15 18 14 12 5 13 15 12 3 18 19 4 18 20 9 19 11 14 19 5 12 4 16 4 7 6 7 19 13 9 10 17 9 18 17 15 11 14 18 14 12 18 6 11 20 9 3 9 9 10 16 14 7 11 12 3 7 13 14 19 8 19 18 6 15 8 6 14 15 4 10 12 6 9 17 16 16 15 6 16 4 16 13 20 11 8 12 8 18 6 5 5 9 8 6 18 3 5 19 14 9 19 9 13 9 16 6 4 17 18 8 9 11 14 12 15 15 8 5 19 10 14 15 11 6 13 7 3 14 18 4 19 13 4 9 20 17 12 20 8 6 8 5 3 17 3 12 3 18 18 7 19 18 11 8 5 11 16 14 12 19 10 20 13 13 11 11 9 12 4 3 14 5 5 12 12 6 7 8 6 18 4 3 14 19 20 10 3 14 19 3 11 5 15 13 3 10 8 8 12 16 18 4 16 12 5 7 16 8 16 19 8 13 15 12 6 20 9 16 11 18 6 14 14 10 7 8 18 15 4 6 15 4 5 10 14 17 17 18 3 16 7 15 6 10 19 19 7 15 17 18 16 18 15 3 5 16 9 13 4 5 5 10 10 17 11 3 6 4 9 14 17 15 8 18 18 3 6 15 15 6 7 13 19 14 15 8 12 10 13 20 4 11 13 10 12 19 15 14 15 13 13 15 20 19 20 18 4 16 15 6
1 9 2
554 72
1 4 2
596 607
1 3 2
705 583
1 14 2
788 488
1 2 2
464 533
1 5 2
196 469
1 3 2
219 750
1 6 2
83 506
1 7 2
217 560
1 7 2
768 459
1 15 2
275 286
1 12 2
203 226
1 4 2
789 353
1 7 2
89 179
1 10 2
451 51
1 13 2
764 498
1 6 2
711 72
1 13 2
706 567
1 12 2
670 457
1 3 2
789 609
1 7 2
284 664
1 5 2
458 735
1 3 2
369 609
1 5 2
775 591
1 2 2
570 631
1 11 2
638 351
1 3 2
448 254
1 15 2
649 772
1 13 2
784 291
1 14 2
450 262
1 7 2
378 8
1 8 2
214 701
1 10 2
85 630
1 6 2
510 63
1 7 2
90 360
1 3 2
422 445
1 4 2
482 306
1 15 2
794 701
1 14 2
411 515
1 8 2
401 322
1 2 2
195 633
1 15 2
64 664
1 2 2
525 703
1 6 2
282 266
1 4 2
74 362
1 14 2
786 704
1 4 2
698 61
1 2 2
391 71
1 6 2
89 344
1 2 2
53 328
1 12 2
18 248
1 12 2
204 708
1 9 2
138 147
1 10 2
307 347
1 14 2
32 150
1 10 2
445 531
1 10 2
487 318
1 6 2
103 489
1 6 2
94 74
1 12 2
459 438
1 5 2
36 152
1 3 2
219 655
1 15 2
126 652
1 15 2
799 751
1 3 2
692 637
1 12 2
240 717
1 10 2
91 509
1 11 2
775 290
1 8 2
12 577
1 12 2
359 380
1 6 2
570 678
1 14 2
732 567
1 9 2
151 584
1 4 2
0 214
1 8 2
178 272
1 2 2
230 67
1 2 2
145 573
1 7 2
513 636
1 3 2
686 258
1 9 2
698 453
1 4 2
676 272
1 2 2
188 622
1 11 2
89 596
1 8 2
674 187
1 11 2
13 629
1 11 2
478 190
1 3 2
331 265
1 11 2
117 397
1 11 2
426 166
1 6 2
364 735
1 12 2
646 93
1 5 2
98 35
1 15 2
31 461
1 2 2
635 30
1 10 2
136 143
1 3 2
311 647
1 4 2
112 489
1 10 2
75 470
1 5 2
724 228
1 4 2
590 74
1 8 2
638 627
1 15 2
151 772
1 8 2
103 112
1 3 2
381 341
1 5 2
768 325
1 4 2
396 365
1 14 2
213 307
1 6 2
775 111
1 10 2
493 124
1 8 2
87 467
1 13 2
230 146
1 3 2
799 300
1 4 2
137 146
1 7 2
113 785
1 14 2
117 697
1 13 2
362 304
1 10 2
86 363
1 5 2
735 93
1 5 2
313 525
1 14 2
215 673
1 5 2
756 347
1 4 2
412 286
1 7 2
1 468
1 11 2
308 790
1 3 2
339 730
1 11 2
354 363
1 8 2
256 405
1 12 2
79 724
1 7 2
720 127
1 10 2
392 675
1 2 2
663 229
1 10 2
308 364
1 3 2
223 4
1 2 2
287 283
1 8 2
338 713
1 6 2
603 406
1 8 2
15 392
1 2 2
659 375
1 7 2
459 707
1 4 2
193 170
1 4 2
419 476
1 5 2
329 171
1 13 2
394 269
1 10 2
138 252
1 10 2
286 561
1 7 2
792 629
1 8 2
473 98
1 10 2
508 215
1 14 2
661 546
1 2 2
671 696
1 5 2
675 540
1 12 2
234 786
1 6 2
444 787
1 11 2
615 4
1 4 2
604 677
1 15 2
380 292
1 8 2
194 538
1 9 2
140 695
1 4 2
473 194
1 3 2
667 291
1 9 2
552 94
1 13 2
414 49
1 15 2
700 296
1 13 2
722 598
1 2 2
447 19
1 7 2
783 482
1 2 2
686 712
1 12 2
507 259
1 14 2
751 562
1 8 2
560 226
1 10 2
219 5
1 15 2
178 29
1 4 2
180 87
1 2 2
550 596
1 3 2
575 253
1 14 2
761 788
1 14 2
484 465
1 14 2
257 694
1 14 2
333 264
1 11 2
710 570
1 11 2
714 382
1 10 2
477 365
1 9 2
37 109
1 7 2
680 171
1 11 2
115 243
1 3 2
99 439
1 3 2
799 789
1 4 2
679 396
1 11 2
453 730
1 5 2
691 523
1 8 2
111 572
1 5 2
247 94
1 13 2
488 303
1 6 2
332 34
1 7 2
256 327
1 10 2
64 376
1 9 2
543 128
1 7 2
722 607
1 7 2
266 755
1 6 2
95 414
1 8 2
153 483
1 15 2
479 161
1 14 2
170 162
1 15 2
33 103
1 7 2
159 290
1 14 2
736 529
1 7 2
9 564
1 15 2
245 501
1 5 2
480 171
1 12 2
656 220
1 15 2
735 780
1 4 2
644 236
1 2 2
304 549
1 6 2
342 222
1 9 2
255 33
1 8 2
127 294
1 4 2
475 310
1 15 2
492 365
1 4 2
525 376
1 8 2
343 602
1 2 2
491 483
1 15 2
203 184
1 6 2
72 14
1 10 2
555 318
1 3 2
643 535
1 12 2
222 277
1 14 2
301 264
1 13 2
582 106
1 8 2
583 582
1 10 2
150 591
1 9 2
557 458
1 9 2
618 749
1 13 2
794 476
1 9 2
122 720
1 3 2
54 3
1 3 2
767 42
1 10 2
697 689
1 10 2
798 768
1 8 2
484 532
1 11 2
577 636
1 2 2
467 315
1 11 2
450 154
1 12 2
236 85
1 7 2
145 287
1 7 2
288 767
1 8 2
99 178
1 9 2
790 398
1 13 2
198 204
1 13 2
674 177
1 9 2
349 274
1 4 2
325 67
1 14 2
98 476
1 14 2
291 184
1 9 2
42 79
1 13 2
587 492
1 9 2
697 787
1 5 2
365 133
1 4 2
168 108
1 8 2
45 257
1 15 2
57 484
1 9 2
626 340
1 12 2
259 434
1 4 2
269 344
1 6 2
127 239
1 2 2
214 193
1 13 2
772 451
1 11 2
532 591
1 11 2
160 696
1 9 2
574 6
1 15 2
54 42
1 7 2
461 94
1 15 2
606 57
1 5 2
507 739
1 12 2
638 112
1 6 2
611 572
1 4 2
360 364
1 7 2
514 563
1 11 2
713 629
1 7 2
396 560
1 5 2
155 706
1 2 2
507 491
1 3 2
113 595
1 14 2
14 157
1 14 2
318 653
1 4 2
30 749
1 10 2
60 643
1 3 2
369 696
1 14 2
258 385
1 14 2
770 501
1 6 2
59 368
1 9 2
548 183
1 9 2
10 629
1 7 2
1 299
1 11 2
113 387
1 15 2
626 699
1 6 2
92 41
1 14 2
484 415
1 5 2
433 514
1 14 2
671 503
1 8 2
730 254
1 8 2
15 292
1 3 2
518 761
1 13 2
253 292
1 15 2
797 567
1 13 2
515 14
1 15 2
462 78
1 3 2
192 123
1 2 2
468 142
1 7 2
98 43
1 15 2
38 521
1 11 2
177 59
1 4 2
674 583
1 11 2
586 798
1 13 2
288 317
1 6 2
308 649
1 13 2
160 564
1 12 2
150 6
1 7 2
606 709
1 6 2
647 763
1 9 2
110 540
1 14 2
487 159
1 11 2
392 312
1 5 2
621 402
1 14 2
449 323
1 9 2
248 203
1 14 2
396 734
1 4 2
583 637
1 6 2
553 735
1 6 2
481 89
1 14 2
268 632
1 10 2
662 34
1 13 2
321 243
1 3 2
503 33
1 14 2
642 212
1 15 2
725 530
1 11 2
660 722
1 6 2
130 622
1 13 2
666 334
1 8 2
164 512
1 14 2
49 483
1 4 2
502 219
1 6 2
791 342
1 5 2
199 408
1 11 2
508 532
1 9 2
548 180
1 15 2
777 149
1 6 2
32 189
1 7 2
762 718
1 12 2
115 486
1 6 2
779 389
1 9 2
179 22
1 12 2
649 536
1 4 2
235 149
1 4 2
621 53
1 4 2
595 212
1 14 2
754 345
1 14 2
572 533
1 14 2
67 780
1 5 2
52 510
1 7 2
193 133
1 8 2
172 645
1 8 2
527 346
1 5 2
759 194
1 5 2
411 692
1 13 2
730 320
1 11 2
708 540
1 15 2
590 256
1 3 2
723 561
1 4 2
622 591
1 6 2
761 41
1 15 2
626 181
1 13 2
419 703
1 10 2
86 53
1 11 2
476 134
1 13 2
316 605
1 2 2
80 478
1 11 2
304 140
1 9 2
510 270
1 6 2
737 641
1 11 2
32 117
1 4 2
443 333
1 11 2
112 285
1 10 2
319 594
1 6 2
50 246
1 13 2
112 577
1 6 2
644 51
1 5 2
256 239
1 7 2
737 133
1 15 2
551 625
1 15 2
386 372
1 3 2
685 501
1 10 2
618 757
1 9 2
653 616
1 2 2
274 410
1 11 2
423 20
1 2 2
442 575
1 3 2
376 698
1 11 2
133 749
1 8 2
756 731
1 15 2
160 536
1 14 2
25 611
1 4 2
318 652
1 11 2
373 79
1 2 2
164 236
1 15 2
1 226
1 11 2
495 596
1 14 2
212 469
1 3 2
536 672
1 15 2
214 464
1 4 2
125 365
1 12 2
192 31
1 10 2
516 60
1 7 2
116 463
1 15 2
798 309
1 12 2
676 770
1 11 2
393 797
1 5 2
317 662
1 11 2
298 137
1 7 2
310 466
1 3 2
675 42
1 11 2
71 59
1 6 2
788 795
1 10 2
567 76
1 11 2
426 59
1 13 2
42 327
1 4 2
57 674
1 12 2
672 94
1 12 2
284 611
1 4 2
571 270
1 10 2
545 22
1 5 2
46 246
1 5 2
408 227
1 15 2
507 118
1 2 2
647 104
1 7 2
550 722
1 12 2
548 112
1 7 2
622 405
1 3 2
100 303
1 13 2
239 20
1 2 2
691 50
1 13 2
212 14
1 8 2
5 131
1 5 2
191 579
1 5 2
19 492
1 7 2
575 476
1 10 2
632 150
1 12 2
537 759
1 9 2
544 95
1 9 2
161 465
1 13 2
318 291
1 7 2
23 12
1 12 2
716 297
1 11 2
206 634
1 12 2
759 22
1 2 2
629 738
1 2 2
633 673
1 6 2
244 194
1 13 2
420 551
1 12 2
147 112
1 8 2
268 340
1 2 2
61 284
1 12 2
668 163
1 4 2
305 301
1 2 2
670 228
1 9 2
660 598
1 5 2
602 747
1 4 2
407 465
1 3 2
535 363
1 15 2
336 632
1 12 2
587 629
1 9 2
157 708
1 10 2
705 142
1 2 2
181 86
1 7 2
96 487
1 2 2
449 665
1 8 2
32 624
1 11 2
573 281
1 14 2
623 562
1 3 2
270 385
1 8 2
570 786
1 12 2
531 611
1 11 2
289 169
1 11 2
244 645
1 11 2
193 562
1 4 2
432 714
1 11 2
613 354
1 7 2
572 465
1 13 2
574 18
1 8 2
731 684
1 15 2
371 752
1 5 2
417 64
1 6 2
524 391
1 12 2
11 364
1 11 2
32 18
1 14 2
216 640
1 5 2
559 209
1 8 2
30 435
1 2 2
233 772
1 14 2
256 2
1 4 2
792 76
1 15 2
462 666
1 15 2
38 750
1 4 2
778 191
1 8 2
130 120
1 3 2
26 332
1 15 2
745 437
1 4 2
230 774
1 15 2
295 91
1 4 2
470 276
1 2 2
548 597
1 12 2
15 549
1 12 2
95 714
1 10 2
367 21
1 5 2
85 113
1 8 2
50 503
1 10 2
787 571
1 7 2
360 56
1 12 2
380 244
1 12 2
46 170
1 6 2
237 428
1 15 2
302 364
1 11 2
223 451
1 8 2
645 465
1 3 2
311 420
1 2 2
189 743
1 9 2
364 611
1 6 2
729 692
1 12 2
23 732
1 15 2
123 721
1 13 2
572 569
1 13 2
705 759
1 3 2
13 502
1 5 2
767 154
1 7 2
397 58
1 13 2
748 744
1 5 2
540 448
1 5 2
344 26
1 13 2
98 742
1 6 2
138 636
1 6 2
195 482
1 10 2
761 326
1 14 2
211 746
1 3 2
109 571
1 2 2
727 500
1 12 2
798 453
1 15 2
393 490
1 15 2
91 424
1 8 2
717 401
1 8 2
184 63
1 13 2
759 129
1 3 2
731 701
1 12 2
33 55
1 3 2
554 779
1 7 2
281 325
1 9 2
110 648
1 14 2
383 416
1 3 2
76 674
1 7 2
573 615
1 7 2
547 634
1 14 2
542 118
1 10 2
227 142
1 8 2
533 454
1 5 2
41 212
1 4 2
496 723
1 7 2
659 190
1 9 2
398 222
1 7 2
180 243
1 8 2
218 469
1 12 2
537 95
1 14 2
219 159
1 4 2
98 120
1 11 2
571 417
1 9 2
649 127
1 9 2
683 443
1 10 2
69 113
1 14 2
577 583
1 6 2
454 641
1 12 2
785 239
1 14 2
358 521
1 7 2
617 68
1 6 2
473 353
1 8 2
782 68
1 9 2
489 760
1 3 2
213 19
1 15 2
182 639
1 15 2
479 96
1 8 2
227 110
1 2 2
401 104
1 2 2
135 549
1 13 2
346 214
1 6 2
610 384
1 11 2
517 751
1 13 2
197 530
1 4 2
605 678
1 8 2
329 174
1 14 2
215 147
1 6 2
25 274
1 13 2
543 188
1 2 2
69 300
1 7 2
260 10
1 13 2
355 50
1 9 2
702 568
1 4 2
646 545
1 13 2
697 699
1 8 2
256 477
1 12 2
315 42
1 7 2
159 44
1 3 2
416 675
1 2 2
776 388
1 15 2
420 449
1 4 2
218 433
1 2 2
689 623
1 11 2
46 266
1 5 2
85 544
1 10 2
148 409
1 10 2
383 385
1 3 2
725 783
1 11 2
712 263
1 8 2
644 552
1 13 2
164 136
1 8 2
700 10
1 9 2
101 468
1 10 2
592 407
1 9 2
790 266
1 2 2
32 377
1 2 2
343 34
1 6 2
177 45
1 12 2
571 294
1 11 2
354 479
1 8 2
406 235
1 13 2
349 641
1 5 2
39 41
1 8 2
785 176
1 9 2
257 758
1 4 2
277 680
1 2 2
285 344
1 12 2
717 389
1 14 2
124 561
1 15 2
21 619
1 4 2
702 385
1 11 2
43 586
1 2 2
341 568
1 14 2
406 0
1 15 2
583 793
1 15 2
472 237
1 6 2
245 382
1 4 2
576 749
1 5 2
458 37
1 11 2
100 446
1 3 2
578 728
1 8 2
436 774
1 15 2
652 485
1 9 2
306 327
1 7 2
736 643
1 5 2
501 205
1 6 2
436 653
1 14 2
529 458
1 2 2
203 224
1 11 2
9 552
1 6 2
777 495
1 9 2
151 597
1 8 2
506 631
1 12 2
695 568
1 13 2
382 738
1 9 2
43 59
1 9 2
636 794
1 4 2
775 279
1 14 2
105 512
1 6 2
391 481
1 2 2
520 302
1 14 2
449 771
1 12 2
715 410
1 11 2
52 234
1 5 2
194 150
1 2 2
761 563
1 3 2
704 120
1 4 2
136 44
1 11 2
379 28
1 4 2
697 107
1 7 2
722 584
1 5 2
299 532
1 12 2
712 235
1 3 2
15 346
1 2 2
220 52
1 9 2
719 627
1 4 2
760 281
1 11 2
406 258
1 11 2
409 515
1 7 2
595 697
1 10 2
367 339
1 9 2
356 232
1 15 2
51 665
1 4 2
97 46
1 15 2
568 74
1 3 2
503 789
1 13 2
313 620
1 5 2
756 410
1 14 2
153 715
1 2 2
538 634
1 7 2
445 342
1 10 2
278 225
1 13 2
624 502
1 15 2
524 108
1 4 2
350 584
1 12 2
361 787
1 3 2
129 643
1 7 2
482 180
1 12 2
128 685
1 14 2
120 559
1 14 2
472 273
1 5 2
245 105
1 5 2
673 338
1 14 2
683 86
1 15 2
85 526
1 2 2
787 125
1 7 2
768 671
1 14 2
765 499
1 12 2
394 466
1 8 2
725 515
1 4 2
596 348
1 13 2
290 534
1 7 2
682 553
1 7 2
703 14
1 8 2
550 209
1 14 2
560 744
1 12 2
476 344
1 9 2
423 757
1 12 2
743 586
1 5 2
591 630
1 13 2
402 449
1 8 2
712 688
1 6 2
166 4
1 2 2
300 22
1 14 2
109 66
1 15 2
679 47
1 3 2
159 361
1 11 2
356 270
1 5 2
597 332
1 10 2
662 313
1 13 2
22 632
1 9 2
37 356
1 10 2
283 12
1 8 2
415 287
1 12 2
277 311
1 11 2
122 776
1 8 2
436 150
1 5 2
319 514
1 14 2
720 697
1 9 2
639 131
1 15 2
657 215
1 2 2
784 708
1 15 2
662 702
1 14 2
598 324
1 8 2
275 73
1 8 2
133 90
1 3 2
756 652
1 2 2
758 593
1 6 2
326 339
1 10 2
234 176
1 13 2
504 710
1 11 2
350 368
1 9 2
774 403
1 15 2
47 634
1 15 2
321 24
1 3 2
5 770
1 11 2
403 24
1 9 2
259 700
1 7 2
102 493
1 3 2
794 372
1 6 2
296 347
1 11 2
797 333
1 8 2
223 31
1 13 2
782 628
1 2 2
329 174
1 4 2
312 325
1 9 2
538 396
1 3 2
587 754
1 10 2
416 457
1 5 2
101 16
1 5 2
58 531
1 13 2
177 269
1 10 2
395 559
1 12 2
616 370
1 9 2
711 314
1 8 2
422 72
1 9 2
119 641
1 4 2
307 518
1 11 2
398 596
1 11 2
227 532
1 3 2
429 341
1 11 2
178 666
1 14 2
563 388
1 7 2
72 615
1 13 2
66 194
1 15 2
217 583
1 5 2
35 412
1 7 2
625 254
1 3 2
570 641
1 8 2
27 320
1 12 2
64 217
1 9 2
760 199
1 15 2
600 319
1 9 2
631 440
1 4 2
189 773
1 8 2
778 231
1 3 2
384 534
1 4 2
736 25
1 2 2
692 81
1 8 2
48 267
1 15 2
792 218
1 13 2
436 458
1 4 2
171 543
1 12 2
259 786
1 8 2
581 236
1 12 2
526 512
1 13 2
337 296
1 2 2
188 794
1 3 2
547 37
1 11 2
740 271
1 10 2
658 261
1 4 2
263 45
1 6 2
492 707
1 14 2
754 320
1 2 2
454 693
1 15 2
166 696
1 5 2
710 489
1 2 2
359 149
1 5 2
573 18
1 8 2
715 388
1 5 2
605 151
1 13 2
464 725
1 11 2
16 285
1 2 2
76 499
1 7 2
14 366
1 9 2
477 65
1 2 2
409 681
1 5 2
508 642
1 15 2
667 529
1 6 2
497 135
1 9 2
799 660
1 5 2
544 528
1 9 2
219 529
1 6 2
489 86
1 4 2
29 49
1 5 2
422 637
1 3 2
34 153
1 14 2
493 637
1 8 2
293 458
1 4 2
555 52
1 14 2
297 399
1 11 2
93 630
1 14 2
270 197
1 10 2
787 713
1 6 2
607 478
1 2 2
258 404
1 2 2
91 143
1 15 2
91 501
1 15 2
650 115
1 8 2
76 323
1 9 2
190 426
1 10 2
580 647
1 10 2
125 36
1 13 2
144 131
1 11 2
432 129
1 4 2
661 532
1 9 2
139 339
1 4 2
716 133
1 4 2
102 16
1 14 2
10 188
1 8 2
348 387
1 11 2
587 256
1 2 2
484 426
1 15 2
90 538
1 13 2
736 156
1 8 2
349 748
1 10 2
689 658
1 10 2
70 710
1 13 2
758 614
1 2 2
104 351
1 5 2
374 587
1 4 2
9 592
1 15 2
732 284
1 13 2
483 334
1 11 2
470 378
1 10 2
111 220
1 15 2
281 112
1 2 2
92 243
1 12 2
88 255
1 8 2
569 136
1 5 2
77 797
1 7 2
735 272
1 13 2
494 331
1 7 2
103 1
1 11 2
698 240
1 12 2
541 81
1 4 2
159 125
1 13 2
237 270
1 2 2
301 468
1 7 2
176 4
1 10 2
198 413
1 10 2
795 221
1 10 2
564 657
1 2 2
62 47
1 12 2
45 521
1 10 2
599 778
1 15 2
334 195
1 15 2
758 677
1 12 2
627 305
1 9 2
710 577
1 10 2
580 657
1 2 2
395 767
1 5 2
556 683
1 12 2
723 568
1 3 2
554 186
1 5 2
194 34
1 12 2
496 64
1 11 2
455 192
1 13 2
643 555
1 7 2
781 419
1 14 2
93 164
1 5 2
104 687
1 8 2
421 414
1 9 2
679 700
1 10 2
123 503
1 2 2
798 375
1 3 2
694 290
1 9 2
658 779
1 9 2
217 281
1 2 2
330 626
1 4 2
779 689
1 15 2
683 146
1 2 2
258 357
1 11 2
535 503
1 10 2
449 747
1 14 2
519 377
1 13 2
513 791
1 13 2
769 226
1 9 2
446 295
1 9 2
122 766
1 13 2
647 379
1 10 2
223 623
1 3 2
110 398
1 6 2
25 502
1 6 2
483 578
1 14 2
616 494
1 3 2
382 756
1 15 2
558 360
1 5 2
306 190
1 2 2
40 167
1 7 2
276 613
1 9 2
495 383
1 8 2
243 10
1 14 2
130 772
1 6 2
447 43
1 4 2
403 713
1 8 2
393 612
1 15 2
274 669
1 7 2
301 407
1 3 2
682 16
1 5 2
250 391
1 6 2
665 444
1 13 2
173 131
1 15 2
559 212
1 10 2
27 66
1 14 2
354 421
1 9 2
93 114
1 8 2
268 300
1 9 2
796 691
1 12 2
283 128
1 14 2
730 75
1 6 2
490 621
1 6 2
94 764
1 7 2
622 330
1 8 2
93 322
1 14 2
85 379
1 12 2
164 354
1 13 2
299 178
1 12 2
190 40
1 12 2
427 294
1 3 2
619 350
1 11 2
338 644
1 8 2
296 610
1 2 2
616 300
1 5 2
647 444
1 9 2
274 602
1 7 2
525 730
1 5 2
417 27
1 3 2
643 521
1 13 2
798 490
1 7 2
531 321
1 13 2
148 15
1 10 2
666 78
1 5 2
664 191
1 10 2
787 408
1 10 2
110 451
1 11 2
308 237
1 15 2
126 447
1 5 2
645 600
1 15 2
793 452
1 11 2
344 579
1 3 2
351 158
1 9 2
748 176
1 12 2
796 371
1 8 2
635 392
1 9 2
566 767
1 8 2
654 15
1 13 2
546 522
1 2 2
695 406
1 12 2
296 287
1 8 2
775 241
1 9 2
508 33
1 13 2
91 578
1 8 2
12 74
1 8 2
634 389
1 2 2
451 69
1 4 2
387 262
1 10 2
196 413
1 13 2
547 173
1 3 2
299 774
1 11 2
90 694
1 11 2
505 729
1 2 2
689 355
1 7 2
473 218
1 4 2
662 21
1 6 2
426 502
1 11 2
392 497
1 8 2
530 764
1 6 2
464 278
1 2 2
359 82
1 10 2
276 268
1 2 2
783 488
1 10 2
657 444
1 5 2
382 344
1 12 2
357 401
1 3 2
720 732
1 11 2
676 577
1 4 2
359 714
1 8 2
731 746
1 9 2
300 175
1 12 2
388 68
1 2 2
643 193
1 6 2
571 22
1 10 2
291 308
1 8 2
50 315
1 7 2
796 85
1 5 2
327 151
1 15 2
508 750
1 12 2
717 37
1 14 2
236 173
1 10 2
644 237
1 11 2
160 674
1 14 2
725 149
1 5 2
166 255
1 13 2
18 362
1 13 2
103 271
1 2 2
467 723
1 5 2
134 287
1 14 2
365 385
1 11 2
786 408
1 7 2
692 325
1 11 2
74 218
1 7 2
88 184
1 4 2
345 466
1 8 2
8 164
1 11 2
492 713
1 2 2
561 476
1 13 2
509 620
1 11 2
730 767
1 2 2
467 638
1 8 2
0 614
1 15 2
226 750
1 13 2
3 489
1 12 2
486 448
1 3 2
423 293
1 11 2
726 102
1 4 2
529 76
1 14 2
273 613
1 2 2
183 591
1 13 2
305 76
1 15 2
350 596
1 14 2
738 191
1 5 2
645 15
1 15 2
747 292
1 4 2
231 697
1 6 2
569 682
1 7 2
411 607
1 3 2
201 785
1 3 2
228 723
1 9 2
333 564
1 11 2
750 643
1 7 2
339 783
1 4 2
353 212
1 14 2
479 681
1 12 2
257 155
1 14 2
502 280
1 14 2
25 586
1 3 2
403 665
1 15 2
161 624
1 2 2
195 146
1 9 2
774 281
1 3 2
594 557
1 10 2
3 489
1 11 2
32 450
1 14 2
261 188
1 7 2
399 589
1 14 2
381 135
1 7 2
758 221
1 7 2
561 374
1 14 2
386 429
1 13 2
409 221
1 10 2
226 692
1 2 2
488 631
1 9 2
655 429
1 8 2
228 73
1 15 2
319 128
1 9 2
354 590
1 9 2
126 315
1 6 2
49 169
1 4 2
796 176
1 4 2
444 478
1 13 2
658 418
1 5 2
280 130
1 9 2
513 640
1 4 2
420 273
1 7 2
776 651
1 8 2
383 423
1 9 2
98 544
1 9 2
108 92
1 5 2
345 764
1 3 2
171 342
1 9 2
614 601
1 14 2
443 391
1 15 2
462 258
1 13 2
432 434
1 10 2
249 662
1 11 2
588 376
1 7 2
52 334
1 4 2
583 590
1 5 2
303 766
1 14 2
564 680
1 12 2
629 477
1 13 2
236 493
1 9 2
722 658
1 12 2
252 776
1 11 2
711 703
1 5 2
194 365
1 9 2
745 537
1 14 2
612 139
1 3 2
287 693
1 6 2
444 168
1 15 2
424 478
1 2 2
131 433
1 5 2
370 20
1 3 2
493 147
1 3 2
528 776
1 15 2
164 648
1 6 2
601 6
1 12 2
540 463
1 8 2
177 337
1 8 2
398 418
1 11 2
531 767
1 3 2
564 314
1 8 2
738 731
1 15 2
430 428
1 2 2
780 686
1 5 2
113 438
1 2 2
263 57
1 12 2
610 221
1 5 2
729 56
1 6 2
39 794
1 13 2
416 218
1 8 2
585 761
1 5 2
512 433
1 13 2
244 564
1 2 2
696 756
1 10 2
456 35
1 8 2
632 435
1 6 2
80 654
1 8 2
36 179
1 15 2
636 171
1 15 2
167 259
1 2 2
558 289
1 3 2
318 161
1 4 2
170 199
1 15 2
280 535
1 11 2
691 605
1 10 2
414 170
1 6 2
132 55
1 14 2
238 434
1 2 2
209 608
1 4 2
320 65
1 15 2
512 67
1 8 2
736 460
1 10 2
237 192
1 10 2
724 241
1 4 2
213 506
1 9 2
428 32
1 2 2
706 598
1 8 2
537 138
1 7 2
85 303
1 5 2
538 94
1 9 2
481 169
1 14 2
601 739
1 15 2
207 777
1 7 2
761 708
1 4 2
644 379
1 15 2
75 332
1 4 2
356 84
1 5 2
630 715
1 14 2
617 597
1 5 2
356 599
1 7 2
411 663
1 3 2
261 127
1 14 2
477 382
1 9 2
642 647
1 11 2
485 675
1 4 2
235 398
1 15 2
204 92
1 13 2
749 221
1 9 2
517 365
1 14 2
494 217
1 9 2
674 84
1 7 2
331 122
1 13 2
76 423
1 15 2
536 405
1 2 2
343 372
1 7 2
172 675
1 9 2
70 161
1 15 2
536 239
1 2 2
724 27
1 13 2
291 763
1 7 2
603 401
1 15 2
147 427
1 2 2
96 591
1 8 2
684 246
1 5 2
713 475
1 15 2
498 257
1 8 2
132 429
1 12 2
793 249
1 15 2
660 114
1 8 2
678 348
1 2 2
123 82
1 10 2
508 177
1 5 2
588 62
1 8 2
208 410
1 11 2
53 738
1 10 2
102 35
1 7 2
717 639
1 6 2
424 40
1 13 2
643 792
1 9 2
572 269
1 12 2
329 360
1 7 2
59 220
1 8 2
101 62
1 10 2
205 565
1 13 2
322 269
1 14 2
178 360
1 11 2
283 587
1 15 2
386 758
1 7 2
298 398
1 14 2
397 130
1 13 2
171 591
1 4 2
506 338
1 6 2
362 634
1 12 2
138 795
1 9 2
235 495
1 9 2
619 374
1 15 2
430 545
1 10 2
791 685
1 10 2
81 655
1 5 2
612 698
1 12 2
769 464
1 8 2
356 657
1 3 2
172 380
1 11 2
281 631
1 15 2
740 670
1 3 2
725 23
1 6 2
575 488
1 15 2
705 195
1 2 2
7 581
1 9 2
311 720
1 14 2
644 611
1 10 2
284 170
1 7 2
132 157
1 6 2
261 45
1 15 2
365 525
1 13 2
5 600
1 3 2
390 259
1 10 2
180 299
1 10 2
360 302
1 15 2
177 251
1 15 2
314 529
1 7 2
124 50
1 10 2
438 705
1 7 2
143 96
1 12 2
494 79
1 8 2
770 669
1 8 2
365 6
1 15 2
466 498
1 5 2
365 451
1 13 2
184 233
1 8 2
445 302
1 9 2
652 231
1 11 2
323 404
1 7 2
709 83
1 15 2
543 442
1 13 2
334 137
1 11 2
54 352
1 4 2
95 139
1 2 2
446 228
1 12 2
531 778
1 7 2
285 456
1 4 2
370 553
1 12 2
152 581
1 4 2
735 18
1 12 2
779 154
1 12 2
767 546
1 14 2
477 396
1 13 2
511 793
1 10 2
584 687
1 10 2
189 553
1 14 2
87 467
1 12 2
348 210
1 2 2
799 739
1 5 2
643 569
1 8 2
762 566
1 10 2
775 349
1 10 2
786 523
1 11 2
743 95
1 13 2
347 460
1 10 2
592 794
1 6 2
358 772
1 8 2
45 112
1 8 2
548 703
1 12 2
402 694
1 9 2
371 45
1 11 2
720 598
1 5 2
398 379
1 13 2
228 276
1 2 2
423 350
1 15 2
397 37
1 15 2
576 373
1 10 2
491 380
1 10 2
263 332
1 11 2
376 334
1 6 2
482 653
1 9 2
346 734
1 15 2
449 289
1 3 2
542 513
1 6 2
462 660
1 3 2
458 170
1 9 2
74 49
1 12 2
159 435
1 14 2
667 536
1 13 2
49 614
1 4 2
253 164
1 6 2
669 1
1 5 2
423 643
1 11 2
198 558
1 6 2
386 277
1 5 2
551 603
1 3 2
14 83
1 4 2
224 293
1 2 2
784 95
1 6 2
448 194
1 14 2
567 353
1 7 2
781 88
1 7 2
667 230
1 6 2
145 242
1 7 2
295 297
1 11 2
663 667
1 12 2
688 252
1 7 2
436 105
1 10 2
639 230
1 13 2
232 460
1 15 2
746 646
1 7 2
572 702
1 13 2
14 488
1 13 2
89 487
1 15 2
110 82
1 10 2
278 772
1 6 2
526 568
1 11 2
37 690
1 14 2
245 271
1 7 2
760 432
1 5 2
240 179
1 14 2
555 71
1 5 2
709 786
1 15 2
712 91
1 11 2
507 162
1 15 2
612 98
1 5 2
713 735
1 8 2
224 233
1 15 2
313 372
1 9 2
516 697
1 2 2
773 321
1 7 2
198 296
1 11 2
760 332
1 15 2
271 308
1 5 2
230 400
1 8 2
735 295
1 3 2
310 301
1 15 2
154 444
1 8 2
535 470
1 8 2
358 486
1 14 2
452 681
1 10 2
662 318
1 3 2
516 13
1 7 2
19 556
1 15 2
420 456
1 15 2
237 120
1 10 2
782 329
1 3 2
317 387
1 4 2
247 224
1 11 2
442 225
1 11 2
502 668
1 7 2
561 166
1 7 2
699 8
1 15 2
667 69
1 6 2
749 434
1 9 2
391 698
1 6 2
717 91
1 12 2
799 51
1 12 2
203 7
1 12 2
509 774
1 6 2
164 546
1 7 2
525 656
1 3 2
37 121
1 3 2
180 37
1 9 2
45 625
1 6 2
636 37
1 7 2
650 211
1 10 2
229 639
1 15 2
514 699
1 11 2
570 490
1 2 2
103 437
1 14 2
435 5
1 2 2
426 724
1 2 2
602 630
1 11 2
485 471
1 4 2
507 395
1 10 2
781 717
1 6 2
88 254
1 8 2
515 772
1 2 2
421 25
1 11 2
321 145
1 7 2
575 45
1 11 2
753 35
1 3 2
224 725
1 3 2
426 778
1 4 2
0 473
1 2 2
346 213
1 15 2
691 435
1 3 2
153 671
1 10 2
182 775
1 12 2
450 523
1 12 2
42 354
1 2 2
418 646
1 15 2
236 199
1 15 2
747 252
1 14 2
622 537
1 5 2
571 779
1 12 2
69 39
1 12 2
457 214
1 13 2
153 303
1 10 2
332 249
1 3 2
226 225
1 8 2
675 182
1 13 2
10 552
1 3 2
342 594
1 7 2
10 319
1 9 2
519 119
1 4 2
337 591
1 8 2
580 43
1 3 2
615 67
1 8 2
81 185
1 8 2
54 357
1 4 2
275 180
1 7 2
414 451
1 2 2
212 520
1 13 2
382 636
1 9 2
531 636
1 9 2
301 392
1 10 2
639 124
1 8 2
14 772
1 8 2
569 754
1 5 2
57 691
1 8 2
442 305
1 5 2
35 735
1 12 2
412 383
1 7 2
720 288
1 2 2
544 484
1 3 2
418 265
1 15 2
674 676
1 3 2
683 764
1 2 2
11 82
1 13 2
333 551
1 7 2
744 363
1 4 2
516 509
1 11 2
92 30
1 9 2
57 612
1 4 2
442 484
1 13 2
628 722
1 7 2
779 593
1 3 2
373 581
1 3 2
390 383
1 13 2
35 287
1 8 2
459 594
1 13 2
495 664
1 15 2
29 23
1 10 2
271 330
1 10 2
608 772
1 4 2
767 543
1 11 2
727 155
1 3 2
733 84
1 9 2
367 390
1 8 2
725 159
1 8 2
39 573
1 2 2
356 447
1 10 2
260 427
1 11 2
778 56
1 2 2
496 324
1 3 2
673 43
1 9 2
321 461
1 14 2
205 280
1 4 2
354 754
1 14 2
35 411
1 4 2
403 747
1 10 2
182 191
1 4 2
470 67
1 10 2
34 475
1 12 2
417 46
1 13 2
627 411
1 6 2
398 524
1 4 2
542 155
1 12 2
143 79
1 2 2
122 113
1 5 2
88 653
1 3 2
17 178
1 2 2
530 203
1 2 2
108 416
1 2 2
143 727
1 15 2
296 246
1 9 2
418 150
1 13 2
359 288
1 14 2
428 567
1 10 2
235 210
1 2 2
649 705
1 13 2
788 359
1 2 2
683 410
1 9 2
177 233
1 6 2
453 129
1 7 2
772 627
1 11 2
351 548
1 15 2
5 398
1 11 2
570 360
1 12 2
8 76
1 14 2
467 248
1 12 2
592 753
1 8 2
85 290
1 5 2
471 383
1 3 2
365 400
1 12 2
577 488
1 6 2
247 224
1 3 2
274 79
1 3 2
98 375
1 15 2
187 197
1 4 2
715 711
1 3 2
253 345
1 15 2
284 279
1 8 2
54 427
1 10 2
502 744
1 4 2
506 271
1 8 2
287 607
1 6 2
640 4
1 8 2
164 24
1 14 2
787 48
1 11 2
155 179
1 15 2
273 734
1 5 2
125 625
1 3 2
684 524
1 10 2
336 705
1 7 2
537 747
1 12 2
689 568
1 8 2
635 105
1 3 2
43 623
1 2 2
235 294
1 7 2
79 774
1 9 2
333 353
1 14 2
642 281
1 4 2
403 658
1 9 2
433 659
1 2 2
528 292
1 14 2
500 130
1 12 2
495 684
1 4 2
473 395
1 7 2
450 435
1 11 2
289 471
1 7 2
190 410
1 10 2
170 428
1 12 2
419 521
1 9 2
658 472
1 4 2
573 756
1 14 2
140 323
1 3 2
58 510
1 2 2
502 446
1 2 2
781 384
1 8 2
215 21
1 12 2
189 789
1 5 2
640 82
1 15 2
449 472
1 15 2
121 297
1 6 2
626 391
1 4 2
727 325
1 10 2
85 328
1 15 2
402 216
1 10 2
271 13
1 7 2
265 201
1 8 2
753 88
1 6 2
717 465
1 13 2
357 207
1 4 2
188 451
1 11 2
714 52
1 5 2
486 673
1 11 2
484 214
1 12 2
41 604
1 13 2
599 489
1 9 2
361 414
1 2 2
194 799
1 3 2
12 249
1 8 2
452 376
1 6 2
177 641
1 12 2
415 757
1 10 2
684 162
1 13 2
677 7
1 3 2
326 712
1 10 2
404 698
1 4 2
300 276
1 5 2
573 648
1 8 2
195 126
1 12 2
19 372
1 10 2
541 194
1 13 2
424 708
1 14 2
259 108
1 15 2
33 793
1 3 2
289 736
1 12 2
438 136
1 10 2
165 370
1 6 2
581 47
1 13 2
289 293
1 10 2
112 213
1 11 2
177 535
1 13 2
146 49
1 3 2
689 700
1 8 2
527 721
1 9 2
123 492
1 6 2
779 195
1 5 2
752 638
1 13 2
491 8
1 6 2
743 57
1 3 2
645 430
1 7 2
754 218
1 6 2
331 750
1 4 2
391 83
1 10 2
295 481
1 3 2
533 233
1 9 2
144 546
1 12 2
707 123
1 6 2
84 619
1 12 2
490 33
1 13 2
679 338
1 4 2
389 491
1 7 2
435 85
1 3 2
373 394
1 9 2
545 340
1 9 2
628 30
1 4 2
592 610
1 8 2
776 373
1 8 2
131 686
1 12 2
330 462
1 11 2
163 59
1 14 2
639 364
1 12 2
682 767
1 12 2
415 164
1 7 2
255 798
1 8 2
727 348
1 13 2
32 533
1 9 2
373 786
1 8 2
657 511
1 2 2
63 128
1 5 2
349 589
1 10 2
461 705
1 9 2
120 395
1 4 2
234 273
1 12 2
596 35
1 8 2
108 98
1 6 2
554 293
1 8 2
590 30
1 2 2
318 709
1 11 2
682 326
1 15 2
426 90
1 4 2
587 473
1 4 2
411 59
1 3 2
68 688
1 12 2
94 719
1 15 2
598 49
1 2 2
741 260
1 8 2
32 704
1 14 2
20 185
1 5 2
402 645
1 5 2
725 260
1 13 2
202 659
1 5 2
265 623
1 7 2
47 311
1 6 2
449 646
1 14 2
161 203
1 10 2
771 720
1 8 2
67 756
1 4 2
551 373
1 8 2
61 664
1 10 2
615 758
1 9 2
435 464
1 14 2
135 153
1 4 2
109 258
1 7 2
524 321
1 14 2
71 342
1 6 2
728 644
1 11 2
436 604
1 9 2
248 648
1 14 2
128 361
1 10 2
42 33
1 5 2
575 438
1 6 2
349 98
1 10 2
578 628
1 2 2
237 227
1 8 2
461 219
1 15 2
345 65
1 5 2
710 445
1 5 2
264 10
1 14 2
307 19
1 15 2
634 351
1 15 2
39 665
1 8 2
216 293
1 12 2
155 272
1 15 2
582 396
1 2 2
344 512
1 9 2
676 698
1 9 2
219 362
1 5 2
485 237
1 9 2
407 480
1 11 2
403 491
1 10 2
359 500
1 12 2
248 557
1 6 2
347 604
1 9 2
122 150
1 15 2
131 597
1 13 2
433 422
1 14 2
400 280
1 10 2
223 241
1 9 2
248 141
1 12 2
281 57
1 3 2
177 558
1 7 2
736 292
1 6 2
717 175
1 9 2
22 430
1 13 2
641 109
1 2 2
777 26
1 3 2
662 495
1 7 2
232 270
1 7 2
568 575
1 13 2
761 119
1 8 2
136 676
1 5 2
581 455
1 14 2
316 413
1 4 2
763 166
1 10 2
563 755
1 15 2
556 31
1 4 2
550 21
1 4 2
736 265
1 11 2
572 280
1 9 2
726 232
1 4 2
105 775
1 3 2
786 445
1 4 2
208 134
1 9 2
52 472
1 10 2
275 433
1 14 2
467 480
1 4 2
603 81
1 10 2
365 19
1 4 2
724 86
1 3 2
753 243
1 14 2
559 454
1 7 2
560 515
1 13 2
728 135
1 12 2
215 0
1 11 2
327 580
1 15 2
232 16
1 15 2
129 519
1 9 2
149 110
1 7 2
499 149
1 6 2
463 584
1 14 2
275 5
1 15 2
114 618
1 6 2
184 292
1 13 2
235 578
1 4 2
180 390
1 15 2
187 744
1 8 2
589 705
1 2 2
472 716
1 12 2
261 218
1 8 2
247 302
1 11 2
715 799
1 4 2
389 799
1 5 2
41 568
1 13 2
542 250
1 7 2
697 164
1 12 2
95 395
1 6 2
470 738
1 2 2
732 133
1 7 2
400 68
1 10 2
221 33
1 6 2
355 320
1 2 2
551 579
1 8 2
112 2
1 5 2
396 673
1 14 2
612 350
1 14 2
119 484
1 15 2
370 399
1 10 2
664 665
1 3 2
295 115
1 14 2
174 145
1 4 2
516 770
1 11 2
405 231
1 2 2
799 629
1 2 2
776 91
1 13 2
781 14
1 14 2
111 59
1 15 2
408 620
1 14 2
671 513
1 4 2
580 218
1 2 2
505 389
1 11 2
748 245
1 12 2
273 57
1 12 2
168 268
1 8 2
250 299
1 4 2
654 596
1 2 2
786 439
1 8 2
141 128
1 4 2
307 571
1 13 2
60 197
1 3 2
164 200
1 6 2
52 531
1 13 2
386 564
1 11 2
659 796
1 2 2
401 609
1 9 2
682 441
1 14 2
752 668
1 15 2
314 382
1 14 2
205 587
1 7 2
573 265
1 3 2
102 511
1 3 2
623 469
1 12 2
32 467
1 7 2
176 115
1 5 2
542 607
1 9 2
600 742
1 2 2
356 691
1 3 2
114 783
1 12 2
26 246
1 4 2
88 380
1 5 2
103 328
1 6 2
545 321
1 9 2
746 545
1 4 2
568 614
1 10 2
337 275
1 15 2
69 538
1 6 2
785 426
1 9 2
83 372
1 9 2
418 479
1 11 2
109 21
1 4 2
428 683
1 10 2
102 470
1 9 2
105 661
1 4 2
3 307
1 4 2
593 206
1 8 2
145 16
1 10 2
723 746
1 5 2
599 246
1 4 2
480 654
1 10 2
405 791
1 8 2
490 464
1 14 2
304 386
1 13 2
456 415
1 11 2
150 300
1 10 2
457 715
1 14 2
282 654
1 12 2
470 317
1 5 2
471 295
1 3 2
270 431
1 3 2
230 430
1 6 2
606 713
1 7 2
775 506
1 6 2
244 478
1 14 2
81 770
1 5 2
78 77
1 13 2
661 611
1 2 2
491 123
1 9 2
381 351
1 14 2
758 663
1 2 2
36 793
1 2 2
677 579
1 12 2
469 687
1 5 2
545 574
1 14 2
539 247
1 8 2
345 174
1 8 2
607 572
1 14 2
620 500
1 13 2
665 480
1 4 2
73 426
1 6 2
757 795
1 9 2
578 198
1 5 2
690 676
1 2 2
436 147
1 4 2
52 615
1 8 2
520 285
1 15 2
742 499
1 13 2
15 338
1 15 2
104 348
1 13 2
265 684
1 7 2
615 774
1 15 2
533 500
1 10 2
466 596
1 12 2
255 716
1 14 2
235 573
1 12 2
220 482
1 11 2
690 692
1 9 2
164 494
1 13 2
355 157
1 7 2
482 782
1 3 2
173 619
1 11 2
446 723
1 5 2
276 157
1 15 2
738 280
1 14 2
774 595
1 13 2
24 364
1 3 2
624 349
1 3 2
588 502
1 10 2
113 616
1 8 2
365 484
1 5 2
83 709
1 5 2
613 423
1 5 2
540 157
1 12 2
340 642
1 15 2
416 468
1 11 2
593 161
1 3 2
718 146
1 6 2
469 242
1 14 2
777 554
1 2 2
509 15
1 4 2
144 753
1 5 2
59 734
1 4 2
163 168
1 12 2
111 125
1 3 2
648 89
1 6 2
601 541
1 15 2
146 300
1 13 2
350 739
1 13 2
577 780
1 5 2
387 167
1 7 2
165 430
1 12 2
345 71
1 3 2
596 499
1 13 2
472 668
1 2 2
559 0
1 12 2
195 789
1 5 2
719 166
1 5 2
220 582
1 8 2
479 379
1 10 2
560 424
1 13 2
525 361
1 11 2
235 19
1 3 2
407 625
1 3 2
361 782
1 6 2
587 733
1 4 2
56 685
1 10 2
722 44
1 4 2
492 676
1 6 2
740 186
1 7 2
213 664
1 8 2
587 445
1 5 2
96 47
1 15 2
167 478
1 13 2
753 419
1 3 2
267 43
1 9 2
296 500
1 4 2
661 799
1 5 2
681 523
1 9 2
437 522
1 13 2
225 26
1 10 2
514 751
1 3 2
487 699
1 3 2
769 416
1 9 2
641 474
1 15 2
613 42
1 12 2
317 93
1 9 2
427 60
1 12 2
777 367
1 4 2
523 14
1 8 2
503 396
1 9 2
719 417
1 14 2
515 18
1 13 2
51 235
1 10 2
55 512
1 3 2
397 386
1 13 2
186 26
1 9 2
235 392
1 13 2
474 114
1 9 2
310 369
1 2 2
503 0
1 9 2
733 63
1 7 2
68 378
1 10 2
122 175
1 8 2
207 689
1 6 2
463 410
1 14 2
348 535
1 6 2
647 259
1 13 2
184 140
1 14 2
750 181
1 3 2
720 132
1 15 2
50 484
1 7 2
53 403
1 2 2
694 542
1 2 2
494 118
1 4 2
462 350
1 13 2
638 444
1 2 2
668 654
1 9 2
467 190
1 14 2
393 290
1 14 2
324 403
1 9 2
630 720
1 9 2
38 764
1 7 2
737 188
1 7 2
740 426
1 6 2
27 345
1 7 2
715 668
1 12 2
206 122
1 3 2
755 666
1 7 2
722 201
1 5 2
422 373
1 14 2
488 763
1 4 2
22 238
1 8 2
490 86
1 5 2
236 348
1 7 2
159 484
1 5 2
648 587
1 6 2
522 517
1 3 2
670 138
1 15 2
560 339
1 6 2
85 308
1 15 2
265 497
1 6 2
545 253
1 6 2
555 713
1 2 2
262 464
1 13 2
494 452
1 2 2
276 10
1 3 2
6 137
1 2 2
428 379
1 14 2
177 92
1 2 2
271 108
1 5 2
683 355
1 10 2
570 778
1 3 2
247 197
1 5 2
608 568
1 14 2
269 160
1 8 2
28 744
1 14 2
683 258
1 2 2
656 636
1 8 2
49 515
1 11 2
558 517
1 9 2
610 183
1 12 2
50 330
1 14 2
104 679
1 15 2
630 296
1 13 2
671 537
1 2 2
182 141
1 9 2
174 60
1 10 2
698 424
1 11 2
221 149
1 2 2
789 426
1 10 2
9 179
1 8 2
47 470
1 8 2
494 358
1 14 2
72 388
1 10 2
211 508
1 12 2
193 320
1 3 2
593 657
1 5 2
467 530
1 14 2
337 453
1 12 2
224 735
1 15 2
182 70
1 2 2
414 793
1 11 2
720 455
1 10 2
719 612
1 11 2
101 198
1 15 2
678 750
1 4 2
754 163
1 15 2
794 677
1 5 2
470 549
1 6 2
91 472
1 11 2
263 345
1 13 2
556 497
1 7 2
458 445
1 12 2
316 739
1 12 2
338 594
1 5 2
496 109
1 4 2
150 668
1 12 2
241 509
1 3 2
271 123
1 2 2
770 397
1 14 2
601 133
1 8 2
197 145
1 6 2
713 538
1 6 2
559 795
1 6 2
172 307
1 6 2
101 403
1 10 2
778 529
1 5 2
532 246
1 8 2
81 370
1 8 2
636 274
1 4 2
519 29
1 2 2
186 361
1 12 2
189 441
1 12 2
666 788
1 7 2
196 27
1 15 2
51 707
1 9 2
666 531
1 12 2
203 219
1 12 2
203 306
1 15 2
121 552
1 14 2
338 367
1 13 2
649 296
1 10 2
103 155
1 9 2
438 341
1 7 2
600 251
1 11 2
276 532
1 11 2
649 254
1 7 2
745 488
1 9 2
295 296
1 15 2
297 102
1 13 2
612 358
1 10 2
750 774
1 13 2
357 51
1 6 2
620 81
1 15 2
686 271
1 7 2
204 259
1 14 2
471 485
1 11 2
131 428
1 15 2
527 499
1 8 2
528 93
1 8 2
477 215
1 10 2
264 100
1 8 2
500 375
1 4 2
495 256
1 15 2
92 795
1 2 2
245 560
1 14 2
439 340
1 14 2
2 767
1 6 2
738 545
1 2 2
424 146
1 14 2
620 757
1 2 2
74 62
1 8 2
65 282
1 3 2
568 116
1 13 2
134 507
1 5 2
193 217
1 9 2
514 630
1 6 2
572 300
1 11 2
366 240
1 2 2
373 497
1 15 2
781 485
1 12 2
768 153
1 8 2
266 54
1 5 2
773 645
1 5 2
47 174
1 11 2
166 14
1 4 2
342 599
1 10 2
592 503
1 8 2
730 191
1 15 2
744 328
1 11 2
764 523
1 12 2
687 61
1 4 2
788 519
1 9 2
67 516
1 13 2
460 184
1 5 2
24 460
1 3 2
689 314
1 4 2
216 447
1 12 2
622 647
1 13 2
626 746
1 13 2
666 630
1 6 2
491 268
1 5 2
522 240
1 11 2
321 112
1 4 2
204 279
1 14 2
435 410
1 11 2
395 702
1 10 2
109 652
1 7 2
60 214
1 5 2
626 600
1 10 2
722 794
1 3 2
767 243
1 2 2
15 297
1 13 2
646 382
1 6 2
317 277
1 13 2
11 128
1 8 2
329 189
1 15 2
294 276
1 13 2
118 61
1 15 2
99 8
1 9 2
580 266
1 13 2
758 328
1 14 2
331 124
1 7 2
608 122
1 12 2
563 33
1 11 2
432 514
1 4 2
400 422
1 9 2
85 90
1 15 2
610 746
1 6 2
275 498
1 15 2
42 353
1 12 2
591 1
1 10 2
468 422
1 15 2
496 567
1 6 2
400 30
1 4 2
84 72
1 5 2
141 634
1 9 2
498 72
1 6 2
160 377
1 12 2
510 59
1 10 2
379 15
1 12 2
263 727
1 15 2
771 513
1 2 2
539 48
1 14 2
633 137
1 7 2
129 249
1 2 2
590 264
1 10 2
617 737
1 15 2
794 249
1 6 2
506 66
1 12 2
441 678
1 2 2
687 598
1 4 2
202 100
1 2 2
359 778
1 13 2
30 87
1 12 2
662 720
1 8 2
336 249
1 7 2
430 281
1 9 2
254 406
1 5 2
79 192
1 2 2
19 507
1 10 2
110 378
1 3 2
207 718
1 14 2
56 439
1 14 2
464 750
1 9 2
38 471
1 5 2
153 792
1 3 2
450 386
1 6 2
654 5
1 8 2
778 553
1 10 2
632 33
1 3 2
779 323
1 11 2
709 269
1 11 2
571 151
1 12 2
21 107
1 11 2
93 296
1 12 2
500 746
1 11 2
450 732
1 10 2
520 599
1 12 2
160 135
1 14 2
151 132
1 8 2
208 356
1 7 2
642 62
1 13 2
742 509
1 14 2
65 187
1 10 2
657 684
1 9 2
233 581
1 8 2
158 196
1 8 2
399 290
1 4 2
540 496
1 9 2
501 39
1 8 2
57 531
1 9 2
746 514
1 7 2
150 387
1 5 2
286 489
1 15 2
343 619
1 4 2
715 436
1 11 2
496 429
1 10 2
763 661
1 12 2
199 644
1 5 2
653 298
1 2 2
30 215
1 8 2
452 405
1 15 2
279 394
1 11 2
27 361
1 12 2
318 50
1 3 2
444 548
1 10 2
449 69
1 11 2
76 455
1 14 2
717 277
1 3 2
258 83
1 6 2
579 24
1 3 2
48 112
1 8 2
556 621
1 13 2
795 264
1 2 2
78 5
1 9 2
31 344
1 14 2
756 404
1 15 2
429 766
1 13 2
569 30
1 15 2
749 220
1 8 2
446 343
1 14 2
697 287
1 11 2
455 581
1 15 2
165 618
1 4 2
716 227
1 2 2
13 86
1 10 2
332 657
1 12 2
567 494
1 3 2
729 651
1 6 2
662 408
1 2 2
172 773
1 13 2
712 721
1 14 2
615 222
1 4 2
763 208
1 9 2
501 736
1 11 2
118 221
1 15 2
303 666
1 4 2
374 579
1 15 2
269 323
1 15 2
364 180
1 10 2
172 223
1 6 2
523 292
1 14 2
423 652
1 6 2
229 558
1 4 2
726 68
1 5 2
699 80
1 3 2
38 708
1 15 2
424 644
1 2 2
115 465
1 7 2
125 775
1 6 2
798 402
1 8 2
73 384
1 2 2
74 194
1 10 2
387 363
1 6 2
423 538
1 2 2
489 14
1 10 2
440 720
1 5 2
332 456
1 10 2
393 3
1 11 2
116 126
1 9 2
250 385
1 4 2
737 296
1 14 2
31 38
1 2 2
98 545
1 12 2
540 414
1 12 2
173 698
1 3 2
32 683
1 13 2
741 101
1 6 2
354 381
1 8 2
422 123
1 8 2
356 173
1 5 2
430 721
1 5 2
533 382
1 7 2
532 646
1 13 2
467 419
1 8 2
717 444
1 4 2
682 551
1 6 2
765 109
1 13 2
149 672
1 7 2
741 149
1 4 2
650 431
1 8 2
684 217
1 3 2
671 273
1 14 2
355 17
1 11 2
491 619
1 10 2
233 593
1 7 2
29 776
1 15 2
764 500
1 2 2
797 5
1 7 2
668 651
1 9 2
284 250
1 15 2
705 227
1 4 2
468 489
1 9 2
135 130
1 15 2
383 136
1 11 2
361 184
1 15 2
704 721
1 3 2
133 298
1 7 2
165 86
1 14 2
493 359
1 2 2
662 384
1 9 2
385 29
1 5 2
195 711
1 5 2
82 429
1 5 2
636 354
1 3 2
780 108
1 8 2
492 38
1 12 2
467 401
1 3 2
110 101
1 4 2
370 2
1 12 2
184 494
1 11 2
436 732
1 4 2
168 148
1 14 2
673 655
1 10 2
520 164
1 14 2
238 26
1 14 2
181 768
1 15 2
278 2
1 3 2
668 675
1 12 2
577 545
1 10 2
426 646
1 6 2
507 186
1 8 2
340 577
1 11 2
521 476
1 13 2
433 799
1 9 2
141 325
1 13 2
334 220
1 6 2
789 386
1 6 2
699 744
1 11 2
500 570
1 6 2
391 753
1 15 2
443 213
1 13 2
365 299
1 14 2
499 134
1 4 2
425 388
1 2 2
631 391
1 15 2
531 162
1 10 2
364 14
1 4 2
52 246
1 3 2
677 213
1 4 2
736 566
1 9 2
796 345
1 5 2
428 251
1 14 2
256 774
1 14 2
309 94
1 9 2
797 659
1 7 2
90 739
1 15 2
520 256
1 2 2
227 76
1 12 2
330 462
1 11 2
596 80
1 8 2
181 108
1 2 2
200 777
1 5 2
402 679
1 3 2
195 650
1 15 2
524 719
1 6 2
85 728
1 4 2
34 22
1 6 2
106 750
1 12 2
508 495
1 6 2
463 143
1 9 2
2 580
1 4 2
233 519
1 3 2
189 370
1 15 2
154 276
1 4 2
630 270
1 11 2
566 486
1 4 2
260 628
1 14 2
350 799
1 5 2
482 267
1 8 2
88 164
1 14 2
386 622
1 10 2
512 83
1 15 2
553 182
1 5 2
343 299
1 9 2
713 710
1 14 2
379 236
1 5 2
624 747
1 15 2
62 351
1 13 2
615 677
1 3 2
476 416
1 5 2
150 452
1 2 2
378 689
1 15 2
641 103
1 7 2
660 323
1 8 2
702 134
1 6 2
440 554
1 5 2
293 253
1 12 2
392 408
1 9 2
57 493
1 5 2
7 692
1 6 2
311 193
1 6 2
797 278
1 9 2
22 363
1 6 2
515 148
1 5 2
704 162
1 6 2
592 636
1 7 2
720 474
1 7 2
114 55
1 15 2
779 586
1 13 2
731 452
1 6 2
162 131
1 2 2
42 44
1 8 2
341 457
1 14 2
370 313
1 15 2
45 770
1 13 2
341 529
1 11 2
231 278
1 5 2
13 728
1 9 2
34 28
1 3 2
642 508
1 12 2
101 532
1 9 2
44 418
1 9 2
348 242
1 5 2
650 109
1 9 2
484 733
1 4 2
82 334
1 14 2
760 235
1 4 2
50 20
1 15 2
15 485
1 3 2
217 734
1 4 2
80 443
1 14 2
304 365
1 12 2
209 476
1 9 2
448 796
1 2 2
511 699
1 3 2
604 23
1 4 2
622 310
1 12 2
292 462
1 15 2
314 674
1 2 2
773 182
1 12 2
626 107
1 5 2
252 9
1 12 2
629 98
1 2 2
688 362
1 8 2
525 393
1 2 2
89 98
1 3 2
561 294
1 5 2
266 351
1 9 2
169 551
1 12 2
551 345
1 14 2
426 415
1 6 2
724 96
1 12 2
32 106
1 2 2
585 49
1 3 2
40 23
1 11 2
219 57
1 9 2
2 277
1 15 2
184 257
1 10 2
711 636
1 6 2
276 170
1 5 2
384 289
1 5 2
161 543
1 8 2
586 42
1 6 2
590 241
1 3 2
595 95
1 13 2
403 294
1 3 2
174 758
1 7 2
395 505
1 13 2
158 301
1 10 2
94 662
1 8 2
282 555
1 10 2
108 453
1 6 2
55 258
1 11 2
22 726
1 10 2
796 658
1 2 2
621 667
1 14 2
144 786
1 11 2
260 652
1 11 2
202 681
1 2 2
48 590
1 5 2
721 667
1 11 2
679 582
1 4 2
184 244
1 5 2
183 652
1 2 2
752 117
1 4 2
254 712
1 13 2
179 180
1 8 2
582 456
1 9 2
629 585
1 11 2
270 316
1 10 2
131 290
1 12 2
584 779
1 7 2
639 176
1 8 2
470 696
1 4 2
465 778
1 3 2
80 691
1 13 2
286 508
1 5 2
287 739
1 9 2
516 752
1 8 2
543 470
1 10 2
433 798
1 3 2
534 627
1 13 2
359 60
1 7 2
166 230
1 4 2
300 251
1 13 2
276 141
1 4 2
472 631
1 4 2
161 619
1 11 2
375 312
1 6 2
641 143
1 12 2
564 268
1 2 2
218 493
1 13 2
253 190
1 15 2
703 344
1 2 2
72 215
1 14 2
629 641
1 6 2
746 533
1 2 2
306 255
1 2 2
521 633
1 11 2
5 336
1 3 2
587 187
1 4 2
589 613
1 15 2
99 505
1 6 2
17 584
1 9 2
505 121
1 11 2
282 110
1 9 2
732 442
1 7 2
378 612
1 6 2
61 151
1 14 2
430 401
1 3 2
753 729
1 15 2
56 293
1 10 2
77 187
1 14 2
481 552
1 11 2
101 439
1 6 2
64 640
1 12 2
391 213
1 2 2
486 205
1 9 2
22 101
1 14 2
34 697
1 10 2
247 393
1 12 2
588 430
1 9 2
220 600
1 9 2
533 458
1 9 2
347 473
1 7 2
186 423
1 12 2
187 353
1 10 2
234 302
1 3 2
448 750
1 3 2
498 199
1 9 2
593 72
1 8 2
462 757
1 7 2
215 549
1 14 2
311 720
1 12 2
436 570
1 7 2
171 451
1 11 2
687 336
1 3 2
511 696
1 4 2
487 78
1 10 2
38 117
1 6 2
457 644
1 3 2
606 501
1 13 2
634 790
1 11 2
87 427
1 10 2
317 162
1 5 2
695 702
1 8 2
752 223
1 6 2
164 709
1 3 2
742 300
1 5 2
539 497
1 6 2
602 12
1 14 2
379 3
1 3 2
670 37
1 12 2
786 386
1 10 2
462 636
1 12 2
384 403
1 5 2
461 500
1 9 2
705 396
1 14 2
622 393
1 14 2
109 630
1 11 2
668 12
1 10 2
351 795
1 5 2
594 310
1 10 2
781 567
1 7 2
249 445
1 2 2
437 375
1 15 2
732 81
1 11 2
20 84
1 5 2
308 67
1 8 2
395 564
1 9 2
606 616
1 10 2
152 628
1 14 2
80 633
1 6 2
474 295
1 10 2
29 448
1 7 2
140 25
1 11 2
74 241
1 4 2
608 67
1 13 2
291 699
1 3 2
73 18
1 9 2
6 329
1 8 2
234 631
1 7 2
365 373
1 11 2
770 411
1 11 2
3 90
1 8 2
459 599
1 13 2
703 765
1 12 2
574 24
1 10 2
740 22
1 2 2
458 749
1 5 2
106 315
1 10 2
234 612
1 13 2
426 639
1 14 2
497 317
1 10 2
410 140
1 15 2
88 223
1 4 2
503 114
1 11 2
350 186
1 12 2
422 415
1 10 2
486 305
1 4 2
433 606
1 3 2
619 116
1 6 2
419 501
1 2 2
429 329
1 12 2
329 676
1 9 2
212 672
1 13 2
526 207
1 5 2
562 739
1 8 2
408 243
1 11 2
649 429
1 14 2
193 308
1 9 2
419 198
1 8 2
161 379
1 6 2
767 40
1 6 2
756 28
1 7 2
55 166
1 9 2
450 248
1 8 2
226 224
1 4 2
48 241
1 10 2
787 188
1 11 2
450 34
1 3 2
350 275
1 3 2
399 269
1 11 2
512 504
1 12 2
537 231
1 11 2
486 546
1 4 2
526 392
1 12 2
576 194
1 9 2
601 110
1 8 2
500 599
1 11 2
266 585
1 11 2
240 576
1 11 2
661 451
1 7 2
750 484
1 7 2
200 683
1 8 2
707 250
1 2 2
153 90
1 2 2
257 204
1 3 2
49 226
1 5 2
367 466
1 2 2
212 434
1 9 2
87 58
1 11 2
686 570
1 8 2
341 18
1 2 2
502 620
1 11 2
670 528
1 6 2
390 574
1 15 2
290 114
1 6 2
170 672
1 4 2
292 393
1 8 2
657 557
1 7 2
76 792
1 4 2
394 502
1 3 2
103 355
1 12 2
148 324
1 6 2
240 365
1 9 2
552 385
1 13 2
477 609
1 7 2
489 468
1 6 2
385 244
1 6 2
419 443
1 14 2
75 284
1 9 2
426 696
1 3 2
116 469
1 2 2
368 400
1 12 2
501 571
1 14 2
621 330
1 13 2
640 493
1 3 2
1 531
1 7 2
592 552
1 13 2
176 701
1 14 2
89 324
1 5 2
310 708
1 5 2
653 106
1 15 2
238 411
1 4 2
231 95
1 12 2
472 547
1 11 2
621 654
1 2 2
325 199
1 3 2
107 341
1 6 2
728 470
1 14 2
273 614
1 2 2
326 532
1 4 2
331 140
1 10 2
741 40
1 3 2
118 1
1 6 2
767 333
1 14 2
458 210
1 4 2
281 141
1 8 2
199 579
1 9 2
776 20
1 8 2
543 246
1 9 2
120 383
1 15 2
128 637
1 6 2
433 256
1 7 2
441 648
1 8 2
142 218
1 9 2
176 752
1 4 2
316 4
1 2 2
422 401
1 5 2
151 638
1 6 2
627 586
1 2 2
93 379
1 13 2
799 250
1 13 2
242 650
1 11 2
25 590
1 10 2
33 416
1 10 2
303 771
1 12 2
357 209
1 15 2
777 111
1 10 2
252 155
1 7 2
71 401
1 4 2
409 672
1 3 2
619 108
1 10 2
141 30
1 7 2
765 351
1 14 2
751 499
1 13 2
637 138
1 2 2
703 557
1 4 2
107 544
1 7 2
64 621
1 9 2
487 177
1 10 2
8 316
1 12 2
130 646
1 6 2
430 647
1 5 2
584 738
1 11 2
287 65
1 7 2
284 714
1 13 2
387 115
1 4 2
636 107
1 6 2
356 627
1 4 2
409 383
1 13 2
613 377
1 9 2
319 612
1 13 2
365 224
1 14 2
65 497
1 13 2
365 425
1 8 2
523 383
1 7 2
160 213
1 9 2
58 774
1 13 2
518 281
1 2 2
687 482
1 6 2
309 426
1 2 2
147 8
1 7 2
209 10
1 15 2
572 156
1 14 2
281 149
1 4 2
162 375
1 5 2
693 461
1 4 2
647 797
1 7 2
730 127
1 11 2
730 99
1 10 2
423 269
1 4 2
393 350
1 10 2
452 389
1 5 2
737 730
1 15 2
39 423
1 11 2
579 114
1 8 2
665 727
1 14 2
585 593
1 3 2
402 346
1 5 2
755 478
1 5 2
12 674
1 14 2
494 158
1 12 2
96 595
1 9 2
700 535
1 12 2
135 117
1 10 2
561 190
1 5 2
309 199
1 9 2
571 220
1 14 2
290 366
1 7 2
589 707
1 2 2
704 588
1 4 2
439 562
1 14 2
10 443
1 15 2
233 308
1 4 2
449 315
1 7 2
593 318
1 8 2
27 139
1 2 2
643 156
1 15 2
763 684
1 15 2
366 65
1 6 2
35 256
1 2 2
328 469
1 9 2
48 510
1 11 2
237 346
1 14 2
620 398
1 7 2
31 502
1 8 2
98 518
1 14 2
447 54
1 14 2
244 754
1 13 2
102 684
1 15 2
8 470
1 11 2
490 280
1 4 2
623 316
1 10 2
77 714
1 13 2
249 338
1 13 2
695 12
1 3 2
570 702
1 3 2
41 660
1 14 2
333 667
1 14 2
695 149
1 15 2
167 309
1 6 2
124 497
1 4 2
16 717
1 2 2
466 692
1 10 2
647 219
1 15 2
112 16
1 13 2
31 491
1 6 2
512 749
1 7 2
306 122
1 5 2
113 208
1 14 2
591 558
1 15 2
600 597
1 12 2
41 462
1 14 2
27 110
1 10 2
787 791
1 8 2
162 85
1 11 2
766 38
1 9 2
48 653
1 10 2
432 535
1 10 2
81 590
1 6 2
266 491
1 14 2
494 726
1 4 2
425 747
1 9 2
459 276
1 9 2
113 144
1 12 2
788 512
1 9 2
309 747
1 11 2
88 537
1 10 2
543 203
1 10 2
594 589
1 5 2
746 382
1 7 2
754 744
1 2 2
114 219
1 5 2
22 658
1 7 2
538 376
1 5 2
758 575
1 13 2
648 238
1 5 2
481 798
1 2 2
221 166
1 12 2
135 770
1 6 2
722 657
1 4 2
343 420
1 7 2
513 711
1 12 2
137 652
1 11 2
118 683
1 13 2
26 776
1 8 2
584 320
1 11 2
259 636
1 6 2
48 301
1 10 2
243 323
1 10 2
440 297
1 3 2
645 33
1 10 2
326 258
1 6 2
32 140
1 7 2
569 491
1 12 2
410 403
1 6 2
364 358
1 14 2
261 162
1 3 2
483 254
1 13 2
430 768
1 14 2
542 466
1 4 2
249 326
1 8 2
300 638
1 6 2
687 408
1 4 2
470 437
1 8 2
512 134
1 11 2
347 320
1 5 2
126 628
1 12 2
321 778
1 5 2
145 433
1 15 2
2 73
1 9 2
274 157
1 9 2
74 642
1 6 2
287 77
1 14 2
526 471
1 12 2
799 69
1 9 2
54 707
1 13 2
92 354
1 15 2
110 708
1 6 2
760 35
1 15 2
212 383
1 7 2
664 688
1 9 2
103 212
1 2 2
13 590
1 6 2
617 63
1 3 2
367 590
1 9 2
533 436
1 8 2
769 134
1 12 2
278 34
1 11 2
262 390
1 5 2
10 457
1 4 2
568 349
1 4 2
662 585
1 6 2
490 773
1 2 2
791 729
1 2 2
565 141
1 4 2
752 668
1 4 2
256 225
1 3 2
55 332
1 11 2
646 304
1 13 2
471 411
1 11 2
187 114
1 13 2
235 187
1 7 2
171 728
1 9 2
285 393
1 5 2
66 119
1 7 2
611 787
1 12 2
311 239
1 12 2
375 781
1 6 2
59 630
1 12 2
47 451
1 11 2
489 84
1 11 2
34 663
1 13 2
119 120
1 10 2
106 595
1 5 2
4 500
1 11 2
143 280
1 6 2
751 571
1 2 2
362 589
1 3 2
81 699
1 9 2
728 744
1 7 2
659 793
1 13 2
654 378
1 13 2
184 325
1 10 2
285 640
1 6 2
490 754
1 3 2
161 194
1 13 2
634 742
1 12 2
537 323
1 8 2
118 60
1 8 2
229 327
1 10 2
228 49
1 3 2
511 297
1 9 2
578 340
1 10 2
333 792
1 13 2
128 595
1 6 2
77 356
1 3 2
212 444
1 10 2
32 98
1 9 2
419 597
1 8 2
279 0
1 9 2
621 759
1 5 2
547 53
1 12 2
689 517
1 5 2
500 205
1 14 2
547 533
1 4 2
748 738
1 10 2
659 620
1 5 2
351 432
1 11 2
459 622
1 3 2
447 696
1 15 2
249 361
1 15 2
559 727
1 8 2
725 637
1 5 2
316 614
1 9 2
470 251
1 11 2
693 232
1 12 2
477 743
1 15 2
620 430
1 9 2
493 200
1 3 2
773 481
1 12 2
411 530
1 11 2
557 336
1 7 2
299 564
1 14 2
401 377
1 14 2
429 420
1 15 2
745 135
1 5 2
56 717
1 12 2
564 499
1 9 2
65 314
1 13 2
773 382
1 11 2
794 246
1 14 2
125 457
1 11 2
222 223
1 11 2
628 693
1 7 2
750 3
1 9 2
52 610
1 11 2
61 66
1 7 2
650 410
1 12 2
325 205
1 10 2
434 689
1 12 2
201 213
1 4 2
405 315
1 12 2
773 123
1 10 2
74 348
1 5 2
36 202
1 7 2
492 64
1 9 2
256 439
1 11 2
329 388
1 15 2
84 306
1 14 2
29 414
1 9 2
58 341
1 8 2
252 137
1 6 2
280 533
1 15 2
260 588
1 8 2
16 742
1 3 2
617 172
1 4 2
403 85
1 13 2
173 781
1 8 2
758 521
1 3 2
747 213
1 5 2
448 414
1 6 2
764 318
1 9 2
1 173
1 5 2
710 527
1 5 2
663 237
1 14 2
714 495
1 10 2
178 287
1 2 2
698 494
1 5 2
510 790
1 8 2
65 632
1 5 2
431 663
1 6 2
730 235
1 14 2
280 497
1 14 2
377 313
1 6 2
56 89
1 11 2
277 571
1 7 2
459 86
1 5 2
615 134
1 3 2
183 586
1 11 2
540 624
1 13 2
344 213
1 2 2
242 145
1 8 2
407 379
1 14 2
41 660
1 8 2
479 318
1 10 2
19 765
1 15 2
85 711
1 14 2
700 569
1 8 2
388 429
1 6 2
605 770
1 14 2
209 225
1 11 2
430 20
1 10 2
528 380
1 6 2
362 675
1 9 2
537 249
1 12 2
297 763
1 5 2
396 513
1 7 2
346 577
1 4 2
319 178
1 15 2
457 92
1 14 2
398 266
1 2 2
368 271
1 4 2
649 312
1 8 2
77 98
1 2 2
384 324
1 5 2
724 648
1 2 2
461 460
1 12 2
82 532
1 3 2
487 645
1 5 2
622 795
1 3 2
139 89
1 2 2
281 262
1 6 2
224 436
1 6 2
586 398
1 9 2
694 31
1 5 2
476 394
1 10 2
224 60
1 9 2
44 247
1 13 2
301 492
1 6 2
322 35
1 8 2
716 44
1 13 2
686 237
1 11 2
455 627
1 6 2
153 350
1 7 2
633 293
1 11 2
270 178
1 10 2
612 707
1 14 2
277 547
1 11 2
85 291
1 12 2
693 617
1 5 2
338 733
1 3 2
554 91
1 13 2
728 288
1 8 2
396 729
1 5 2
421 470
1 12 2
442 496
1 7 2
204 636
1 15 2
161 59
1 10 2
705 741
1 8 2
62 592
1 12 2
731 117
1 5 2
78 737
1 14 2
522 793
1 2 2
581 192
1 8 2
228 592
1 14 2
545 441
1 9 2
785 708
1 9 2
734 261
1 8 2
391 168
1 14 2
737 562
1 8 2
634 38
1 14 2
655 613
1 5 2
85 390
1 14 2
314 279
1 5 2
646 652
1 4 2
349 491
1 9 2
716 76
1 10 2
267 317
1 2 2
216 287
1 4 2
629 332
1 4 2
214 490
1 4 2
374 517
1 11 2
770 393
1 6 2
423 712
1 5 2
351 228
1 6 2
668 202
1 7 2
100 601
1 5 2
212 189
1 4 2
508 169
1 7 2
560 672
1 14 2
18 326
1 12 2
259 492
1 9 2
27 39
1 12 2
326 710
1 9 2
340 792
1 9 2
337 26
1 10 2
216 668
1 15 2
405 195
1 5 2
378 745
1 4 2
168 55
1 6 2
671 218
1 15 2
288 480
1 10 2
51 581
1 12 2
392 266
1 9 2
778 600
1 5 2
133 327
1 10 2
130 777
1 6 2
319 101
1 12 2
148 375
1 4 2
516 640
1 10 2
504 694
1 3 2
395 455
1 13 2
758 229
1 9 2
130 336
1 3 2
97 391
1 5 2
440 372
1 7 2
125 265
1 6 2
552 364
1 11 2
617 433
1 7 2
741 579
1 7 2
90 363
1 3 2
68 262
1 10 2
103 614
1 10 2
370 193
1 5 2
211 763
1 12 2
126 391
1 11 2
169 32
1 8 2
295 454
1 6 2
708 691
1 10 2
571 242
1 3 2
467 193
1 7 2
784 743
1 3 2
699 372
1 7 2
58 98
1 7 2
714 700
1 11 2
512 174
1 15 2
414 653
1 2 2
341 613
1 14 2
286 723
1 6 2
645 718
1 9 2
440 377
1 2 2
552 249
1 10 2
253 242
1 15 2
776 133
1 3 2
516 534
1 8 2
242 224
1 7 2
541 421
1 8 2
780 751
1 11 2
750 65
1 13 2
353 472
1 6 2
570 645
1 12 2
425 586
1 6 2
544 0
1 5 2
70 8
1 7 2
267 696
1 12 2
463 441
1 5 2
773 263
1 9 2
548 694
1 13 2
636 691
1 3 2
558 537
1 6 2
703 723
1 4 2
789 227
1 8 2
83 118
1 15 2
563 285
1 10 2
132 516
1 6 2
686 274
1 12 2
618 297
1 6 2
322 464
1 5 2
73 552
1 3 2
233 367
1 11 2
566 555
1 15 2
176 47
1 6 2
775 50
1 6 2
588 234
1 8 2
714 528
1 14 2
461 524
1 4 2
187 25
1 10 2
27 430
1 11 2
268 415
1 9 2
288 60
1 6 2
599 679
1 8 2
193 228
1 7 2
237 40
1 3 2
228 571
1 5 2
590 42
1 8 2
193 346
1 13 2
670 76
1 3 2
442 263
1 12 2
305 304
1 3 2
65 399
1 2 2
567 236
1 13 2
688 18
1 5 2
650 232
1 8 2
331 507
1 2 2
451 467
1 11 2
75 210
1 14 2
683 277
1 2 2
487 775
1 13 2
768 505
1 8 2
633 15
1 2 2
346 726
1 14 2
686 650
1 10 2
284 697
1 3 2
374 139
1 11 2
426 242
1 4 2
621 698
1 8 2
94 219
1 2 2
155 755
1 9 2
170 532
1 15 2
304 723
1 4 2
193 281
1 8 2
382 102
1 8 2
374 162
1 6 2
40 515
1 14 2
154 51
1 7 2
215 231
1 13 2
185 605
1 4 2
518 506
1 4 2
64 519
1 11 2
230 574
1 15 2
281 212
1 11 2
111 152
1 10 2
264 662
1 12 2
595 278
1 15 2
793 230
1 8 2
592 321
1 11 2
122 129
1 7 2
587 123
1 13 2
265 394
1 2 2
146 750
1 6 2
245 595
1 14 2
312 427
1 6 2
337 496
1 9 2
597 583
1 5 2
726 262
1 8 2
84 224
1 9 2
186 218
1 12 2
224 557
1 7 2
12 234
1 8 2
234 93
1 12 2
90 622
1 14 2
610 784
1 10 2
437 594
1 4 2
642 253
1 6 2
530 644
1 9 2
469 390
1 2 2
349 288
1 12 2
277 746
1 11 2
280 282
1 8 2
403 260
1 11 2
707 683
1 7 2
625 284
1 6 2
489 220
1 10 2
490 682
1 12 2
333 628
1 6 2
662 560
1 10 2
567 109
1 2 2
658 145
1 12 2
568 25
1 9 2
654 202
1 15 2
780 561
1 15 2
433 783
1 4 2
95 191
1 13 2
146 104
1 6 2
487 299
1 4 2
115 154
1 14 2
392 101
1 10 2
674 565
1 4 2
134 285
1 8 2
190 474
1 4 2
295 496
1 12 2
313 519
1 5 2
246 607
1 13 2
373 146
1 6 2
567 421
1 3 2
689 249
1 8 2
281 47
1 14 2
580 610
1 6 2
638 782
1 15 2
690 124
1 14 2
763 157
1 6 2
278 690
1 7 2
88 159
1 9 2
782 184
1 2 2
310 261
1 11 2
129 731
1 14 2
286 491
1 9 2
196 589
1 9 2
1 677
1 8 2
259 770
1 15 2
794 188
1 4 2
636 725
1 6 2
391 501
1 13 2
606 245
1 9 2
256 75
1 10 2
292 14
1 8 2
592 583
1 6 2
756 661
1 9 2
177 240
1 4 2
505 549
1 9 2
515 12
1 4 2
606 605
1 13 2
515 34
1 11 2
99 497
1 8 2
557 237
1 13 2
597 354
1 13 2
611 133
1 13 2
601 130
1 14 2
411 432
1 12 2
625 286
1 14 2
676 274
1 9 2
350 147
1 5 2
19 416
1 9 2
28 274
1 9 2
258 148
1 7 2
53 646
1 10 2
85 717
1 4 2
37 103
1 4 2
391 763
1 9 2
112 707
1 8 2
247 651
1 15 2
354 235
1 3 2
633 618
1 5 2
386 204
1 15 2
198 20
1 15 2
440 774
1 13 2
761 445
1 12 2
209 434
1 13 2
794 619
1 11 2
157 380
1 14 2
468 568
1 13 2
637 118
1 14 2
382 578
1 13 2
480 521
1 7 2
394 519
1 5 2
294 358
1 10 2
596 790
1 2 2
296 472
1 11 2
569 506
1 14 2
431 492
1 14 2
757 196
1 8 2
125 413
1 4 2
389 136
1 11 2
353 301
1 12 2
719 402
1 14 2
317 79
1 3 2
42 653
1 7 2
38 199
1 2 2
239 642
1 9 2
519 761
1 14 2
251 548
1 2 2
564 266
1 15 2
589 613
1 11 2
287 314
1 7 2
486 322
1 2 2
487 660
1 13 2
383 182
1 9 2
313 148
1 10 2
446 2
1 10 2
671 593
1 10 2
191 251
1 9 2
223 188
1 12 2
629 238
1 11 2
563 676
1 7 2
267 307
1 15 2
786 679
1 7 2
477 238
1 6 2
610 522
1 9 2
96 305
1 9 2
388 592
1 12 2
578 786
1 9 2
289 741
1 9 2
760 112
1 15 2
672 497
1 11 2
151 706
1 11 2
176 21
1 15 2
417 439
1 8 2
740 151
1 2 2
433 675
1 11 2
530 386
1 6 2
676 566
1 14 2
339 739
1 3 2
313 474
1 8 2
212 227
1 12 2
311 758
1 10 2
155 602
1 6 2
395 742
1 10 2
508 57
1 6 2
306 293
1 12 2
757 475
1 15 2
753 142
1 12 2
705 98
1 5 2
332 434
1 8 2
182 260
1 15 2
79 434
1 2 2
595 710
1 7 2
496 9
1 11 2
645 111
1 13 2
424 115
1 7 2
6 348
1 12 2
296 741
1 2 2
93 678
1 12 2
610 781
1 5 2
691 302
1 13 2
85 418
1 15 2
208 434
1 14 2
506 688
1 15 2
46 319
1 14 2
414 153
1 8 2
83 395
1 15 2
143 449
1 11 2
252 679
1 12 2
338 350
1 11 2
99 686
1 8 2
318 158
1 8 2
100 456
1 11 2
420 751
1 9 2
754 745
1 12 2
762 67
1 10 2
799 278
1 3 2
526 361
1 4 2
546 378
1 4 2
609 350
1 9 2
465 490
1 14 2
710 90
1 8 2
84 167
1 14 2
713 618
1 8 2
499 569
1 2 2
647 25
1 2 2
536 389
1 8 2
136 461
1 4 2
582 789
1 5 2
225 157
1 13 2
420 41
1 4 2
390 403
1 15 2
483 320
1 14 2
794 638
1 14 2
485 366
1 8 2
733 498
1 15 2
536 47
1 10 2
51 649
1 3 2
192 749
1 12 2
89 505
1 5 2
696 255
1 3 2
425 15
1 6 2
482 203
1 13 2
585 169
1 7 2
332 557
1 14 2
199 576
1 15 2
446 67
1 12 2
11 388
1 10 2
776 43
1 8 2
515 279
1 11 2
603 597
1 9 2
31 746
1 3 2
0 721
1 6 2
481 588
1 3 2
193 439
1 9 2
381 569
1 13 2
759 698
1 13 2
748 212
1 10 2
439 401
1 12 2
57 574
1 8 2
434 314
1 15 2
313 332
1 10 2
263 344
1 5 2
11 616
1 5 2
699 305
1 6 2
328 484
1 9 2
513 706
1 8 2
405 567
1 6 2
469 447
1 15 2
47 171
1 4 2
270 730
1 9 2
332 42
1 11 2
707 698
1 10 2
690 425
1 13 2
357 503
1 9 2
529 725
1 10 2
761 754
1 14 2
716 525
1 7 2
535 363
1 12 2
776 692
1 7 2
23 376
1 14 2
19 366
1 15 2
356 131
1 8 2
669 481
1 6 2
557 558
1 5 2
767 554
1 5 2
200 796
1 9 2
194 220
1 8 2
486 797
1 8 2
543 352
1 7 2
767 618
1 3 2
361 691
1 11 2
148 340
1 9 2
202 762
1 3 2
216 161
1 12 2
165 426
1 2 2
672 110
1 4 2
577 275
1 4 2
329 359
1 11 2
189 112
1 8 2
394 370
1 15 2
653 588
1 9 2
240 659
1 10 2
497 265
1 10 2
360 69
1 13 2
616 382
1 5 2
564 480
1 11 2
738 5
1 5 2
225 485
1 11 2
241 51
1 10 2
618 763
1 13 2
359 659
1 12 2
491 409
1 5 2
701 233
1 5 2
641 287
1 13 2
317 51
1 8 2
671 136
1 5 2
326 402
1 13 2
361 493
1 8 2
341 642
1 7 2
564 499
1 10 2
571 738
1 7 2
297 775
1 3 2
790 716
1 10 2
647 94
1 11 2
544 532
1 2 2
538 682
1 3 2
15 86
1 5 2
771 152
1 12 2
545 223
1 8 2
198 769
1 4 2
85 38
1 3 2
78 689
1 9 2
414 40
1 7 2
562 541
1 7 2
791 93
1 5 2
452 508
1 2 2
31 457
1 13 2
237 328
1 15 2
695 489
1 12 2
643 409
1 12 2
273 44
1 8 2
463 416
1 9 2
249 567
1 11 2
80 780
1 5 2
525 393
1 3 2
693 563
1 14 2
190 8
1 14 2
29 380
1 15 2
368 537
1 2 2
106 64
1 14 2
391 278
1 9 2
139 571
1 7 2
158 68
1 13 2
351 210
1 3 2
386 717
1 13 2
409 407
1 11 2
560 710
1 4 2
364 192
1 10 2
711 689
1 10 2
577 232
1 14 2
128 641
1 15 2
61 2
1 6 2
775 0
1 12 2
53 559
1 9 2
409 566
1 8 2
726 155
1 15 2
132 257
1 8 2
233 208
1 15 2
178 590
1 2 2
795 182
1 8 2
49 627
1 14 2
587 227
1 3 2
597 283
1 10 2
90 530
1 5 2
626 485
1 2 2
650 550
1 4 2
514 675
1 14 2
686 709
1 14 2
713 560
1 12 2
292 518
1 6 2
178 124
1 8 2
577 192
1 13 2
454 184
1 7 2
579 653
1 7 2
111 502
1 9 2
322 194
1 10 2
57 393
1 2 2
290 293
1 2 2
17 221
1 7 2
731 321
1 2 2
482 793
1 4 2
718 218
1 11 2
177 763
1 3 2
662 253
1 10 2
312 692
1 9 2
670 309
1 6 2
792 479
1 5 2
332 501
1 14 2
797 510
1 14 2
319 262
1 6 2
477 761
1 4 2
189 496
1 9 2
336 395
1 4 2
676 234
1 7 2
612 265
1 14 2
757 573
1 9 2
327 611
1 6 2
675 128
1 11 2
563 568
1 8 2
464 597
1 10 2
179 379
1 15 2
728 140
1 12 2
288 674
1 8 2
569 235
1 9 2
779 264
1 9 2
674 448
1 4 2
302 395
1 12 2
16 175
1 8 2
111 602
1 11 2
401 728
1 10 2
545 789
1 10 2
596 263
1 10 2
129 768
1 8 2
781 565
1 9 2
79 330
1 8 2
505 39
1 15 2
657 578
1 11 2
219 778
1 3 2
552 317
1 4 2
190 638
1 7 2
196 702
1 13 2
194 176
1 12 2
659 661
1 7 2
138 275
1 14 2
504 418
1 6 2
380 96
1 5 2
615 381
1 4 2
188 618
1 6 2
113 219
1 4 2
713 346
1 7 2
272 305
1 7 2
251 105
1 10 2
131 47
1 9 2
418 731
1 3 2
574 363
1 15 2
524 189
1 13 2
359 117
1 4 2
175 68
1 8 2
774 150
1 9 2
566 175
1 5 2
95 789
1 9 2
297 688
1 10 2
632 680
1 5 2
345 631
1 15 2
252 705
1 5 2
280 501
1 12 2
336 496
1 3 2
572 635
1 13 2
653 743
1 11 2
205 414
1 4 2
74 242
1 9 2
702 661
1 13 2
648 208
1 7 2
86 778
1 12 2
214 795
1 15 2
87 252
1 13 2
181 129
1 7 2
164 600
1 6 2
640 273
1 3 2
445 406
1 8 2
270 193
1 15 2
468 620
1 7 2
577 134
1 14 2
592 656
1 5 2
4 406
1 14 2
794 234
1 14 2
563 157
1 9 2
408 165
1 9 2
238 58
1 5 2
74 762
1 13 2
160 690
1 6 2
286 512
1 2 2
685 730
1 2 2
269 664
1 6 2
155 229
1 9 2
363 429
1 8 2
389 29
1 9 2
577 153
1 7 2
198 735
1 10 2
719 296
1 15 2
570 467
1 6 2
276 794
1 9 2
785 26
1 4 2
318 473
1 14 2
214 635
1 2 2
754 404
1 15 2
637 322
1 7 2
721 527
1 3 2
470 545
1 12 2
530 628
1 13 2
303 250
1 2 2
440 300
1 12 2
746 126
1 5 2
464 738
1 2 2
522 683
1 5 2
315 335
1 6 2
216 571
1 13 2
80 71
1 7 2
589 599
1 13 2
314 402
1 3 2
193 276
1 8 2
107 60
1 5 2
648 746
1 10 2
627 463
1 6 2
363 313
1 13 2
594 107
1 3 2
700 301
1 2 2
695 601
1 3 2
714 378
1 4 2
688 327
1 13 2
398 0
1 14 2
617 399
1 9 2
223 58
1 6 2
336 650
1 7 2
447 123
1 9 2
7 691
1 12 2
346 398
1 7 2
337 554
1 4 2
721 96
1 13 2
9 757
1 9 2
734 60
1 12 2
697 701
1 11 2
384 238
1 15 2
546 572
1 13 2
308 341
1 10 2
536 14
1 6 2
13 623
1 4 2
652 303
1 7 2
313 456
1 7 2
794 296
1 3 2
480 500
1 11 2
183 725
1 4 2
220 453
1 4 2
145 422
1 14 2
115 509
1 6 2
677 407
1 9 2
333 782
1 13 2
311 191
1 12 2
491 303
1 3 2
620 592
1 11 2
529 22
1 4 2
551 656
1 15 2
418 279
1 9 2
184 688
1 5 2
149 95
1 5 2
326 95
1 15 2
750 329
1 12 2
92 707
1 9 2
585 238
1 2 2
88 510
1 14 2
758 380
1 10 2
314 675
1 9 2
152 656
1 3 2
406 234
1 13 2
99 723
1 6 2
193 119
1 2 2
437 102
1 15 2
141 672
1 7 2
397 594
1 11 2
201 344
1 10 2
214 594
1 15 2
214 415
1 7 2
179 78
1 12 2
550 440
1 8 2
760 365
1 7 2
430 99
1 4 2
293 23
1 15 2
56 424
1 15 2
74 705
1 13 2
41 151
1 2 2
136 267
1 13 2
430 363
1 2 2
559 227
1 10 2
246 177
1 2 2
489 38
1 13 2
181 364
1 2 2
329 643
1 13 2
227 271
1 4 2
571 511
1 7 2
728 86
1 13 2
99 118
1 12 2
155 594
1 2 2
658 203
1 10 2
262 315
1 3 2
564 182
1 2 2
373 522
1 9 2
155 216
1 8 2
113 8
1 14 2
370 747
1 14 2
437 10
1 5 2
304 130
1 2 2
66 30
1 15 2
361 390
1 13 2
176 545
1 8 2
20 40
1 2 2
600 748
1 2 2
304 34
1 2 2
142 560
1 15 2
426 71
1 4 2
109 49
1 4 2
616 696
1 15 2
559 531
1 10 2
578 468
1 10 2
261 650
1 11 2
389 522
1 5 2
480 209
1 12 2
132 598
1 11 2
320 131
1 15 2
380 41
1 3 2
344 37
1 14 2
364 498
1 8 2
101 62
1 12 2
112 261
1 9 2
278 692
1 10 2
384 423
1 3 2
744 662
1 3 2
51 624
1 14 2
740 430
1 5 2
466 24
1 5 2
787 586
1 4 2
434 639
1 7 2
502 43
1 6 2
177 491
1 13 2
745 164
1 15 2
21 239
1 15 2
55 336
1 6 2
385 480
1 14 2
377 531
1 9 2
449 183
1 2 2
476 786
1 8 2
524 425
1 6 2
487 720
1 13 2
735 690
1 14 2
337 675
1 13 2
740 494
1 14 2
88 231
1 14 2
243 123
1 9 2
474 574
1 8 2
226 54
1 6 2
722 173
1 3 2
541 183
1 8 2
437 305
1 2 2
487 11
1 15 2
366 147
1 12 2
564 530
1 12 2
366 516
1 5 2
213 549
1 14 2
469 508
1 11 2
367 404
1 7 2
606 248
1 13 2
119 474
1 7 2
373 785
1 3 2
651 423
1 7 2
108 420
1 9 2
486 408
1 6 2
378 510
1 2 2
377 765
1 4 2
389 64
1 2 2
715 82
1 12 2
303 413
1 12 2
82 749
1 5 2
560 728
1 6 2
117 185
1 11 2
640 200
1 14 2
718 217
1 8 2
532 364
1 12 2
636 622
1 6 2
566 152
1 2 2
146 408
1 6 2
375 259
1 8 2
89 541
1 13 2
538 396
1 14 2
580 395
1 13 2
411 169
1 6 2
790 211
1 7 2
138 402
1 6 2
724 348
1 5 2
590 701
1 10 2
595 356
1 9 2
652 544
1 8 2
427 243
1 9 2
543 700
1 14 2
213 631
1 8 2
663 326
1 6 2
369 295
1 3 2
775 340
1 11 2
237 562
1 15 2
22 249
1 4 2
526 329
1 4 2
552 160
1 5 2
92 359
1 12 2
262 134
1 9 2
387 161
1 8 2
158 518
1 2 2
778 2
1 6 2
249 467
1 11 2
683 450
1 6 2
131 258
1 10 2
187 78
1 12 2
328 476
1 6 2
25 623
1 6 2
39 332
1 7 2
332 640
1 8 2
130 98
1 8 2
187 377
1 5 2
558 760
1 9 2
620 572
1 10 2
166 732
1 3 2
694 637
1 9 2
367 148
1 10 2
197 566
1 15 2
173 479
1 4 2
198 386
1 14 2
110 158
1 7 2
274 337
1 11 2
726 255
1 13 2
48 481
1 5 2
630 298
1 3 2
75 701
1 9 2
474 544
1 9 2
305 13
1 5 2
797 166
1 11 2
301 684
1 10 2
775 252
1 5 2
64 647
1 4 2
171 600
1 13 2
185 57
1 2 2
518 364
1 7 2
122 672
1 13 2
186 310
1 3 2
665 735
1 11 2
136 257
1 10 2
393 95
1 11 2
313 443
1 3 2
50 193
1 10 2
445 122
1 14 2
339 193
1 9 2
149 548
1 4 2
17 21
1 7 2
450 704
1 3 2
532 316
1 13 2
184 47
1 10 2
131 276
1 6 2
507 181
1 11 2
226 67
1 5 2
569 222
1 4 2
690 400
1 10 2
341 716
1 11 2
8 397
1 11 2
189 186
1 10 2
428 110
1 3 2
725 383
1 2 2
145 378
1 11 2
461 269
1 6 2
358 510
1 3 2
259 584
1 15 2
448 408
1 8 2
21 740
1 9 2
567 734
1 10 2
205 204
1 14 2
789 697
1 6 2
190 414
1 9 2
567 527
1 13 2
561 721
1 4 2
253 448
1 4 2
502 790
1 8 2
707 701
1 4 2
259 766
1 5 2
318 74
1 11 2
242 59
1 11 2
731 135
1 6 2
221 177
1 15 2
24 112
1 8 2
66 793
1 6 2
550 474
1 9 2
331 696
1 10 2
321 721
1 15 2
255 353
1 14 2
282 51
1 4 2
713 260
1 9 2
429 312
1 15 2
641 248
1 3 2
789 258
1 2 2
438 579
1 5 2
485 191
1 11 2
581 763
1 11 2
458 228
1 7 2
142 84
1 2 2
330 742
1 4 2
618 106
1 15 2
398 707
1 13 2
74 219
1 3 2
72 597
1 15 2
281 80
1 13 2
177 422
1 4 2
168 97
1 6 2
706 160
1 11 2
440 236
1 4 2
132 685
1 2 2
324 482
1 8 2
100 490
1 2 2
571 702
1 12 2
106 459
1 15 2
345 764
1 15 2
207 459
1 13 2
757 245
1 10 2
243 797
1 7 2
683 750
1 10 2
288 295
1 10 2
523 144
1 8 2
749 141
1 2 2
220 60
1 2 2
602 46
1 15 2
158 521
1 2 2
555 624
1 12 2
215 611
1 4 2
510 83
1 11 2
371 60
1 14 2
272 711
1 12 2
323 727
1 11 2
414 295
1 13 2
542 139
1 11 2
459 378
1 8 2
217 102
1 9 2
248 312
1 5 2
764 472
1 9 2
199 436
1 13 2
509 212
1 6 2
658 230
1 11 2
699 289
1 14 2
61 120
1 15 2
560 506
1 7 2
131 150
1 8 2
290 785
1 5 2
512 398
1 12 2
80 457
1 3 2
260 468
1 2 2
418 457
1 7 2
35 21
1 13 2
533 45
1 2 2
286 682
1 14 2
446 241
1 13 2
223 314
1 2 2
185 502
1 3 2
409 270
1 2 2
310 635
1 11 2
249 735
1 12 2
404 740
1 4 2
358 281
1 8 2
322 373
1 11 2
201 719
1 13 2
549 253
1 4 2
576 787
1 11 2
550 457
1 3 2
735 732
1 3 2
208 276
1 13 2
448 677
1 11 2
232 661
1 12 2
715 74
1 15 2
286 638
1 10 2
752 58
1 11 2
347 748
1 10 2
485 403
1 8 2
769 367
1 15 2
270 562
1 15 2
145 659
1 9 2
375 744
1 9 2
19 585
1 13 2
101 255
1 9 2
0 555
1 6 2
581 83
1 7 2
617 438
1 10 2
652 344
1 11 2
143 787
1 14 2
75 161
1 12 2
229 71
1 8 2
694 142
1 9 2
24 46
1 13 2
627 280
1 5 2
461 479
1 12 2
588 585
1 2 2
483 279
1 15 2
123 453
1 13 2
150 714
1 11 2
648 101
1 12 2
490 561
1 3 2
227 101
1 5 2
405 316
1 11 2
27 730
1 8 2
625 631
1 10 2
425 28
1 14 2
738 635
1 14 2
224 601
1 7 2
289 46
1 7 2
65 48
1 9 2
263 128
1 5 2
650 55
1 4 2
248 604
1 8 2
778 796
1 15 2
593 445
1 13 2
92 199
1 8 2
673 542
1 7 2
786 763
1 4 2
589 505
1 8 2
647 87
1 10 2
202 76
1 12 2
481 125
1 6 2
247 525
1 11 2
306 267
1 10 2
240 71
1 13 2
701 525
1 7 2
100 471
1 13 2
575 511
1 3 2
15 263
1 14 2
111 708
1 11 2
694 599
1 12 2
680 625
1 7 2
364 257
1 13 2
103 153
1 14 2
418 740
1 10 2
166 728
1 12 2
218 203
1 11 2
747 683
1 14 2
217 727
1 6 2
753 258
1 3 2
572 439
1 4 2
236 742
1 13 2
401 698
1 12 2
453 631
1 7 2
74 421
1 15 2
305 27
1 14 2
538 490
1 8 2
219 385
1 12 2
663 272
1 8 2
550 186
1 6 2
356 42
1 3 2
98 271
1 6 2
625 529
1 5 2
57 781
1 4 2
239 111
1 8 2
385 335
1 9 2
769 93
1 3 2
676 202
1 7 2
441 218
1 12 2
683 143
1 11 2
30 178
1 5 2
779 358
1 7 2
625 796
1 14 2
719 445
1 9 2
0 616
1 10 2
640 370
1 9 2
75 441
1 3 2
303 205
1 12 2
417 677
1 12 2
459 431
1 3 2
23 201
1 7 2
22 449
1 3 2
147 362
1 3 2
218 557
1 8 2
787 33
1 3 2
297 465
1 9 2
627 437
1 15 2
444 42
1 10 2
501 219
1 15 2
506 766
1 15 2
780 779
1 3 2
205 697
1 9 2
290 343
1 6 2
419 392
1 9 2
406 98
1 5 2
566 68
1 10 2
481 692
1 15 2
465 535
1 6 2
619 227
1 2 2
686 219
1 7 2
216 438
1 8 2
644 328
1 14 2
116 648
1 14 2
253 100
1 14 2
401 56
1 5 2
293 282
1 2 2
317 364
1 5 2
495 215
1 5 2
194 202
1 8 2
687 132
1 3 2
749 117
1 15 2
245 123
1 13 2
121 580
1 7 2
70 652
1 6 2
159 177
1 15 2
279 473
1 14 2
680 653
1 4 2
132 89
1 5 2
382 415
1 14 2
794 493
1 11 2
681 633
1 5 2
162 660
1 6 2
706 320
1 11 2
781 335
1 11 2
161 203
1 11 2
198 607
1 7 2
38 118
1 4 2
519 245
1 11 2
64 71
1 7 2
641 502
1 9 2
727 294
1 3 2
201 17
1 14 2
22 311
1 3 2
347 251
1 2 2
607 270
1 13 2
42 456
1 9 2
518 107
1 2 2
134 106
1 10 2
229 459
1 8 2
617 168
1 5 2
541 774
1 3 2
607 484
1 15 2
640 560
1 7 2
558 435
1 8 2
1 456
1 4 2
675 791
1 6 2
291 16
1 8 2
113 774
1 14 2
634 246
1 10 2
353 93
1 14 2
146 180
1 13 2
576 317
1 12 2
551 501
1 15 2
294 10
1 15 2
57 304
1 13 2
583 691
1 14 2
18 89
1 2 2
799 139
1 15 2
12 389
1 14 2
70 214
1 9 2
247 479
1 12 2
235 642
1 15 2
381 600
1 6 2
81 557
1 11 2
167 740
1 3 2
142 773
1 7 2
47 256
1 12 2
622 438
1 15 2
400 76
1 5 2
770 472
1 3 2
799 518
1 5 2
601 231
1 10 2
453 83
1 2 2
420 426
1 3 2
398 238
1 6 2
468 652
1 12 2
755 708
1 10 2
182 756
1 5 2
433 352
1 12 2
672 575
1 7 2
590 674
1 13 2
18 394
1 4 2
199 660
1 6 2
612 579
1 2 2
228 466
1 6 2
797 569
1 8 2
180 294
1 8 2
323 628
1 5 2
671 284
1 2 2
198 646
1 5 2
52 44
1 6 2
751 95
1 11 2
766 767
1 10 2
405 29
1 5 2
418 705
1 3 2
44 233
1 4 2
499 203
1 15 2
165 522
1 9 2
420 508
1 11 2
655 632
1 8 2
429 755
1 8 2
612 583
1 11 2
206 254
1 3 2
725 798
1 3 2
384 365
1 6 2
697 204
1 10 2
494 123
1 10 2
500 371
1 9 2
733 763
1 3 2
20 68
1 9 2
197 438
1 5 2
653 224
1 14 2
148 449
1 13 2
49 309
1 12 2
204 504
1 7 2
202 181
1 6 2
712 472
1 11 2
189 407
1 11 2
720 451
1 10 2
582 154
1 12 2
198 763
1 7 2
559 692
1 12 2
446 442
1 11 2
638 791
1 11 2
780 334
1 12 2
235 556
1 5 2
711 371
1 11 2
157 792
1 13 2
480 166
1 14 2
625 143
1 5 2
759 768
1 4 2
672 75
1 3 2
744 397
1 7 2
139 663
1 13 2
110 275
1 15 2
31 86
1 13 2
459 703
1 2 2
762 699
1 10 2
111 137
1 15 2
777 724
1 9 2
739 55
1 2 2
214 71
1 12 2
204 786
1 10 2
624 743
1 8 2
751 629
1 2 2
698 542
1 14 2
352 773
1 8 2
680 31
1 3 2
445 8
1 12 2
527 510
1 11 2
317 673
1 4 2
113 202
1 2 2
493 482
1 7 2
562 193
1 7 2
110 518
1 7 2
150 353
1 10 2
373 364
1 7 2
719 204
1 14 2
739 412
1 6 2
307 304
1 11 2
11 484
1 10 2
700 379
1 9 2
367 594
1 5 2
176 540
1 12 2
503 171
1 14 2
212 746
1 14 2
408 651
1 10 2
174 505
1 12 2
366 581
1 14 2
674 301
1 14 2
76 561
1 13 2
113 96
1 2 2
92 38
1 15 2
737 451
1 10 2
519 607
1 2 2
105 230
1 4 2
561 542
1 14 2
734 87
1 10 2
564 315
1 11 2
191 113
1 2 2
122 40
1 7 2
677 257
1 9 2
610 441
1 5 2
240 98
1 8 2
53 654
1 2 2
323 779
1 14 2
594 575
1 8 2
548 583
1 6 2
10 69
1 9 2
378 249
1 4 2
355 566
1 15 2
526 763
1 13 2
396 148
1 6 2
224 178
1 15 2
223 586
1 15 2
297 350
1 4 2
691 127
1 9 2
604 7
1 3 2
452 362
1 15 2
37 529
1 14 2
725 251
1 10 2
193 402
1 2 2
295 135
1 8 2
87 35
1 15 2
390 729
1 2 2
12 466
1 8 2
441 418
1 14 2
147 695
1 11 2
30 784
1 2 2
681 795
1 5 2
332 608
1 11 2
306 754
1 10 2
542 77
1 4 2
176 572
1 10 2
186 300
1 10 2
222 79
1 11 2
404 84
1 13 2
255 75
1 10 2
700 152
1 12 2
548 643
1 13 2
656 331
1 10 2
584 455
1 11 2
614 454
1 4 2
434 1
1 12 2
368 681
1 10 2
655 253
1 11 2
186 447
1 11 2
722 61
1 3 2
65 171
1 14 2
206 156
1 5 2
554 685
1 14 2
401 267
1 3 2
753 210
1 8 2
68 370
1 8 2
179 766
1 6 2
37 385
1 7 2
536 160
1 9 2
611 319
1 6 2
227 567
1 3 2
556 736
1 14 2
33 374
1 14 2
589 668
1 10 2
266 639
1 11 2
265 140
1 8 2
595 326
1 12 2
181 388
1 2 2
583 738
1 9 2
536 47
1 13 2
89 440
1 12 2
749 471
1 9 2
160 617
1 10 2
782 264
1 7 2
709 720
1 7 2
220 172
1 9 2
708 132
1 15 2
390 328
1 2 2
33 375
1 12 2
605 356
1 2 2
366 420
1 11 2
276 99
1 11 2
226 530
1 11 2
535 386
1 8 2
117 759
1 7 2
663 572
1 3 2
100 457
1 8 2
445 541
1 6 2
160 285
1 2 2
135 447
1 3 2
213 346
1 14 2
715 796
1 11 2
274 614
1 6 2
233 284
1 5 2
338 512
1 14 2
147 33
1 15 2
413 297
1 6 2
20 624
1 14 2
421 780
1 3 2
422 72
1 11 2
757 298
1 13 2
135 316
1 11 2
558 44
1 6 2
75 390
1 11 2
549 659
1 14 2
642 545
1 14 2
580 294
1 3 2
564 128
1 14 2
436 185
1 6 2
484 510
1 2 2
627 796
1 9 2
92 227
1 5 2
68 772
1 13 2
414 274
1 6 2
611 770
1 10 2
360 189
1 10 2
230 723
1 13 2
626 334
1 3 2
106 377
1 10 2
689 795
1 10 2
777 474
1 3 2
8 635
1 15 2
359 653
1 14 2
654 52
1 15 2
64 617
1 6 2
562 7
1 5 2
385 71
1 11 2
342 19
1 8 2
117 449
1 4 2
494 297
1 10 2
536 770
1 4 2
202 2
1 8 2
438 303
1 3 2
339 279
1 5 2
766 401
1 10 2
731 785
1 9 2
251 764
1 10 2
224 183
1 12 2
592 560
1 3 2
127 70
1 5 2
45 391
1 7 2
665 562
1 5 2
557 50
1 3 2
342 362
1 2 2
495 470
1 15 2
739 671
1 13 2
126 139
1 12 2
478 333
1 5 2
669 614
1 15 2
331 29
1 6 2
443 300
1 14 2
198 787
1 14 2
268 396
1 14 2
757 424
1 3 2
355 567
1 4 2
273 504
1 4 2
675 684
1 9 2
627 777
1 3 2
490 759
1 11 2
281 467
1 2 2
769 753
1 4 2
149 257
1 2 2
698 742
1 8 2
171 540
1 4 2
102 719
1 5 2
501 626
1 7 2
329 384
1 12 2
635 57
1 10 2
243 115
1 2 2
648 346
1 10 2
229 788
1 11 2
119 449
1 6 2
360 358
1 12 2
722 514
1 6 2
606 380
1 8 2
132 436
1 9 2
338 46
1 11 2
139 235
1 6 2
620 383
1 15 2
101 686
1 6 2
654 641
1 6 2
317 242
1 14 2
51 319
1 8 2
78 47
1 5 2
447 436
1 2 2
725 21
1 14 2
219 129
1 11 2
625 502
1 11 2
751 602
1 12 2
279 560
1 2 2
739 302
1 9 2
482 95
1 11 2
124 228
1 9 2
527 541
1 12 2
548 477
1 5 2
756 102
1 4 2
699 100
1 14 2
206 788
1 3 2
28 319
1 10 2
751 788
1 4 2
747 577
1 4 2
206 279
1 5 2
516 716
1 15 2
101 475
1 6 2
570 665
1 4 2
613 355
1 7 2
503 626
1 2 2
681 4
1 9 2
369 15
1 5 2
470 602
1 2 2
8 410
1 14 2
52 461
1 12 2
549 248
1 13 2
600 85
1 7 2
676 405
1 9 2
649 570
1 7 2
590 401
1 10 2
572 427
1 15 2
153 748
1 10 2
686 457
1 10 2
72 130
1 12 2
236 287
1 8 2
255 697
1 15 2
709 398
1 4 2
373 22
1 14 2
18 177
1 8 2
231 404
1 12 2
514 525
1 12 2
54 566
1 13 2
554 146
1 14 2
699 797
1 13 2
261 81
1 14 2
471 227
1 11 2
421 691
1 15 2
323 218
1 7 2
163 480
1 2 2
323 773
1 6 2
313 577
1 4 2
352 298
1 11 2
12 565
1 11 2
483 784
1 13 2
649 118
1 14 2
24 60
1 6 2
495 655
1 13 2
197 654
1 9 2
309 288
1 2 2
319 325
1 3 2
622 55
1 8 2
785 493
1 6 2
597 263
1 9 2
291 208
1 15 2
452 16
1 5 2
597 601
1 11 2
749 585
1 6 2
164 139
1 13 2
416 307
1 14 2
344 89
1 3 2
503 628
1 4 2
159 50
1 6 2
532 783
1 7 2
508 726
1 2 2
783 25
1 10 2
71 478
1 9 2
527 588
1 11 2
381 638
1 6 2
592 695
1 8 2
186 192
1 7 2
594 485
1 2 2
328 393
1 10 2
603 301
1 14 2
778 480
1 2 2
51 555
1 14 2
196 83
1 11 2
652 111
1 5 2
391 278
1 15 2
277 576
1 10 2
765 487
1 4 2
116 769
1 12 2
601 210
1 14 2
444 576
1 7 2
103 627
1 9 2
678 634
1 5 2
566 716
1 2 2
686 578
1 8 2
715 294
1 9 2
22 763
1 9 2
29 118
1 11 2
159 443
1 13 2
266 739
1 12 2
120 372
1 2 2
407 127
1 2 2
175 612
1 14 2
41 307
1 15 2
552 418
1 14 2
198 469
1 5 2
169 133
1 2 2
221 474
1 6 2
528 123
1 4 2
414 316
1 6 2
753 539
1 12 2
399 671
1 11 2
134 767
1 15 2
56 490
1 3 2
394 115
1 9 2
428 228
1 3 2
329 289
1 6 2
683 381
1 13 2
664 209
1 3 2
193 457
1 14 2
386 662
1 10 2
259 4
1 14 2
236 75
1 10 2
325 291
1 8 2
257 11
1 10 2
647 262
1 3 2
170 202
1 3 2
102 796
1 2 2
17 584
1 5 2
193 729
1 9 2
258 48
1 7 2
776 102
1 12 2
716 651
1 4 2
264 306
1 2 2
319 9
1 10 2
188 214
1 3 2
639 580
1 15 2
175 121
1 3 2
111 527
1 5 2
740 213
1 3 2
671 45
1 14 2
612 564
1 4 2
495 313
1 4 2
328 460
1 2 2
9 794
1 14 2
542 160
1 4 2
175 527
1 13 2
688 640
1 13 2
682 1
1 10 2
614 534
1 11 2
386 318
1 12 2
227 30
1 2 2
420 525
1 10 2
483 555
1 8 2
764 574
1 7 2
157 549
1 15 2
535 655
1 5 2
2 768
1 14 2
280 297
1 2 2
613 355
1 2 2
401 409
1 15 2
211 163
1 7 2
493 272
1 15 2
372 701
1 4 2
500 556
1 8 2
743 457
1 3 2
27 472
1 7 2
440 109
1 5 2
93 629
1 15 2
188 20
1 15 2
72 139
1 14 2
107 320
1 8 2
493 319
1 11 2
55 697
1 11 2
471 129
1 4 2
9 707
1 5 2
8 581
1 15 2
238 88
1 15 2
526 90
1 9 2
182 280
1 11 2
222 645
1 6 2
693 208
1 2 2
224 685
1 12 2
375 121
1 9 2
502 264
1 8 2
395 457
1 15 2
576 603
1 7 2
760 776
1 9 2
323 282
1 13 2
466 649
1 2 2
192 51
1 15 2
531 226
1 7 2
251 481
1 13 2
713 297
1 15 2
725 559
1 9 2
795 582
1 11 2
442 431
1 7 2
323 417
1 12 2
687 264
1 11 2
662 306
1 10 2
26 457
1 8 2
55 758
1 3 2
266 505
1 5 2
10 343
1 14 2
650 286
1 13 2
729 115
1 2 2
311 578
1 13 2
522 101
1 4 2
424 263
1 10 2
567 629
1 11 2
96 223
1 4 2
214 311
1 10 2
166 269
1 7 2
86 44
1 9 2
192 601
1 12 2
43 105
1 12 2
149 554
1 10 2
304 109
1 5 2
627 650
1 4 2
98 211
1 7 2
175 583
1 3 2
709 738
1 10 2
689 165
1 4 2
15 435
1 15 2
293 440
1 2 2
526 161
1 5 2
682 678
1 13 2
384 247
1 6 2
76 430
1 6 2
365 406
1 12 2
360 553
1 12 2
119 305
1 15 2
497 15
1 14 2
488 505
1 14 2
78 644
1 8 2
529 353
1 3 2
236 735
1 6 2
328 102
1 6 2
219 437
1 14 2
652 643
1 12 2
617 488
1 5 2
435 619
1 4 2
171 545
1 8 2
385 546
1 5 2
322 481
1 11 2
498 359
1 2 2
31 385
1 3 2
553 648
1 11 2
259 559
1 13 2
386 253
1 12 2
37 753
1 12 2
614 74
1 12 2
154 280
1 13 2
771 314
1 12 2
290 360
1 7 2
133 269
1 4 2
715 363
1 15 2
203 579
1 9 2
571 784
1 3 2
168 798
1 11 2
708 116
1 13 2
326 291
1 6 2
383 6
1 15 2
117 283
1 7 2
5 331
1 4 2
575 716
1 14 2
43 122
1 6 2
446 261
1 6 2
46 50
1 14 2
620 498
1 7 2
499 710
1 8 2
246 70
1 10 2
573 66
1 3 2
225 630
1 10 2
348 523
1 6 2
162 114
1 15 2
702 669
1 10 2
267 42
1 14 2
167 232
1 7 2
694 629
1 12 2
688 740
1 5 2
121 296
1 6 2
671 232
1 6 2
425 157
1 7 2
755 23
1 2 2
20 18
1 4 2
306 585
1 12 2
716 460
1 5 2
733 52
1 15 2
109 63
1 12 2
379 760
1 10 2
790 395
1 10 2
706 111
1 15 2
324 165
1 11 2
509 782
1 2 2
92 189
1 6 2
634 621
1 11 2
59 348
1 13 2
196 211
1 3 2
117 557
1 15 2
448 330
1 9 2
569 331
1 9 2
520 363
1 15 2
438 404
1 14 2
626 231
1 10 2
77 92
1 3 2
635 92
1 3 2
750 599
1 13 2
541 235
1 8 2
190 635
1 11 2
43 423
1 7 2
737 284
1 6 2
137 103
1 14 2
31 646
1 10 2
655 19
1 8 2
730 522
1 4 2
313 378
1 5 2
293 243
1 13 2
536 117
1 3 2
532 528
1 4 2
557 603
1 14 2
637 199
1 9 2
661 340
1 15 2
425 587
1 15 2
590 383
1 5 2
405 524
1 5 2
422 454
1 2 2
265 328
1 3 2
460 785
1 10 2
494 640
1 15 2
660 75
1 8 2
625 30
1 15 2
773 442
1 10 2
108 686
1 4 2
151 736
1 11 2
20 465
1 9 2
345 168
1 10 2
415 116
1 3 2
303 553
1 8 2
584 633
1 2 2
40 710
1 2 2
704 679
1 15 2
87 397
1 9 2
581 115
1 7 2
192 782
1 7 2
22 439
1 8 2
563 369
1 8 2
52 774
1 14 2
796 443
1 8 2
129 552
1 5 2
353 366
1 7 2
192 335
1 14 2
65 621
1 4 2
471 462
1 5 2
707 705
1 2 2
224 364
1 14 2
657 77
1 5 2
780 543
1 3 2
184 437
1 3 2
167 362
1 7 2
777 722
1 13 2
646 499
1 7 2
321 379
1 12 2
623 587
1 10 2
623 472
1 15 2
409 633
1 2 2
43 241
1 5 2
157 60
1 14 2
456 330
1 13 2
545 197
1 3 2
270 325
1 11 2
623 503
1 13 2
713 279
1 6 2
299 10
1 12 2
481 186
1 10 2
567 674
1 13 2
316 555
1 11 2
354 500
1 13 2
84 603
1 8 2
279 593
1 11 2
55 412
1 11 2
164 337
1 9 2
642 274
1 10 2
668 63
1 6 2
75 757
1 10 2
773 698
1 6 2
132 605
1 7 2
89 469
1 10 2
557 288
1 5 2
323 238
1 13 2
318 265
1 15 2
537 722
1 7 2
539 759
1 11 2
794 257
1 5 2
206 467
1 5 2
628 325
1 12 2
343 280
1 15 2
58 788
1 11 2
586 469
1 6 2
556 359
1 9 2
462 578
1 8 2
76 41
1 10 2
108 49
1 13 2
469 210
1 13 2
98 740
1 14 2
672 566
1 4 2
137 589
1 10 2
419 502
1 7 2
459 513
1 3 2
614 531
1 4 2
97 455
1 10 2
399 481
1 15 2
437 88
1 5 2
1 683
1 14 2
623 151
1 4 2
62 331
1 15 2
370 421
1 13 2
292 644
1 3 2
136 276
1 11 2
448 535
1 5 2
12 170
1 3 2
68 97
1 8 2
170 756
1 11 2
51 138
1 7 2
405 558
1 9 2
549 740
1 8 2
59 698
1 13 2
499 766
1 10 2
110 306
1 3 2
178 681
1 8 2
458 608
1 15 2
328 54
1 5 2
319 168
1 4 2
77 429
1 11 2
243 188
1 5 2
108 372
1 4 2
418 684
1 4 2
712 305
1 5 2
439 746
1 7 2
298 81
1 4 2
550 485
1 5 2
638 213
1 11 2
702 400
1 2 2
253 95
1 6 2
764 746
1 11 2
224 152
1 3 2
472 469
1 10 2
622 599
1 2 2
758 786
1 6 2
798 412
1 13 2
545 481
1 4 2
647 503
1 15 2
16 270
1 12 2
743 190
1 10 2
377 573
1 6 2
138 199
1 14 2
543 518
1 3 2
150 274
1 6 2
299 128
1 2 2
333 606
1 9 2
157 507
1 4 2
633 53
1 9 2
154 527
1 12 2
438 38
1 4 2
283 177
1 6 2
235 165
1 9 2
389 765
1 15 2
413 105
1 10 2
518 300
1 14 2
798 501
1 14 2
118 743
1 9 2
608 467
1 11 2
118 695
1 12 2
136 218
1 9 2
663 263
1 13 2
755 277
1 15 2
562 678
1 5 2
608 664
1 8 2
539 81
1 7 2
118 697
1 5 2
602 107
1 11 2
664 799
1 11 2
613 19
1 11 2
214 520
1 5 2
386 165
1 4 2
209 192
1 11 2
230 112
1 14 2
226 112
1 6 2
570 316
1 12 2
61 744
1 2 2
191 524
1 12 2
7 481
1 15 2
718 248
1 15 2
299 309
1 15 2
119 714
1 12 2
73 4
1 10 2
487 149
1 6 2
543 232
1 3 2
654 561
1 9 2
713 592
1 3 2
401 736
1 9 2
399 196
1 3 2
610 489
1 12 2
118 266
1 9 2
310 412
1 12 2
569 695
1 7 2
540 311
1 5 2
595 430
1 2 2
365 53
1 7 2
18 102
1 3 2
597 484
1 10 2
627 546
1 2 2
799 196
1 11 2
644 666
1 14 2
637 641
1 15 2
412 482
1 3 2
293 464
1 3 2
155 144
1 3 2
785 365
1 12 2
351 397
1 8 2
240 263
1 6 2
352 162
1 5 2
244 517
1 13 2
18 496
1 8 2
617 184
1 6 2
186 612
1 8 2
607 569
1 2 2
622 331
1 15 2
786 529
1 6 2
189 753
1 11 2
674 129
1 13 2
207 84
1 6 2
627 403
1 8 2
162 640
1 8 2
173 610
1 3 2
12 324
1 5 2
495 581
1 2 2
176 155
1 3 2
17 434
1 12 2
632 627
1 7 2
454 273
1 10 2
104 787
1 9 2
332 646
1 10 2
551 231
1 13 2
279 380
1 5 2
220 75
1 9 2
310 591
1 3 2
449 438
1 2 2
644 325
1 2 2
41 763
1 15 2
81 523
1 10 2
502 739
1 12 2
25 642
1 11 2
660 97
1 3 2
584 72
1 9 2
483 324
1 11 2
240 584
1 10 2
242 88
1 12 2
0 96
1 4 2
798 103
1 7 2
689 204
1 5 2
467 211
1 6 2
725 23
1 14 2
544 254
1 4 2
454 163
1 13 2
690 11
1 13 2
536 83
1 4 2
123 207
1 6 2
289 94
1 4 2
537 752
1 10 2
149 83
1 10 2
64 768
1 9 2
759 296
1 4 2
523 83
1 10 2
541 264
1 4 2
706 622
1 12 2
550 294
1 14 2
342 540
1 9 2
346 516
1 10 2
581 141
1 9 2
199 158
1 4 2
313 789
1 6 2
314 136
1 10 2
119 570
1 11 2
661 10
1 7 2
690 544
1 7 2
40 208
1 10 2
264 262
1 5 2
666 758
1 13 2
579 284
1 14 2
20 82
1 6 2
311 126
1 6 2
129 592
1 6 2
571 530
1 9 2
635 719
1 7 2
652 614
1 3 2
697 564
1 7 2
68 461
1 14 2
360 647
1 14 2
103 745
1 7 2
432 321
1 4 2
49 254
1 14 2
262 10
1 5 2
34 555
1 6 2
516 672
1 11 2
529 195
1 12 2
118 729
1 5 2
327 181
1 3 2
412 434
1 5 2
26 336
1 14 2
169 13
1 13 2
711 76
1 8 2
191 688
1 5 2
126 794
1 14 2
13 608
1 8 2
722 515
1 3 2
491 78
1 2 2
325 273
1 3 2
535 206
1 7 2
548 691
1 3 2
638 521
1 14 2
584 566
1 4 2
338 473
1 4 2
329 104
1 5 2
170 58
1 11 2
502 206
1 8 2
102 137
1 14 2
513 33
1 4 2
163 501
1 3 2
406 217
1 14 2
452 255
1 7 2
197 200
1 3 2
388 208
1 8 2
215 248
1 6 2
269 388
1 11 2
414 511
1 13 2
278 513
1 14 2
89 695
1 8 2
76 168
1 13 2
294 223
1 7 2
8 742
1 5 2
699 6
1 4 2
738 464
1 11 2
653 782
1 7 2
159 55
1 12 2
695 166
1 7 2
538 654
1 6 2
203 3
1 4 2
7 303
1 10 2
340 478
1 14 2
58 438
1 14 2
56 777
1 10 2
531 633
1 9 2
398 746
1 13 2
584 619
1 6 2
157 533
1 6 2
218 496
1 5 2
184 442
1 7 2
593 649
1 6 2
718 174
1 7 2
152 160
1 15 2
767 148
1 4 2
683 771
1 3 2
258 476
1 2 2
134 798
1 14 2
504 0
1 7 2
732 371
1 7 2
606 513
1 6 2
369 447
1 10 2
593 723
1 15 2
660 613
1 14 2
99 637
1 12 2
797 444
1 7 2
666 369
1 8 2
544 736
1 13 2
391 157
1 6 2
631 505
1 5 2
673 477
1 11 2
665 267
1 3 2
129 263
1 11 2
50 597
1 13 2
32 465
1 6 2
532 553
1 5 2
74 496
1 2 2
27 333
1 12 2
360 656
1 14 2
304 780
1 9 2
464 775
1 13 2
152 604
1 13 2
302 149
1 7 2
364 244
1 7 2
270 370
1 11 2
391 60
1 9 2
242 18
1 15 2
485 590
1 6 2
496 387
1 4 2
62 52
1 13 2
703 383
1 13 2
93 442
1 9 2
604 707
1 2 2
237 193
1 4 2
389 471
1 14 2
137 208
1 9 2
639 105
1 15 2
134 703
1 15 2
141 277
1 10 2
73 348
1 10 2
1 206
1 3 2
184 73
1 14 2
460 730
1 2 2
757 141
1 12 2
161 73
1 8 2
61 48
1 13 2
60 106
1 4 2
683 643
1 2 2
624 144
1 11 2
467 116
1 2 2
789 486
1 6 2
319 422
1 2 2
559 151
1 6 2
276 610
1 9 2
686 647
1 13 2
303 786
1 2 2
568 228
1 11 2
393 42
1 9 2
22 345
1 8 2
701 206
1 7 2
190 542
1 8 2
720 686
1 9 2
659 413
1 12 2
427 669
1 5 2
98 127
1 8 2
93 772
1 6 2
744 357
1 4 2
18 615
1 9 2
612 370
1 12 2
312 684
1 12 2
88 677
1 13 2
68 743
1 12 2
370 389
1 15 2
271 717
1 6 2
255 617
1 3 2
712 319
1 3 2
584 172
1 13 2
458 399
1 6 2
300 246
1 5 2
781 567
1 14 2
623 295
1 5 2
63 681
1 7 2
508 768
1 8 2
563 348
1 2 2
184 639
1 5 2
327 114
1 12 2
105 509
1 3 2
705 742
1 2 2
425 39
1 8 2
657 420
1 14 2
10 347
1 5 2
553 640
1 9 2
150 29
1 2 2
766 63
1 15 2
336 99
1 15 2
721 691
1 2 2
568 432
1 11 2
631 223
1 12 2
338 397
1 12 2
116 363
1 11 2
696 790
1 12 2
567 570
1 10 2
799 80
1 5 2
666 128
1 2 2
633 752
1 10 2
255 710
1 14 2
357 750
1 8 2
29 374
1 12 2
6 573
1 14 2
666 366
1 7 2
89 73
1 8 2
131 32
1 11 2
481 607
1 10 2
29 174
1 4 2
501 343
1 6 2
74 348
1 9 2
450 619
1 7 2
391 367
1 11 2
19 533
1 6 2
89 546
1 6 2
258 647
1 15 2
285 437
1 8 2
597 715
1 9 2
192 508
1 9 2
391 396
1 12 2
516 85
1 10 2
761 271
1 7 2
737 52
1 13 2
218 91
1 8 2
71 614
1 8 2
381 522
1 10 2
129 282
1 9 2
311 177
1 11 2
298 132
1 6 2
411 83
1 5 2
332 472
1 5 2
355 649
1 6 2
587 247
1 9 2
577 424
1 10 2
520 390
1 9 2
721 31
1 9 2
605 9
1 8 2
383 406
1 15 2
645 388
1 6 2
632 518
1 15 2
139 289
1 15 2
542 471
1 4 2
261 703
1 9 2
64 336
1 10 2
692 644
1 2 2
266 361
1 13 2
767 405
1 15 2
364 707
1 3 2
483 186
1 4 2
321 688
1 6 2
18 209
1 13 2
752 14
1 6 2
254 536
1 6 2
530 284
1 15 2
106 724
1 3 2
623 76
1 9 2
598 108
1 15 2
371 279
1 6 2
585 35
1 12 2
93 258
1 15 2
379 394
1 11 2
248 160
1 15 2
192 368
1 9 2
469 58
1 5 2
115 490
1 3 2
564 567
1 15 2
584 156
1 6 2
678 43
1 8 2
677 585
1 12 2
32 647
1 10 2
158 162
1 15 2
452 4
1 15 2
693 389
1 11 2
308 104
1 6 2
180 85
1 9 2
792 650
1 15 2
85 232
1 11 2
678 554
1 9 2
371 214
1 13 2
115 768
1 4 2
355 480
1 8 2
471 469
1 12 2
62 721
1 8 2
657 598
1 14 2
64 83
1 9 2
681 659
1 2 2
42 406
1 6 2
389 147
1 5 2
254 96
1 10 2
523 313
1 13 2
584 504
1 3 2
32 739
1 15 2
770 167
1 11 2
392 291
1 3 2
120 325
1 10 2
261 97
1 10 2
203 736
1 10 2
84 204
1 2 2
486 560
1 2 2
544 539
1 7 2
683 651
1 3 2
305 369
1 13 2
194 174
1 11 2
432 265
1 11 2
336 661
1 11 2
481 119
1 4 2
76 453
1 12 2
679 558
1 11 2
262 683
1 9 2
700 107
1 12 2
417 245
1 5 2
744 723
1 4 2
579 741
1 11 2
107 32
1 15 2
400 295
1 11 2
361 417
1 8 2
105 22
1 13 2
616 692
1 2 2
754 778
1 6 2
765 627
1 4 2
670 269
1 3 2
614 389
1 7 2
215 616
1 12 2
246 449
1 5 2
333 388
1 12 2
531 621
1 10 2
135 354
1 7 2
601 430
1 15 2
150 654
1 12 2
77 27
1 7 2
135 288
1 6 2
255 463
1 2 2
73 209
1 12 2
310 244
1 7 2
306 435
1 4 2
109 266
1 8 2
100 537
1 9 2
700 485
1 10 2
139 349
1 4 2
370 83
1 2 2
618 167
1 12 2
355 392
1 12 2
152 83
1 5 2
255 290
1 2 2
390 468
1 15 2
316 130
1 4 2
36 358
1 4 2
113 168
1 2 2
497 614
1 8 2
157 182
1 14 2
85 350
1 7 2
9 464
1 11 2
77 686
1 3 2
24 81
1 14 2
585 412
1 9 2
294 368
1 2 2
263 555
1 15 2
462 248
1 12 2
778 471
1 14 2
295 266
1 8 2
612 481
1 8 2
207 621
1 5 2
361 576
1 12 2
567 379
1 14 2
310 546
1 3 2
701 759
1 5 2
427 172
1 3 2
125 493
1 7 2
587 510
1 4 2
262 285
1 11 2
741 359
1 8 2
733 531
1 6 2
193 738
1 4 2
65 416
1 3 2
229 240
1 7 2
241 356
1 5 2
659 500
1 3 2
132 443
1 6 2
447 340
1 15 2
345 781
1 15 2
175 431
1 6 2
710 680
1 10 2
310 608
1 6 2
53 676
1 6 2
518 481
1 13 2
311 695
1 7 2
195 279
1 14 2
135 588
1 14 2
139 724
1 4 2
491 216
1 14 2
393 643
1 4 2
269 486
1 8 2
246 267
1 15 2
758 42
1 8 2
285 582
1 3 2
88 410
1 11 2
145 789
1 5 2
631 208
1 11 2
231 334
1 12 2
356 343
1 5 2
693 22
1 15 2
64 760
1 6 2
530 695
1 3 2
334 381
1 13 2
764 155
1 5 2
296 95
1 8 2
254 106
1 14 2
498 575
1 12 2
660 186
1 12 2
680 4
1 6 2
513 304
1 2 2
750 740
1 8 2
698 667
1 10 2
357 265
1 2 2
316 496
1 13 2
604 728
1 5 2
526 530
1 13 2
207 385
1 14 2
335 160
1 7 2
368 461
1 2 2
486 376
1 12 2
670 36
1 12 2
20 122
1 9 2
136 401
1 8 2
354 607
1 11 2
778 447
1 10 2
286 181
1 6 2
88 333
1 3 2
393 606
1 4 2
356 463
1 2 2
503 202
1 6 2
174 730
1 15 2
705 56
1 5 2
446 43
1 14 2
684 384
1 3 2
101 604
1 9 2
769 300
1 9 2
231 64
1 2 2
334 434
1 2 2
43 398
1 3 2
783 361
1 14 2
608 242
1 13 2
298 466
1 13 2
137 501
1 14 2
354 705
1 12 2
319 205
1 8 2
196 153
1 15 2
640 364
1 10 2
35 382
1 11 2
555 180
1 5 2
497 619
1 5 2
332 478
1 8 2
497 124
1 6 2
88 518
1 2 2
412 26
1 12 2
288 501
1 12 2
227 517
1 2 2
758 554
1 8 2
182 19
1 12 2
488 595
1 4 2
374 795
1 12 2
232 535
1 2 2
27 323
1 2 2
605 556
1 14 2
647 500
1 6 2
630 215
1 5 2
615 536
1 12 2
270 117
1 8 2
796 522
1 13 2
393 369
1 7 2
314 440
1 14 2
504 316
1 7 2
718 216
1 6 2
500 340
1 5 2
533 497
1 5 2
188 381
1 3 2
393 454
1 7 2
304 755
1 5 2
333 90
1 2 2
587 357
1 11 2
214 398
1 9 2
262 80
1 12 2
376 282
1 3 2
474 10
1 12 2
715 692
1 6 2
117 478
1 15 2
22 483
1 12 2
453 320
1 7 2
454 54
1 7 2
291 550
1 10 2
777 313
1 15 2
765 216
1 12 2
684 698
1 15 2
560 293
1 9 2
375 445
1 9 2
167 596
1 3 2
306 453
1 11 2
282 553
1 2 2
244 389
1 11 2
233 627
1 11 2
643 176
1 3 2
797 729
1 15 2
726 292
1 9 2
194 613
1 15 2
378 11
1 2 2
249 555
1 11 2
125 261
1 8 2
199 757
1 10 2
545 369
1 14 2
340 681
1 8 2
297 67
1 2 2
580 207
1 6 2
181 611
1 12 2
753 533
1 2 2
205 654
1 2 2
458 559
1 2 2
686 435
1 5 2
369 540
1 12 2
89 101
1 6 2
752 106
1 13 2
585 393
1 5 2
383 788
1 7 2
694 3
1 11 2
556 375
1 8 2
564 587
1 6 2
172 761
1 5 2
296 585
1 2 2
416 775
1 12 2
414 52
1 6 2
147 644
1 3 2
717 681
1 12 2
320 355
1 2 2
135 430
1 6 2
451 624
1 8 2
618 17
1 15 2
389 695
1 7 2
396 37
1 9 2
289 527
1 8 2
641 175
1 4 2
139 15
1 12 2
570 181
1 2 2
148 316
1 5 2
794 576
1 7 2
764 75
1 13 2
696 698
1 12 2
549 650
1 5 2
221 331
1 7 2
112 572
1 11 2
389 777
1 11 2
263 674
1 10 2
428 179
1 15 2
640 402
1 13 2
543 270
1 9 2
287 679
1 6 2
248 718
1 8 2
356 374
1 10 2
351 653
1 9 2
450 557
1 5 2
664 732
1 4 2
2 379
1 5 2
397 31
1 8 2
8 57
1 15 2
645 421
1 2 2
147 116
1 12 2
97 65
1 2 2
510 421
1 2 2
478 305
1 5 2
196 244
1 13 2
152 387
1 4 2
520 308
1 10 2
140 776
1 12 2
24 352
1 12 2
255 152
1 2 2
744 396
1 10 2
191 104
1 5 2
36 704
1 12 2
313 56
1 15 2
683 559
1 4 2
284 98
1 12 2
315 467
1 5 2
611 418
1 8 2
8 489
1 13 2
493 702
1 6 2
342 509
1 2 2
371 59
1 7 2
211 487
1 14 2
171 120
1 8 2
129 361
1 10 2
298 72
1 14 2
642 790
1 5 2
778 504
1 6 2
222 88
1 5 2
172 263
1 11 2
613 658
1 4 2
717 193
1 12 2
167 643
1 10 2
90 100
1 14 2
139 19
1 13 2
775 627
1 14 2
393 562
1 7 2
796 252
1 14 2
277 256
1 3 2
84 420
1 5 2
382 157
1 3 2
593 249
1 13 2
304 82
1 10 2
515 448
1 4 2
162 182
1 3 2
482 15
1 12 2
123 252
1 12 2
20 337
1 9 2
717 94
1 11 2
304 366
1 3 2
222 105
1 6 2
744 352
1 7 2
176 401
1 5 2
755 606
1 8 2
533 690
1 8 2
660 364
1 15 2
403 346
1 13 2
61 690
1 7 2
522 359
1 14 2
226 95
1 7 2
420 415
1 4 2
438 132
1 6 2
447 678
1 8 2
242 250
1 2 2
573 505
1 9 2
415 26
1 15 2
366 745
1 3 2
318 645
1 4 2
620 717
1 3 2
405 566
1 3 2
587 728
1 9 2
676 376
1 14 2
620 794
1 8 2
480 796
1 12 2
560 133
1 14 2
214 368
1 5 2
522 94
1 7 2
295 283
1 15 2
482 356
1 3 2
61 488
1 2 2
508 666
1 2 2
540 706
1 5 2
490 13
1 5 2
35 659
1 14 2
725 553
1 7 2
295 219
1 14 2
139 343
1 8 2
187 143
1 14 2
3 660
1 4 2
569 9
1 8 2
646 324
1 8 2
156 110
1 4 2
700 730
1 12 2
605 46
1 2 2
192 587
1 8 2
249 747
1 13 2
189 439
1 7 2
320 682
1 15 2
726 22
1 12 2
744 606
1 9 2
415 130
1 3 2
569 347
1 15 2
169 467
1 11 2
527 391
1 3 2
757 648
1 10 2
432 116
1 14 2
684 771
1 6 2
680 276
1 9 2
67 696
1 9 2
43 136
1 3 2
27 44
1 13 2
420 194
1 14 2
66 692
1 2 2
452 443
1 2 2
305 712
1 8 2
457 248
1 2 2
301 697
1 11 2
186 662
1 10 2
350 17
1 12 2
529 0
1 4 2
199 790
1 4 2
764 492
1 12 2
73 243
1 11 2
489 290
1 6 2
717 630
1 12 2
101 155
1 8 2
364 542
1 6 2
529 622
1 9 2
205 463
1 15 2
291 731
1 3 2
780 219
1 11 2
646 147
1 11 2
35 502
1 14 2
386 70
1 12 2
604 223
1 4 2
694 461
1 14 2
6 720
1 10 2
316 395
1 8 2
325 181
1 13 2
718 291
1 10 2
629 524
1 7 2
561 283
1 8 2
107 678
1 7 2
518 128
1 6 2
400 84
1 11 2
15 117
1 12 2
609 566
1 5 2
456 529
1 6 2
631 114
1 3 2
138 36
1 8 2
223 719
1 14 2
89 138
1 7 2
172 370
1 9 2
368 414
1 5 2
676 447
1 14 2
765 404
1 9 2
178 261
1 6 2
535 706
1 5 2
516 769
1 13 2
390 662
1 2 2
770 288
1 9 2
677 365
1 4 2
17 411
1 7 2
230 339
1 6 2
268 0
1 8 2
82 696
1 5 2
685 476
1 15 2
204 507
1 10 2
358 520
1 4 2
59 197
1 6 2
351 485
1 10 2
243 757
1 7 2
655 430
1 8 2
230 264
1 7 2
248 158
1 4 2
471 748
1 5 2
263 746
1 2 2
663 543
1 7 2
579 168
1 15 2
74 750
1 11 2
774 400
1 6 2
792 150
1 12 2
154 28
1 3 2
135 547
1 15 2
133 718
1 14 2
411 330
1 15 2
75 306
1 10 2
735 560
1 2 2
164 363
1 3 2
374 123
1 5 2
541 88
1 14 2
374 447
1 11 2
494 602
1 7 2
211 568
1 13 2
58 536
1 14 2
572 389
1 7 2
290 141
1 14 2
151 674
1 3 2
117 166
1 10 2
25 494
1 2 2
359 616
1 11 2
435 649
1 10 2
614 156
1 3 2
341 137
1 13 2
664 66
1 12 2
135 113
1 7 2
387 63
1 9 2
189 456
1 13 2
506 525
1 7 2
593 163
1 2 2
769 449
1 5 2
460 111
1 4 2
465 248
1 7 2
749 38
1 2 2
761 708
1 8 2
373 592
1 5 2
181 684
1 11 2
206 647
1 13 2
294 796
1 3 2
0 5
1 8 2
629 603
1 15 2
224 490
1 9 2
242 750
1 3 2
615 445
1 3 2
554 572
1 15 2
93 621
1 6 2
147 200
1 3 2
407 81
1 7 2
299 603
1 11 2
786 286
1 12 2
775 798
1 7 2
79 634
1 5 2
173 299
1 12 2
29 565
1 8 2
26 534
1 9 2
701 563
1 15 2
419 54
1 13 2
190 772
1 12 2
519 233
1 8 2
470 496
1 15 2
7 450
1 11 2
514 202
1 11 2
213 492
1 14 2
261 791
1 9 2
372 566
1 12 2
714 701
1 7 2
3 289
1 12 2
664 307
1 11 2
41 73
1 12 2
794 415
1 4 2
292 50
1 5 2
688 670
1 3 2
173 577
1 7 2
748 268
1 9 2
236 224
1 2 2
532 262
1 11 2
753 294
1 4 2
365 490
1 14 2
734 523
1 6 2
196 788
1 2 2
114 76
1 15 2
36 726
1 5 2
256 707
1 4 2
353 399
1 5 2
669 398
1 14 2
132 704
1 13 2
110 784
1 4 2
319 405
1 15 2
376 727
1 12 2
207 94
1 13 2
682 502
1 5 2
154 182
1 2 2
40 789
1 4 2
424 190
1 9 2
8 626
1 15 2
185 372
1 7 2
625 617
1 8 2
226 47
1 12 2
536 545
1 5 2
519 428
1 10 2
499 168
1 7 2
52 109
1 11 2
740 782
1 9 2
485 282
1 11 2
595 692
1 5 2
159 413
1 2 2
794 609
1 2 2
393 571
1 6 2
387 496
1 2 2
224 649
1 11 2
359 574
1 11 2
768 160
1 14 2
707 116
1 9 2
76 457
1 8 2
130 211
1 3 2
221 89
1 15 2
99 756
1 5 2
122 786
1 9 2
354 127
1 6 2
149 739
1 15 2
659 507
1 5 2
289 332
1 8 2
161 598
1 8 2
304 54
1 2 2
333 636
1 13 2
719 742
1 12 2
344 624
1 5 2
795 593
1 8 2
375 417
1 12 2
783 667
1 2 2
579 122
1 13 2
413 80
1 6 2
677 416
1 7 2
538 500
1 13 2
642 383
1 4 2
497 25
1 5 2
628 750
1 4 2
773 434
1 5 2
305 731
1 12 2
38 773
1 11 2
182 83
1 15 2
84 554
1 2 2
654 49
1 14 2
34 578
1 5 2
342 432
1 15 2
256 110
1 3 2
488 704
1 14 2
722 66
1 13 2
355 772
1 5 2
153 515
1 2 2
631 347
1 14 2
28 709
1 13 2
593 524
1 14 2
393 516
1 9 2
617 554
1 13 2
328 287
1 5 2
244 412
1 9 2
636 59
1 13 2
512 698
1 4 2
84 721
1 2 2
398 698
1 12 2
222 213
1 8 2
56 478
1 12 2
774 703
1 3 2
597 169
1 2 2
778 276
1 7 2
38 322
1 7 2
515 785
1 4 2
411 701
1 15 2
69 282
1 2 2
54 343
1 6 2
72 375
1 4 2
442 583
1 6 2
130 113
1 6 2
462 452
1 5 2
163 786
1 13 2
87 618
1 5 2
714 771
1 12 2
179 241
1 10 2
69 708
1 4 2
137 146
1 3 2
103 179
1 10 2
284 210
1 3 2
701 99
1 3 2
92 600
1 8 2
276 488
1 7 2
706 786
1 8 2
316 517
1 12 2
48 533
1 14 2
732 628
1 3 2
98 422
1 10 2
24 694
1 10 2
690 83
1 7 2
425 372
1 3 2
134 612
1 8 2
172 81
1 2 2
239 402
1 12 2
251 576
1 4 2
153 380
1 7 2
493 600
1 2 2
195 521
1 13 2
149 109
1 12 2
113 444
1 3 2
194 500
1 13 2
205 592
1 4 2
295 677
1 3 2
35 604
1 14 2
118 341
1 14 2
486 91
1 6 2
225 497
1 6 2
229 107
1 2 2
344 235
1 15 2
162 213
1 5 2
98 68
1 12 2
254 450
1 7 2
610 148
1 13 2
133 464
1 12 2
720 64
1 6 2
10 733
1 5 2
507 246
1 15 2
358 88
1 9 2
392 127
1 7 2
749 550
1 8 2
83 527
1 5 2
267 447
1 14 2
304 479
1 13 2
686 539
1 11 2
147 798
1 8 2
484 207
1 8 2
786 674
1 15 2
303 658
1 8 2
768 409
1 3 2
617 440
1 9 2
91 385
1 4 2
728 798
1 6 2
96 700
1 15 2
171 474
1 7 2
665 176
1 10 2
242 514
1 12 2
498 16
1 8 2
500 415
1 5 2
657 668
1 7 2
548 773
1 9 2
104 235
1 7 2
321 729
1 11 2
345 485
1 4 2
669 671
1 11 2
502 626
1 5 2
392 276
1 2 2
436 465
1 2 2
738 736
1 10 2
222 578
1 3 2
159 220
1 7 2
517 694
1 15 2
46 431
1 8 2
369 373
1 9 2
62 340
1 2 2
419 250
1 4 2
459 199
1 2 2
292 173
1 7 2
336 270
1 4 2
621 266
1 3 2
652 488
1 7 2
14 450
1 12 2
479 65
1 13 2
19 400
1 8 2
542 505
1 9 2
361 588
1 3 2
313 322
1 3 2
165 438
1 7 2
178 694
1 8 2
34 424
1 10 2
392 382
1 3 2
39 311
1 10 2
488 151
1 9 2
519 211
1 6 2
631 664
1 12 2
591 322
1 12 2
269 719
1 3 2
728 611
1 12 2
559 796
1 7 2
547 632
1 2 2
366 80
1 10 2
777 382
1 14 2
116 254
1 5 2
137 195
1 10 2
350 793
1 4 2
155 742
1 14 2
294 462
1 5 2
623 173
1 11 2
437 391
1 10 2
266 666
1 13 2
91 620
1 12 2
281 779
1 3 2
246 273
1 13 2
451 180
1 7 2
536 470
1 9 2
420 531
1 9 2
419 631
1 8 2
83 505
1 15 2
312 225
1 8 2
18 175
1 15 2
760 18
1 2 2
513 597
1 14 2
137 10
1 6 2
259 286
1 5 2
484 287
1 2 2
44 754
1 15 2
678 445
1 2 2
598 461
1 4 2
746 95
1 8 2
334 42
1 3 2
257 170
1 3 2
229 84
1 5 2
54 327
1 2 2
614 152
1 14 2
493 734
1 7 2
162 614
1 12 2
33 116
1 15 2
60 534
1 8 2
301 91
1 4 2
461 532
1 11 2
449 88
1 8 2
433 606
1 2 2
296 386
1 13 2
155 351
1 3 2
281 618
1 11 2
50 347
1 13 2
458 619
1 4 2
512 206
1 10 2
777 1
1 11 2
662 29
1 5 2
165 553
1 15 2
663 28
1 5 2
330 310
1 12 2
212 777
1 10 2
176 388
1 13 2
64 21
1 9 2
178 609
1 4 2
730 367
1 10 2
236 658
1 9 2
536 523
1 13 2
90 649
1 7 2
388 488
1 13 2
739 306
1 10 2
315 598
1 8 2
563 554
1 8 2
658 721
1 15 2
536 689
1 15 2
542 679
1 9 2
308 638
1 9 2
87 392
1 3 2
366 78
1 7 2
164 798
1 7 2
526 212
1 11 2
775 536
1 4 2
118 106
1 9 2
688 479
1 4 2
217 686
1 3 2
331 436
1 10 2
312 421
1 6 2
584 307
1 2 2
308 66
1 12 2
314 758
1 13 2
797 731
1 13 2
156 269
1 15 2
276 396
1 11 2
559 236
1 9 2
324 255
1 13 2
696 156
1 9 2
685 612
1 3 2
463 152
1 8 2
594 236
1 4 2
684 479
1 13 2
406 281
1 10 2
598 232
1 13 2
536 113
1 6 2
510 515
1 10 2
307 553
1 12 2
364 423
1 7 2
409 237
1 15 2
503 229
1 4 2
117 776
1 7 2
545 86
1 4 2
140 167
1 11 2
331 33
1 12 2
723 140
1 12 2
205 319
1 4 2
747 409
1 13 2
108 180
1 10 2
112 135
1 3 2
771 117
1 15 2
503 154
1 4 2
608 563
1 8 2
455 452
