800 6400 2400
19 20 11 12 24 13 25 5 14 14 5 20 17 9 18 9 7 24 16 6 9 12 11 6 13 21 21 25 7 17 13 22 17 13 23 20 6 22 11 21 14 24 19 25 22 19 25 5 8 15 18 6 24 17 22 15 24 24 20 9 22 19 19 8 9 20 13 15 16 16 11 11 21 12 24 12 11 20 21 5 18 7 8 25 23 19 10 11 19 7 17 16 15 20 9 22 10 10 16 14 19 8 10 10 14 13 6 11 17 22 15 22 22 25 23 7 10 19 13 10 25 7 11 22 17 14 21 24 11 5 5 16 18 14 15 25 19 17 25 10 6 7 24 19 24 22 15 7 16 7 24 11 6 19 8 25 17 19 20 5 9 6 25 7 24 24 21 12 10 19 21 18 24 23 14 13 5 22 20 6 10 6 12 22 10 5 13 8 5 12 5 21 8 6 17 14 24 6 16 12 24 14 6 20 15 5 19 25 8 22 25 8 11 24 16 20 6 5 8 10 13 9 13 19 24 10 6 8 7 15 17 22 14 5 5 20 23 11 12 8 18 13 6 19 6 20 18 20 13 13 13 19 11 16 19 8 21 17 13 10 22 21 15 8 23 11 9 25 5 5 9 14 8 25 22 10 24 13 11 12 15 10 19 22 23 17 11 9 24 19 19 14 18 15 23 5 17 6 16 21 7 14 9 17 11 12 5 21 8 23 16 12 13 13 25 7 5 22 11 24 22 10 12 20 8 22 21 5 25 23 20 14 21 23 12 17 15 22 25 11 24 6 7 22 10 14 21 12 23 16 19 5 15 6 17 12 17 24 15 23 16 11 25 8 14 12 15 13 7 25 11 12 17 18 23 21 17 6 19 22 10 11 6 6 24 19 21 6 20 9 5 19 5 21 14 25 22 7 23 23 24 25 5 7 14 25 12 10 15 24 17 10 22 23 17 23 11 7 15 21 5 20 15 9 6 6 10 9 17 17 19 25 17 15 12 8 24 8 25 24 16 5 17 7 7 9 5 12 11 9 17 15 17 18 18 11 23 16 7 18 14 9 5 5 19 22 12 19 21 17 25 12 20 16 11 17 6 10 14 25 25 24 9 8 24 8 12 15 25 15 14 15 10 17 5 11 5 16 11 24 5 22 10 24 11 18 15 10 17 21 25 25 20 22 20 12 14 22 11 9 10 21 12 20 21 24 17 10 15 9 9 11 11 24 10 11 6 8 13 10 11 14 11 7 22 10 21 25 21 21 8 20 6 17 21 16 8 17 24 11 7 22 5 22 25 24 13 9 10 11 5 22 22 14 15 22 19 20 5 22 8 14 18 12 19 12 8 6 21 21 20 5 8 17 15 7 15 9 10 20 16 20 13 18 5 8 13 16 7 6 9 17 24 12 19 6 22 6 25 16 17 19 10 17 13 7 21 6 5 17 5 8 20 10 8 19 8 12 9 25 9 7 12 22 6 13 13 9 10 18 21 6 9 5 19 7 23 14 21 25 20 25 5 13 14 9 19 15 11 22 22 11 15 24 17 17 12 23 9 22 14 13 17 25 25 11 6 10 16 8 17 20 10 15 23 14 21 13 17 13 23 16 21 25 15 25 15 13 25 12 25 5 16 7 10 17 9 25 18 20 23 20 16 14 18 8 16 17 20 18 14 9 6 19 8 23 14 8 17 25 15 24 5 19 23 9 17 8 20 12 11 15 20 5 9 5 25 11 6 9 15 15 21 18 5 24 17 5 18 12 19 16 21 12 10 9 7 10 16 25 12 20 20 23 19 13 9 13 11 6 6 15 9 25 7 16 16 9 19 25
3 9 3 11 8 3 8 8 7 18 7 11 15 9 14 11 3 7 4 13 9 20 5 8 15 7 17 11 3 7 8 17 9 7 9 13 18 18 19 14 18 20 8 3 4 15 13 20 8 15 10 5 5 7 3 14 17 20 17 12 14 5 11 20 4 12 14 4 4 3 13 15 4 5 13 10 19 4 7 15 14 13 12 16 5 19 15 11 17 14 19 12 13 15 19 8 7 8 16 14 11 6 17 4 3 9 17 20 4 13 4 15 5 11 10 11 13 5 12 19 14 12 15 6 5 13 3 19 18 14 4 8 11 18 11 16 10 6 5 10 14 6 14 13 14 17 10 7 7 8 12 19 4 4 11 8 13 12 6 7 15 7 8 18 12 20 12 18 11 8 13 4 8 3 3 14 9 9 15 20 7 7 10 4 9 16 19 6 17 13 15 8 15 15 13 12 5 4 6 15 19 12 7 20 5 11 16 8 11 13 15 16 17 6 10 13 3 7 20 16 19 19 19 19 14 7 7 10 13 10 18 18 9 12 18 6 9 6 13 17 17 4 9 8 7 9 3 16 3 10 8 20 16 16 8 18 10 4 9 19 13 14 13 19 18 20 13 19 10 6 19 13 11 12 4 15 14 8 11 11 4 8 8 11 6 12 9 3 4 18 18 3 3 12 17 11 3 11 14 15 6 4 9 14 8 17 3 10 7 17 14 11 14 19 17 8 5 18 5 6 4 6 18 7 18 19 10 6 11 7 8 13 13 4 4 20 4 5 11 8 11 10 6 14 4 9 3 4 14 11 9 5 8 10 17 13 15 11 9 3 18 11 15 20 7 5 15 3 6 17 7 20 15 10 16 5 5 6 11 8 3 19 12 5 4 12 9 18 20 13 9 4 15 6 16 9 13 12 6 3 9 19 20 11 12 8 4 9 11 5 19 8 19 10 19 15 4 15 17 16 7 8 5 16 7 10 19 17 18 4 11 6 14 14 18 15 5 15 20 18 11 17 9 5 14 6 9 9 7 10 18 18 8 5 17 15 9 15 19 14 13 12 9 7 4 7 20 10 18 3 10 5 13 17 9 13 14 10 19 10 15 9 8 17 5 3 9 18 19 7 19 17 15 13 14 10 3 4 4 13 20 9 4 3 10 9 8 12 14 12 14 6 13 19 13 5 9 12 9 6 9 19 13 7 20 19 17 10 20 11 12 12 15 4 9 13 10 6 19 7 14 10 11 18 15 9 19 17 7 20 8 5 15 4 9 9 10 11 20 4 20 11 6 11 19 7 19 10 17 17 12 11 4 16 8 20 5 20 14 7 13 13 13 5 7 20 5 7 3 7 17 15 12 14 6 7 17 7 4 18 11 15 5 15 5 6 10 12 17 5 19 4 20 18 11 17 3 13 20 16 9 4 18 14 6 17 13 20 14 13 10 16 16 6 14 19 11 11 9 4 14 7 12 14 20 18 20 19 8 11 5 17 19 3 7 3 3 5 13 15 18 13 17 5 3 14 15 4 9 19 11 4 15 12 11 20 16 5 7 3 20 7 14 9 9 9 7 11 20 7 11 7 12 10 12 9 9 18 3 4 17 19 4 6 19 14 10 4 17 18 12 9 13 11 14 18 4 20 11 14 4 17 10 6 20 18 4 13 16 20 12 5 6 18 5 7 17 17 10 5 9 12 6 17 9 9 13 5 15 4 16 14 7 19 7 12 7 5 4 5 18 5 15 11 12 5 17 13 13 7 11 17 4 5 6 13 20 16 7 10 3 5 6 3 13 17 16 6 13 13 3 13 14 20 17 19 9 7 5 8
1 11 2
109 364
1 11 2
331 716
1 15 2
194 581
1 3 2
757 765
1 3 2
511 344
1 13 2
387 676
1 3 2
219 165
1 14 2
33 261
1 4 2
8 347
1 3 2
647 638
1 5 2
264 686
1 5 2
462 105
1 6 2
409 796
1 2 2
89 744
1 3 2
434 670
1 2 2
70 124
1 15 2
396 650
1 5 2
386 398
1 10 2
332 773
1 14 2
775 473
1 7 2
674 315
1 5 2
798 723
1 5 2
111 560
1 14 2
532 255
1 15 2
57 441
1 15 2
205 216
1 4 2
724 544
1 2 2
266 552
1 3 2
67 194
1 6 2
349 119
1 13 2
786 519
1 13 2
743 475
1 12 2
458 539
1 2 2
690 382
1 11 2
331 530
1 14 2
288 170
1 14 2
535 2
1 6 2
597 262
1 9 2
278 545
1 13 2
286 162
1 14 2
784 224
1 15 2
690 359
1 10 2
280 343
1 7 2
452 134
1 13 2
399 751
1 6 2
356 673
1 11 2
442 484
1 2 2
410 691
1 9 2
764 54
1 13 2
59 312
1 15 2
726 227
1 4 2
343 179
1 14 2
739 784
1 13 2
552 139
1 8 2
792 75
1 2 2
44 391
1 11 2
206 602
1 3 2
192 280
1 5 2
346 524
1 5 2
373 496
1 10 2
417 509
1 14 2
255 492
1 7 2
255 516
1 13 2
344 46
1 9 2
82 486
1 15 2
221 9
1 4 2
172 776
1 12 2
359 506
1 6 2
524 17
1 12 2
693 198
1 7 2
186 28
1 11 2
431 263
1 13 2
769 315
1 14 2
739 534
1 11 2
79 456
1 5 2
392 121
1 12 2
342 22
1 2 2
100 30
1 9 2
503 652
1 15 2
687 203
1 8 2
548 200
1 5 2
664 224
1 7 2
773 634
1 9 2
469 581
1 7 2
34 667
1 2 2
625 312
1 14 2
65 461
1 8 2
487 23
1 13 2
671 786
1 4 2
321 263
1 9 2
268 754
1 8 2
80 60
1 7 2
551 18
1 13 2
670 282
1 12 2
18 568
1 4 2
565 263
1 4 2
309 771
1 9 2
718 607
1 13 2
260 175
1 7 2
251 86
1 3 2
693 699
1 7 2
561 341
1 6 2
298 162
1 9 2
252 539
1 6 2
487 383
1 11 2
486 175
1 2 2
472 95
1 6 2
646 652
1 8 2
131 269
1 13 2
0 12
1 3 2
648 602
1 12 2
230 238
1 11 2
679 639
1 14 2
74 772
1 2 2
21 354
1 15 2
248 142
1 2 2
344 349
1 2 2
612 315
1 5 2
783 666
1 14 2
670 259
1 3 2
471 359
1 8 2
470 478
1 9 2
782 462
1 11 2
666 148
1 8 2
178 634
1 9 2
562 750
1 10 2
427 561
1 13 2
301 687
1 10 2
707 657
1 6 2
295 353
1 7 2
134 735
1 9 2
147 578
1 15 2
782 191
1 11 2
109 585
1 9 2
514 622
1 6 2
28 732
1 3 2
702 717
1 5 2
109 768
1 12 2
618 159
1 6 2
406 793
1 8 2
59 501
1 3 2
462 345
1 10 2
63 35
1 14 2
206 103
1 4 2
355 69
1 9 2
457 236
1 2 2
609 286
1 6 2
738 330
1 15 2
36 83
1 11 2
516 713
1 15 2
615 68
1 14 2
769 413
1 8 2
115 489
1 3 2
290 315
1 15 2
747 103
1 2 2
362 30
1 11 2
637 313
1 8 2
751 85
1 2 2
678 468
1 11 2
161 528
1 2 2
634 725
1 15 2
411 732
1 7 2
595 675
1 9 2
644 31
1 2 2
685 668
1 9 2
39 716
1 9 2
217 790
1 15 2
746 474
1 6 2
456 282
1 6 2
215 423
1 5 2
610 471
1 14 2
476 478
1 10 2
287 713
1 13 2
381 709
1 15 2
244 714
1 2 2
82 529
1 13 2
373 552
1 3 2
138 171
1 12 2
709 330
1 8 2
481 483
1 5 2
554 761
1 5 2
749 473
1 14 2
665 189
1 3 2
570 520
1 13 2
320 19
1 7 2
496 464
1 4 2
463 131
1 14 2
783 537
1 5 2
521 649
1 15 2
594 378
1 3 2
593 122
1 9 2
248 250
1 7 2
217 215
1 13 2
131 503
1 11 2
492 215
1 5 2
196 310
1 7 2
208 768
1 12 2
322 542
1 8 2
87 309
1 9 2
603 507
1 2 2
696 72
1 8 2
260 240
1 12 2
190 604
1 9 2
92 386
1 15 2
582 279
1 13 2
361 620
1 9 2
664 387
1 7 2
150 600
1 7 2
396 132
1 10 2
61 510
1 15 2
634 12
1 13 2
99 502
1 9 2
579 659
1 13 2
136 368
1 2 2
398 741
1 14 2
560 453
1 5 2
578 661
1 5 2
414 583
1 3 2
657 410
1 3 2
595 365
1 11 2
6 35
1 15 2
348 620
1 5 2
789 154
1 9 2
0 564
1 11 2
203 630
1 12 2
149 108
1 8 2
50 206
1 15 2
75 427
1 12 2
32 31
1 4 2
340 268
1 11 2
764 328
1 11 2
67 737
1 2 2
730 717
1 3 2
120 324
1 9 2
204 616
1 5 2
575 594
1 8 2
307 624
1 13 2
136 234
1 8 2
50 643
1 11 2
456 383
1 5 2
276 95
1 15 2
670 179
1 14 2
676 256
1 6 2
535 168
1 7 2
374 753
1 3 2
77 671
1 6 2
562 611
1 14 2
259 105
1 7 2
453 40
1 14 2
514 640
1 7 2
543 325
1 11 2
401 571
1 6 2
94 576
1 3 2
48 748
1 9 2
589 432
1 4 2
630 490
1 11 2
522 348
1 8 2
539 470
1 2 2
655 632
1 6 2
179 590
1 9 2
217 754
1 10 2
624 141
1 15 2
88 3
1 2 2
189 209
1 13 2
265 659
1 13 2
334 217
1 9 2
288 469
1 15 2
326 25
1 3 2
152 202
1 10 2
669 176
1 5 2
428 2
1 14 2
603 496
1 12 2
705 620
1 3 2
259 739
1 13 2
473 319
1 5 2
683 792
1 6 2
223 113
1 13 2
784 212
1 6 2
746 440
1 5 2
302 425
1 3 2
336 379
1 11 2
632 291
1 15 2
194 250
1 3 2
754 646
1 8 2
137 130
1 8 2
493 728
1 2 2
78 27
1 15 2
616 696
1 7 2
715 479
1 10 2
106 769
1 6 2
463 492
1 6 2
595 468
1 3 2
149 93
1 7 2
584 53
1 9 2
265 303
1 5 2
700 248
1 2 2
502 384
1 4 2
45 315
1 9 2
216 390
1 3 2
6 105
1 8 2
463 547
1 6 2
327 264
1 11 2
743 360
1 6 2
249 247
1 11 2
718 97
1 3 2
80 40
1 7 2
524 159
1 5 2
391 596
1 9 2
214 592
1 12 2
109 541
1 2 2
564 361
1 8 2
264 654
1 8 2
598 255
1 5 2
371 165
1 7 2
412 662
1 9 2
564 153
1 2 2
29 405
1 5 2
489 145
1 12 2
793 715
1 7 2
292 328
1 12 2
83 721
1 8 2
45 390
1 5 2
730 670
1 9 2
284 573
1 6 2
349 665
1 11 2
374 342
1 14 2
748 570
1 4 2
744 136
1 14 2
567 419
1 6 2
518 305
1 14 2
294 187
1 6 2
486 613
1 15 2
501 529
1 9 2
4 74
1 9 2
216 650
1 15 2
558 653
1 8 2
260 545
1 3 2
638 316
1 2 2
553 614
1 14 2
92 224
1 8 2
363 718
1 4 2
244 140
1 14 2
733 522
1 14 2
167 780
1 3 2
587 158
1 5 2
266 129
1 7 2
774 608
1 12 2
293 677
1 9 2
286 284
1 7 2
609 538
1 9 2
762 517
1 12 2
325 105
1 3 2
379 628
1 2 2
554 45
1 3 2
124 97
1 14 2
75 645
1 9 2
644 140
1 7 2
5 554
1 3 2
724 772
1 9 2
131 568
1 2 2
210 121
1 9 2
728 535
1 10 2
305 167
1 3 2
69 662
1 15 2
254 504
1 9 2
731 363
1 7 2
245 714
1 4 2
171 534
1 3 2
431 440
1 15 2
523 134
1 10 2
106 675
1 5 2
514 426
1 9 2
123 729
1 15 2
629 230
1 10 2
631 738
1 7 2
14 705
1 10 2
773 449
1 3 2
330 402
1 11 2
127 493
1 6 2
148 646
1 11 2
0 454
1 6 2
19 36
1 13 2
783 113
1 9 2
254 66
1 12 2
392 78
1 13 2
684 550
1 2 2
475 689
1 9 2
626 148
1 6 2
318 447
1 5 2
615 485
1 5 2
768 408
1 4 2
795 321
1 10 2
431 253
1 7 2
388 185
1 9 2
238 393
1 14 2
485 108
1 12 2
730 18
1 14 2
588 72
1 12 2
417 660
1 11 2
538 143
1 15 2
794 459
1 13 2
690 423
1 9 2
793 602
1 15 2
523 13
1 2 2
623 294
1 4 2
2 694
1 15 2
561 518
1 12 2
132 555
1 15 2
241 563
1 12 2
2 125
1 11 2
639 592
1 9 2
614 318
1 10 2
319 511
1 5 2
375 558
1 14 2
705 332
1 8 2
116 352
1 6 2
765 773
1 15 2
40 443
1 11 2
487 685
1 3 2
194 218
1 15 2
594 24
1 8 2
164 22
1 12 2
490 331
1 2 2
634 494
1 7 2
91 574
1 10 2
540 3
1 10 2
775 697
1 11 2
722 378
1 10 2
439 723
1 9 2
396 733
1 3 2
742 111
1 4 2
155 270
1 5 2
266 79
1 13 2
611 638
1 8 2
496 518
1 11 2
663 308
1 6 2
776 682
1 13 2
532 657
1 14 2
315 393
1 4 2
362 612
1 3 2
781 247
1 10 2
695 18
1 13 2
241 523
1 6 2
799 682
1 6 2
270 419
1 9 2
121 458
1 5 2
207 568
1 15 2
601 12
1 5 2
177 700
1 10 2
742 215
1 2 2
671 480
1 15 2
290 746
1 3 2
341 765
1 15 2
467 111
1 14 2
179 248
1 8 2
33 70
1 15 2
676 417
1 5 2
220 110
1 4 2
765 418
1 2 2
115 221
1 9 2
658 695
1 11 2
118 620
1 8 2
79 206
1 3 2
730 704
1 10 2
485 347
1 11 2
518 171
1 8 2
302 750
1 8 2
561 446
1 10 2
738 521
1 3 2
436 641
1 7 2
717 199
1 3 2
402 799
1 11 2
339 28
1 6 2
91 321
1 14 2
753 44
1 14 2
700 285
1 2 2
230 112
1 6 2
248 535
1 4 2
441 725
1 7 2
795 398
1 9 2
142 372
1 9 2
364 580
1 6 2
553 722
1 13 2
609 792
1 11 2
18 622
1 15 2
793 366
1 10 2
549 158
1 13 2
567 437
1 3 2
213 317
1 12 2
228 372
1 4 2
353 409
1 13 2
404 364
1 11 2
693 42
1 8 2
743 714
1 12 2
538 7
1 11 2
369 181
1 11 2
382 52
1 6 2
632 551
1 9 2
141 305
1 2 2
594 17
1 10 2
600 151
1 5 2
479 212
1 2 2
218 128
1 11 2
164 93
1 15 2
265 262
1 7 2
724 247
1 6 2
525 605
1 14 2
719 379
1 14 2
544 766
1 7 2
629 409
1 13 2
203 620
1 10 2
114 795
1 5 2
210 449
1 2 2
336 111
1 14 2
272 580
1 14 2
763 198
1 2 2
107 452
1 5 2
477 111
1 14 2
442 45
1 15 2
607 320
1 7 2
401 206
1 2 2
356 637
1 14 2
305 33
1 11 2
84 750
1 14 2
184 15
1 6 2
641 131
1 9 2
668 660
1 4 2
234 157
1 13 2
670 667
1 12 2
272 507
1 3 2
386 252
1 7 2
570 678
1 10 2
465 681
1 15 2
0 282
1 3 2
633 726
1 4 2
423 638
1 6 2
311 352
1 8 2
168 378
1 3 2
513 734
1 7 2
355 514
1 12 2
784 582
1 10 2
71 256
1 7 2
203 421
1 14 2
729 786
1 8 2
152 410
1 2 2
159 269
1 7 2
585 59
1 6 2
164 717
1 7 2
517 616
1 7 2
223 731
1 5 2
146 672
1 15 2
617 339
1 12 2
333 668
1 5 2
355 504
1 15 2
348 456
1 7 2
39 416
1 4 2
439 429
1 7 2
175 384
1 11 2
109 794
1 10 2
776 222
1 12 2
62 282
1 4 2
469 451
1 3 2
275 208
1 10 2
283 580
1 14 2
355 268
1 11 2
221 495
1 5 2
141 379
1 5 2
766 465
1 10 2
126 382
1 11 2
182 781
1 14 2
485 145
1 3 2
192 134
1 15 2
185 261
1 13 2
388 746
1 5 2
732 341
1 2 2
347 253
1 15 2
709 90
1 6 2
167 606
1 3 2
55 102
1 3 2
451 280
1 9 2
284 682
1 4 2
641 408
1 13 2
385 355
1 15 2
443 576
1 15 2
182 574
1 15 2
44 554
1 7 2
142 434
1 6 2
31 117
1 7 2
10 266
1 5 2
746 764
1 12 2
619 228
1 9 2
542 768
1 2 2
179 584
1 7 2
226 55
1 6 2
15 265
1 4 2
177 58
1 6 2
394 133
1 11 2
679 505
1 15 2
355 720
1 6 2
655 223
1 6 2
116 616
1 14 2
289 757
1 14 2
531 492
1 2 2
210 65
1 11 2
87 382
1 7 2
201 422
1 4 2
332 480
1 13 2
693 296
1 5 2
506 703
1 14 2
378 692
1 5 2
133 274
1 11 2
359 649
1 9 2
103 27
1 6 2
525 742
1 9 2
641 157
1 6 2
64 171
1 10 2
56 547
1 9 2
178 135
1 7 2
625 224
1 9 2
504 284
1 12 2
373 703
1 13 2
621 641
1 2 2
513 199
1 8 2
181 738
1 3 2
787 401
1 13 2
737 138
1 14 2
790 219
1 2 2
326 578
1 7 2
763 311
1 15 2
719 506
1 13 2
502 743
1 15 2
506 478
1 8 2
511 68
1 6 2
309 188
1 11 2
566 2
1 2 2
566 493
1 10 2
433 746
1 9 2
330 259
1 12 2
342 380
1 10 2
672 389
1 8 2
164 256
1 5 2
395 200
1 4 2
574 17
1 15 2
287 784
1 2 2
150 23
1 13 2
416 528
1 6 2
199 616
1 12 2
453 388
1 3 2
670 82
1 9 2
671 44
1 5 2
572 795
1 15 2
561 731
1 11 2
60 371
1 5 2
784 681
1 7 2
191 599
1 3 2
510 241
1 15 2
3 54
1 12 2
38 232
1 4 2
172 414
1 15 2
690 92
1 2 2
718 309
1 12 2
39 338
1 10 2
673 92
1 4 2
466 751
1 12 2
219 731
1 11 2
89 513
1 13 2
172 714
1 2 2
390 211
1 9 2
200 441
1 15 2
21 343
1 10 2
646 185
1 12 2
550 125
1 15 2
520 161
1 12 2
482 561
1 4 2
68 227
1 10 2
686 578
1 2 2
301 309
1 2 2
348 61
1 14 2
124 73
1 14 2
742 622
1 14 2
285 658
1 5 2
507 337
1 13 2
477 161
1 2 2
105 643
1 15 2
210 110
1 4 2
632 56
1 14 2
658 460
1 14 2
51 408
1 3 2
87 209
1 6 2
601 577
1 12 2
701 308
1 6 2
239 140
1 14 2
153 128
1 10 2
555 202
1 10 2
498 425
1 4 2
620 27
1 11 2
231 221
1 2 2
15 698
1 12 2
758 771
1 14 2
17 87
1 2 2
757 671
1 13 2
444 317
1 15 2
493 213
1 10 2
125 259
1 3 2
680 77
1 12 2
564 41
1 5 2
158 7
1 9 2
70 359
1 12 2
735 406
1 5 2
694 11
1 3 2
480 257
1 3 2
348 667
1 9 2
504 161
1 12 2
187 508
1 11 2
564 540
1 7 2
775 266
1 6 2
646 554
1 5 2
40 151
1 7 2
356 332
1 10 2
798 299
1 14 2
656 578
1 12 2
333 62
1 15 2
789 792
1 6 2
355 188
1 7 2
327 593
1 15 2
11 430
1 2 2
687 97
1 10 2
142 691
1 11 2
537 276
1 5 2
80 473
1 15 2
99 502
1 15 2
301 38
1 8 2
428 749
1 4 2
302 376
1 9 2
629 555
1 5 2
229 50
1 9 2
595 765
1 2 2
518 683
1 7 2
152 700
1 9 2
666 278
1 8 2
651 447
1 5 2
12 35
1 15 2
504 302
1 10 2
654 292
1 15 2
797 710
1 6 2
48 667
1 3 2
579 646
1 15 2
386 762
1 2 2
225 773
1 12 2
694 300
1 11 2
426 301
1 5 2
782 265
1 7 2
644 334
1 4 2
781 292
1 6 2
322 700
1 11 2
241 371
1 7 2
252 99
1 5 2
63 238
1 7 2
696 526
1 4 2
350 732
1 5 2
264 14
1 4 2
83 41
1 10 2
196 753
1 5 2
762 599
1 4 2
278 98
1 4 2
14 551
1 13 2
130 197
1 2 2
91 756
1 2 2
559 51
1 12 2
531 227
1 15 2
636 28
1 2 2
649 256
1 6 2
413 144
1 3 2
726 420
1 14 2
400 334
1 5 2
627 594
1 3 2
426 510
1 12 2
642 281
1 13 2
437 359
1 4 2
714 765
1 10 2
411 665
1 6 2
260 799
1 12 2
605 193
1 4 2
631 203
1 5 2
606 699
1 15 2
576 688
1 6 2
56 190
1 7 2
428 657
1 3 2
525 211
1 10 2
195 478
1 7 2
24 417
1 3 2
319 491
1 13 2
658 281
1 15 2
467 455
1 4 2
142 596
1 13 2
22 737
1 10 2
392 303
1 6 2
122 610
1 13 2
405 467
1 14 2
186 331
1 9 2
795 596
1 8 2
256 149
1 9 2
49 8
1 10 2
470 481
1 13 2
515 613
1 6 2
355 487
1 6 2
424 795
1 13 2
556 603
1 8 2
5 514
1 11 2
554 250
1 5 2
751 773
1 6 2
690 350
1 14 2
328 46
1 7 2
704 743
1 3 2
161 627
1 4 2
703 371
1 9 2
709 664
1 11 2
300 611
1 8 2
151 380
1 11 2
347 420
1 5 2
711 572
1 6 2
442 565
1 5 2
207 208
1 3 2
79 457
1 12 2
277 291
1 12 2
532 228
1 10 2
383 302
1 8 2
548 700
1 14 2
446 548
1 5 2
205 715
1 8 2
453 206
1 5 2
495 614
1 5 2
301 305
1 12 2
749 166
1 4 2
400 100
1 5 2
559 770
1 10 2
564 706
1 4 2
621 309
1 14 2
325 154
1 13 2
307 76
1 8 2
49 197
1 13 2
495 406
1 7 2
304 727
1 5 2
510 204
1 7 2
761 329
1 6 2
211 612
1 3 2
292 521
1 10 2
539 155
1 6 2
67 775
1 14 2
577 230
1 2 2
25 614
1 4 2
105 413
1 10 2
655 754
1 6 2
784 594
1 6 2
589 469
1 9 2
797 725
1 11 2
38 614
1 11 2
98 374
1 2 2
787 60
1 8 2
761 347
1 9 2
80 109
1 2 2
295 190
1 14 2
373 741
1 7 2
485 444
1 7 2
103 532
1 12 2
292 51
1 3 2
53 405
1 5 2
635 354
1 11 2
625 136
1 4 2
115 607
1 4 2
673 561
1 15 2
746 639
1 4 2
672 377
1 8 2
619 328
1 12 2
779 364
1 12 2
444 660
1 11 2
430 56
1 7 2
72 370
1 6 2
9 596
1 14 2
606 414
1 2 2
464 603
1 6 2
282 766
1 4 2
29 61
1 4 2
508 746
1 12 2
410 67
1 5 2
470 654
1 2 2
575 694
1 13 2
623 419
1 11 2
309 342
1 4 2
536 57
1 9 2
542 698
1 8 2
376 148
1 5 2
690 329
1 5 2
126 206
1 8 2
149 380
1 13 2
786 248
1 2 2
25 612
1 9 2
125 237
1 11 2
427 439
1 4 2
594 449
1 4 2
690 788
1 15 2
109 87
1 13 2
783 675
1 5 2
363 6
1 10 2
311 342
1 12 2
1 179
1 12 2
579 413
1 9 2
281 744
1 14 2
763 737
1 4 2
327 464
1 8 2
459 62
1 7 2
607 525
1 8 2
448 691
1 5 2
536 409
1 12 2
118 658
1 13 2
425 341
1 7 2
596 712
1 5 2
40 380
1 8 2
39 531
1 9 2
280 455
1 6 2
649 663
1 6 2
23 438
1 3 2
155 313
1 4 2
749 649
1 3 2
623 350
1 7 2
109 671
1 4 2
245 745
1 5 2
190 507
1 14 2
750 87
1 10 2
184 116
1 9 2
70 666
1 14 2
66 323
1 9 2
426 491
1 6 2
400 301
1 10 2
10 494
1 2 2
316 58
1 4 2
796 197
1 14 2
77 538
1 8 2
677 169
1 9 2
605 411
1 4 2
292 640
1 15 2
89 206
1 14 2
547 27
1 12 2
686 466
1 14 2
487 262
1 9 2
213 53
1 14 2
184 206
1 8 2
304 545
1 6 2
629 318
1 6 2
244 210
1 4 2
518 515
1 15 2
432 127
1 3 2
318 436
1 7 2
471 529
1 9 2
138 187
1 9 2
178 41
1 7 2
777 370
1 15 2
133 492
1 6 2
257 664
1 14 2
506 229
1 15 2
348 242
1 6 2
77 223
1 6 2
216 629
1 13 2
545 371
1 5 2
30 57
1 10 2
712 110
1 11 2
639 303
1 14 2
766 286
1 5 2
317 426
1 4 2
307 512
1 6 2
735 327
1 6 2
311 617
1 15 2
552 9
1 6 2
234 390
1 6 2
489 232
1 2 2
223 315
1 4 2
86 346
1 13 2
517 145
1 7 2
559 152
1 8 2
447 368
1 12 2
236 423
1 8 2
629 769
1 10 2
159 132
1 2 2
483 7
1 13 2
182 22
1 5 2
427 302
1 8 2
1 444
1 3 2
724 360
1 6 2
602 506
1 4 2
30 302
1 4 2
780 275
1 3 2
643 177
1 14 2
339 177
1 11 2
659 286
1 14 2
481 398
1 6 2
285 70
1 4 2
298 771
1 3 2
341 570
1 12 2
4 781
1 2 2
400 305
1 12 2
395 662
1 3 2
206 12
1 15 2
340 681
1 6 2
661 595
1 5 2
36 100
1 2 2
699 284
1 4 2
686 272
1 4 2
593 282
1 15 2
658 184
1 15 2
189 290
1 8 2
227 561
1 14 2
19 515
1 8 2
133 126
1 11 2
757 211
1 6 2
84 751
1 7 2
637 565
1 4 2
177 124
1 6 2
716 475
1 8 2
526 717
1 6 2
642 753
1 8 2
758 488
1 5 2
453 133
1 9 2
597 379
1 12 2
374 147
1 12 2
711 63
1 8 2
171 626
1 6 2
561 751
1 14 2
174 642
1 5 2
174 25
1 11 2
203 259
1 6 2
403 769
1 6 2
239 50
1 14 2
605 691
1 4 2
533 358
1 10 2
151 680
1 5 2
34 244
1 3 2
557 351
1 14 2
144 615
1 7 2
704 787
1 4 2
57 554
1 3 2
603 661
1 11 2
349 645
1 11 2
580 481
1 3 2
96 653
1 15 2
218 206
1 2 2
228 759
1 5 2
761 591
1 5 2
174 514
1 2 2
722 748
1 14 2
733 451
1 3 2
778 595
1 15 2
388 726
1 10 2
140 739
1 6 2
543 577
1 12 2
332 219
1 12 2
601 608
1 2 2
707 185
1 12 2
498 648
1 8 2
763 37
1 10 2
755 136
1 9 2
242 483
1 14 2
322 794
1 4 2
496 211
1 14 2
106 159
1 7 2
404 369
1 10 2
186 572
1 14 2
4 161
1 7 2
463 597
1 10 2
474 506
1 15 2
243 397
1 10 2
80 392
1 8 2
135 588
1 8 2
427 314
1 11 2
621 20
1 15 2
557 373
1 9 2
188 563
1 8 2
749 467
1 7 2
292 719
1 9 2
457 614
1 12 2
675 519
1 6 2
176 62
1 8 2
133 457
1 2 2
346 134
1 5 2
774 119
1 5 2
645 719
1 7 2
81 192
1 12 2
100 278
1 15 2
248 514
1 14 2
593 540
1 13 2
698 223
1 7 2
51 687
1 6 2
366 550
1 3 2
557 452
1 5 2
213 371
1 3 2
677 233
1 11 2
702 586
1 12 2
555 380
1 5 2
783 561
1 9 2
472 45
1 8 2
737 738
1 6 2
435 4
1 13 2
529 621
1 8 2
209 330
1 9 2
136 689
1 14 2
137 553
1 8 2
106 17
1 8 2
622 6
1 2 2
121 739
1 7 2
215 651
1 2 2
712 247
1 13 2
2 771
1 2 2
624 584
1 10 2
93 597
1 15 2
378 521
1 10 2
424 478
1 3 2
452 719
1 8 2
779 227
1 3 2
268 131
1 5 2
352 450
1 5 2
506 752
1 2 2
544 29
1 6 2
492 213
1 12 2
627 534
1 4 2
528 533
1 14 2
328 72
1 2 2
66 256
1 3 2
615 503
1 4 2
689 661
1 3 2
344 172
1 3 2
138 745
1 15 2
336 66
1 10 2
193 51
1 11 2
471 59
1 15 2
555 473
1 8 2
101 269
1 8 2
88 27
1 15 2
99 616
1 9 2
435 570
1 6 2
327 734
1 11 2
458 40
1 5 2
733 306
1 6 2
123 618
1 2 2
184 165
1 12 2
9 404
1 4 2
286 5
1 11 2
571 647
1 6 2
504 343
1 8 2
11 171
1 14 2
543 626
1 8 2
84 355
1 6 2
536 20
1 6 2
645 642
1 3 2
370 309
1 13 2
125 262
1 13 2
747 588
1 3 2
400 107
1 4 2
367 703
1 3 2
621 602
1 3 2
246 154
1 9 2
650 44
1 13 2
620 546
1 3 2
747 500
1 12 2
368 378
1 10 2
732 743
1 12 2
293 754
1 12 2
523 176
1 14 2
750 608
1 7 2
133 125
1 9 2
528 308
1 12 2
1 511
1 5 2
61 799
1 6 2
391 86
1 11 2
648 709
1 12 2
601 732
1 7 2
653 191
1 7 2
336 3
1 3 2
346 393
1 4 2
641 670
1 9 2
728 176
1 10 2
774 317
1 5 2
526 537
1 3 2
42 462
1 13 2
49 21
1 10 2
546 117
1 2 2
10 367
1 11 2
733 322
1 7 2
59 362
1 13 2
458 640
1 13 2
131 374
1 14 2
657 364
1 3 2
210 132
1 9 2
580 516
1 12 2
249 792
1 9 2
225 348
1 5 2
654 651
1 12 2
65 426
1 13 2
364 22
1 10 2
793 674
1 10 2
708 97
1 15 2
162 184
1 10 2
157 26
1 7 2
790 124
1 13 2
89 521
1 15 2
731 734
1 3 2
502 209
1 5 2
112 439
1 5 2
227 41
1 9 2
6 619
1 13 2
295 727
1 2 2
776 636
1 5 2
740 447
1 8 2
212 59
1 12 2
46 368
1 6 2
80 386
1 13 2
577 464
1 12 2
782 532
1 10 2
605 643
1 5 2
273 356
1 3 2
306 572
1 10 2
55 724
1 15 2
135 43
1 6 2
377 29
1 8 2
111 248
1 11 2
473 218
1 2 2
344 407
1 10 2
624 511
1 3 2
619 156
1 13 2
786 756
1 14 2
222 778
1 2 2
122 620
1 7 2
642 547
1 8 2
163 401
1 14 2
155 424
1 15 2
535 350
1 8 2
646 508
1 7 2
458 365
1 2 2
617 731
1 8 2
191 487
1 6 2
352 306
1 9 2
377 779
1 5 2
238 507
1 9 2
284 717
1 5 2
92 691
1 7 2
27 595
1 6 2
333 717
1 11 2
225 328
1 5 2
324 27
1 3 2
58 456
1 8 2
296 786
1 11 2
572 420
1 6 2
384 42
1 15 2
258 779
1 6 2
525 702
1 11 2
734 766
1 15 2
239 86
1 12 2
449 144
1 5 2
202 707
1 4 2
629 241
1 15 2
303 121
1 10 2
609 438
1 15 2
401 586
1 5 2
365 90
1 5 2
705 519
1 11 2
317 279
1 6 2
35 58
1 5 2
262 14
1 14 2
187 326
1 13 2
751 355
1 2 2
339 306
1 14 2
580 72
1 12 2
91 361
1 14 2
129 382
1 8 2
352 719
1 6 2
111 495
1 2 2
62 680
1 5 2
412 146
1 11 2
571 617
1 11 2
281 778
1 8 2
643 448
1 12 2
76 679
1 9 2
540 405
1 14 2
724 418
1 12 2
750 395
1 8 2
48 614
1 5 2
68 305
1 7 2
303 740
1 9 2
203 609
1 6 2
772 40
1 13 2
256 525
1 12 2
336 622
1 7 2
163 346
1 2 2
33 232
1 5 2
423 642
1 12 2
186 59
1 13 2
470 246
1 2 2
678 49
1 3 2
707 377
1 7 2
191 584
1 8 2
142 92
1 6 2
176 761
1 9 2
603 735
1 3 2
750 698
1 8 2
556 587
1 4 2
692 254
1 5 2
21 575
1 13 2
500 21
1 3 2
321 259
1 12 2
347 330
1 8 2
579 311
1 11 2
758 437
1 11 2
745 442
1 13 2
290 711
1 6 2
164 366
1 2 2
396 479
1 5 2
99 206
1 15 2
770 239
1 6 2
36 279
1 12 2
277 340
1 2 2
636 216
1 4 2
277 265
1 13 2
58 587
1 10 2
493 309
1 8 2
97 369
1 6 2
764 494
1 7 2
552 489
1 4 2
334 776
1 11 2
548 624
1 3 2
160 593
1 4 2
388 65
1 9 2
477 84
1 9 2
26 732
1 8 2
399 398
1 10 2
67 325
1 15 2
230 429
1 6 2
755 557
1 10 2
415 614
1 6 2
525 216
1 5 2
562 255
1 10 2
200 438
1 3 2
369 732
1 2 2
98 223
1 3 2
62 337
1 10 2
102 7
1 7 2
304 109
1 3 2
531 306
1 11 2
114 453
1 4 2
287 620
1 6 2
660 388
1 6 2
164 27
1 12 2
110 734
1 7 2
256 488
1 6 2
560 103
1 9 2
559 104
1 9 2
716 432
1 11 2
599 180
1 11 2
707 685
1 8 2
302 597
1 11 2
25 259
1 12 2
270 12
1 4 2
563 256
1 9 2
375 381
1 10 2
454 412
1 9 2
48 9
1 8 2
388 686
1 7 2
639 8
1 3 2
250 304
1 5 2
348 249
1 2 2
377 192
1 10 2
658 546
1 3 2
667 358
1 15 2
565 408
1 13 2
706 11
1 13 2
711 422
1 15 2
299 367
1 11 2
451 86
1 12 2
64 188
1 5 2
602 284
1 7 2
178 19
1 7 2
219 47
1 3 2
773 433
1 2 2
759 4
1 12 2
457 241
1 5 2
409 161
1 8 2
175 12
1 6 2
229 482
1 14 2
472 712
1 11 2
564 273
1 11 2
469 668
1 5 2
240 473
1 3 2
500 10
1 6 2
486 654
1 10 2
393 44
1 3 2
190 317
1 3 2
761 4
1 6 2
5 67
1 9 2
763 367
1 4 2
586 12
1 15 2
412 554
1 13 2
473 252
1 2 2
499 17
1 11 2
635 758
1 9 2
602 494
1 7 2
4 782
1 15 2
449 30
1 4 2
680 572
1 15 2
523 79
1 6 2
594 279
1 7 2
740 0
1 4 2
468 559
1 12 2
576 183
1 6 2
674 535
1 14 2
742 270
1 13 2
287 626
1 10 2
11 177
1 6 2
139 400
1 3 2
765 787
1 6 2
255 372
1 10 2
434 137
1 4 2
393 755
1 14 2
741 481
1 2 2
327 563
1 10 2
698 647
1 5 2
17 234
1 11 2
727 722
1 7 2
187 668
1 3 2
13 501
1 4 2
187 364
1 4 2
243 563
1 9 2
799 585
1 4 2
498 315
1 15 2
585 483
1 3 2
63 596
1 11 2
427 269
1 7 2
162 362
1 7 2
40 664
1 10 2
628 780
1 12 2
750 445
1 5 2
341 664
1 11 2
692 394
1 4 2
49 212
1 9 2
145 747
1 11 2
679 385
1 13 2
223 55
1 3 2
483 47
1 13 2
626 46
1 8 2
209 276
1 11 2
18 326
1 4 2
250 469
1 11 2
573 757
1 14 2
206 580
1 7 2
34 337
1 7 2
10 248
1 13 2
484 774
1 12 2
268 699
1 5 2
208 507
1 6 2
140 530
1 13 2
695 377
1 12 2
218 77
1 9 2
271 649
1 5 2
565 375
1 11 2
362 788
1 5 2
323 260
1 6 2
24 347
1 3 2
140 574
1 8 2
783 645
1 6 2
656 237
1 13 2
436 560
1 4 2
799 367
1 6 2
641 466
1 5 2
627 491
1 2 2
567 113
1 11 2
204 438
1 3 2
535 681
1 2 2
175 536
1 15 2
610 387
1 6 2
696 491
1 12 2
279 599
1 5 2
467 733
1 7 2
272 271
1 13 2
179 1
1 10 2
511 344
1 8 2
294 292
1 4 2
72 414
1 12 2
735 61
1 4 2
86 277
1 11 2
543 230
1 15 2
463 84
1 6 2
283 296
1 5 2
333 491
1 14 2
441 718
1 9 2
543 122
1 5 2
553 665
1 14 2
629 539
1 8 2
395 221
1 2 2
279 209
1 3 2
297 20
1 5 2
241 45
1 8 2
60 519
1 15 2
199 135
1 9 2
4 322
1 12 2
338 148
1 8 2
554 76
1 10 2
464 285
1 8 2
524 508
1 14 2
111 366
1 10 2
385 563
1 9 2
278 243
1 3 2
460 282
1 4 2
152 346
1 10 2
688 281
1 11 2
582 119
1 9 2
0 552
1 7 2
570 489
1 2 2
169 38
1 15 2
609 527
1 12 2
737 412
1 15 2
557 523
1 12 2
74 602
1 12 2
324 779
1 13 2
374 10
1 12 2
563 741
1 9 2
494 592
1 4 2
788 191
1 12 2
581 554
1 10 2
305 554
1 12 2
791 95
1 13 2
317 472
1 6 2
122 386
1 9 2
588 294
1 9 2
296 428
1 9 2
546 446
1 8 2
431 518
1 15 2
114 726
1 6 2
730 762
1 2 2
84 113
1 14 2
536 213
1 8 2
13 550
1 4 2
148 63
1 3 2
144 8
1 11 2
414 250
1 5 2
167 173
1 12 2
721 580
1 14 2
665 145
1 2 2
589 33
1 11 2
15 500
1 15 2
569 5
1 14 2
489 411
1 11 2
473 217
1 14 2
696 22
1 3 2
296 508
1 10 2
521 115
1 11 2
224 510
1 6 2
527 230
1 9 2
419 598
1 2 2
520 508
1 7 2
227 312
1 13 2
428 684
1 13 2
122 796
1 5 2
136 605
1 5 2
699 625
1 6 2
396 502
1 2 2
368 487
1 3 2
653 336
1 15 2
730 406
1 14 2
310 797
1 8 2
35 678
1 3 2
143 438
1 6 2
432 623
1 10 2
677 760
1 4 2
743 523
1 3 2
16 203
1 13 2
552 292
1 6 2
585 167
1 4 2
525 490
1 2 2
230 295
1 13 2
283 415
1 10 2
576 193
1 2 2
401 91
1 2 2
127 651
1 10 2
276 777
1 2 2
419 709
1 9 2
98 656
1 4 2
155 604
1 13 2
478 529
1 6 2
4 383
1 5 2
728 79
1 7 2
400 769
1 11 2
680 466
1 13 2
665 258
1 9 2
287 558
1 3 2
609 542
1 14 2
432 498
1 5 2
504 109
1 6 2
88 734
1 12 2
701 658
1 13 2
102 294
1 11 2
420 87
1 15 2
356 308
1 15 2
715 307
1 15 2
784 418
1 8 2
408 734
1 14 2
147 392
1 11 2
190 188
1 14 2
139 88
1 6 2
777 40
1 14 2
323 461
1 13 2
183 594
1 4 2
383 43
1 12 2
244 166
1 14 2
182 63
1 9 2
712 638
1 10 2
221 673
1 15 2
735 533
1 13 2
92 242
1 3 2
432 367
1 8 2
710 143
1 15 2
516 569
1 4 2
132 474
1 2 2
478 468
1 11 2
314 488
1 12 2
654 510
1 10 2
213 604
1 6 2
651 788
1 9 2
677 611
1 10 2
712 759
1 6 2
490 761
1 2 2
315 378
1 14 2
366 305
1 5 2
214 654
1 8 2
493 182
1 3 2
331 735
1 7 2
753 76
1 6 2
445 605
1 8 2
443 316
1 6 2
393 129
1 13 2
96 15
1 5 2
147 403
1 6 2
539 449
1 8 2
46 569
1 13 2
489 460
1 4 2
353 203
1 2 2
439 707
1 6 2
675 293
1 11 2
61 535
1 8 2
791 646
1 15 2
366 630
1 14 2
728 487
1 10 2
150 201
1 14 2
652 549
1 4 2
672 727
1 8 2
611 337
1 4 2
192 198
1 6 2
717 577
1 15 2
782 279
1 6 2
110 599
1 4 2
605 329
1 12 2
173 644
1 4 2
548 680
1 15 2
430 376
1 14 2
224 321
1 5 2
58 252
1 2 2
277 401
1 14 2
169 282
1 12 2
565 51
1 8 2
171 562
1 9 2
419 428
1 15 2
764 714
1 5 2
317 425
1 14 2
57 446
1 10 2
326 267
1 5 2
367 691
1 7 2
197 764
1 13 2
468 683
1 5 2
401 253
1 13 2
394 193
1 2 2
726 137
1 10 2
111 554
1 13 2
670 79
1 14 2
462 671
1 12 2
476 583
1 11 2
711 682
1 7 2
744 211
1 7 2
762 355
1 14 2
89 46
1 4 2
673 610
1 13 2
712 441
1 6 2
777 115
1 10 2
598 683
1 3 2
550 552
1 10 2
249 366
1 13 2
505 670
1 7 2
355 238
1 3 2
672 336
1 11 2
680 529
1 8 2
20 257
1 15 2
117 373
1 6 2
121 133
1 11 2
334 480
1 10 2
374 359
1 4 2
551 637
1 3 2
600 631
1 12 2
532 276
1 11 2
278 768
1 7 2
547 56
1 8 2
210 641
1 13 2
667 362
1 13 2
213 54
1 3 2
64 292
1 15 2
520 41
1 15 2
40 291
1 7 2
484 269
1 14 2
442 374
1 6 2
9 4
1 12 2
163 598
1 15 2
160 690
1 10 2
642 123
1 11 2
179 248
1 10 2
552 480
1 15 2
253 534
1 10 2
1 355
1 6 2
695 235
1 4 2
299 398
1 14 2
677 671
1 12 2
550 180
1 9 2
91 106
1 4 2
628 133
1 2 2
630 469
1 11 2
112 299
1 4 2
113 264
1 7 2
607 687
1 5 2
248 669
1 5 2
352 779
1 12 2
105 382
1 8 2
229 475
1 9 2
418 340
1 10 2
217 625
1 10 2
518 716
1 7 2
708 410
1 7 2
662 689
1 2 2
787 701
1 2 2
378 103
1 11 2
31 79
1 15 2
240 119
1 13 2
71 707
1 2 2
656 80
1 7 2
233 174
1 6 2
441 629
1 9 2
347 404
1 10 2
641 461
1 12 2
208 464
1 12 2
447 75
1 8 2
404 367
1 4 2
117 490
1 7 2
500 18
1 3 2
235 28
1 12 2
522 562
1 7 2
631 395
1 5 2
271 329
1 3 2
189 515
1 2 2
765 754
1 12 2
387 463
1 11 2
687 664
1 11 2
130 614
1 3 2
301 690
1 6 2
770 129
1 3 2
720 483
1 5 2
208 769
1 15 2
393 742
1 14 2
235 619
1 13 2
3 207
1 10 2
400 732
1 5 2
725 640
1 2 2
75 687
1 5 2
647 83
1 6 2
302 306
1 9 2
479 713
1 15 2
484 114
1 6 2
720 466
1 4 2
114 206
1 13 2
30 230
1 7 2
12 744
1 4 2
6 174
1 12 2
398 365
1 12 2
513 501
1 2 2
14 47
1 12 2
375 297
1 5 2
465 107
1 14 2
795 673
1 8 2
254 763
1 7 2
709 369
1 9 2
115 229
1 6 2
567 234
1 2 2
275 78
1 12 2
237 512
1 14 2
430 452
1 12 2
747 71
1 11 2
426 2
1 15 2
797 317
1 3 2
50 600
1 13 2
81 724
1 9 2
652 700
1 4 2
759 80
1 3 2
179 765
1 2 2
538 383
1 13 2
568 696
1 2 2
669 535
1 15 2
179 429
1 14 2
600 328
1 7 2
214 662
1 6 2
77 662
1 8 2
560 132
1 15 2
571 340
1 11 2
736 772
1 15 2
43 180
1 5 2
774 599
1 2 2
704 724
1 12 2
487 64
1 9 2
7 433
1 13 2
314 18
1 13 2
11 263
1 2 2
761 509
1 6 2
356 520
1 14 2
557 617
1 7 2
29 780
1 3 2
784 661
1 15 2
710 4
1 15 2
109 12
1 6 2
630 64
1 11 2
125 696
1 3 2
383 221
1 15 2
221 39
1 8 2
237 377
1 8 2
332 479
1 10 2
31 329
1 12 2
699 397
1 14 2
105 668
1 12 2
101 236
1 8 2
625 310
1 11 2
94 504
1 12 2
132 565
1 14 2
393 409
1 11 2
231 135
1 8 2
82 434
1 4 2
3 678
1 7 2
133 356
1 13 2
171 331
1 8 2
545 134
1 10 2
98 53
1 4 2
3 609
1 3 2
709 147
1 11 2
116 584
1 6 2
172 560
1 11 2
359 248
1 7 2
87 537
1 9 2
576 149
1 15 2
737 349
1 2 2
505 652
1 2 2
400 62
1 8 2
473 690
1 11 2
156 463
1 15 2
13 616
1 15 2
48 301
1 6 2
107 240
1 5 2
543 61
1 7 2
744 652
1 2 2
293 265
1 8 2
391 393
1 9 2
669 504
1 15 2
477 749
1 9 2
418 515
1 11 2
337 42
1 9 2
615 321
1 4 2
171 545
1 8 2
702 86
1 2 2
115 696
1 7 2
735 470
1 12 2
212 754
1 13 2
160 515
1 9 2
170 60
1 10 2
266 444
1 5 2
540 278
1 9 2
189 380
1 6 2
426 756
1 7 2
677 637
1 12 2
442 176
1 2 2
699 463
1 4 2
292 784
1 9 2
483 111
1 2 2
380 676
1 12 2
289 581
1 12 2
673 588
1 6 2
231 363
1 13 2
399 110
1 5 2
319 798
1 10 2
444 728
1 10 2
416 661
1 6 2
780 629
1 10 2
312 418
1 14 2
697 196
1 12 2
725 735
1 11 2
263 473
1 12 2
153 737
1 15 2
422 725
1 14 2
430 310
1 8 2
641 731
1 12 2
264 319
1 10 2
53 512
1 14 2
679 670
1 3 2
518 120
1 15 2
324 48
1 6 2
221 536
1 4 2
698 629
1 13 2
419 583
1 14 2
481 323
1 3 2
260 615
1 6 2
477 284
1 5 2
655 82
1 6 2
362 174
1 4 2
51 580
1 15 2
187 223
1 6 2
79 278
1 12 2
176 683
1 7 2
743 96
1 7 2
91 460
1 5 2
80 436
1 14 2
520 544
1 3 2
225 186
1 13 2
78 455
1 5 2
88 491
1 5 2
0 151
1 6 2
239 489
1 2 2
785 302
1 12 2
787 194
1 7 2
677 216
1 4 2
406 323
1 8 2
170 189
1 8 2
355 505
1 11 2
91 218
1 3 2
260 266
1 5 2
339 726
1 9 2
451 793
1 12 2
158 256
1 9 2
703 465
1 7 2
282 297
1 10 2
790 763
1 9 2
215 291
1 14 2
197 102
1 14 2
668 237
1 9 2
291 643
1 7 2
424 391
1 9 2
270 346
1 14 2
62 346
1 8 2
531 700
1 7 2
384 252
1 4 2
711 556
1 15 2
183 60
1 8 2
772 385
1 4 2
432 501
1 5 2
382 696
1 12 2
70 504
1 12 2
332 185
1 3 2
460 273
1 5 2
330 203
1 2 2
368 710
1 6 2
159 726
1 12 2
77 346
1 9 2
701 648
1 13 2
178 765
1 11 2
187 696
1 12 2
610 438
1 10 2
659 471
1 12 2
13 119
1 14 2
525 480
1 11 2
795 505
1 4 2
52 762
1 14 2
699 126
1 9 2
714 373
1 11 2
629 398
1 13 2
420 772
1 6 2
0 26
1 15 2
308 504
1 8 2
736 209
1 14 2
41 250
1 11 2
348 673
1 9 2
190 527
1 5 2
10 73
1 6 2
80 337
1 14 2
708 718
1 13 2
687 771
1 7 2
620 257
1 6 2
12 688
1 8 2
698 463
1 3 2
662 231
1 7 2
721 395
1 11 2
517 250
1 4 2
258 162
1 13 2
7 76
1 13 2
264 479
1 13 2
225 135
1 15 2
57 90
1 12 2
294 567
1 9 2
404 249
1 12 2
86 561
1 13 2
747 616
1 15 2
653 335
1 12 2
415 521
1 6 2
683 115
1 4 2
615 798
1 4 2
138 153
1 13 2
183 603
1 14 2
643 671
1 15 2
407 441
1 3 2
673 263
1 11 2
36 725
1 3 2
685 394
1 2 2
469 1
1 12 2
670 592
1 11 2
373 409
1 4 2
640 506
1 4 2
346 339
1 11 2
406 627
1 12 2
435 298
1 10 2
625 624
1 7 2
597 350
1 15 2
765 544
1 7 2
89 716
1 13 2
424 147
1 5 2
353 286
1 5 2
202 346
1 3 2
347 218
1 11 2
311 400
1 6 2
472 689
1 15 2
193 44
1 11 2
646 650
1 14 2
91 464
1 6 2
104 186
1 4 2
128 183
1 8 2
8 498
1 2 2
349 499
1 13 2
80 307
1 3 2
689 586
1 12 2
41 250
1 11 2
114 701
1 10 2
144 770
1 5 2
98 474
1 3 2
738 445
1 2 2
645 672
1 11 2
402 734
1 9 2
472 64
1 12 2
774 255
1 6 2
521 352
1 14 2
534 610
1 4 2
376 350
1 13 2
498 551
1 8 2
524 618
1 7 2
432 349
1 2 2
734 217
1 2 2
640 596
1 15 2
234 607
1 10 2
530 46
1 8 2
115 617
1 9 2
302 147
1 7 2
663 15
1 10 2
696 3
1 13 2
407 270
1 2 2
608 11
1 11 2
133 567
1 14 2
272 706
1 4 2
52 11
1 14 2
111 338
1 2 2
595 690
1 4 2
151 572
1 12 2
484 61
1 6 2
601 124
1 13 2
28 409
1 8 2
273 590
1 12 2
464 675
1 9 2
255 444
1 4 2
280 16
1 9 2
141 459
1 7 2
87 554
1 9 2
56 788
1 6 2
226 127
1 12 2
232 640
1 13 2
778 342
1 14 2
627 679
1 9 2
638 13
1 13 2
47 462
1 4 2
78 401
1 15 2
744 436
1 15 2
25 400
1 15 2
272 98
1 14 2
123 190
1 15 2
763 434
1 9 2
154 752
1 3 2
68 506
1 3 2
600 407
1 5 2
136 270
1 13 2
647 633
1 11 2
132 138
1 4 2
563 147
1 6 2
99 157
1 3 2
278 83
1 13 2
280 558
1 3 2
113 500
1 4 2
737 68
1 11 2
214 798
1 10 2
308 790
1 11 2
122 102
1 11 2
332 478
1 14 2
522 572
1 10 2
267 739
1 5 2
308 643
1 2 2
141 771
1 6 2
395 527
1 8 2
298 571
1 7 2
296 78
1 11 2
385 695
1 14 2
284 671
1 8 2
760 160
1 5 2
142 798
1 7 2
34 472
1 12 2
614 142
1 9 2
485 624
1 10 2
282 276
1 3 2
258 500
1 9 2
341 700
1 2 2
99 368
1 14 2
128 715
1 8 2
607 624
1 3 2
782 769
1 11 2
559 398
1 2 2
599 48
1 15 2
357 286
1 13 2
676 566
1 10 2
276 29
1 7 2
701 481
1 11 2
184 348
1 4 2
753 774
1 15 2
545 731
1 2 2
103 403
1 3 2
522 648
1 13 2
213 782
1 15 2
790 370
1 3 2
92 71
1 2 2
403 184
1 14 2
408 293
1 15 2
302 783
1 14 2
369 319
1 8 2
170 340
1 11 2
60 544
1 11 2
157 635
1 15 2
492 523
1 6 2
441 284
1 10 2
715 561
1 7 2
8 700
1 11 2
209 418
1 13 2
247 750
1 4 2
40 295
1 13 2
717 645
1 13 2
3 747
1 14 2
693 561
1 11 2
649 506
1 11 2
757 353
1 8 2
128 306
1 10 2
520 62
1 5 2
243 135
1 14 2
45 752
1 6 2
779 595
1 13 2
338 554
1 14 2
359 739
1 12 2
250 579
1 5 2
481 368
1 3 2
771 191
1 15 2
144 271
1 14 2
396 423
1 8 2
77 307
1 13 2
242 280
1 4 2
87 215
1 3 2
86 537
1 10 2
411 329
1 11 2
359 698
1 5 2
683 286
1 14 2
356 231
1 12 2
766 676
1 7 2
93 780
1 2 2
223 713
1 15 2
509 624
1 8 2
679 588
1 7 2
597 642
1 9 2
279 556
1 12 2
10 120
1 2 2
773 0
1 10 2
409 772
1 7 2
560 706
1 7 2
183 788
1 7 2
664 53
1 12 2
504 141
1 9 2
285 537
1 9 2
132 542
1 9 2
81 381
1 14 2
599 533
1 6 2
427 541
1 7 2
129 132
1 13 2
344 187
1 11 2
132 268
1 7 2
268 768
1 10 2
678 425
1 15 2
4 496
1 2 2
645 749
1 4 2
157 317
1 7 2
374 397
1 3 2
776 505
1 4 2
535 463
1 2 2
635 482
1 7 2
238 196
1 11 2
399 48
1 13 2
301 720
1 10 2
705 419
1 6 2
491 125
1 7 2
258 126
1 12 2
541 366
1 10 2
217 12
1 3 2
179 395
1 7 2
1 189
1 10 2
684 185
1 6 2
52 613
1 14 2
337 613
1 4 2
105 97
1 5 2
191 549
1 3 2
294 257
1 5 2
483 753
1 13 2
419 700
1 14 2
531 607
1 3 2
500 197
1 4 2
465 66
1 9 2
400 466
1 11 2
785 794
1 7 2
226 7
1 13 2
269 130
1 4 2
459 707
1 5 2
734 501
1 4 2
718 575
1 9 2
759 183
1 6 2
689 418
1 9 2
333 543
1 6 2
340 347
1 9 2
22 242
1 11 2
608 297
1 2 2
481 415
1 13 2
556 461
1 3 2
342 528
1 6 2
488 221
1 6 2
722 40
1 9 2
567 492
1 6 2
774 540
1 4 2
539 208
1 7 2
797 364
1 2 2
449 560
1 10 2
292 459
1 11 2
676 500
1 12 2
562 246
1 6 2
383 103
1 4 2
778 91
1 6 2
106 440
1 5 2
177 80
1 3 2
175 60
1 2 2
595 18
1 6 2
312 656
1 2 2
772 380
1 10 2
583 749
1 7 2
75 146
1 7 2
429 521
1 5 2
400 126
1 14 2
482 8
1 12 2
681 9
1 13 2
381 82
1 14 2
464 565
1 15 2
371 103
1 9 2
637 585
1 4 2
635 44
1 15 2
683 240
1 13 2
117 719
1 10 2
420 329
1 4 2
16 12
1 6 2
596 629
1 5 2
450 753
1 13 2
309 281
1 7 2
428 585
1 4 2
362 790
1 9 2
769 258
1 3 2
241 79
1 6 2
716 144
1 14 2
35 438
1 9 2
394 711
1 14 2
349 299
1 4 2
631 274
1 15 2
421 771
1 15 2
467 719
1 8 2
569 662
1 8 2
80 39
1 6 2
688 719
1 14 2
376 731
1 5 2
774 246
1 13 2
374 527
1 4 2
317 236
1 2 2
285 119
1 9 2
203 5
1 14 2
631 756
1 9 2
510 771
1 4 2
692 366
1 4 2
116 457
1 10 2
530 46
1 2 2
704 237
1 5 2
477 65
1 10 2
746 404
1 12 2
444 55
1 12 2
285 51
1 4 2
5 378
1 5 2
67 739
1 2 2
144 521
1 7 2
346 361
1 4 2
451 416
1 3 2
63 531
1 7 2
490 445
1 13 2
599 478
1 7 2
271 14
1 4 2
69 470
1 2 2
59 397
1 7 2
66 408
1 13 2
100 432
1 12 2
448 493
1 8 2
159 7
1 5 2
274 174
1 8 2
520 64
1 13 2
270 45
1 3 2
670 251
1 4 2
20 245
1 5 2
637 261
1 15 2
10 747
1 13 2
128 254
1 4 2
496 184
1 6 2
577 182
1 14 2
318 218
1 6 2
181 537
1 9 2
685 365
1 9 2
59 235
1 3 2
128 662
1 15 2
648 404
1 2 2
391 317
1 14 2
271 209
1 7 2
520 557
1 11 2
526 720
1 13 2
301 747
1 15 2
162 795
1 10 2
96 35
1 9 2
512 461
1 5 2
481 169
1 12 2
543 170
1 11 2
95 175
1 13 2
497 114
1 6 2
740 526
1 9 2
408 156
1 10 2
201 413
1 12 2
609 400
1 3 2
209 349
1 14 2
120 540
1 7 2
677 536
1 2 2
517 711
1 15 2
17 339
1 13 2
310 88
1 12 2
34 572
1 2 2
453 459
1 8 2
196 65
1 11 2
404 194
1 6 2
368 498
1 6 2
55 695
1 11 2
28 788
1 2 2
109 333
1 4 2
190 225
1 4 2
327 788
1 4 2
503 376
1 7 2
671 737
1 8 2
2 654
1 2 2
89 286
1 2 2
682 267
1 8 2
396 404
1 5 2
274 622
1 14 2
342 26
1 12 2
125 617
1 6 2
695 76
1 5 2
355 479
1 12 2
522 590
1 2 2
398 206
1 11 2
167 506
1 10 2
756 554
1 10 2
630 28
1 5 2
353 455
1 2 2
170 465
1 13 2
12 47
1 15 2
482 617
1 8 2
551 26
1 10 2
212 383
1 12 2
5 751
1 3 2
676 288
1 6 2
689 457
1 13 2
12 151
1 15 2
244 733
1 12 2
18 558
1 8 2
82 753
1 3 2
680 330
1 14 2
114 328
1 9 2
293 561
1 6 2
727 588
1 2 2
226 520
1 9 2
310 465
1 8 2
784 719
1 2 2
184 523
1 14 2
724 160
1 4 2
673 588
1 12 2
177 590
1 15 2
361 376
1 8 2
281 14
1 15 2
189 536
1 3 2
464 561
1 12 2
588 760
1 9 2
661 191
1 9 2
440 294
1 12 2
662 743
1 10 2
482 405
1 7 2
745 236
1 6 2
103 86
1 7 2
736 730
1 5 2
345 181
1 5 2
797 628
1 6 2
788 647
1 4 2
86 424
1 11 2
130 577
1 15 2
709 238
1 5 2
736 240
1 5 2
477 776
1 8 2
379 701
1 2 2
554 645
1 8 2
341 305
1 7 2
228 636
1 8 2
165 322
1 9 2
658 750
1 9 2
583 185
1 3 2
512 542
1 13 2
473 324
1 15 2
404 33
1 5 2
154 418
1 5 2
461 246
1 2 2
55 594
1 3 2
266 59
1 9 2
630 43
1 14 2
245 496
1 8 2
548 197
1 8 2
286 745
1 10 2
776 641
1 11 2
272 561
1 10 2
34 287
1 13 2
20 247
1 2 2
161 389
1 13 2
525 129
1 13 2
60 269
1 14 2
661 309
1 13 2
531 712
1 11 2
351 53
1 5 2
44 705
1 15 2
553 704
1 9 2
389 114
1 6 2
546 75
1 9 2
41 73
1 2 2
710 363
1 3 2
502 487
1 9 2
701 574
1 6 2
439 474
1 5 2
357 702
1 4 2
212 492
1 7 2
16 428
1 12 2
145 176
1 10 2
592 705
1 11 2
108 634
1 13 2
741 673
1 7 2
486 82
1 11 2
279 417
1 11 2
233 217
1 4 2
357 771
1 13 2
284 291
1 3 2
687 315
1 8 2
507 426
1 15 2
61 216
1 10 2
323 393
1 12 2
632 549
1 12 2
441 135
1 12 2
380 316
1 7 2
373 47
1 15 2
650 119
1 4 2
120 43
1 3 2
187 649
1 4 2
552 565
1 3 2
500 370
1 7 2
684 401
1 12 2
571 72
1 7 2
540 148
1 2 2
256 635
1 15 2
0 317
1 7 2
523 595
1 4 2
105 718
1 15 2
456 521
1 15 2
549 413
1 8 2
585 613
1 10 2
664 284
1 11 2
235 554
1 9 2
508 193
1 4 2
454 132
1 4 2
148 339
1 10 2
110 747
1 7 2
261 585
1 2 2
4 407
1 11 2
232 369
1 14 2
129 559
1 5 2
273 35
1 12 2
794 550
1 12 2
128 147
1 8 2
138 189
1 3 2
120 75
1 15 2
164 127
1 8 2
710 751
1 3 2
335 382
1 7 2
506 703
1 2 2
69 361
1 13 2
668 246
1 4 2
338 447
1 5 2
697 172
1 11 2
458 540
1 12 2
785 329
1 13 2
35 437
1 7 2
8 464
1 15 2
383 464
1 6 2
563 474
1 9 2
665 91
1 8 2
530 369
1 13 2
527 318
1 6 2
464 665
1 8 2
754 543
1 5 2
565 8
1 5 2
370 74
1 15 2
530 475
1 3 2
340 125
1 14 2
176 287
1 3 2
105 211
1 5 2
627 91
1 3 2
688 743
1 6 2
634 586
1 15 2
578 256
1 13 2
394 53
1 9 2
578 631
1 14 2
189 621
1 15 2
707 773
1 8 2
468 23
1 7 2
540 193
1 4 2
105 54
1 7 2
643 228
1 7 2
240 781
1 4 2
350 277
1 14 2
72 627
1 12 2
734 367
1 4 2
770 386
1 6 2
176 50
1 11 2
550 480
1 8 2
697 451
1 5 2
610 546
1 10 2
278 386
1 6 2
271 395
1 5 2
84 192
1 6 2
742 556
1 8 2
143 530
1 11 2
139 751
1 6 2
605 688
1 12 2
580 576
1 3 2
368 213
1 6 2
211 122
1 11 2
281 340
1 2 2
771 349
1 6 2
346 447
1 4 2
234 535
1 15 2
285 244
1 10 2
239 262
1 8 2
221 362
1 2 2
579 383
1 8 2
463 420
1 7 2
14 414
1 7 2
497 536
1 13 2
680 244
1 8 2
170 238
1 7 2
342 180
1 11 2
556 711
1 14 2
333 512
1 8 2
435 733
1 12 2
359 459
1 3 2
341 453
1 6 2
220 363
1 7 2
113 435
1 7 2
761 348
1 13 2
107 222
1 8 2
674 466
1 7 2
62 469
1 9 2
550 272
1 15 2
150 503
1 7 2
757 607
1 8 2
356 461
1 4 2
426 633
1 11 2
482 55
1 10 2
430 282
1 8 2
213 88
1 14 2
349 486
1 10 2
768 271
1 6 2
585 405
1 12 2
61 273
1 15 2
130 438
1 5 2
290 15
1 7 2
154 392
1 6 2
579 20
1 8 2
37 588
1 2 2
282 603
1 7 2
584 278
1 11 2
473 649
1 9 2
534 244
1 3 2
21 455
1 15 2
291 508
1 7 2
623 394
1 7 2
412 446
1 2 2
10 599
1 15 2
255 302
1 8 2
317 733
1 13 2
779 244
1 14 2
227 437
1 7 2
698 497
1 10 2
9 668
1 6 2
452 294
1 5 2
725 467
1 14 2
686 521
1 10 2
769 551
1 15 2
137 278
1 10 2
525 296
1 8 2
17 93
1 13 2
681 744
1 15 2
397 325
1 15 2
88 522
1 14 2
428 577
1 6 2
624 206
1 6 2
503 698
1 3 2
238 439
1 9 2
681 168
1 12 2
38 727
1 3 2
655 770
1 12 2
262 23
1 11 2
344 49
1 3 2
733 106
1 8 2
748 600
1 4 2
796 526
1 6 2
346 431
1 15 2
758 593
1 9 2
183 269
1 7 2
691 130
1 3 2
389 786
1 4 2
683 484
1 3 2
147 451
1 13 2
429 419
1 13 2
10 41
1 3 2
176 409
1 2 2
501 62
1 10 2
588 176
1 13 2
744 124
1 6 2
580 290
1 4 2
346 780
1 2 2
390 307
1 14 2
754 421
1 12 2
558 366
1 10 2
666 142
1 4 2
737 344
1 7 2
34 510
1 2 2
619 404
1 5 2
2 731
1 2 2
267 683
1 6 2
439 768
1 10 2
172 543
1 13 2
551 631
1 10 2
701 328
1 11 2
713 345
1 12 2
226 421
1 14 2
760 706
1 3 2
94 456
1 8 2
185 455
1 3 2
468 774
1 6 2
268 51
1 8 2
484 338
1 8 2
268 243
1 3 2
101 373
1 5 2
205 15
1 2 2
198 282
1 7 2
496 43
1 11 2
208 226
1 15 2
278 401
1 13 2
447 186
1 2 2
279 190
1 15 2
702 258
1 9 2
79 388
1 12 2
698 574
1 8 2
401 548
1 11 2
457 57
1 4 2
478 190
1 2 2
784 673
1 5 2
194 233
1 12 2
53 566
1 6 2
13 790
1 4 2
2 380
1 14 2
234 711
1 3 2
186 33
1 2 2
643 734
1 14 2
269 744
1 13 2
125 486
1 13 2
276 495
1 14 2
273 122
1 10 2
396 350
1 8 2
5 658
1 3 2
497 195
1 12 2
253 179
1 6 2
194 690
1 4 2
360 36
1 3 2
21 250
1 13 2
367 155
1 3 2
544 149
1 12 2
383 42
1 13 2
579 722
1 11 2
601 762
1 4 2
523 368
1 4 2
593 178
1 2 2
681 520
1 6 2
97 467
1 2 2
285 565
1 2 2
636 444
1 14 2
110 501
1 8 2
268 669
1 12 2
719 143
1 4 2
73 218
1 9 2
362 667
1 13 2
150 703
1 5 2
241 697
1 11 2
207 325
1 15 2
796 70
1 6 2
365 80
1 12 2
594 389
1 8 2
212 10
1 6 2
32 328
1 2 2
690 35
1 5 2
403 174
1 6 2
784 361
1 10 2
129 309
1 10 2
583 336
1 9 2
105 758
1 3 2
178 289
1 7 2
701 516
1 9 2
79 556
1 9 2
494 682
1 3 2
364 121
1 12 2
495 795
1 11 2
549 34
1 14 2
368 536
1 2 2
769 748
1 9 2
791 650
1 8 2
632 729
1 10 2
240 441
1 13 2
105 501
1 11 2
0 405
1 14 2
520 689
1 10 2
723 588
1 11 2
350 205
1 15 2
150 473
1 7 2
577 227
1 10 2
581 363
1 7 2
798 117
1 11 2
99 317
1 8 2
225 57
1 3 2
436 389
1 7 2
568 750
1 8 2
210 277
1 7 2
769 99
1 6 2
682 672
1 15 2
482 799
1 10 2
605 226
1 5 2
212 742
1 9 2
780 327
1 12 2
632 453
1 11 2
584 754
1 4 2
40 354
1 7 2
734 783
1 8 2
170 282
1 7 2
416 271
1 14 2
505 330
1 14 2
705 14
1 12 2
682 61
1 13 2
321 599
1 3 2
149 512
1 6 2
75 320
1 2 2
772 730
1 14 2
412 119
1 5 2
291 86
1 2 2
416 501
1 12 2
775 603
1 9 2
40 158
1 3 2
165 144
1 5 2
118 69
1 5 2
254 434
1 12 2
239 551
1 4 2
471 346
1 12 2
399 337
1 9 2
672 771
1 12 2
438 85
1 3 2
682 226
1 7 2
570 62
1 2 2
384 681
1 9 2
169 462
1 10 2
472 665
1 2 2
658 393
1 14 2
179 588
1 11 2
770 145
1 5 2
433 500
1 10 2
253 189
1 2 2
228 104
1 6 2
495 260
1 5 2
705 531
1 8 2
109 220
1 5 2
211 289
1 13 2
730 717
1 9 2
318 624
1 10 2
8 740
1 15 2
545 415
1 8 2
545 718
1 9 2
91 165
1 9 2
141 332
1 12 2
452 673
1 2 2
472 235
1 6 2
780 518
1 7 2
751 320
1 14 2
256 108
1 14 2
204 187
1 11 2
568 53
1 2 2
191 31
1 9 2
468 11
1 6 2
629 149
1 8 2
715 782
1 11 2
620 638
1 9 2
286 381
1 6 2
40 508
1 10 2
606 244
1 5 2
429 223
1 7 2
197 269
1 5 2
640 520
1 2 2
200 634
1 6 2
789 551
1 13 2
0 180
1 10 2
614 468
1 12 2
229 44
1 3 2
198 337
1 14 2
197 789
1 12 2
539 82
1 10 2
365 139
1 14 2
679 781
1 3 2
603 221
1 6 2
179 690
1 5 2
29 797
1 12 2
532 787
1 2 2
156 40
1 8 2
194 156
1 10 2
392 49
1 10 2
479 656
1 14 2
23 677
1 3 2
383 612
1 10 2
567 764
1 9 2
216 766
1 3 2
651 693
1 14 2
791 367
1 10 2
166 99
1 10 2
269 523
1 9 2
510 415
1 2 2
452 502
1 4 2
793 619
1 11 2
634 527
1 15 2
24 34
1 6 2
692 741
1 10 2
322 21
1 3 2
317 308
1 13 2
350 709
1 8 2
727 153
1 11 2
347 298
1 11 2
751 715
1 7 2
735 733
1 15 2
153 752
1 2 2
499 533
1 4 2
267 543
1 9 2
73 705
1 2 2
293 158
1 15 2
84 51
1 4 2
792 91
1 3 2
446 651
1 12 2
147 227
1 6 2
276 604
1 6 2
539 715
1 6 2
743 254
1 9 2
791 552
1 3 2
122 348
1 12 2
642 114
1 13 2
247 740
1 7 2
236 714
1 3 2
108 714
1 4 2
546 216
1 11 2
80 82
1 10 2
573 636
1 4 2
345 452
1 3 2
319 209
1 3 2
673 177
1 11 2
8 347
1 5 2
642 326
1 3 2
597 677
1 7 2
509 793
1 11 2
616 664
1 8 2
431 89
1 5 2
338 289
1 4 2
382 47
1 10 2
380 164
1 6 2
563 664
1 3 2
29 213
1 12 2
177 477
1 10 2
164 233
1 9 2
762 337
1 3 2
488 340
1 15 2
210 606
1 13 2
651 452
1 7 2
573 156
1 2 2
196 134
1 15 2
444 664
1 11 2
645 44
1 8 2
41 466
1 10 2
324 38
1 5 2
252 610
1 13 2
518 598
1 6 2
275 5
1 4 2
105 396
1 9 2
95 635
1 6 2
521 451
1 13 2
723 754
1 7 2
68 708
1 2 2
557 264
1 2 2
259 191
1 4 2
506 692
1 15 2
709 473
1 3 2
335 600
1 12 2
504 560
1 13 2
553 770
1 5 2
379 557
1 12 2
758 784
1 9 2
15 297
1 11 2
485 7
1 4 2
730 782
1 12 2
112 426
1 11 2
285 401
1 3 2
470 236
1 9 2
764 452
1 13 2
12 83
1 3 2
798 13
1 4 2
93 114
1 5 2
526 497
1 7 2
613 656
1 14 2
147 623
1 2 2
379 295
1 12 2
400 601
1 13 2
310 98
1 5 2
404 700
1 4 2
727 646
1 14 2
323 383
1 3 2
458 609
1 8 2
276 661
1 10 2
213 490
1 15 2
766 167
1 11 2
111 273
1 2 2
622 513
1 7 2
224 774
1 13 2
53 20
1 5 2
24 707
1 10 2
743 274
1 10 2
189 785
1 7 2
238 367
1 9 2
253 797
1 14 2
412 742
1 11 2
225 704
1 5 2
790 266
1 10 2
204 527
1 2 2
306 187
1 9 2
681 133
1 2 2
457 752
1 14 2
137 736
1 4 2
367 723
1 3 2
575 28
1 8 2
240 27
1 9 2
724 615
1 3 2
765 235
1 13 2
588 222
1 2 2
276 765
1 11 2
685 494
1 11 2
599 471
1 5 2
365 409
1 15 2
81 450
1 4 2
198 304
1 12 2
42 729
1 2 2
153 518
1 13 2
764 742
1 8 2
560 47
1 4 2
607 14
1 14 2
168 106
1 9 2
383 119
1 4 2
221 236
1 15 2
419 723
1 10 2
155 199
1 6 2
365 531
1 13 2
24 347
1 7 2
786 778
1 14 2
770 341
1 3 2
37 397
1 13 2
346 28
1 13 2
413 402
1 4 2
470 640
1 6 2
618 97
1 10 2
771 57
1 4 2
52 407
1 9 2
208 481
1 4 2
124 121
1 2 2
473 394
1 9 2
443 498
1 15 2
762 307
1 9 2
461 337
1 8 2
659 261
1 13 2
220 303
1 12 2
454 548
1 14 2
418 620
1 6 2
719 38
1 3 2
236 267
1 9 2
158 338
1 7 2
279 407
1 14 2
732 490
1 5 2
44 440
1 13 2
446 155
1 11 2
408 749
1 5 2
302 608
1 4 2
421 162
1 12 2
85 416
1 3 2
41 516
1 9 2
627 488
1 3 2
787 281
1 3 2
493 167
1 10 2
559 132
1 8 2
493 441
1 15 2
739 307
1 2 2
794 770
1 12 2
398 143
1 14 2
774 729
1 6 2
260 707
1 10 2
482 794
1 2 2
131 444
1 12 2
776 643
1 14 2
499 477
1 7 2
388 129
1 15 2
132 79
1 5 2
469 75
1 9 2
391 707
1 2 2
44 745
1 13 2
473 626
1 6 2
478 340
1 15 2
108 137
1 11 2
206 659
1 3 2
209 413
1 3 2
543 448
1 11 2
373 156
1 11 2
636 343
1 13 2
446 482
1 5 2
583 280
1 12 2
776 187
1 13 2
574 355
1 7 2
206 52
1 9 2
251 100
1 5 2
753 239
1 4 2
542 81
1 3 2
527 241
1 12 2
184 742
1 10 2
161 529
1 3 2
412 402
1 10 2
413 627
1 6 2
63 17
1 5 2
10 433
1 15 2
214 48
1 12 2
523 620
1 8 2
604 162
1 4 2
116 78
1 3 2
718 697
1 6 2
145 549
1 4 2
374 507
1 3 2
747 539
1 5 2
99 550
1 10 2
750 82
1 13 2
790 115
1 15 2
177 769
1 14 2
10 60
1 15 2
293 231
1 11 2
568 75
1 9 2
265 95
1 11 2
761 679
1 11 2
431 797
1 2 2
547 631
1 13 2
565 507
1 4 2
213 478
1 7 2
239 460
1 2 2
593 503
1 11 2
55 584
1 14 2
62 352
1 8 2
537 169
1 8 2
243 668
1 14 2
690 663
1 15 2
674 19
1 15 2
205 353
1 11 2
753 771
1 7 2
125 247
1 10 2
92 692
1 13 2
47 585
1 13 2
366 182
1 4 2
47 764
1 9 2
633 438
1 14 2
33 779
1 15 2
795 733
1 5 2
265 518
1 9 2
570 291
1 15 2
351 140
1 6 2
51 123
1 4 2
113 655
1 2 2
537 251
1 15 2
445 356
1 6 2
601 69
1 6 2
345 581
1 13 2
33 600
1 15 2
767 737
1 15 2
457 775
1 6 2
122 770
1 10 2
423 550
1 3 2
214 310
1 8 2
132 617
1 13 2
164 729
1 6 2
47 215
1 7 2
542 292
1 10 2
115 312
1 8 2
574 253
1 15 2
793 319
1 5 2
55 137
1 3 2
58 239
1 7 2
423 361
1 6 2
423 126
1 6 2
587 561
1 9 2
224 252
1 11 2
202 199
1 10 2
244 569
1 10 2
264 8
1 2 2
537 75
1 11 2
469 276
1 11 2
231 244
1 12 2
587 362
1 14 2
380 259
1 15 2
765 490
1 7 2
223 23
1 9 2
92 18
1 15 2
84 158
1 14 2
202 98
1 14 2
398 388
1 7 2
83 213
1 8 2
298 239
1 6 2
676 120
1 14 2
501 705
1 11 2
2 759
1 13 2
273 797
1 2 2
788 512
1 5 2
428 223
1 14 2
301 325
1 11 2
719 520
1 6 2
353 360
1 2 2
100 677
1 14 2
110 326
1 10 2
81 143
1 15 2
716 212
1 11 2
153 88
1 15 2
250 787
1 13 2
461 605
1 2 2
27 200
1 9 2
669 295
1 6 2
164 296
1 10 2
73 100
1 4 2
386 294
1 14 2
79 427
1 2 2
43 54
1 4 2
163 279
1 13 2
13 305
1 13 2
85 797
1 11 2
736 379
1 3 2
577 83
1 3 2
323 288
1 6 2
708 277
1 8 2
630 654
1 2 2
353 388
1 4 2
459 350
1 15 2
169 419
1 7 2
315 218
1 3 2
472 250
1 3 2
15 432
1 5 2
690 364
1 3 2
368 181
1 11 2
409 307
1 3 2
224 385
1 5 2
83 560
1 10 2
472 424
1 13 2
602 426
1 5 2
444 232
1 5 2
330 491
1 7 2
368 208
1 14 2
268 606
1 15 2
65 116
1 12 2
545 166
1 11 2
233 748
1 12 2
518 648
1 8 2
417 348
1 12 2
376 25
1 9 2
583 766
1 6 2
327 454
1 14 2
314 366
1 3 2
149 625
1 10 2
736 144
1 15 2
162 709
1 7 2
384 605
1 3 2
263 623
1 11 2
557 693
1 12 2
469 89
1 6 2
553 229
1 11 2
60 152
1 7 2
164 399
1 10 2
485 440
1 5 2
562 51
1 15 2
589 117
1 6 2
367 7
1 4 2
416 746
1 14 2
508 603
1 5 2
455 771
1 11 2
479 113
1 13 2
506 484
1 10 2
749 416
1 8 2
746 226
1 9 2
115 30
1 5 2
710 752
1 13 2
24 560
1 10 2
673 154
1 6 2
557 703
1 2 2
242 55
1 2 2
73 281
1 15 2
145 529
1 5 2
243 757
1 10 2
339 611
1 3 2
423 309
1 13 2
5 190
1 13 2
233 273
1 7 2
604 664
1 4 2
462 739
1 15 2
518 696
1 9 2
445 531
1 5 2
368 718
1 6 2
571 275
1 9 2
272 38
1 11 2
260 745
1 9 2
330 306
1 8 2
153 149
1 10 2
671 61
1 12 2
173 315
1 4 2
130 695
1 15 2
485 292
1 2 2
212 622
1 9 2
711 646
1 7 2
346 536
1 11 2
446 758
1 10 2
447 361
1 8 2
301 657
1 14 2
687 721
1 2 2
247 236
1 11 2
688 168
1 4 2
231 2
1 5 2
216 447
1 12 2
401 739
1 12 2
220 776
1 15 2
202 257
1 2 2
159 68
1 3 2
204 437
1 13 2
338 609
1 9 2
547 365
1 2 2
449 405
1 13 2
336 160
1 3 2
510 585
1 2 2
763 594
1 15 2
701 632
1 8 2
181 75
1 2 2
789 3
1 9 2
234 425
1 15 2
292 389
1 15 2
700 779
1 7 2
591 361
1 14 2
493 254
1 9 2
79 403
1 7 2
562 223
1 9 2
207 771
1 12 2
409 484
1 8 2
73 120
1 2 2
225 268
1 4 2
47 354
1 14 2
614 339
1 11 2
309 236
1 7 2
499 5
1 3 2
257 204
1 7 2
773 152
1 13 2
400 398
1 11 2
663 106
1 10 2
239 489
1 12 2
622 158
1 5 2
181 310
1 6 2
340 129
1 3 2
333 145
1 15 2
760 685
1 13 2
201 432
1 7 2
497 727
1 3 2
602 559
1 3 2
205 566
1 8 2
707 269
1 8 2
460 760
1 9 2
421 774
1 13 2
790 738
1 15 2
548 675
1 9 2
428 83
1 8 2
403 469
1 15 2
691 630
1 2 2
146 8
1 3 2
421 150
1 5 2
622 118
1 2 2
133 59
1 10 2
468 109
1 12 2
679 14
1 7 2
317 374
1 13 2
192 32
1 9 2
784 61
1 3 2
644 156
1 9 2
405 713
1 4 2
48 504
1 13 2
205 537
1 10 2
455 611
1 6 2
133 408
1 15 2
626 315
1 4 2
544 659
1 13 2
627 417
1 15 2
134 92
1 7 2
50 100
1 10 2
287 64
1 9 2
732 583
1 11 2
87 795
1 10 2
511 230
1 13 2
733 745
1 12 2
569 90
1 3 2
719 78
1 8 2
173 293
1 15 2
544 756
1 14 2
620 687
1 15 2
543 374
1 15 2
556 28
1 7 2
335 510
1 14 2
52 19
1 15 2
740 120
1 15 2
627 245
1 9 2
498 389
1 7 2
743 523
1 11 2
101 501
1 5 2
283 643
1 13 2
318 446
1 13 2
529 717
1 11 2
191 666
1 11 2
403 15
1 9 2
736 63
1 12 2
156 230
1 10 2
678 367
1 6 2
680 196
1 4 2
119 188
1 8 2
393 244
1 11 2
686 95
1 12 2
317 774
1 2 2
28 385
1 10 2
450 333
1 2 2
647 159
1 5 2
64 4
1 10 2
622 277
1 5 2
449 595
1 7 2
384 733
1 9 2
202 727
1 14 2
637 678
1 7 2
748 400
1 3 2
796 485
1 4 2
173 447
1 10 2
112 179
1 13 2
394 4
1 10 2
143 131
1 11 2
547 490
1 3 2
639 711
1 13 2
751 3
1 3 2
262 251
1 14 2
271 300
1 13 2
327 627
1 12 2
631 374
1 15 2
55 762
1 9 2
416 273
1 2 2
108 617
1 12 2
461 544
1 9 2
402 53
1 10 2
16 494
1 7 2
367 309
1 6 2
630 342
1 11 2
583 292
1 14 2
733 168
1 2 2
248 736
1 12 2
66 507
1 15 2
382 583
1 15 2
183 128
1 9 2
140 222
1 6 2
311 168
1 14 2
754 314
1 8 2
446 556
1 8 2
442 133
1 8 2
491 188
1 5 2
164 143
1 4 2
149 277
1 4 2
621 689
1 15 2
253 71
1 6 2
747 52
1 6 2
339 127
1 2 2
410 105
1 3 2
546 718
1 4 2
644 92
1 3 2
728 384
1 10 2
60 200
1 4 2
61 502
1 6 2
444 355
1 6 2
18 164
1 5 2
396 169
1 14 2
44 159
1 4 2
87 576
1 5 2
732 539
1 14 2
508 312
1 6 2
632 323
1 3 2
210 168
1 3 2
312 507
1 6 2
34 316
1 6 2
5 756
1 13 2
544 144
1 15 2
296 724
1 4 2
75 219
1 11 2
546 500
1 6 2
362 215
1 7 2
212 67
1 14 2
616 222
1 9 2
296 277
1 10 2
764 219
1 5 2
691 653
1 14 2
318 137
1 3 2
616 372
1 5 2
338 291
1 2 2
65 437
1 6 2
295 330
1 9 2
631 503
1 5 2
462 241
1 8 2
213 660
1 12 2
702 744
1 10 2
143 158
1 10 2
234 638
1 2 2
318 643
1 15 2
392 3
1 5 2
669 429
1 12 2
732 275
1 12 2
23 361
1 13 2
611 552
1 15 2
670 755
1 9 2
737 234
1 11 2
65 724
1 6 2
56 386
1 8 2
304 580
1 2 2
126 776
1 3 2
542 777
1 5 2
268 468
1 12 2
697 390
1 3 2
531 483
1 12 2
43 293
1 2 2
361 301
1 6 2
552 505
1 6 2
655 134
1 8 2
517 259
1 7 2
579 306
1 8 2
55 560
1 10 2
402 47
1 10 2
465 415
1 14 2
408 288
1 5 2
27 596
1 5 2
160 533
1 4 2
469 371
1 5 2
520 798
1 14 2
24 526
1 2 2
224 337
1 11 2
6 405
1 12 2
751 539
1 10 2
420 697
1 9 2
444 246
1 4 2
118 572
1 14 2
192 216
1 15 2
735 197
1 9 2
340 733
1 2 2
175 89
1 14 2
565 262
1 12 2
543 509
1 2 2
313 57
1 10 2
717 295
1 4 2
540 630
1 8 2
392 341
1 12 2
534 715
1 8 2
548 68
1 8 2
671 172
1 7 2
389 131
1 11 2
136 603
1 8 2
419 43
1 7 2
291 757
1 5 2
312 583
1 6 2
173 654
1 11 2
413 655
1 13 2
234 50
1 4 2
339 261
1 10 2
190 343
1 4 2
154 360
1 4 2
781 252
1 13 2
170 466
1 7 2
796 731
1 6 2
786 292
1 11 2
579 790
1 8 2
707 686
1 6 2
611 522
1 5 2
700 616
1 5 2
371 168
1 5 2
550 57
1 5 2
165 720
1 12 2
759 411
1 2 2
118 795
1 14 2
522 339
1 5 2
600 455
1 10 2
441 144
1 10 2
536 630
1 4 2
689 287
1 12 2
662 600
1 5 2
381 796
1 7 2
625 20
1 2 2
769 494
1 12 2
562 774
1 8 2
706 556
1 4 2
750 630
1 13 2
32 202
1 8 2
485 284
1 15 2
423 367
1 8 2
505 600
1 2 2
759 329
1 4 2
547 298
1 2 2
164 253
1 13 2
738 195
1 4 2
56 358
1 9 2
424 438
1 4 2
302 637
1 7 2
282 375
1 4 2
730 631
1 9 2
57 40
1 5 2
413 668
1 13 2
457 731
1 11 2
756 480
1 7 2
57 180
1 9 2
150 132
1 6 2
616 765
1 12 2
39 228
1 8 2
7 655
1 13 2
698 709
1 3 2
271 267
1 15 2
631 149
1 4 2
37 674
1 15 2
134 575
1 10 2
150 392
1 15 2
327 139
1 7 2
392 106
1 4 2
118 627
1 5 2
663 287
1 6 2
412 145
1 4 2
227 546
1 15 2
177 111
1 3 2
360 604
1 4 2
167 505
1 13 2
586 377
1 3 2
325 317
1 5 2
585 332
1 15 2
31 748
1 8 2
636 435
1 5 2
447 138
1 2 2
493 374
1 11 2
508 788
1 15 2
406 706
1 15 2
707 474
1 13 2
92 86
1 3 2
20 747
1 6 2
138 404
1 15 2
547 236
1 15 2
324 676
1 6 2
674 13
1 10 2
589 678
1 3 2
636 360
1 7 2
735 171
1 10 2
523 324
1 4 2
777 319
1 4 2
347 137
1 14 2
349 126
1 12 2
649 153
1 9 2
362 762
1 9 2
392 405
1 9 2
514 84
1 12 2
683 1
1 7 2
450 566
1 5 2
295 352
1 12 2
396 25
1 14 2
580 271
1 9 2
738 747
1 3 2
391 445
1 11 2
570 430
1 9 2
280 281
1 7 2
86 782
1 10 2
140 8
1 15 2
69 378
1 5 2
464 536
1 15 2
437 364
1 3 2
120 199
1 6 2
684 191
1 15 2
272 735
1 7 2
528 169
1 3 2
350 146
1 15 2
555 715
1 14 2
486 760
1 2 2
217 769
1 7 2
290 716
1 8 2
59 615
1 7 2
640 316
1 10 2
689 423
1 4 2
206 681
1 6 2
52 470
1 5 2
189 487
1 12 2
692 286
1 5 2
611 146
1 4 2
548 582
1 10 2
540 613
1 4 2
569 53
1 4 2
422 140
1 9 2
451 724
1 8 2
9 757
1 13 2
48 133
1 10 2
548 696
1 11 2
663 777
1 4 2
46 19
1 4 2
512 377
1 10 2
102 212
1 9 2
503 239
1 11 2
577 612
1 12 2
618 283
1 9 2
229 479
1 7 2
501 722
1 7 2
15 29
1 13 2
525 279
1 15 2
145 640
1 2 2
555 543
1 13 2
372 782
1 7 2
582 339
1 5 2
31 364
1 14 2
673 407
1 8 2
416 383
1 3 2
213 676
1 3 2
26 359
1 4 2
177 532
1 4 2
243 468
1 9 2
334 321
1 2 2
44 105
1 2 2
170 494
1 13 2
448 353
1 12 2
201 540
1 12 2
626 344
1 11 2
0 190
1 15 2
89 180
1 14 2
751 211
1 9 2
393 479
1 13 2
359 623
1 12 2
41 429
1 4 2
318 141
1 13 2
687 21
1 9 2
44 669
1 8 2
733 182
1 3 2
751 121
1 11 2
209 424
1 3 2
80 739
1 7 2
214 487
1 7 2
548 569
1 12 2
474 146
1 4 2
622 624
1 2 2
194 516
1 5 2
199 119
1 7 2
379 263
1 15 2
120 229
1 6 2
603 336
1 5 2
647 697
1 4 2
34 604
1 13 2
208 711
1 5 2
15 3
1 12 2
373 481
1 2 2
403 759
1 13 2
796 685
1 13 2
616 227
1 11 2
482 727
1 12 2
390 576
1 7 2
610 460
1 13 2
63 304
1 10 2
417 669
1 8 2
585 667
1 4 2
6 133
1 4 2
2 78
1 11 2
530 78
1 5 2
356 523
1 11 2
328 658
1 14 2
64 242
1 7 2
254 519
1 5 2
377 459
1 5 2
30 721
1 14 2
430 346
1 10 2
696 270
1 4 2
490 297
1 4 2
107 332
1 15 2
349 23
1 7 2
577 626
1 15 2
401 296
1 11 2
71 389
1 10 2
47 591
1 3 2
666 295
1 4 2
656 556
1 4 2
251 739
1 6 2
199 30
1 9 2
415 183
1 4 2
273 652
1 10 2
638 434
1 5 2
686 796
1 4 2
158 375
1 4 2
739 561
1 11 2
728 545
1 5 2
788 703
1 8 2
716 4
1 11 2
120 246
1 13 2
498 381
1 9 2
409 246
1 12 2
175 316
1 4 2
0 114
1 8 2
646 479
1 11 2
190 122
1 14 2
516 534
1 9 2
796 555
1 10 2
290 26
1 5 2
795 638
1 10 2
772 493
1 13 2
370 488
1 13 2
279 246
1 14 2
602 344
1 4 2
714 397
1 5 2
71 584
1 3 2
82 30
1 3 2
156 262
1 7 2
778 477
1 10 2
532 23
1 7 2
627 385
1 4 2
155 120
1 12 2
726 181
1 10 2
597 545
1 7 2
184 482
1 6 2
187 218
1 15 2
215 756
1 12 2
260 176
1 12 2
283 567
1 6 2
432 553
1 6 2
275 255
1 4 2
616 280
1 5 2
638 267
1 4 2
129 662
1 11 2
460 244
1 13 2
504 160
1 12 2
321 317
1 13 2
728 632
1 2 2
323 716
1 11 2
183 74
1 8 2
595 751
1 12 2
679 330
1 4 2
248 205
1 3 2
56 593
1 10 2
769 711
1 4 2
350 781
1 13 2
433 8
1 2 2
145 643
1 11 2
130 195
1 4 2
118 489
1 2 2
738 698
1 9 2
680 487
1 11 2
774 342
1 2 2
33 543
1 3 2
5 236
1 4 2
188 569
1 13 2
356 628
1 4 2
787 600
1 10 2
409 447
1 15 2
588 583
1 4 2
650 298
1 12 2
423 615
1 9 2
273 701
1 12 2
481 348
1 15 2
561 209
1 14 2
18 348
1 3 2
563 700
1 2 2
247 390
1 14 2
491 637
1 11 2
439 682
1 9 2
44 781
1 6 2
77 700
1 7 2
417 722
1 3 2
509 759
1 13 2
181 366
1 7 2
185 658
1 4 2
55 554
1 7 2
344 232
1 6 2
365 341
1 4 2
64 474
1 5 2
634 712
1 13 2
374 358
1 4 2
51 356
1 14 2
29 320
1 13 2
185 619
1 9 2
717 774
1 2 2
634 316
1 8 2
703 496
1 15 2
155 248
1 7 2
15 173
1 3 2
220 627
1 7 2
601 711
1 9 2
289 572
1 2 2
416 344
1 14 2
155 51
1 14 2
97 585
1 15 2
779 531
1 5 2
68 751
1 7 2
147 516
1 5 2
481 313
1 8 2
579 616
1 15 2
310 489
1 15 2
43 229
1 8 2
728 763
1 15 2
484 239
1 9 2
138 758
1 15 2
9 528
1 14 2
145 189
1 15 2
503 296
1 2 2
165 446
1 7 2
597 563
1 8 2
164 167
1 11 2
33 363
1 11 2
625 667
1 3 2
750 482
1 15 2
304 302
1 7 2
474 357
1 11 2
443 26
1 9 2
571 284
1 13 2
441 474
1 10 2
566 658
1 10 2
434 721
1 5 2
759 253
1 15 2
99 286
1 12 2
563 92
1 9 2
187 133
1 6 2
428 395
1 10 2
787 11
1 7 2
61 441
1 9 2
375 465
1 3 2
188 700
1 13 2
183 33
1 6 2
677 531
1 9 2
392 477
1 2 2
177 306
1 4 2
289 638
1 3 2
782 313
1 5 2
666 455
1 2 2
326 686
1 8 2
97 794
1 10 2
549 166
1 12 2
142 639
1 7 2
356 782
1 5 2
596 555
1 12 2
27 445
1 5 2
712 661
1 10 2
105 680
1 12 2
354 91
1 5 2
605 163
1 10 2
560 550
1 3 2
263 539
1 13 2
396 74
1 4 2
516 523
1 4 2
67 524
1 8 2
86 537
1 3 2
580 642
1 13 2
160 433
1 12 2
744 427
1 12 2
209 704
1 6 2
666 333
1 2 2
84 147
1 5 2
82 177
1 3 2
57 127
1 12 2
265 546
1 15 2
533 285
1 2 2
7 398
1 12 2
196 690
1 3 2
769 782
1 4 2
256 779
1 8 2
530 323
1 13 2
425 732
1 10 2
462 57
1 3 2
480 193
1 11 2
337 681
1 4 2
160 780
1 14 2
81 97
1 6 2
788 562
1 13 2
329 482
1 12 2
783 8
1 3 2
335 380
1 13 2
472 118
1 6 2
51 759
1 8 2
259 244
1 14 2
121 781
1 2 2
8 477
1 2 2
712 40
1 13 2
16 371
1 4 2
55 432
1 8 2
269 450
1 12 2
131 380
1 14 2
174 694
1 14 2
683 704
1 6 2
115 702
1 10 2
524 781
1 12 2
721 781
1 14 2
375 190
1 7 2
177 213
1 3 2
541 629
1 3 2
742 32
1 10 2
239 258
1 12 2
522 180
1 10 2
561 61
1 5 2
161 320
1 3 2
191 119
1 8 2
560 418
1 3 2
428 513
1 5 2
321 325
1 14 2
210 582
1 5 2
574 117
1 13 2
340 188
1 11 2
443 765
1 7 2
517 557
1 10 2
203 537
1 5 2
607 397
1 13 2
669 539
1 9 2
140 326
1 7 2
368 638
1 7 2
685 683
1 12 2
214 140
1 2 2
67 391
1 9 2
287 368
1 5 2
531 230
1 8 2
233 17
1 10 2
291 380
1 4 2
623 99
1 13 2
118 160
1 4 2
533 36
1 11 2
504 524
1 8 2
515 20
1 5 2
19 767
1 11 2
686 518
1 2 2
703 47
1 12 2
614 158
1 13 2
765 732
1 2 2
307 399
1 9 2
684 415
1 13 2
370 261
1 9 2
463 594
1 9 2
223 159
1 10 2
614 668
1 2 2
194 55
1 3 2
702 580
1 9 2
464 408
1 11 2
241 78
1 2 2
662 220
1 11 2
678 681
1 11 2
702 611
1 7 2
244 409
1 4 2
703 219
1 14 2
20 696
1 14 2
507 104
1 13 2
689 174
1 14 2
665 67
1 14 2
158 697
1 14 2
55 669
1 12 2
354 634
1 10 2
372 383
1 7 2
478 265
1 2 2
48 366
1 14 2
211 700
1 2 2
516 102
1 7 2
190 386
1 2 2
496 561
1 4 2
701 110
1 4 2
8 167
1 14 2
721 541
1 8 2
46 394
1 6 2
706 254
1 14 2
270 322
1 6 2
316 320
1 15 2
754 714
1 3 2
441 533
1 11 2
689 1
1 11 2
264 274
1 3 2
353 728
1 2 2
43 37
1 9 2
234 684
1 13 2
654 636
1 6 2
533 376
1 10 2
270 175
1 8 2
682 421
1 13 2
656 431
1 8 2
799 238
1 15 2
437 210
1 3 2
689 395
1 4 2
663 664
1 9 2
93 498
1 8 2
283 350
1 7 2
682 345
1 4 2
712 157
1 11 2
208 28
1 14 2
32 326
1 3 2
142 478
1 11 2
369 390
1 15 2
86 743
1 10 2
649 667
1 5 2
171 680
1 13 2
288 142
1 14 2
235 462
1 9 2
570 365
1 13 2
701 675
1 12 2
222 326
1 10 2
69 349
1 8 2
464 772
1 4 2
688 583
1 9 2
661 334
1 9 2
201 678
1 5 2
363 570
1 9 2
485 745
1 2 2
226 42
1 2 2
592 485
1 12 2
767 240
1 11 2
430 537
1 14 2
397 102
1 8 2
422 618
1 12 2
523 417
1 12 2
134 422
1 13 2
465 299
1 5 2
88 489
1 6 2
31 368
1 12 2
689 42
1 4 2
205 122
1 13 2
411 480
1 15 2
24 579
1 12 2
450 346
1 9 2
230 242
1 10 2
677 343
1 14 2
506 114
1 12 2
421 293
1 9 2
564 377
1 6 2
73 703
1 8 2
312 120
1 10 2
421 507
1 12 2
274 741
1 8 2
198 452
1 8 2
590 672
1 8 2
15 140
1 9 2
168 405
1 9 2
575 673
1 9 2
638 459
1 11 2
74 76
1 12 2
496 552
1 13 2
13 532
1 9 2
384 266
1 13 2
351 224
1 8 2
362 516
1 15 2
501 331
1 4 2
187 171
1 15 2
149 157
1 11 2
788 740
1 6 2
191 44
1 13 2
322 215
1 4 2
284 106
1 6 2
208 167
1 6 2
188 598
1 8 2
768 589
1 3 2
600 194
1 4 2
651 313
1 6 2
409 458
1 6 2
596 166
1 11 2
691 605
1 13 2
141 252
1 6 2
492 607
1 8 2
256 557
1 7 2
156 229
1 6 2
153 536
1 11 2
586 153
1 14 2
369 32
1 3 2
355 663
1 12 2
128 337
1 15 2
218 248
1 6 2
195 53
1 2 2
38 597
1 8 2
12 514
1 12 2
689 153
1 2 2
171 121
1 13 2
111 252
1 13 2
558 44
1 6 2
82 59
1 15 2
687 701
1 13 2
474 158
1 9 2
738 149
1 13 2
91 436
1 3 2
679 49
1 2 2
365 662
1 12 2
190 610
1 6 2
602 490
1 10 2
186 35
1 15 2
64 273
1 10 2
253 484
1 10 2
308 535
1 15 2
614 706
1 13 2
420 344
1 2 2
514 779
1 4 2
657 327
1 11 2
132 186
1 14 2
734 636
1 4 2
705 638
1 9 2
394 645
1 13 2
71 197
1 3 2
273 443
1 8 2
57 133
1 11 2
434 788
1 9 2
183 435
1 8 2
674 623
1 3 2
42 603
1 6 2
512 135
1 5 2
204 166
1 5 2
233 533
1 12 2
606 738
1 5 2
435 542
1 9 2
712 110
1 8 2
497 24
1 8 2
210 607
1 3 2
306 580
1 4 2
437 129
1 9 2
172 536
1 4 2
198 372
1 5 2
671 301
1 7 2
742 555
1 5 2
445 749
1 3 2
707 441
1 14 2
707 303
1 9 2
259 630
1 10 2
55 27
1 14 2
562 160
1 12 2
533 401
1 5 2
257 339
1 3 2
331 515
1 3 2
328 315
1 11 2
623 192
1 10 2
305 41
1 5 2
518 541
1 10 2
155 267
1 5 2
69 337
1 3 2
512 115
1 2 2
549 414
1 11 2
399 520
1 14 2
9 134
1 4 2
57 782
1 11 2
610 761
1 11 2
26 534
1 12 2
497 125
1 11 2
212 63
1 11 2
476 376
1 3 2
372 31
1 4 2
534 213
1 6 2
279 376
1 9 2
59 92
1 3 2
768 504
1 13 2
481 419
1 4 2
365 179
1 8 2
714 177
1 6 2
205 657
1 2 2
634 748
1 11 2
685 538
1 14 2
796 11
1 13 2
573 158
1 8 2
798 346
1 8 2
744 488
1 15 2
36 715
1 13 2
396 454
1 13 2
569 250
1 3 2
546 511
1 9 2
246 171
1 15 2
86 79
1 5 2
19 645
1 5 2
227 510
1 6 2
429 168
1 10 2
129 409
1 3 2
793 746
1 15 2
778 598
1 13 2
762 645
1 9 2
429 131
1 10 2
241 478
1 6 2
720 295
1 6 2
510 406
1 10 2
288 718
1 2 2
773 553
1 6 2
273 676
1 5 2
365 103
1 14 2
721 625
1 15 2
375 534
1 7 2
138 356
1 9 2
712 52
1 14 2
129 747
1 12 2
65 698
1 10 2
58 528
1 10 2
761 99
1 14 2
747 636
1 2 2
420 196
1 12 2
667 518
1 15 2
678 270
1 7 2
417 658
1 3 2
8 283
1 12 2
77 464
1 3 2
168 325
1 9 2
663 542
1 15 2
149 445
1 3 2
451 149
1 10 2
260 250
1 11 2
436 500
1 2 2
313 242
1 13 2
347 145
1 9 2
577 335
1 8 2
112 665
1 14 2
526 595
1 7 2
714 605
1 14 2
97 400
1 4 2
334 516
1 12 2
526 134
1 2 2
534 566
1 11 2
62 716
1 7 2
350 691
1 5 2
1 752
1 2 2
228 365
1 2 2
10 473
1 12 2
549 775
1 10 2
30 774
1 4 2
172 123
1 6 2
159 133
1 10 2
775 283
1 3 2
410 484
1 2 2
160 549
1 12 2
447 738
1 6 2
567 457
1 2 2
476 367
1 6 2
586 198
1 7 2
205 565
1 10 2
24 499
1 15 2
595 468
1 3 2
33 636
1 3 2
726 259
1 11 2
321 294
1 9 2
735 173
1 9 2
330 463
1 9 2
160 485
1 8 2
616 445
1 8 2
693 365
1 4 2
224 570
1 12 2
183 564
1 7 2
328 435
1 7 2
643 631
1 11 2
468 234
1 6 2
453 663
1 12 2
192 765
1 4 2
188 136
1 12 2
151 777
1 9 2
713 75
1 4 2
367 386
1 15 2
721 578
1 15 2
215 769
1 13 2
586 784
1 15 2
613 389
1 10 2
367 378
1 11 2
75 39
1 15 2
629 454
1 9 2
374 64
1 14 2
569 484
1 12 2
626 784
1 9 2
201 395
1 5 2
483 293
1 9 2
567 154
1 10 2
428 118
1 6 2
92 310
1 6 2
789 555
1 12 2
616 256
1 9 2
148 512
1 8 2
140 337
1 13 2
217 715
1 8 2
32 774
1 6 2
111 322
1 12 2
663 345
1 9 2
410 39
1 7 2
198 402
1 6 2
152 406
1 5 2
584 419
1 12 2
183 94
1 13 2
635 719
1 8 2
345 223
1 4 2
408 425
1 5 2
727 198
1 10 2
632 413
1 12 2
677 93
1 10 2
650 12
1 13 2
232 496
1 7 2
287 239
1 14 2
250 377
1 9 2
358 672
1 2 2
321 762
1 4 2
162 496
1 13 2
364 444
1 12 2
217 686
1 11 2
466 315
1 15 2
60 538
1 5 2
57 570
1 4 2
499 184
1 13 2
61 514
1 5 2
574 145
1 4 2
108 477
1 4 2
426 723
1 12 2
777 603
1 8 2
348 556
1 4 2
88 603
1 13 2
357 423
1 7 2
217 509
1 3 2
324 374
1 6 2
661 325
1 4 2
781 514
1 10 2
319 64
1 9 2
724 592
1 10 2
529 666
1 12 2
77 756
1 10 2
143 479
1 2 2
695 316
1 2 2
476 573
1 7 2
55 588
1 2 2
662 192
1 10 2
1 107
1 10 2
154 761
1 12 2
418 473
1 10 2
623 247
1 12 2
489 485
1 10 2
639 649
1 8 2
167 588
1 6 2
58 644
1 8 2
603 183
1 12 2
140 435
1 10 2
306 303
1 5 2
767 533
1 5 2
68 725
1 9 2
362 374
1 3 2
717 542
1 3 2
177 354
1 10 2
31 291
1 15 2
125 48
1 4 2
36 745
1 4 2
498 1
1 14 2
432 175
1 2 2
687 575
1 3 2
760 240
1 6 2
110 542
1 11 2
569 81
1 8 2
738 710
1 9 2
798 597
1 10 2
498 667
1 10 2
391 547
1 12 2
772 725
1 10 2
661 631
1 12 2
280 352
1 4 2
176 47
1 3 2
798 82
1 12 2
222 387
1 6 2
324 306
1 2 2
85 494
1 8 2
513 416
1 9 2
610 44
1 13 2
431 656
1 13 2
782 44
1 14 2
6 557
1 6 2
680 532
1 11 2
711 375
1 9 2
373 608
1 9 2
679 368
1 9 2
713 510
1 11 2
331 68
1 2 2
333 658
1 12 2
498 541
1 3 2
771 477
1 7 2
692 116
1 6 2
108 594
1 6 2
214 539
1 15 2
305 17
1 15 2
62 651
1 12 2
118 605
1 3 2
273 264
1 10 2
30 483
1 3 2
539 216
1 5 2
699 709
1 13 2
134 285
1 7 2
597 531
1 8 2
420 405
1 15 2
9 90
1 3 2
684 134
1 3 2
342 413
1 11 2
709 653
1 2 2
403 531
1 2 2
692 654
1 12 2
722 476
1 15 2
204 462
1 6 2
780 65
1 14 2
744 573
1 11 2
541 234
1 6 2
351 47
1 7 2
57 241
1 11 2
200 745
1 3 2
670 399
1 9 2
444 266
1 15 2
417 597
1 2 2
540 123
1 9 2
27 295
1 6 2
666 115
1 2 2
726 6
1 4 2
638 27
1 7 2
187 180
1 9 2
741 38
1 11 2
457 135
1 13 2
167 494
1 4 2
30 440
1 5 2
485 189
1 6 2
798 658
1 15 2
168 384
1 6 2
139 728
1 9 2
698 221
1 5 2
699 246
1 8 2
189 136
1 14 2
710 48
1 8 2
68 606
1 8 2
608 358
1 7 2
626 604
1 8 2
402 38
1 14 2
609 346
1 7 2
90 605
1 6 2
114 401
1 4 2
567 412
1 11 2
628 592
1 3 2
112 175
1 14 2
227 19
1 11 2
305 589
1 13 2
421 176
1 4 2
62 681
1 11 2
578 163
1 3 2
765 15
1 10 2
617 793
1 7 2
382 560
1 8 2
615 531
1 3 2
64 661
1 4 2
83 772
1 5 2
94 448
1 8 2
379 159
1 7 2
459 174
1 3 2
161 636
1 9 2
392 62
1 2 2
448 317
1 7 2
107 402
1 12 2
522 476
1 5 2
518 566
1 15 2
473 601
1 7 2
330 634
1 11 2
41 259
1 2 2
605 124
1 12 2
348 562
1 9 2
145 702
1 6 2
775 257
1 3 2
34 72
1 3 2
730 396
1 9 2
670 769
1 6 2
742 191
1 4 2
706 365
1 14 2
495 731
1 8 2
776 213
1 4 2
201 666
1 6 2
414 502
1 5 2
592 348
1 13 2
666 796
1 3 2
366 495
1 13 2
544 503
1 8 2
744 221
1 11 2
464 605
1 11 2
238 331
1 11 2
725 497
1 3 2
83 216
1 4 2
438 274
1 12 2
567 386
1 6 2
399 58
1 15 2
756 258
1 5 2
522 366
1 9 2
242 793
1 13 2
574 765
1 12 2
674 409
1 11 2
244 468
1 8 2
184 568
1 4 2
140 8
1 5 2
237 317
1 4 2
193 508
1 3 2
711 779
1 6 2
96 438
1 14 2
304 292
1 14 2
703 578
1 3 2
235 172
1 13 2
236 336
1 14 2
226 280
1 8 2
36 88
1 13 2
336 87
1 15 2
186 382
1 8 2
546 662
1 10 2
75 318
1 7 2
91 718
1 14 2
697 339
1 3 2
12 78
1 4 2
242 293
1 6 2
202 730
1 14 2
709 766
1 11 2
482 772
1 2 2
735 471
1 6 2
483 455
1 14 2
105 248
1 10 2
281 543
1 13 2
572 50
1 3 2
366 350
1 2 2
664 713
1 6 2
487 766
1 2 2
126 360
1 4 2
207 576
1 6 2
49 140
1 15 2
54 763
1 13 2
523 135
1 10 2
639 52
1 5 2
131 236
1 5 2
247 98
1 15 2
680 540
1 8 2
320 434
1 11 2
722 209
1 10 2
706 300
1 8 2
167 187
1 5 2
257 152
1 5 2
85 413
1 13 2
499 745
1 10 2
115 60
1 6 2
206 58
1 7 2
524 586
1 15 2
516 163
1 2 2
676 545
1 5 2
154 254
1 15 2
796 482
1 14 2
222 44
1 10 2
631 372
1 9 2
173 260
1 2 2
144 618
1 15 2
765 228
1 10 2
465 86
1 13 2
582 148
1 9 2
575 370
1 2 2
176 59
1 5 2
498 528
1 8 2
585 703
1 11 2
414 753
1 3 2
204 154
1 11 2
319 56
1 9 2
707 638
1 7 2
584 274
1 5 2
556 235
1 4 2
432 129
1 15 2
166 301
1 8 2
763 683
1 14 2
762 134
1 9 2
335 376
1 6 2
572 210
1 14 2
663 487
1 11 2
439 71
1 7 2
166 220
1 12 2
251 12
1 14 2
154 0
1 11 2
484 445
1 12 2
440 451
1 11 2
106 632
1 12 2
705 772
1 4 2
161 25
1 5 2
108 322
1 5 2
148 435
1 14 2
677 549
1 7 2
410 443
1 6 2
231 175
1 2 2
246 635
1 10 2
695 271
1 6 2
44 269
1 15 2
757 12
1 2 2
720 98
1 14 2
117 611
1 9 2
483 248
1 10 2
634 231
1 2 2
564 354
1 12 2
321 368
1 4 2
680 492
1 6 2
400 329
1 9 2
171 540
1 2 2
152 305
1 3 2
471 436
1 8 2
623 702
1 4 2
687 116
1 11 2
478 768
1 10 2
745 633
1 2 2
353 445
1 2 2
375 710
1 7 2
74 120
1 3 2
170 346
1 6 2
333 78
1 11 2
460 201
1 6 2
119 278
1 4 2
714 62
1 5 2
633 162
1 2 2
726 514
1 2 2
247 55
1 5 2
619 235
1 11 2
566 266
1 4 2
725 258
1 6 2
605 557
1 3 2
18 205
1 5 2
450 570
1 11 2
574 69
1 15 2
610 69
1 6 2
151 489
1 5 2
129 371
1 10 2
788 206
1 10 2
440 769
1 12 2
283 627
1 5 2
299 433
1 7 2
463 253
1 8 2
430 607
1 12 2
525 481
1 15 2
538 21
1 13 2
222 240
1 11 2
132 489
1 13 2
705 550
1 13 2
711 646
1 15 2
242 23
1 6 2
142 602
1 15 2
383 430
1 13 2
508 217
1 10 2
37 223
1 5 2
253 503
1 12 2
527 118
1 10 2
46 426
1 13 2
150 568
1 11 2
466 720
1 3 2
643 0
1 11 2
138 77
1 4 2
577 534
1 10 2
227 240
1 6 2
612 234
1 2 2
103 752
1 14 2
493 736
1 6 2
457 27
1 7 2
795 91
1 6 2
762 396
1 12 2
506 734
1 8 2
717 364
1 15 2
375 402
1 9 2
205 714
1 11 2
411 231
1 13 2
375 235
1 12 2
461 306
1 3 2
786 197
1 8 2
451 72
1 12 2
38 630
1 12 2
256 570
1 8 2
513 349
1 3 2
277 307
1 15 2
103 433
1 13 2
43 371
1 11 2
163 410
1 10 2
200 224
1 5 2
630 575
1 7 2
681 160
1 11 2
181 488
1 13 2
777 382
1 9 2
136 622
1 9 2
99 423
1 4 2
140 234
1 11 2
67 504
1 7 2
369 480
1 15 2
117 294
1 15 2
319 253
1 15 2
777 411
1 11 2
226 791
1 9 2
362 569
1 4 2
516 189
1 3 2
266 115
1 11 2
504 567
1 5 2
650 402
1 9 2
237 397
1 7 2
280 664
1 15 2
744 258
1 13 2
29 708
1 6 2
72 344
1 10 2
444 409
1 7 2
776 598
1 4 2
626 225
1 11 2
657 597
1 2 2
481 310
1 5 2
13 567
1 14 2
594 504
1 8 2
188 407
1 6 2
83 1
1 12 2
308 88
1 5 2
138 488
1 5 2
207 484
1 7 2
204 783
1 12 2
476 77
1 3 2
231 435
1 2 2
37 212
1 3 2
198 692
1 6 2
350 322
1 4 2
502 534
1 12 2
476 107
1 7 2
488 437
1 14 2
781 402
1 3 2
767 194
1 12 2
115 408
1 9 2
429 757
1 11 2
650 427
1 13 2
297 171
1 9 2
112 551
1 12 2
219 623
1 2 2
615 245
1 14 2
585 483
1 11 2
504 296
1 3 2
779 285
1 4 2
367 460
1 11 2
286 408
1 13 2
572 259
1 9 2
516 176
1 10 2
765 689
1 6 2
786 530
1 14 2
510 229
1 8 2
602 484
1 3 2
722 248
1 13 2
774 779
1 6 2
703 409
1 8 2
369 49
1 11 2
659 76
1 6 2
239 210
1 7 2
783 534
1 3 2
583 328
1 6 2
174 173
1 7 2
686 599
1 7 2
82 541
1 11 2
209 657
1 15 2
292 132
1 4 2
243 530
1 13 2
252 18
1 4 2
794 498
1 6 2
344 578
1 14 2
702 514
1 3 2
29 784
1 8 2
623 533
1 8 2
382 528
1 14 2
734 14
1 3 2
272 186
1 3 2
290 646
1 10 2
768 408
1 7 2
792 655
1 12 2
593 331
1 11 2
630 164
1 2 2
396 92
1 2 2
191 183
1 6 2
434 490
1 11 2
491 91
1 2 2
714 229
1 7 2
780 314
1 4 2
107 141
1 14 2
763 569
1 10 2
75 135
1 6 2
290 516
1 6 2
327 673
1 7 2
650 173
1 8 2
200 628
1 15 2
648 350
1 10 2
316 679
1 4 2
144 71
1 3 2
767 694
1 5 2
355 447
1 13 2
27 793
1 12 2
631 724
1 5 2
658 682
1 3 2
185 129
1 14 2
583 45
1 15 2
683 784
1 4 2
711 264
1 6 2
152 499
1 2 2
209 689
1 11 2
691 723
1 15 2
523 577
1 3 2
101 416
1 11 2
526 577
1 6 2
731 82
1 13 2
355 264
1 4 2
634 233
1 11 2
682 669
1 14 2
297 298
1 7 2
367 664
1 15 2
243 438
1 11 2
491 22
1 10 2
249 658
1 11 2
380 291
1 15 2
68 63
1 5 2
188 376
1 9 2
771 640
1 14 2
344 750
1 15 2
727 701
1 8 2
209 375
1 12 2
593 647
1 5 2
613 758
1 5 2
486 287
1 13 2
432 505
1 6 2
451 749
1 4 2
140 428
1 8 2
621 795
1 9 2
483 27
1 11 2
227 152
1 4 2
283 301
1 6 2
526 699
1 12 2
101 658
1 9 2
353 568
1 4 2
752 448
1 8 2
506 9
1 15 2
451 505
1 12 2
479 128
1 8 2
17 424
1 15 2
81 332
1 14 2
45 193
1 9 2
170 374
1 13 2
121 295
1 6 2
125 71
1 13 2
408 505
1 5 2
453 470
1 3 2
747 396
1 10 2
39 507
1 15 2
0 510
1 6 2
722 197
1 9 2
794 36
1 2 2
163 696
1 9 2
215 352
1 4 2
445 737
1 3 2
292 585
1 14 2
425 495
1 12 2
323 375
1 11 2
263 303
1 11 2
682 257
1 7 2
272 608
1 7 2
557 114
1 11 2
225 605
1 8 2
22 709
1 8 2
385 567
1 12 2
290 481
1 7 2
428 795
1 13 2
786 218
1 2 2
649 313
1 5 2
43 594
1 14 2
406 54
1 12 2
218 718
1 6 2
677 779
1 15 2
734 450
1 9 2
719 327
1 2 2
235 391
1 6 2
50 132
1 5 2
766 356
1 5 2
765 111
1 8 2
170 787
1 2 2
417 39
1 8 2
326 105
1 15 2
9 371
1 11 2
672 463
1 12 2
68 63
1 3 2
358 172
1 15 2
272 616
1 8 2
92 117
1 2 2
123 401
1 4 2
773 175
1 10 2
196 89
1 6 2
100 716
1 11 2
180 298
1 3 2
267 461
1 8 2
242 389
1 10 2
752 227
1 6 2
608 37
1 5 2
688 315
1 8 2
628 218
1 4 2
704 422
1 6 2
9 531
1 5 2
267 770
1 11 2
43 737
1 7 2
133 757
1 11 2
743 359
1 4 2
777 261
1 13 2
361 573
1 5 2
482 328
1 2 2
690 796
1 6 2
252 246
1 10 2
554 45
1 6 2
233 179
1 8 2
435 429
1 8 2
380 503
1 3 2
705 119
1 15 2
147 270
1 5 2
159 321
1 15 2
250 786
1 7 2
240 38
1 6 2
602 71
1 7 2
116 698
1 2 2
15 743
1 11 2
759 294
1 5 2
592 246
1 13 2
314 85
1 9 2
9 763
1 13 2
488 174
1 15 2
48 701
1 12 2
58 591
1 3 2
53 234
1 10 2
609 557
1 6 2
618 126
1 4 2
133 15
1 7 2
581 642
1 2 2
61 273
1 6 2
695 492
1 13 2
19 773
1 9 2
245 14
1 4 2
321 520
1 6 2
687 565
1 6 2
70 402
1 12 2
798 292
1 5 2
289 432
1 15 2
49 646
1 2 2
604 263
1 12 2
464 583
1 2 2
75 661
1 8 2
146 447
1 2 2
340 329
1 6 2
120 118
1 8 2
654 498
1 3 2
128 365
1 5 2
349 110
1 2 2
349 95
1 2 2
21 448
1 14 2
191 643
1 5 2
192 393
1 12 2
88 257
1 8 2
506 605
1 3 2
121 307
1 13 2
610 737
1 2 2
481 399
1 13 2
321 789
1 3 2
711 601
1 6 2
759 254
1 14 2
511 470
1 6 2
763 336
1 8 2
438 625
1 13 2
23 620
1 14 2
340 612
1 2 2
161 765
1 2 2
533 39
1 9 2
395 428
1 6 2
339 771
1 2 2
212 529
1 6 2
550 0
1 13 2
103 98
1 12 2
506 479
1 11 2
514 179
1 2 2
703 361
1 15 2
423 491
1 8 2
441 297
1 2 2
122 379
1 11 2
17 363
1 4 2
583 470
1 15 2
775 744
1 12 2
732 17
1 10 2
182 47
1 7 2
453 270
1 8 2
389 239
1 12 2
551 503
1 9 2
643 319
1 5 2
303 717
1 4 2
197 0
1 11 2
220 483
1 4 2
419 159
1 2 2
62 510
1 5 2
504 749
1 8 2
666 200
1 8 2
422 17
1 12 2
492 515
1 15 2
620 639
1 11 2
547 706
1 8 2
192 612
1 3 2
168 83
1 2 2
427 319
1 6 2
547 323
1 14 2
183 21
1 3 2
295 470
1 9 2
348 555
1 13 2
315 272
1 4 2
699 286
1 7 2
630 250
1 5 2
298 716
1 11 2
403 782
1 8 2
256 203
1 13 2
599 784
1 13 2
160 641
1 7 2
670 676
1 15 2
143 27
1 10 2
796 179
1 9 2
537 96
1 10 2
0 40
1 13 2
684 186
1 4 2
510 181
1 12 2
30 306
1 4 2
753 124
1 2 2
738 350
1 11 2
293 382
1 2 2
462 229
1 13 2
158 30
1 15 2
688 504
1 14 2
38 777
1 11 2
309 263
1 3 2
503 237
1 10 2
109 663
1 10 2
683 718
1 7 2
259 572
1 8 2
166 618
1 11 2
768 642
1 2 2
788 765
1 2 2
24 448
1 7 2
669 783
1 14 2
316 378
1 9 2
419 96
1 14 2
481 447
1 10 2
265 523
1 10 2
33 644
1 10 2
78 13
1 4 2
650 117
1 12 2
411 242
1 10 2
208 726
1 3 2
707 309
1 14 2
177 385
1 5 2
709 469
1 3 2
191 501
1 6 2
473 271
1 12 2
313 457
1 4 2
163 50
1 8 2
7 771
1 13 2
216 579
1 4 2
367 693
1 13 2
320 357
1 5 2
747 719
1 5 2
103 487
1 7 2
757 478
1 10 2
505 543
1 6 2
444 525
1 13 2
476 37
1 14 2
507 265
1 6 2
619 796
1 12 2
135 502
1 12 2
20 36
1 5 2
155 706
1 11 2
629 168
1 11 2
707 250
1 2 2
545 502
1 7 2
301 457
1 10 2
330 778
1 12 2
403 203
1 15 2
546 133
1 8 2
102 599
1 7 2
387 37
1 4 2
204 795
1 6 2
276 474
1 9 2
547 783
1 11 2
796 262
1 10 2
31 380
1 10 2
476 716
1 5 2
211 155
1 7 2
315 520
1 3 2
125 513
1 2 2
521 266
1 10 2
164 644
1 11 2
393 410
1 5 2
681 748
1 12 2
696 48
1 3 2
551 223
1 13 2
124 405
1 5 2
8 756
1 10 2
759 89
1 5 2
508 39
1 11 2
566 283
1 5 2
307 584
1 4 2
42 227
1 8 2
127 20
1 5 2
188 53
1 14 2
635 501
1 6 2
138 471
1 10 2
521 390
1 3 2
584 575
1 7 2
105 564
1 6 2
380 460
1 13 2
160 218
1 5 2
767 498
1 5 2
139 699
1 11 2
400 733
1 13 2
615 174
1 10 2
264 678
1 2 2
641 460
1 14 2
508 7
1 6 2
586 96
1 12 2
482 405
1 12 2
709 270
1 7 2
221 303
1 11 2
55 176
1 6 2
313 234
1 4 2
733 59
1 3 2
786 190
1 14 2
373 406
1 8 2
195 421
1 12 2
654 17
1 14 2
109 695
1 6 2
310 758
1 14 2
320 163
1 3 2
148 251
1 9 2
476 58
1 8 2
549 43
1 7 2
159 608
1 5 2
576 129
1 13 2
614 342
1 5 2
284 53
1 5 2
365 555
1 15 2
108 775
1 14 2
753 513
1 9 2
66 729
1 2 2
53 62
1 12 2
334 87
1 9 2
16 503
1 12 2
325 116
1 9 2
762 708
1 6 2
563 382
1 12 2
311 244
1 15 2
259 389
1 14 2
538 113
1 7 2
640 16
1 4 2
678 389
1 8 2
13 576
1 7 2
405 238
1 5 2
543 481
1 9 2
74 689
1 9 2
314 517
1 8 2
297 729
1 5 2
409 163
1 2 2
369 119
1 14 2
465 371
1 4 2
309 85
1 13 2
376 194
1 8 2
311 493
1 13 2
11 783
1 6 2
81 603
1 6 2
741 506
1 10 2
525 62
1 6 2
607 117
1 3 2
426 415
1 13 2
71 92
1 14 2
25 728
1 14 2
224 292
1 13 2
508 540
1 10 2
406 347
1 14 2
306 218
1 11 2
482 54
1 14 2
260 412
1 6 2
734 640
1 13 2
620 777
1 11 2
558 745
1 3 2
765 350
1 6 2
356 683
1 14 2
227 335
1 15 2
110 481
1 9 2
418 112
1 13 2
192 54
1 4 2
406 685
1 7 2
645 517
1 3 2
696 706
1 8 2
122 150
1 10 2
597 443
1 6 2
403 491
1 13 2
533 514
1 13 2
587 278
1 12 2
285 573
1 13 2
242 631
1 11 2
742 153
1 3 2
394 699
1 4 2
445 161
1 4 2
92 214
1 2 2
183 610
1 5 2
777 395
1 3 2
482 489
1 10 2
86 330
1 15 2
396 360
1 15 2
146 20
1 9 2
182 799
1 4 2
512 223
1 11 2
135 262
1 11 2
79 748
1 12 2
121 546
1 3 2
258 344
1 5 2
457 186
1 15 2
291 107
1 7 2
13 232
1 11 2
429 440
1 2 2
92 566
1 6 2
703 317
1 4 2
740 108
1 6 2
536 317
1 13 2
11 660
1 12 2
27 74
1 14 2
711 676
1 9 2
447 617
1 12 2
509 329
1 5 2
746 350
1 12 2
775 779
1 8 2
2 339
1 14 2
616 149
1 13 2
751 587
1 4 2
219 681
1 10 2
266 380
1 14 2
410 286
1 14 2
158 48
1 10 2
398 686
1 12 2
16 712
1 4 2
330 422
1 13 2
239 724
1 15 2
640 321
1 13 2
172 598
1 9 2
172 621
1 14 2
373 386
1 9 2
386 722
1 12 2
89 507
1 13 2
239 444
1 14 2
16 7
1 8 2
90 285
1 14 2
547 595
1 6 2
344 471
1 15 2
64 305
1 13 2
710 450
1 2 2
770 127
1 14 2
651 311
1 12 2
740 290
1 2 2
41 177
1 3 2
147 162
1 5 2
591 735
1 12 2
711 667
1 11 2
747 691
1 8 2
570 154
1 14 2
703 600
1 11 2
722 182
1 5 2
518 628
1 11 2
657 610
1 10 2
636 513
1 5 2
794 349
1 13 2
305 760
1 4 2
452 780
1 11 2
260 653
1 6 2
775 360
1 9 2
198 170
1 10 2
588 589
1 6 2
140 759
1 10 2
724 774
1 13 2
263 396
1 9 2
101 773
1 10 2
460 717
1 15 2
176 691
1 9 2
314 719
1 9 2
389 291
1 2 2
665 197
1 4 2
317 683
1 12 2
15 74
1 3 2
215 89
1 10 2
677 203
1 12 2
48 266
1 9 2
173 96
1 13 2
181 650
1 9 2
162 336
1 6 2
526 574
1 13 2
157 760
1 14 2
678 492
1 6 2
461 527
1 14 2
43 657
1 15 2
540 465
1 12 2
190 558
1 7 2
245 30
1 2 2
261 1
1 7 2
477 791
1 12 2
160 248
1 12 2
756 59
1 12 2
91 225
1 5 2
16 533
1 9 2
110 157
1 8 2
343 509
1 7 2
493 402
1 14 2
377 735
1 5 2
479 769
1 5 2
506 492
1 14 2
738 375
1 2 2
415 347
1 2 2
756 461
1 4 2
393 78
1 10 2
401 134
1 5 2
22 521
1 13 2
692 661
1 5 2
66 69
1 6 2
375 764
1 9 2
379 535
1 12 2
446 706
1 13 2
347 671
1 6 2
729 198
1 4 2
34 46
1 14 2
121 552
1 10 2
267 298
1 6 2
293 165
1 4 2
694 285
1 13 2
435 369
1 10 2
638 289
1 13 2
466 262
1 11 2
330 656
1 13 2
638 734
1 6 2
164 113
1 3 2
126 780
1 9 2
451 231
1 6 2
75 28
1 11 2
113 757
1 8 2
537 96
1 8 2
28 487
1 9 2
371 630
1 12 2
382 83
1 5 2
334 509
1 2 2
7 642
1 11 2
495 606
1 12 2
71 126
1 10 2
632 658
1 14 2
364 621
1 4 2
413 762
1 13 2
754 425
1 9 2
729 114
1 11 2
638 443
1 14 2
704 333
1 5 2
625 473
1 12 2
159 381
1 13 2
237 26
1 15 2
561 471
1 5 2
515 256
1 6 2
548 368
1 9 2
54 30
1 3 2
31 754
1 3 2
298 395
1 6 2
93 578
1 9 2
773 669
1 2 2
30 733
1 4 2
575 228
1 6 2
623 183
1 8 2
93 24
1 6 2
96 635
1 13 2
760 408
1 15 2
433 487
1 9 2
571 211
1 5 2
388 422
1 12 2
56 487
1 11 2
199 410
1 14 2
61 594
1 11 2
725 139
1 11 2
172 572
1 13 2
82 551
1 15 2
514 178
1 13 2
510 473
1 14 2
500 784
1 8 2
19 131
1 3 2
152 201
1 6 2
338 759
1 6 2
267 793
1 3 2
382 479
1 5 2
276 115
1 13 2
596 518
1 7 2
576 107
1 10 2
615 178
1 12 2
3 479
1 12 2
431 338
1 10 2
411 614
1 2 2
778 174
1 9 2
644 307
1 10 2
540 229
1 4 2
483 92
1 14 2
215 260
1 4 2
474 584
1 11 2
161 314
1 10 2
111 527
1 11 2
66 5
1 15 2
719 207
1 12 2
451 685
1 14 2
33 99
1 12 2
621 258
1 5 2
682 704
1 3 2
614 504
1 3 2
282 365
1 14 2
188 313
1 3 2
522 473
1 8 2
487 495
1 11 2
734 141
1 7 2
795 236
1 2 2
231 14
1 8 2
595 199
1 5 2
407 625
1 8 2
726 585
1 4 2
304 711
1 11 2
790 586
1 2 2
133 631
1 12 2
291 661
1 7 2
362 184
1 15 2
303 788
1 5 2
99 278
1 10 2
330 53
1 14 2
727 721
1 7 2
399 196
1 3 2
673 520
1 7 2
682 525
1 12 2
586 353
1 5 2
243 75
1 3 2
368 428
1 7 2
190 691
1 8 2
510 768
1 2 2
104 224
1 3 2
139 220
1 14 2
754 18
1 8 2
678 220
1 12 2
356 238
1 4 2
698 611
1 3 2
591 363
1 13 2
618 192
1 12 2
382 359
1 8 2
689 461
1 15 2
605 725
1 8 2
398 651
1 4 2
142 272
1 4 2
92 633
1 9 2
109 299
1 12 2
685 174
1 2 2
361 270
1 15 2
149 219
1 6 2
498 618
1 10 2
734 393
1 2 2
401 588
1 6 2
620 505
1 14 2
194 259
1 5 2
510 368
1 11 2
716 558
1 4 2
238 559
1 5 2
377 152
1 2 2
183 330
1 8 2
783 354
1 14 2
787 520
1 12 2
634 28
1 4 2
557 118
1 6 2
495 388
1 2 2
212 786
1 3 2
291 194
1 11 2
577 426
1 7 2
789 447
1 11 2
740 412
1 6 2
136 562
1 10 2
721 158
1 10 2
587 464
1 14 2
49 253
1 12 2
755 200
1 13 2
100 501
1 4 2
9 267
1 12 2
517 356
1 8 2
278 424
1 12 2
42 653
1 12 2
498 154
1 4 2
508 390
1 2 2
780 328
1 8 2
684 488
1 9 2
735 242
1 3 2
282 10
1 8 2
755 615
1 4 2
694 152
1 13 2
359 743
1 8 2
724 85
1 13 2
258 476
1 15 2
651 142
1 4 2
256 724
1 14 2
510 198
1 2 2
388 424
1 2 2
399 570
1 9 2
556 653
1 13 2
249 403
1 9 2
723 358
1 8 2
406 551
1 6 2
50 648
1 13 2
120 561
1 15 2
798 654
1 10 2
527 657
1 12 2
505 429
1 6 2
101 652
1 3 2
46 764
1 15 2
692 301
1 10 2
466 388
1 6 2
762 25
1 5 2
372 271
1 9 2
462 230
1 3 2
50 465
1 10 2
755 572
1 7 2
643 368
1 4 2
620 563
1 12 2
362 92
1 8 2
40 86
1 2 2
2 574
1 8 2
613 426
1 13 2
745 606
1 10 2
485 461
1 9 2
785 765
1 15 2
737 724
1 12 2
446 645
1 10 2
493 769
1 11 2
642 598
1 10 2
639 173
1 6 2
142 430
1 3 2
233 345
1 2 2
604 758
1 15 2
515 777
1 8 2
311 494
1 4 2
67 626
1 9 2
30 219
1 5 2
796 76
1 9 2
697 222
1 7 2
287 118
1 11 2
81 383
1 7 2
516 547
1 8 2
723 554
1 13 2
171 411
1 15 2
667 747
1 11 2
342 671
1 12 2
485 99
1 3 2
587 181
1 4 2
333 361
1 14 2
783 556
1 7 2
486 440
1 13 2
700 163
1 5 2
680 665
1 6 2
462 510
1 6 2
775 520
1 4 2
303 93
1 13 2
164 474
1 6 2
627 666
1 10 2
238 767
1 11 2
654 437
1 5 2
692 787
1 3 2
213 349
1 13 2
405 563
1 8 2
507 199
1 7 2
77 331
1 3 2
281 387
1 11 2
458 316
1 7 2
153 478
1 14 2
435 360
1 6 2
216 384
1 12 2
86 546
1 3 2
559 296
1 7 2
593 149
1 12 2
765 32
1 9 2
537 740
1 5 2
479 460
1 2 2
324 482
1 2 2
16 79
1 11 2
314 396
1 7 2
685 337
1 13 2
411 278
1 2 2
695 626
1 15 2
608 478
1 4 2
175 594
1 10 2
505 597
1 7 2
257 711
1 5 2
473 547
1 15 2
696 358
1 12 2
459 593
1 9 2
208 129
1 4 2
382 724
1 5 2
148 206
1 5 2
474 161
1 8 2
697 153
1 12 2
309 675
1 8 2
562 272
1 14 2
25 507
1 9 2
284 79
1 6 2
475 749
1 9 2
547 80
1 3 2
141 627
1 9 2
774 393
1 10 2
507 582
1 15 2
420 132
1 14 2
100 788
1 4 2
563 274
1 4 2
236 579
1 12 2
338 59
1 14 2
764 446
1 5 2
467 462
1 13 2
205 279
1 13 2
360 34
1 8 2
736 704
1 9 2
440 568
1 12 2
461 797
1 3 2
726 353
1 2 2
417 446
1 6 2
361 737
1 6 2
160 106
1 2 2
468 496
1 13 2
314 595
1 2 2
727 774
1 15 2
205 264
1 5 2
486 632
1 11 2
591 449
1 7 2
669 415
1 2 2
588 191
1 13 2
186 208
1 14 2
373 606
1 6 2
171 595
1 4 2
70 168
1 13 2
243 65
1 13 2
260 655
1 15 2
411 759
1 11 2
100 108
1 10 2
606 573
1 14 2
758 190
1 12 2
797 46
1 9 2
27 603
1 15 2
600 171
1 11 2
384 572
1 2 2
788 588
1 10 2
203 108
1 8 2
205 41
1 9 2
212 297
1 11 2
757 199
1 6 2
140 667
1 11 2
360 758
1 14 2
434 228
1 4 2
425 167
1 2 2
375 263
1 8 2
797 4
1 14 2
560 227
1 11 2
123 114
1 2 2
643 265
1 13 2
384 441
1 12 2
695 674
1 7 2
504 32
1 11 2
344 23
1 5 2
119 72
1 14 2
764 364
1 13 2
394 649
1 4 2
412 734
1 8 2
779 599
1 14 2
258 756
1 8 2
46 96
1 6 2
633 188
1 6 2
112 605
1 4 2
46 270
1 2 2
209 495
1 15 2
475 512
1 15 2
322 172
1 15 2
440 42
1 10 2
439 519
1 12 2
358 168
1 12 2
636 180
1 2 2
315 378
1 4 2
251 153
1 10 2
32 596
1 3 2
571 442
1 13 2
438 655
1 12 2
761 153
1 10 2
772 124
1 13 2
521 395
1 7 2
177 276
1 8 2
525 197
1 15 2
313 772
1 4 2
651 637
1 3 2
336 132
1 11 2
664 353
1 11 2
638 625
1 4 2
358 86
1 5 2
205 441
1 2 2
368 392
1 3 2
125 682
1 13 2
98 616
1 3 2
323 491
1 13 2
36 574
1 12 2
705 524
1 12 2
518 534
1 4 2
487 244
1 15 2
327 114
1 8 2
382 4
1 4 2
141 605
1 5 2
643 244
1 2 2
343 262
1 10 2
765 395
1 11 2
166 153
1 9 2
315 742
1 15 2
683 6
1 8 2
311 243
1 5 2
54 701
1 15 2
778 679
1 6 2
465 367
1 12 2
748 115
1 11 2
137 466
1 9 2
755 357
1 10 2
563 701
1 11 2
563 316
1 9 2
626 272
1 5 2
594 334
1 14 2
611 503
1 10 2
767 196
1 2 2
347 73
1 14 2
282 583
1 9 2
538 88
1 11 2
726 422
1 8 2
150 189
1 5 2
571 665
1 8 2
659 555
1 4 2
514 118
1 12 2
440 263
1 3 2
594 653
1 11 2
718 115
1 3 2
790 586
1 8 2
501 299
1 13 2
629 495
1 13 2
714 279
1 13 2
526 269
1 5 2
516 482
1 10 2
592 596
1 14 2
509 555
1 14 2
471 658
1 9 2
172 314
1 15 2
372 738
1 14 2
57 321
1 11 2
676 619
1 8 2
544 375
1 2 2
693 657
1 11 2
201 366
1 10 2
275 638
1 12 2
433 171
1 11 2
149 794
1 9 2
219 187
1 12 2
382 466
1 8 2
763 626
1 9 2
329 251
1 3 2
776 229
1 9 2
637 781
1 2 2
456 242
1 7 2
394 532
1 11 2
222 219
1 7 2
609 516
1 15 2
380 228
1 9 2
591 760
1 6 2
132 332
1 9 2
391 352
1 2 2
722 375
1 12 2
695 251
1 10 2
735 699
1 9 2
378 127
1 10 2
290 630
1 2 2
586 241
1 3 2
69 348
1 2 2
68 796
1 10 2
265 6
1 5 2
364 660
1 4 2
768 583
1 6 2
248 142
1 3 2
29 57
1 14 2
756 282
1 7 2
352 318
1 11 2
29 463
1 12 2
648 406
1 3 2
188 54
1 5 2
554 400
1 2 2
605 678
1 12 2
51 484
1 11 2
74 302
1 12 2
659 434
1 4 2
332 53
1 5 2
668 630
1 8 2
610 261
1 4 2
375 220
1 3 2
766 449
1 7 2
388 15
1 5 2
385 518
1 11 2
595 459
1 14 2
13 22
1 11 2
376 349
1 8 2
21 190
1 11 2
519 580
1 5 2
105 376
1 12 2
15 734
1 8 2
47 81
1 7 2
355 152
1 7 2
39 694
1 11 2
279 401
1 9 2
585 18
1 3 2
585 331
1 5 2
83 495
1 8 2
258 769
1 14 2
154 228
1 14 2
245 57
1 5 2
761 555
1 11 2
231 480
1 13 2
90 742
1 6 2
19 730
1 4 2
315 351
1 2 2
560 336
1 6 2
19 482
1 13 2
497 622
1 4 2
707 511
1 9 2
2 182
1 12 2
751 480
1 6 2
295 153
1 12 2
163 766
1 9 2
399 761
1 13 2
139 7
1 8 2
579 748
1 15 2
96 723
1 5 2
508 693
1 3 2
691 471
1 8 2
104 545
1 2 2
425 239
1 4 2
701 797
1 15 2
663 364
1 15 2
662 101
1 10 2
297 332
1 5 2
70 369
1 8 2
608 504
1 6 2
209 212
1 9 2
211 346
1 2 2
191 640
1 14 2
616 710
1 12 2
395 446
1 2 2
573 507
1 4 2
615 685
1 13 2
334 341
1 3 2
669 777
1 12 2
651 661
1 12 2
373 611
1 11 2
423 432
1 5 2
33 252
1 6 2
396 776
1 9 2
4 301
1 11 2
262 220
1 4 2
79 653
1 12 2
434 795
1 13 2
765 243
1 6 2
550 616
1 12 2
127 534
1 3 2
203 574
1 3 2
54 377
1 8 2
402 289
1 4 2
603 72
1 13 2
369 432
1 10 2
578 781
1 7 2
8 44
1 13 2
427 2
1 5 2
566 152
1 12 2
449 94
1 7 2
330 395
1 7 2
468 124
1 5 2
45 439
1 7 2
587 563
1 7 2
634 242
1 5 2
617 369
1 7 2
345 285
1 13 2
7 362
1 10 2
441 372
1 15 2
256 574
1 11 2
116 415
1 2 2
304 765
1 12 2
736 658
1 7 2
37 254
1 6 2
666 480
1 8 2
440 302
1 6 2
162 533
1 15 2
177 748
1 14 2
755 592
1 7 2
513 654
1 14 2
766 345
1 7 2
511 298
1 12 2
103 298
1 9 2
697 182
1 2 2
119 64
1 14 2
442 475
1 15 2
46 119
1 10 2
182 342
1 6 2
776 795
1 13 2
366 251
1 10 2
633 512
1 9 2
627 792
1 3 2
663 25
1 3 2
543 172
1 3 2
590 196
1 9 2
91 105
1 9 2
319 478
1 2 2
489 538
1 3 2
642 87
1 11 2
176 236
1 14 2
267 609
1 5 2
367 1
1 11 2
327 40
1 6 2
315 243
1 6 2
482 747
1 13 2
131 667
1 11 2
58 462
1 2 2
708 659
1 12 2
602 610
1 4 2
618 548
1 6 2
768 340
1 8 2
519 669
1 10 2
611 412
1 8 2
569 233
1 2 2
46 489
1 10 2
255 274
1 15 2
70 40
1 12 2
740 144
1 3 2
76 483
1 12 2
776 45
1 11 2
147 368
1 8 2
727 277
1 2 2
690 84
1 7 2
172 316
1 15 2
359 68
1 4 2
74 290
1 8 2
598 216
1 13 2
562 550
1 9 2
91 2
1 14 2
148 331
1 11 2
732 461
1 14 2
81 246
1 6 2
439 772
1 15 2
586 601
1 9 2
344 422
1 2 2
416 467
1 11 2
34 346
1 11 2
202 747
1 15 2
85 412
1 14 2
329 716
1 3 2
664 635
1 6 2
27 742
1 11 2
85 94
1 4 2
139 527
1 8 2
155 663
1 15 2
510 787
1 12 2
182 181
1 5 2
150 351
1 12 2
242 83
1 6 2
284 234
1 8 2
9 434
1 11 2
729 724
1 13 2
614 134
1 12 2
745 616
1 13 2
490 798
1 3 2
216 762
1 12 2
253 473
1 2 2
469 415
1 7 2
793 587
1 12 2
255 309
1 15 2
128 589
1 2 2
29 703
1 4 2
194 798
1 8 2
187 180
1 3 2
488 358
1 14 2
361 136
1 12 2
107 551
1 4 2
325 506
1 6 2
158 308
1 11 2
84 744
1 10 2
329 148
1 10 2
264 477
1 12 2
410 188
1 3 2
783 545
1 10 2
610 521
1 14 2
320 44
1 11 2
601 331
1 14 2
40 360
1 9 2
386 35
1 15 2
368 391
1 3 2
726 52
1 8 2
171 585
1 8 2
443 498
1 12 2
200 225
1 15 2
765 506
1 8 2
174 535
1 13 2
673 219
1 5 2
128 400
1 6 2
453 170
1 5 2
618 484
1 12 2
240 675
1 15 2
381 715
1 14 2
251 333
1 10 2
328 266
1 7 2
137 442
1 6 2
779 534
1 3 2
420 327
1 13 2
449 269
1 2 2
461 419
1 14 2
38 244
1 10 2
341 156
1 13 2
423 393
1 13 2
610 737
1 9 2
334 689
1 9 2
743 383
1 12 2
416 786
1 10 2
686 405
1 6 2
390 446
1 6 2
654 86
1 6 2
265 613
1 2 2
137 742
1 9 2
626 145
1 10 2
343 97
1 7 2
507 635
1 7 2
486 410
1 10 2
142 738
1 2 2
86 474
1 12 2
34 391
1 14 2
783 74
1 15 2
437 324
1 14 2
630 651
1 10 2
10 379
1 12 2
611 439
1 4 2
699 766
1 6 2
398 431
1 6 2
256 405
1 13 2
278 180
1 10 2
430 28
1 13 2
83 740
1 5 2
43 480
1 2 2
312 467
1 12 2
441 479
1 13 2
510 388
1 11 2
650 471
1 14 2
278 4
1 14 2
88 294
1 8 2
543 698
1 11 2
247 612
1 5 2
360 256
1 10 2
139 41
1 6 2
217 659
1 12 2
648 202
1 10 2
770 387
1 14 2
250 616
1 10 2
25 74
1 12 2
593 743
1 3 2
693 772
1 2 2
166 291
1 15 2
366 192
1 9 2
372 125
1 15 2
72 789
1 10 2
662 605
1 4 2
597 279
1 9 2
549 776
1 12 2
336 771
1 6 2
311 498
1 4 2
298 705
1 15 2
771 701
1 5 2
347 688
1 5 2
518 538
1 6 2
118 161
1 4 2
246 47
1 6 2
624 299
1 3 2
368 450
1 12 2
350 20
1 14 2
500 797
1 4 2
694 502
1 9 2
625 748
1 4 2
435 583
1 9 2
152 639
1 8 2
4 132
1 4 2
62 459
1 9 2
759 327
1 4 2
511 131
1 2 2
394 22
1 3 2
390 217
1 8 2
464 56
1 12 2
184 408
1 10 2
359 344
1 9 2
669 679
1 7 2
428 641
1 11 2
438 337
1 13 2
647 49
1 11 2
788 253
1 10 2
235 62
1 5 2
645 519
1 7 2
355 301
1 14 2
667 710
1 2 2
572 383
1 11 2
589 296
1 3 2
363 196
1 13 2
309 340
1 2 2
264 635
1 2 2
108 742
1 14 2
622 284
1 4 2
396 740
1 12 2
335 657
1 3 2
542 496
1 14 2
754 62
1 12 2
744 424
1 3 2
692 772
1 7 2
652 683
1 7 2
309 466
1 2 2
368 166
1 9 2
569 509
1 11 2
781 31
1 11 2
221 233
1 2 2
246 611
1 14 2
289 121
1 14 2
72 357
1 14 2
145 776
1 7 2
434 480
1 5 2
262 307
1 10 2
193 434
1 12 2
455 350
1 12 2
92 579
1 6 2
468 614
1 12 2
207 673
1 11 2
572 369
1 2 2
510 211
1 10 2
99 315
1 7 2
769 414
1 15 2
591 752
1 10 2
637 744
1 12 2
275 626
1 10 2
679 634
1 10 2
399 324
1 2 2
448 390
1 9 2
798 13
1 13 2
161 706
1 4 2
297 465
1 7 2
29 212
1 2 2
325 634
1 15 2
241 233
1 8 2
401 77
1 15 2
291 326
1 7 2
690 590
1 15 2
96 447
1 14 2
12 733
1 8 2
264 107
1 6 2
340 55
1 5 2
102 714
1 3 2
478 260
1 5 2
645 550
1 9 2
302 116
1 2 2
80 253
1 6 2
698 504
1 7 2
75 403
1 2 2
500 105
1 8 2
155 602
1 5 2
352 316
1 11 2
785 11
1 7 2
773 516
1 10 2
566 690
1 2 2
98 194
1 15 2
787 513
1 2 2
568 47
1 9 2
92 755
1 14 2
712 288
1 13 2
377 469
1 5 2
769 312
1 14 2
738 399
1 10 2
233 281
1 3 2
337 140
1 13 2
326 772
1 12 2
603 29
1 11 2
255 641
1 3 2
362 470
1 8 2
702 105
1 12 2
404 106
1 2 2
669 630
1 15 2
663 634
1 10 2
629 577
1 13 2
594 773
1 9 2
609 512
1 5 2
169 689
1 4 2
566 399
1 7 2
388 713
1 6 2
681 529
1 13 2
687 3
1 11 2
264 424
1 5 2
29 599
1 4 2
586 105
1 13 2
45 768
1 2 2
326 556
1 12 2
634 183
1 3 2
393 165
1 14 2
642 552
1 4 2
683 445
1 15 2
512 35
1 10 2
604 277
1 10 2
252 28
1 13 2
636 327
1 6 2
198 463
1 14 2
408 138
1 9 2
297 85
1 10 2
279 393
1 6 2
160 561
1 10 2
378 278
1 12 2
720 29
1 12 2
528 230
1 5 2
497 260
1 15 2
571 316
1 5 2
169 43
1 9 2
622 600
1 3 2
562 80
1 9 2
312 121
1 7 2
398 436
1 15 2
533 434
1 14 2
341 578
1 8 2
197 556
1 7 2
150 341
1 2 2
578 114
1 9 2
436 627
1 14 2
570 538
1 8 2
533 777
1 10 2
535 667
1 4 2
327 21
1 13 2
299 206
1 6 2
277 650
1 10 2
178 679
1 2 2
557 498
1 8 2
561 199
1 10 2
184 656
1 7 2
412 534
1 8 2
148 125
1 4 2
502 368
1 15 2
406 347
1 6 2
187 685
1 10 2
115 795
1 15 2
375 506
1 13 2
777 61
1 14 2
226 55
1 2 2
327 617
1 7 2
309 681
1 5 2
321 667
1 2 2
556 787
1 8 2
159 9
1 11 2
201 316
1 9 2
630 202
1 7 2
582 458
1 10 2
635 345
1 6 2
551 53
1 9 2
83 220
1 15 2
512 797
1 15 2
234 258
1 6 2
52 503
1 3 2
742 614
1 8 2
215 627
1 11 2
274 51
1 5 2
359 133
1 14 2
220 243
1 15 2
113 9
1 14 2
51 288
1 8 2
769 298
1 8 2
697 18
1 2 2
729 449
1 9 2
131 388
1 3 2
570 6
1 8 2
361 617
1 11 2
317 163
1 12 2
737 606
1 8 2
37 43
1 9 2
98 303
1 8 2
593 21
1 10 2
316 391
1 12 2
52 497
1 10 2
259 118
1 4 2
284 788
1 2 2
389 334
1 4 2
597 206
1 7 2
154 264
1 5 2
59 405
1 12 2
699 798
1 13 2
214 755
1 11 2
650 110
1 15 2
629 602
1 6 2
108 617
1 2 2
701 639
1 7 2
112 472
1 2 2
206 761
1 12 2
639 441
1 15 2
147 616
1 7 2
539 419
1 9 2
190 413
1 4 2
307 515
1 4 2
105 421
1 7 2
299 282
1 11 2
256 314
1 10 2
335 552
1 15 2
125 722
1 4 2
1 237
1 8 2
301 74
1 6 2
223 318
1 6 2
487 509
1 2 2
19 142
1 9 2
566 601
1 11 2
145 197
1 7 2
745 760
1 10 2
602 635
1 12 2
557 303
1 15 2
126 81
1 5 2
492 331
1 9 2
634 641
1 5 2
260 107
1 12 2
161 478
1 15 2
82 624
1 8 2
238 305
1 5 2
469 302
1 13 2
238 73
1 4 2
36 609
1 2 2
583 585
1 5 2
514 701
1 4 2
357 539
1 10 2
564 634
1 7 2
351 154
1 5 2
294 624
1 5 2
266 405
1 3 2
557 318
1 9 2
105 704
1 7 2
287 163
1 9 2
382 511
1 13 2
394 98
1 12 2
77 762
1 6 2
392 798
1 10 2
611 371
1 10 2
117 674
